0.96034
-4.27731
-0.5555
-1.3048
-1.24652
1.01369
1.4876
0.03208
-0.1626
2.23992
-0.0025
0.012893
3.544737
-1.963323
1.6062
-1.5585
-0.9246
0.1511
1.1623
0.3646
-0.4241
-1.603546
-1.3819
-3.62929
0.006055
-1.182
-0.276114
-1.3022
1.0746
-1.78195
-3.355273
4.0049
-0.156733
-0.6714
0.843125
-0.217506
-1.42029
-1.62363
-1.0629
-0.2742
-2.288583
-1.2374
-1.643166
1.60098
-0.0468
0.073671
-1.271999
2.26111
0.3306
1.8016
-0.7608
-0.4198
-0.8741
0.11015
0.1317
-1.06125
0.21782
3.7424
-0.7226
3.6554
3.5903
-1.08621
0.9619
-0.5713
-0.31026
-9.064434
0.67476
2.9793
-1.6266
-1.685
0.0043
-1.22799
0.8695
-1.228196
-1.2077
-1.7696
0.3423
NA
0.8747
-0.67278
2.926831
1.8091
0.2886
-1.555763
3.7764
0.4802
-0.202903
-0.7099
-2.1704
-2.4092
-6.06858
3.42994
-1.0885
-0.1457
-0.1599
1.2558
4.224487
0.608149
-0.75866
1.7657
0.8827
0.4916
-1.8971
1.12772
2.31
2.4095
0.98513
-1.8694
-1.152903
-1.8858
0.5912
-0.3292
3.35919
-0.0571
2.092839
0.7284
-0.147582
0.220111
1.41576
-0.5693
0.81261
-4.5296
0.7019
-0.10904
-0.15
1.408539
-0.3471
-0.43095
-0.6903
-3.02064
-0.8749
0.772733
-2.1993
2.3188
0.7445
0.61534
2.76118
-0.71619
-0.82387
2.43833
-4.521285
0.27769
0.83826
0.70732
NA
-1.3804
-2.41849
1.2594
0.919344
0.1318
0.2826
-0.58078
-2.164332
NA
1.85227
1.3981
2.4443
-1.725723
1.1383
1.50117
-1.125
-2.2964
-1.925
0.3624
2.393893
0.10959
0.907
-0.65631
-0.91065
-2.85895
0.377986
0.16051
0.1664
-0.4379
0.6798
2.0294
0.0749
-1.2019
-0.9283
-0.60179
1.048
0.4051
1.1977
2.18827
0.09207
1.245674
-0.630929
2.63198
-1.7453
-0.058
-0.6751
-3.5482
1.345315
-0.3646
-0.78317
0.02359
0.2217
-2.26068
11.6964
0.8835
-1.7125
-1.9935
1.28598
0.487489
-0.4909
1.71685
0.8171
-1.5919
-1.07526
0.82146
2.0149
-2.95145
-0.22147
-3.36752
-0.7422
-0.2423
0.13338
-0.922482
-2.10263
-0.5804
-0.1749
-1.4067
-1.17242
-1.6341
-0.1894
-1.48832
1.2114
-0.30977
-1.19961
-0.9841
0.2788
0.78743
-1.6651
-0.16617
0.6413
5.1114
2.18469
-0.6998
1.2776
-1.47474
-1.311
-0.54599
2.99584
0.285788
-2.553
-0.5458
1.2305
-2.1696
1.5683
-1.4958
-1.266
-0.2488
0.618
-0.6183
0.902422
-1.4379
0.83972
-0.710584
2.319297
-2.1851
1.043171
0.9037
-1.79149
2.1679
0.4656
0.9658
10.627871
-1.753658
3.57654
-1.76897
1.53253
-10.7137
1.045
-0.5197
1.5379
-1.53691
-3.8176
-0.6119
-0.8093
-1.2945
0.9587
1.13422
1.6384
-0.18086
-2.0992
0.1985
3.444072
-1.3074
0.5743
0.85843
-0.6656
-0.10416
-1.43318
-1.72924
0.21024
0.0843
NA
-0.5406
1.6988
-0.6476
0.39894
-3.96402
-0.098
-0.456372
1.673
0.205
-1.12343
1.8666
-1.913556
-0.935526
-0.583904
15.81257
1.5247
2.760984
-0.060212
-1.01515
2.002815
-1.450189
1.99394
-0.737
0.6832
-0.2045
-2.6429
0.10633
-2.38521
0.64649
-3.02064
2.3233
0.52507
-0.57008
0.57197
1.3257
-0.2726
0.1765
-0.414622
-0.8607
0.0038
-0.6854
-0.4005
1.227432
-0.31051
0.317
1.4307
-2.20808
-0.44739
5.243542
1.5916
0.908953
0.0492
1.4253
0.591967
-0.6555
6.725
-0.7968
-2.8359
-1.388
1.7361
-2.844
0.242
-0.1078
0.23584
-0.0122
-0.394
0.1367
-1.0109
-2.9651
-0.002553
-0.1505
-0.1399
-1.39338
1.67332
-1.984
0.5303
2.53716
0.21286
-0.71587
-1.2129
0.6778
0.826286
1.32918
-0.2203
-2.0561
2.2177
-0.32886
0.9489
-0.66272
0.7528
-1.4644
-1.23741
-0.36955
-0.314624
4.764473
-1.0935
1.54248
-1.22
0.2897
-0.6287
0.2987
-0.911985
-7.06456
0.202977
7.11221
-1.155636
-1.1758
-1.56178
-0.97437
5.24552
0.90669
-2.7373
0.862
0.23738
-0.409346
-3.23366
0.5463
0.9941
-1.678848
1.2476
-2.476181
-0.443601
0.81963
1.011064
3.745341
0.17573
6.430691
-1.4964
0.434
2.10284
-3.17687
-2.376
2.30069
2.5454
NA
NA
-0.8259
1.45293
-2.7081
-3.91602
0.7639
-2.5357
0.628
1.018728
1.8795
-1.4308
-0.9602
-1.405671
0.000955
1.55353
0.33379
-0.1691
0.54522
-0.04468
-1.99843
-1.8494
-1.4204
0.5511
0.8295
-2.9207
1.9162
-1.4953
-0.4628
1.47116
1.043
-1.0977
-0.9566
1.5181
-1.4414
0.2627
0.30268
0.9733
-0.79449
0.35186
-1.25
1.16843
2.4337
0.5297
-1.005637
-4.5574
-1.6873
2.29323
-0.6535
2.7394
-0.3367
-0.8026
-0.8221
-0.602
1.0789
-0.363
1.1765
-1.5377
0.285382
1.0655
0.05944
-1.5272
-0.024852
-0.5779
0.3885
-8.65972
-2.5817
0.7549
-0.7897
-1.7626
-2.416608
0.2865
1.2573
1.1779
0.229963
-0.636856
1.3769
0.36
-0.3811
0.837
0.2664
0.8404
-0.988338
-1.779851
-1.934
2.64756
-0.9113
2.118097
0.645
-1.731485
-1.823869
-0.524178
0.821468
-0.149829
0.915557
0.779272
-0.1899
-0.540762
-0.9848
-0.2772
0.3107
1.545838
0.205599
-9.04123
1.1287
0.3663
0.724739
-1.4624
0.681
0.7159
0.1636
0.3793
1.29
-0.337133
1.5844
1.0011
1.2948
-0.6492
-1.0131
-0.66742
-1.6118
1.953566
0.8788
-0.63418
0.5594
0.786
0.3304
0.4087
-2.5062
-0.7191
-0.483872
0.2041
0.004312
0.483453
-0.092
0.002202
2.241475
0.9724
-0.48237
0.5212
0.235007
0.7926
-4.36148
-1.9088
-1.3537
-1.1709
-1.0475
-0.3701
0.7401
-0.6503
-0.7866
1.68692
0.161784
0.724332
0.0478
-1.08307
-1.2174
-0.8291
0.8465
-1.36573
0.51002
-0.23141
-1.0698
0.378999
-0.9021
-4.3333
0.67031
0.2617
-0.00965
-1.1329
NA
1.06184
-0.8579
3.9524
1.1118
1.60312
2.0598
-3.3445
2.6364
-2.3549
2.6066
-0.1621
1.9996
2.9119
-0.53784
0.6289
-0.8732
2.7946
-1.19308
0.991
0.5088
-0.19811
-2.34969
1.16928
-0.43624
-0.0171
-1.5551
-1.06845
-0.92423
0.91506
1.07667
3.11068
-1.14243
0.97527
1.3979
0.26195
-1.60532
0.77091
1.2066
-1.89313
-0.3537
-2.60831
3.66604
-1.57587
-0.53634
-15.07131
2.0366
16.06899
-1.53962
1.3042
1.34869
0.23015
4.00431
3.32526
0.09755
0.58929
-0.34591
0.20647
0.94758
0.49424
-1.3911
-0.14465
-4.09721
-0.87902
-1.637
0.55207
1.97161
-0.89864
-2.0282
-1.2419
0.1541
1.15102
1.6952
2.21286
-1.18665
-0.85118
-0.27666
-1.1532
2.27631
0.62553
-0.8739
1.3481
1.72208
0.9985
-2.14817
-1.73723
4.1301
4.71026
0.3589
-1.9552
-1.13628
1.07
0.0134
0.5795
-2.0036
0.366
0.9323
-1.3831
-1.6093
1.2802
-1.5208
1.1328
-0.6792
0.8277
-2.2401
1.251
-1.1126
1.3202
-0.3403
0.3843
-1.9093
-0.0374
2.4647
1.5992
-0.0924
-1.5091
1.6831
0.1536
-1.7184
0.5044
-2.1399
0.3263
-1.423
1.021954
-2.547188
1.214168
-1.504798
0.292948
-1.216946
-0.2555
0.0762
2.099446
-0.2345
1.4963
-0.333181
0.2556
-3.606405
0.493767
2.0936
0.916404
-0.637256
0.555253
0.7177
4.133132
2.5187
0.916874
-0.241207
0.10226
-1.1262
0.513704
-0.308618
-3.935399
0.420774
0.804287
3.5576
-1.837966
-1.548114
2.225914
-5.839742
0.568745
0.291556
0.305818
0.297551
0.370569
-2.308315
0.2427
2.6353
0.2821
0.9369
0.7339
-0.869
3.1187
2.1571
-0.1735
2.3835
-2.6263
-4.2292
3.8041
-1.0166
-1.555
-0.5919
-1.305
0.8906
-0.0305
-0.7768
-1.6006
2.2313
-0.326
-0.7694
-1.6475
-2.8652
-0.4142
0.6765
-0.9693
0.0152
-0.4917
-0.5277
1.7347
-0.1583
0.3263
1.4632
0.852
0.0342
-1.674
2.5904
-0.9492
2.4178
0.3202
0.2009
0.1847
-1.4579
-1.2341
-0.3584
-1.491
1.1792
0.234
0.7408
-1.2997
1.9021
-0.7237
-0.2224
2.9839
-0.032
0.5342
0.8575
-0.6333
-3.4364
-1.0642
3.5322
0.3411
-0.3633
1.598
0.0018
2.0864
-2.1157
0.7503
-0.11512
-3.53131
-1.40241
1.29926
0.69302
0.8328
-0.48129
0.1344
2.45164
4.46676
2.2028
-2.41957
0.37375
-0.0862
1.1775
0.35193
-0.39955
-0.49407
0.2412
-3.66027
-1.1261
6.16675
0.05305
-0.28974
2.17903
-0.41756
0.6933
-1.2768
0.64905
0.24336
5.4809
-3.8437
-0.8073
-0.8011
1.1539
-0.8941
1.1003
1.6407
0.169
1.4648
1.1615
-0.4599
0.6534
-0.0595
0.561
0.0283
-2.603
-1.11
0.8004
0.2408
0.1459
0.5939
-1.7715
-1.939
2.0612
1.218
0.2684
-3.3231
-2.4756
-0.5595
-2.0657
-0.8348
0.2898
-0.3529
0.4788
0.816
0.5925
0.3689
1.7682
-0.5196
0.7108
1.3078
3.4279
1.3823
2.8337
-0.3978
-1.4269
0.1533
-0.519
1.1297
0.9648
-1.3832
-0.1529
2.1175
1.9056
-2.3611
1.8994
0.2605
-0.7107
1.5128
4.7561
2.9361
3.8487
1.1135
1.2644
-0.6541
-2.6308
-1.3914
-0.279
-1.1372
-0.5073
-0.736987
-1.213179
-0.001431
0.215009
-2.190188
-1.0068
-0.741584
-0.2597
0.315742
0.055265
-0.387126
1.673029
0.345612
1.2205
1.147507
-0.94902
0.627229
-0.950044
-1.156811
-0.034643
0.078984
-3.534026
-1.765453
0.040199
1.3148
-1.306508
-0.783118
-0.1103
-0.614115
-1.1019
0.576059
-0.981047
0.14356
0.52386
1.974022
-0.068576
-1.11813
-1.2211
0.3213
-0.482089
-0.2841
0.195259
1.3007
-0.72702
1.49621
-1.430124
0.31026
-0.4269
-3.99126
-0.47236
-0.3562
-0.5597
2.11379
0.00488
-0.3867
-1.15558
-5.32878
1.0997
-2.5002
1.9352
-0.71911
1.0659
3.05415
NA
NA
0.9647
-0.29361
-0.48073
-0.58077
0.766
-0.2212
-1.12196
0.5833
-0.9322
1.15957
1.50043
-0.56422
0.35107
1.25517
1.01844
0.71337
-0.32059
-0.14144
-1.54168
0.77783
-2.41334
0.56035
-10.9867
-1.80945
0.90109
-1.0844
0.8112
-3.8717
3.429
-0.445767
-1.197961
1.940947
-3.267507
-2.102149
-3.4274
-1.323
1.139627
1.3817
1.088087
2.611672
-0.720901
-0.677
1.571848
-1.9747
2.953243
3.126662
-0.083929
2.1831
0.0352
-0.4144
-0.4351
1.674342
0.22429
-1.7308
0.2866
0.769053
4.595069
0.1031
-0.8739
0.96825
-0.22813
1.031514
0.0356
1.956324
1.825088
2.482712
-0.052614
-0.115495
-0.1234
1.378565
2.1831
-0.4141
-0.372
2.191789
-1.384879
0.4881
2.719464
0.5461
0.9158
1.2863
0.0746
0.2078
0.0662
-2.1449
-2.3669
-0.2016
-0.1593
0.4048
0.7959
-1.1101
2.2321
-1.8235
-0.2578
-1.9656
-1.6354
-0.6459
-1.0131
-0.419
-1.1154
-1.332
-0.8649
2.8792
-1.2554
-1.2794
2.72201
0.3265
0.52197
1.12025
-1.34264
1.83003
-0.08553
-0.62259
2.71152
1.49477
0.84108
-0.7349
0.92892
-2.09365
0.07553
-1.81
0.49407
-3.10296
0.1589
0.23264
1.18381
0.03338
-0.82785
-0.27505
-1.60652
0.6845
0.6302
1.5651
2.6074
-1.2973
-0.13818
2.973049
2.1831
-2.949132
0.8174
1.370627
-0.8786
-1.425398
0.855551
0.024069
0.203793
-0.029199
1.4985
-0.2582
-0.244044
-0.969583
1.4493
1.380548
3.5467
4.5445
-0.6134
-3.725751
2.701403
1.2672
1.413057
1.3506
-0.253
-1.924419
-1.0985
1.7167
-0.8629
-0.1056
-0.051147
0.077646
0.3423
-0.346791
0.173669
-1.852624
-0.024297
-0.44034
0.1948
-1.713158
0.4814
NA
NA
-0.2493
0.2493
-0.4988
0.78841
-0.2665
-0.14358
1.1394
1.26316
1.1438
3.612
-0.394
-0.57709
0.0345
0.55949
0.50717
3.41561
-2.68112
1.07755
-0.84478
NA
-1.1758
-2.35983
NA
NA
2.25661
-5.1459
NA
-1.205
-2.0412
0.235
-0.2807
1.42538
NA
-0.065
2.77294
-0.87994
0.70808
0.3068
0.11509
-1.2757
2.2803
0.5476
-0.37759
1.12882
-1.3981
NA
1.09104
1.24074
-0.262218
0.9529
NA
0.0337
-0.65041
0.29895
-0.00475
-9.52158
-0.36978
0.0376
-0.4499
-1.1238
2.0567
-1.10947
1.48015
0.91976
0.4944
0.01698
-0.08377
0.5113
1.32032
0.5069
-1.4596
1.02225
1.1243
-1.34914
-0.5803
2.3135
2.287
3.64444
1.4313
0.71012
-0.9216
-2.08751
-1.5394
1.27624
-0.7568
0.8393
5.65702
-0.8451
0.69292
-3.15349
2.6733
1.79071
0.7866
1.02845
0.1623
-0.58533
-0.07086
4.1009
-4.0446
-1.4769
-3.5776
1.072
1.08786
-0.3087
1.00277
-0.78018
3.29683
0.11095
-0.6424
0.99651
-4.3789
0.71868
-5.25161
0.11096
-0.1587
1.6288
-0.65632
0.04146
-2.858645
-2.929717
-1.662738
0.042778
-1.408085
0.513
-3.62386
-1.383965
-0.6904
-0.324825
1.692336
-2.196118
3.983027
-0.4661
-6.240295
-2.9323
0.994487
0.628453
-5.530543
-2.542
-0.3287
-0.185847
0.8592
-1.029
0.308452
-3.063037
-1.789768
-1.013771
1.424168
-0.926561
-0.793493
2.597495
0.68083
-3.61172
-2.1567
1.177719
3.051791
0.4093
0.388068
0.411399
-2.9794
1.237521
-0.855093
1.604683
1.045442
1.2693
-2.219661
1.8356
-2.471
-0.721376
-0.659658
-3.097806
0.58081
0.923989
-3.471133
-1.253437
1.969655
0.748162
5.078831
1.673787
-0.744454
1.6344
0.3158
3.209786
-0.9214
-0.3005
1.83758
-0.5566
0.5917
-1.0548
0.32548
0.50509
-0.6764
0.52048
-0.3226
-0.08142
-4.20225
-0.89242
-0.61382
0.81874
0.4542
-2.98086
2.3882
0.1016
-2.39432
-3.97878
2.90407
-0.60495
-1.0203
1.3981
1.5845
0.61838
-2.72492
-0.9552
1.19224
-0.19135
-0.36931
-0.8394
-2.653
-4.5275
-1.31943
-0.1612
-0.33083
0.07995
-0.62702
-0.88548
-0.6437
-0.7698
1.94939
-1.66157
11.09491
0.1618
-2.6587
-0.54059
-1.7002
2.1554
-4.02949
-5.94808
1.66119
-1.72882
0.7994
-0.36857
3.74867
-0.27161
0.52748
0.27568
0.03339
0.39805
0.8934
-0.07004
-2.34039
0.9669
-0.2985
-0.38536
1.20476
-0.3764
2.74492
3.603294
0.2256
-1.50094
1.88258
-1.5793
0.3186
1.02886
3.2874
1.0848
-2.3856
0.6064
-0.3475
2.50665
-1.27053
-2.75489
0.01681
-1.51989
-1.91558
-6.25099
-0.28249
-1.56388
-1.1123
0.1089
-0.990929
-6.19773
0.289
1.6438
1.0373
0.12985
0.76504
-1.9907
-1.447498
3.159099
1.635475
1.345711
1.2974
0.97486
-0.999359
1.675654
1.09567
-0.19154
5.025775
-1.03394
2.1295
-0.90299
0.4534
-5.66476
1.31252
-1.7405
-0.2324
-0.9156
2.2653
5.87763
0.70011
1.5941
0.0177
1.1099
0.1865
0.5539
1.9243
1.2468
-0.4351
1.6277
3.2784
-1.5018
0.5862
-0.0927
-1.2848
-0.1962
2.490434
-2.406476
-1.826499
-0.7709
-0.022355
-0.98007
1.57814
-0.3863
-0.63535
1.9106
-1.1834
-0.1742
1.30885
2.28486
-0.016569
0.3493
-0.7781
-1.17016
1.02869
1.2682
1.63205
0.60425
-0.4141
-1.68229
-0.58765
0.6236
0.0309
0.55355
-0.3161
-1.54322
0.7214
-0.08056
0.5453
-3.825848
-0.8958
-1.3585
1.6747
-0.3527
0.63715
1.119
0.018343
0.104034
0.90216
-0.876344
0.9587
1.57762
1.00399
1.0524
1.00362
0.667465
-0.2036
-1.905446
0.62649
-1.75156
0.30291
-1.358003
1.1062
0.74666
0.793
0.179
0.3289
2.3323
0.11399
-0.878497
1.116
-0.18355
-0.82554
0.33565
2.6389
0.42372
-2.0946
0.303926
4.1141
-1.4324
-0.616
0.62108
0.16921
0.5282
0.4655
1.09742
-0.6027
0.09898
0.86892
0.83859
2.1138
-1.980701
1.6457
-0.000905
0.351768
-1.5909
-2.446725
1.761924
0.2138
-3.42073
0.09397
-2.96862
-0.915066
-2.24807
-0.85447
-4.03948
-0.254163
2.2223
-0.907125
1.242782
-2.6211
0.9751
1.4869
0.143
0.5642
-0.257
-2.1212
-0.0136
1.237
2.441502
-0.1446
1.108998
-0.000813
-1.2564
0.1993
0.32293
-0.80156
-0.6418
1.2552
-0.376409
4.008
-2.4549
0.3603
-1.3862
-2.98793
-0.119948
1.3641
-1.3924
-1.0934
-0.1864
-0.865152
-0.461076
0.37254
0.0044
-0.628822
1.317816
1.395291
2.0414
-0.844333
1.427923
-3.557757
-0.687225
-0.2063
1.18544
1.05504
-1.3408
-0.5212
1.275652
0.4352
-0.5027
1.3978
NA
NA
NA
-0.93445
NA
6.0926
NA
-0.0346
NA
2.06402
2.17847
-4.2678
-0.5944
-6.00611
1.3628
-0.0755
0.5578
-0.39303
-0.09093
2.5446
2.57151
0.89615
-0.53375
1.47338
0.9869
1.45
-0.5316
0.303
1.4078
2.1707
-0.9574
-0.7095
-0.656
1.6315
-0.9431
0.2028
0.832892
1.354804
-2.097977
-0.703978
-1.834714
-0.9498
-2.4939
0.4722
0.1977
-1.906419
-0.064573
1.871278
-0.89706
-0.689209
1.6917
1.7961
0.8788
-0.3617
0.5086
0.551
3.254
0.3135
-1.508617
0.343528
-1.932709
1.2841
0.0084
-0.9884
-0.783526
1.198556
-2.1481
-3.9728
0.90276
0.000564
-2.729484
-1.0668
2.5685
-0.98109
-0.7798
0.4446
0.4821
-1.0899
-1.8708
-0.966
0.004
1.65815
-1.888
-0.0177
0.3462
-2.148093
3.5692
2.9542
0.493109
-2.6127
-0.0666
0.8993
3.9497
-0.561
1.513299
0.808395
1.2751
4.19099
-3.45
0.5406
1.83933
-1.3223
-0.68295
5.9463
-0.296523
0.6969
-1.226548
-0.1681
-1.323656
-2.0649
-3.1885
-0.8599
-1.12343
2.05459
-0.7703
0.5969
0.6298
-1.3582
-0.7228
-1.0549
-3.5313
-0.6953
-0.320771
3.3831
0.1356
0.045113
0.239865
0.330615
3.03496
0.4634
-0.682183
-2.97
-1.1746
-4.85436
-2.85875
2.916
0.61655
-0.78816
-2.23435
1.75712
1.27934
0.4371
-1.5094
-0.8341
-5.07315
-1.924335
3.254302
-1.832047
0.595556
-1.527767
-0.272263
1.036763
0.909582
1.000512
-0.4901
-3.385578
-1.1727
-0.0577
-1.59549
-0.4451
-2.7869
5.65239
-3.51209
-0.44063
-0.0954
-0.9048
2.3814
-2.58599
-0.2689
1.49994
-0.271232
-0.3777
-1.6762
1.520746
0.594095
-1.281698
0.5708
-4.16137
1.3529
-0.07845
-0.8165
-1.8128
-0.0961
-0.3608
0.5783
-0.8161
4.35391
-0.0759
0.0622
0.431
0.4438
0.4438
0.0394
0.7984
0.2987
-0.54456
-0.1472
-0.6172
-0.2623
1.1785
-0.8795
1.21542
0.203122
-1.2124
-0.6606
2.8305
-1.1164
-1.5745
-2.38147
0.67104
0.02501
-1.1517
0.289
0.5431
-2.03118
-0.097653
0.8243
2.6565
-6.463
0.595
0.8171
-0.39573
-0.188652
-0.3959
-0.12433
1.7756
-4.3584
0.9974
1.22893
-0.5135
0.1706
-2.7255
-1.1258
-0.0308
1.5544
-0.49203
1.2064
3.19182
-0.146571
-1.2658
0.8628
-0.9715
-0.8217
4.7262
-0.46664
0.86659
-1.35642
-3.885633
-0.15855
0.3283
1.1773
-0.314
2.1307
1.19643
-0.6352
-0.8147
2.58325
0.84136
-1.3189
-0.37034
-0.287918
2.6242
-0.80542
-0.358
0.60356
-0.7947
0.78711
0.88513
0.079498
1.20272
-0.50819
-1.2279
0.3322
0.9071
-1.9707
-0.0291
-0.8338
-0.6428
2.55733
1.72653
-1.3814
-2.74989
-0.47006
0.2584
0.7362
0.43211
1.10722
-3.124697
0.413905
0.185045
2.3595
-0.60977
1.055686
4.1291
0.700389
3.869325
1.03154
0.3887
0.77801
-3.75731
-0.00369
0.1839
-0.9903
-0.8161
-2.29
-3.401767
-1.45758
-1.4537
-4.4449
1.92829
-0.6281
0.845
0.20643
-2.18114
-1.1473
-2.436
-0.2655
-0.426
-2.8594
-1.52364
0.2755
-11.63267
0.4164
-11.9018
0.9407
-0.4722
-2.784
-0.5422
-0.6512
2.0756
-8.5715
-1.4934
1.01807
-0.01122
-0.82984
1.25922
0.70019
2.13695
0.806756
2.877486
-2.26641
-2.218866
0.813364
0.7191
1.16054
-0.15401
-0.20674
1.90059
0.0533
-0.8233
0.7772
0.87489
2.02633
1.15163
0.0256
0.1302
-0.4045
-1.0005
-0.32567
-0.21855
0.7452
-0.8095
-0.9199
-0.52451
0.0668
1.2258
0.0215
0.7077
-0.5961
-0.3682
0.96818
2.47255
0.37458
-0.8093
-0.7693
0.4543
2.02132
-4.3507
-0.2288
-0.1817
-1.658
-0.651279
-0.277635
-0.271667
0.239
1.2239
-1.283
-1.7669
0.63429
-0.3526
-0.1984
0.711353
-1.52972
-4.29232
1.65746
1.78
0.063
0.7027
-0.83218
0.4619
3.2057
2.1974
1.6803
-0.8013
3.4606
-0.4179
-2.5929
1.164
1.1588
0.5087
-1.21613
-0.3518
0.59812
-0.9333
0.66053
-1.37272
1.6949
-3.140228
-0.553512
1.579212
2.922352
1.460053
-1.153429
-1.042771
2.5212
0.523734
1.190493
2.40555
-0.3206
-0.19062
-0.32914
-0.2265
0.2918
0.3179
1.744543
-2.2703
-0.665716
-0.0918
1.779942
-0.6283
0.6158
-2.02004
-6.03744
3.76286
3.31521
1.221354
0.8573
-0.040006
-0.7096
-0.744518
0.7312
0.85
1.4749
1.8812
2.5374
-0.19282
0.96559
0.2187
-1.15906
-0.43316
4.10167
-0.6589
-0.6126
-2.852
-0.181455
2.117885
2.38262
1.401987
0.642326
0.068871
-0.603544
1.094088
0.139707
-0.753335
-0.517964
0.2168
0.5849
-2.4651
-1.9432
-0.1875
-0.3783
0.9102
0.3205
-0.5212
0.600514
0.228333
-1.3498
-0.327065
-0.436904
-1.559123
1.161273
1.527097
0.397
-0.9073
3.09693
-2.34945
0.4892
1.01
-0.349
0.679956
1.113153
-0.973161
-2.929165
-1.23779
2.0123
-0.2034
-2.6903
-1.8038
-1.0795
-0.444015
0.743
-0.9913
4.20697
2.0002
-0.02062
-2.82399
-0.2609
-4.57522
-1.0939
0.24426
4.02824
1.7336
4.5639
1.67583
-1.868
0.85867
1.3479
0.75217
-2.35527
2.56265
-1.49807
0.05177
1.847
-1.89028
-1.6924
-1.59744
-0.7163
-0.5097
-0.169
-0.44413
0.7536
0.02308
NA
-0.5179
1.696
0.33781
-0.15451
0.05679
-0.19271
0.50733
3.042
NA
NA
NA
1.00899
1.98415
NA
-2.3947
-0.4714
2.158
-0.7303
-0.4727
1.92171
0.78893
-0.63383
0.9839
2.23884
1.30893
-0.7371
0.7896
-0.0596
1.0151
3.07846
0.57736
0.4317
-7.0712
-0.36651
-0.7704
0.71318
-3.4693
-0.96055
4.51302
7.24669
-0.42847
0.54702
-2.13007
-2.68543
-0.0178
-1.79374
0.26055
0.73874
-2.23523
0.2018
-1.35995
0.1997
-3.9691
0.193876
-0.996872
-1.119436
-3.629206
-0.0871
4.67777
-1.112431
2.940118
0.3098
0.9647
-1.17226
-0.68406
-1.763
0.10733
0.6865
0.91498
0.165
-1.471
1.00456
0.64084
-0.3387
-1.28548
0.208
1.39634
-0.13143
1.20384
-1.741
0.601509
2.9696
0.503129
1.170907
0.796456
1.3194
-1.741207
1.899067
0.824434
0.428
0.2684
0.7153
2.307532
-0.605941
-2.13239
-0.36465
0.12544
1.185
-0.75902
1.1122
1.1032
0.78923
-0.44119
1.5767
1.8486
0.9485
-0.5338
-0.3672
-0.674
0.8467
0.575
0.9469
-1.481
0.5387
3.8786
-2.0078
0.4572
-1.8384
0.9946
-1.8542
1.4344
-0.7821
-0.4316
-0.00965
-1.3433
-1.3897
1.207248
-0.364366
-1.0219
-2.788004
1.772516
-1.587752
-0.1369
-0.0997
-0.2793
1.5588
-0.536984
1.858558
0.782466
-2.0722
0.1092
-1.707121
1.576
0.6805
1.2199
-1.126435
-0.4588
-1.8388
0.9061
1.4561
-1.12506
0.697708
-1.7137
1.0865
-1.5274
-0.999289
-0.746973
-0.6658
3.6631
2.2907
1.1912
0.4589
1.6372
2.3647
0.6761
1.062
0.6272
0.0813
0.9094
1.3927
0.121
1.5736
-0.63546
-1.13722
0.5341
-1.2848
-0.35631
0.2172
0.55678
-2.62081
1.16791
1.96312
2.5982
0.24448
0.04085
-2.05629
-0.53822
0.44445
1.79782
-0.28088
-2.38696
1.5866
0.53676
0.0311
-2.67666
0.8775
1.4611
-1.5263
-14.78698
7.35819
0.36956
1.0303
-0.8735
0.5701
-0.7449
-0.4135
0.7257
-1.3035
0.4847
1.9355
-1.4965
0.9806
0.4731
-2.0557
1.6602
0.2495
0.7528
-1.1172
-0.19
0.9398
0.9691
0.216274
-1.665174
2.141868
-2.6908
0.0873
0.3759
1.3904
0.2712
-0.8166
-1.0023
0.381496
-1.695736
-4.780409
0.223179
2.831998
-0.4707
1.0507
3.0051
-1.5729
1.3785
-0.1053
0.1841
-0.6432
-0.4163
-2.1159
1.640547
2.953
-0.682866
-1.4746
-0.186798
0.294157
-0.2886
1.632115
-0.210039
-0.644376
-0.2077
0.492404
-1.150174
-4.426428
0.631
-1.076
-0.9347
2.2621
3.7519
0.1275
-0.3418
-1.093
1.1408
0.202
0.8894
0.6016
0.9812
1.7558
-1.34641
-1.5987
0.1293
0.6643
-0.6253
1.5776
-0.9958
-0.7323
-1.2673
-0.266
-1.332511
-0.7594
2.2446
0.5641
1.6169
-0.2733
6.13727
-0.37659
1.23271
3.03813
3.69034
4.40435
0.16056
-1.27051
4.1586
-2.4018
0.67115
0.6154
1.2749
0.3347
2.78998
3.47515
-0.23938
-0.70454
2.57061
-0.02078
0.50312
1.1127
3.86448
-2.7258
-1.2683
4.35973
-0.3778
-1.4739
-1.33966
3.096
-1.0485
1.46373
-0.1442
1.60542
-0.52098
0.8368
6.43855
-2.69179
5.91759
1.7856
-0.30489
0.1981
0.10487
-0.15863
-1.3426
2.07761
0.9595
2.29686
0.7122
1.1453
-0.3491
-1.18276
0.12032
-0.33417
-14.40383
-1.78702
-0.987856
-1.44325
1.0983
-1.99529
22.95587
-1.3654
-2.13815
0.85652
-0.3786
3.68146
-0.447835
1.549962
0.491135
0.164956
-0.277361
2.826272
1.2742
1.53481
1.0712
0.313613
-0.10731
1.464236
0.959295
0.848898
2.413496
-0.6305
2.0188
1.753559
-2.100991
-1.907537
1.7881
-0.762504
0.313042
-0.2562
-2.572514
-0.336359
-2.680168
-1.980412
0.441342
-3.365372
-0.45424
-2.763677
-0.547997
-0.834
-0.0741
2.1264
-1.801281
-0.01089
-0.628882
-1.282489
0.4398
0.64417
0.61904
0.1955
-0.03912
-0.93969
0.19484
0.71707
0.0157
3.56342
-0.0185
3.78477
-0.35386
1.10783
-0.8837
1.10378
0.27634
1.29518
-0.46245
0.876
0.85577
1.0951
1.02695
2.3471
-0.74043
-1.4354
-0.6964
-0.9265
1.0479
0.1561
0.5751
0.8357
-1.2963
0.0638
-0.1205
1.6927
0.4169
-0.9923
1.24385
4.90848
-0.44
-6.3549
0.851
-0.6949
0.8805
0.18584
-1.0978
1.98037
-0.73355
-0.6552
-0.94704
0.1317
-0.5185
-1.4464
1.71
0.85096
-1.3153
-1.22625
-1.3208
NA
-0.13483
1.97713
-0.75685
0.46031
0.4769
-1.54945
-0.89514
-0.0313
NA
0.828131
-1.88298
-2.12812
-1.46206
-0.46364
-0.07433
0.352
-0.5209
-1.3285
0.38001
0.49127
1.1052
0.4567
-0.9543
0.0682
0.13259
0.2331
-1.30694
-0.144682
-2.950502
0.607674
-0.506549
-1.455498
-2.977399
-1.3919
0.288989
0.2528
2.31985
0.521473
-1.218245
-1.610107
-4.212884
0.9408
1.23803
-0.69803
0.4636
0.0482
-0.85475
-0.16877
1.26695
0.5591
-0.19676
-0.4311
-1.33005
-1.96377
-3.73126
-0.17817
-0.05081
-3.0297
-1.4198
-3.38511
0.56308
-0.16435
-1.3401
0.52084
-0.11983
-1.22699
0.26392
1.41901
-4.17133
0.66379
0.66972
0.9573
-0.64605
0.6882
-1.78396
-1.8373
2.7005
2.4247
-1.69364
0.7129
0.99948
NA
2.33098
-1.50494
0.50238
-6.3421
-2.5686
-0.99185
0.26755
-0.6829
2.03856
-2.029
0.4776
1.21752
-0.56588
1.59144
-0.1442
1.28525
-0.5527
-1.26777
1.83433
0.56572
1.26337
0.36313
0.73425
-1.34288
1.92112
5.81023
0.8947
0.0832
-1.2456
-0.51723
-2.22819
0.93828
3.7724
1.5727
1.96754
1.34569
-0.89732
-0.41271
0.52449
0.44668
0.3751
1.0406
-0.6731
1.08349
0.754179
-2.4488
-0.48039
-0.21542
-1.04977
-1.359723
1.704006
-0.118718
-0.341719
0.682108
-0.586414
-0.814868
-0.1229
-1.58724
0.9956
-2.8932
0.4055
0.344919
4.96637
-0.4974
-0.5823
2.9422
-0.7796
2.7794
-2.575
0.0441
-0.4673
-0.239
0.2577
-1.54941
-0.45947
-1.698
1.328917
-6.5729
2.1677
0.4151
-0.59472
-0.09181
-0.326178
-0.75
-1.6658
-1.68357
1.548142
1.108671
1.3728
1.9852
5.01242
0.23819
-0.56712
0.5236
-0.58601
0.2907
1.2185
0.38
0.1775
-1.738
-5.45231
1.2671
-0.3601
-0.41357
0.6441
-0.3645
-0.1467
-1.131748
1.986197
-2.382
0.69693
1.0626
0.4678
0.9926
-1.2803
-0.770516
-1.2128
-0.8952
1.6531
-2.38297
-1.9997
-0.549
-1.01626
1.0776
0.0729
0.626004
1.3517
1.6652
0.3575
0.78245
-1.1114
0.2223
2.510627
-0.389798
-0.8101
-2.212579
-0.91467
2.0226
-1.31001
0.34475
-0.7084
0.1973
-1.6364
-0.5101
0.235785
-0.861656
0.16263
-1.3115
2.553015
0.89492
-1.1272
1.3964
-0.3555
0.7256
1.92698
0.415438
1.24436
-0.596109
-1.01709
2.8048
-0.4341
-0.06
1.6857
-2.2827
-0.63734
0.8131
0.8531
0.7846
-2.3627
0.0236
-2.129245
-3.191378
-0.4229
-2.231017
2.63711
1.56623
-1.3512
-0.0319
0.6559
-2.177
1.696
-0.6477
-0.754546
0.7472
2.2945
-1.0063
-2.5126
1.318851
-3.6213
-2.5429
1.0181
0.23379
2.11156
1.0717
0.92562
-0.7622
3.02949
0.033
1.1568
-0.247
-1.423039
-0.177506
1.366737
2.4126
-0.2631
1.90151
-2.59788
0.38245
-2.25981
-2.79886
-0.5461
0.9949
-2.3312
1.5192
0.182036
-0.2812
0.587304
-0.51534
2.46327
-0.3814
-0.5394
1.6722
-0.8135
-0.880919
0.1542
-2.877677
-1.1029
-0.6631
-0.3261
-4.80122
0.515206
-1.6972
0.0658
-0.29544
1.06757
0.99773
-0.93836
-3.558
1.76828
-0.3744
2.4012
0.543
0.142256
-1.77143
-0.437
-0.9658
2.98665
-1.0513
-0.658417
-0.2191
0.786835
-1.3661
1.2316
1.67275
0.7337
-0.5485
-0.54997
1.8588
-1.91402
-1.61344
0.6446
1.14642
-0.4753
-2.2702
0.2402
-1.1078
-0.1688
0.2193
-0.17633
0.0312
-2.07
0.08625
-1.06223
-2.0267
0.75742
-0.9606
0.27997
5.44325
-3.66535
0.8828
-1.78663
0.97234
0.6607
-0.4842
0.8109
-0.16242
-1.3407
-0.81245
-0.9755
-1.0456
0.57406
0.8893
3.2391
1.8272
-1.6516
0.976174
-0.7875
-0.333
-1.766
1.2226
-0.3859
0.2097
0.0985
-1.8829
-0.4892
-5.1711
0.19036
4.2974
-1.6515
0.2816
-0.594235
-0.145
0.9043
0.97359
-1.054999
-3.625037
-0.91589
0.0537
1.5147
-0.7005
0.03952
-2.462459
1.67105
1.6593
-1.1638
1.1877
0.0829
0.16
-0.99594
-1.7631
-3.577084
0.466986
-0.565187
1.92001
-1.7657
-0.0342
-1.103384
1.506579
0.09709
0.7741
-2.18296
-0.59086
2.1105
-2.17674
-4.13146
-1.7679
-0.20957
-4.07486
-1.91399
0.62702
-2.99075
0.5902
0.34505
-0.32919
-0.2405
-1.51197
-3.89432
3.21875
0.5485
-4.5875
-0.5681
2.1964
0.129
0.328
-2.7639
-1.3947
-0.309869
0.7236
-4.3198
1.9555
0.5885
1.03696
1.4254
-2.22328
0.2241
-1.3057
-0.7171
-0.4117
0.5042
-0.58909
-0.0167
1.77012
0.8341
2.90926
-0.0124
-0.8973
6.2894
-0.4054
0.6361
0.4856
-0.5531
1.6483
1.8625
0.0564
-2.8848
-1.3254
-0.0138
0.3149
-1.2059
1.1212
0.1055
-0.1862
-0.2366
0.3795
-2.5723
0.6158
-5.3012
-2.3916
0.87562
-0.5922
0.59504
1.7467
-0.0841
1.03798
-2.5189
-2.65021
-3.3837
-0.1109
0.12454
-0.00333
-0.4586
-5.15972
0.2264
-0.37781
-0.69631
0.57059
2.6006
1.2507
2.63482
0.98031
3.34341
0.37207
1.80931
0.4199
0.1848
-0.2815
-2.14156
2.108198
2.3913
3.455854
-3.565988
-1.9238
-1.7074
0.83653
-0.116
1.3232
1.7559
-0.528
-0.7045
1.8697
-3.0368
-0.47975
6.943387
-0.3358
-0.6647
1.9947
-0.6449
1.2919
1.075
1.192971
1.1026
4.163176
0.5238
0.087195
-0.613275
-0.1322
1.116337
1.289
NA
-0.95864
-0.185183
0.8091
-4.169365
-0.3179
-0.9115
-0.4331
-0.0907
-1.52282
0.8111
-3.46083
2.00361
0.37225
-1.8909
-0.9494
-0.28584
0.458
-0.16031
-2.2967
-0.6434
-1.05196
2.3851
-0.5494
0.94327
0.1793
-2.5593
0.90652
0.09238
-1.83417
1.11034
2.18072
0.7125
-3.24648
2.6059
-3.47249
1.38386
-1.08996
-2.20663
-0.5555
-1.59862
-1.78266
-1.41465
-0.26461
-0.8161
0.76119
1.56331
-1.1082
-1.73111
1.7967
-0.21269
-0.4355
1.103957
3.31844
-1.66178
0.70468
1.2619
-1.067457
-0.433036
1.270805
-0.559238
-0.440023
-0.435678
0.722003
0.298124
1.495221
-0.275339
-0.0023
-0.0527
-0.317496
-0.6739
0.5293
0.86536
-5.59324
-1.1158
-0.5744
3.17376
-0.949854
-0.5963
1.979709
-0.9578
-0.60771
-0.8635
-0.32452
-0.5865
5.3529
-2.2585
0.1264
0.0212
-0.044314
0.54018
1.36621
-0.84826
-2.05263
-1.31602
0.6615
-0.9533
-0.4818
3.3254
2.539066
-0.58421
-0.47613
0.8245
0.46353
1.14041
-4.87287
-0.42521
1.7724
-1.1879
2.172172
-1.9159
0.410704
1.520549
1.35767
0.7683
3.8664
-1.3749
-0.0063
-1.4183
-0.59996
1.9021
-0.0423
1.14649
-0.54943
1.0588
2.5903
1.59515
-2.00081
-0.2208
1.8682
3.229799
-0.9912
0.062
5.96297
6.99582
-0.04097
1.83307
-1.30738
-1.56725
-2.04172
-23.50612
-0.0571
-0.8397
0.2848
0.429
-0.5423
-1.82102
1.2161
2.09129
-2.38591
-1.4627
-1.96653
-1.01815
-3.35599
0.9396
-3.0635
-1.3657
-1.8915
-0.5095
-0.5564
-0.4002
-2.3283
-1.6932
-0.6908
-0.7738
-0.4134
0.12435
3.3865
0.6551
1.2368
0.18801
-2.8148
-1.2441
-1.7622
-0.585
0.5504
0.8953
-0.84017
0.8544
0.4269
-1.09932
-0.33015
-2.89518
-1.22695
1.54414
0.39808
1.71311
2.01989
-0.4634
-1.79465
-3.9396
-1.54085
7.47132
0.245
1.43967
-0.0253
0.42204
-1.74295
-1.4015
-0.24695
-3.51229
NA
-1.618
-0.32958
-2.13006
0.75144
0.33523
1.17931
-0.0093
0.2634
-1.017938
2.6673
-3.6032
-1.11982
0.3098
-0.551633
0.31471
-1.46248
0.67784
-0.71902
-0.1145
0.2349
-0.847337
0.0344
0.94802
-0.0997
-0.182591
3.03749
0.0986
-1.79963
-0.1268
1.15334
-0.07957
-1.5415
0.46994
-1.57656
-1.5839
-1.879808
-0.258318
0.184183
2.782773
-1.62791
-0.6461
-0.2886
-2.56603
0.58752
1.93551
0.8838
-0.29671
0.33541
-1.0779
-0.31411
0.58069
-2.57135
0.31734
0.2999
-0.4286
2.4429
1.201285
-0.39627
-1.9687
1.35475
0.53693
0.30096
-1.34283
-1.61368
-0.3928
0.1304
-0.66038
-0.59491
0.8172
-4.0292
3.71112
1.1439
4.40645
-2.9383
0.63309
0.6366
0.0618
2.10008
-0.7985
0.6045
0.27829
-0.6598
-0.1939
0.4036
-0.5292
0.50585
0.053
0.8776
-1.6004
1.6944
3.63942
-0.06493
1.058367
1.1836
-1.8831
-0.9722
0.32622
-0.74477
0.31425
-1.6978
0.8575
-0.33731
1.18253
-0.3385
0.3512
-0.4805
-2.55804
-3.75263
0.586
0.0804
-1.8091
-0.7102
-1.0581
1.26786
-3.6248
-2.0294
0.680961
1.193
-1.7249
-1.978
1.5287
1.65908
1.52165
-0.25516
-2.551226
4.24476
-4.637105
-0.58825
-1.09357
1.72911
NA
-1.31045
-1.58609
0.18689
-1.3138
-0.2115
-0.1734
-1.93014
-2.8846
0.3933
0.7556
-1.2499
-0.2242
0.3428
-3.55153
-0.1969
0.1252
-2.07372
-0.7169
-0.6714
-0.7737
-1.54363
-0.02124
0.3358
-0.707243
0.5694
-0.7043
0.247
-0.8389
-0.58883
2.1233
2.07806
2.6956
0.547601
-1.81376
0.9443
0.4102
1.2931
1.79148
1.2044
2.3028
0.00476
0.166
-0.4988
-0.5681
0.6204
-0.8335
-0.5841
1.2872
-2.04479
1.39368
1.41492
0.04152
-2.06813
-1.3296
1.58845
-2.3772
-4.3185
0.275487
-1.43577
2.99385
0.15894
0.5018
-1.3903
-0.6015
0.0163
3.2124
0.6207
-0.089
0.2541
1.26134
-0.4314
-1.3972
0.84979
1.5847
-0.5547
1.84048
6.94467
2.1797
1.6238
0.585
-1.645
-1.372
-0.642
1.463381
0.9806
2.496988
0.681883
1.3973
1.453
-0.1335
-0.9747
0.1053
-0.0771
2.6331
-1.2148
-0.4978
1.628
-3.1055
-3.438
-1.5763
-0.721569
1.35184
0.706636
-0.5202
0.2475
-0.031859
1.1251
-0.2453
-0.0953
1.260937
1.7091
-0.27778
-0.1565
0.497202
1.175865
0.1254
-0.7283
2.09183
2.327101
-0.5975
-3.937059
-3.092153
-1.540446
-0.7295
0.6596
2.2908
-1.9084
0.26942
1.37547
0.4697
3.45535
2.20783
-0.6424
1.14471
-1.9401
0.48485
-5.13304
0.77713
0.68471
1.995578
1.9362
0.4765
-0.1472
-1.0508
0.4957
-0.5383
0.09853
-0.163095
-1.7287
0.0632
2.17393
-0.9404
1.35406
0.942
0.53919
0.6816
-1.65214
0.9373
-1.595652
NA
0.1611
-1.049
NA
-3.7285
1.3768
-0.130527
0.2638
-0.7337
-4.38083
-0.1205
2.56614
0.284956
-0.46441
-0.167
1.6351
-0.0189
5.26242
-2.22673
3.106
-0.57218
0.522309
1.83692
-0.8558
-0.98364
1.3936
0.099
1.8609
-2.0356
0.2639
-0.74465
-2.8978
-0.849
1.05206
4.3352
-1.993124
-1.564046
1.6548
0.9151
0.3308
0.51
1.6266
0.8939
-1.1203
-0.41391
0.79665
-0.1709
0.1167
0.7378
-2.4251
-1.4682
-2.9799
2.04939
-0.91447
-0.3039
-0.14274
1.3186
1.1186
0.5803
-0.0128
0.7115
-1.34907
1.20429
-1.4279
3.48936
0.13702
-1.27431
0.3106
-2.8197
-0.99468
-0.806363
-3.36745
1.09449
0.6912
1.10364
NA
0.1207
-1.335742
-0.05005
1.549487
2.42581
-2.5559
-0.3443
-25.99962
-0.4526
1.784
2.1822
-0.6554
4.43473
-1.3926
0.3522
-0.4052
1.007569
1.25566
-2.53733
-0.747315
2.16578
-0.00183
-0.525042
0.400655
2.02546
-2.585064
-1.251515
-0.8727
NA
-0.4634
-1.2217
-0.43304
0.14825
-2.1334
0.28532
0.957
-0.62419
-0.81751
0.3807
0.908
-2.850765
3.96286
-1.037097
1.822217
7.596833
1.307237
-0.3891
-2.375
-0.981177
0.20889
-0.7417
1.083
0.39882
0.805031
-2.2951
-0.7348
2.4237
-1.8096
-1.24567
-1.44227
-1.5529
0.1253
-0.402232
3.2143
-0.5211
1.58637
0.363031
-2.64223
3.23081
3.280702
-1.797861
0.633984
-0.5075
3.64964
-1.4666
-0.9103
0.349355
-0.3662
-0.1914
0.4386
0.2557
-3.41626
-0.3279
0.768
0.1285
1.67301
-0.04838
-3.9708
2.444695
-6.65199
1.25683
0.0981
-0.329
0.153
0.12431
-2.2191
0.07459
-1.2503
-0.33081
0.095959
-1.513
-2.02679
0.245
-0.5396
-0.1162
-0.1783
1.2122
0.4729
1.7756
-1.5424
-2.5221
0.1971
1.8134
-0.79571
1.1429
0.7046
-0.798
-1.36041
0.287902
2.888151
0.86742
-0.3737
-0.9104
2.4031
-0.27579
-0.074
-1.50143
-0.451615
-0.8978
2.93835
-0.2922
1.1267
-0.689202
1.5663
-1.686498
NA
0.073602
0.2687
1.279013
NA
2.19328
-0.03981
1.308743
1.4406
-0.4351
0.81152
-8.1401
2.924274
-1.19332
1.27305
2.75013
-0.920672
3.7565
-1.6004
-0.83041
1.97537
0.6164
0.204
2.2842
0.5713
0.66462
10.3803
-1.15238
-1.8813
1.1118
0.45746
0.5304
-0.42599
0.21817
-9.98127
0.25661
1.26968
0.277
0.448239
-0.23493
1.80921
3.18996
2.323
0.627
-6.92117
1.1898
1.25377
-3.29736
-1.50355
0.13154
-0.35526
2.15697
2.0799
0.78488
-0.70205
-0.71776
-0.18159
1.221
0.2696
-1.883925
-0.01464
0.981071
-0.76228
0.9647
1.03475
1.07166
3.43014
1.8764
-6.427148
-1.2563
0.41663
0.41205
-0.95757
0.92572
-0.2436
-1.193341
-2.36647
1.3439
1.712
-1.046
0.9807
3.5316
1.10981
0.2634
2.145
3.86811
-1.46872
-5.17368
-5.82996
-10.64259
1.782952
-1.1663
2.4398
-1.5741
2.6815
1.237765
0.35252
0.567205
2.288115
-0.153078
1.9168
1.85298
0.69762
-0.012125
-0.04423
-0.0811
-1.51401
-0.43548
0.3746
-0.885
-0.969723
0.3029
1.6431
-0.26613
4.68098
-1.96403
-2.9609
-0.1925
-0.640642
-0.66766
-2.9678
0.3034
-3.105677
0.7452
1.0931
3.18596
-1.144912
-2.58999
-3.1021
12.406
-2.15079
-0.8415
1.1811
4.58243
0.4317
-1.4589
-3.9303
-0.66438
-1.4639
-0.7359
0.1083
-1.0665
-0.23
5.6166
-1.0513
0.9362
-0.986
-0.7411
-0.2606
-0.072368
4.58659
-0.88185
1.0379
0.3226
0.833053
-0.6911
2.59062
-1.0865
-1.1251
-1.03727
1.64195
-0.06506
0.46948
-0.5871
1.6114
1.1631
2.8434
-1.968
1.8454
-1.03648
-1.8382
1.8091
1.4757
-2.06137
0.5176
-0.48796
0.2065
1.85489
-1.007
0.66058
-2.4259
1.22645
-0.05349
-0.414278
0.3306
-1.41732
-2.65041
0.50709
0.21663
1.01935
-1.7847
0.2546
0.6573
1.29056
3.474992
-1.2764
0.68727
0.252428
-0.4959
-1.25056
-0.38526
2.474
0.633848
0.15565
0.7251
1.0549
1.40294
-0.3508
-0.7834
-0.0055
0.1944
NA
1.122305
0.5069
-0.48425
-2.2778
2.009347
-0.6528
0.7071
-1.0534
1.0418
-0.4632
-2.7712
-0.485717
-0.7645
-1.550988
1.6129
1.7607
1.0772
0.3976
1.003
-1.2819
-1.08479
-1.528468
-1.0421
-2.2444
1.283139
2.9253
0.5755
-2.536622
0.642544
-0.0316
1.382471
0.5544
-0.2565
1.1025
-0.322745
NA
-0.93008
1.0928
1.9987
NA
-0.3015
0.62011
-2.2489
1.40045
1.52899
-0.25971
0.17715
0.01943
-0.68886
NA
0.547105
0.37366
-0.8844
-2.4708
1.6172
-0.1904
1.4553
1.758177
-0.8364
-2.52407
-0.3353
3.0931
-1.947513
0.767311
0.398
-1.4271
0.02
0.2755
-0.2613
-0.70777
0.17681
-1.56096
-0.2161
-0.52242
0.453655
-2.48738
-0.88089
1.8456
-0.80426
2.0551
-0.5137
-0.08416
1.3174
-1.03604
-0.535369
-0.2583
-0.53338
-5.03846
0.73498
1.78304
-0.414703
-3.731302
0.7106
0.6234
6.05418
2.11466
-1.4149
-0.54763
1.7211
3.08242
-0.2397
0.84622
-1.2186
-0.6152
0.42055
2.13677
-2.3255
-3.3328
-4.80763
-2.976392
1.5352
-1.012653
0.8264
1.6487
-2.025633
1.4944
-2.72439
0.04727
1.92303
3.76101
-1.602316
-0.077128
2.39558
-0.21724
0.5012
-2.3689
-2.4429
-1.3326
-1.0118
0.32871
-0.6434
-2.38625
3.018142
2.79328
0.5333
0.8224
-0.6162
0.657525
1.0248
1.4358
-1.37874
-0.1353
-1.12294
0.2903
1.653
-2.0638
-0.9424
-0.3997
-1.86653
1.079738
-0.2966
1.0067
1.132929
0.2551
NA
3.3015
3.2009
-1.52961
-0.277132
-2.491821
-0.5639
0.2405
1.1696
3.6231
5.0457
-1.115061
3.40294
0.967039
1.0543
-0.74839
1.6579
-1.6289
-0.7269
-0.8187
-0.8642
2.4485
0.24319
-1.61293
0.3144
-0.234
0.64561
-0.4201
2.4077
5.111232
-0.368406
2.47671
0.77341
1.0285
-1.217897
-2.29569
-1.196223
1.25887
1.03632
2.005478
-1.31702
NA
-0.2979
-0.169535
-0.23326
-0.1335
-1.20901
-1.03875
1.1259
2.30968
-0.75394
0.287
-1.594057
0.7921
1.491122
-1.0491
-1.18828
4.4531
0.6759
0.6082
1.2319
-1.429187
-2.5018
0.805437
-2.68586
1.7409
NA
-2.69849
0.84513
-0.132293
-0.871
-2.37827
-0.7522
NA
1.58244
-0.1551
-0.0479
0.657862
0.8211
1.1181
-0.0391
-1.4811
-1.524219
1.42001
0.0659
-1.5227
2.2687
-3.11826
-0.03966
0.49182
0.09827
1.1827
-2.637889
-2.1287
-0.6448
-1.0897
1.4504
2.0494
2.2598
0.8097
0.6857
3.86507
0.84194
-0.7972
0.1281
-0.06082
NA
2.579
-1.1481
1.4103
-0.6889
-3.79444
-0.83463
3.0101
-0.23434
0.326
-2.0884
0.0242
0.20755
-0.8921
-0.30306
-0.55329
1.9622
-0.5137
-1.9962
2.3868
1.0019
-0.9039
-0.077314
-1.42003
-0.0602
3.1881
-2.12
-2.4315
-1.9131
-0.280387
-1.7583
1.6893
1.14487
0.7378
-1.2779
0.1064
1.35491
-2.21165
-1.27701
NA
1.5179
-1.5027
1.5577
-3.13539
-0.54227
-1.005
0.7594
-0.66912
0.0497
-13.63012
0.6176
2.0262
-4.2036
-2.3184
-0.7537
0.290748
0.9191
1.43016
-0.34489
0.06078
0.97131
-0.0276
1.2511
4.3322
1.794
0.0951
-0.22772
0.1184
0.3926
0.2239
-0.2296
-0.83509
0.7537
-0.33997
-1.4551
1.47942
0.906904
0.9603
-0.01406
-0.9647
0.45866
0.0607
1.653
-0.5556
-2.1793
0.77772
-1.8277
-0.3964
0.18657
0.11437
-1.89266
-1.06238
1.97283
1.845532
-0.67109
5.5437
0.1987
-1.1865
0.2597
0.82296
-0.8474
-2.24806
0.1459
0.43268
1.18241
1.4289
-0.25737
1.4435
-0.7527
0.8672
0.383589
0.7309
0.17083
0.0912
1.9537
1.100637
-3.22386
-1.18195
2.1876
-1.79557
-1.9131
-1.07913
0.8196
0.5293
0.39021
0.024
1.63558
-2.7134
-0.00544
-0.8611
1.1336
5.78564
-1.553
0.92461
-0.64779
1.19957
-1.2738
1.0285
-2.38119
-0.1488
0.2843
-1.53872
0.5463
-2.83222
1.44968
-2.491
2.59736
-0.708
-0.82897
0.7431
-2.0619
0.93175
1.8331
0.50956
0.9868
-0.5769
0.5825
-0.4966
2.778697
-5.73077
-0.3645
-0.2361
-1.03924
1.661258
-0.56412
1.19188
-0.2897
-0.1813
1.22976
-0.556
0.6623
-0.476738
0.01537
-0.113168
1.471725
0.1124
-1.6361
1.1224
-2.1408
1.2468
-0.069722
1.8419
-0.35139
-0.463655
-3.47233
1.14916
-1.7492
4.92089
0.3983
-1.0287
-0.094
-1.392644
-0.88124
-0.5913
-3.27087
-0.3502
0.1283
1.262
-1.9244
0.19891
0.4303
-0.1082
0.33918
9.576
1.058134
-2.08004
-0.51803
2.0279
-0.14029
-0.3801
0.0943
-1.0805
-0.7243
0.04
-0.954842
-0.5227
3.049955
-0.619566
0.5837
-0.51234
-2.19481
-2.0063
-1.1499
-0.288005
NA
0.8047
-0.4788
-2.10765
0.679173
0.27237
0.068858
-0.83338
0.8757
0.10554
-0.5414
1.0494
0.36716
-3.16024
-0.31261
-0.03338
-1.435096
1.48936
NA
-1.858774
0.33231
0.304407
1.487526
-0.7626
0.7709
-0.8742
1.21387
1.129746
0.619392
2.07471
0.2403
-0.1233
-1.7085
12.09426
0.4616
-0.2544
-0.9577
-1.5874
-1.4268
-1.63075
-0.35259
2.6607
1.91581
-4.0499
-0.34796
-0.0814
1.1757
2.526
1.3918
6.20523
-0.7563
-0.66142
0.6224
0.9097
0.1547
-2.32839
-1.66094
-0.276662
1.4246
-0.6164
-0.5574
-2.210377
1.121259
0.76217
-0.257828
0.2239
1.3394
7.5775
1.0637
1.70212
0.5342
-0.21211
-0.42265
0.7863
0.46251
0.3773
1.80163
-2.10496
-1.00023
NA
0.40632
-0.7575
1.579719
-1.45772
NA
1.0109
1.72673
1.0856
1.697769
-0.241969
1.5724
-0.1374
-0.9712
0.4883
0.9635
-2.4323
1.368399
-2.1488
-2.50991
1.1555
-0.522
NA
1.27413
1.82762
0.83995
1.60666
0.96329
1.6127
-5.57264
-1.158268
0.34479
-2.52739
0.535964
-0.58791
2.1094
2.94777
1.285543
0.3837
0.11271
0.429
-0.9486
-0.77249
0.22147
-0.2324
0.5706
1.2628
-2.48955
-1.3567
-1.436213
NA
-4.64647
-0.22999
1.221313
1.67169
-2.19915
-1.1479
-0.2916
-0.3707
0.1932
-0.0088
-0.8557
-0.328992
0.2236
1.56513
0.7121
NA
-2.166693
-2.57862
0.0558
-0.1149
0.0579
-0.39214
2.886218
6.106529
-0.7305
-0.1657
3.169008
1.23549
0.90421
0.211839
-1.5476
1.9212
-0.06929
1.691768
0.9959
-0.165085
-0.9097
0.40617
-0.3649
NA
-1.60051
-0.47472
1.048653
3.280231
-2.28708
-0.57283
-3.492179
0.1597
-2.21474
-2.2745
NA
0.01949
0.27929
-1.3242
0.98452
-1.2712
-0.96738
0.4961
-0.71814
-0.9862
-1.117755
1.901716
-0.04871
0.0708
0.7799
-0.44116
NA
-0.4113
-1.089297
2.41982
2.509324
NA
-1.76956
0.99169
-0.727795
0.003712
-1.7702
-1.1293
0.0589
-0.4996
-3.089
-4.3614
-0.3524
-18.43705
-0.5802
-0.0408
-0.46592
0.2539
4.473569
-0.3735
-0.316048
-1.218051
-1.843853
0.291633
-2.8881
-0.6267
0.900246
-0.34854
-2.657409
0.4644
0.703286
-0.89991
-1.35497
-0.0109
0.292
0.0932
0.51209
-0.3308
2.32482
1.7983
-0.27121
0.3857
-0.4037
-3.079475
0.00149
NA
0.022388
0.1988
1.964
0.8848
1.7982
1.18019
NA
2.0331
-2.853
0.281774
-0.4946
1.54372
0.828915
-1.455
-0.746131
0.88061
-0.5988
-1.5575
0.4246
0.5533
-1.4796
-2.329
-3.3533
-3.50086
1.5416
1.223174
0.771
-0.4197
0.076
-1.2989
-0.3723
-0.8904
NA
NA
-0.1455
-0.4012
0.3257
-0.2298
0.83359
2.9367
-1.9631
-1.2051
2.18609
11.578
0.65117
-0.387617
-0.9451
0.998
0.4993
2.69001
-2.661706
-0.71219
0.23466
-1.2309
-1.6908
0.32678
1.39318
NA
1.6983
0.9799
5.2926
3.41526
0.89539
0.4718
1.27831
4.440973
0.18479
-0.8479
-5.1198
-0.47605
-1.01103
0.13954
-3.58719
-1.62093
-0.4463
1.1335
-0.442018
0.6573
-0.4639
0.8543
0.34072
2.1998
0.082835
0.3304
-0.4566
3.40025
0.2621
0.61441
3.591147
0.82447
1.7336
-1.6604
1.15941
0.81107
0.8448
NA
1.65142
-0.7064
0.2476
-2.32317
0.89021
0.2297
-0.5607
-0.86377
-0.600563
0.56594
-0.2413
0.999
NA
1.79406
-0.858619
0.1299
NA
2.0279
0.42951
0.2838
-1.13053
-0.50024
0.781
-0.88356
-1.5082
-2.6394
0.127052
-2.752429
0.00324
-0.7759
-0.764463
0.087777
-1.83023
-0.3151
-1.9448
-0.5907
-0.0054
0.2343
0.9376
0.1613
-2.02594
-0.84643
-2.3698
-1.315132
4.4938
0.9145
0.6957
0.490079
-0.4349
-1.03926
-0.2897
-0.1182
4.08709
-0.2161
-0.7679
-0.9073
-1.325165
0.8927
-1.556764
-0.920407
NA
-1.2571
1.1594
0.84077
-1.6875
0.6955
-1.9013
NA
-2.5912
1.0075
-0.1644
-3.7336
0.6905
-0.1166
1.33512
-3.3275
0.9206
-0.354884
-1.1599
1.64496
-0.21554
1.4677
-1.47444
-2.2245
-0.8936
1.04832
-0.27519
0.2856
-0.5703
2.369546
-0.4575
-1.6285
-0.729
1.55643
-0.5024
-1.1274
-0.63913
0.44436
-0.92566
1.763264
-0.376155
-3.0177
-0.8794
-0.01077
1.1144
3.2595
-0.7159
-1.14318
1.8715
-1.416686
-4.12395
-3.17666
4.0567
0.205961
-3.16024
NA
0.4011
0.5289
0.95895
1.5485
0.6431
-0.671076
-0.3863
0.69462
0.2585
-1.1011
-2.42523
0.7286
-0.39828
-0.48068
1.7763
0.35794
-0.64634
1.9989
-0.1352
4.64006
1.3651
1.37029
2.12196
0.5298
-0.8093
-0.252317
1.40593
-0.758828
-0.43901
-0.7136
-0.08078
0.916643
1.035527
0.583037
1.64399
1.35346
-1.46989
-1.45129
0.59001
-0.50206
-0.46171
0.1962
NA
0.2806
NA
0.4429
-0.279068
NA
1.1642
NA
NA
NA
NA
NA
NA
0.5317
NA
NA
NA
NA
NA
NA
NA
NA
NA
NA
NA
NA
NA
NA
-0.6741
NA
NA
NA
NA
-1.02922
NA
NA
NA
NA
-0.649314
NA
1.758051
NA
3.2451
1.2276
NA
NA
NA
NA
NA
NA
NA
NA
-0.4297
NA
-1.7248
NA
-0.72441
-0.36546
NA
0.004319
-0.12998
1.666831
1.00199
0.6714
-2.04721
-0.464369
2.8844
-2.454175
0.206023
-2.23266
-0.7302
0.7877
-2.029
1.2724
-0.506
-0.3766
-1.4025
1.1476
0.28156
0.87182
0.36142
-0.990327
1.113121
1.0696
-3.0728
-0.610014
-0.61116
-1.0759
0.0849
-0.21645
-1.8275
2.517805
0.582637
0.7557
-1.04252
-0.042375
0.7347
0.9026
0.746895
-0.953
1.107124
0.5208
1.8808
0.7212
-3.9618
0.6972
-2.896
0.6273
-3.8594
1.52199
0.1156
0.26229
-0.6728
0.71235
NA
NA
NA
-0.67164
-1.30272
-1.01136
0.26793
-0.72014
-5.10102
-0.2297
8.10448
0.137583
-0.4186
-0.498724
-0.625907
-1.167488
-0.234664
1.495
-0.3937
0.025976
-0.138713
-0.687277
0.398285
-0.512375
-1.4814
3.771654
0.3416
0.83492
-2.703233
0.3371
2.37408
3.40704
0.27118
-1.767876
1.731
3.72974
-1.3785
1.327
0.485079
-4.87673
-0.3557
2.50545
-1.397824
NA
2.1122
0.4924
-0.1043
8.6295
-0.37791
-0.5016
-5.3539
0.4844
0.6564
1.394026
-0.1452
-1.01614
1.135463
0.20128
-0.462
0.68346
2.10012
1.27743
-0.41855
2.77696
-1.04719
0.138351
-0.343819
1.411684
2.3472
2.4425
2.76329
NA
-1.56487
9.31166
2.2473
NA
1.3977
-0.939
NA
-0.1884
1.002305
0.22056
0.6934
-0.0933
0.05876
0.835
-1.6796
0.4006
-2.127193
-1.384
0.9944
0.5936
6.7823
-0.4752
-1.3587
-0.48559
0.3373
-0.0055
-0.09846
-1.746394
1.131581
0.0786
-1.2389
-1.25567
-2.38726
-0.3939
-1.5186
0.595889
1.247663
0.0944
1.0504
-0.071
0.20677
-0.02679
0.2937
1.8933
0.87103
-0.61393
-0.381569
NA
0.799639
2.29334
2.07603
-0.41058
3.02005
-0.12936
-2.597
0.11537
1.40671
-2.2476
-0.6594
-0.70913
-0.79824
-2.7503
-0.31351
NA
1.5919
NA
6.62484
0.666407
-2.305973
2.42861
-2.936311
0.561958
-0.98981
-1.45067
0.729
1.76292
0.5839
-0.10219
0.34561
1.86034
1.01248
-0.7817
-1.8048
-1.33392
-2.162
-0.1849
0.9145
-1.918698
-1.8481
0.0797
0.29869
2.33328
1.85323
-0.79665
-1.51579
NA
-1.34824
-2.2409
-3.09477
-1.34877
0.3933
NA
-1.0691
-2.72818
0.8481
1.76407
1.815152
-2.266463
0.1771
-0.769324
-1.18571
-3.904714
-1.11176
0.22934
-2.80972
-1.7059
NA
0.59506
-0.497261
1.04676
-1.012804
-1.4402
1.3226
1.3885
1.4485
1.23472
-0.3216
0.57438
-1.98748
1.29802
0.6466
1.7871
0.6209
-1.9305
-1.0921
2.0676
1.2092
-1.5094
0.0071
-0.07126
1.2568
-1.8375
-0.0588
1.8423
0.504478
0.9014
NA
-1.907879
0.82413
0.1445
-1.3901
0.94367
2.02934
NA
-0.117
-0.5566
-0.1371
-0.7592
-3.35573
-1.20446
1.61558
-0.06968
0.293262
-0.86077
-0.269
1.9446
-0.269671
1.0209
0.018554
-0.4278
-3.89401
0.045437
-1.62283
0.8677
0.57669
0.857192
2.3649
0.469772
1.90307
0.52618
-1.758819
-0.20202
-2.14335
-0.47606
0.16319
1.92431
1.215681
-0.42253
1.318964
0.28101
0.701588
NA
1.2644
0.3879
0.39928
1.256113
0.51038
0.85446
NA
-1.26445
-2.06538
2.209293
0.944668
0.35765
1.2214
-3.667902
-1.32373
-1.3245
NA
-0.9883
-0.7848
-0.34281
NA
0.11582
-0.5229
0.0894
-0.51346
1.349
2.14257
-0.54361
1.04051
0.563
0.05705
-0.74128
0.82392
-1.3448
1.0083
-1.4232
-0.469
0.0746
1.2454
5.41089
1.4641
0.10186
-0.10459
2.03494
-0.1321
NA
0.513032
-0.2463
3.1205
3.5362
-2.5974
-0.793
-0.087644
-0.90738
0.03065
-0.187
-2.519941
0.1789
-0.7325
0.18621
-0.54135
-0.90724
0.395016
1.344
-0.01813
0.25832
1.0216
1.7051
0.929067
NA
0.1252
-0.6148
0.1061
NA
0.865341
NA
-1.95433
-2.413316
-0.930906
-0.479909
1.71953
2.18853
-3.46675
0.563552
-1.201243
0.306
2.6029
1.8062
0.42646
0.6644
-0.68755
-2.3531
1.222754
0.305292
-0.373879
0.31845
NA
-3.32953
-1.069238
-3.64985
0.714825
-0.359625
1.5832
-0.40385
2.05937
-0.15146
-3.9363
-1.184362
1.757724
0.093534
-0.312921
-1.70696
1.2983
4.2107
-0.0564
0.1275
0.396298
-1.7873
0.7937
-1.768647
1.7559
3.344929
-0.0765
0.59417
-2.360408
1.8737
0.7327
-2.1541
-0.03689
-0.578
NA
NA
0.98224
0.35516
-2.378
-0.78399
-1.60693
-0.86233
-0.2981
-0.58539
-0.8085
0.18446
-2.41931
2.6279
NA
-0.0199
1.4712
-1.8742
-0.35766
0.31291
-1.88426
-1.128651
-1.85655
0.4505
-1.55593
-0.91282
-1.11709
0.83992
-2.71336
-1.657848
NA
2.138
-1.7288
-0.352018
1.780926
0.66796
0.1821
1.492842
-0.9382
1.197122
NA
-0.83794
-3.6336
2.16611
-0.3563
NA
-1.5052
-1.89307
1.5759
NA
-0.16089
1.21451
0.62309
0.301006
-6.20507
2.28287
-0.9078
0.37121
-0.3188
1.59069
0.728894
1.405299
1.01318
-3.516969
-2.6418
0.2113
0.6343
-2.42753
-2.04637
0.163
-0.02005
1.87795
0.4614
-1.467756
-2.8743
-0.16045
0.45404
-0.55669
2.272227
-1.563685
-2.15596
-1.1892
-1.049261
0.10039
2.33225
-0.65235
5.83268
NA
-1.05465
1.1064
-2.848269
0.10354
-0.910139
-0.658974
NA
0.848868
-0.10257
-1.780727
2.2516
11.642248
0.23206
-3.096447
-12.96075
0.42651
-0.36553
3.91782
1.8666
NA
NA
1.7964
-2.7329
0.97095
-2.14215
0.958128
0.6232
-0.88653
-0.5467
-0.1499
0.3205
0.232996
1.0151
0.8414
-0.6332
-0.3657
0.3948
0.40932
-0.7344
0.0203
-1.60835
0.0697
1.3948
-0.811829
4.3428
3.55791
-2.17007
-0.85214
-0.3182
-0.4015
NA
-2.12638
1.0021
0.0743
1.71034
2.4811
0.1209
-1.2901
1.526
-2.10443
0.34094
0.612
-1.7508
NA
-0.50295
0.231042
2.08967
NA
-1.32135
-0.522167
-0.579232
0.634114
1.3106
1.680654
0.0204
-0.921
0.988568
-0.98078
-0.170486
0.6316
NA
1.804721
0.018993
-0.85587
0.96451
-1.22565
-0.9197
-3.11515
0.19245
-1.0368
-8.58626
-0.829
NA
-0.96264
2.0307
NA
3.0067
3.0895
0.78482
0.51239
-0.0197
-1.54856
-2.0544
-0.6527
-0.5553
1.4774
-1.6045
0.84576
0.0384
NA
-0.10521
-0.2049
-0.341972
-2.17684
NA
0.5227
0.45625
0.451217
0.954
2.1454
-1.105784
2.53046
0.423637
-0.79231
0.870717
-1.56122
0.606339
-0.54049
-0.1707
-1.747239
NA
-0.494339
2.5852
NA
-0.02132
3.1205
-2.305199
3.74701
-1.27565
-1.41702
-5.07109
-1.1234
-0.2563
0.37166
-2.8053
-0.50912
-2.75533
-0.536433
-1.852776
NA
0.74908
0.4142
3.04923
-3.938665
-1.8534
NA
2.1545
-2.4174
-1.19328
1.1405
-1.3728
-0.1833
0.7608
-2.1346
-0.2823
-5.5147
0.7826
1.7196
3.1805
2.03753
0.128532
-0.347053
-4.75002
NA
-1.7709
0.2264
7.13277
-0.3456
-0.9221
-2.0609
-0.0424
NA
-2.0469
0.2488
0.9556
-0.1978
1.916389
0.512448
-1.826694
0.5833
-1.622
-0.186422
-2.959028
-0.6676
1.8479
3.10058
2.1547
-1.53946
-3.95903
-1.29414
2.21019
1.3571
-0.40603
1.2192
NA
0.1235
-0.3982
-3.57634
NA
2.234
0.42986
1.0688
-0.46607
0.07173
-1.5115
-4.46745
NA
0.10454
1.51102
-0.342067
-1.224479
4.39617
0.46591
1.01505
-0.62394
1.155721
-5.92569
1.776469
-0.947546
0.14243
1.1314
-0.72711
-6.0065
0.31396
-0.382053
-0.011364
-0.6417
0.117499
-1.257808
-0.60423
0.026969
-2.5971
-0.1499
NA
-0.4094
0.12033
-0.35219
-0.07541
-0.8625
-2.5525
-1.2893
3.57486
NA
-3.4452
0.694054
2.24391
0.81427
5.4871
1.97676
-0.346
NA
-1.9085
0.27
0.99629
1.8932
0.0908
0.2071
1.7572
-0.12136
1.755751
0.36268
-1.64476
0.8244
0.7119
-1.024059
0.51592
-0.2918
1.78477
1.76793
-1.2707
-4.69327
0.545994
-2.16121
-0.8622
-0.3159
NA
-1.2779
1.103205
5.51821
0.52251
-0.75985
-0.30782
-1.39635
-2.4418
NA
0.190891
0.566199
-0.0588
-2.3285
0.1078
1.162273
3.945335
-0.18529
-2.0723
0.7645
0.4848
-1.0137
0.3653
-1.922911
-0.31487
0.68947
-1.72229
1.84571
-0.50379
0.1051
0.911866
0.90423
-0.23145
4.1492
0.1024
-0.7281
0.7255
-1.48287
-0.99019
-0.6325
1.9364
-1.62449
0.707641
1.1813
0.906
1.3938
1.71872
1.716
1.27427
-0.0684
-0.64373
-1.4076
NA
-1.2992
0.531321
NA
-0.1832
0.0495
0.7399
1.7664
2.5004
NA
0.2058
-1.69819
0.549
2.34007
0.8497
-0.88642
0.86679
0.258335
1.234415
-2.825684
0.75734
-3.0582
1.6004
-0.6363
NA
1.978659
-0.4641
-1.0911
1.29244
-0.424254
0.891772
0.91412
-0.0149
-0.9673
-0.6349
-0.13698
2.50014
-1.11739
3.2012
-1.4135
2.18646
-0.3504
NA
-1.46709
-0.6251
-1.366696
0.581734
-2.326375
-0.0231
0.1362
-2.13421
-4.12957
0.83567
0.4588
-6.36727
-0.0622
0.5874
-0.05762
-0.165728
-1.067438
3.680417
0.37069
-1.4681
-1.27714
0.99212
-0.4917
1.1582
-0.17559
-0.1201
-1.5548
-0.2531
-0.3565
0.52805
-0.9097
NA
-0.1789
NA
1.50031
0.2448
0.13762
-0.46021
-0.4525
0.528772
0.35352
0.21935
-0.78313
1.589544
-0.459724
0.077
-2.3153
1.2653
-0.3797
-0.3642
-1.0301
-0.7363
-0.75518
-3.206995
-0.436528
-0.674405
0.91362
-0.45261
-0.17539
0.12008
-0.8121
-0.35393
-2.208526
0.85092
NA
0.01358
0.27363
-1.30677
-1.3024
-0.83427
-0.27474
0.916202
-1.9467
0.82844
0.89361
1.384115
-3.182306
NA
0.68722
-0.51939
4.82743
1.55075
0.6808
1.09156
0.0557
0.8137
0.60678
-1.1204
0.03331
0.2056
-1.4576
-0.5228
0.52475
-0.838839
-2.0611
0.43406
0.609042
2.051361
-0.64312
1.7777
-1.30903
0.418686
0.85927
-0.971036
0.3054
-1.0103
0.8247
-1.1986
-0.61223
0.4662
0.5207
0.8778
-0.0557
-0.18079
NA
-1.06518
-0.0079
0.52533
0.1962
1.1307
1.7964
0.164616
7.22229
-1.468922
0.0968
0.4546
0.48087
0.36419
-0.3565
-0.1418
-0.3396
0.946948
-1.668416
-0.8508
0.623
0.453172
1.7964
-0.5248
-1.8324
1.57007
1.4327
-0.1528
0.5867
NA
-3.50081
-0.90999
0.7898
0.9967
0.005469
-0.6051
-0.460109
1.5889
1.893765
2.46541
2.4357
NA
-1.0178
-1.53436
1.0358
0.39023
-1.8706
-0.207738
1.72191
-1.4501
0.2789
NA
0.13407
1.90196
-2.943426
2.527353
-0.7839
0.3436
0.5967
-4.598638
3.7174
-0.17771
2.047462
-3.352988
5.03008
-1.994461
-0.535842
0.068883
-0.38005
NA
-2.89825
1.75118
0.6333
14.72214
1.47
1.35563
1.1882
-0.4857
0.62557
2.11996
-0.2645
0.43914
2.06093
-0.5679
-1.1851
1.28957
3.7412
-1.6517
1.7957
1.22313
-0.8438
-0.2666
1.01046
3.03151
0.992
-3.1155
0.5335
-1.900388
-1.4535
3.0333
2.2593
0.6055
1.6436
0.023
0.721296
-0.325
-0.56139
1.0912
-0.4554
-1.53868
-0.394834
-1.55754
0.15561
0.8791
-0.2543
-0.09678
1.0711
-1.6788
0.1144
-0.89292
-4.84421
-1.289082
-0.6022
-1.10822
-1.4799
1.07333
-1.3181
-1.5519
0.4671
-3.327
0.59501
-0.228606
0.4549
NA
0.9085
-0.7843
1.016
1.1075
-0.22279
-2.05279
-2.1891
-0.23302
0.57956
0.70737
0.9548
-0.0475
-1.54276
0.1227
-2.4775
2.04424
-0.5318
1.10777
-3.4112
-3.3283
-1.0822
0.78873
2.1972
0.12091
0.4773
-0.8487
-0.8625
0.4104
-0.80404
-0.9354
-0.5476
0.7408
-0.5992
-0.0391
-1.6857
-0.2054
1.98515
0.849959
-0.0166
0.9027
-0.3735
0.851
1.9071
-2.3854
-2.456
-0.0107
-2.1367
-0.9496
-2.0125
-0.3599
0.6373
-0.91079
-1.49997
-0.9623
-10.5239
1.1405
3.1948
-1.22199
-0.913406
-0.9095
-1.1156
-0.09411
0.725122
0.9108
-0.0554
-0.3332
0.0256
-1.3547
-0.17541
-1.4931
-0.2827
-1.14825
0.289
1.26187
0.9186
-0.05836
0.75032
-2.19632
NA
-0.2511
0.7981
0.19965
1.14377
-0.8062
1.0172
-0.48879
-0.0258
0.729
1.79027
1.331733
-0.487
-0.222
-0.576
-1.5462
1.02045
-1.102
-4.05985
-0.8295
-1.43496
-2.44233
1.9377
-0.0976
-0.9085
0.4529
-0.76546
-0.0919
4.04916
0.9548
17.1042
-1.7372
1.4984
0.7479
-1.99695
-0.00224
-0.59865
-0.55763
-1.26914
-0.9142
2.3545
1.4286
2.55563
-0.2958
-1.40195
-0.59208
0.6165
-2.96551
0.92942
-0.14415
-1.805
-1.07679
-1.33718
0.23053
-1.3917
-0.4923
1.3719
-0.57815
-0.16351
0.4815
5.112955
0.48359
-1.18572
-3.60005
-1.44058
0.9889
-0.06273
0.26943
0.3893
1.67155
0.0927
-0.6698
0.65708
3.7109
-0.0168
-0.8421
1.06463
-0.3049
0.87354
0.96232
0.22951
8.2377
-1.5063
0.60184
0.00954
2.1451
0.87847
0.92049
-0.9593
-0.90052
0.74025
-0.1306
1.11813
-0.6441
0.599
0.23867
-4.8715
1.40594
0.2998
0.72479
-1.622
0.3
-2.35915
-1.1815
0.6449
2.20406
0.83183
0.8982
-1.0628
-5.4008
-0.41801
-0.0233
-0.4797
0.90443
0.7082
1.8292
-0.179
-0.47179
-2.52582
0.66803
-4.6795
-1.8671
2.5967
-0.6661
0.18605
0.07441
2.64136
-0.4659
1.019
-1.46961
-3.55392
-0.3017
-0.038
-0.253731
-1.485
-0.1605
0.4212
0.3647
1.1023
2.43328
-2.1719
0.3893
-0.038
-0.72513
-0.45416
-0.3515
-0.2988
-1.39605
-0.2471
-0.97758
-0.704
-0.2928
-0.2443
1.84914
-0.96754
0.7349
2.4095
-1.8265
1.60979
1.243
-1.06306
-0.6962
0.7592
0.44459
0.04715
1.271
2.432095
0.590318
1.28912
-0.23356
1.0143
0.7921
-0.500541
-1.275
0.1456
1.54507
1.4169
0.7484
-1.3103
-1.0416
0.352048
1.1392
2.6401
-0.397449
-0.6881
0.891213
0.312285
1.10451
0.548058
-0.9889
-0.340566
-1.446
-0.7977
-1.6004
1.673065
-0.2368
0.3256
-0.0194
-0.164375
2.473021
-2.644396
-0.8329
0.293999
-1.566431
0.843144
-0.4877
-0.219
-0.917576
-1.5529
3.224854
-0.557746
0.35251
-0.5322
2.177956
3.30659
1.04989
-0.0121
-0.5034
-1.226821
2.0737
-0.062476
3.266351
2.225412
0.9895
0.5865
3.5558
-0.2835
1.6728
-0.878362
1.2002
-0.7515
0.515
1.5642
-1.0979
-1.8153
-0.1866
0.5086
-1.0638
1.8422
-1.436
0.3648
1.3541
-1.1843
-0.1865
1.1746
-0.5301
2.44893
-0.1286
1.7777
-0.2409
1.6305
0.4019
0.2436
1.1701
-1.2414
2.4984
0.9664
-0.5947
0.3269
0.1383
-0.0182
-1.1533
0.0108
-0.2318
-1.3846
0.4149
1.4699
-1.88937
-3.75742
5.8516
1.0869
-3.32105
-1.8173
-0.5092
0.8732
0.2453
1.40664
0.35528
-1.7965
1.19747
-1.64854
-0.8534
-0.252
-0.65419
0.3867
1.3781
0.06582
-0.9231
1.6149
0.89222
2.5185
-3.85242
-0.05434
-0.0349
-1.61182
0.55465
-0.68561
-2.94392
2.1551
-2.3212
0.73401
-0.62715
-0.01083
-3.39635
2.54392
3.46992
3.16612
0.952
-0.3721
0.3041
1.283
-0.64645
3.33255
-1.4664
0.88837
-2.59736
1.3416
0.2598
0.45152
1.3929
0.43773
-0.746186
0.7913
-0.3562
-2.82811
0.4256
3.3611
2.1039
2.4958
1.4616
0.1581
0.361545
1.4473
-0.2993
-0.274
-1.4104
-1.728252
-2.848
0.4603
0.6164
-2.55642
-0.8896
0.9475
-0.8134
0.98088
0.6612
-0.7646
-3.95932
-1.38509
0.8786
2.71552
-2.3159
-2.1252
-3.2342
-0.4924
2.0968
1.0814
-0.6376
-0.5271
-1.0127
3.0016
0.3536
-0.61225
2.5867
-2.5971
0.2041
0.2843
0.5924
-3.485
1.1408
-3.41
0.7953
-1.43247
-0.9419
-3.75851
0.8527
0.2136
-0.8317
1.0757
-0.07527
0.378997
-1.1576
-0.56118
0.3944
-1.8677
1.554
-0.53109
-0.2594
-1.76068
0.0267
-0.69929
1.45346
-1.722
-0.75744
0.875
-5.21582
-1.08499
1.3227
-0.78742
-1.5393
-0.092897
-0.33
-0.5152
-0.4453
-0.7381
1.625463
-0.35091
-0.36412
1.0409
-0.3596
-0.6828
0.536
0.7583
-2.019083
-0.908365
3.7977
1.29772
1.99301
0.5156
-0.0602
0.9026
2.1096
-0.714036
-1.995725
0.7142
0.6656
-1.6961
0.5881
0.4671
-1.5137
-0.537513
-0.732
1.0555
-0.8368
-1.4054
-0.8383
-0.5059
2.1326
-0.2241
-0.51741
1.1929
1.181
1.6272
0.3303
-0.2311
-2.47749
1.10176
-2.05065
2.0118
1.6703
-0.0877
0.35842
-2.3471
0.416831
-1.577635
-1.297152
3.609917
-0.2842
-0.559581
-1.6292
2.190021
0.5309
-1.143209
1.1055
0.1986
-0.773
-0.904996
-2.15336
-0.7238
-1.0268
-1.6421
-1.049948
-0.5101
-1.407318
-1.7584
-0.204087
2.0857
-0.9542
-0.1729
-0.3997
-1.0271
-1.628547
-0.16226
-1.8846
-0.7853
2.5969
1.608941
-2.3575
-0.7516
-0.6423
-1.7361
0.547167
0.3918
1.28191
-0.27213
-0.134934
-0.837396
0.6312
1.7617
-1.885
1.771319
-1.0926
2.1754
-0.5205
-0.343927
-1.128065
-0.6985
NA
0.302498
0.997355
NA
1.1692
-2.732876
-0.7066
-0.545493
-1.0854
-6.4135
-1.745083
1.2653
-1.556581
5.159968
-0.000624
0.6818
-0.30407
0.3299
0.4994
-2.396588
2.9842
0.7732
0.4714
-1.57408
1.627545
1.4533
-1.589729
1.8166
1.3553
-1.367
0.064938
0.44797
0.839308
0.4768
4.62687
1.046111
1.680253
-0.2478
-0.0109
-0.0407
0.174637
0.1124
-1.1009
-3.5912
-1.6607
0.0174
-2.3631
-0.6081
1.836
3.062165
-1.0565
0.052915
-0.5448
1.6821
0.8866
-1.0744
1.607865
-1.968
-0.224
2.3256
NA
0.2065
-2.9978
-0.881772
0.3328
-2.4146
-0.6042
-0.3031
-1.5806
-2.1611
-0.2036
0.512
-0.0783
-0.9439
-2.562
-5.237344
0.4591
0.8062
-0.614088
0.283
-0.8635
0.4978
0.1995
0.1823
-1.5381
-0.1487
-1.0623
-1.1278
2.5956
3.0242
-0.4634
0.444
-1.6957
1.154387
-0.506
-0.7221
0.5573
-1.2597
0.880795
0.3667
-1.3505
0.7782
0.2069
0.9706
-1.3972
0.485114
0.9911
-4.0377
3.0993
-3.697856
-0.5271
0.2864
0.5431
-1.074
-2.7006
-1.0328
-1.274
-5.5433
1.6562
0.3196
0.031
-0.197
1.3928
-0.9603
1.0641
0.60422
-0.7232
1.8505
-0.5378
1.0841
-1.0444
-0.576
-0.2323
1.3827
1.2501
1.6433
2.40019
2.9373
-2.6421
-0.596447
0.3198
1.5685
-0.9271
-1.5815
NA
-0.7716
1.8665
-0.9857
0.6411
1.7407
0.1299
-1.6731
0.1643
0.7281
-0.5661
1.0805
-0.9404
-0.0498
1.21164
-0.0219
NA
0.8299
-1.5152
-0.3539
1.0163
1.1598
0.2392
2.145
-0.9748
2.340125
-0.1255
0.6382
3.265
-1.1551
4.88437
0.31211
0.6288
1.5895
-2.05603
-0.0301
2.180008
0.0445
-1.20972
-0.0802
0.6739
1.7016
-0.65393
3.283298
-0.43462
-1.55288
-0.3266
-1.06279
0.81919
NA
2.245889
0.2214
-1.95842
-0.085956
0.5305
-0.8628
-0.5575
0.480279
2.0225
-0.5575
-1.0401
-0.73537
-2.6326
1.0178
-1.16029
NA
3.35936
0.0212
-0.4984
1.33892
-0.5386
-1.261281
0.32583
-0.44774
0.016323
2.145
0.0382
-0.192888
-0.158403
-0.80175
-1.229356
-0.7944
0.5541
-1.8534
1.023339
1.7452
0.197083
-0.77273
0.84338
2.272646
2.19183
-1.2449
1.7436
0.0253
0.278401
-1.518845
NA
3.26133
1.5015
-0.86187
-0.1963
1.8497
-0.46
0.8727
-2.23012
-1.88742
-0.9333
-2.3167
1.74451
2.5221
0.31511
0.9086
1.10988
-0.4964
0.0829
1.82546
0.46635
-1.35891
-0.08766
0.9574
-0.0228
-1.67641
1.672727
NA
3.50065
-0.13928
-0.221
1.7048
0.2744
-1.324512
0.0814
2.733
-1.72819
1.41236
-0.3206
-0.49551
0.00443
-0.938761
NA
0.615033
-0.7633
0.457
-0.725549
0.9483
NA
0.21533
0.44069
0.11746
4.18031
1.63303
0.183046
-0.7523
2.15522
0.64182
-0.0622
-0.2594
-0.99092
1.0493
0.13845
-0.2435
-1.060215
-0.994394
4.17727
1.166012
1.36017
-0.6394
0.65773
0.5581
NA
-1.34557
NA
2.20626
-1.2731
2.2062
-2.15243
NA
-3.87557
-1.6892
2.7654
2.1069
0.0622
-0.301
-2.664183
-0.93517
0.49898
0.8939
1.11477
1.6578
1.0794
-0.039352
1.189
-3.8116
-1.44936
-0.84093
0.54317
0.6236
1.98418
3.64521
0.949851
0.03303
0.7866
-2.06203
-1.2389
0.5227
-0.65044
0.480887
NA
0.077
0.8778
1.19984
-0.8166
6.978113
-0.60815
0.11207
-3.3245
0.05104
2.171625
-5.296782
0.895756
1.52962
-5.0255
NA
0.47852
0.93861
-1.02914
1.2465
0.478669
2.0349
-1.866805
-0.8243
-0.324
0.316774
-0.1795
0.79227
1.2189
-3.05665
-0.857757
0.2454
-0.331
3.045931
0.41689
0.304
-0.40039
0.7519
-2.100148
-0.64129
0.3557
-1.64532
0.89547
-0.8041
-0.587835
-0.935116
0.15667
-0.848954
4.78313
0.84381
-0.1188
NA
-0.3218
-0.4343
-0.9323
-0.775
-4.4535
-0.61874
-1.64315
2.5334
-0.27072
-0.6018
-2.3404
0.7927
-0.4288
0.7734
4.0106
-1.9795
-0.2548
1.6646
-4.623
1.64889
1.225485
0.4833
-1.568
-0.325979
1.18475
-1.10608
1.6218
0.108
0.48199
NA
0.1679
-0.0232
5.772669
-2.89428
0.08646
0.9396
0.930859
-1.076198
1.4808
-0.8864
2.0733
1.5913
-0.831117
-3.080783
-0.4543
0.9261
0.26229
1.11067
0.5601
NA
-0.7546
1.635385
0.4477
-0.8279
-0.9861
0.111687
-1.47918
0.0938
-3.0118
0.31797
1.9123
-0.706
1.1533
-0.5046
0.0063
-1.3248
-2.7695
1.9804
-1.2717
0.8432
-0.3508
1.1082
-0.011315
-1.3769
-1.230346
0.64408
0.723007
-2.4459
0.882709
1.604286
-0.63392
0.225
0.8881
-0.125043
0.7441
0.7437
1.348983
2.8988
3.27223
0.5118
2.085418
0.498267
-0.4367
NA
0.709839
3.0237
-0.6124
0.919177
1.9915
-0.7312
-0.460282
0.4788
-4.239925
-0.8639
1.09323
-2.679378
2.34376
1.6513
-1.9596
0.8801
4.12555
1.665
1.29301
-0.730599
1.1506
1.7245
-0.5654
-1.1104
2.11653
-0.871668
0.538998
-0.7905
-1.060046
-0.1739
-0.7287
0.294033
-1.256704
0.182939
-0.8657
-5.3847
-2.141758
0.49476
NA
0.2286
-0.9422
0.3299
-1.116794
0.72497
-3.287
-0.0818
0.9332
-1.9997
0.82684
0.3239
-1.8811
0.4419
-2.182904
1.1303
-0.29468
-0.88376
-0.173
-2.7795
-0.449025
0.177368
0.8679
0.3018
-0.0214
-2.866427
-3.291894
-1.999814
4.5809
-2.17203
2.05249
1.887228
-2.2827
0.21102
-0.48977
-0.9757
0.4454
-2.2189
-0.5512
-1.927989
-0.694439
-1.7365
2.6115
1.0858
0.339019
-2.45506
0.8075
-0.5579
-3.433224
0.1464
-1.33471
0.7868
0.546
-1.40311
-1.8361
0.0806
0.4706
2.555947
NA
-1.004138
-1.099158
0.5008
2.0611
0.5023
-1.4298
0.6237
0.26671
0.107289
1.41219
-0.28716
0.59816
-0.0025
-0.336
-0.593594
-0.144563
-0.379572
3.1205
-0.5387
0.28571
-1.50526
2.0595
0.1951
3.2099
0.90411
-0.65843
0.3976
-1.416
0.5106
-1.0037
0.2133
0.3658
1.0048
1.1002
-0.27607
-1.4133
-0.91496
-0.5993
-1.691507
0.1414
1.25984
1.2881
0.6817
-0.2146
-0.06392
0.5771
-1.0013
-3.1814
0.4224
-0.68514
1.28121
1.6325
0.6515
1.46898
1.5916
-0.7638
1.0853
-3.24378
2.23326
-1.8903
-0.2834
0.82433
-1.926
1.18333
-1.1721
NA
-0.0864
0.9905
1.175201
0.2473
-0.665
-1.1499
1.4542
-0.7921
NA
1.615744
NA
2.6653
1.4585
1.0062
-2.02466
0.2697
1.4119
-0.34974
-1.4854
0.2121
1.4308
-1.475638
-1.1331
-2.0432
-0.34747
-1.2524
3.5331
-2.1156
-3.7796
-0.9606
1.2131
0.15859
-0.0877
-1.1384
2.13824
1.01766
-0.2852
1.7101
1.5726
1.680816
0.63486
0.4958
1.0144
0.19688
-0.22914
3.590107
4.32578
-0.3831
-0.4868
1.432806
0.1602
-1.1602
NA
1.7964
0.1989
0.70072
1.1814
-0.24656
-0.070143
-0.146
-0.904
0.1757
NA
0.560132
0.366089
0.256685
-1.41102
1.03303
0.58736
-2.69984
-0.560764
2.13116
-1.11853
1.32859
-2.33815
0.2664
1.8827
0.3026
-1.03157
0.979193
-0.3351
0.4429
-0.95196
0.53086
-0.746513
-5.15277
0.5129
