-0.99134
0.26379
-1.43621
1.55728
-0.74523
0.7448
-3.3108
-1.02281
2.9728
1.1052
-0.0446
0.1002
0.6565
0.6215
-1.5086
-1.0226
-0.3887
1.7026
-0.2783
-1.2309
1.2268
-2.4117
-0.2115
1.6734
-0.6616
-0.19227
-0.5773
0.6759
-1.29112
-0.45816
-0.874
0.4394
-0.887
-1.48926
-2.6981
0.5408
-0.6335
0.2042
0.96848
2.5235
-1.5187
1.0305
0.2241
1.671
1.68566
1.3429
1.3494
1.2658
1.02852
0.7803
-0.63705
0.21636
1.3036
0.2435
NA
-1.42443
-2.4231
0.4457
0.0905
1.17663
-0.8102
-1.4173
0.4836
-0.6665
-0.2523
-0.8564
-0.69934
-0.1675
0.5526
1.6496
-1.9423
-0.36184
0.2556
-0.2144
0.30204
0.8026
-0.5633
NA
0.6228
-0.28801
-0.9895
1.20801
2.3356
1.0461
-0.8877
-2.083
0.00292
-1.58
1.4714
-0.3923
0.89582
-0.81128
-0.82677
-3.47177
-4.1039
-3.1998
0.6356
-0.12135
1.0672
-0.8458
1.5191
0.2012
-0.9488
-0.27287
0.89108
0.04086
1.75046
0.6331
1.308
-2.05074
1.2022
0.8478
-0.44649
1.9874
1.1478
NA
-1.6479
3.10533
0.89093
0.20004
NA
0.9589
-2.4367
2.09963
-0.0138
2.8277
-1.06716
-0.4658
1.1276
-0.01196
0.7574
-0.8277
-1.41717
0.54201
-1.6265
-0.5029
-1.72446
-1.3236
1.0548
-1.63345
-0.64061
-0.2234
0.30818
-1.1352
1.53496
-0.1606
0.7392
1.2495
-0.116
-0.0861
0.1209
1.3757
0.0683
-1.45901
1.9481
-1.7929
2.0212
3.0902
-1.57789
1.0899
-0.01714
-0.957
0.92046
-1.2156
-1.0386
-0.08439
-1.19195
1.6209
0.7244
-0.8918
0.04457
-0.3509
0.0704
-0.4889
-0.2486
1.73891
0.74073
-0.4168
0.3986
-0.201
2.14467
-1.5378
-1.4806
-0.8684
-1.2175
-0.5746
0.36395
0.26863
1.7539
-4.2589
0.37254
2.0048
0.5142
-0.9465
0.2681
-0.13132
0.3618
0.9688
-1.2637
-1.18084
0.06147
-1.15751
0.5629
3.1563
1.4279
-0.7915
0.5666
1.6358
0.2684
-0.01328
-0.05628
0.1638
-0.0352
1.3991
1.0269
-0.29875
1.911
0.569
-0.2079
-0.3821
2.5277
-1.8749
-2.7702
-0.7744
1.4935
0.6917
-0.0561
-0.4058
1.02444
-0.5037
-2.4667
1.9368
1.2421
0.67695
1.5196
-0.6623
-0.1779
-1.6848
1.4581
-0.69918
-1.02122
2.4786
-0.98838
0.26231
-1.23672
1.71199
-0.2561
-0.6512
0.2694
0.4474
-0.0328
-0.0272
-0.347
1.9347
0.4564
-0.5313
0.6682
1.09
-0.8211
0.9943
-0.4802
0.0683
-2
-0.7628
0.4585
-1.0997
0.7052
0.5743
1.0869
0.5259
-0.8631
0.4356
-0.5618
1.3055
0.6707
-0.6036
-1.5397
1.3957
1.5566
0.0627
1.1477
-1.1259
-1.8665
1.3419
0.5928
-0.3291
-0.784
0.0709
-0.4183
-1.6068
-1.2677
0.7742
-0.1504
0.1912
0.2997
0.9226
0.6898
-2.424
-0.246
0.2201
-0.2922
-0.4267
-1.2856
-1.12637
-1.18496
-0.19446
0.2291
2.3295
-0.6369
0.9361
-0.4755
3.3023
0.68866
-0.41614
0.5349
1.0251
0.44045
-0.44974
0.85
1.57795
1.27981
0.46977
-1.73879
0.4966
-0.2489
-0.3027
0.15378
2.1174
-0.2013
1.5434
-0.7303
-1.0397
1.2991
1.8571
-1.486
0.7004
0.8266
2.1159
-0.473
0.0369
-2.3678
2.5534
-0.3014
-1.0037
-0.1998
0.9385
2.4891
-0.6458
0.117
-0.5454
0.4997
-0.2858
-0.7749
-0.6729
0.8662
-0.9877
0.3842
-1.2899
-0.2976
0.9738
-0.2783
1.3951
0.9369
-0.8581
0.2184
NA
0.7651
-1.0997
1.9149
1.5857
1.1585
-1.8817
-1.714
1.7145
1.1491
1.7771
-1.6261
0.3897
0.9894
0.0621
-1.952
-0.4034
-0.938
1.1777
-0.77327
1.20425
0.41381
1.8589
0.18633
-1.59119
-1.17186
3.26086
-0.38227
-0.27676
-0.91892
0.36558
0.94829
0.18234
-0.59175
1.5718
3.2384
0.7651
-1.47691
1.19247
-1.0689
1.17114
-0.13408
-0.4951
0.04776
-1.8988
-1.04238
0.1956
-0.1803
-2.23669
2.283
0.54583
0.9848
0.41424
-0.3953
-0.234
0.1066
-2.3286
-0.2553
-0.9463
0.2819
-1.1534
0.2439
-2.2459
-1.1204
0.1408
0.6021
0.1016
2.8686
-0.0911
0.4461
-0.0331
0.4277
2.0215
-1.3636
0.965
1.7193
-0.9304
0.2919
-2.3721
-0.1832
0.1339
-0.743
1.2004
0.7844
-1.9424
-0.4252
-2.02464
0.92133
1.9096
0.50765
-1.02758
-0.17511
1.70029
1.29038
-0.05504
2.1834
-1.2801
2.0589
2.00438
-0.4114
-0.80456
0.01912
-0.55177
-0.81157
0.27792
0.17267
1.23986
NA
-0.0218
0.9323
-1.5313
-0.9317
2.3157
-1.4231
-3.4768
1.4441
-1.551
0.6139
0.0322
0.1576
-1.406
0.0794
0.0213
0.3958
1.3294
-0.0457
2.7572
-0.6546
-0.662
3.8669
-1.32111
0.4617
0.54672
-0.61248
3.2049
1.47862
NA
1.28099
-0.2954
0.59714
-1.3944
-2.4659
0.93726
-0.0553
0.88874
-0.1235
-0.532
-0.532
-1.6415
-1.6932
0.0292
0.20158
-0.46376
0.93187
-0.03758
-0.7897
0.82927
0.06643
-0.8347
-2.3581
-2.5765
1.33185
0.353
-1.0869
-0.32603
0.68281
-0.30913
0.42863
-1.618
1.0518
0.8227
-0.1997
-0.0192
0.65455
-0.40058
2.12943
0.67094
1.89614
0.80933
0.08809
2.0209
0.3607
1.71511
1.7479
-1.79244
2.27213
2.11724
0.3168
0.40559
-0.0601
1.9911
-2.3167
-1.19802
1.7934
2.2417
2.0216
-0.4597
0.846
-1.4375
1.3937
-0.1374
-0.90822
-0.43956
-0.86283
0.37823
-0.4323
-0.07389
-2.77
0.24119
-1.0683
1.9043
-1.9339
0.4323
2.0356
-1.53381
1.0469
3.6082
-0.0018
-0.0133
-1.7944
-2.0342
-1.2159
-0.267
-1.2462
-0.3305
-0.12521
-2.18939
-0.9482
3.0076
0.1368
-0.9318
-0.66795
0.6717
0.44073
0.68347
-0.1125
-0.44521
-0.90319
-0.372
0.3678
0.8941
0.0138
-0.8896
1.11887
0.00549
0.95627
-0.8925
-2.4341
-0.89581
-1.444
-1.2484
-0.1682
-2.2388
-1.38653
-0.4006
-0.1188
0.20407
1.5598
0.1648
0.4179
-2.0941
-2.3571
0.5537
-0.75762
1.6137
1.7292
NA
NA
0.2378
NA
0.44375
NA
-0.7546
1.2742
0.23213
0.21864
-0.3349
-0.7606
2.4963
-0.272
-0.3017
1.8868
-0.12835
1.176
-3.1924
-1.54602
0.4056
2.6942
0.2074
-2.0466
-0.8236
1.7253
-0.9558
0.935
-0.2573
-0.43
-0.2393
1.8153
2.6399
1.02781
-1.12684
-0.5563
-0.84
-1.5063
0.1762
0.6018
1.0855
0.7927
-2.19999
0.37815
-0.16563
-0.094
1.35476
0.40973
-0.4745
1.0235
1.65175
0.1834
1.5683
-1.8551
-0.1977
-0.82485
-1.2465
3.4871
-3.5417
1.6559
-0.8016
-0.8325
-0.1738
2.74663
1.8097
0.7204
0.4796
-0.2479
0.52696
-0.473
NA
2.6144
1.14747
-1.1448
-1.2428
-0.53664
-1.70042
NA
-0.65493
1.92297
1.00807
0.01919
-0.01746
-0.0613
-0.0244
3.05646
3.1863
1.4258
0.0422
2.18759
0.6389
1.1843
4.3095
-0.7087
0.3975
0.51156
2.5334
0.7523
-0.23133
-0.01583
3.3017
0.0751
0.4909
-1.04706
0.983
0.0904
0.28963
-1.1933
1.40079
-0.96574
0.9311
-0.75347
-0.745
1.6264
-0.3057
0.20089
1.8776
0.48826
-0.1714
-1.67571
-1.2495
0.3578
-0.9121
1.169
-1.5991
-2.10936
0.32159
-1.7714
-0.563
-0.4461
-2.2224
0.93865
-0.5499
2.1308
1.3668
-0.9209
1.0322
-1.3714
-0.9123
-0.08955
0.4133
0.5018
-1.47097
0.0456
-0.14678
0.84015
2.18727
-0.2576
2.6208
-0.9959
0.86195
-1.88613
-0.8193
4.1518
0.7454
-1.436
-2.17365
0.60398
0.9843
-0.0536
0.4008
1.6888
0.2554
0.16514
-0.63708
-1.46078
-1.1521
0.3108
0.3646
-0.74855
-0.49988
1.35651
0.37605
-0.0256
0.1836
1.98446
0.6452
0.8384
0.46964
2.96495
1.0027
-0.7132
0.8536
0.8956
-0.3937
-0.9118
-1.4954
1.4216
-1.4301
-0.4598
0.323
1.2097
0.97062
-0.97935
-1.4063
0.8496
0.6163
-0.243
0.59
-1.435
1.0907
-1.0781
1.0505
-0.01748
2.45513
0.08559
-1.16398
-0.61132
NA
NA
NA
NA
2.06557
NA
-0.2879
-1.1977
2.3981
0.5235
1.4125
1.6006
-0.1215
0.4764
-0.21887
-0.65876
-2.00558
-0.4944
1.9848
1.85116
-0.8456
0.10556
0.8925
3.65779
1.18333
0.02093
1.65897
-0.8986
-0.212
-1.5061
0.60256
-1.01297
-2.55578
-0.28954
1.4176
-1.3159
2.4066
0.0129
-1.2869
0.207
1.3913
1.5897
0.7584
-1.7458
0.1762
1.0035
0.7433
0.1054
-0.4246
-0.2641
1.1156
0.1877
0.9993
0.0133
-1.3094
0.9545
-0.7345
-0.4547
0.5135
3.8246
0.77361
3.0699
0.6898
0.10058
0.7053
1.7381
-1.39749
-2.29141
-0.60306
0.76433
-1.2418
-0.30326
-0.55307
0.14393
1.32276
-0.5057
1.494
-1.76511
1.676
-0.98514
0.63375
2.11098
-0.5045
-0.5
0.00323
-2.1867
NA
-1.0345
1.2519
0.67
2.8709
0.9932
0.7619
1.1295
0.99467
-0.45455
0.48407
1.3881
0.41072
-1.3313
1.20598
0.8377
-0.96994
-0.17573
2.426
NA
-0.43401
0.5693
-1.1186
-1.60316
-0.78712
0.39065
1.96018
1.78471
-0.38133
0.84683
-1.09158
-1.2254
-0.01887
0.48836
0.6441
0.97634
0.8764
1.93579
-0.78186
1.29979
0.5144
0.2636
-1.6415
1.9008
-0.9757
0.3551
1.2689
-3.7215
0.3865
-2.0477
1.3595
4.1729
-0.2306
1.78196
0.6748
-0.28167
1.80991
-1.62208
0.78421
0.9294
NA
-1.2289
0.0495
-0.0796
-0.4765
-0.3728
NA
-0.25915
3.05054
-0.42405
-0.08475
-0.7971
1.30704
1.75662
0.4013
1.0918
1.22309
-0.6277
-0.5119
0.0719
-1.5876
-0.2766
1.3111
0.5471
1.456
1.4406
-0.5167
-0.628
0.7015
0.6763
-0.8682
-1.67092
-0.36622
-0.0499
-0.96076
0.6217
-1.03625
-0.50242
0.2954
0.90598
NA
-0.02553
-0.574
-1.3994
-1.84567
0.9625
0.1126
-2.6877
0.696
-1.682
-2.163
0.0469
-0.2015
2.0978
2.7802
NA
-3.3999
0.1958
1.4683
3.3958
1.7186
2.9861
-1.2622
0.8334
0.566
0.9387
1.3748
1.4671
-0.5976
-1.5692
1.8905
-0.3486
-1.586
1.3081
-0.2246
0.78103
1.21239
-1.24559
-0.38428
-0.4146
0.63756
0.6906
0.1312
-0.6551
-0.58624
-3.6813
-0.7067
-0.4218
-0.4226
-1.2145
0.65029
1.00872
-0.4351
0.3711
0.16496
-2.4046
0.2514
-0.3266
0.85664
-0.7503
-0.15809
0.46719
0.69964
-2.0412
-1.1866
1.0763
-0.93831
0.83111
-1.56205
-1.97309
1.3164
0.29795
0.1913
-1.8195
-1.12313
1.8025
-3.0543
-2.35398
-0.43333
0.9265
-1.43054
0.6881
-0.17225
-0.0246
1.62135
2.793
-0.77309
-1.5344
0.6772
0.34519
-1.0934
-0.2291
0.5521
0.7554
-1.0559
-0.0689
1.9969
0.3875
-0.16991
1.30448
-0.07281
-0.3225
0.3237
-0.20179
1.40189
0.5518
-1.836
0.25688
-2.2666
-0.8661
1.0788
-1.5136
-0.6389
-0.4837
0.8192
-0.1944
-1.83894
0.6783
0.2217
-0.16353
-2.8918
-0.8584
-0.58395
-0.52333
-0.1834
0.614
1.13748
NA
0.4737
-0.19457
-2.58971
0.8129
-0.04219
-1.1455
2.3483
-0.335
-1.48527
0.65612
0.44189
-0.13773
-0.62324
0.1518
1.99027
1.0075
1.89737
-1.55282
0.8967
-1.0619
0.1093
NA
-0.8076
-1.03509
0.05857
-0.78291
-1.32601
0.0091
0.2537
-0.01424
0.13527
-0.2688
-2.4745
2.0606
-0.9168
-0.2774
1.3914
0.9397
-0.3231
-1.9352
0.2465
0.397
-1.262
-0.81992
-0.19886
NA
-0.52261
-0.2041
-2.2996
-1.879
-0.7541
-2.52561
0.06516
-1.85559
-0.9932
-1.65378
-0.72018
0.4812
-0.00443
-1.01488
1.6109
-0.03727
2.1367
0.27815
-0.85014
-0.6149
-1.75066
-1.15638
-3.7678
-0.3022
0.6921
0.29718
0.3264
-2.4711
-0.14931
0.46598
0.57418
-0.6158
1.0577
-0.50168
-0.8768
1.97487
-1.83612
-3.3379
-0.46954
-1.2004
-2.0272
-0.2204
-1.4859
1.65407
0.5623
0.4966
-0.606
0.08737
-2.04699
-2.3592
0.3262
-0.4261
-0.16741
-1.3067
-2.4126
-1.5849
3.3858
-3.7306
0.08597
-1.2971
-0.4479
1.2844
0.3111
0.17635
-0.4945
-0.2264
-2.2069
1.7332
2.1045
1.7309
-0.9332
0.10427
-1.29363
0.1991
-0.1422
-0.8573
-1.2348
-1.3093
1.5964
-1.5649
-0.2778
-1.5982
1.6534
-1.3138
-0.2895
NA
0.56598
0.2305
0.34543
1.2188
0.5881
-1.1759
0.1329
-0.2501
-1.0894
1.0986
1.4867
-0.95958
2.8613
-1.94557
-0.2045
1.2658
0.3802
-0.95364
-1.2378
1.87366
0.4976
0.50293
1.2832
1.67192
-0.8855
-0.2527
2.8065
-2.0874
0.2342
-1.11727
0.3038
0.338
0.94351
1.0579
-2.28162
1.4956
-0.46624
0.7781
-3.0508
-0.2466
0.4585
-0.69591
NA
0.00878
1.1623
1.6112
-1.91123
-0.64508
-0.6157
2.752
-0.4968
-0.5945
-2.4486
-0.79403
0.21667
2.3021
-0.2886
-0.4804
-1.2228
1.8606
-0.3203
2.0335
0.5934
-0.4187
0.119
-0.5953
0.3907
1.93095
-0.86722
-0.4413
-0.11982
-0.98607
-0.5867
0.11665
NA
0.17862
1.0276
-1.5653
1.5153
-0.82
0.1221
-0.7005
-0.64047
-0.36083
0.035
2.6095
2.0835
-1.613
0.39799
0.19391
-1.6996
0.384
1.0175
1.1264
-0.4296
-0.0576
-0.9282
0.8233
0.2366
1.4138
1.81934
-0.36446
0.7877
1.7255
0.3672
NA
1.52838
0.1938
2.64329
-0.91075
-0.1284
-1.1008
-0.0685
-1.5156
0.3841
0.2446
0.6146
1.0512
-0.402
-0.6913
-0.1071
0.2174
-0.6474
0.7585
-0.1286
0.3096
1.56584
0.0739
-1.2711
-2.4921
-1.8655
-1.492
2.10417
1.7049
-0.5468
0.75834
1.00189
-0.7225
0.1493
0.7628
-1.26901
1.9523
1.2876
-0.4803
-1.07002
0.2821
1.08221
-2.135
-1.30508
-1.0152
-0.9798
1.24275
-1.7108
0.9473
-1.1341
1.6898
0.7244
0.80857
0.4943
-0.20226
-1.8142
-1.7084
0.589
0.2753
-0.8286
2.1264
-1.21568
-0.0979
-0.52976
-1.57884
1.499
-1.0803
-0.837
-1.09233
3.3909
0.4354
-0.7976
0.7661
0.7622
0.6932
-0.82957
-1.2731
1.1599
-0.5794
NA
0.3012
0.7655
1.2337
0.2487
1.0688
-0.4925
0.68728
-1.01825
-1.6037
2.4177
-0.5512
-1.00339
-1.715
-0.6168
0.1999
-0.2078
-0.66198
-1.09932
-0.8496
0.141
1.59616
-2.032
0.47183
-0.5118
-2.6284
1.6162
-0.44421
2.3855
2.6059
1.3541
1.156
0.6751
5.2908
-1.93556
-0.2136
-0.41299
-0.9016
-0.4536
-1.5419
0.1272
-3.725
2.6756
-2.2697
-0.53046
1.1624
-1.0481
0.0408
1.2072
2.9021
-2.75155
-0.0497
-2.54962
-1.4962
-1.49398
1.6662
0.2143
-0.9767
-0.9261
-0.66553
0.7994
-0.02332
-2.2366
1.032
-0.6318
0.42658
1.2001
2.05728
-2.2951
-0.1813
-0.3105
1.53034
-0.0119
-0.07024
1.3035
2.1542
-3.8003
2.0112
1.2719
0.63036
0.5432
0.09886
-2.1832
0.3125
-2.5849
2.9553
1.1005
1.6429
0.48576
0.6899
-2.3726
-1.8486
-0.6598
1.098
-2.601
-0.50523
-1.2193
0.5845
-2.5338
0.4648
0.30105
0.8333
1.884
0.74166
0.55208
-0.1268
0.77298
NA
0.4479
-2.0471
NA
NA
0.5945
-1.6278
NA
0.7149
0.8748
0.1412
0.5633
-0.397
1.4122
-1.1678
-1.068
0.6447
-0.1941
-0.909
1.6381
1.44698
-1.4669
-2.1043
-0.90227
-2.71559
0.2592
2.067
0.38829
-0.7534
0.4078
-0.25368
-0.10022
-2.2295
-1.1593
-1.3031
-1.5662
0.3698
-1.02771
-0.4361
NA
-0.2838
-1.9963
-0.70973
2.42246
-0.104
0.69656
-0.3056
0.01888
-0.8333
0.8952
-1.0428
-0.52195
0.05781
0.9171
-0.50189
-0.4949
-1.15606
-2.2647
0.9571
-0.9838
-0.65298
-0.2521
1.8518
0.7692
-0.9147
3.0774
-0.0605
-0.2478
-0.5866
0.73339
NA
NA
-0.24558
0.0401
-1.3192
0.6655
NA
-0.4836
0.40144
1.4782
-1.3852
-0.22642
0.33672
0.0571
-1.74094
0.8352
-1.4047
-0.79
-1.14238
1.4406
-0.46983
-0.1367
1.3716
-0.5132
-2.2419
-0.0399
-0.6475
1.5039
-0.3319
0.9531
1.3476
-0.3345
-0.3627
0.3321
-1.16906
1.64546
-0.0907
1.14319
-0.9108
0.2101
0.6515
0.2755
-0.4648
-0.2943
0.60775
0.00689
1.1561
-1.3404
-1.3815
1.0428
-0.803
-2.3893
-1.7991
-0.32809
0.37504
1.119
-0.3042
-0.90191
0.7303
1.94997
-0.621
1.9738
0.51517
-0.03099
2.54335
-1.4531
0.4436
0.55603
NA
0.1555
0.7341
0.83679
-0.5883
0.7742
-1.0307
-0.4408
0.49948
2.1829
-1.5666
0.621
-1.91196
1.0503
0.2179
-0.8598
1.4585
-0.2715
-0.5904
-0.9749
-0.99159
0.5345
1.7543
1.21676
1.0669
-0.49198
1.8576
1.36102
0.97833
0.1733
1.9214
-0.7553
0.43741
-0.5678
-0.6728
-0.18456
1.7746
-1.5294
-1.7654
3.1112
2.7861
-0.12741
-1.0338
0.20399
0.1983
NA
0.96519
0.3455
-0.26454
0.1383
1.0006
-0.2453
1.1593
-1.0518
-1.1681
0.3425
0.86855
0.5176
0.25818
1.1832
0.2246
-1.50935
0.5517
-0.9443
0.2651
-0.6329
-1.6834
-1.9946
1.5977
-0.2153
NA
2.6665
-1.4332
1.1827
0.113
-0.0039
-1.18001
NA
-0.461
-0.6854
NA
-0.8039
-0.8031
-0.90783
-1.0326
-0.0193
-1.16151
1.48004
-0.00905
0.2385
0.8955
-1.7198
-0.1003
0.9841
-0.1769
-1.6473
-0.47907
-0.91022
NA
NA
-1.0471
1.0179
4.0887
1.69137
1.07063
-0.09859
-0.1081
-0.4316
1.4611
-0.7402
0.296
0.25295
-0.6404
NA
-1.0163
1.055
-2.6375
NA
-0.197
1.6601
1.2079
-0.2404
0.823
-0.7208
-0.34119
-1.6264
-2.8529
-0.9524
-0.2077
1.7422
-0.1462
0.0288
0.5976
-0.7211
0.6595
0.6008
-0.1873
-2.171
NA
-0.4588
-0.7594
1.1878
-0.6799
0.3197
0.3026
1.7162
0.3578
-0.0836
NA
0.1228
-0.9671
0.65792
-0.6451
-0.45328
0.0794
-1.687
1.9953
0.7556
0.4656
-0.5218
-0.8738
0.98011
2.7514
-0.90613
1.8958
1.10791
-0.95815
-1.1943
1.6637
-1.95053
-1.65272
1.0914
0.75304
-0.18257
0.4857
-1.7084
-2.2991
-0.54823
1.6872
-0.8919
-1.9374
-0.1637
-0.6104
0.7183
-0.71892
-0.7719
-0.4474
1.30344
-0.75124
1.0586
0.4226
0.37639
-0.12722
-0.3495
-1.086
2.0056
0.1423
1.0669
-0.08578
NA
-1.972
-1.4057
0.8335
1.6525
0.4141
0.93774
1.5775
-2.23782
-1.5009
-0.2726
-1.1369
4.1024
-1.5581
-0.2049
-0.2257
-1.7792
1.0004
0.9447
-1.17338
1.38439
0.95228
0.46343
-1.01821
-1.0767
-0.29166
1.63914
0.0182
-0.15271
0.60947
1.0209
0.87663
0.93959
1.2292
-0.31479
2.1108
1.7091
-3.0555
3.10415
-0.63866
NA
-0.6712
NA
NA
0.39052
NA
NA
-1.1001
NA
NA
-0.9922
NA
NA
NA
NA
NA
NA
NA
NA
NA
NA
0.9012
NA
-1.25574
1.2733
0.2655
0.255
2.4731
-1.7808
3.2931
3.2931
-1.2037
-1.77014
-0.35907
2.5407
0.3519
-1.82527
-1.3858
0.70417
1.7954
-1.6802
-0.8151
NA
0.1662
0.3619
-1.3237
-1.8905
1.5196
-1.2747
-0.3707
-0.91422
NA
NA
NA
-1.2071
0.6371
-1.718
-0.06938
-1.5805
-0.5663
-0.7542
1.79518
1.86
1.4957
0.55506
-0.41402
-1.0716
0.0078
-1.197
-0.5279
0.2349
-0.3268
0.5698
1.1198
2.4591
1.6947
-0.3296
1.6623
NA
-2.2066
-1.3301
-0.197
0.52255
-1.3053
-0.7573
-0.12086
0.9559
0.4435
-1.0155
1.7054
0.41845
NA
-1.26221
0.83052
-0.5227
2.0502
0.7853
1.2907
-1.3165
-0.8623
0.11422
-1.4545
-0.0074
-0.0973
-1.05514
-1.12981
-0.6152
0.59982
NA
-0.92164
0.8076
-0.84486
NA
2.6804
-0.43318
0.805
-1.5744
NA
-1.69442
-1.1709
-0.2947
-0.33163
-3.4037
-0.38738
1.2449
0.7316
-1.153
-0.6917
1.8558
-0.0079
0.15369
-0.3885
-0.34553
0.1607
-0.6035
NA
0.02098
-0.21007
-0.1003
NA
-0.00336
1.42678
-0.0483
0.9059
-1.4173
0.9754
-0.86808
0.3853
-0.6077
-0.7246
0.4547
2.2703
0.9653
1.1142
0.97947
NA
-0.948
1.1048
0.5419
1.6901
NA
1.14413
-0.1042
0.0375
0.0371
1.2971
NA
NA
-0.4617
1.45993
0.4423
-1.5663
1.3456
3.3657
-2.2608
1.54154
0.3317
0.2962
0.75144
0.9174
0.4957
-0.5722
0.1436
0.18516
0.48033
-0.1181
0.4917
1.6188
-0.10446
NA
1.2858
-0.5038
1.12155
-0.21398
1.88419
-0.89207
0.70714
2.59969
-0.26754
0.54458
-0.8213
2.3058
0.39166
-0.0097
-2.3968
-1.8034
-1.4047
-1.2552
1.4246
0.9782
2.2503
1.5427
0.318
0.8696
-0.5138
0.58712
NA
0.96755
1.45834
1.1818
1.3304
-0.6157
-1.4088
-0.3735
3.3776
1.4647
0.85211
0.56357
-2.47029
4.85591
0.94198
0.79167
2.65979
1.7265
-2.48598
-0.59494
NA
-1.18006
-0.3206
0.95514
-0.9735
-0.867
-2.4305
0.12236
0.1158
-0.1408
-2.03996
-0.88344
-0.90044
0.39611
-0.5154
0.215
0.5041
-0.33368
1.86642
0.5532
-1.2028
-0.5588
NA
0.61006
0.40977
NA
1.5946
-0.3533
-0.6152
NA
0.57033
2.2395
0.3205
-0.31817
1.05406
-0.4638
-0.04912
1.27199
-1.28176
-1.63748
1.2725
-2.0715
-1.6424
-0.14474
-0.2312
0.0667
0.0078
-0.1399
0.1889
-0.3175
1.45627
-1.1582
-2.08157
NA
1.79937
-0.10726
0.0143
0.146
-3.34804
2.0481
1.7724
NA
NA
NA
0.00129
0.50991
-0.06493
0.61052
-1.4424
-0.3252
-0.657
-0.919
-1.4855
0.33978
-0.5036
1.19769
-2.9805
0.5635
-1.5474
2.52715
-0.2389
2.1056
3.3049
0.1673
-1.11402
2.07673
1.4744
-2.6208
-0.5117
-0.02004
-0.0362
-0.8047
2.972
-0.0407
1.71319
2.64
2.239
-2.0024
-0.9679
0.1818
0.20511
NA
-2.47
0.41562
0.4185
1.7587
0.494
2.4117
1.97963
0.8357
-2.2029
-2.0925
1.4391
2.1959
-0.9731
-0.35024
-1.74497
-0.3105
0.36429
1.2202
-0.9344
-0.6183
NA
-0.7392
0.604
-0.0223
0.4508
0.0941
0.729
0.7871
0.2882
NA
-1.98939
-0.67889
4.20626
0.0404
NA
1.35499
-0.974
-1.3429
-0.175
0.74613
-3.4153
-0.0019
0.0956
2.8722
-0.78267
1.8261
NA
1.7567
-0.7157
0.68721
NA
1.22273
-0.30762
1.2779
-2.82825
-1.5683
-1.07118
-2.86775
NA
1.563
0.7742
-1.4747
-0.9129
NA
1.1179
0.27748
0.51219
1.1007
-0.69151
0.06965
-0.9465
NA
-0.6978
0.1204
-0.28424
-1.0112
-1.842
-0.52869
-1.36373
0.72865
2.5553
0.4916
-0.7854
-1.08505
-0.52957
1.2191
-1.3677
-1.1978
-1.5683
1.7985
-1.1297
-1.6333
-0.2663
0.316
-0.45257
-1.2781
3.82751
NA
0.36328
1.72389
-1.2781
2.4692
NA
-1.805
0.37743
-1.4372
-0.5029
-0.09131
1.5997
0.75879
0.98111
0.8642
1.2382
-2.03035
0.44041
2.2822
0.5915
1.64
2.0195
0.1786
-0.2068
-0.9425
-1.0403
-0.9383
1.757
0.9191
-0.1868
NA
-0.0761
-2.02675
-0.8438
-0.15575
0.3498
-0.6874
0.8344
0.7535
-0.0885
0.6997
-0.8912
NA
-0.1608
-1.1825
-0.5831
-0.426
2.4666
-0.07909
0.4713
0.4392
NA
1.733
-0.4365
-1.502
-0.63847
-0.9081
0.5184
1.32288
2.6503
1.16335
-0.9729
0.4184
0.7844
-0.9657
0.1396
-0.67431
2.8086
-1.7512
1.0023
-0.8391
0.2381
-0.7562
-0.2306
-0.9928
-0.6572
1.0735
0.908
-2.0154
1.19162
1.038
1.8726
0.0826
1.83906
2.2769
-0.2783
NA
0.4555
-0.5812
-0.4867
-1.4614
0.7857
-2.1727
0.3563
2.2066
0.0374
1.4334
0.4839
-1.0273
0.6502
NA
-0.00478
0.2214
-1.3102
-0.39745
-0.1238
-0.05389
1.2263
0.4513
0.4325
-0.0298
0.2279
-0.22075
-0.23032
1.6272
-2.1217
-0.4934
-0.861
-0.81585
0.79685
1.39909
1.21829
-0.1544
-2.8935
-0.9096
-0.59617
0.2792
-3.1988
3.719
-0.9554
0.5107
-1.2454
1.03201
-0.81625
-0.6755
1.3507
NA
0.67069
0.1414
-1.2335
-0.37515
0.1115
-0.9761
-1.6692
0.1445
0.8235
0.1926
1.26824
-3.8488
1.1003
0.00921
2.5244
0.71528
1.101
-0.282
-0.64
-0.79338
0.98639
1.4528
-0.2359
1.7662
2.6449
-0.9703
0.4151
1.5581
1.1287
-1.0047
1.0177
0.9749
1.21232
2.9258
-3.449
0.9311
0.7086
0.3407
1.3652
0.336
NA
2.26853
-0.8607
0.0438
0.14689
-1.0679
-0.4322
3.17165
-0.6464
0.0089
-0.3275
-0.57918
0.3549
1.677
-1.2335
0.0424
-0.12036
0.42156
1.1641
2.77352
0.1012
0.5614
-2.82376
1.3992
-2.2774
-1.2645
-1.6961
0.0998
-0.2264
-1.9507
-1.908
-0.4189
1.2769
1.0358
-1.3197
2.1238
2.8691
0.3143
2.1002
-1.2924
0.7314
-2.2796
0.2786
-1.6107
1.4156
-0.5134
-1.1828
-1.5468
0.0874
1.5047
-0.82315
1.68325
0.5399
0.8896
-1.1523
-0.38824
1.20602
0.8064
1.6585
1.1402
-0.1307
1.166
-1.5722
0.0309
-0.6133
-1.8087
-0.6899
1.9583
0.6918
1.8756
0.8402
-0.80341
1.584
0.9445
-1.5822
-0.1871
0.4795
-0.22764
1.0849
0.8432
0.4518
-1.6088
-1.0009
0.1575
-0.01367
0.5715
2.2911
-0.5264
2.25928
-0.2277
-3.2261
-0.1583
-1.4301
0.6108
-0.5308
-2.0664
-0.4633
1.2923
0.4425
-0.0169
-0.8683
-1.8236
-0.4065
-0.9464
-2.2306
-0.6147
0.17127
-2.1841
0.3777
-0.6398
0.7801
-0.6544
1.3652
1.5137
1.2303
0.7712
-0.5192
0.7943
-0.7756
-0.6212
-0.245
1.655
0.0586
-0.8346
-0.8119
0.7943
-0.5706
-2.6707
1.3116
-0.1426
2.4047
-1.7136
0.9497
0.2331
2.2543
-0.8313
0.2261
-0.7724
0.1334
0.1786
1.342
0.2882
0.3887
0.0911
0.2963
-1.0682
-3.5526
0.07677
-2.3379
0.4333
0.68274
-0.2614
-0.71407
2.3683
0.5494
-2.8596
-0.21999
1.58032
-0.62957
0.3575
0.5205
1.3801
1.65348
0.02795
1.0104
-0.37662
0.60956
-0.6023
0.81467
0.12026
-1.5744
0.2811
1.22939
1.3352
4.3105
-0.40151
-1.2522
-1.8598
-1.35417
0.0396
0.951
0.2909
-0.3646
-0.15989
0.1073
0.7853
0.904
-0.21114
-1.35271
-1.43642
-0.46504
-2.38887
-0.5674
0.8216
-1.0453
-0.6525
-0.1853
-1.3342
0.00932
-1.0035
0.54608
0.7398
0.1731
-2.23549
-1.0531
2.02578
2.3314
-0.1034
3.0087
-1.3378
0.56825
1.05543
1.2522
-1.4127
-1.1961
1.80741
-1.3746
0.9078
0.9459
0.97469
0.4738
-1.04869
0.95083
0.83357
1.3865
-0.33575
-0.9367
0.9567
-2.43158
-0.7392
1.23378
1.82953
-0.6618
-0.75743
0.41734
-2.03784
1.8569
1.6867
1.11368
0.9659
-0.38887
NA
-0.14201
NA
1.45711
-1.11596
-0.8308
-0.5428
0.20475
NA
-0.39987
NA
-0.3254
-0.76034
0.9087
-1.19468
NA
1.08107
-1.9254
0.64117
-0.0485
1.28812
1.09923
-2.3485
-0.7298
-0.4959
-0.37995
-0.8685
3.4115
-1.62786
2.4534
0.0686
0.1729
0.7807
-0.4929
2.0531
0.754
-0.0154
-0.5686
-1.40907
NA
-0.8995
1.3757
-0.7776
-0.7425
-0.2949
-0.1094
1.6936
1.8757
0.9391
1.4803
-0.0056
1.2071
3.3281
-0.9453
0.6285
1.112
2.34587
-1.0309
1.39365
0.0535
0.4051
0.6137
4.2589
-0.4045
0.7655
0.2029
0.2069
-0.0697
-0.8673
1.0418
-0.1514
-1.3072
NA
0.2031
2.8585
-1.84196
0.1172
-0.37685
2.4573
4.2308
-1.60275
1.4231
-0.2806
0.92478
-1.3015
1.2982
1.38908
-0.1426
-0.4742
1.40577
-0.9622
-3.3526
0.07226
-1.6119
0.7557
3.54868
-0.9637
0.8383
-1.97607
-1.2733
0.08375
-0.8705
0.28
-1.52132
1.6957
0.6824
-0.32345
-0.9655
-1.8288
1.4848
-0.0478
-1.26253
0.43309
-0.149
0.5417
-0.2609
-1.24642
-1.8584
1.58933
-1.5341
1.2073
0.81763
1.21254
2.2635
NA
0.3811
1.834
-0.9805
-1.3607
NA
-0.6646
-1.9402
0.48318
1.3741
-0.6335
1.2371
-1.3848
2.2668
-1.0509
1.2754
0.05313
NA
-0.8556
-2.8578
-1.779
-2.04031
-2.2899
0.84744
0.85
-1.3429
-0.21118
1.8014
1.2038
-0.1565
-0.7128
-1.9556
-0.638
-0.58629
0.46299
1.24103
0.49533
0.56179
-2.0826
2.7552
0.5328
0.5682
-0.8456
0.377
0.1307
0.8131
0.17489
-1.6627
-0.0027
0.0326
0.98511
-0.50681
-2.02747
1.6475
-0.4792
-0.7805
0.82849
-0.2048
0.6835
1.2007
-0.64699
0.9349
-0.4779
0.2042
NA
-0.4907
0.5864
-0.1787
0.81993
1.5559
-2.28802
-0.75947
0.8533
1.0403
0.8014
-1.5468
-0.448
0.9449
0.76559
2.469
NA
2.57561
0.16426
1.19228
0.0915
0.27129
NA
-0.00562
-0.28926
-1.757
-1.6045
-0.1458
-0.9565
-0.6029
2.2474
-0.5274
1.15802
-1.079
-3.42745
-0.0169
NA
-0.66453
0.29147
-4.8569
-0.3163
-0.6177
0.63421
1.6806
-0.35698
1.75633
-0.046
-2.6703
2.1289
-0.63989
NA
0.3225
-0.4361
-0.6515
-0.2229
1.7771
1.2445
-0.6234
-0.30055
-0.303
-1.8546
NA
0.9853
0.565
1.6992
-0.1265
1.3285
1.3204
-3.3691
-0.6489
-1.5216
0.1152
1.28444
1.9733
-1.6058
-1.21847
-0.269
0.3231
-1.75645
-0.0691
-1.3898
1.4974
-0.16085
-0.73327
1.3191
-2.68917
-1.0605
-0.6519
0.00159
-0.6989
1.4803
-1.0196
0.3687
0.0102
0.8662
0.30378
-0.94442
0.5455
0.43679
1.1311
-1.3995
NA
-0.24513
-1.3189
1.9269
0.0081
0.6615
1.298
-0.7989
1.36882
NA
-2.3705
1.2948
-1.14191
1.8626
-0.1118
-1.31911
1.4912
0.4231
NA
1.593
1.6041
-0.4185
-0.23587
0.2703
-0.03516
-1.48248
-0.4225
-2.0986
0.7623
1.0618
0.5479
-0.1408
2.01728
-0.7408
-0.84812
0.54031
