1.4844
-2.39249
1.4446
1.4903
1.3424
3.236
-6.3983
-1.6039
-0.3928
-0.0162
-2.77231
1.3157
-1.0565
1.267
2.847
1.0994
1.7647
1.1216
-1.14788
-0.86621
1.8994
0.1433
-4.24931
-2.692
-3.0952
1.562
-0.4765
-1.5965
0.2353
-1.8424
1.0108
2.354
-2.1039
2.0507
-1.0158
NA
1.415
2.6644
0.7726
-0.1648
0.0959
-1.27594
NA
0.7652
0.425
NA
-0.5246
-0.0111
3.0113
-0.1741
2.5437
2.242
1.3091
1.3926
-1.1387
-1.03814
-0.9819
3.9181
0.83277
0.4174
0.891
0.7334
4.123
2.1699
-0.301
-0.7969
1.7441
-0.21322
-3.4773
-1.3739
-0.3529
-1.9947
-0.26564
6.849
-0.3671
-0.2098
-1.14791
1.535
-5.90441
3.8543
-2.0434
-0.3108
-0.24767
-0.0827
-1.5406
0.5868
-0.9637
-2.0558
-0.7259
1.5839
-1.8187
3.5707
0.49697
-1.1092
0.7446
-1.73552
3.2953
-1.8288
-1.8499
-2.8581
0.5046
-1.5651
-0.9501
3.0718
-1.8487
-0.4172
-1.3977
-2.8313
0.3557
-0.5281
-15.4617
-5.7243
-0.6885
-1.8581
2.5856
1.6549
6.2371
0.8932
1.7312
1.4272
1.1521
5.7183
0.0012
-2.0921
1.1365
-1.5191
-1.8311
0.8368
1.5057
-1.2223
-0.189
-1.7079
-1.6652
0.8099
2.3272
0.9897
3.6024
2.85925
-0.0124
-0.4179
-0.7759
0.3539
-2.5288
-2.188
3.5977
2.4034
0.3426
-2.984
-2.0229
-4.3469
-0.6847
0.27382
0.0172
-0.5201
-1.0683
2.7689
19.176
0.4765
2.0456
-1.86482
2.704
0.8429
0.8063
0.4126
-11.4597
1.38237
0.8952
1.0971
-2.03148
5.75195
-1.6315
1.3927
0.8177
-2.2203
-1.7509
4.2322
3.3265
1.244
0.0726
0.9878
1.1136
3.57869
NA
-2.4292
-0.7458
-3.0135
-1.3894
-2.12552
1.4891
0.587
1.8117
-1.82
0.4719
1.8879
2.1297
2.1564
0.9063
-0.3657
0.7462
-0.138
-3.9852
-1.9657
0.8334
-2.0438
-3.2995
2.4364
-1.5636
3.2003
-0.1174
0.0795
-8.1589
1.2161
1.8428
1.1598
-4.81
-4.9332
0.1711
-0.4532
4.0829
-1.3673
1.0591
0.481
2.44914
-2.59366
1.2262
-0.42171
-0.38361
-0.4096
-1.12874
-4.13537
2.6249
4.8356
2.46217
2.24281
-1.4595
1.6234
2.214
5.7979
-2.1939
-2.5302
0.2962
2.0527
-0.3158
8.2741
-6.78096
-2.767
-3.41781
0.48138
0.0736
1.2333
-3.0218
0.46669
0.1742
-1.22935
-0.67678
0.39004
1.6943
-4.76211
-3.13348
-2.5668
-1.292
-1.0334
0.4202
1.5176
3.7679
-0.3012
0.9775
-0.0837
0.5901
-1.95852
4.4892
1.4415
-1.2
-0.8976
1.4712
0.9525
2.954
-0.9905
0.525
-0.1973
-1.555
0.6972
-1.3829
-2.3898
-0.7958
-0.1018
-1.4208
-0.7841
-0.4563
0.1836
-2.3416
0.2141
2.5537
-0.973
0.3269
-0.1921
1.5466
0.1527
0.2245
1.6587
0.066
-0.5292
1.0686
-0.7322
1.3642
1.3558
-0.6026
-0.8806
0.9588
0.5168
0.5423
-0.2861
-0.9861
0.4312
-0.168
0.4242
2.7489
-1.9386
-0.3982
3.3075
1.3346
4.1002
3.1876
1.1395
-2.0815
4.5962
4.5962
-3.8791
4.4151
1.9752
0.7375
-0.16699
-0.1143
-0.63996
-0.14687
-0.77494
-0.39955
-0.936
1.8249
0.0646
-3.8055
-0.401
0.4356
0.4598
-0.1343
1.9194
-2.0999
-1.3298
-1.0861
0.1706
3.9283
-1.9346
0.0922
3.0852
26.1144
0.7382
0.9481
2.1215
0.3922
2.2363
-0.8533
-0.264
1.1824
0.7207
-0.0731
-0.959
-0.2306
2.1247
2.3976
-2.2867
-1.716
-0.2142
0.7874
-1.6749
-0.0687
-0.0625
1.9585
NA
NA
-1.4246
1.1652
3.221
-1.6365
-4.0052
0.2382
1.3416
0.2355
0.0687
1.0316
2.0447
-0.4463
1.0218
2.719
0.1611
1.7211
-2.1369
1.1116
0.419
-1.8326
-2.7538
4.7333
-1.4098
-1.8571
0.0833
4.1896
-5.0858
-0.1009
0.4162
0.5357
3.118
0.333
0.0183
-0.2327
0.6865
2.4276
-3.4873
-0.2987
-2.5666
-2.9638
-0.2396
0.6019
0.6498
1.52022
-0.61824
-0.14638
-3.7878
-0.28484
-0.54
-1.21686
-1.5972
0.2073
1.03204
-1.90638
2.5688
-0.58057
-2.36486
1.77772
-2.7051
-0.44823
-0.43907
-0.89638
-2.97231
-3.79343
-2.9335
-2.85122
-0.86656
0.743
-0.3195
-1.1557
-0.83221
1.12898
-0.5324
-1.3026
1.0535
-1.5768
-5.6261
-2.069
0.3426
-2.4894
-1.1929
-0.0427
0.2727
0.3835
2.4316
-0.3869
-0.4754
0.127
1.2829
0.4739
-8.8262
-1.8744
-1.1034
-0.5464
-0.5053
1.1459
1.9328
1.1878
2.0537
4.3799
-0.0517
0.301
-2.3842
1.2305
0.6258
2.3299
-2.9536
-1.4091
-1.4091
-0.9632
2.0019
-1.4458
-0.4704
-0.38966
-0.84099
-0.9795
0.1973
-0.3582
0.9659
1.5003
0.4609
-1.0649
-1.4977
2.8725
0.57
1.1571
-1.0779
-1.2999
0.1886
-0.4661
-0.7276
-0.1775
-0.0128
2.3556
-1.81763
0.71571
-0.16564
-0.3802
-2.668
0.2499
-0.78866
NA
2.3619
0.2579
2.6384
NA
NA
0.4235
7.5424
-0.8833
0.7388
-0.7328
0.29747
3.0731
-1.7345
1.58349
-1.6194
1.6351
1.551
-0.8086
-2.6681
1.4799
-0.3634
0.1139
1.5027
-0.67126
-3.19791
-1.18471
-1.5197
3.86868
0.7683
0.46293
-0.11201
1.5702
5.3372
0.81303
3.4517
0.9354
0.3086
-2.4861
-2.773
-3.2495
-0.1566
1.4312
-0.2156
3.50638
0.8775
2.3942
-1.333
-1.4696
0.02146
3.5681
2.5896
2.9116
-1.22869
-2.5786
-6.1302
-3.3054
8.3021
1.1917
-3.5368
2.3047
-1.0548
-0.4736
0.1702
-0.5001
0.6373
-1.9714
1.7099
-1.2159
1.9167
0.0406
0.3071
-4.5074
1.6436
0.9525
0.2613
0.903
0.0039
-3.8458
1.4707
-0.788
1.4216
1.6041
1.468
3.4287
0.5476
-3.0766
-0.02238
-3.1022
-0.8562
-7.4178
3.9023
-0.6481
-1.40113
2.3926
1.1026
-2.6751
18.8767
-1.6534
1.0548
-2.9866
-5.3691
0.39535
-0.9708
-0.8982
-0.2555
-1.3278
-1.7272
0.1449
3.8653
-5.4427
0.5309
-0.7806
0.90912
0.7637
-0.3503
-1.07163
-4.6961
2.201
0.1468
-1.2796
-1.2081
0.2779
0.4799
2.4364
-0.1385
-0.1318
-3.122
0.2211
0.5792
-0.5769
1.7045
1.2129
-0.0937
0.0399
-0.1813
-2.37716
-1.02945
1.8038
0.6064
0.9281
-1.6714
-0.0496
-1.93455
-1.36227
-0.0539
0.3918
-4.5464
0.0727
0.05984
1.1253
-1.0333
-5.2157
-0.7718
-0.8379
-0.3081
-0.2158
0.113
0.1575
-1.1706
-2.6136
-0.1866
3.0782
0.35992
-2.06679
2.1927
3.1636
1.9577
2.5225
0.7593
-2.6754
-2.35
-1.0829
1.9182
-1.7737
-0.0638
-1.1844
-0.7332
2.0275
-0.5964
-1.2143
3.1752
-0.8431
-0.2309
2.9038
3.0504
-1.2673
-1.0572
-0.5507
-1.768
2.1114
-0.4326
-1.6116
-1.5624
NA
NA
-1.4796
-1.7371
1.5716
2.1779
1.8919
4.2279
0.6617
4.1449
0.5492
1.8127
-1.69652
-0.6991
-0.54903
0.3103
-1.0509
3.1411
1.0194
-1.5707
-2.0387
-1.1714
-4.4977
-0.0636
-0.8901
2.5696
2.5413
-3.6664
-7.0446
2.8971
-0.52569
1.6097
-1.41586
-1.0354
1.25275
0.16987
-0.85602
-0.94376
0.21546
0.3591
1.0332
2.2944
1.1394
0.0696
-0.7612
10.9192
4.2372
-1.1674
-0.2172
0.7558
5.2491
1.5404
0.2257
-0.8344
0.9533
-0.0484
-1.5252
1.4253
1.0733
1.3251
0.6032
-2.5141
0.2041
5.2569
-1.8349
-1.4672
1.7059
-0.767
0.4923
-2.3891
0.0553
-2.10187
0.8722
0.39039
4.25071
-2.2302
-0.5076
3.1226
2.7234
-3.1182
1.6644
0.6194
-0.2895
0.6547
-1.8504
0.1914
-0.4694
-0.9147
-4.4237
12.3105
-1.4726
0.7377
3.7509
-2.1424
2.2323
-2.1049
-0.3804
-0.0494
-1.69171
1.42036
-0.31262
0.50161
2.1494
-0.00798
1.27074
-0.4913
-5.4504
5.4067
9.67307
-0.55715
0.90663
1.87192
0.64058
-1.10901
-2.50187
-2.35909
-3.14027
0.82647
0.80316
-0.972
-0.7291
-0.8063
0.1041
1.3169
-0.8166
-1.3064
0.3051
0.2997
-1.1455
0.03
1.0366
1.0987
1.0688
-1.3099
1.6279
0.6763
2.2268
2.2908
-1.0383
1.0098
-1.7648
0.86813
2.5375
1.0272
-0.96462
1.12559
-0.6446
-1.6372
-0.6674
NA
1.1196
NA
-0.8478
NA
-0.2806
3.7761
0.5435
-1.0405
0.3082
-0.9275
3.3492
-0.197
-3.6162
-0.2617
-2.5782
1.5076
-0.3023
-1.0053
-0.1943
-2.2239
1.1066
-2.7548
0.7551
-7.3858
-2.3962
1.0685
-1.9825
-1.0787
0.7654
1.3918
-3.0985
0.6482
-1.7335
-1.2822
-0.8709
-0.5398
-1.976
0.6716
2.5117
2.6841
2.09362
-0.7375
-1.5714
6.49167
0.5022
0.7855
0.34071
0.3824
0.8562
-0.7028
-1.5133
0.9731
0.0626
-1.7436
1.3837
3.5553
2.8234
-0.626
-0.3067
-1.8404
1.0979
5.197
2.833
0.1591
1.9634
-0.7463
1.7993
1.0761
-1.2812
-2.5347
3.9776
0.698
0.5273
-0.95359
0.1651
-0.4934
1.47977
-0.4009
0.35485
-0.1016
-2.11442
8.8389
3.2569
-0.6845
1.6967
1.6771
-1.6119
-1.9431
0.2754
-2.4924
-0.7027
-2.1203
-1.3537
0.4964
1.2155
-0.7479
-2.5713
-0.8976
-0.0686
1.0135
-0.4151
-3.8801
0.1908
0.3578
3.8042
-1.604
0.7382
-1.45099
-0.7144
-0.8574
1.37882
-0.1367
-2.5182
-2.1007
-0.9505
0.0206
-0.7461
0.7874
-2.2202
1.8541
-3.3538
0.74898
0.536
-0.2918
1.00958
1.034
-2.35868
-1.43578
0.26941
1.6156
-0.6025
1.0591
-0.7325
1.1343
-1.66388
-4.8084
0.8687
-2.535
0.2721
-0.5317
-0.5201
0.735
-0.1359
-2.222
-2.7835
-1.0583
-0.1953
-0.3951
7.6735
-1.566
-0.04051
-4.20684
3.05075
-3.1713
-0.709
-2.3722
0.2665
-5.7385
4.0364
3.4694
-1.8747
-1.7573
-1.1361
-2.2321
-2.0792
-1.9232
1.4582
1.0861
1.4844
-0.1582
-2.0138
-0.7001
-1.47178
0.63241
3.36146
1.13763
0.08439
0.21134
-1.8051
-1.0331
1.2596
1.23377
-2.4337
-2.04477
-1.7859
2.1325
1.1107
2.4254
3.0954
-0.4833
-2.35136
10.8808
-0.2319
1.7474
0.901
-0.84664
-1.10692
-0.8053
0.3965
-0.26587
1.94408
0.0092
0.6512
-2.2729
2.1937
-0.9101
-0.1253
-0.07458
-4.1426
1.4404
16.7139
1.89858
2.6456
-2.45103
0.5033
0.9184
-1.8079
-1.5344
0.21651
-0.74627
-0.18175
-0.75086
-2.1467
-1.6317
-0.6117
0.4849
4.2228
0.71016
0.9711
-1.4751
-1.3144
0.0275
-0.2208
1.1048
1.9416
0.2006
-1.7575
-4.9047
0.343
1.6189
1.8069
-1.3202
-0.2999
-1.2024
-0.3712
-2.5646
0.388
0.2881
-0.4406
0.8345
1.0854
2.1116
4.4619
-1.5699
-1.4372
0.2497
0.073
1.5649
-1.937
-5.0396
-1.8101
2.2302
-2.8358
4.0935
-0.0913
1.671
NA
-1.6715
-2.0679
-0.1078
1.1827
-2.8646
2.24399
1.3511
-0.1992
-1.32557
-2.88121
-1.7321
0.6061
-1.5215
0.076
-1.7565
3.8642
0.6646
-0.6278
-3.8615
-0.4594
-0.5401
1.24632
-0.7405
0.0938
-3.6615
-1.6633
-1.1429
-1.7745
4.2284
0.6444
-0.406
-1.5312
-0.7069
-1.0707
0.5552
-1.3871
-1.18
0.8895
-0.859
1.7665
-4.3748
6.0007
2.2362
-1.63217
1.5126
2.53898
1.89266
-0.0501
3.1773
-0.0325
-1.4535
1.99541
-0.2186
-3.2809
-0.4067
-13.0566
4.309
NA
1.9608
0.10182
0.794
-1.98485
-0.4701
0.6667
-0.1517
0.19863
0.7505
2.3356
2.5403
-1.4776
4.0171
-2.61691
-2.7739
-0.6456
-2.73109
3.7566
-2.5698
-1.713
-9.1743
-1.5625
0.5834
-1.2003
1.9096
-8.6703
1.73752
0.9138
-0.2527
-5.90297
-0.3299
-1.51077
0.9695
-2.966
-0.6936
-1.5513
-0.9856
0.9533
-3.0604
-1.7075
0.5757
-1.8398
-1.2136
1.6578
-2.07263
0.0099
-0.0742
1.016
NA
1.2561
1.0079
3.0961
-1.9722
-1.0072
2.6879
0.3204
1.70233
0.276
2.3527
-0.191
1.5174
2.5013
0.3526
0.3391
0.74228
-0.729
-0.7067
-1.5261
-0.8595
0.8128
-2.4809
-3.1469
0.4794
-7.4369
-1.3069
-0.6871
0.6381
0.15336
-1.3871
-0.4476
-2.4324
-2.8832
-0.2619
-0.3842
4.4632
-0.46
1.6329
-3.2285
-8.45
0.0557
-0.2129
13.4006
2.6093
-3.0265
0.2359
-3.3951
-8.4902
1.5025
-1.3643
6.2625
-2.8599
2.03634
-0.6842
-0.2415
-4.5362
0.97003
2.1272
0.8641
-0.6323
-1.7915
-0.6855
-1.7981
0.4525
-1.8268
0.1979
0.0874
-8.5194
0.00393
2.3174
-2.2271
0.9049
-3.3272
-1.781
5.2464
1.7435
-1.1088
2.8849
-0.9676
0.9436
1.513
-0.954
-0.6913
-0.8327
0.7942
0.8932
-3.5302
0.653
-1.1882
2.96105
0.868
-0.053
0.2032
1.2178
-0.1612
-0.39686
-0.13807
1.1286
-0.3851
4.7484
0.8623
1.4622
2.7173
-2.6362
1.3844
-2.7407
-1.3827
-0.2917
1.7772
0.8624
1.9843
3.251
-0.974
-0.6273
-2.2891
0.6009
NA
-1.9987
1.9704
0.1978
NA
1.1439
-2.5314
-0.0993
1.2196
0.8626
0.1046
-1.2212
-0.6594
2.0631
-0.9778
-8.2187
-0.439
-2.2514
1.6178
1.0046
3.1775
-0.4973
-2.0918
1.4184
2.04855
-1.2183
1.2547
-1.514
8.9972
-1.0838
-0.28279
2.0738
1.8076
-1.7128
-4.5997
4.066
0.45479
-0.8925
-1.3485
0.9372
-1.8639
-2.8677
0.65973
-0.1996
-2.221
-2.17054
-0.28604
-0.624
-4.7461
-4.315
-2.6202
0.2281
-0.26
1.5237
1.186
-0.6284
-2.9366
-2.11036
-0.1338
-2.4766
2.0031
1.1251
4.8281
-1.493
-13.9519
-10.6309
-0.3999
-1.1167
1.5398
2.4745
-0.49
NA
-0.0849
-3.5698
NA
0.5375
4.734
4.4699
0.01332
-1.0974
-1.5486
-0.4632
0.4984
1.63012
-0.0139
-1.1544
-4.777
0.5143
-0.102
0.7078
-0.475
-0.392
0.8952
0.9127
-0.0669
3.0909
-0.7522
-2.825
3.9654
-2.4271
0.239
NA
4.84
0.1121
0.842
-2.1871
0.0406
4.2106
-1.8911
-0.8422
0.3534
-0.13023
-0.4403
-1.4771
-1.42612
-3.37962
1.8355
0.83885
-0.7638
2.8923
-3.4302
-7.2728
0.413
0.4329
3.5983
0.5859
-0.833
-3.0551
1.3223
-1.3728
3.6399
-2.4945
2.99356
2.8112
2.5471
-0.5784
-2.00948
-1.29845
-1.3251
0.3542
-2.8481
-4.2554
-2.2646
2.02087
0.2991
-0.4683
-0.1952
-2.592
1.7295
-0.85273
0.2156
1.1778
2.1089
0.6463
0.2303
2.2956
1.98
3.9859
-1.4008
-0.2612
-0.6982
-1.4791
0.12295
-2.4746
-0.8078
0.6819
-0.207
1.6704
-3.1332
-0.7371
-0.2523
0.04073
-1.0897
-0.3253
-1.8947
0.9173
-3.5167
-12.0249
1.5701
-0.457
1.3512
-0.9832
-1.63267
0.6522
-0.9009
-0.66218
-0.84811
-0.6263
0.6596
2.5462
NA
0.4129
-2.4443
0.6913
-0.5588
1.70018
0.70321
-2.6133
0.5632
4.6967
0.8783
0.4045
-1.03171
1.6988
0.8303
-0.06841
0.37117
-1.6405
-2.7925
NA
-2.0223
-2.1458
1.6349
-1.8277
0.59
1.2961
2.7202
1.9321
0.07063
-0.2433
1.4709
0.2854
0.1439
-5.2732
0.4774
-0.6732
-3.26459
0.1772
0.711
-0.6661
1.4696
1.2953
0.5694
0.8561
-3.8656
-0.505
-2.8092
-0.1159
0.1102
-1.123
1.4799
0.0285
0.39324
-1.5731
-0.53161
-1.3068
-1.8175
-0.6107
0.3077
-1.5434
-0.0472
-0.3691
-1.2459
-2.2459
1.278
-2.839
-1.0025
-1.4889
NA
-2.4183
1.1381
2.2931
-0.1967
1.0398
-0.23181
-0.78551
-2.9505
-0.7676
-1.7756
2.0588
-0.689
2.0388
0.99746
0.1233
0.75967
-1.9302
-1.1811
-0.0114
-0.9016
-3.453
-2.8459
0.5092
NA
-0.0929
3.3697
-0.135
-0.5112
2.0953
2.03284
0.9203
-0.3741
-0.4651
-2.5765
-0.3623
-1.7916
-0.8811
-17.8309
24.459
0.8016
-1.253
-2.4645
-2.3014
0.75176
-3.4388
-0.34949
-1.3629
4.0534
1.1971
-10.1058
-1.7666
-0.1215
-1.0183
2.7731
2.8512
-1.4077
1.1582
-0.2808
2.537
-1.8308
-0.4262
3.2985
-3.7453
1.196
7.3806
-0.2098
-3.11107
-0.6762
-2.2413
-0.3943
-1.017
-0.4158
1.4116
0.0084
0.037
0.9513
-2.3707
-4.09419
4.3294
NA
2.5525
0.5516
-1.1304
1.95982
-0.4211
0.2122
1.7485
-1.871
2.33927
-0.7866
-0.8221
2.0462
3.8361
-1.5648
-0.9917
3.64331
-0.36728
0.8099
0.70639
2.561
0.8216
1.0443
-0.3277
2.3938
0.3762
-1.0775
-2.1472
3.1505
0.6511
-2.1876
0.0055
-3.0883
-2.9124
-2.1268
-0.0525
1.9644
-1.6135
NA
NA
NA
NA
-1.1014
NA
NA
NA
NA
NA
NA
NA
NA
NA
-0.9352
NA
NA
NA
-11.7792
1.3851
0.2444
NA
-0.7915
3.0404
-2.6124
0.3162
-1.2959
-0.0945
-0.0709
0.2469
-4.0578
0.2983
0.7615
-0.2039
-1.1659
-0.0615
3.1281
-0.6672
-0.6823
-4.0336
0.5339
2.0971
-1.7529
-0.3926
-1.95352
-0.8322
-3.3795
NA
NA
1.251
0.2852
0.2456
-1.6162
-0.8755
0.2635
-0.3797
-1.1108
0.1554
2.2331
0.7274
0.6432
0.6422
0.2347
2.3418
-0.7795
1.0336
0.6166
-0.3886
0.654
1.6471
2.6758
2.4742
5.4659
3.6632
-1.701
-0.5754
-5.0153
0.2497
-0.7234
-0.105
4.0626
-1.8041
1.3169
3.0542
0.2767
0.3503
-8.7929
NA
0.2069
0.1933
-1.6871
3.7247
-2.6285
1.6
0.9521
-0.2238
-3.31394
-0.3691
1.0269
1.0301
-0.7803
2.6298
2.2969
1.4361
NA
6.0676
1.9094
0.1026
-1.1463
3.0867
NA
NA
0.7338
1.0891
-0.2586
0.85
0.4457
-0.3456
0.6228
2.19467
1.6084
-3.24
-0.6322
2.14549
2.2193
1.8929
-1.8318
0.37205
-3.259
NA
-1.01653
-0.0832
-2.1637
2.427
-0.1854
-0.3362
0.6735
0.2017
1.6101
-1.23039
-12.3363
-1.7873
1.4741
-0.4852
2.504
2.3607
-0.4345
-1.8245
-1.4795
-9.0599
-0.16488
-4.1521
-0.0556
0.9011
-3.97362
-1.7595
2.2045
0.2964
-0.9163
-0.6758
NA
-0.6223
1.45686
-0.9772
-0.7692
-0.0499
-0.8488
1.3005
1.3115
0.4168
1.0577
4.071
-2.2804
1.4981
0.0898
1.1733
0.9322
-0.0432
6.0256
-1.0996
-0.0647
3.2547
-1.04677
-2.4386
-1.5917
1.1678
-0.0659
-0.0806
0.5495
-1.1972
-1.6323
-1.5267
-1.3856
1.02211
NA
-1.6178
-1.252
-1.3647
-1.2767
0.00216
-3.0483
0.5953
0.4037
-0.3711
-0.62455
4.2543
-0.0905
-1.4215
-2.1088
-2.4672
-5.5747
0.4989
4.4014
1.9834
-4.4391
-0.7256
0.5446
1.4187
-1.2425
-0.6898
0.6568
0.5497
-0.4307
0.3473
NA
1.2838
0.1075
2.1671
-2.1309
-0.09
-0.30618
-1.7977
-0.7058
-0.9087
-0.48636
2.8987
-0.9171
NA
NA
-0.22943
3.3908
-1.8372
0.7792
0.8227
-0.2016
-1.0752
-0.2364
0.2994
-0.1353
-1.3808
-2.8121
-0.8041
-4.5563
1.2675
0.0608
1.0404
-1.8836
1.5019
NA
0.03344
1.1006
-1.545
0.63707
-2.0869
-0.6176
-2.1063
0.5422
1.423
1.1407
0.0371
1.3843
0.38289
0.9392
0.70684
-0.4542
-0.1129
-1.5521
0.2712
-0.5428
1.8865
0.411
-3.1203
-0.1452
0.76816
1.3082
NA
-2.0347
-3.48147
-0.0513
-0.5159
NA
-0.8686
-0.6886
-3.0545
-1.0173
0.8082
0.7217
-1.0939
NA
-0.4905
26.0342
-1.6479
2.3036
1.224
2.4164
1.3158
0.1234
-1.151
0.90591
-0.23041
-4.0389
0.16298
-2.2463
1.4592
2.8954
-0.8997
1.728
2.6758
0.9368
NA
1.5551
-3.0039
-3.4768
1.2639
0.5232
-4.1774
1.7814
0.56098
-1.2945
-2.5499
1.5593
3.324
-1.3835
-3.6471
3.1378
1.6193
-0.2557
25.1669
0.45872
-0.57614
2.43281
-1.7582
-2.0495
-1.381
-0.47524
-1.2953
2.7105
0.2763
-5.0613
-0.5024
-1.0723
0.62817
2.7808
-0.50173
-0.224
-0.9641
-0.8383
5.679
0.649
0.7607
-1.0345
-0.7018
0.8982
0.0772
1.1334
-1.028
-0.8606
-0.9731
0.1387
1.9287
-3.2202
-0.1118
2.4252
NA
-0.9772
-4.4317
1.5747
NA
-0.9152
-1.1104
0.17714
NA
-0.4076
-1.3883
2.9583
-0.2657
4.42
0.344
-0.9893
0.5984
NA
-1.5918
0.8446
0.1803
3.56107
-0.6485
-2.3118
-0.79
0.5243
0.4601
-0.70986
2.123
-0.2599
2.2341
0.2695
0.9783
3.2242
-1.6044
-5.8097
0.35373
-3.274
1.1064
1.2885
1.497
-0.469
-5.1642
-0.31907
12.6923
-2.0339
-0.2071
-3.635
0.3042
NA
-0.7757
2.1318
-4.32131
0.413
4.3698
-1.3056
-0.6696
1.33488
0.54637
-10.4769
-1.2012
-0.1924
-1.20107
-1.66692
0.0438
0.5005
3.059
NA
3.8454
1.8637
4.591
3.3023
-0.2932
1.9553
-5.22176
0.079
1.7776
-7.7039
-1.0665
-0.1207
-2.0372
NA
2.411
-2.5921
2.262
1.0159
0.3341
-2.0806
-0.2807
1.18969
1.0842
0.2958
-3.475
-0.1174
-1.8463
-1.1053
-2.6329
-0.2501
0.3597
-1.0653
-0.7953
-1.673
1.6041
0.0992
NA
0.0992
-0.0459
-0.2491
3.5663
-1.7387
2.3299
-0.7743
2.232
-0.8731
0.201
0.9077
-0.2341
-2.2918
5.8154
1.1827
-0.6695
-1.6877
1.1407
-3.1018
0.573
0.1803
0.2347
-1.5245
0.1477
1.1407
-0.92568
NA
-2.2235
0.307
1.5996
-0.2067
5.7297
1.37272
0.2296
1.4443
-0.7943
-2.9398
-0.3592
-0.2344
-0.1818
-0.8259
-0.7881
-1.0984
0.0857
-0.3152
NA
0.1212
2.3539
-1.1987
1.8651
-1.14674
2.42833
1.4723
0.6484
0.35123
-1.0673
1.2874
2.6758
4.3381
0.1872
-1.3774
-0.387
-2.5304
0.4059
1.0856
-0.8257
-0.5123
0.0065
1.6423
1.2108
0.3373
NA
1.2129
-0.6794
2.5012
1.2403
1.5437
-0.729
0.22
0.154
1.1606
-0.746
5.3372
-3.1465
0.2877
-0.22941
1.8999
-1.7731
-1.7422
0.5558
5.00413
-0.61724
-0.3958
2.01
0.6478
-2.6003
1.876
3.3908
0.0424
0.9481
-0.8677
1.08363
-0.34129
-4.2797
0.2985
NA
-0.4486
0.56451
2.0894
0.1526
1.0924
1.1439
-0.2429
-1.4156
1.336
2.4059
-2.6653
0.48981
1.51871
0.1942
-0.57662
3.3755
2.8714
-0.1257
0.5951
1.6641
-1.189
-1.0143
1.6775
-0.0848
1.1216
1.7906
2.756
1.03
1.1276
-2.9078
-0.1123
1.0188
0.2602
-0.1765
-0.9138
0.2221
-1.07
-0.1705
0.8884
3.3406
1.4346
0.2593
-0.7167
1.1378
-0.2416
-0.097
-2.7424
-0.8731
-1.2443
1.5149
-0.8685
0.50954
1.6775
-2.6841
1.507
0.9518
1.3265
2.1436
-1.7869
1.7299
-1.5317
0.2713
1.10419
1.2881
-0.7578
-0.9272
0.1416
-3.2606
0.2361
0.5303
1.1493
1.1131
-1.6198
0.9908
1.3782
-1.7523
1.2148
-1.5329
0.3269
2.6758
-1.0311
0.0784
-1.3808
1.3497
1.2105
2.1559
1.729
-2.1955
-0.2282
-0.067
-0.4702
-1.6155
4.1957
0.8568
-0.0209
-0.0361
1.6179
-0.0136
-0.078
0.7173
-1.0354
-3.6907
-1.1813
-0.8075
-0.1515
-1.9187
-1.1531
0.068
-0.5881
-2.9247
-0.4988
2.6744
1.6337
4.1924
6.1455
-0.9583
-1.41005
0.9819
1.2712
-0.5527
-1.2059
1.6708
-1.6634
0.0672
-3.7892
-0.0997
-1.9593
0.2695
-1.1149
-0.8068
-1.9089
-1.4114
-0.1466
1.1927
-1.7992
3.9894
-0.6442
1.5664
0.7625
3.235
-2.945
2.8593
0.672
1.6175
3.9205
-3.146
2.5194
-0.5513
3.396
0.04
2.2622
1.2836
-0.2894
2.7154
1.2836
-7.1076
-2.88502
0.265
-1.7188
1.91361
1.2967
-1.99
-1.29779
0.3193
0.6098
-0.8017
-0.24845
-7.056
1.9483
0.00395
3.20042
-1.04185
-1.2313
-0.5959
5.4737
-1.7795
2.6969
0.17394
-0.6565
-0.3472
4.0265
-2.32563
-1.56312
4.0579
-2.1699
-0.2348
-0.42023
2.9819
-0.6164
-1.3631
0.53702
-1.1139
-0.082
0.9683
0.8462
1.1921
-4.2692
2.3373
-1.5554
0.1696
2.3803
-1.96337
1.0646
-5.6204
-0.0631
-1.22399
-1.752
-0.9969
0.31975
-1.4035
-2.6344
-3.72838
1.7478
1.55078
6.6711
1.7949
-0.70237
-1.81239
-1.02612
-1.3095
1.562
-1.9014
-9.9641
NA
4.5107
-0.99396
2.6295
0.5939
-0.3323
0.0785
0.4278
-0.4832
-1.0462
-1.5269
-11.7635
-0.222
0.5899
-9.4622
2.3957
3.4461
2.59097
0.6569
-1.0554
-0.8197
-2.0199
-0.71946
4.12649
-0.5351
2.7407
-0.9552
-2.2823
-1.0274
-11.7635
-4.6073
3.5188
-1.5341
1.5882
-9.7638
0.9691
-0.2032
0.1798
3.0243
-0.8372
4.0818
-0.9288
0.6968
1.4989
0.3413
-0.3134
1.4364
-2.5696
-1.9446
-0.7645
-1.4837
2.29077
-0.3205
0.6148
-0.1102
0.5079
2.1697
-0.2509
1.323
-0.7485
1.0683
1.2761
-0.7233
-1.1369
0.5796
3.5191
1.4374
1.3887
-2.3364
1.6585
2.3523
-1.819
0.6467
-3.0574
0.70824
0.5109
-0.6473
0.5109
0.7323
0.2712
1.6521
0.5476
-0.3804
3.6856
-0.56066
1.5808
-1.613
3.4435
0.0622
-0.6322
0.5281
0.1379
1.0851
-0.9433
-0.43457
0.3289
-5.48067
-1.9788
5.8313
0.0405
-1.1926
-0.5857
0.3622
-0.69248
0.6069
-0.0748
-0.1005
-0.482
0.179
1.7229
-2.5215
0.1453
2.4262
-0.3143
0.1219
-0.26526
-0.3018
2.0601
NA
1.7744
-1.7088
5.8301
0.4392
0.4344
0.8712
-0.1003
0.6276
-0.1658
-0.6145
-0.0564
1.6097
0.77635
0.0389
0.5132
0.1405
3.1473
-0.913
2.7053
-0.7437
NA
2.4211
0.08794
0.1301
1.8567
-0.2932
0.361
-3.1177
-2.71369
-1.6584
0.8249
NA
-0.2274
NA
1.9439
NA
-0.5649
-2.3931
-0.1671
-0.8618
-2.21625
0.0682
0.08906
-1.7955
-0.3371
3.6321
1.6756
NA
5.1529
5.4659
1.65158
0.3613
2.0562
2.5586
-3.3099
3.7423
1.4918
1.1403
0.8175
-1.166
-0.7319
0.2579
-2.6689
-0.9858
-0.0565
1.89276
-3.4749
-1.0573
NA
1.2735
2.1408
-1.89142
0.0198
-0.3592
1.5724
-1.0819
-0.76429
-0.2558
0.3864
-0.02918
-0.9353
2.15018
-1.586
-0.64184
-3.67676
5.4659
-0.9679
0.0466
-2.0626
-1.1688
-3.81072
-1.6991
1.0784
0.3747
-1.3163
2.5435
-0.481
2.1049
3.0006
0.0572
0.9646
0.42695
1.6542
-1.303
0.6624
-0.9852
1.5953
1.4044
-1.5735
-1.1161
2.4788
-1.1881
0.4971
0.7695
2.9874
0.3269
-1.4077
0.9776
0.5186
1.6838
-0.94298
-1.6693
-0.00344
1.0645
-0.8238
NA
2.7754
0.0202
-1.1293
NA
-0.2688
-2.9953
-0.6045
-3.5606
1.0567
1.3281
2.516
1.5441
-2.4379
2.0588
2.4379
2.025
-0.7189
2.0024
-0.3655
1.5438
1.619
2.9312
-6.0163
0.1759
-6.2651
1.1827
3.2599
0.13039
2.55131
-0.59
1.2926
0.6968
0.4271
1.9019
4.9179
-2.8111
-2.0966
0.8517
-1.26051
-1.1504
0.3626
-1.35254
-0.6269
0.6968
-1.5538
-1.93013
-0.5971
1.1674
2.5754
-2.3904
0.6207
-2.4663
-0.93367
-1.7805
-0.5216
3.60842
1.11466
-7.799
-1.9914
2.6298
2.2971
NA
-1.19565
NA
2.6845
2.0034
-2.3734
-0.4941
-0.6193
3.297
-0.5197
-0.3613
1.8019
1.8016
0.4345
1.43028
1.3227
-3.0167
-2.7941
-2.80097
0.4016
1.1407
1.03379
0.9991
NA
1.1407
0.9879
0.5308
-1.5428
-1.1183
2.1663
1.5703
-0.5793
-1.28437
1.6609
-3.3972
-1.5967
2.00853
-0.2696
0.5543
0.435
0.5546
