-4.7157
-3.2665
1.6508
0.3279
-7.65752
3.6443
0.4205
-3.2508
-1.82673
0.05491
1.16347
-0.7012
-0.1233
-5.0808
-1.2105
0.9699
-2.2161
3.4549
-1.6587
-0.95513
2.00415
3.1722
-0.68519
-0.25907
1.822
1.0146
-1.4073
-6.7738
-1.1358
-1.0657
-2.7987
0.8137
1.2166
2.1472
-1.47722
3.13012
-3.97359
1.09369
-0.51469
0.4855
0.7364
2.9213
-0.0486
-0.7428
2.2443
-2.346
-1.5075
-0.4047
1.3295
-0.945
-0.67328
1.48756
1.29027
-3.1274
-0.4226
2.6399
-2.3833
NA
0.2501
5.1661
0.4191
0.8376
2.1083
1.63217
-0.8602
0.0246
1.0854
1.5695
-3.9983
2.242
-0.8437
1.79267
-0.535
0.3711
-2.5022
-1.3003
-1.6417
1.363
-1.68678
5.09362
-0.2695
1.4308
0.9292
9.5758
0.72
-0.2606
3.5835
1.8162
0.29475
-0.4442
0.5976
-0.4438
-1.86254
-1.3739
-0.06796
0.772
-1.9966
-1.5437
6.8235
4.0089
0.902
0.4137
-1.9247
-2.0047
-1.8302
1.5791
0.6764
-2.3594
-1.92823
0.0754
-0.7436
0.3343
-1.3171
1.32243
-3.5864
-0.5451
0.7099
0.70691
2.799
0.8815
0.6052
2.6102
-0.2999
-0.23428
-3.2632
0.90726
1.9454
-0.8947
-0.6115
NA
-2.02531
0.4578
-0.3046
0.9785
1.07922
-0.63554
-0.6181
-0.4758
-1.4344
-1.1703
-0.0592
-4.6838
-3.0468
-0.70449
-2.97646
-3.0345
-1.6732
-1.4893
-2.9248
-1.30185
-0.77536
-0.0332
-35.6005
-0.91412
0.5647
0.3781
-0.872
1.5548
1.1387
0.24279
5.52853
-0.64631
11.9068
0.0901
-3.7808
2.1545
-0.0912
3.1152
0.8779
-5.8201
3.4473
1.5361
-1.6902
0.5051
1.6369
-0.6803
3.0632
-2.44596
-0.7169
0.4855
2.07142
-1.7202
-0.97594
2.288
0.3126
-2.66778
-2.23244
3.308
2.95966
-0.6233
2.0668
3.5884
1.22848
-0.4179
1.2466
1.27737
-2.4874
0.9492
-1.21818
-2.5288
1.7564
0.4762
-1.9629
1.5649
1.7749
1.0458
-2.83799
1.4902
-2.9812
3.0792
-2.549
-0.8924
0.9895
0.8832
2.6637
0.822
-0.4994
-0.1172
0.3683
0.4209
1.37923
3.3074
-11.2551
1.4862
0.7267
0.7917
-3.482
0.964
1.31153
-1.2968
-1.27192
1.43485
4.2598
5.1509
-0.00248
-1.85388
1.84335
-2.2942
0.9878
1.7381
-0.569
-4.229
-2.3009
-1.7951
-2.2663
NA
0.3251
1.1542
-2.3588
-0.8724
-0.373
-2.73
1.4891
2.6049
-0.20602
-3.93393
3.14382
4.0825
1.22592
-1.53874
0.25784
1.83741
-2.65552
-1.86126
1.70604
2.0588
-0.5202
-0.36468
2.60914
3.3422
0.6666
-2.7154
-2.73008
-0.4676
-1.8067
9.4397
-0.8665
0.7555
-4.81199
1.7859
-0.17141
-2.88677
-2.79337
0.8836
0.1371
-0.56453
-0.7373
-1.12412
1.16284
-1.6657
-1.0852
1.9223
0.1451
-0.8352
-0.9931
1.2262
-0.3666
0.9527
1.661
-0.5207
-1.3878
-0.6146
-0.6746
2.3617
0.5478
-0.0569
-0.00582
0.85109
2.07061
6.07644
-0.8525
0.53604
-0.6011
0.7358
1.0812
-3.6663
3.5222
-2.767
1.8945
1.5956
1.5243
0.8739
0.0736
1.3716
-0.6329
4.3478
-1.6456
3.3534
-0.1927
-0.2142
1.0227
-0.772
1.124
-0.5982
-4.3395
-2.5668
7.9008
-1.0527
0.65114
-1.0875
1.09136
0.7332
0.2593
-2.5818
-0.6108
-0.1341
-1.0413
-0.0725
0.7888
1.1633
-1.2373
3.3736
-1.56944
4.13241
-0.38392
0.79308
-0.93231
-0.69688
-1.0036
-1.3869
-1.40154
2.78771
-1.2108
-4.9036
0.5313
-0.19519
-1.37375
1.3692
-1.58971
-1.6818
-0.38578
-0.0957
1.47906
0.51095
-0.50525
2.35325
-0.4996
-3.76782
3.6853
1.76781
1.8337
2.2709
-0.7175
-1.2227
-1.8102
0.4017
-1.3405
-1.7701
1.3938
1.1589
-7.766
-1.3467
0.5097
0.2245
0.3653
-0.9798
1.0651
-0.3674
1.466
1.2084
-2.4463
3.0116
2.3468
1.5321
0.6208
0.0344
-2.3383
0.7474
1.0756
-0.6639
-0.3882
1.7987
-1.5255
2.9847
0.4861
0.3095
-0.122
-0.557
-0.0489
2.21
0.1597
1.4632
-3.2126
-8.65245
0.28237
2.2582
2.83899
1.8759
3.26393
-3.19991
2.8917
-0.13515
-2.31441
7.30601
-0.76596
-0.04641
-2.06413
1.2855
-2.7543
3.0593
-0.4695
2.0426
-0.4659
1.6308
-0.00495
0.235
-1.29137
-0.6209
-2.7883
-3.5324
-4.5558
-2.04469
-2.99358
-0.45822
-2.55012
-0.3264
-2.7222
-0.54915
-5.32945
0.05349
-0.7904
-0.6994
-1.494
-1.7294
2.4429
0.3284
-6.7554
0.1155
1.0348
2.0704
-1.3502
-0.3433
2.2708
-2.716
1.464
-1.1169
2.3976
2.8351
-1.9853
-4.3316
-3.2505
-0.4433
-0.665
-0.6758
NA
0.238
1.1299
0.331
1.3156
-3.046
-0.173
2.0485
1.7262
NA
-2.9751
0.1181
0.8628
-0.7735
0.2248
0.5234
0.0658
-1.935
0.2765
-2.2927
0.6462
1.8806
-0.0606
-0.3396
-1.2212
3.95274
-1.668
0.62062
0.26826
-1.83691
1.9791
-0.47238
-2.5172
1.02639
0.7962
5.17439
2.3085
-1.16552
-1.5164
-3.74287
0.02763
-1.3717
3.84374
3.41532
1.4832
-0.84744
1.1634
-0.41197
-4.5022
-3.68809
-3.19855
1.33926
-2.9716
-0.00923
2.1368
-2.18818
0.8063
-0.4943
-0.6674
-0.6886
-0.32
-0.8797
3.6783
-1.2686
-0.3692
-0.0976
-1.7679
0.2073
1.0767
2.2397
-0.7745
-1.8514
1.4766
-0.7493
-0.9829
1.1601
-1.2238
0.3387
-0.4459
-1.0845
-1.4648
3.2146
-2.0883
1.2086
4.75885
-1.49012
0.72992
-0.07929
2.1935
-0.7939
-1.1761
2.7335
-1.3026
-1.1779
-0.5117
0.154
0.08375
-1.01582
-5.208
0.6953
-0.58735
-3.6174
-1.6241
1.7949
-2.1874
-0.5577
4.8485
-3.1905
0.4699
-1.34338
-0.75657
0.4379
0.1018
0.0928
0.7834
1.4768
0.2675
2.7459
-0.7138
1.2884
-8.78339
1.2643
1.8358
-1.8249
1.7394
-0.972
2.6918
1.14746
1.8299
-0.4311
3.2065
0.9123
1.2096
2.0161
-1.4548
-0.2826
3.7296
-2.65063
1.3926
0.7902
1.7352
-1.0026
-0.6238
-1.1035
-2.11862
-4.06904
1.40867
-2.5288
-1.33547
-0.2859
-0.49326
2.2733
2.7365
0.2668
0.371
-0.7748
-1.1631
-1.3677
0.3532
0.0361
0.4716
-2.7141
1.395
-0.0106
-0.1049
-6.1749
-4.7061
0.6004
3.0211
-0.1523
1.377
-0.1451
-0.4647
-4.7668
-2.4178
-0.8671
-0.0221
0.7102
-3.7187
-0.7179
-2.0316
NA
NA
3.2737
NA
NA
0.4725
-3.5328
-0.4791
-0.3574
2.22613
0.2281
-1.6344
2.0032
1.4296
0.8981
-2.08698
-1.11922
1.6351
-1.3022
2.3817
1.7853
1.4799
0.12425
-1.19656
1.1838
1.209
-1.0866
0.0771
0.3488
-2.0294
5.5688
0.3219
-2.2725
1.104
2.1036
3.41368
-0.2746
-2.4071
0.59868
-2.5961
-3.12333
-0.4467
3.0689
-2.8661
0.37078
-2.95034
1.0478
1.7584
-1.609
0.5556
2.3225
1.6204
-0.1141
1.2027
-5.771
-2.862
8.1473
1.4429
-1.2241
-2.6674
7.9744
-2.70426
-0.84645
0.8808
-1.1159
1.96336
0.1576
0.12462
1.65397
-0.18443
-0.555
1.7229
1.27599
1.6718
-0.6452
0.71074
-1.40865
-1.4142
2.54869
-0.9761
0.258
0.42934
-0.44289
-2.15751
-0.22961
1.96545
-1.4287
0.0244
-1.41392
1.6843
0.50557
4.0212
0.4058
-3.3292
0.90739
0.5173
0.9185
-0.788
-3.8083
1.07085
1.14685
2.98412
-1.575
-1.0016
0.5338
-1.214
2.1026
3.8258
-0.65898
0.8202
-0.2465
3.9023
-3.1525
-0.5876
-1.65343
-0.071
1.507
1.0378
2.455
0.62616
-0.1662
0.09057
-1.85097
0.05857
0.34057
4.18934
-0.214
0.59469
0.89498
3.4884
-3.56737
0.39865
0.2198
-1.2596
1.975
-1.2386
-1.8456
1.90175
1.06293
0.0272
-2.6136
6.1015
-1.0739
1.1077
1.7916
-0.6921
2.4245
0.1594
-2.6541
0.1794
-2.5016
2.0836
-1.98893
-0.75296
0.3079
-0.0655
0.4879
1.0302
1.85059
1.5204
-1.2715
-2.662
1.4591
-1.2846
0.7541
-0.4943
1.3731
1.1085
1.0879
-3.6617
-2.7237
-1.2625
0.5653
-1.5097
-1.4136
-1.2989
1.14068
0.86354
-1.2087
-11.2644
-0.6389
-0.9754
-0.8745
1.49
-0.066
0.0491
0.3126
-0.1248
1.7126
0.1477
-0.4962
1.5668
-2.6136
-0.0695
0.3957
-0.3366
0.088
-0.4405
0.3899
5.2491
2.60469
-2.1771
-1.3658
1.862
2.6582
0.9887
0.84916
-1.1164
0.8772
-0.8819
-1.3211
2.003
-2.93422
-2.37621
1.22428
1.12432
-1.17518
0.56212
-0.86259
-0.4798
-0.2986
1.2736
0.6122
-0.6314
-0.6862
2.9038
5.1562
-0.5507
-1.8593
-1.1775
NA
-0.8168
NA
NA
NA
-1.1968
-1.03535
-0.99875
2.3526
2.4771
-1.434
1.80804
2.6663
1.6085
0.3261
-0.33749
3.03259
2.5353
-2.64109
-0.1262
1.3775
0.6603
-1.8446
2.7197
-2.7197
1.72329
1.1477
-0.23302
2.085
-1.56299
-2.23358
1.4715
3.9548
-1.0624
-2.2393
0.4285
1.7805
-0.5653
-3.391
-2.49728
-0.16072
-2.8882
1.72085
1.6546
-1.6788
-1.1932
-0.37736
-2.1982
0.25984
-0.8717
-1.4194
-0.4224
1.0195
1.3425
0.4982
-1.3502
-0.8451
1.0345
0.7759
-0.9701
-2.1292
-0.1013
-0.5562
-1.3681
1.0273
-2.1354
-0.4696
-2.4636
2.3935
-1.1324
0.0475
0.5744
0.6386
-3.1687
-8.0464
4.2785
-1.2245
-0.8391
-3.1951
-0.2172
1.7891
-0.95278
-0.7571
-0.92397
2.26732
-1.5252
0.45832
1.57346
0.13623
5.1052
-1.7795
-0.20488
-1.2773
1.19019
0.86852
0.9648
-1.201
3.4974
3.2126
0.3831
4.1066
2.56059
3.07454
-3.192
1.81921
2.84585
-1.002
0.24342
4.8977
-1.59536
-0.29032
1.2608
-4.42538
-0.6841
-2.61999
-0.92198
-4.4004
-2.1488
2.3639
-2.76504
3.7806
-2.23675
0.727
6.43889
-1.1068
-0.6531
1.56502
0.8553
3.308
1.4414
1.7891
-0.5654
-0.0138
2.2275
-0.5204
-0.73
-0.6833
-1.3089
-0.9867
-1.4915
2.2886
-8.213
8.5038
-0.1777
2.2
-4.9723
-0.9962
-2.5148
0.5497
1.5144
0.11
-0.1044
-2.14821
-2.0923
1.07844
-0.4601
1.56636
-1.2605
-2.41492
-0.26688
-0.62716
0.03429
3.1154
-2.21451
-1.3827
1.25771
-0.08555
-0.72065
-0.084
-1.1586
0.4468
1.0085
1.8743
0.3049
-0.2735
1.20482
-6.6274
-6.95311
1.8244
-1.6895
2.5375
1.0876
9.5217
-0.1635
-0.4325
-0.0453
3.2623
-0.6674
4.6609
NA
1.5951
-1.4247
-1.5353
2.95643
0.8618
-2.2403
-0.5449
-3.0369
0.1277
-0.0234
-0.4267
1.0456
-0.0936
0.2627
1.2141
1.2605
0.3941
-4.6795
0.4543
-1.4365
-1.5368
3.0836
-1.8999
1.6451
-2.5264
1.0548
2.2813
-5.8086
-1.7173
-5.972
0.2085
-6.3035
1.0423
-2.0315
-0.3888
2.868
-0.3291
-1.6914
0.365
-1.4527
2.5192
-1.86361
-0.25843
0.93393
1.91297
-0.8709
-1.06919
-0.04959
3.5997
-0.99918
-0.3192
0.14248
0.48194
0.2577
2.74397
0.95834
-0.43868
-5.542
7.1044
11.1096
-1.2773
-0.6849
-0.1296
1.459
5.38093
-2.79276
4.54728
-0.25564
-0.0974
2.07503
1.3552
-0.7973
0.4086
-1.2409
-3.723
-0.45762
1.35249
2.16752
0.83281
5.197
2.8619
-0.0695
0.794
0.5868
0.75488
-1.3495
-1.8429
1.4488
-0.88736
-2.7891
0.9999
-0.8763
-1.3564
-0.1144
1.0496
-5.7085
0.5417
1.1036
-1.3302
-1.3496
-2.1897
-1.4191
0.378
-0.7711
1.32142
1.1978
-0.9674
-0.6478
2.9719
2.2094
0.5999
1.6967
0.00652
-0.8372
-0.1428
-1.81857
0.1695
-0.0853
-6.2791
-1.4877
0.5002
-2.9243
-2.3795
0.8548
-2.0758
-2.0781
0.98205
-0.8185
-1.7175
-3.0539
-0.5097
0.1468
-6.1467
0.5259
-0.2615
-0.0686
-1.36364
-0.49938
-4.38032
-0.1566
1.4046
0.4314
3.85287
-1.3324
0.6203
-2.912
-5.8911
-0.9229
4.3695
-0.3856
1.7206
-2.4438
-2.1733
-0.7066
0.4392
1.476
6.3597
2.2089
0.65615
-0.8671
-0.2874
-0.5399
-1.0937
-1.7272
7.6928
-1.7125
-1.8103
0.6419
1.0591
1.2371
1.0976
-0.3838
-0.9642
-0.101
-2.355
-0.60979
-2.1274
-2.535
0.51959
0.866
3.0627
0.0256
-4.5634
-1.3385
0.0621
-1.5035
-0.1852
-0.92191
-0.1864
-2.6344
-2.03273
1.8776
-1.7391
-1.0113
-1.8706
0.9073
-2.76418
-0.3756
-1.0752
-1.0159
-1.1381
1.0341
-5.05708
2.80702
3.66148
1.64413
-1.7889
-1.9232
-1.86633
-0.40373
3.0757
-1.0859
1.2824
2.5478
1.3768
-3.0352
-0.2002
-1.3221
0.7106
-0.8661
0.3022
-1.0197
1.5512
0.0086
-1.0331
4.1346
1.3731
1.3532
-0.3779
-1.6512
2.1325
-1.0577
-5.90017
2.83254
1.4739
3.3055
-1.58737
-0.88283
0.986
1.51222
8.3928
-0.0879
1.7991
-0.0497
2.31215
-0.2222
-0.8053
-1.5446
0.7448
-0.72092
0.6512
-2.32987
2.2644
0.64316
-0.32839
2.1937
2.1246
1.56505
1.2184
1.05633
1.49733
-4.69082
-2.97288
2.38496
0.3139
1.5487
0.7674
6.8263
-6.73135
3.6075
1.5986
0.59709
1.6941
-0.4025
2.7508
-1.1456
0.6698
-1.62311
7.85807
6.0771
-1.79085
-0.5673
-3.2059
2.4788
-0.5675
-0.7608
-0.4876
0.3979
-0.117
0.9312
4.399
-0.0189
2.5402
1.3406
1.0366
1.2266
-3.3724
1.2516
1.5779
0.6092
1.1
-4.3603
-0.8247
1.0826
-0.3723
-2.3961
1.221
1.3526
-0.5616
-1.1763
1.7167
-1.0505
-1.1575
-0.9363
-0.5455
-1.9647
0.2763
-0.4342
-0.9027
0.4084
0.3859
2.7526
-0.9222
-0.41025
-5.8388
-1.0779
1.0638
1.9477
0.4381
3.8914
1.215
1.7839
-1.3199
3.46301
0.30918
-0.66042
1.0738
1.6764
-3.30375
-3.33924
3.2899
-2.4187
-2.14407
-0.4705
-1.2374
0.5321
-1.6401
-2.9686
1.4969
-1.9804
-3.0003
0.2394
0.9075
-2.0555
3.27201
-2.3799
-1.33646
-1.08533
-0.2415
-1.9238
-0.2149
-1.4475
5.96815
0.3125
1.9469
-1.44067
-0.60785
-0.8163
-0.2861
-0.4806
-0.4454
-4.0189
-4.42806
-1.64511
-1.92088
2.1335
-2.1059
0.9874
-1.41675
1.08621
-1.1709
-0.9504
-0.68395
1.6348
-1.3191
-1.26416
-0.3672
0.87254
-0.9445
1.20648
-3.01893
-2.3097
1.48131
0.1472
-1.7626
2.2409
0.7781
-0.0233
4.4297
-10.78045
0.3472
-1.8223
9.6319
-1.9198
0.92676
-0.0297
2.1926
-0.4713
0.046
-2.56275
-5.66636
0.4092
2.3277
0.23714
-2.9096
-1.0417
-2.06477
-0.3269
0.6072
1.94866
1.58269
2.3547
0.49412
-2.5852
-1.1126
-2.1757
-0.7137
0.94467
-0.2445
13.501
1.0907
0.518
-1.7671
4.08586
3.4136
2.0944
0.92023
0.31589
-0.9296
-6.5594
-0.2254
-0.33988
1.1306
-0.56212
-1.8667
-1.5752
-0.9881
0.2207
1.36991
-0.20313
4.00889
0.44601
-1.214
-1.62535
-0.2699
-1.2136
1.2498
-0.161
-3.97932
-0.356
1.208
-1.4495
1.0926
1.74424
1.17587
-1.69556
1.731
0.60833
2.5509
2.27727
0.3826
-0.40339
-1.54384
-1.88918
0.6945
-0.2038
-0.6176
-0.4358
2.0854
1.1395
3.2374
-0.508
-1.3042
0.5264
-0.9796
-2.28556
-2.9883
-3.2155
0.98372
-4.55955
-2.4037
0.6163
1.05763
-1.12762
-0.40129
0.00958
-1.885
-0.7171
-1.7421
-1.7901
-0.3234
-1.23201
2.2507
2.3541
4.4632
-0.39239
-4.2916
1.45248
-8.45
0.86931
3.15553
-1.123
1.4367
-0.3586
0.0984
-9.8207
-0.2494
5.09738
-0.84635
-5.41325
-1.42019
-2.2197
-4.64769
0.72079
-3.11918
-1.71407
1.2478
0.89963
-2.54148
-2.944
0.2702
0.3318
-8.5194
-1.70285
-2.79052
0.98423
1.06069
4.2669
-0.038
-0.56841
1.80871
5.3379
-1.1016
-1.8326
-1.42478
-0.89208
0.8631
0.7621
-1.2474
-0.62661
1.18313
1.78604
-3.99286
-1.63682
-1.28511
-0.6899
0.6464
-2.7093
2.49562
1.84937
0.1695
0.4035
0.2162
1.56142
-1.8062
1.617
-0.19214
1.6976
9.5865
1.946
1.6304
2.8448
-1.0756
-2.1105
4.4538
-1.8117
-1.4692
1.9258
0.6353
-3.11074
-0.8926
-3.8715
1.5429
-9.4958
0.4053
-2.4285
4.64255
0.9035
2.27825
-2.0315
1.8253
1.18275
-2.1357
-7.994
3.8375
-0.47026
-0.43167
0.5136
0.33758
3.266
2.7058
2.439
-2.71037
4.03961
3.3329
1.5584
3.8363
1.4339
-0.6594
-2.14524
1.80173
-0.18133
-0.8602
0.1259
3.89964
1.6523
-2.0181
1.073
2.22441
-0.8038
0.6938
-1.96775
1.0569
-2.6206
1.0543
-1.04566
-0.3456
0.3893
1.4403
-1.0962
-1.6071
-2.4247
0.00942
10.0499
0.88059
-2.3914
0.9621
-2.0859
0.0912
0.4396
-0.6021
1.644
1.1303
1.4274
3.2964
-0.122
-0.2266
2.6259
0.9648
-1.9758
NA
-0.2268
-1.0684
-1.1181
0.3257
0.1897
-1.0102
0.59061
-1.07135
1.4079
-1.7439
1.079
-0.6634
0.2686
-0.2527
0.7149
2.184
1.186
-1.31
-1.75831
-0.82297
-2.2803
1.17756
-0.0853
-0.2009
-1.0302
-0.2219
2.9269
1.6842
0.5315
1.0748
-0.3725
1.0926
-12.9161
-10.97459
3.482
-7.63095
-2.2296
0.479
0.8578
NA
-0.0397
-0.002
9.3563
-1.05619
-3.5811
0.16748
NA
0.60782
-0.03992
7.0233
-0.23139
2.9281
-1.5486
1.9634
2.101
-2.6895
0.4116
0.0499
-0.343
1.2737
-1.7716
-0.77248
-2.00093
-1.66353
NA
0.0851
0.34722
1.1626
-8.37899
-0.32997
-1.7617
2.8216
-1.0927
-1.1814
-0.1966
-0.956
-1.2956
2.41901
0.76415
2.837
0.55778
-3.4264
-0.48961
-0.7371
4.1494
-1.51468
-2.7724
1.3579
0.5473
-7.3855
0.5683
-3.6007
-1.5395
1.9882
0.0384
-2.0628
1.9174
2.79223
-2.9584
1.2625
0.1231
3.27992
-0.5656
-0.02416
-0.9296
-3.3322
4.3512
1.6313
0.7346
-3.51214
0.67546
-0.9427
-1.4557
-0.60812
2.1481
4.00827
-3.9654
0.0537
-0.5364
-2.2147
-4.4193
-1.5738
2.21481
0.18622
-4.4511
1.026
0.6037
1.5718
1.5039
4.95952
5.6101
-0.3224
-1.0978
-1.0385
1.2345
1.22995
1.47104
-0.2694
-2.0679
-0.283
0.38438
-1.35689
-0.33868
0.8171
-0.92809
3.3664
-1.39408
-0.3838
-0.1288
-0.67782
1.93822
1.0575
0.75176
1.96951
-0.2087
-1.8947
-1.11963
-1.3394
-0.43753
-10.33918
0.54418
-1.7827
2.64779
-0.6625
1.3364
-2.40574
-2.59166
-0.7695
1.48473
-0.7171
0.6
0.8947
2.0856
-1.81807
0.812
-1.1328
NA
1.3347
1.3752
-1.3606
0.39776
-0.5661
-0.85537
-2.6133
-0.70058
4.9353
-2.0125
1.0596
5.29804
0.69995
0.635
4.861
-0.8205
1.9902
0.59516
-0.43629
-0.1417
0.6269
1.6988
-0.634
4.61685
-1.214
-0.8354
-0.4185
0.1767
1.0308
NA
0.01371
-2.1886
-0.9905
-2.7198
1.74198
2.3844
-1.2129
-1.5382
0.0302
-3.03996
0.2625
0.59
0.6259
-1.986
1.2086
1.4709
3.5528
-0.1251
0.72425
2.4317
4.72533
-1.648
-2.8748
2.5913
0.889
0.50659
-0.6447
-0.9061
1.4342
0.1376
-1.5497
3.7578
-4.1127
-0.032
0.20202
1.0038
0.8773
-1.0294
0.3838
-0.5969
-1.79611
1.4799
0.55006
NA
-1.43323
0.0302
-1.42433
-1.5246
-1.39929
-2.09163
-0.1428
0.0544
-0.31079
5.0193
NA
0.626
-1.78306
-0.6232
-2.2459
1.8347
0.1008
-0.6228
-0.6009
-1.7315
-1.0522
1.2227
0.63689
-2.8224
2.48
1.17447
0.9718
-0.8454
-1.1385
1.78843
-0.905
2.0856
-0.5157
-4.1291
-0.5528
1.0521
2.8915
1.1817
-1.2616
-0.257
0.41971
-1.96152
-0.2516
-1.6785
-4.0348
-3.51207
-1.0634
1.76103
1.77102
NA
-0.0817
0.3597
1.583
-0.9847
6.0922
3.2669
0.2092
2.6661
-3.1093
2.0697
-0.2869
2.038
NA
0.3066
2.02
0.5473
-1.7916
-15.8649
-3.0257
-1.4264
-2.6198
-1.84764
-19.1523
2.96104
0.3301
3.0557
-3.09461
-0.1325
-0.84322
2.1375
8.185
7.2557
-10.1563
-4.24255
-1.1109
-0.1955
-2.98037
1.3796
-1.3381
-0.45268
NA
-2.97284
0.1194
1.1235
-1.6795
0.29473
1.6962
1.7404
-2.75566
2.11861
-6.36799
-1.1587
1.01005
2.1594
-0.22091
0.7309
0.0084
0.51776
8.48493
-0.0619
-19.7653
0.5343
3.1837
0.4569
-2.50681
-2.5991
-5.0543
-0.2424
3.78323
NA
2.5525
-0.8525
-1.5647
0.30042
-0.8621
8.7317
-0.8496
-1.8947
1.5182
1.89984
-0.5807
-0.95538
-0.3598
0.029
1.1705
-1.9794
1.912
-1.0714
-3.88291
2.5921
-2.4531
-0.9792
0.67173
-0.8652
2.64726
-0.18778
0.7733
-1.2997
-0.2255
0.4626
-0.4213
-0.925
2.8455
0.9183
0.3762
2.1388
0.5865
3.1951
0.2202
2.7295
3.7692
0.3444
1.2189
0.8116
2.2165
0.9723
NA
NA
NA
NA
-0.4268
NA
NA
NA
NA
NA
NA
NA
NA
NA
3.499
2.47778
NA
NA
NA
NA
NA
-11.14283
-11.7792
1.7599
-0.2023
NA
-0.78405
-1.3596
2.0809
-0.9005
-1.25416
7.66312
0.7513
-10.3485
0.6726
0.6213
-0.8932
-0.8354
0.49424
3.4623
-0.4341
2.1578
3.4799
0.32483
-3.6764
-1.1659
-0.628
-2.8115
-1.1535
-2.295
-2.3012
4.1432
-2.901
0.3124
2.219
-2.8629
0.8446
0.1021
-0.3762
NA
NA
NA
-0.48492
-0.21684
0.1429
-1.25232
2.2263
11.7306
0.1697
0.30005
0.1988
2.3348
0.4532
1.3919
2.6722
-1.75741
0.3833
4.16582
-2.86801
-0.411
-6.2949
1.04298
-0.4114
-4.0228
-0.1935
1.1963
-2.8097
-3.1197
2.0659
-1.1066
-0.1593
-8.7929
1.986
NA
-0.2444
2.4104
0.2029
0.8331
-0.53647
0.88154
-3.1451
-0.63175
1.0301
2.94369
-0.2987
-0.2245
0.1779
0.9093
-5.7618
-7.38781
6.9383
1.7349
1.77717
-1.5495
0.9266
-0.2472
-1.97459
-1.77635
1.2136
0.82016
1.4985
-1.5499
1.652
0.0585
1.0948
-1.00774
0.53547
1.0622
1.0121
-1.0448
-2.28923
-0.232
1.775
-0.6921
-1.7675
-0.6486
-1.3812
NA
1.2568
-1.8873
-1.6308
-1.8318
3.507
-1.1896
0.0227
-3.9698
-1.5576
NA
-0.0832
-1.5509
NA
1.196
-1.784
-0.56881
-0.1854
-0.708
-1.1438
0.6007
0.2712
1.0604
-2.2967
-13.12039
2.5017
-1.9646
-0.574
NA
1.4779
-0.27793
-0.49539
-9.0599
0.11267
-1.72372
-4.5482
-1.46759
-0.1309
0.6464
2.0854
-4.29332
-0.7541
0.2599
3.1243
-3.86667
-3.5325
-3.7763
-2.0331
0.02425
0.8479
-1.644
-0.1834
-31.5199
1.0291
0.2343
-0.39071
0.05692
1.4981
0.1016
NA
-0.83353
0.2932
2.4568
0.4354
5.79674
-0.7712
-0.04081
-4.24412
-0.1359
0.4601
-0.0806
-0.6798
-0.9592
0.1577
-1.3706
0.31361
1.0245
1.3114
-1.8804
0.7221
-1.64492
0.1939
0.4316
-2.7051
-1.5576
-1.4032
0.4793
4.0646
-0.678
-1.45524
-0.8207
0.0237
-1.43081
-1.7638
-2.5202
0.84027
0.18
-2.18713
0.79139
-4.4851
-1.4944
0.6483
0.3134
-1.7834
2.4468
-0.32861
-1.6195
-2.6694
-0.1225
NA
0.0809
-0.47294
-0.3418
0.1314
-1.3706
NA
-0.0201
0.86014
4.1338
0.4204
-1.8009
-1.5044
0.0604
-1.5085
0.4438
1.4779
0.1906
1.755
NA
-3.3913
3.7588
-0.79728
-0.2906
NA
1.6607
0.6286
0.97608
-1.37725
2.6758
-1.54765
0.7166
-1.2197
0.0424
-0.92893
1.2378
0.6314
-0.2364
-0.1212
-0.9392
-1.4029
1.1522
0.0658
0.3708
-1.4781
-1.01535
-1.7936
NA
-1.59465
2.8452
-0.7283
0.42787
-0.84028
-0.5432
-0.2315
0.2893
NA
1.1407
3.5545
-1.11916
0.5984
-0.69405
4.9356
0.81102
0.9383
1.37345
0.533
NA
-0.6033
-2.3008
2.62547
-2.3283
1.588
NA
-0.16676
-1.30278
-0.9972
1.1407
1.3398
NA
-0.72111
-0.6674
-0.5997
-0.4896
-0.4866
-8.1494
-1.3633
2.1546
-2.0744
20.003
-1.481
0.20305
-3.2301
2.3036
5.0193
2.4164
1.4804
-0.05649
3.2382
-2.84465
NA
1.2334
-1.33107
-0.47533
-0.2718
1.4592
2.5957
0.4174
0.9237
-0.03806
NA
0.0913
2.9609
-1.58414
-0.2627
-0.4441
2.0178
0.7783
1.8107
-0.4405
-10.3071
-3.1342
-2.0629
0.8394
NA
0.9007
-5.0338
0.191
-1.4389
-11.0723
-0.3619
1.1098
0.6512
-0.9489
-1.1951
0.4406
-1.5342
0.1974
-0.6673
0.2988
3.5118
0.7066
-0.6551
-1.263
-0.2972
1.4837
2.1598
1.6914
-1.8273
0.1662
-1.6358
2.69362
5.679
-1.0804
0.4585
0.30719
2.9034
-1.1197
0.9132
-0.0863
-1.028
2.3739
-2.13072
-2.17759
0.1985
0.01793
-0.901
0.0684
-2.5092
2.4252
NA
-1.4235
-0.7753
-0.1028
-2.05734
0.0604
-3.24029
-3.3158
0.2696
-4.9468
NA
0.55225
-0.2088
8.18251
-1.2547
0.80982
NA
1.81608
-1.2944
-0.6276
-0.1991
0.566
0.6685
3.0147
1.0864
-0.4892
0.4604
NA
2.76753
1.4148
3.8552
NA
2.41541
-1.3389
-0.8189
-2.2156
-0.33706
-0.576
-0.38274
-2.0657
6.49793
0.4601
0.2695
-1.01182
-1.6691
-2.7276
0.0804
-1.1075
1.5957
0.21006
-0.4831
1.0431
-4.2588
0.8473
0.26395
-0.5937
-5.75548
3.81915
NA
0.6101
-0.1171
1.7146
NA
-3.77208
-0.30807
NA
0.1349
1.5123
-2.3982
1.2505
-1.2851
1.7743
2.999
-0.434
-4.9219
-10.89415
-1.4073
-0.5873
-0.8258
-0.4605
-0.0734
0.3306
NA
0.9069
-0.09976
2.9941
2.8304
-0.0351
-2.08
-1.0329
-0.2932
2.0338
-1.05468
0.6464
1.0539
-0.05481
1.9072
-2.0372
NA
0.9192
1.8735
1.5122
-1.82538
-1.8591
0.2271
1.0521
0.3553
3.3158
-0.0785
0.6914
-3.9698
-0.11613
-1.7937
NA
2.989
-2.6329
-0.01556
-1.17084
1.4575
-0.0219
0.23274
-1.75603
NA
0.54817
1.4372
0.6216
0.0951
0.66308
0.0455
-0.9406
-6.4647
1.0719
-2.5288
-1.7462
-0.7743
-1.84779
1.1307
-0.0681
10.3092
-0.0403
2.3202
0.2246
0.1532
-2.8468
-0.1233
1.67177
1.12277
0.7825
1.1407
0.9146
-2.953
2.48054
-0.1076
3.6096
0.26668
1.1407
-0.5686
0.8053
-0.9932
0.56389
-0.27487
-1.8906
-2.08791
1.70808
-1.50987
-0.9469
3.14996
-1.67946
1.1021
1.80433
-0.1326
0.5792
-0.654
3.6099
0.6635
0.7465
-0.7204
NA
0.1212
2.84393
2.3539
-0.5084
3.7383
2.36398
-5.6169
0.7542
-6.239
-0.8506
1.46505
0.6968
1.7599
0.77876
-0.5577
2.6758
-1.2607
4.53277
0.1297
-1.7292
-0.7079
-0.0882
2.9358
-1.2073
-1.9477
-1.02858
0.257
-0.9545
-1.7784
1.9
-0.1897
NA
0.4563
-0.5308
0.04558
0.5323
-2.36801
1.7208
-3.2703
-0.0547
0.0804
5.3022
0.2877
-0.2461
0.9771
-1.9522
-1.7249
-0.0872
0.3086
3.2938
2.4151
0.7016
-0.0261
-1.6819
-0.6248
0.70023
2.60561
5.8458
-0.818
-0.9387
1.7097
0.3934
-3.7675
0.5241
-0.2127
0.6248
3.4709
1.3585
-3.141
-3.7763
-0.9066
-3.77042
NA
1.15072
-1.5044
-0.5213
1.2326
0.5512
-1.0532
1.8388
1.5417
-0.7078
-2.0733
0.8563
-2.6653
-0.2166
-0.7655
0.7834
4.25992
0.5498
0.0683
-1.0858
-0.824
-0.1307
-0.7825
-0.3354
-0.1425
2.2934
1.0711
0.5054
0.2818
-0.509
0.66567
0.953
0.9047
-1.0278
0.8394
-0.9873
0.4492
0.7097
-0.2592
-1.3503
1.7484
-1.1222
-0.0397
-0.1128
0.1722
-0.2955
0.0395
-0.9868
-0.48404
-0.24806
1.88729
-1.85041
9.10236
4.54319
0.7097
0.5466
0.2528
-2.5709
-1.6343
-4.6085
-0.2494
0.2046
0.1649
-0.71814
-2.6207
6.84545
2.2443
1.7745
-0.4598
1.1223
-0.9518
0.9383
-0.8467
-2.79548
0.63722
4.7619
-1.5188
0.0822
-3.20081
1.06529
2.691
7.4817
0.2265
-0.8608
-2.43172
-1.6491
-0.8305
0.8761
0.067
-1.30155
2.8557
-0.7639
1.6511
0.6021
1.5825
0.2533
0.9732
2.9147
-0.0548
-1.3042
1.7391
0.414
-1.3042
-1.0282
-0.8447
2.5281
-0.4444
-1.87342
-1.79027
-0.2433
-0.3758
-0.0698
1.7588
-1.1054
0.9847
0.7975
-1.7448
-1.49
1.4726
-0.0853
0.485
-1.9071
0.1038
-0.7565
0.4956
-3.32303
1.8589
-1.9949
-0.4421
-3.7941
4.31766
4.3069
-0.80712
-1.8577
-0.5656
-1.9089
0.1664
0.0089
0.60234
0.5881
0.4594
1.89926
0.1775
1.47091
1.9415
1.02253
2.07524
-1.9089
-0.4748
-0.75465
0.0415
0.01767
0.6222
-1.22518
-3.9597
1.5901
-0.13661
4.32994
-3.89499
-0.7544
0.1633
4.34861
0.11072
1.01632
0.66964
0.46128
-0.44963
1.8974
-0.58698
0.2114
-5.05754
0.9834
-0.53922
0.6442
3.2901
-0.3938
0.50796
2.43422
2.34678
5.8155
-5.4031
0.1528
1.3488
0.99794
0.3874
-2.20546
3.7517
2.92383
4.0005
-1.1831
0.6723
-1.4074
-0.5959
5.9567
-1.0915
0.6524
-3.1534
-0.5599
-1.66779
0.033
1.3843
0.6481
0.48106
0.4609
3.9914
-0.6807
-1.8389
-0.4435
-0.0621
-3.5178
-0.065
-0.6958
1.37705
0.22285
0.0894
-0.1721
-0.13002
-0.4247
-0.9556
0.29
3.6832
-0.0041
1.4776
-1.3678
-0.73458
1.97117
-1.47905
0.7257
1.01915
5.0193
2.49638
0.33842
-1.6207
0.1743
-1.2371
-2.88931
2.5815
-2.8395
-2.1702
6.0227
-0.78993
1.3469
1.0839
0.488
0.043
-1.7016
1.562
-11.7792
NA
4.1336
-0.39784
0.11624
-0.94835
0.9736
0.7988
1.5661
-6.6729
0.46302
-1.38828
-0.3214
0.1374
-1.8198
3.0735
-1.49458
3.27807
1.4742
-0.2533
1.2522
0.12329
-0.14484
-11.90696
-11.9068
-0.73516
8.9509
-0.34893
1.5181
-8.6216
0.72241
3.49215
-1.35326
-1.1969
-2.0199
-6.6687
-2.35944
-1.7296
-0.9552
-11.7792
1.9037
0.38123
-1.896
-1.9857
-3.62603
-0.3736
0.1798
-0.9161
3.14706
-4.98604
-1.32927
0.18718
0.1123
7.8679
2.65364
1.42088
1.86591
1.8131
2.3555
-3.1001
-2.10127
0.60017
1.0945
-0.776
-0.4779
0.65417
6.51561
-0.7866
-2.854
3.2372
-1.23597
1.096
0.24985
-0.00269
1.503
1.36987
-1.02046
-4.8641
1.40152
0.42511
1.1322
0.99707
-1.42395
1.28209
-2.8672
-1.4191
1.1389
-0.1388
1.03176
2.62909
0.6507
0.5796
-1.83066
2.1288
3.92139
-0.86144
6.9886
1.6585
5.0104
1.05934
-1.7677
0.6467
-1.34597
-1.7533
2.60038
0.73282
-0.97492
0.3796
-4.4771
-0.00999
-2.90646
0.5476
0.38387
0.42623
1.33976
2.03048
0.8202
0.8676
-0.80339
1.7646
-3.608
-0.43289
1.10747
-1.81233
-0.94952
-0.07385
1.55543
4.3148
0.0622
-3.4525
-0.7748
-0.5518
0.60539
-0.0427
0.0666
-2.4775
0.53445
-6.6769
4.12118
-2.9716
0.9886
-1.4988
-1.0528
1.47811
-0.5459
-0.6006
-0.0165
0.3299
1.64918
-1.2176
-1.4649
-0.7956
-0.1489
0.8202
1.1249
-0.38159
0.2577
-0.25363
-0.4009
-0.05069
-0.4978
1.9628
2.4262
0.2551
-0.4042
-3.94224
-1.4651
-0.7327
0.4033
0.37773
-1.6628
2.49273
-2.2402
1.2318
-0.6131
0.3931
NA
0.47314
0.8831
-0.4152
-3.1591
0.21904
2.8445
-0.9747
1.5491
1.7893
-1.1817
-1.0453
1.31708
-0.4511
NA
1.2766
0.0645
-0.0085
1.3797
-0.2932
-2.06603
1.3234
-0.2973
4.3049
-0.7773
NA
-1.1299
-0.2045
NA
-0.6694
-0.3594
0.5232
-0.28892
0.02009
-0.4718
-0.1327
-0.49917
-0.4536
-0.42402
0.31124
-0.3595
0.6733
1.7535
1.1238
0.48237
-1.0545
2.65645
0.0519
0.54773
-4.0893
NA
-4.41809
-5.0175
-0.0314
0.7092
1.7294
-3.5967
-1.4695
-0.63611
3.71886
1.1835
0.3198
-0.2702
-0.81201
1.0063
1.1531
-1.6387
0.6916
-1.0562
0.2416
0.3648
2.91873
-0.8236
-3.4313
-3.9698
4.4984
-0.78326
0.3588
1.1098
-0.9865
3.1794
0.2593
-0.2196
1.9426
-1.5171
-1.2939
0.7722
-1.073
0.0653
0.7477
-0.1499
-0.2515
0.63664
-0.6322
10.18494
-0.7035
0.5244
3.2849
0.61403
2.2785
-1.61282
0.2272
2.02791
-1.9836
0.6618
2.22841
-1.85064
-0.9187
1.0235
0.9359
1.5242
1.6179
-1.6278
-1.25279
0.6183
0.5911
0.0447
0.9442
0.5962
4.1487
1.16057
2.4102
-3.88411
1.1025
-2.7104
0.9047
2.26058
-3.18113
-0.298
1.47197
-1.2616
2.2921
-1.2745
0.0558
-1.5502
-1.9022
0.9153
0.00715
0.0202
0.15421
NA
NA
12.8636
-0.67592
-0.72754
-0.5927
-3.5606
-0.43776
-0.1194
2.782
1.4981
0.92541
0.251
3.1694
0.50337
1.8634
2.31035
0.00843
-6.1867
0.50134
-0.5224
1.5218
0.0119
7.40289
-1.66309
-0.4854
0.9449
3.0071
-0.5184
1.88769
-0.5034
-0.27779
-1.3763
0.2383
-0.2668
2.60954
-1.0413
-0.7802
-1.9782
-1.88168
-2.7581
0.8045
-0.93339
1.0166
1.49363
-1.1504
-0.6161
-0.8765
0.18801
-2.1012
-1.16707
-0.6426
-2.3703
-0.8118
8.33848
3.0352
-1.08054
2.38638
-3.2606
-0.56568
0.02741
1.2507
-2.0416
-1.242
-0.1526
-1.6873
1.6803
1.1387
-10.71087
3.29145
1.4184
1.6597
-2.142
NA
-2.06925
NA
2.7053
1.9206
-1.4559
-0.83075
-0.17898
-1.8335
-0.2016
0.1093
3.1514
-1.9901
0.3679
-0.34926
1.4563
-0.5646
3.1741
1.829
1.2625
-2.8874
-2.7188
1.1407
-0.04269
-1.7737
0.64874
0.0641
1.2109
4.1338
NA
1.041
NA
1.1407
3.90219
-0.68843
-0.8731
0.8152
-0.6822
-0.7778
-1.38242
1.52849
-1.7335
-1.51596
1.50425
0.9187
-0.3092
-0.1784
-2.252
-1.2866
-0.3548
2.1233
1.4151
2.26763
