-0.6021
1.1191
2.9828
0.3575
0.546
0.3728
0.4694
-0.0787
6.6881
2.4871
2.1677
-3.0281
-0.3775
-3.1256
3.4014
1.8797
-0.5904
-1.6797
0.7468
2.4793
-0.922
0.3241
1.3149
-1.7029
-1.0541
3.3584
0.5418
0.1006
0.933
1.239
-1.0091
-1.2442
-5.7574
-0.2248
2.3663
-1.6495
-0.9416
2.6351
1.38992
-4.2067
4.1678
-3.3083
0.9725
1.0991
1.562
0.898
2.9245
0.8154
-1.7461
-0.1675
4.3463
0.196
1.3952
0.457
2.4591
-0.3772
-2.124
1.1339
-0.6722
1.957569
0.9084
0.6484
-0.122
-1.2326
2.3839
2.9462
-0.3726
-2.1621
1.4978
-0.3815
0.0279
0.3848
-1.5169
-1.1795
-1.0895
NA
0.4047
1.8324
-0.3743
NA
-0.4919
-0.9405
-1.3902
1.2336
0.0178
-0.053045
0.925118
2.7522
0.8237
-0.535
2.2766
-19.71093
2.7309
-0.09103
3.9695
-0.13446
-1.6628
-0.6208
0.2756
1.3945
1.4592
0.5169
-0.2282
1.843
-1.61785
2.4528
0.2254
0.8491
-0.3089
3.5835
1.2187
1.6828
-2.0562
-0.3632
-2.3757
-2.1899
-5.2461
2.2808
-0.5771
-1.2964
0.322
-1.4405
2.717
1.3606
-0.7305
1.1257
-0.656
4.1387
-0.9111
1.5853
-1.8674
1.87778
-2.1941
-0.1181
0.7748
-2.4398
0.7032
0.8387
1.3476
0.7152
3.8674
-3.1172
-1.4425
0.8381
-3.9168
-3.8858
0.63402
1.4911
-2.9729
-0.939
-1.6034
-0.1627
1.1676
1.1724
1.8758
1.8656
1.3508
-1.629
-1.5101
-0.7017
NA
0.495
2.354
0.8911
-2.8199
2.185
1.2698
-0.7599
-3.2267
-0.70071
-0.30108
0.6688
5.8995
0.605
0.67092
0.0235
-1.4363
-0.7574
-3.0695
0.16822
-1.9891
-0.7662
-0.0532
-0.2092
1.4795
-0.3193
-3.687295
0.3868
0.5304
4.8794
1.3726
4.5146
-0.9102
-1.2262
-0.6716
0.6025
3.919
3.1016
-3.7074
-0.1215
-2.4618
-0.6579
1.66162
1.423
0.496
2.6559
-5.4542
0.5595
-4.8105
-1.9087
1.1372
0.1688
-0.2944
-1.5101
11.618
-0.7353
-3.8164
-1.1567
-2.4618
-1.2457
1.1011
-1.3621
-0.3921
1.48488
-0.50559
2.849
1.324
-0.9586
-0.3376
2.7074
-0.6856
3.0999
0.0706
-3.6837
-0.7318
0.6534
0.5154
-4.3246
-1.1919
1.7879
1.5606
1.6884
3.402
1.4296
4.0778
0.1476
-0.4179
-14.8173
-1.0377
-0.01705
0.7564
1.0837
0.8498
2.3299
2.1854
-1.93904
-0.1331
1.8533
0.243
0.0907
2.6338
0.3564
1.2826
0.2651
-2.4077
2.4792
2.1414
0.7673
2.3825
0.5701
-1.8087
-0.7212
-0.6045
-1.0035
-0.66026
0.3971
-0.02613
-1.25648
1.712
-1.2265
-0.8411
-1.2706
-8.66935
0.7643
-2.5776
1.38955
1.2199
-1.007
-1.92953
-0.6542
0.5722
-0.3284
0.0295
0.3391
3.7005
-1.3538
2.0573
0.0319
-0.2936
-0.4818
-0.3149
-0.0819
0.3317
-4.229
1.2501
-3.25531
-2.3598
2.43645
-0.4217
-1.5949
7.8645
1.2332
-3.8385
2.9177
1.3736
0.9818
1.2356
0.3096
1.2677
-0.2353
0.5808
4.1218
3.6469
4.7801
1.9892
-2.101
-2.8637
-0.1927
0.2995
-1.4954
-0.7269
-0.2078
4.1819
0.6567
0.7045
-2.7114
1.8296
1.2509
-0.3942
-0.4903
3.0032
-2.8617
0.5981
2.8424
-1.1525
-2.3915
2.1395
0.2188
-4.761
0.7555
-2.5692
-1.9316
-0.7491
-1.3905
-1.4847
4.9988
1.7712
-0.8066
0.1728
0.96254
0.4574
0.2521
4.0829
-0.2771
-1.1595
-1.8334
0.32219
-2.8159
1.20993
-1.1782
0.04886
1.35071
1.46086
-0.19625
-0.90321
0.29733
-0.05058
-0.28989
0.43466
3.73298
-0.7084
-1.5398
0.71304
1.5275
-0.0221
1.922
-2.80321
-1.79875
-1.36009
2.69672
-0.211
3.65859
0.0644
1.035
0.4737
-0.1753
-1.4673
-4.67377
-0.7333
0.3559
0.54388
2.95709
0.70975
-0.20728
-0.55186
2.06317
4.314
-2.67254
0.1742
-0.9063
-1.6074
1.1504
-4.0338
-5.0785
-2.65085
-3.92112
-0.5565
1.0143
-1.89497
5.51373
1.4015
0.829588
-3.34247
-0.976289
0.347054
3.2225
-0.1785
1.355104
0.1083
0.189376
-0.367444
-0.907218
0.853756
-3.722532
1.2505
1.23264
1.3845
0.881
1.3147
-3.3862
-0.5614
1.7481
-2.5134
-3.4179
-1.9445
-1.543
0.8054
-3.8944
0.5276
-2.8605
-0.0475
1.0675
0.3493
-5.3714
-0.4837
0.8854
0.4214
-6.4624
2.5662
0.1992
0.1971
0.9649
1.5567
1.4114
-0.8175
-0.1409
0.9433
1.1646
0.47
0.6539
-1.176
-1.2583
-0.5007
5.4787
-0.6306
-2.6258
-0.5061
-0.3733
-0.4552
-0.5542
0.34065
0.0939
-1.86143
4.70465
-2.5551
-0.6026
-0.24798
0.5558
1.9747
0.3759
-0.6636
2.3216
-1.6075
-1.4757
-0.7595
1.2684
-1.783
2.557
2.8175
-2.419
2.0419
1.8076
-0.3687
-5.4112
-0.4324
-3.24
3.2816
1.2024
1.4592
-1.2151
4.5962
-2.1285
1.4943
0.8693
0.3777
-0.2331
-1.0818
0.0973
-1.6245
1.1709
-0.939
2.1776
1.7416
3.604
-1.5756
-0.5754
-3.4773
-0.5799
-1.428
-0.7493
-1.3357
-0.3616
1.2467
-1.0937
-1.0212
0.3981
-0.0922
0.9232
1.2604
-0.1734
-3.7462
-2.8337
0.1025
-1.3539
-0.3767
-1.0216
0.5517
3.8713
1.2316
0.5741
2.4655
0.0922
-2.6241
-4.7315
7.389
-3.6779
2.1215
0.8566
-1.3841
-0.1026
0.2563
-1.2657
1.562
-0.8821
-0.1268
1.2695
2.3407
2.4975
0.0679
-1.9853
-3.1741
0.2917
0.7874
5.3519
1.872
0.8075
1.1373
NA
-0.4751
-2.0133
11.5081
3.9224
1.1223
-0.4901
0.4413
2.3243
-4.0538
0.8912
0.2756
0.1268
-1.8255
0.3281
0.6506
2.1287
0.3902
2.1341
0.4174
0.6715
4.3347
-0.1555
0.6223
1.4329
-6.5164
0.4212
-1.2376
0.2832
-1.6081
-0.8496
-0.3413
0.373
-0.1972
-4.9105
-3.2322
-0.3538
-1.054
0.5486
8.8108
-1.6076
0.9108
-0.3514
-0.9959
2.2667
3.7011
3.6669
1.6316
-0.0776
-0.831
0.8872
3.0657
-3.6388
3.4271
-0.1278
2.2504
-3.6645
0.4237
2.7611
-0.1647
-3.5523
1.53
-2.4475
-10.0486
-1.7677
35.1916
0.5716
-2.9029
-0.8099
0.8663
2.1023
-2.4416
-1.1443
0.6096
-2.1747
-1.2528
-0.0216
1.9887
1.879
-0.7379
-0.2945
0.8526
0.8317
0.1733
-2.2788
0.2073
0.8561
-1.5539
-2.7836
0.788
1.0801
0.5508
-0.8729
-0.7493
0.1803
-0.4789
0.0097
0.1317
-0.4459
0.7813
1.412
-1.4389
-4.0564
-4.2223
4.2699
0.8911
0.3247
0.2505
-3.8925
-4.0284
-0.8622
-0.211
0.8512
-0.0125
-1.5768
-0.3461
0.7758
-0.0924
-3.2856
-2.9909
-3.5641
1.51024
2.0861
-2.93145
1.75005
-0.6872
2.3113
-1.5421
-0.0735
-1.9265
-0.2037
-2.3601
-1.7609
-1.6029
0.5662
0.329
-1.3519
-0.1056
0.5558
-2.12
-1.8621
0.3264
-0.7774
3.0151
-2.942
0.973
0.5437
-1.7965
0.2356
-1.1597
2.9545
0.9256
2.6918
1.2882
1.7719
-1.5586
2.0772
1.0034
1.1958
0.5459
-0.453374
-3.3458
-0.7333
-1.1231
-0.3097
1.1772
-2.7568
1.825
-1.6761
-1.4636
1.2306
-0.0217
-0.7741
-1.9282
-0.251
1.4999
-0.7748
-0.0391
2.805
3.3494
1.1905
1.39748
-0.7107
1.3241
1.4148
1.3435
-1.2349
1.0767
1.1539
2.0677
-1.2108
-0.0649
-0.4357
1.1071
-1.3461
0.0746
1.102
-1.3066
-0.2258
1.001
0.3322
-0.07337
-2.07585
-1.1061
-1.0301
NA
-0.837
NA
NA
3.3
NA
-0.5939
-2.7728
NA
0.3476
5.8727
-2.5355
-0.2969
-0.9068
0.4679
-1.4116
5.9053
-6.264
-0.1297
0.2281
-1.3063
1.3827
-1.7197
1.6635
1.6351
-1.4061
-1.09936
0.9116
1.0251
1.38799
-0.0946
1.4799
-0.9358
0.1017
1.4558
-0.1431
10.7762
0.97728
-0.8826
-1.74
0.7538
0.1369
1.3068
6.2959
0.66164
1.5329
0.8181
-0.1567
-0.921
0.9162
-1.553
2.266
0.0546
1.9806
3.1391
1.4565
-0.0773
1.1911
2.4385
8.3156
1.1325
-0.7925
-1.3232
-1.8881
2.8094
0.9381
-1.4653
0.6703
-0.0291
2.9278
2.437
-3.3604
-3.1497
-0.7267
0.1417
-1.3902
-7.318
-1.1647
-1.7026
-1.1935
-1.5654
0.3111
2.6477
-3.5582
-0.7636
1.6069
-0.1567
-0.0218
-1.14706
2.00904
-1.1729
2.008
0.4502
-1.9243
-0.7654
0.7712
-1.7421
-1.7247
0.2246
0.903
3.0126
-3.2136
-3.5834
0.8258
-3.6494
0.6475
1.4707
-0.9558
0.8142
1.5537
-1.7621
-1.4358
-0.0145
-1.1404
2.38849
-1.68017
0.2324
-0.5609
1.38821
1.773
-0.9471
-3.3385
0.7091
1.5697
0.8415
-1.9715
0.5672
-0.8817
-2.4932
18.7717
-0.8651
-1.416
-1.3184
-0.2992
0.8674
-0.1662
0.15708
0.7613
-1.5936
-1.3132
-0.2436
-0.1618
0.4145
-0.4274
-0.7889
-0.29295
-4.47
1.688
-0.4226
-4.575
0.8227
-2.21017
-2.60762
-2.01611
1.1796
1.9448
1.656
3.286
-4.8114
2.4324
-0.3916
0.4946
-1.4049
-0.5665
-0.1714
-2.1325
-0.8869
0.5468
-0.4942
-1.6967
0.3044
3.4188
4.0733
1.653
-0.2675
1.3484
-1.603
-0.1978
0.5046
-1.5023
-0.3889
0.8703
1.2129
-0.81234
-1.4371
0.532
-1.2846
0.8025
0.9154
-2.2277
2.636
2.1019
-0.75575
0.58458
2.1932
-2.8013
0.7103
-2.0355
0.9249
-0.8703
-2.9689
-0.3301
2.4619
0.6833
-1.4136
0.1926
0.2586
-1.0831
0.5755
-1.1186
-0.3265
0.5741
-0.7365
1.3482
0.0902
0.8297
1.6141
0.4385
-1.9434
0.4021
-0.1428
-0.9509
1.9229
0.5485
-3.6411
5.03
2.3852
-0.6574
2.00984
1.6751
0.1696
-1.1037
-1.1445
1.6803
-0.8643
1.906
-1.1876
-0.7411
1.2902
2.306
-1.1659
1.1819
0.1666
1.965
0.0395
-1.4498
-0.4012
0.8554
0.9311
1.5919
1.1465
-0.7583
0.2602
-0.702
-0.2018
-1.2615
1.5686
0.0692
-0.1871
-0.1946
-6e-04
-1.9928
2.8029
-0.67339
0.1345
-2.2017
-0.314
-2.39379
2.87487
-1.1826
2.60064
0.78843
-0.5791
-0.6331
-0.6109
-1.31815
2.54196
-0.5323
0.71937
-0.6304
0.071
NA
0.425
-3.5904
2.0475
0.3862
-0.4336
-2.2822
-0.7227
0.3744
-3.93975
-2.80424
3.69709
-0.5152
2.3868
-0.514
2.6636
0.6767
-1.3988
-1.2795
0.8481
1.4493
1.5461
-0.1895
2.2718
-3.6381
-0.2232
0.0393
1.6801
0.72376
-0.64591
0.2921
-0.6942
9.2032
-2.2463
-0.4481
1.0244
-0.7448
0.4429
0.4362
4.5741
0.2879
2.6133
-0.384
2.4636
0.3402
-0.9733
-1.4672
-10.9435
1.378
-1.4714
-0.6249
0.0649
0.561
7.0786
0.6019
3.5528
1.0582
-0.1212
-1.5252
-0.9323
-2.6667
2.48427
1.21781
1.6976
4.6446
-2.33265
-2.57214
-0.818
-0.4326
2.78938
1.36568
-2.11008
-4.02784
-2.4281
-0.31696
-4.2958
0.68354
-1.56507
0.4873
0.122
3.1074
-0.9775
2.6876
-2.792
-2.4011
0.31691
1.7564
-0.19409
-0.2446
-1.9376
1.9233
-0.2382
1.5856
-1.21315
-4.4326
-3.7676
0.9548
-2.2291
0.7724
-0.1835
0.8255
-3.3919
1.3751
0.418
2.4248
1.3705
4.3619
0.0931
-2.5187
1.8516
-1.3408
3.1462
-1.2803
1.7481
-0.8624
-0.2266
-0.3985
2.6837
-2.8421
0.2903
-1.4503
-1.5557
-1.7904
-0.9097
-2.0545
1.5739
0.9368
1.5673
-0.6948
-10.7981
-0.7225
-0.4812
0.0796
0.2697
-2.7054
1.3591
-2.3209
0.6278
-2.7831
-0.0357
-2.2006
1.4472
1.5435
-0.332
-1.5513
-1.5344
0.4996
0.0543
-0.0738
0.5229
-2.6037
0.0561
1.5874
-0.432
0.1215
1.2806
-1.2473
0.5919
0.7511
-0.881
2.2908
-1.5747
2.183
-0.8143
-1.1625
0.9408
-0.9332
0.9145
-0.4019
1.3954
3.1227
0.6494
0.1233
1.8244
1.1881
1.5451
0.3256
-0.6928
0.5807
0.6844
NA
2.1755
0.5129
NA
-1.5435
NA
NA
0.8612
-1.3499
2.8143
-0.0928
1.6457
0.3159
0.9504
0.7521
0.889
-1.6032
-0.2554
-0.0272
-0.8096
-0.7439
0.1064
3.3588
0.0779
2.5552
0.805386
-0.9119
-1.978132
1.5643
1.458
0.349794
-1.23574
-0.00261
1.51187
-2.2053
-2.08729
0.33843
-0.6937
0.7551
-0.5005
-10.4675
0.0692
-1.7474
6.9131
-0.5865
1.0646
-1.4964
-2.2842
0.9131
-1.7817
0.1194
1.4692
-1.4995
-0.8709
2.4549
0.4652
0.3437
0.1174
11.5248
-6.2382
-0.0725
-1.566
-1.00924
0.87
-1.00558
1.7054
0.2494
-0.0379
0.945
-3.678
1.2903
3.012
-5.4539
1.118
-0.1494
-0.8476
0.5307
0.0656
0.7986
0.7245
0.0963
1.1228
-0.8553
1.0992
0.1198
-0.8809
-0.2225
1.4888
0.5453
-0.4017
0.3826
-2.0196
-0.8874
2.3955
-1.6607
-0.9765
-0.9733
2.9329
-0.3368
-3.5386
1.6688
2.0137
-0.2891
2.3203
-0.0801
-0.5906
0.8473
0.1299
-4.6827
-1.8429
-1.4098
2.2372
0.2654
-0.5726
-2.0136
-1.4977
2.9307
-0.4724
-0.79167
-1.1892
0.9271
2.0167
2.1448
-2.0298
-0.9014
-0.5248
-0.872461
-5.0783
3.0538
0.3258
0.6929
1.9013
-0.4492
-0.1453
2.1689
10.2163
0.5472
0.463
0.4146
-0.2132
-0.4634
-0.2573
1.6967
-1.4773
1.833941
3.4485
1.5866
2.4623
1.2893
-0.5665
0.154125
2.2931
-1.4096
-3.0507
-0.4503
-1.987
-1.2163
-1.8783
0.0877
1.3145
-0.1304
-1.509
2.6305
-3.8556
0.0929
-5.3835
-1.91536
-1.8823
-0.7743
-0.192
0.7126
-0.4508
-4.3474
2.8644
-5.5961
1.9084
3.0998
-0.01298
5.14337
-0.34648
-0.5244
2.734
1.1743
-1.0181
-0.2307
-2.10746
-4.5807
0.0559
-0.3061
-5.6177
-0.8177
-0.8093
-3.3394
NA
-0.0924
-3.6383
-3.4391
-1.099
NA
-1.8087
2.165
-0.73241
1.425305
2.575741
2.374032
1.8949
0.006
-0.5428
0.6453
-6.814
1.0591
2.4738
1.82099
0.4977
-0.7444
1.1678
1.2824
-2.19873
0.6033
0.2246
-0.2473
1.832
-0.7776
-2.6403
-1.1941
-3.1539
1.5939
-2.3412
-1.3062
-2.3456
0.2141
-2.5298
-1.7186
1.6302
-0.6492
1.3416
-1.9485
5.8909
2.5552
-0.0459
2.5429
-3.1853
1.2979
1.2199
1.0092
0.34727
1.83346
-2.6207
-3.7068
-2.08931
-1.566
5.3161
1.6097
0.407
1.4451
2.4403
1.12
-3.7555
-1.1743
-4.9424
0.417
0.047928
-0.7401
-2.977
-0.4509
-0.1274
-0.854731
1.5001
0.7056
3.9065
-0.1849
-0.4668
3.3351
-1.9118
0.3631
1.7209
NA
2.1374
1.3671
2.61101
-1.013
0.2026
-0.674
1.24
2.0307
0.0315
-0.3008
1.5495
0.3586
-1.6724
-0.453
0.6066
-0.8478
1.2033
0.1391
-1.7092
1.7073
1.6197
-1.1006
0.7129
3.3055
0.2417
2.6263
-1.2537
-0.2631
-0.9986
0.3905
0.1779
0.1861
9.128
-0.0732
-1.4303
0.0389
1.446
1.7415
-0.8053
0.6943
-0.362
0.7878
-3.4951
-0.4701
-0.8876
-2.4739
-1.0684
0.0761
0.6512
1.1571
-1.4544
-0.5334
-1.6471
2.1937
-0.0427
1.7459
0.5362
0.3114
0.2472
2.5986
0.8817
-0.2918
0.7674
-3.944
1.7041
5.5042
-0.56
1.8594
-2.0711
-0.2834
0.8771
2.2104
-2.2622
-0.5282
-1.6331
1.0243
-0.1621
1.0273
0.5208
3.4348
-4.3042
0.0156
-0.1219
-2.1357
1.039
0.0894
4.8794
1.0206
-1.1264
-2.1128
-0.2541
2.7866
-0.3836
1.427
1.4075
-1.013382
1.481658
0.7696
3.6425
3.7045
-4.7667
1.1248
0.10592
-1.303
0.581126
-6.6787
-0.67953
1.2018
-2.1543
1.4578
1.1977
-0.2488
-0.1637
0.603
-0.9172
-0.4134
-0.4406
0.8535
0.938
-0.5477
2.10273
5.7302
5.77574
-1.6006
4.4631
2.1735
0.9751
-0.289
0.363
3.2927
-0.593
-3.5751
1.4971
-1.7399
-0.6503
-0.52395
-0.4253
-1.9475
1.5509
-3.8413
-3.9074
3.2643
0.42067
-1.5245
1.0289
-1.6812
-0.0913
1.671
-2.1297
2.5294
-0.1619
0.9016
1.0755
-2.0555
-0.3872
-0.10635
-0.9754
-1.37757
0.1705
0.0367
3.48429
-0.7699
0.5119
-2.9662
-1.1969
0.076
0.8584
1.16106
0.86
-0.9218
0.6439
0.1517
-1.22231
0.0568
-2.0459
-1.7312
0.20072
-0.877
7.6032
1.09064
-0.3169
-1.3934
-0.4406
1.8641
1.6216
-1.2846
2.82201
-0.856
-5.4121
-5.4539
-2.2963
-8.1297
-0.5151
-0.5822
-1.2062
-1.9228
-0.8646
-1.6532
0.124
-1.0343
-1.5372
-0.4589
2.648
1.0004
1.1571
-1.354
-2.5234
-2.4289
-2.2237
-1.8895
2.2362
-2.53067
-1.47004
-1.0925
0.2076
-0.6857
-0.4691
-0.509
-3.9276
-0.585
-1.3499
-0.9299
1.6265
-0.6081
-0.6562
-1.2488
-0.4635
0.00792
-1.1586
-1.7607
-1.48
0.8255
0.3468
3.27209
-1.9594
-0.6456
-0.43633
-1.5486
1.33527
-4.0846
-0.560346
-0.1168
1.36662
-2.0019
0.8493
-1.6881
0.0323
-2.1545
-8.6703
-0.2978
-0.2255
-0.1376
2.2529
-0.4222
-1.9783
2.60488
-3.4919
-1.9574
-2.966
-2.2669
-0.9444
-1.0145
0.4362
-0.5377
-2.7687
-1.126
-3.1742
0.0633
2.9275
-0.22161
-1.3002
-6.5163
-0.183
-0.0463
-0.6651
-1.2451
2.5787
-1.1269
0.0099
0.599
-0.7084
2.0815
0.4305
2.9694
-0.0574
1.4482
-1.3303
1.6597
-1.4626
0.6649
1.1169
0.2016
-2.5541
-2.2126
-0.0737
0.0536
1.9928
-0.0564
1.593
-0.3685
0.3303
0.7179
3.0598
-0.911902
-3.8962
-0.8595
-4.3282
-0.6918
-1.0181
-1.019
-2.3115
-3.1469
1.267
-0.9642
-1.0957
-2.117
0.6163
1.1981
-0.2052
-0.4206
1.53047
-0.1379
0.602
-2.4902
-1.3176
-3.2116
-3.0092
2.6896
-0.6095
2.180216
NA
-3.3334
0.4384
0.7862
-0.8416
4.4632
3.1239
-1.5036
-0.7498
-0.0809
-0.263
8.4902
-1.641
-0.4381
4.5487
1.2548
-2.253781
-0.7884
-0.972
-1.4775
0.3115
-3.3919
-5.6894
-3.8881
-0.3949
-1.5289
-2.0967
-4.5042
0.6354
-0.982
2.0802
-0.0266
-2.411853
-1.6594
-2.2604
-5.7639
-0.7585
-0.0469
1.9814
-3.8879
2.4128
-3.9684
-2.4065
0.7271
2.49241
-0.9435
-0.31486
5.271
1.228
0.787
3.3682
0.4913
-1.122
-0.5444
-0.6473
2.3304
1.4073
-2.0749
-1.2877
-0.1356
8.8778
-4.4466
1.2553
3.0288
1.8699
0.7181
-0.92506
-0.91682
0.00884
2.1246
-13.6516
0.7688
-0.7305
1.65895
3.4862
-9.4622
-0.8837
0.0516
-0.4035
-4.4314
0.36347
-1.6954
0.5221
-3.6263
1.0839
-2.6362
1.0214
-13.9466
-3.1036
-0.1125
-2.4866
2.3372
-0.3753
-1.1464
1.1002
0.578181
4.6361
3.8375
3.1044
1.2537
1.26937
0.5011
2.06582
1.5191
0.9723
NA
-2.5984
-2.6971
-2.55112
-1.4354
1.1817
-1.9149
-8.334
1.1396
-2.232601
-2.8997
0.1259
0.8312
3.137
1.727
-1.6414
0.3212
-8.9365
2.6089
-1.5325
10.1088
-0.9971
1.041
2.1574
1.741
-1.1203
-0.1384
1.9285
-8.6019
-1.0184
1.7252
2.34872
-0.54193
-1.2481
-1.4831
0.2103
3.393
2.4702
2.78859
1.2324
0.8435
-0.3801
-1.2376
NA
-0.0203
2.528168
0.3382
-0.0425
-3.456108
-1.3402
1.1445
-1.22371
-1.141
0.0575
-0.2527
1.71694
-0.9488
1.186
0.2545
-0.0469
-0.1152
-0.097
0.510265
-0.9949
1.3165
1.3263
-14.2033
0.74983
-4.95823
-0.6634
-1.8151
-1.3276
1.3303
1.0033
0.000202
NA
-3.5811
2.9187
0.9361
NA
1.2675
0.1249
-0.47365
1.6168
0.5177
-3.5597
-1.3815
0.3165
1.3149
-1.9465
1.39
-0.6175
0.2469
-0.39932
-0.09569
-0.4552
-5.5827
0.1171
2.8275
-2.5527
1.8336
1.273
-0.73849
0.0382
-0.9733
-1.4511
-1.4439
3.2264
0.2198
0.0441
0.4818
2.4436
NA
0.7892
1.8048
0.2779
1.7028
-4.288
1.0258
-1.0101
-0.447
0.4148
-3.9863
-1.3132
3.5969
-0.8812
1.4729
-1.498917
-0.9327
-2.1965
0.3313
-3.10213
-2.2827
-0.0319
2.4136
1.30125
1.0054
4.13682
0.413
-0.5987
-0.0688
0.1609
-2.2787
0.6862
-0.46977
3.9941
-0.82513
-3.9476
-2.4945
2.6771
-1.1037
2.3555
2.0347
-2.1027
-1.9684
-2.529
0.1637
1.58213
-0.3452
1.68032
-0.9488
-0.85627
-3.554798
0.2262
1.7214
-3.0087
-0.3821
-0.6666
-0.1686
0.8984
-5.566
-0.4427
3.7375
-1.376
-2.311946
-1.3214
-2.8221
-2.4746
-0.8007
-0.5481
-0.3342
-0.1915
-0.99271
-2.1538
-0.3971
-2.9464
-0.75511
-1.0968
0.05132
-0.2675
0.3449
0.0459
0.44
-4.7653
-1.4381
-9.1504
-0.3196
-0.8845
-3.3573
1.9776
3.2409
-0.3288
0.8137
-0.67298
0.5064
-0.6804
2.0782
0.8422
-1.6246
1.6153
NA
-0.7897
-0.0984
0.3967
-0.3391
1.6342
-2.1047
-2.6133
0.5135
-1.1339
-1.8702
9.1042
-3.5098
1.2949
-0.7401
-2.0938
-4.9017
1.01689
0.3809
0.6306
-0.0262
1.6988
-2.1363
-1.0052
1.59237
-1.8036
0.5005
-1.7016
0.3834
NA
0.5609
-2.5144
-1.854
-0.86997
2.6735
-1.23962
-0.3543
2.2957
3.4119
0.59
0.6259
-0.07464
1.7034
0.3222
-6.4439
4.572
0.1636
-0.7432
-1.648
-2.03298
-0.2494
-1.2781
0.16024
-0.7648
-0.1663
-1.1109
3.229
0.94746
4.69445
-3.2737
-0.0982
-2.9394
-0.99317
-1.256
-2.6351
0.985
-2.047
-0.5724
0.1775
-0.4917
0.0151
2.5352
-1.7339
2.1707
1.2129
-0.0917
-0.9915
-1.9201
-3.0756
-0.3965
-0.3818
NA
-0.9534
-1.8253
-0.0871
-0.789
-0.2596
-0.7703
0.0448
3.59094
3.4392
-0.2996
-0.0949
0.5476
-1.9595
-1.1878
1.2936
0.776
0.2724
-0.3333
-1.2937
0.8487
-2.9195
1.1524
1.3979
0.1532
0.98435
-0.4522
0.0306
2.4982
7.19543
-0.905
0.9454
0.5636
2.8252
-0.62387
-2.37
1.6577
NA
1.1081
1.7133
0.1233
0.2898
-1.8857
-1.5484
0.525604
-2.5157
0.4357
-1.4454
0.5374
1.5658
-1.1906
NA
-0.75631
0.1629
0.15849
5.2905
0.9921
0.8087
2.5589
4.84833
0.3505
1.5642
-0.5846
-1.7324
0.754097
-18.7348
0.7194
-1.0217
1.5993
-2.2322
1.2329
-1.3054
-2.9058
-0.44986
2.2338
-3.6452
0.11126
4.972
-10.5394
-1.8043
-2.2072
-0.5246
-1.6152
-1.1352
1.0714
0.7787
-0.1955
1.1693
1.1667
-0.2088
0.9674
0.469
0.09331
-1.1088
-1.3434
-1.27937
0.7091
-1.044
-5.1899
-1.2487
-1.236
1.0655
1.20269
-0.4192
-2.9015
8.3046
-3.1888
0.0458
-8.5171
-1.6435
0.4376
-2.5192
-5.0246
4.7537
NA
2.5376
1.4424
-4.9602
-1.5437
-0.8617
-0.0249
-0.2765
-0.00813
0.3583
-4.3435
-0.3157
-0.8717
-0.9611
-0.87537
0.2614
1.7631
-0.5979
-1.3934
2.7001
1.9645
3.3039
0.7076
-4.3377
3.2809
-0.9642
0.2412
-0.2329
0.1101
2.0212
1.5466
-0.465
-1.2687
1.0029
1.6843
1.0263
-0.5187
-0.7418
3.0933
0.3762
4.6713
1.65014
1.95863
-2.68923
-0.8711
-0.4076
0.9011
-1.13066
-2.9614
3.4962
1.1015
-1.9353
2.7873
1.12754
1.3267
NA
2.6375
-8.7495
NA
NA
NA
NA
NA
NA
NA
NA
NA
NA
4.0531
NA
NA
-0.7012
NA
NA
1.7151
NA
NA
NA
NA
-1.78425
NA
-2.9453
NA
NA
NA
NA
NA
NA
10.6056
-0.49068
-0.079
NA
-0.7032
-0.1191
-2.2374
0.1345
2.6892
1.2905
-0.1906
0.28979
-0.01984
-2.25361
0.2497
0.1937
1.0753
-0.2977
-0.8635
-2.7438
-1.1659
0.702
-0.1792
-2.7096
-1.0052
-2.416
1.9716
-0.7772
0.7067
0.0063
-1.3489
NA
NA
NA
-0.1045
2.1523
4.16833
-2.463
-1.432
3.2005
0.1781
-0.8755
2.1146
-2.0891
-0.2955
1.1855
-0.7189
0.4316
0.5741
2.5261
1.3283
-1.2698
5.304
-1.6133
-3.4038
3.0932
1.5442
-0.4353
-3.7557
0.1012
1.5892
-1.4161
-1.3639
1.3156
-0.2028
-1.1683
1.2597
-8.7929
NA
5.8585
NA
-1.4789
-1.9724
-0.037
-0.9488
-0.5676
3.3244
-2.1774
0.8331
-0.8344
-1.8263
0.9225
-2.6285
0.8178
-3.19
-0.3691
0.817
-1.8072
-1.3934
2.6298
-2.5083
0.2555
2.6482
-0.3153
-3.678
0.5784
7.0945
-11.4906
-2.3513
9.4765
1.7163
3.4457
0.6507
1.1124
-1.8869
NA
1.0729
-2.0608
14.2033
2.7215
2.3372
1.0245
1.0976
1.0559
-0.8897
0.0399
-4.253
0.77461
-0.82394
0.6228
-2.8104
-2.2312
-0.6322
1.7878
0.8786
1.0367
1.2825
-0.2343
-1.8318
-1.3387
0.1334
-3.8201
-0.993
0.7805
NA
-0.1084
-1.7122
0.1222
-0.28658
-0.1523
1.0008
-0.708
1.5742
11.1902
2.5762
0.908
-2.8211
1.4741
-0.1895
NA
-0.7795
7.9343
-9.7994
-1.8404
1.9749
0.05639
1.6365
-0.686
-2.991
-1.4004
-0.2121
0.4757
-3.3713
4.3751
4.864
0.7181
NA
0.78052
0.6987
-0.3477
0.24834
0.0935
1.2745
-0.0353
-2.4415
1.2547
0.5857
-0.6239
1.1179
-0.379
-1.16626
-1.0996
1.2251
-1.3923
3.5152
-1.6967
-3.8495
0.6114
0.1866
2.68697
1.1465
-1.0092
0.1032
-0.9207
-1.2836
-2.4312
0.8062
-1.1858
2.13092
0.3486
-0.896
0.72579
0.2482
0.2766
-2.2487
-3.25
0.8311
-0.8406
-1.7547
0.4793
4.96411
2.965
0.3667
0.22133
-3.6115
1.2868
1.16616
1.031
1.1611
-1.0684
-0.8697
-10.2573
1.272
0.9825
0.9376
-4.50775
-1.4884
-0.671
0.2993
0.304
-3.051
-0.8369
-2.7077
0.3974
-1.4187
NA
0.0259
0.323
1.22477
0.3051
4.8333
-0.4611
-0.5323
-2.4968
0.1426
-0.99099
-1.0334
0.2513
-0.2956
1.1435
-0.3864
0.8027
2.1433
-0.27263
2.1641
-0.5603
-0.6421
NA
-0.3655
-0.4775
-0.9397
-0.664
0.7776
-1.1351
0.7055
1.6628
1.0549
1.9824
-0.2281
0.6474
0.9979
0.2077
-0.47691
4.8047
0.2273
1.7747
-2.3767
0.0574
-1.02148
-0.1644
3.1642
3.0402
-0.1292
-0.7004
NA
1.1407
-2.8575
0.8906
1.0243
2.2081
-0.21022
2.8725
0.8973
0.44007
0.1751
-1.8946
-0.6331
-1.8182
0.6589
1.5419
-0.1426
1.9067
2.18698
-1.2177
NA
-0.1204
1.5298
1.1334
NA
-2.5731
-0.8232
0.0652
0.2861
2.9596
0.3328
0.7062
-0.6687
-0.4757
NA
-0.5894
-0.3891
0.3256
-0.8579
-2.1268
NA
-2.0112
24.2992
0.7463
0.814
2.5418
5.6239
-2.8851
1.3955
-2.3402
-0.6165
-2.2881
-0.4318
NA
1.4969
0.352
-0.2308
-2.9041
1.4592
2.3156
0.2629
0.2239
NA
2.6773
-0.4777
1.13222
-2.649
1.7814
-0.6499
-0.7963
-4.3577
-3.9323
1.0261
NA
0.57071
-2.8462
0.2048
5.7538
2.4396
1.1869
-0.4402
25.1669
-0.0897
-1.9612
-0.915
3.3724
2.3492
-0.5824
0.9082
1.8324
1.5814
2.455
-1.38666
0.5398
-1.0102
-1.063731
-1.71
5.7942
-4.5674
-0.7018
0.6128
1.4388
-0.9134
-0.28467
-1.9982
-3.4566
1.2288
-14.5537
-1.614
-2.1893
-2.772
-0.8907
2.36822
2.4252
NA
-0.38787
0.0421
-2.3667
-5.1538
-0.1208
-8.8262
1.22
-0.9975
-0.7697
NA
-0.5122
1.0912
-0.4354
7.2756
0.7652
0.6163
NA
-2.3002
-0.4864
-0.5383
-1.9702
-0.543
-2.2879
0.0349
-0.6441
0.88433
-0.8641
-1.4789
-0.2415
-0.5884
0.2904
0.3924
-0.7984
-0.2574
1.1909
0.1426
-6.3179
0.78564
-0.335
-2.5781
2.9737
-1.8038
1.9038
-1.3692
-2.8756
-1.9815
1.572
0.24719
-1.0899
1.6576
-0.6134
-0.2495
NA
2.2504
-3.635
NA
1.4503
2.0231
0.80653
3.2377
0.3361
-0.2353
5.7942
-1.7774
0.8744
5.5562
-1.11135
-9.8678
-0.47895
-1.2012
0.0958
-0.4701
-0.9405
0.5005
NA
3.3358
1.0773
-0.0195
-17.8292
-0.2919
2.214
-1.2407
0.7747
2.7098
-1.008022
-2.0372
-3.4176
0.2983
-0.1471
NA
2.1001
1.7445
0.3341
-0.4657
-3.4063
0.7112
-0.5265
-0.5955
-1.6233
1.41295
-3.5314
-0.2922
0.0319
NA
-1.4582
0.2443
0.561
1.237
-2.2986
0.6246
NA
-0.563
-2.2075
-1.0477
0.2637
1.4652
0.422
-2.1414
-6.4531
-1.0288
0.1494
-0.0264
-0.5548
0.0786
0.3051
-0.543
-1.11888
-2.3482
-3.0141
2.0006
-2.4435
1.2349
1.1407
-1.076
1.3389
0.3977
-2.1616
-7.727
1.1407
1.2238
0.11628
-2.0101
NA
-0.6051
-2.3474
-0.0588
2.4058
2.134
-1.8812
-0.1448
1.1299
2.1976
0.5747
-0.7233
-0.4442
-1.8224
0.1314
-0.9012
-6.8247
-7.7586
4.5948
-0.1497
NA
-0.2844
2.5897
-2.92591
-4.6536
2.1446
5.507
-0.5908
-0.1928
2.5327
-0.0267
1.331169
1.4908
0.92993
-0.197
2.2426
-1.73567
0.5923
0.9547
2.4873
4.9378
-0.1434
-0.4596
-0.6914
-1.8304
0.938
-0.5631
-1.79502
-0.5987
0.1325
-1.2929
-0.8391
0.7891
-0.2859
NA
-0.7059
-0.6252
-2.3284
-0.6239
-0.2727
-0.4216
-0.2023
-2.0734
-0.759465
4.7103
0.6045
0.2227
-1.3799
0.8514
-0.0648
NA
-1.9522
-1.7842
-0.6135
-1.9027
3.2996
-0.9151
1.6076
0.6492
2.6256
5.2632
-3.336
-2.20682
1.6458
0.6891
2.0693
0.773538
0.9139
0.1148
-0.1937
1.2419
-0.5453
1.8976
0.1585
3.2079
0.6825
-2.3556
NA
1.377
0.8319
1.0489
-1.3356
1.3189
-0.0313
0.13
0.0083
-1.1269
-0.5661
-0.7005
NA
-0.2008
-1.878614
-1.2961
1.0002
0.7719
0.3334
-3.6703
-1.36346
-1.0763
-1.4491
1.0068
1.705
1.8219
-0.5299
-0.1367
-1.520295
1.114119
0.040521
0.969901
1.550959
-1.441497
1.090942
0.457
2.894386
1.1263
0.4897
-1.0288
-0.540039
-2.5518
2.350851
0.6241
-0.642
-1.3747
-0.831
-0.2262
1.7768
-0.040217
0.652
-0.3499
-1.0242
0.3186
0.528259
0.945393
0.87436
1.1473
-2.9314
-1.2965
-0.2279
-0.2448
0.4789
-2.5464
1.7151
14.5177
-0.2841
-0.6436
0.1649
-1.2444
-2.684
1.38673
1.987417
1.8599
-1.0014
-0.9003
-3.8701
0.2227
-0.5145
1.5654
0.057687
6.4943
-0.6629
-2.5654
2.44678
-2.4352
-3.2606
0.220312
2.691
7.0283
-0.2031
1.423123
0.273
1.2882
-1.2216
-0.1772
0.8761
-1.2422
-1.7404
-0.1075
-1.21207
2.1484
-0.8362
0.421
-5.0209
0.5152
2.9804
-0.1006
1.9618
3.4119
-1.077
-0.7022
0.6186
2.0892
1.7895
-1.5655
1.9822
2.0916
-3.0696
-0.4305
-0.0841
0.8337
0.1906
-0.9886
2.5959
-0.3202
-0.3464
0.402
-2.8869
-5.182
0.319753
4.1924
-0.4067
0.469
-2.8431
-3.83932
1.3044
0.6845
-1.0448
-1.2466
0.0672
-0.7434
-1.2251
0.4919
-2.4425
0.8364
1.5086
0.1224
-0.1257
0.6893
1.14633
0.40775
-0.49413
-0.40021
0.0389
3.44264
-0.43307
-0.7544
2.54233
0.0881
1.4614
2.6549
0.7401
-0.12187
1.8974
1.23976
1.71439
-1.02883
-3.4575
-0.02124
-5.1909
-2.09365
-2.3704
-0.18902
-0.49865
2.4528
1.34001
-1.0654
2.5291
4.1117
-0.2636
0.08586
0.47404
0.7588
-2.3814
1.1009
0.8451
6.2167
-2.0315
0.37573
5.5949
-0.5599
1.6353
-0.3472
3.7525
0.73151
-4.1311
-3.12277
3.8867
1.0816
-0.0763
-2.7374
-0.2051
-0.4435
0.2124
0.2212
-0.62186
2.04876
1.539
-0.373
0.8896
1.5728
5.4801
1.1581
2.7543
2.13627
1.8028
2.09593
5.8592
-1.2989
0.6957
0.74985
-2.6199
-4.2408
-0.3667
6.68474
-2.2607
-0.7333
1.7298
0.1561
3.45618
0.2789
2.9441
-0.9469
-1.8231
0.01852
1.6428
-0.29573
3.97557
1.86179
-1.1154
2.1158
-1.0743
-0.4537
-2.63153
-1.58116
-11.7792
-11.7792
0.7616
-0.8891
0.88071
0.7676
-0.6506
1.8413
-1.7849
11.7792
-0.7166
-1.49735
-1.37324
0.5265
-2.77598
2.06813
1.075
-0.9552
-2.7656
0.6473
NA
-1.1222
-3.9469
0.8566
0.841
-11.7792
-1.5371
1.6276
0.1798
2.2361
0.17046
-1.6851
0.1761
1.1909
0.61166
0.39291
0.5413
-0.9634
1.2097
-0.33886
-1.7093
1.352
-4.6996
1.427
NA
-0.4194
-0.8148
0.6502
-0.0465
0.2162
-1.6106
-2.961
2.4872
-0.2154
1.6356
1.192
0.3392
-0.1674
-0.1892
-3.3587
1.0359
0.4126
0.02721
1.5601
-0.0912
-5.3049
2.6002
-0.6515
-4.4894
-1.43384
-0.5304
1.9772
0.00837
0.5002
0.3567
1.1274
-1.3048
-1.819
0.6155
-2.0105
-2.6828
-1.4854
-0.741
-0.791
0.0874
0.8225
0.5476
0.2846
0.5476
2.2193
0.8676
-0.9918
0.0459
0.61022
-1.6158
2.3383
-0.3463
-2.9784
2.8514
-0.2959
-1.3515
-0.4597
-2.4059
3.3411
-2.0532
-0.1458
-0.2848
-0.3456
-4.5529
-0.0864
1.216
-2.4017
-0.9214
-0.1257
-0.204
0.7656
0.0992
-0.6967
0.8202
0.1278
-3.1789
0.7166
1.4048
-0.91114
-0.2429
-0.6355
-0.3731
0.3547
-2.8864
0.51
-0.7679
3.7682
-3.0217
-6.8498
-3.635
1.9386
0.1676
-2.5032
-1.2168
-1.5093
-0.7679
NA
-1.9093
1.6097
-0.6416
-2.4576
-1.21818
-1.7967
-1.1475
2.4082
3.6438
-1.5998
3.8699
NA
1.1223
0.3706
0.3392
-2.924645
-3.2059
1.845586
-0.8703
-0.5713
NA
NA
NA
0.5565
0.2932
-0.6031
-1.2959
0.2836
-1.2484
0.0088
0.3919
0.2795
0.4224
3.2648
0.6374
0.1336
3.5599
0.841
2.4874
3.0386
1.7574
0.88185
-2.2032
-0.8509
-4.707
-1.902
2.2996
-1.5805
-0.9093
1.5566
3.5509
1.2379
-0.2702
-3.6697
0.7092
2.436
2.2863
-0.8553
-1.25876
2.6586
-3.7645
-0.0577
-9.2068
1.5626
NA
0.151
1.1569
0.85377
0.1934
1.1496
-0.2012
-1.72881
-1.9711
-1.0819
1.20143
-0.5589
0.3318
0.8541
0.66025
0.3806
0.8215
-0.6322
-0.00779
-0.1353
-0.07699
0.7014
-7.8679
-0.5457
-2.1995
3.4397
-0.7593
0.4157
11.7792
0.3481
2.5654
1.52609
-0.8594
1.4603
2.7131
1.0899
-3.2785
-0.8104
-2.1815
1.243402
0.36133
-1.0236
0.7785
0.5358
1.42985
1.7551
-1.6396
-1.6278
-1.80258
1.506
1.5466
-2.26829
0.7584
-2.0202
-3.205
-1.99296
-0.8016
-3.8878
1.63573
2.2408
-2.7104
0.7695
0.4778
3.6107
0.01161
0.6856
-1.5428
1.23431
1.1753
-0.624
-1.8808
1.493
0.5812
NA
0.99565
-0.25503
-0.3935
-3.5606
0.2553
-0.78629
1.088
1.44639
-1.9732
-1.942
3.72818
1.1766
0.8562
0.18873
0.7009
1.26226
-7.229
-0.4558
-6.2191
0.3344
1.6373
-0.1659
-1.2685
-0.4332
-0.66561
-0.8808
0.42482
-0.5638
-0.6269
0.5195
-1.1504
-0.1562
0.2215
0.436
-4.0572
-1.5384
-0.376
-3.8287
3.3276
-3.0311
-0.908
7.8848
0.71976
-0.3714
-1.2867
-1.3367
-1.4416
-11.7792
1.05256
-1.7607
1.4314
-0.21938
0.0155
-4.47237
-0.6507
-0.1847
1.56373
-0.258
0.4073
-0.5646
1.4379
1.8016
0.5904
-2.4855
0.9186
-2.9381
-0.3912
1.1407
7.7653
11.6826
-1.2331
1.1222
1.2109
6.347
1.5325
NA
1.1407
-0.6553
1.0764
1.277148
-1.7046
2.5033
-0.9503
-0.8871
0.976
0.3714
-1.0866
-0.0618
-0.8661
-0.2156
0.4799
-1.7335
-3.7899
3.5669
1.0843
-0.4588
-4.3752
0.1377
-1.101
-2.9669
