0.8704
1.7687
-0.8058
0.4547
-0.0148
2.2414
0.1716
-2.0472
-3.2636
0.6184
NA
-0.6163
-1.1318
1.4502
1.47276
-1.1259
0.0956
0.86986
1.0275
-1.1215
-4.6531
-1.0334
0.4116
0.5846
NA
0.0955
-2.0767
0.1288
-2.2461
2.4076
1.9677
-0.87086
-1.7724
1.479
2.66939
-1.7068
2.4865
-1.4747
-1.4202
1.1939
-0.3715
1.146
1.7319
-1.3944
0.1441
-0.2729
0.0257
0.1103
1.5423
NA
-0.8488
-1.593
2.7882
0.6384
NA
0.0389
-1.7589
2.21391
-3.1382
-0.7714
NA
-0.7918
0.8693
1.8899
0.1245
-0.4727
-1.9409
-1.4402
0.3793
NA
0.6121
-1.2709
1.3585
-4.3158
0.431
-0.1825
-0.8504
NA
0.295
-0.0365
1.1203
-0.5711
2.44118
2.3932
-2.0975
-0.0664
0.6978
-1.831
-0.4923
1.101
-1.8392
-4.1958
1.9298
-1.9037
-5.4931
-0.7957
2.26459
-0.6646
-1.6164
-0.19322
0.5747
0.0469
0.2875
-0.9207
0.4346
3.2427
-0.4845
0.8911
-1.46484
0.8109
-0.4038
2.7703
0.4604
-1.4702
3.1122
NA
4.5723
1.0963
0.1269
0.5705
NA
-1.9301
-1.0298
3.3345
-2.3698
-4.4087
NA
-1.4635
3.6304
-0.2053
0.1132
-0.5399
-0.7666
0.7229
0.43871
-0.1049
NA
-1.5237
2.06865
0.5752
-0.2676
-0.4174
0.8773
NA
-1.4051
1.2045
2.0315
-0.9377
-0.54512
-0.8447
-1.226
0.9047
0.8984
1.1645
1.13405
-0.18786
1.4311
-0.6121
0.134
1.5921
-0.4678
-6.3574
1.5861
0.5699
-0.0794
1.5822
0.4681
1.4973
-0.89329
-0.7969
-1.6153
0.2034
1.4198
-0.4219
1.5145
0.7768
-1.189
-0.7749
0.3994
-0.8813
3.0738
-0.5367
-0.037
2.3555
-1.2079
-0.00465
-2.4743
-2.1371
-0.3604
-1.7811
0.2943
-0.52162
1.5603
0.4664
-0.6032
2.2247
2.2614
-0.4846
-4.5895
2.5503
-0.939
0.174
3.9087
0.1973
1.3892
-2.0885
-0.3572
-0.83414
NA
-0.8506
0.1254
0.2184
-1.7782
0.68634
1.4488
-0.368
1.5498
NA
0.3781
0.3595
-0.6277
2.2551
-4.305
-0.4271
0.5187
2.7555
0.367
1.2371
0.7325
0.7238
-0.8286
1.1086
0.9912
2.0693
-3.0233
0.2711
2.30211
-1.3997
-1.5063
0.8394
-3.2811
-2.92
-0.0979
0.2489
3.3655
-0.7004
-1.8942
-2.1224
1.1566
NA
-2.3442
1.1041
-1.8995
3.4148
0.66
0.7875
0.9653
-1.5522
-0.7464
-1.459
0.8392
4.8315
-0.323
0.4348
2.0609
NA
-0.9435
-1.0055
-1.7587
-2.8579
0.372
2.0247
3.1567
-1.7011
1.1051
-0.5104
-0.7478
1.4438
1.4676
0.3535
3.4781
-1.5386
0.1003
-1.3218
3.0819
1.0915
-0.7423
0.7856
NA
NA
1.7446
-1.7786
-0.3623
5.1258
-0.3533
-1.1103
1.9988
0.5331
1.5193
3.4713
0.4369
0.4486
-0.1185
-0.381
-0.4023
-0.0777
-1.1049
0.092
-1.1995
1.1988
3.6153
4.7032
NA
1.052
-0.1835
-0.8711
-2.1033
-0.7561
NA
-1.5474
NA
0.6874
0.7164
-1.8344
-2.1409
-0.0877
2.238
-1.867
-0.4946
-4.254
-2.5186
1.575
1.3355
1.1564
1.2256
2.361
-0.2287
2.8202
-0.88
1.3775
-1.3218
1.1521
-1.5548
1.2265
-0.7768
-0.2327
-0.7795
-0.1279
4.7625
NA
5.5226
1.3236
-1.7873
0.3869
0.5339
-0.8255
0.3945
1.2522
0.1691
0.0719
1.3145
NA
0.2608
NA
0.0332
NA
0.6082
1.1485
1.9848
4.3776
NA
0.9597
1.3856
-2.2093
1.2641
NA
-2.4592
0.5907
0.1383
-1.717
-2.3655
-0.6813
-0.7101
-0.1088
2.0866
-0.5812
-0.9372
0.7817
0.5148
NA
0.0845
-0.8104
-0.5168
-0.0595
1.7129
0.9214
-0.6813
0.2676
1.3391
NA
0.0992
NA
-0.8276
1.6389
1.5485
-1.8559
-3.2445
0.6945
-0.2823
-2.1622
-0.2434
-0.2984
-0.4425
-1.1141
2.2818
1.3969
0.2957
0.6591
0.0705
-0.7445
0.84794
-2.71052
-2.33153
1.18621
-0.46185
-0.80351
-2.09766
-1.50997
NA
1.76156
-0.9522
-2.7164
1.03042
1.0661
-1.9583
-0.59549
-1.83037
-6.3827
0.741
NA
1.95944
1.65543
-0.0562
0.33807
-1.2951
-0.35945
1.90728
0.30408
0.9717
0.5641
0.519
1.5438
-0.547
2.7822
0.2093
0.6027
-0.8378
1.5759
-0.1021
0.6643
-0.5745
1.1479
0.8495
-0.3693
-0.2442
-0.7397
-0.1363
-1.0613
-0.0603
-3.6654
2.2201
-0.8016
NA
1.8152
0.879
-0.9939
1.5568
0.6435
NA
-2.1177
0.6659
0.3144
0.9729
2.0652
0.6417
0.98823
0.6435
0.94343
-0.06618
2.9781
-1.64143
NA
-0.5734
1.4852
5.57885
-1.1109
0.4453
-0.2843
-1.1058
0.7897
0.9002
NA
-0.2138
-4.2249
-0.9977
-0.2902
1.2249
2.1014
0.9327
1.831
0.1968
-0.1122
-0.1122
-4.2425
-0.619
-1.01
-0.63
-1.1242
0.0203
-0.114
-0.3688
0.137
-0.0952
0.8031
-0.0554
0.7254
NA
0.7241
0.2245
-0.7017
0.2511
-0.8399
0.3543
-4.2647
-1.9374
2.1445
-0.4012
0.6393
-1.0949
-0.9461
-0.4736
1.2101
5.2177
-0.4426
-0.5273
1.5822
NA
-0.085
1.2407
-1.5736
0.0138
0.8572
-0.5889
0.3454
-0.1731
-0.7636
0.9264
-1.2494
2.262
-0.6648
-0.2245
-1.6955
-1.003
0.4992
1.0115
-0.6876
0.8635
1.1081
2.7859
-1.4294
0.3231
-1.3273
NA
NA
-1.5102
-1.5012
-2.0398
0.3002
5.097
-1.9049
-0.93271
0.1603
0.0275
-0.4342
-0.4737
-0.5707
-0.01611
-1.4589
-2.0642
-1.3209
-1.5872
-3.7605
-0.80374
1.181
0.52424
-1.313
-0.2221
-1.6367
2.3153
0.7872
0.7735
-0.0597
-0.4195
2.1391
2.5276
1.5237
1.2634
3.9504
0.9633
2.7934
1.5547
0.7556
0.5057
0.5525
-1.73843
0.15021
-0.6192
-1.5603
-0.7268
1.1965
-2.1026
0.3487
0.9844
-2.2548
1.2236
-2.2992
-1.0211
0.6415
2.7188
1.3777
0.5293
NA
NA
0.1219
NA
1.446
NA
2.0825
0.333
1.0004
0.5146
0.5849
0.4327
0.7107
2.025
-0.0394
0.6122
NA
0.8556
0.2193
2.146
NA
NA
-1.2651
-1.3541
-1.1943
-1.3537
-0.437
-1.1347
4.49
0.1636
-0.311
-0.10097
0.8497
-0.3495
-0.1163
0.8082
1.577
-1.9625
1.36899
2.12237
-0.7645
-2.0259
-0.2146
0.1701
NA
2.2043
0.5583
-0.1619
-1.1597
0.1256
2.1694
1.1228
0.9188
-1.1041
0.5241
1.4366
-0.5835
1.9739
-3.1014
2.6828
0.8926
-0.6447
0.872
-0.3485
0.5788
0.9168
-0.1893
-1.8892
NA
-6.4921
NA
-0.3094
-1.3104
0.7503
0.65529
-0.2348
NA
NA
-0.1394
-0.536
NA
0.9331
0.2011
1.8881
0.5535
2.5569
2.1345
2.2983
-0.0497
NA
NA
0.5885
3.4566
-1.8501
-1.1863
-0.1958
0.6738
0.1807
-0.7677
0.4871
0.8083
-1.2588
2.0894
-0.9546
-0.4726
0.6347
-0.657
0.4937
-0.1753
1.485
0.7777
-1.0984
2.8861
2.3074
NA
-1.7331
-0.7553
4.7821
-0.1675
-0.9462
-0.8538
0.3637
-0.321
0.2451
-0.0556
3.1834
-0.7957
-1.3076
-1.8237
-0.1352
0.3984
0.8152
0.3651
-0.00731
-0.0559
2.3972
2.2001
2.35783
0.0807
-0.2469
-2.0325
-0.6042
-0.7503
-0.5565
0.6829
1.1222
1.3106
-0.0289
-0.5005
-1.7715
-2.211
-0.0943
1.8728
1.20961
-1.1172
2.3026
-0.4966
-0.8565
-1.08426
-2.48066
0.874
-0.7966
-1.4125
0.4727
0.5904
2.3031
-0.66746
0.38567
-1.8965
0.7514
NA
-1.5896
-1.5208
-0.2054
1.4452
-2.5826
-0.4614
0.7717
-0.4431
-1.6807
1.5919
-0.8772
1.52823
0.74961
-0.2342
-0.1043
0.4493
-2.5489
-0.2286
-1.0971
-1.0094
0.8202
0.5243
-1.71
-0.18831
0.2767
-0.0673
-1.4951
1.6483
-1.3337
-0.5557
1.2454
0.4549
1.5374
2.2665
-2.0638
0.0488
-0.2928
NA
NA
NA
NA
-0.2506
NA
-1.9491
-0.50093
0.1251
-1.1705
0.0328
-0.1324
1.3131
-0.2298
-0.7089
-0.5447
-1.7483
-0.4115
0.4201
6.8224
2.3999
0.059
-0.7556
-1.0978
-0.9695
-2.1632
0.8909
-1.6206
-0.1945
NA
-0.7826
-0.6904
-2.1137
-0.544
-2.2101
0.6124
0.9512
-0.924
0.8193
0.58906
0.76154
0.6756
0.4595
-3.885
1.67187
2.2322
-0.8137
1.7149
1.4016
0.4944
0.8026
0.8619
-1.6921
-0.1433
-2.3263
-0.2277
-0.78
1.2085
0.6146
-1.489
2.1548
1.3085
NA
-1.5647
-0.2735
0.1559
-0.6654
-2.4438
NA
NA
0.5949
2.9085
3.7275
2.2381
NA
0.7532
-0.5249
0.7566
-0.4082
0.6983
2.1387
1.4983
0.7641
NA
NA
0.2055
NA
NA
NA
4.8007
0.3039
NA
NA
-3.3456
2.0578
3.5216
-0.8959
-0.6101
-0.9903
-0.05
0.6257
3.0115
0.4694
-1.7714
1.3425
NA
0.4112
-2.9741
-0.6424
-2.1395
NA
-1.2505
0.5725
-0.95
-2.8712
-0.8691
NA
-3.4248
5.6814
-2.0287
-0.4255
1.4059
0.6247
1.2575
-1.0319
-0.379
0.15661
-1.5196
-4.2425
1.0763
-1.14632
1.4463
0.12161
0.45787
0.51581
-0.4137
-1.62092
1.82591
-1.56668
-1.0401
0.4807
-0.4976
-3.3534
-1.609
-1.9356
0.3819
NA
1.1177
2.185
-0.8372
-1.9415
-1.0978
NA
-2.4354
3.3535
-2.6434
-0.4537
0.7388
0.482
-0.4334
2.4135
0.9655
-1.1103
-1.506
-0.3131
2.1051
NA
0.8071
0.2885
1.4084
2.7478
1.0392
-2.4174
0.4204
-2.3778
1.1239
1.5133
-1.85
0.6205
0.0912
1.5025
2.1914
0.3693
0.1312
NA
NA
NA
0.5768
-0.9845
-1.2756
-0.1795
-1.3
0.49446
1.49931
-1.1302
0.6165
-0.6544
1.14762
-1.5879
-0.30164
-0.5296
NA
-0.4699
-1.3171
-0.50566
1.72357
2.30015
-0.5396
-0.7451
1.807
-1.754
-1.4031
-1.7268
-0.48346
0.74371
1.30848
-0.66352
NA
3.2998
2.0112
1.4249
0.4877
2.6246
0.3082
-0.2265
-2.9402
2.1707
1.9033
-1.52525
NA
-1.1161
-0.29464
0.0648
0.8074
-0.17904
0.8058
1.0179
-2.0691
-0.3397
0.6404
-0.7357
-1.76
NA
0.4201
0.2552
-1.2541
-4.1276
0.7856
-4.798
-0.359
-0.3619
-0.5613
1.1641
NA
NA
NA
1.6579
-1.6549
NA
0.2616
0.7211
-0.5385
0.4941
-4.0205
-1.345
0.8492
0.3999
-2.3999
0.2707
-1.5305
1.6994
-0.69483
-0.7358
-1.1581
-0.0674
1.8033
1.4614
-0.2345
-1.0461
1.6601
0.71863
-3.6969
-1.5308
-0.452
1.3418
0.2519
1.0481
-1.333
-3.335
-0.202
4.208
2.7016
-2.7703
1.8661
-2.26455
-1.3791
-2.37062
-0.7316
1.1063
3.75378
NA
1.6068
1.7029
1.158
NA
-0.714
0.9779
1.2553
-0.5117
0.5664
NA
-0.3098
-0.521
NA
0.4241
-1.7212
-1.2035
0.8988
-1.8787
-2.6083
NA
1.9908
-4.0384
3.5038
NA
NA
NA
3.1437
-1.5051
-0.8842
0.2586
-4.1775
-0.2794
-1.3716
-3.5124
NA
-0.4778
NA
NA
NA
NA
NA
NA
3.0455
0.6795
-0.7205
-0.60406
0.69976
-0.5052
-0.3977
NA
-2.3725
1.2192
-0.0125
0.7377
-3.6197
-0.6301
-0.1157
0.3788
NA
1.0753
-0.2741
0.71731
NA
-0.3938
1.2622
2.2142
1.4463
-0.6634
1.0126
0.3828
1.697
0.8486
0.3969
0.332
-1.8435
0.4368
-2.04
-4.0741
0.8087
1.4493
2.6572
-2.2015
1.922
1.8536
0.8887
0.7413
-1.1516
1.4739
1.603
5.0104
NA
2.1959
0.7328
1.2151
-0.2122
0.8047
-0.9074
-3.3469
-0.98687
-1.556
-1.16431
-1.82415
1.7598
1.0725
-2
0.9532
0.904
2.6223
-2.25909
-0.009
0.7904
0.4273
-0.9358
0.1075
0.2237
4.85749
-6.184
-3.0701
-1.2853
0.9918
-0.257
0.5891
NA
-2.55102
-2.7944
1.9481
-1.7231
-2.85803
5.07742
-0.8165
-0.8479
-0.4613
0.4764
-2.2714
-0.3366
2.2711
-1.7453
1.5982
1.3255
0.1451
2.3698
2.7652
0.2327
0.2884
NA
0.5157
2.4523
-0.1607
NA
1.0161
1.0485
NA
-1.5232
1.8143
3.0815
-1.0382
0.9276
0.432
1.1408
-0.9451
-0.9255
1.3035
-1.6621
-0.3455
2.6327
0.7241
-0.0362
NA
NA
-0.9463
-0.57217
0.4445
-1.4044
2.2003
1.5794
2.4643
-0.8227
0.8953
-0.4722
-0.4512
-1.82862
1.3836
1.005
-0.0807
-3.4884
1.9617
3.2892
NA
1.1359
-2.31332
0.0516
0.9749
-0.8268
-0.4167
1.4139
0.7676
-0.1994
0.5039
0.172
0.8186
4.4172
-2.1309
1.01086
-0.3541
0.90349
2.06247
0.5198
0.5435
-1.15489
-0.3322
1.0525
-1.3079
-1.0656
1.4354
0.0799
4.2093
-1.1845
1.0693
-0.1112
NA
NA
0.3269
1.85051
1.7966
NA
0.7103
1.2202
-0.6748
-1.7973
-1.1196
0.651
-1.72631
-0.02881
-0.0677
1.6031
-1.5598
0.1835
-1.3313
1.2175
0.02945
0.3923
-1.09872
-0.49789
-1.464
-0.44791
-0.3602
-0.6556
1.38322
0.86742
2.0621
NA
NA
0.3668
-0.069
1.8919
-4.10406
0.9474
1.944
-0.85787
0.1138
-0.8062
1.6153
NA
-0.0853
-3.8648
NA
NA
-0.3459
0.5305
-1.39723
0.4405
-1.965
0.74775
-0.9034
-5.6401
2.6854
-2.0847
-0.47
1.1886
NA
-2.6996
NA
0.446
1.3409
0.0571
1.703
-0.1821
1.3177
-0.2128
0.1478
-0.7375
-2.1474
0.7949
-2.3572
-2.2288
-0.9232
0.1222
-2.8006
2.8338
-0.3475
0.4452
3.3822
-4.5598
-0.52332
-0.6443
-1.7771
-1.8889
-1.6097
2.4677
-1.93128
0.56645
-3.5853
0.1776
0.2024
NA
-0.0109
1.4688
0.6433
1.4455
2.1794
0.447
NA
-0.5371
0.8248
1.7142
0.7273
-0.7257
3.2389
NA
NA
2.6197
0.4915
0.0702
-0.7111
-1.34141
2.59023
0.1708
-0.1045
-0.6048
1.9114
1.2042
-0.0204
-3.7512
3.33071
-1.98641
0.3798
-0.4709
-0.7092
-0.8712
-1.2649
0.4114
0.83086
-1.0369
0.24608
-0.5406
0.131
NA
0.8458
-3.0483
-0.1955
-1.4759
0.3803
1.8874
-1.6729
1.74046
NA
1.80418
0.67955
1.6626
-3.91493
-2.53674
1.98111
0.9261
-1.2536
-1.1312
-1.4057
2.39855
-0.0838
0.3481
-3.4591
-0.2367
-0.0626
3.0902
0.8129
0.42914
1.8184
-0.4037
0.3849
-0.6734
NA
-1.2535
NA
NA
1.21899
1.0235
1.10101
0.103
2.1457
1.2996
0.5182
0.125
-1.02294
-2.0423
-0.1291
2.3187
-2.41954
0.62908
1.5121
2.172
-2.807
-0.2208
NA
-1.99941
3.6188
2.9576
1.39312
1.1434
-2.6088
4.6507
-1.13526
-2.5622
1.5224
-0.6062
-5.435
1.7819
1.1938
1.344
0.7121
-0.3386
0.0257
NA
2.126
NA
2.9014
4.3423
2.1882
NA
NA
0.1145
NA
NA
0.9552
NA
NA
-1.34863
-0.9176
-0.40945
NA
-0.5022
NA
NA
-0.2224
1.8579
-2.06451
-0.5216
2.929
-0.2591
-0.1834
-2.5758
-2.0917
-1.4386
1.2853
1.77662
2.7748
NA
-2.1049
-0.17
2.5703
-0.7751
-1.6914
-0.00918
-0.607
-1.4632
-1.4468
-1.217
NA
2.6606
NA
-1.701
NA
-0.9062
-0.8363
0.7651
1.5553
-0.2721
3.8955
1.0312
-0.3238
0.7396
-1.6109
0.9363
-0.4631
-2.088
-0.3597
-0.687
0.3364
0.4803
2.7192
0.82311
NA
0.78258
1.7185
0.513
NA
0.1244
NA
NA
NA
0.7689
-0.8235
1.8808
-1.3106
NA
-1.7548
0.2803
-1.6049
NA
-0.9955
0.0964
-0.3403
-2.3743
-0.4702
NA
0.789
NA
-0.6522
2.3018
0.6317
-3.5197
-3.8652
-1.8684
NA
NA
-1.8889
-1.39923
1.0025
0.3242
5.6164
-6.2962
1.1029
0.4833
NA
-1.674
-0.4301
NA
-0.448
-1.74934
-0.9711
1.7114
-0.1704
-1.3906
NA
-0.99915
-0.1512
-2.7655
NA
NA
NA
0.9269
-0.692
0.5282
4.0995
NA
-3.0837
1.20294
-1.2264
-0.3242
-0.7619
1.8262
NA
0.9345
0.7933
NA
1.3396
NA
-1.683
-1.722
0.1121
NA
-1.15912
-1.2484
0.5825
-0.7938
0.9068
0.5556
NA
NA
1.974
1.2383
-0.7814
NA
2.5863
-0.84702
-0.7957
-1.8375
-1.5212
-2.5877
NA
0.1298
-0.9728
3.4024
NA
0.3938
NA
0.02498
-1.049
-0.9808
0.318
-1.2982
0.9333
2.5929
0.1189
-0.5238
-0.0536
0.4596
0.1607
0.90494
0.5714
0.112
NA
-0.5602
1.8379
0.2227
1.27737
1.33794
-1.1204
NA
1.9374
-0.7476
-2.2508
-0.7972
-0.9589
1.6385
2.22264
-1.4249
-0.5104
-0.4639
NA
-0.449
0.0161
-1.3645
-2.929
-0.0712
1.3041
NA
-0.3223
-0.3395
1.09417
NA
NA
NA
NA
NA
-1.6681
NA
0.5456
0.5283
0.0641
-2.2058
NA
-0.9249
0.3499
NA
-0.4299
NA
-0.7321
NA
1.6573
2.5556
NA
1.6706
-2.596
NA
NA
-2.85586
NA
0.4215
-0.8779
-1.6924
-0.2732
0.452
1.6576
-1.147
-1.7972
1.1102
NA
-2.8861
NA
0.2024
NA
-4.4681
NA
-3.1947
0.2144
NA
-2.2043
-2.1107
1.064
1.3887
3.1299
-0.8684
NA
0.8146
3.23329
0.44813
-3.0233
NA
NA
0.6805
2.0395
1.7347
-1.5917
NA
0.3108
0.5622
0.7133
0.6076
2.0716
0.3226
1.23643
2.2703
NA
NA
-0.2644
0.5104
-2.1178
0.0586
1.5892
-1.6215
-2.8804
0.5646
0.64918
1.8395
1.6276
2.2636
1.196
1.2172
0.2391
1.1119
-0.4876
-0.9153
0.44926
-2.02771
-0.3729
NA
0.4536
1.0972
NA
0.4783
-1.8889
-3.2389
0.4841
-4.5445
0.63733
-1.02343
-0.901
1.369
-0.1602
0.6965
0.6174
-1.1266
-0.1293
0.0769
-0.2299
-1.2484
1.8236
-1.8181
-1.2711
1.6054
-1.6596
1.4454
0.1298
-2.7207
NA
-0.2211
-0.5042
1.6596
-1.08205
3.1078
0.6497
0.9619
-0.6757
2.9112
0.9701
0.3205
-2.7114
3.6018
1.1029
-5.5691
-1.1616
0.74
0.9691
-1.1395
-1.7018
0.2022
-0.9743
1.2397
-0.1983
-3.0524
1.9364
3.0941
-0.4295
0.5207
-1.8257
-1.4206
NA
1.3331
-3.2503
0.2123
4.65
-1.6691
-0.2168
-0.6477
NA
-1.136
NA
NA
-0.6935
NA
NA
0.7049
NA
NA
0.4762
NA
NA
NA
NA
NA
NA
NA
NA
NA
NA
NA
NA
0.9791
0.1277
NA
-1.6585
-1.4406
2.405
-4.7388
-4.7388
NA
0.037
-0.3556
0.26989
1.8771
-3.9516
2.5241
0.4666
2.57326
2.6836
-1.7037
NA
-0.2328
1.1009
-0.97072
-0.8722
1.0031
-0.0994
-1.056
NA
NA
NA
NA
1.12285
0.1592
0.8272
-0.6379
NA
-1.9783
-0.13038
1.5046
2.2058
-0.4169
-1.2264
NA
-4.5545
-0.8382
NA
-2.0084
1.379
0.3905
1.2887
0.6111
-3.1861
-1.1005
0.3795
2.92002
NA
-1.81
-1.0156
-3.1947
0.7204
-0.6778
1.31
NA
4.0613
-0.69018
NA
0.4337
NA
NA
1.718
6.0684
3.8698
0.49083
0.1026
1.7202
-1.234
-0.6444
1.4029
0.8888
0.1937
-1.0422
NA
NA
NA
1.7257
NA
-1.7725
NA
-1.8498
NA
1.8126
-0.1324
1.62
NA
NA
-1.2594
-1.0188
-0.7176
-1.3715
-0.7854
NA
2.8555
0.1746
0.9081
1.755
1.9796
-0.2273
-0.4816
0.1636
-1.4247
NA
-1.1792
NA
-1.2154
-0.1383
NA
NA
1.2305
0.8462
-1.6253
-0.223
NA
-0.6936
1.3549
-0.9786
0.3641
0.3065
3.306
NA
1.5998
NA
-0.4572
NA
2.5956
0.0606
0.3224
-0.3139
NA
-0.5898
0.3662
-0.00503
1.8023
3.3089
NA
NA
0.904
2.7022
-1.2706
-1.0113
3.8965
2.481
NA
-7.6203
-1.8889
-0.6384
NA
1.8921
-0.8151
0.5351
-1.1158
0.1477
-0.7476
-0.8349
1.2356
-0.8978
1.0474
NA
NA
1.4559
1.4098
1.6121
1.4195
-0.8049
NA
-1.339
-1.2629
0.6253
-0.6363
1.239
-1.0512
-3.3112
-0.9938
NA
NA
0.4606
-0.5423
0.7338
-0.2624
3.7526
1.4438
0.3585
1.398
0.514
-0.7033
1.0565
0.3995
-0.4126
NA
-0.1166
1.83834
-0.9435
3.5541
-0.1065
-2.2117
-0.0303
-1.3769
4.0066
-1.0669
-2.6626
-1.322
-1.0909
0.6244
-0.645
NA
1.2342
-1.7685
-0.2382
NA
-0.70968
0.5894
-1.0842
-1.0817
-0.496
2.9829
-1.0258
0.031
-1.4402
0.732
1.8453
0.5328
1.28
-2.0778
1.1712
1.2752
-0.7905
NA
1.8534
0.8949
NA
NA
-2.103
NA
NA
-0.1713
0.411
2.2564
-1.5528
NA
-2.8338
NA
1.8087
0.7029
-1.6031
-2.9478
-2.8202
-1.3504
0.1515
1.2079
1.6076
-0.8382
-0.7981
-0.0372
3.4403
-0.6888
-2.4522
-1.2248
NA
1.6536
-0.2514
-0.624
0.0293
0.576
-1.1046
2.6706
NA
NA
NA
0.315
1.2293
0.2664
1.7475
-0.539
0.9125
1.7941
-1.9867
1.4197
0.7929
0.0191
1.7026
-0.9379
-0.0651
0.35533
0.0717
0.1819
2.5302
1.7684
NA
NA
-1.3138
-0.99132
0.5005
0.3474
1.3737
-1.4266
1.6291
-0.0719
0.0148
-3.2091
-0.29386
-1.106
NA
-1.4792
0.7457
-0.6003
NA
-1.5078
0.9115
0.332
1.6752
0.6649
1.0334
0.8499
0.0573
1.1765
NA
-4.2149
-1.4947
1.0035
-1.718
0.2582
-2.2013
0.3657
-0.0122
0.9963
NA
1.4731
-0.4162
NA
-2.6828
-0.9195
2.7114
-2.47611
-0.1053
-1.7841
NA
-0.0294
-0.9714
0.0436
0.82124
1.6692
0.6147
-0.6046
2.8627
-0.1956
0.6881
0.6928
0.5866
NA
0.4367
-0.0474
0.9548
NA
-0.5085
-4.7106
2.5994
NA
-0.4882
NA
3.4601
-0.8877
2.1189
NA
0.7306
NA
0.4525
-0.4303
-0.7532
2.6783
NA
0.1106
-0.4973
0.5968
-0.45762
-0.4101
-0.2824
0.4664
NA
0.6446
1.3934
-0.3562
NA
-4.0337
1.642
1.0203
-0.1652
-0.5907
2.20431
-0.7183
NA
-0.2653
-0.5102
-1.6434
NA
2.1189
0.4249
0.0751
-2.4422
-1.7316
-0.7204
0.3672
-0.3322
2.0727
NA
1.5423
-0.6168
0.3751
-0.3688
NA
1.1116
0.3244
-2.28569
1.5523
-0.6159
-0.291
0.0786
0.4222
-3.9028
2.9647
-3.2766
0.6552
2.78028
-1.2086
-0.4578
-2.6478
NA
0.7491
-1.8987
0.7128
-1.5502
0.3553
1.9463
NA
NA
-0.6739
4.3252
-0.6078
-0.768
1.20049
1.05333
-3.36438
NA
NA
3
0.0653
NA
-0.59173
2.65944
0.3027
-2.05405
2.7505
-2.4888
-0.8246
0.77922
NA
0.57614
-0.5557
-0.0111
NA
-0.0326
-0.21085
NA
2.9112
1.4042
-1.334
-1.2402
2.7646
NA
-1.2657
1.0037
NA
0.5292
1.9841
-1.22
2.8454
0.993
-1.205
0.2701
0.8751
2.154
2.4573
0.7631
-0.3667
2.24995
0.6397
0.90044
NA
0.688
1.0275
NA
-0.2225
-0.03379
-0.4326
1.2536
0.446
0.4698
0.8414
1.81
-0.5522
0.5143
NA
0.8404
0.0832
NA
-0.61
-0.0946
0.522
-0.5938
-1.9879
0.6002
1.87897
1.0472
NA
0.4697
0.12418
0.3274
1.9778
-3.7442
-0.78605
-2.6606
-1.49083
-0.2378
-0.2893
0.7295
1.0123
-2.9027
0.95474
0.9413
3.4552
0.9171
2.2555
-1.8882
1.0019
0.9726
-3.5142
1.082
-0.3354
NA
3.6949
NA
1.2306
-1.4564
-0.301
0.0369
-0.4143
0.2174
-0.7236
-0.3833
-2.9112
-1.3494
-0.0406
-6.3531
NA
-2.0076
1.1253
NA
-0.2468
0.8502
-1.3741
NA
0.3988
0.2356
-1.9119
-0.24764
-2.2353
0.7059
-1.7029
-2.5271
-0.2249
2.763
-0.9706
-1.8323
-0.9864
-0.3611
-1.1335
-2.1835
-0.7604
0.528
2.1118
0.2753
NA
1.0547
-0.3928
1.2717
0.796
-0.0166
0.4264
1.6433
NA
-2.1432
-0.00274
-0.1319
NA
1.1961
-0.301
-2.8269
0.8187
-3.8549
0.2975
-1.3785
NA
NA
-5.1016
-0.8304
2.1471
0.8828
1.9044
2.8114
1.7744
1.5817
0.7337
2.4252
NA
-1.4567
0.9215
-0.9508
-4.3346
0.513
1.2379
NA
-1.1948
-0.6039
-2.7231
1.0424
-0.9767
0.1057
0.4943
1.796
-1.78678
0.62226
1.7302
1.0514
0.2693
1.0058
-0.3776
-1.472
2.3537
-1.0106
-0.7628
-0.4532
-1.1214
NA
-0.2409
-1.2837
0.9459
-2.3999
-0.62355
-1.6777
0.2821
1.32161
NA
2.1022
1.6975
NA
-1.08614
NA
0.59195
-2.2325
-0.7061
-0.7094
NA
0.501
-0.00678
0.52143
-1.576
NA
-4.5537
1.6141
NA
-4.5154
0.43041
1.5737
2.79403
-0.45412
NA
1.2066
-4.7622
-1.4524
0.481
-1.5411
-1.23441
2.37129
0.7155
1.09369
0.65156
1.40339
0.3746
NA
-1.362
-0.5135
1.52388
-0.04214
2.1118
-0.1598
-0.6935
0.64095
0.0255
-0.0611
0.1374
0.0306
2.107
-0.5164
2.2982
0.367
-0.8024
-0.0611
0.1076
-2.4269
-0.7353
-0.9595
2.1777
-4.3861
-1.5908
0.9325
0.5913
1.047
0.2209
NA
0.3127
1.8487
-0.3639
-0.8163
0.0365
0.1427
1.8068
-0.6049
-4.4285
NA
0.1113
-0.6011
NA
-0.9085
0.2966
NA
-0.7199
-1.7887
-1.1503
0.6381
1.1891
-1.489
0.8193
NA
0.7756
-0.3629
-1.114
2.1692
-0.4229
-0.7233
1.2002
1.0661
NA
0.7559
0.6374
-0.4698
-0.3538
0.7835
NA
-0.5399
2.2305
2.3208
1.2948
NA
-1.3855
0.2917
-0.2549
0.1026
NA
-3.4325
0.7188
0.718
0.4286
-1.5464
1.3312
NA
0.8801
-1.6319
-1.9182
1.1132
NA
-2.2835
NA
NA
-0.4042
NA
1.5216
0.2988
-0.2156
2.9775
0.666
0.7069
-0.6474
NA
NA
-2.7722
-0.858
NA
-3.60011
0.8206
0.9418
-1.0248
NA
4.5654
NA
NA
-0.929
NA
2.4328
-1.5924
-0.8554
-2.0315
0.6659
-2.0557
NA
-1.9915
-1.731
-1.2305
-2.7478
3.0983
-0.3137
-1.4339
1.2721
NA
-1.7457
0.223
2.049
NA
0.277
NA
-1.3635
-1.9279
-0.4865
1.2159
2.09797
0.0128
2.2921
-0.2647
NA
-0.5578
1.8392
0.8532
-1.8224
0.1467
0.5393
0.1191
0.7493
-0.4298
0.34
-0.0133
3.6969
0.4291
-0.2469
-0.3043
1.2674
1.571
0.3801
1.3797
0.575
-0.7507
0.8931
0.1305
NA
0.1253
0.9047
1.6731
-1.4385
-0.5627
-3.6293
0.95698
-2.4667
0.0519
NA
0.3541
2.4703
NA
-1.7274
NA
2.7556
1.4646
-3.0757
3.9723
0.6515
1.088
0.0751
1.7811
NA
1.1329
0.5792
-0.3806
-0.812
-1.1973
-2.4587
0.5665
-1.177
NA
0.1947
NA
-0.646
-1.8009
-1.344
0.5934
4.2295
-0.526
-1.1161
-0.3579
-0.4765
-0.0984
1.26334
0.865
-0.9595
-1.371
-0.8227
0.96503
-0.87642
-0.6569
0.04205
-1.9425
-0.0601
1.3421
1.31206
0.5175
-0.0462
0.5215
-1.4614
-0.0494
0.7009
0.038
-2.7703
-0.0192
0.9402
-1.9789
1.9048
-0.4901
-0.871
0.5981
0.2267
4.5561
0.5781
0.5891
-1.50822
0.9354
-0.8957
0.5076
NA
0.383
-0.8791
NA
0.6175
0.2123
0.71909
-0.0635
NA
NA
-0.79837
1.2953
-0.9255
2.4865
-4.5784
1.98
0.7009
-3.6454
NA
1.2804
NA
1.831
0.603
2.9277
1.7632
2.6908
1.0644
-1.1386
2.8627
0.3768
2.5017
-0.8244
0.69382
-1.0268
-0.1221
0.8014
NA
-1.5652
NA
2.929
-0.2781
-1.8483
2.0065
7.6214
-0.0436
1.6175
-2.12706
1.6961
-0.28802
-1.2486
-1.3127
-0.0193
NA
-0.2854
1.496
0.8742
-0.3148
NA
-1.1473
-0.8276
0.7428
NA
2.0523
-1.381
2.4728
-1.15399
-1.1591
NA
1.8845
0.22728
-1.7123
-0.6545
4.62673
0.899
-2.4422
0.3986
-0.3945
0.5959
1.796
-0.8723
-2.7385
0.0359
-1.0996
NA
2.1203
-0.3623
NA
NA
0.4327
NA
-3.0385
-0.6246
NA
-0.1368
-2.9555
0.1834
-0.0462
NA
-1.6818
-0.9063
2.2636
-0.6052
-1.5411
NA
-0.7085
2.9477
-1.48213
0.99911
1.0586
NA
1.0805
0.1223
-0.9026
2.7468
-0.5299
1.6348
-1.6886
NA
0.7298
-1.217
-1.4713
0.0155
NA
0.4902
-0.9012
0.3419
NA
-0.7112
NA
1.4803
-0.2928
0.0808
-0.8628
3.6512
-0.5297
0.15301
NA
-3.3623
-1.5008
3.0027
0.3508
3.0557
0.8205
1.4013
-0.8702
0.0351
-1.7466
NA
NA
0.818
-1.3622
1.14135
0.2608
0.2294
1.7944
-0.2906
-1.01934
NA
0.8421
1.0582
-1.1459
NA
NA
1.3235
-0.5734
-0.1906
NA
2.0543
NA
-0.3353
0.6063
-0.8042
-0.886
-0.9859
1.1914
0.47849
1.4064
NA
-1.50036
3.8105
-0.7815
-0.8439
-6.0319
-0.0553
-1.1557
-0.3984
NA
-0.28233
NA
0.6794
-0.4397
0.3892
1.758
0.2546
0.2032
-0.77211
-0.6349
-1.27255
NA
-0.496
0.7613
0.2006
2.1583
0.586
