0.9328
0.0208
2.3138
2.61573
2.1667
-2.7122
-0.3031
-8.9079
2.08568
-7.33615
0.0701
1.27126
-0.8584
0.0604
0.05745
-0.27991
0.6089
2.7259
-1.3821
2.3047
1.1066
1.23573
1.6502
0.2185
0.95911
1.89619
1.5842
-3.8173
1.6418
0.4993
0.9454
1.8041
-0.01678
0.37247
-0.51501
4.1862
1.7819
-1.1811
1.7344
-0.4286
-3.8521
3.7974
-0.5557
0.80737
-1.5342
-0.5417
-1.2934
1.1462
-0.81308
-0.4348
-0.8755
2.2459
1.5438
-2.0414
2.1661
-0.97184
0.4785
0.19865
2.1891
1.6638
1.29
-0.254
1.0344
NA
0.1177
-2.4476
NA
-1.3202
-1.3453
-1.9188
1.59204
0.7217
0.9178
1.16182
-1.3365
0.62546
0.1272
-3.7792
-0.4338
1.6522
1.14602
0.3286
2.3935
1.08187
0.3116
-2.66065
0.6387
0.1792
1.0441
0.5298
-0.3678
0.173
2.6784
-0.5411
0.2863
-2.9596
1.4483
1.9509
1.1594
-0.3959
-0.2035
-1.2435
-3.6296
-3.7827
2.1806
-1.4153
1.0782
-2.5909
-1.6282
4.48787
1.84547
1.0832
1.1362
3.6749
0.49765
0.2439
0.2429
5.3816
2.72546
1.76137
7.3229
-1.05235
0.15419
-0.62892
0.96131
-3.006
2.6371
-6.2878
-1.75109
1.3612
1.893
-1.2685
-3.0669
1.9929
-0.5308
0.2192
1.8704
-0.9825
2.95233
NA
-0.5992
1.8327
1.3998
-0.8703
-0.5619
-1.52303
-0.94757
-2.4896
-0.2435
0.62044
-0.381
1.144
-1.927
-1.2043
0.7642
-0.39004
-0.2654
-0.1357
2.1911
-1.8121
-2.3441
3.10537
-2.1273
-1.21501
-0.6146
-0.949
1.8949
0.6984
-1.83337
0.5216
3.53122
-1.343
-0.81425
-1.4751
2.3726
-1.8373
-0.9026
-5.783
-1.37947
0.0525
0.1779
-2.0683
-2.06579
0.3421
-2.04469
-1.7404
-4.0473
1.2025
1.0732
-0.81561
-1.0523
0.1651
0.32706
0.533
0.612
NA
-0.3284
-0.61877
-0.3076
0.5232
0.70409
0.727
0.1374
1.9439
0.4234
0.4986
-1.75231
3.07708
-2.4841
-0.31243
0.6029
-5.8643
-0.72728
2.1369
1.4406
5.3684
0.1621
-1.42374
3.6495
2.7362
-1.1131
0.1891
-0.45918
1.32749
0.6707
-5.39212
5.25484
-7.4186
-1.4529
-3.26225
3.12739
0.2481
10.35393
0.98977
-1.13343
-1.11379
-1.7895
0.11706
5.639
-0.629
-3.1992
1.7392
-2.7663
-1.0738
4.7151
1.6091
-0.6505
1.0021
-0.37835
-1.1835
-0.3969
-5.45938
0.1719
-1.1226
-1.23847
0.20777
3.1421
-5.52385
-2.7965
-3.3812
2.6422
-0.0801
-1.7777
5.9298
0.7178
2.1917
0.6155
-2.3405
-1.57684
-2.9605
-1.1466
-2.87854
NA
-0.30258
3.7413
-0.51709
-0.62104
-1.90683
-7.15779
-5.09926
0.93
-3.246
1.83401
-6.4154
2.5961
-0.9425
1.7345
2.1467
2.1258
2.1486
2.1914
-2.9661
0.7429
-0.8472
-1.496
0.7581
0.3954
2.927
-1.6131
0.5075
0.245
-1.0611
-0.1067
-2.9526
-3.971
-7.2498
-1.7569
8.9688
0.1131
-0.1375
0.9621
-3.3436
-1.7715
-0.1987
1.0026
-0.8465
0.7275
1.2576
8.2065
0.1775
0.3878
-2.8142
-0.101
-2.3283
1.5873
1.7795
1.7215
-0.9864
1.2703
1.2207
-1.8767
1.2704
2.929
-0.1204
1.2142
-3.9661
-0.5797
-2.10663
-0.08668
4.0749
-0.24536
-0.9099
-2.0945
1.42347
0.05518
0.33354
-3.1966
-1.81666
-1.0718
1.20617
-0.6516
0.03237
-2.1573
1.16084
0.01973
3.07454
0.56543
-0.4798
-2.0181
1.0709
2.5366
1.6
-1.2623
1.5523
2.00861
1.7921
-1.6242
-0.1486
1.4861
1.3995
-2.84044
-8.32741
-6.87671
-0.2015
2.91688
1.274
1.70134
1.17965
-1.28852
0.04749
-1.55574
2.67024
-0.9786
1.8013
0.11881
-0.60523
0.76025
0.2412
-0.2707
-2.4949
1.62386
-0.19677
1.8147
-1.8773
-5.13691
6.16947
-1.1031
-5.50808
0.5637
-0.5196
3.9086
-0.7614
-0.1034
3.0937
1.7242
-0.6004
-0.5982
-0.9082
-0.5407
-2.9663
1.7951
-1.4017
0.5471
-1.9727
0.25679
-3.85992
1.6462
2.73291
4.099
-3.41525
-4.4246
0.7534
-0.23059
25.3806
0.6258
-2.72015
0.5538
-0.4437
0.14873
3.8839
0.58195
-0.78561
-0.75991
-2.67858
-0.5181
-2.27801
-4.1778
0.6526
-3.8521
-1.31906
-0.1204
-0.23472
-1.6275
-0.2003
0.6259
-1.1547
0.6333
2.097
-0.8091
0.6831
1.4597
-1.6364
2.6637
-0.382
0.0409
-0.0864
-2.3249
-3.5343
3.5343
-2.9079
0.9939
0.8996
1.0539
-2.6801
-2.943
0.00282
-2.6203
2.91857
0.88937
-1.63219
-0.4615
-2.7645
2.4074
3.3534
0.0298
-1.3938
-0.0556
0.7503
-1.1504
0.8024
-1.8109
-2.59676
-1.6686
-7.3149
-3.19825
5.7595
-0.17217
0.2729
3.19541
-0.57606
-6.0273
1.62446
5.41885
-4.6003
0.8582
-0.3771
0.1567
-0.13804
-3.23565
-1.26381
0.07566
1.462
3.4323
-1.5308
0.0695
-0.5129
3.9075
-0.1044
0.0632
2.0667
1.2872
3.416
-0.2606
0.1197
-2.1506
-2.882
-1.6909
-0.2065
0.3769
4.4266
-1.9175
1.1742
-1.0836
-5.6884
-0.0998
2.3027
-1.87354
-1.75749
0.33768
1.0191
0.1279
-8.97472
-1.82158
20.13834
0.69565
2.0888
-0.121
1.76241
3.66173
0.6656
2.59438
-1.2718
-0.14517
2.47268
-1.1811
-0.64023
4.96449
1.6836
0.4258
1.841
0.6799
0.1827
1.6393
3.1908
0.2829
7.8129
0.2334
-0.4764
1.2375
NA
-1.5558
13.4997
1.5097
0.4588
1.9012
-0.0554
-2.9694
2.3523
NA
1.9278
1.1976
1.1913
-0.4044
-0.4622
2.8422
0.6106
-1.0032
-1.0588
-0.7619
-0.0446
-1.1176
5.5115
0.9458
0.6121
2.8411
1.6014
0.9556
0.33722
0.3164
0.62783
-0.19936
-1.3409
1.5543
-0.76131
-1.56686
-1.84362
-0.1473
0.08644
1.8731
1.20807
-3.4503
1.80481
-3.01699
-3.28266
-0.0334
-3.91251
0.36205
2.24095
3.81293
1.45058
-0.1702
0.0407
0.2319
-0.4986
0.82
-4.71767
-2.04394
2.06081
0.41942
-1.8277
0.5835
-0.76875
0.09346
2.36669
-0.1907
-0.0324
3.31539
-1.3748
1.5444
2.90069
-0.96083
4.7472
-0.4426
0.8285
3.0125
-2.2891
0.8554
-0.5056
-1.8287
-0.2037
0.6272
2.2324
2.0839
0.1842
-1.9594
0.2912
0.6369
0.3883
3.8458
0.6591
0.6482
3.4844
0.1302
-0.4465
1.7276
0.5268
-0.3151
-0.3682
-1.1225
-0.9632
-1.214
0.0676
0.6564
-0.1899
5.3816
1.065
0.5863
-0.4007
1.4389
2.2517
-0.39
-0.7806
9.9877
-0.9654
-0.1442
1.1265
-0.43797
3.22546
1.85578
-0.68649
-0.89128
-8.8029
0.05694
-1.05848
-4.43435
-2.1813
1.52594
0.8674
1.7932
1.631
1.2925
-1.9302
0.1981
-1.9891
-0.1664
-3.8837
0.0796
-1.37167
-1.59435
-2.9356
0.8568
-0.3061
0.8305
0.8763
-0.1005
-1.42
0.3775
2.1903
1.9696
-0.0988
1.3554
0.7138
-0.365
2.9389
1.2274
0.6981
0.44553
0.2182
-0.05568
0.3618
2.7615
2.99021
-1.2827
0.6774
-0.7926
-5.8126
-1.4083
-0.4595
0.2011
1.2363
-0.24616
2.4562
4.4645
-2.4463
0.1246
3.2484
-0.1214
-0.41335
4.043
-1.541
-0.0287
-3.2774
-0.2283
1.5391
2.01836
-1.79389
2.73075
2.371
1.41617
-1.418
1.83526
1.3844
5.5918
-2.4221
-0.69443
-2.52687
1.2108
0.17403
0.2959
3.3418
0.89873
4.71249
-1.71698
-0.94442
-2.0703
-0.57097
-1.24217
0.492
0.55908
1.8404
NA
NA
NA
0.3842
NA
0.3335
NA
6.9233
-0.839
-0.6118
1.3714
0.144
-0.1642
-1.5668
-3.84903
-0.3594
3.6304
-3.56224
1.0608
-0.5434
-2.9614
0.9024
1.77283
-1.9113
6.3305
-1.58804
-1.2145
1.14958
1.23859
-2.52989
-2.21351
-0.3546
-0.18906
-1.54333
1.2395
-0.8204
-0.3092
-0.00259
8.37
0.7727
-1.4678
0.471
-1.72667
2.63901
-1.49903
0.0326
1.02103
5.9248
3.8821
-0.5121
0.0517
3.9039
-2.52353
-1.3024
0.30102
-0.1734
1.74562
5.39978
-0.3758
0.4061
2.4099
-0.41953
0.8315
1.257
-0.4132
-5.4915
-0.56371
-1.6671
-6.3711
-4.28336
1.74709
4.6453
-0.7948
-6.4086
0.3215
0.5069
0.6014
-4.6545
1.6341
-1.706
-6.0374
-1.0152
0.1406
0.2916
-0.8541
-1.6759
0.6523
-0.06886
1.987
-3.3012
2.2508
-3.7974
3.5717
-3.5717
3.8413
1.75439
-1.0205
0.1754
1.3884
0.54777
2.34393
0.87627
-1.9108
2.3215
0.809
-0.6614
-3.188
0.7132
1.1142
4.035
-0.5281
3.3711
-0.8311
0.7123
1.5587
-0.6998
-1.9946
-0.75246
6.3551
1.226
4.31858
0.048
-1.92129
-1.162
1.9215
0.79066
-1.57011
1.0813
0.9339
-0.3876
-0.32124
-2.3407
0.8304
-2.415
-0.783
1.7433
-5.8133
-0.273
-3.0141
0.8533
0.3599
2.6298
-0.49236
-2.72575
1.63117
-5.0926
-1.26933
0.2012
2.30485
-0.5468
2.06797
2.8638
-2.8762
-0.31202
-1.59904
0.271
0.3592
-1.5355
-0.3372
0.31225
-1.77041
2.0378
-0.9766
-0.4024
0.9785
-0.4943
-1.3537
-0.7961
-1.7676
-2.6197
-0.9509
0.3276
1.5432
0.6914
1.7825
1.0845
-1.1056
-1.5676
-0.8884
1.6372
4.447
-0.7851
-0.1241
5.5163
0.099
-0.53933
0.84935
3.0432
-0.5109
0.8892
2.5771
-1.06043
-1.8425
1.1468
-0.7499
-1.44239
-2.64139
-0.69565
1.12
-1.7903
-0.5508
-0.8678
1.8654
-2.0565
2.47953
2.08486
-3.8744
3.94797
-1.5381
-1.9212
0.0443
2.8467
-0.2443
-0.62563
-3.45289
-3.659
-0.8354
-3.2423
-0.9161
0.5546
-1.8778
-1.1067
0.4319
-2.01468
-1.0495
0.8265
0.5442
-0.1861
-1.89858
1.14378
1.5848
0.538
-3.95503
-1.73717
0.46654
-2.86719
0.3059
-0.4143
3.03083
3.253
-0.471
2.3062
-0.3011
-0.5838
-0.132
-0.3961
-0.9885
-0.7456
1.378
-1.5962
1.07331
0.06745
-0.8538
0.29325
-1.23193
0.5778
-0.7774
0.78253
3.1897
1.1943
3.0065
-1.54021
-1.2585
-0.66594
-1.40413
0.95139
2.75107
-0.6602
0.5519
1.1385
3.3896
4.6976
1.81473
-0.79367
-2.29518
0.8236
0.2552
-3.7311
NA
NA
NA
-1.6278
0.1324
2.9545
-5.5004
0.2693
2.2711
-1.3331
-0.9017
1.8422
-2.0217
0.3075
-0.063
3.151
3.9614
-0.079
1.8896
-0.0336
-3.4217
-0.8099
3.3681
-2.1932
-3.23314
-2.28402
1.9213
1.7893
-0.7057
0.1662
0.5239
-1.6496
-0.2661
-1.5593
-2.1224
0.944
-2.7679
1.77401
-1.5695
2.5187
-2.3066
-0.24448
0.6103
-1.80793
-1.0453
-0.4172
-0.7419
1.4453
-0.2267
0.0947
2.4063
8.2728
-3.6518
0.9239
1.4088
-4.2253
-1.11523
0.27581
-1.68574
5.9248
-0.83142
1.71975
0.5164
-1.7213
-2.5121
4.7073
-0.8779
0.4533
4.47943
-2.9051
-0.8791
0.005
-3.5186
0.0273
2.3227
3.1196
-0.5848
1.7553
0.8947
1.7123
1.1673
-0.132
-4.2582
4.7561
-0.4601
-6.174
-0.1893
2.73
14.1525
3.39278
-1.57628
0.1102
0.72545
-2.5973
-3.0675
-0.0067
0.3783
6.77821
-3.41807
-2.3376
0.3491
-1.8884
-1.56664
1.40798
-0.6698
-1.3369
4.18338
1.2051
0.6578
0.22872
2.28547
0.18693
-0.14458
0.56424
1.29771
0.276
-2.4699
1.39266
-2.16054
-3.1962
1.7511
3.41567
-3.62155
-0.0726
3.7878
2.7996
-0.6218
-0.0139
-3.78739
1.0914
-2.00592
1.33969
0.0821
-1.8461
-1.9528
-2.713
2.182
1.6172
0.5449
-0.4714
-0.4584
0.7597
0.7305
1.1836
1.9306
-1.473
-1.7384
-0.6373
-1.8938
-0.373
9.8636
1.1019
8.6203
1.959
-7.2693
-1.3207
1.186
2.385
-1.7246
0.1698
2.2954
5.4662
-1.0408
1.3894
-0.02018
-0.5885
-2.14653
-4.4357
-0.54352
2.15017
0.24761
0.98802
-3.66086
0.8896
2.1366
-1.3576
-0.05581
-0.28326
1.29638
-0.1783
0.9464
-1.8517
-0.41837
-4.7849
0.12601
-1.00983
0.90351
-1.8092
0.9314
2.7453
-0.4483
-0.96334
-4.89874
1.00471
-2.63441
1.5075
-0.81641
2.27786
-0.48569
-1.0584
4.7231
0.6091
2.2917
-0.9797
-1.0342
-0.6424
2.0911
-1.7973
4.0101
-4.1918
0.4643
1.0411
1.0928
-0.5486
-1.2429
NA
1.1322
-0.0714
1.2721
-2.9807
0.3791
NA
2.4232
-0.1591
1.5783
-1.6368
-1.0865
3.4387
-0.344
-0.1801
0.3468
0.5707
-2.1232
1.359
2.547
0.8954
-3.5014
-4.0391
-3.8738
-1.1916
1.4671
0.2998
-2.101
-1.3276
3.1526
0.2437
0.6088
0.249
0.89986
0.6385
-1.60437
0.42344
0.81754
3.51138
1.08588
1.28761
-1.731
-1.1886
3.8892
1.025
2.6914
0.5232
-0.048
-0.9848
1.5361
-1.4338
-0.3809
-7.0459
-1.2122
-0.4509
1.4176
0.55687
-1.1173
-0.4701
-1.37295
-1.9171
3.0933
-0.1128
0.2534
2.4232
-4.06956
0.87652
-0.2545
-1.5796
-0.45772
0.3539
-0.4433
-2.5751
3.8238
-0.73002
-4.4641
-0.181
0.4446
1.0619
0.2444
0.984
1.2576
0.5072
1.6475
0.1651
-0.6753
-0.6755
-0.9383
0.1114
0.1297
1.52058
-0.5491
-1.4333
-0.1831
-0.12948
5.0447
3.4228
-0.9674
1.2186
3.50668
-1.0968
0.9998
-1.1518
2.126
0.5252
-1.2425
-2.2185
-1.4617
1.6735
-0.6866
0.3367
2.5879
0.2582
0.12
0.102
-2.1432
-0.1637
-1.0015
-1.44203
1.1596
1.3272
-6.6739
3.2409
0.46778
-0.9968
1.76673
-0.7044
1.9249
0.07833
-0.3101
-1.4335
1.75144
-1.2943
-0.4739
1.6041
0.27917
-0.3454
0.4486
-3.2544
0.71504
3.4498
-3.03107
-0.9595
0.5859
1.6597
-1.8585
-0.9418
0.2719
-4.01835
-0.8802
1.2101
0.0438
-1.81446
11.87429
-2.856
1.1415
0.147
1.0401
-1.4478
-2.694
0.6071
0.4524
-1.395
3.8662
0.0834
-1.5502
-0.2044
3.4454
-0.6069
-0.5759
4.5041
0.156
-5.54951
3.8843
3.5686
5.88635
-1.0966
-4.1598
5.1817
0.7463
1.2839
0.0276
0.7447
-0.15078
-2.0027
-2.3453
-1.76518
-1.54771
-0.5499
-0.6249
-0.2449
0.3509
0.62939
-1.5256
-3.2109
2.3086
0.1965
1.8616
7.601
0.3068
2.4397
-1.2819
-1.9614
2.1392
0.81969
1.7514
2.6979
0.3597
0.4326
0.6167
1.3073
1.74184
0.9744
-1.59116
1.3643
-1.96105
-0.22178
-1.2116
-0.8231
1.6195
1.1285
-0.9245
0.2925
0.7327
-0.2386
-0.7002
-1.1143
0.5665
2.9756
6.3457
-4.904
0.1367
-3.21277
3.4174
-0.62272
-4.45157
-0.94756
0.26151
1.15809
2.7861
0.7545
0.4632
-1.6367
-2.9317
-1.0774
-1.41743
-0.5737
-1.3719
1.2608
1.57862
-2.3053
0.27955
-8.65917
0.2351
-2.1553
-2.5292
-2.2236
-0.4606
-0.84954
NA
2.3138
2.82552
-1.5916
-1.1125
-0.68391
3.98415
2.9698
2.8844
2.2145
-0.9455
-2.4026
1.4149
-3.6391
-1.1456
1.4825
0.3249
0.3097
0.9045
1.8632
-2.8898
-2.1816
0.653
-0.2798
0.755
2.6038
-1.0246
-1.6322
6.7317
-0.66687
4.78462
-1.24736
1.9383
1.3722
0.27082
0.61658
10.2244
-3.51763
0.4254
-0.0614
-1.197
-0.66118
-3.894
3.35199
0.6536
-0.5403
0.0858
0.1437
0.3351
1.44715
3.3544
-0.9767
-0.0936
-1.5041
0.1508
3.20986
0.8124
1.3532
-0.2499
1.2222
0.69382
-1.87211
2.8135
0.0933
3.676
-0.9674
0.4078
1.8423
-3.8987
-3.906
-5.7832
-5.89556
-0.83431
-2.54222
-2.9846
0.31
-0.2334
-1.115
1.161
0.8316
-0.8257
1.5094
-0.76
0.329
-0.5112
-1.0405
-1.5577
-1.5152
1.124
5.0552
-5.4568
-0.4894
1.1985
5.1675
0.6383
-2.7527
2.227
-1.1636
0.6226
-0.1448
1.1831
1.7119
1.8108
1.1718
-1.5494
0.2808
0.5775
1.1271
-1.2278
-1.2682
-2.7803
5.01138
1.09115
-1.6859
-1.0813
2.23299
0.5158
-0.2658
-1.9827
-1.3103
0.7713
1.1659
0.2977
-6.1579
1.2907
0.3922
-1.1145
-0.3157
1.3453
2.2447
0.3428
2.1445
1.8559
-2.2333
-1.6957
-0.7735
-1.4597
-1.678
5.6976
-2.9901
-1.2245
-0.18057
-0.6952
2.74669
0.9341
-3.4538
-0.8738
-0.2906
-1.2797
-0.8341
0.3911
-0.4113
1.7382
-3.2632
-1.4497
-5.1703
-1.0375
4.4248
0.96109
-1.625
3.08613
3.0564
1.11745
-5.41565
0.0479
-1.16633
-1.5525
-0.8332
-2.78224
-5.07
0.0675
1.3642
-1.2612
1.2597
5.8513
-3.7012
-0.6162
-1.1709
-3.3525
9.7782
-1.4165
1.3982
-1.08344
-0.83598
0.6284
-1.53542
-0.9738
-0.4509
-2.4313
-3.56418
-2.772
1.05276
-2.53776
-3.1666
-1.7787
-0.46765
-0.62088
2.0188
-1.96121
0.1604
0.04877
-0.7587
-0.8345
2.41208
0.47249
-0.15395
-2.8784
0.2702
-2.78204
1.6129
1.84322
3.66849
0.9882
1.7553
0.5559
-0.1785
2.75249
-9.61772
-0.9363
0.8966
1.2935
-7.30369
-1.5844
0.0984
0.1864
-3.3004
-1.8147
-2.3988
-1.63303
1.8568
0.2459
1.3631
-0.07008
0.4029
-0.1599
-3.79891
-3.41758
-3.15149
0.3476
0.1215
-0.414
-2.3949
-1.8709
-0.1535
-1.4192
0.818
3.4474
4.49903
0.57576
-2.6798
-3.9966
0.04801
-0.6841
-1.86767
7.8106
0.1541
1.4381
-1.2106
3.7735
2.8156
3.9894
-0.1163
-1.374
4.0583
-3.131
6.06028
0.9149
0.9092
-1.0338
-0.6159
0.1749
1.1238
-0.6624
-0.7829
-0.51899
-1.6524
0.2739
0.38009
0.2225
-4.5539
1.43591
-0.0652
-0.75346
1.5996
1.3983
1.3983
-1.38865
0.702
0.5166
0.848
-1.2172
3.26117
0.2071
-1.5603
0.21778
-0.89643
-1.52942
-0.345
0.27217
-0.29592
-0.308
-2.7828
-0.212
-0.00439
0.11609
6.8769
-2.0686
-0.6545
-1.5834
-0.1111
-0.91219
0.7402
-0.7193
2.06018
-0.7958
0.36654
-1.4919
2.39348
1.22429
1.1729
0.35715
0.13509
-0.7319
0.9308
-2.76565
-0.10019
0.804
0.3586
1.5112
-1.67041
1.9901
-0.4531
0.6315
-0.2962
-1.59866
1.94812
0.09449
-0.5695
0.0208
1.557
-0.5954
-0.36
-0.85032
-1.4932
-0.9463
1.6275
1.68314
-0.97114
-2.5612
4.58671
8.09756
1.3246
2.603
4.3077
-3.49069
-6.6395
1.05216
-2.6854
0.4125
3.272
1.42482
-0.3841
0.1333
-1.332
0.58667
-0.09076
0.5356
-1.4563
-3.4112
2.25055
0.9705
0.8982
1.63158
-1.5506
1.4417
-2.0579
-1.4047
-0.0313
-0.445
1.6185
-0.6306
0.61015
1.0257
18.41896
-7.2866
0.2999
-2.6526
5.44635
0.76837
-5.2992
0.6171
0.2775
2.61321
-0.85067
0.1005
-0.20547
-1.7544
2.5915
1.9899
-0.33496
2.4396
3.7192
-2.06782
2.47709
-0.92753
3.283
3.4487
-0.4085
-3.4433
-1.7675
-0.13858
1.30978
-0.8407
1.36666
5.7314
-3.6405
0.62283
-0.1676
1.4845
-0.7202
-0.3582
-1.7096
3.2982
-0.20703
-3.2318
8.4578
1.5705
-1.0372
-2.4769
-0.3712
-2.3238
-2.05305
0.43256
0.2371
-2.5775
-2.41912
4.71675
-2.708
0.41988
2.9056
1.0773
-4.89907
3.89319
-0.2486
0.4733
1.0842
-0.2546
2.81478
-1.00536
5.2885
-1.6059
-0.56939
1.7013
-0.4228
1.0035
-1.97563
0.44
0.20412
-0.37256
0.0865
-4.93448
0.6575
-0.4143
5.55666
4.4469
-1.3653
0.3235
-5.41975
0.058
0.47156
-2.218
1.6507
3.9829
-0.61778
-3.00819
1.5041
3.3947
-2.1289
7.3034
-0.8885
1.657
4.83816
0.9846
-0.82725
0.53
-1.2109
-0.279
1.61279
-0.60834
-2.491
1.6514
-4.1793
-0.7488
1.08826
0.39007
9.74477
-2.436
-1.36714
2.804
-2.0195
-1.8058
-0.3146
-2.48158
-1.1681
-7.30449
NA
0.93441
-3.6693
-0.7948
0.1924
-7.93673
-0.8451
-6.64108
1.3422
0.3248
0.8552
-0.67461
-0.6014
-0.4053
-3.71143
-0.6341
0.4327
2.0986
-0.8352
0.0913
-3.2628
-0.8219
-2.94495
2.6204
3.5652
-2.2477
1.68912
-0.1498
-0.77109
-0.592
1.17374
-0.6531
3.0017
-0.3721
-0.38263
0.86633
0.92024
0.063
-0.9291
0.88393
0.4874
-1.1601
2.3472
-0.902
0.72351
0.037
-2.18467
3.4981
0.85943
2.3518
0.2966
3.29494
3.87389
1.3833
-2.9477
-0.1821
-1.2085
-0.66765
0.9468
NA
-2.8565
-0.6157
-0.4196
2.74159
0.9327
-2.3543
2.4483
4.9077
2.6118
0.00815
2.20407
0.2776
0.8446
-1.2862
-1.3342
1.8124
0.5414
-0.6146
-1.4584
2.25139
1.728
-2.1697
3.73836
1.90642
2.50105
-0.4612
4.4157
3.8575
-0.6622
0.2607
-1.9863
0.4994
0.6009
-0.8817
0.0519
0.945
-0.4781
-2.42878
1.2276
1.5352
0.39552
-1.1142
0.0429
3.7888
-3.3386
0.40792
2.0794
-0.8022
-0.8767
NA
-2.0769
-0.6655
-3.1229
NA
-2.6589
-1.9148
0.564
-0.17484
-2.35994
-0.8377
1.23807
-3.9416
2.4643
0.5942
0.0468
-4.95357
1.24963
-1.37176
-0.00416
-2.9086
0.2005
-2.3823
1.82749
NA
-0.52947
-0.45884
1.1408
-1.7373
2.6173
-0.1391
-0.4779
-0.1896
5.0309
1.1438
0.6985
4.2992
-1.37369
0.1678
1.6268
-0.99221
NA
3.7661
-1.7024
1.06748
-0.0304
-0.5735
-5.0032
2.1161
-0.5457
0.532
2.5133
0.7509
-0.6904
0.58006
-2.5158
1.6748
-1.3222
-4.02613
0.5921
-2.0822
-5.15005
1.7537
1.7614
4.8119
-2.0766
1.4399
3.4943
-2.0433
0.9532
-4.4251
1.1966
0.29931
-1.8046
0.3927
-2.9192
1.1351
-1.3185
0.01558
0.53616
-0.7024
-0.4233
1.4929
-0.6679
-2.2109
-11.2617
-0.8342
-0.103
-0.6715
-1.9097
-6.1412
3.5713
-0.7687
-2.8685
1.9954
-0.98367
-0.4329
-1.5148
3.94387
3.00938
1.83519
-1.97794
0.4136
0.2201
1.2653
-0.2376
2.51
2.5073
-1.85118
0.3256
-7.0017
-3.404
-0.50599
4.0586
-0.0372
-2.1809
0.7944
3.73661
0.1439
-2.8332
7.76804
0.3807
0.3183
-1.48059
0.6495
0.21989
-0.5754
2.864
5.0867
-0.3161
-0.2984
-0.6613
-1.003
-1.1952
-3.67411
2.88029
5.1737
0.6271
-0.9653
-1.83501
0.7022
-2.5188
0.0333
-3.99725
5.24126
-0.3704
-2.68707
-0.1036
-1.15096
-1.6134
-0.5692
1.4696
-3.2509
-8.1095
2.747
NA
0.96616
2.06427
-0.41455
3.912
-0.8952
-2.8022
3.5956
2.7789
1.6167
0.0582
0.71
NA
0.18934
1.1627
-0.2733
-0.5216
-4.3019
-1.8179
2.0093
-3.2524
-0.0915
2.61132
-0.94053
1.1267
3.88471
-0.3563
0.3318
0.9753
1.2649
-0.2834
1.03
-0.0465
0.5761
-1.00107
-1.5881
0.4282
0.55504
-5.0503
NA
-1.5367
1.7177
-0.7182
-1.00746
-8.02609
-1.2537
2.61425
-2.4033
-0.1319
-1.9616
0.4098
0.0796
-0.5952
-0.8283
2.2797
2.42195
-1.22608
-0.8302
1.7142
-1.8669
-1.756
-1.3774
-2.1502
-3.9283
-2.8065
-0.668
-5.3237
1.7507
-0.3516
2.5758
-1.2695
-1.5593
0.2377
0.2301
-0.68414
0.12209
1.0676
-0.69877
0.4039
2.1204
-1.90212
0.5786
-1.3298
-0.2527
0.2452
2.65364
2.4124
-1.82251
1.691
4.02337
-1.85755
-1.85
-0.0361
-0.83166
7.90457
-0.4477
0.3145
-1.1038
0.2079
-0.0675
1.3102
1.48201
-1.926
4.36805
1.5986
-1.2058
1.1119
-3.33699
NA
0.77705
-3.1132
1.0658
-0.8178
-0.81094
5.316
1.2817
0.01397
-0.02172
3.7446
1.1826
-1.4791
NA
-2.489
1.25059
-0.1791
-0.695
-1.1764
-0.30386
-0.5666
-2.0009
-0.6208
2.33582
0.9497
-2.17351
0.2119
-2.10194
0.44412
-6.548
-3.0613
-0.2621
-0.4516
-3.6447
0.93517
1.1008
0.7737
0.71392
NA
0.0548
1.55204
1.264
1.1204
-1.7291
-3.03436
-2.5445
-1.5503
-0.7536
-2.53419
-0.08125
2.3732
-0.17586
2.01525
-1.71161
NA
-0.4409
-0.5835
-0.40664
-4.03898
2.7698
-5.19898
1.62444
0.0683
-0.3094
4.1674
1.5436
-0.9887
1.2077
-0.8123
3.2168
2.6335
0.5604
-7.6489
-0.2062
2.2036
-1.6809
1.1796
3.2748
1.7887
-2.067
0.9985
3.37
-0.26406
-0.73529
0.44877
3.10896
0.0365
6.98305
-0.466
-1.511
-2.54233
-2.4033
-2.12826
-3.39493
-0.7476
-2.95402
1.7006
-0.0974
0.22508
-1.4431
2.40463
-2.48918
1.3459
0.9978
0.7383
-1.37722
2.2457
0.2323
0.13232
1.87101
0.6502
2.0561
-0.4087
-0.4714
0.95716
-1.1135
-0.99634
-0.65991
0.1433
-0.8358
0.7235
0.47032
-13.5952
-2.48154
0.4363
-2.9757
-0.48715
0.03367
NA
2.3843
0.6258
0.2886
-1.0066
-1.51508
2.00263
0.8898
0.9371
-1.28106
1.0958
-1.2205
0.757
0.903
2.7067
0.21465
-1.5885
-1.1606
1.3301
1.7165
0.08703
1.5316
0.4302
-6.1209
0.7475
2.53932
-1.808
-0.9577
5.883
1.8409
2.01443
-0.64377
2.8135
-0.898
-3.45119
-0.5336
0.6837
-0.0567
1.1315
0.9195
-2.8011
-0.2975
-0.8576
-1.2011
-0.0625
-0.7774
3.2048
-0.3814
1.1963
-0.5717
-1.68779
-0.9586
0.1816
-0.7378
0.68473
-0.8505
-2.3862
1.3258
4.0899
-0.7054
-0.3405
0.45148
NA
NA
NA
NA
NA
NA
NA
0.9635
NA
NA
NA
NA
NA
NA
1.11902
NA
NA
NA
-1.1264
NA
NA
NA
NA
-5.2389
NA
1.0686
-2.85355
NA
NA
NA
NA
NA
0.03051
-1.262
0.4236
2.3673
0.0525
-4.30514
3.4292
-1.88628
-5.76938
0.8912
-1.217
-0.2053
0.5865
1.4226
2.54737
1.5194
1.19245
0.1928
-1.55856
1.2184
-1.5225
-0.3524
-0.8077
-2.584
0.2877
-2.3189
-0.97886
2.58253
-1.1841
2.8206
-0.5931
-1.50222
-1.67725
-0.0754
1.54
0.38647
-2.4891
0.4318
0.07213
0.6295
-1.6705
-0.58176
-2.2052
NA
NA
0.46465
NA
-0.22301
-0.4258
-1.5311
0.2137
-0.94947
-1.57196
-1.1049
-0.5208
3.0695
-0.9784
-0.8493
0.3658
0.5891
0.61837
0.51457
0.5117
1.0714
4.2576
1.32721
0.9133
-1.4202
-0.0823
-0.1523
0.5168
-0.69615
0.4713
-1.8946
1.12942
4.5582
-3.4284
0.9939
-0.2122
-0.99547
-0.4202
0.3351
0.6246
-1.08963
-0.1478
-0.8755
-1.1936
1.51963
NA
-1.5863
4.71898
NA
-0.7528
-2.49824
-0.66956
0.5062
1.2236
0.61067
-0.894
0.2653
-6.78502
-2.1493
5.1537
-2.28779
1.96787
0.2123
2.3951
1.18421
-0.4222
-5.2986
0.57141
-3.5343
-0.4151
5.6051
-0.6032
0.8002
-4.2815
4.18188
-2.2887
-5.3307
0.7532
-1.9129
-0.3629
0.04171
-2.4475
-2.2087
5.7124
3.41535
6.062
NA
NA
-6.8769
-2.18839
0.1528
1.05385
1.3818
3.0799
-0.6604
-0.7878
0.1899
0.9562
-5.0032
-0.7199
-0.14206
0.3896
-0.1428
-3.9972
-2.94321
-1.9047
-1.3319
1.0347
1.3423
-1.2313
-0.4967
NA
1.698
0.6821
0.7894
0.942
-1.926
-4.14987
1.3891
2.1606
0.78685
3.6679
-1.0889
2.27514
0.2797
3.4115
NA
-2.7954
6.0956
-3.2137
-1.04222
NA
-1.6486
-0.77278
-2.7521
-0.44548
0.4967
-1.8011
-0.5162
-4.6903
2.96534
-1.67845
-0.73367
-3.1157
1.8174
-2.144
-1.27563
0.58243
NA
1.12171
0.4305
-0.5994
1.4745
-1.28631
0.4295
-5.73162
-0.9873
-4.63369
-0.3478
-0.24601
-0.1848
-0.4823
1.6228
-2.9973
-1.6573
-1.0714
-0.5027
-0.94432
-1.0921
-1.37813
0.3009
-0.4923
1.8703
NA
1.021
-1.59755
-2.2845
-1.44976
NA
-0.2915
1.2193
2.0816
2.85592
1.8255
-4.64345
2.1036
NA
-0.8768
-1.6921
-1.4965
0.7182
0.6294
-1.8917
-2.1632
-2.3357
0.0807
1.82212
-3.0097
1.42142
0.0494
-1.9095
-0.3145
1.0367
3.0096
-3.9605
1.511
-2.6513
3.20356
-2.9816
2.01389
2.5636
1.571
1.1471
1.8404
-0.7339
0.465
-0.89671
0.21751
0.4579
-2.25629
-0.3032
0.04618
NA
0.7493
-1.3694
-3.22141
-2.02773
-0.00965
-0.7342
-0.0951
-3.4161
3.1653
1.16845
3.675
0.00922
0.8306
-0.22002
3.3072
NA
1.4313
-1.0389
-4.5584
-0.5791
-0.7004
-0.1242
1.5057
1.2257
0.7648
0.32904
-1.0292
9.5798
1.38874
-1.5857
9.05676
2.9444
-3.1182
-3.0312
-1.9591
-1.3451
-1.4769
-2.2395
1.89569
0.6595
NA
3.4371
0.2588
0.35138
-0.0643
-0.812
-1.21283
-0.6427
NA
1.0329
-0.5709
3.51231
1.904
2.2568
-2.23235
-1.0258
1.4903
-3.1745
-1.6171
-0.3295
0.885
1.8575
0.3748
-0.4483
-0.2247
NA
-0.00342
0.9504
-0.1612
0.0255
0.5577
-1.717
0.1789
1.1399
0.2048
-0.1726
-1.1867
NA
-3.6218
-1.0743
-0.30899
1.26683
0.00976
-0.3829
-1.7101
-2.9526
-1.2687
3.0383
-0.19863
-1.1932
1.1966
-0.0458
0.5531
-0.3689
-1.5791
-1.8225
0.4667
-0.4345
0.1933
4.7656
-2.7995
1.03212
-0.01904
1.884
-0.8195
-0.4532
1.82304
NA
0.0924
-0.7145
-0.3646
1.1117
1.53772
NA
-0.5941
2.58631
-2.5746
-0.4164
-2.431
0.2181
-3.0228
2.0219
0.99805
1.1782
-3.0042
-1.8253
1.6836
0.4458
1.3093
NA
NA
1.6519
1.9969
-3.10226
0.98267
2.76685
-1.1773
-0.30305
0.9832
-2.71786
NA
-1.8127
0.5056
-7.7078
3.43379
-0.4832
-3.37711
0.3299
-0.36114
2.7961
-0.1242
-1.2467
-2.136
-0.4982
-2.1227
NA
-1.322
0.6719
0.8472
-0.68437
-0.9246
NA
-0.08879
3.89345
-3.47826
0.1437
0.2637
1.9969
0.6232
-0.3829
NA
0.16006
0.6998
-0.2119
1.2532
-1.3736
-1.0354
0.5989
-0.3645
NA
1.2488
-1.9897
NA
-0.2781
6.9677
-5.5285
0.3027
1.51642
-1.9209
1.6228
-4.0179
-2.3287
0.43506
-2.2811
-3.4561
4.5258
-2.1635
1.508
1.7476
-1.3438
NA
-1.63233
-0.49493
NA
-0.0937
-2.1132
-0.1238
0.2918
-0.5142
0.6188
-2.0336
1.5293
2.248
-0.58409
0.1835
0.3811
NA
0.54814
1.3134
NA
-1.681
2.5185
1.277
-0.70724
-6.7527
1.13472
3.0342
0.5628
-0.1072
-3.45041
0.402
1.13402
0.3104
-0.2426
0.86159
-1.2209
-2.425
-2.0248
2.4312
NA
2.3924
1.38454
4.7077
1.45713
1.2604
-1.47035
0.20821
9.8342
2.5704
1.3369
-0.8465
9.029
-0.906
-3.5754
-3.02007
-0.52598
-0.0793
0.1136
-0.9857
1.9212
-5.07217
-2.01981
0.5678
-1.1804
-0.00859
-0.4188
-0.5707
3.7233
0.2658
-1.7217
-0.49852
2.4483
1.6348
-0.8517
-3.0429
1.436
-1.1995
-2.828
-1.41691
1.04018
3.7523
-1.7604
0.5886
-0.6548
1.15914
6.3198
0.8265
0.4102
0.52636
-1.9973
-2.06496
-0.2592
0.3384
-4.1355
0.7555
1.0673
2.11154
2.2305
2.35191
-2.9421
1.3616
0.02664
1.5396
NA
2.5473
-0.26081
0.12527
-3.576
-0.2645
-0.075
3.2557
-1.0825
1.3197
-2.2176
-0.1817
NA
4.6888
-2.58267
0.05445
1.145
1.5148
0.7662
NA
-2.5198
-2.8081
-0.5108
0.9781
-1.5069
-1.3771
-0.4972
-0.8158
0.23184
1.2157
0.4601
NA
1.78281
1.3625
2.097
1.68225
2.2898
-0.10195
1.0465
-1.04507
-1.1217
-1.228
0.4236
-0.3354
2.9358
-0.52361
1.28762
-0.84869
0.8083
3.2786
1.7222
-2.6626
-1.41106
-0.7529
-2.2566
-0.9926
-1.3134
-2.7376
-0.5946
-2.31027
0.8841
-3.5811
7.2705
-0.2581
0.8783
-2.0138
-9.5966
4.03408
3.562
0.41632
-1.35409
2.4917
0.0369
-0.377
1.2502
-0.3433
-1.4395
0.90434
-3.5173
NA
-1.2468
-2.0039
4.75182
NA
-5.32838
0.54608
2.9218
NA
1.26157
-2.6248
-0.0192
-0.00562
0.9297
-2.18737
2.0729
-1.1723
1.15486
1.133
-3.97814
3.12611
-1.3112
-1.0558
-0.017
-0.5502
0.0016
-1.6164
NA
0.1983
-1.0778
1.83237
2.292
-0.0441
0.6735
-0.4537
0.8813
0.979
3.5828
-3.1817
-0.7472
0.0177
-4.0196
1.0059
1.07997
0.63412
1.7881
-0.5794
0.3648
NA
NA
3.29433
-4.6714
1.43637
1.7503
-1.78431
-2.52803
-3.9866
-1.2668
0.78269
2.92098
1.1158
2.63052
-0.9132
-1.1078
1.7441
-0.94563
0.6231
NA
-1.5554
3.73267
3.2236
-1.09983
-0.39167
2.15666
-1.15999
-0.3824
0.5748
-0.68228
-0.3087
NA
-1.804
-2.6092
-0.3682
-5.193
-0.8139
3.96816
-1.06189
-0.80368
-0.462
2.9391
-0.645
-5.8126
-2.247
1.21299
-0.6324
1.1752
-1.35269
-1.1411
2.0947
-1.2109
-0.17921
-0.5387
7.3894
-0.371
-1.75
2.5819
2.5744
1.8118
-3.3658
-0.5032
-0.3565
-0.5905
1.9969
-1.0658
-4.1905
2.39652
1.0465
-2.1471
-0.9929
-0.8731
1.8029
1.5443
1.9969
0.52047
-2.8382
-0.0986
NA
-1.7523
1.95888
0.0295
1.62799
-0.9072
-1.31084
NA
-1.2175
0.6571
-1.7311
0.72997
2.99532
-5.0915
-1.6267
0.2285
-0.5955
-1.7757
-1.87472
4.70154
0.5936
-1.0213
0.1568
-0.7205
-0.4322
NA
-1.5301
0.2653
-0.3509
2.6476
-0.1174
-0.76459
0.8396
1.0947
10.5016
4.5119
4.1672
-1.006
-1.636
0.9012
1.478
-2.4028
3.3859
12.0608
1.6418
-1.6725
0.2489
2.3323
0.0659
-0.73065
-0.00232
7.48298
-2.1141
-0.43942
3.2561
-0.6094
2.60376
1.3446
3.8293
2.08711
-1.1151
1.8429
2.1913
-2.1133
-0.8739
-0.9624
1.15
-0.5222
-5.4953
4.77286
0.2571
0.2574
NA
1.5628
0.5555
0.9965
0.8188
1.9686
-0.2716
-1.0089
-1.7354
-0.9115
1.6634
5.0969
-1.3065
-0.2721
-0.2648
0.1662
-1.5146
0.3874
-2.6023
-0.5735
-1.7759
-7.7078
-1.2748
1.6523
-1.7836
6.795
0.6973
-3.4699
-0.5015
-3.3113
-0.34263
1.1891
0.0519
2.0689
-0.9426
-1.67934
-0.264
0.7774
-4.7016
0.9817
-1.1151
-0.4698
0.0079
0.2524
0.7974
-1.7101
2.6369
-0.1272
2.4561
5.54274
-1.6493
-9.1002
0.8663
-2.8905
0.3577
1.5153
1.0178
0.7136
0.1745
1.6076
-3.5712
-1.4894
0.6582
-5.72071
-0.8979
-1.7602
NA
4.29452
0.7485
3.2928
1.9519
-0.0191
0.7768
3.80109
0.5622
2.7741
-1.6044
0.0579
-1.1709
-0.1408
-3.4406
0.5529
0.04162
-8.5073
-0.4141
-2.2071
-0.9115
-4.9036
0.0058
1.3608
-0.1891
2.5845
-0.85992
0.1825
-0.601
0.4436
-1.3435
1.2397
-1.7533
-0.4737
-0.3054
0.844
2.3752
-0.8169
-0.6069
-1.3523
3.0727
-0.8811
1.8353
0.7963
1.55895
0.9595
2.6184
-1.2489
0.9458
-0.0351
-2.4175
-0.7408
1.9954
2.293
-0.8388
-1.4065
-0.4179
-1.091
-0.7594
1.0637
3.1581
-0.8862
0.8146
4.2248
0.4748
-1.4573
1.4199
-0.2696
-11.9084
-5.9667
-1.2028
0.1099
-1.7265
-1.012
-0.27358
-3.2922
-0.6277
-0.08701
1.614
-0.0563
0.5226
0.5439
-1.3699
0.3097
-3.3539
0.6704
0.9864
-2.5018
0.097
2.83988
1.0544
0.679
0.5306
3.9197
-3.9437
-2.1186
-1.3721
-2.245
-0.744
-1.7722
4.52804
0.3854
1.7436
1.0227
-0.6969
0.6256
-0.7879
-0.0273
-0.0421
-0.5311
-1.1324
-3.3166
-0.287
-0.26729
2.581
2.466
-1.7204
0.6814
1.0219
-2.1176
-0.1501
2.4183
2.0018
-1.6414
0.2192
-2.1446
1.3113
2.09278
0.14629
-2.0414
-4.3514
-0.3989
-0.1513
-1.99326
NA
0.8958
2.5124
-0.13903
-0.9089
0.2636
0.80455
-1.13124
-0.03978
-0.09948
-0.8072
-0.3107
-0.85905
1.4239
1.20958
-3.6217
0.4404
0.56856
-0.1641
-0.28332
1.347
0.65019
-0.651
-0.4467
1.055
1.124
-1.09007
-1.03813
1.9358
-1.22522
-2.4602
1.1666
1.85994
-0.90558
-0.4575
2.2291
2.7583
1.40002
0.96438
-2.20372
2.3604
0.03861
-1.10686
0.9334
1.57475
1.8031
5.35255
-3.0521
-1.9302
-0.1536
1.3985
-0.7581
-2.1324
-0.4138
-3.219
-1.7494
0.2116
0.1348
-1.4421
1.9253
0.8034
1.9149
0.1207
0.7103
3.53744
0.8721
0.7987
-0.1538
1.5303
-2.7621
-1.7096
-1.5445
-10.2155
1.7118
-0.8889
-0.3216
-0.0697
-0.2608
1.3172
-0.9925
3.0433
-2.0178
1.1534
-2.692
-0.0163
0.4244
-0.2065
-6.7819
-1.6228
2.0325
-0.2748
0.3755
2.0487
-0.7958
1.3362
3.0939
-0.4038
-1.4004
-0.0573
-0.2224
-1.0826
0.7599
-2.59659
2.8903
0.378
-2.8943
2.8431
0.8692
2.0373
-0.73142
-0.5287
3.86526
-1.387
0.03926
2.0925
-0.60278
2.04886
0.6394
1.3901
1.68256
-1.9065
2.15003
0.53398
-2.63015
0.174
-1.49281
1.43983
-1.8488
-0.3598
-4.5602
-4.0722
0.54042
-0.37761
0.52204
0.46001
1.454
3.6166
2.0133
-1.7167
0.9154
11.5036
2.18299
1.9755
-0.1152
2.16474
2.685
-3.2013
0.0855
-2.6859
1.3982
3.0676
0.4322
-5.16308
-0.3841
-0.408
2.7257
3.428
-0.0135
-0.50943
1.13933
0.411
6.4121
-3.46258
-1.5328
-0.6371
4.7887
-0.1598
-0.0128
0.2942
0.7464
0.1703
2.35257
-0.9184
-4.47666
1.27902
0.3987
-3.4561
1.14987
3.2052
1.343
-1.40543
1.4534
-0.5099
-0.5317
-0.2818
-0.61602
-4.2054
NA
2.6987
2.4791
0.4809
0.1363
1.8894
-1.2666
-1.26842
-1.43704
-1.5836
-4.49617
NA
-2.54
0.9128
1.2119
3.0187
3.6726
0.4227
0.5829
0.40652
-0.34976
1.10977
-0.6121
-0.3275
1.3237
-0.7886
3.27792
-0.15538
0.99843
1.1758
0.89876
0.55276
-4.76461
2.3621
1.2297
-4.64487
-0.6389
-4.68742
-1.02459
-1.0318
-0.35702
-1.2003
2.76257
-0.52439
-2.07244
-1.2688
1.436
2.5474
-0.78815
-0.7151
0.7876
1.0042
1.9754
1.3652
-2.6946
NA
1.3652
-2.6451
-0.6307
1.8308
-0.1949
-1.0856
1.88076
-2.8702
-1.23941
1.3652
NA
-0.9126
-0.8119
1.2293
2.09048
0.34362
-1.74108
2.3883
1.3316
-3.6211
-0.83685
-2.9418
-0.92244
-0.9517
-0.6219
-2.39618
0.1949
-0.3619
-0.9852
0.40273
-0.2255
2.26655
-0.37108
1.37001
-0.6288
1.91435
-0.89734
-0.2015
1.17888
1.41
-0.3442
1.09824
-0.10951
1.98747
-0.13535
0.3503
0.84619
-1.09813
-2.29308
2.83361
-1.92371
1.74855
-1.47159
1.4531
-0.9049
-1.80853
-0.87242
1.8485
-0.0802
0.418
-1.42463
2.20614
-0.78916
-0.05031
0.61961
1.9211
0.02244
-4.00175
-1.629
1.12891
-0.10763
-0.99078
-2.0314
1.83416
2.3866
1.08578
-3.1701
1.21469
0.1804
2.245
4.6956
-1.9483
2.63143
0.16419
-1.92484
3.64625
0.0988
1.8984
1.97361
0.8345
-0.39352
0.57145
0.5712
0.38409
1.5287
2.639
0.21775
0.84556
0.98542
0.2574
-1.26114
1.3457
3.17513
-3.8529
1.09935
-1.38505
-0.36998
0.99962
1.0156
-4.16538
0.89479
1.41656
-5.3674
-0.64223
1.6462
-2.68566
0.65013
-3.8521
-1.59489
-4.0248
-5.1608
-1.855
-0.8945
-0.5566
-0.5855
-2.5615
-1.1658
0.8118
-3.2302
6.3064
1.529
-0.7903
0.7987
-0.377
-0.2892
2.07314
0.5962
1.2242
-0.6151
-1.0346
-0.6613
-0.3833
-0.2944
1.6509
-0.1293
3.51732
-1.0675
6.8095
-0.90158
-0.54206
NA
0.9921
0.4995
2.3463
1.5649
0.1702
1.4763
0.0242
-0.5566
6.04159
1.9393
-1.216
-0.6088
1.4078
1.6083
-0.9484
-1.34589
-0.1671
1.6651
2.37477
1.0788
-0.78173
1.5341
0.4731
-0.5909
-0.9666
-0.14767
1.7133
0.4139
NA
-0.3441
-3.44141
-1.7749
-1.124
0.4051
-2.3465
1.4788
-2.2332
-1.1288
-0.8471
2.09976
1.3474
-0.93088
3.162
-0.1414
NA
0.3822
2.6141
1.4254
1.28222
3.3954
1.58124
1.8689
-1.8506
0.5896
1.221
-2.0955
-2.0662
-1.765
1.506
NA
NA
1.541
0.15423
-0.2762
-0.4514
-1.0321
-0.6492
0.4801
2.4128
0.979
-0.0792
2.477
4.92569
0.99374
-3.4972
-0.7552
-0.0441
-1.308
NA
2.1453
NA
0.6324
NA
-1.3674
-4.3636
0.7819
-0.2475
1.2261
-1.386
0.9737
0.9617
0.64925
-1.4324
-0.0701
-0.3419
0.5692
-1.6906
-0.5517
2.5317
0.1865
-0.68202
-1.0169
1.3488
0.3137
4.1694
-2.49132
-1.3486
-1.0754
1.9973
-1.01862
NA
1.126
1.4886
-0.2865
-0.6124
-1.48108
4.2576
-0.0576
-1.3002
1.784
0.0505
-0.63079
-1.1355
4.847
2.2868
-5.1333
0.52245
0.1115
0.3861
1.6353
1.86695
1.74158
-0.01096
0.4406
-2.6372
-3.04257
2.7717
-1.44225
0.997
-3.2018
-1.1965
-0.26139
1.0453
-2.339
1.59965
-2.6427
0.5682
-1.8719
5.8209
0.78707
0.4103
-1.2357
NA
-0.3729
0.2726
0.996
0.7207
-0.2512
-2.0676
-1.5896
-3.77178
-4.8856
3.9562
-0.7278
-1.1851
0.9508
-0.07095
3.1154
1.5315
0.50415
1.7027
-1.9621
4.31452
0.30585
-0.97478
1.6424
-1.3081
-1.1412
2.3397
1.6494
1.0149
NA
0.14171
0.96112
0.92778
-2.0181
1.21983
-4.98014
4.7275
1.7858
-0.64647
-6.5602
1.1764
0.2147
-1.2755
-0.71348
-1.1515
1.9094
-0.6885
5.04123
1.35039
2.3415
-0.4207
-2.33156
-0.2301
3.288
3.64536
-1.6296
3.34988
-1.77719
0.4686
0.70418
0.10985
-2.75702
3.8564
0.8388
-7.19356
-2.664
-3.44261
-3.62065
0.1036
0.5852
2.21357
-3.2362
1.4471
-2.0452
-1.209
0.72044
-1.8306
1.27525
-3.4776
-2.8514
0.60104
1.3055
-0.28887
3.7313
-3.44832
3.9629
0.60622
NA
NA
2.0572
-2.8684
-0.82868
-3.29735
-0.9827
1.9305
-0.2696
0.307
-0.5452
0.3105
-0.96276
3.3703
-1.5475
-2.66463
-1.0621
3.95294
0.60408
1.3539
-0.4622
-0.09134
1.9185
-5.7051
-1.4757
-1.63427
-1.1556
-3.0082
-0.1159
-1.2784
-1.5937
-1.0604
-0.8406
-0.1868
2.21219
-3.91156
-1.53
0.0355
-1.6297
3.62011
0.11404
-3.3749
0.7754
3.77293
-0.14977
0.7618
0.0971
1.05662
3.682
0.8287
0.3941
0.926
-1.0379
2.5641
-3.2137
-1.8481
-1.74267
3.80617
-0.5532
-0.0754
-1.8051
0.1157
1.42788
-0.7204
0.93784
-0.7837
-2.05825
6.1209
-3.51523
-2.60789
0.8345
9.2601
2.366
1.0979
-0.9634
0.3374
1.3559
3.76545
1.7318
-3.32454
3.25158
0.71386
3.0852
1.2128
-1.5477
-0.4973
0.8829
0.66306
2.166
-1.1751
0.09665
-2.0102
3.51872
3.4984
-1.1847
-2.3419
-1.13521
-1.7448
-0.1177
1.554
-2.6053
-4.2211
2.19953
0.6926
1.80795
-2.5701
-3.641
-1.3971
-1.35029
NA
NA
3.0933
-0.94374
-0.212
1.2216
0.2034
0.60973
3.08628
0.9313
0.867
0.4274
0.9773
-0.62154
-0.4844
-2.7577
-2.1417
-3.103
-2.0653
1.7084
-0.9583
1.7129
-4.6614
-1.3807
0.7029
0.1265
1.9969
-1.2029
2.7602
0.5366
1.9969
-2.2279
-0.058
0.8193
-1.0033
-1.2084
1.0257
-3.0297
0.2854
-1.52958
4.1082
1.4908
-1.4338
-1.7762
-3.11264
4.0306
0.7051
0.1925
0.8242
1.1668
-1.0071
-4.2164
-0.1564
1.8974
