-1.94461
0.1052
2.5345
4.61941
-1.9982
0.6299
2.1789
-0.36923
-0.9431
2.6518
0.05213
0.3034
-3.4898
-2.0618
-1.4266
-7.6423
-0.9215
0.0734
0.6692
-0.0488
-3.19351
0.333818
-0.9659
1.51371
-1.48121
1.7114
-1.6902
2.3047
-0.45902
1.6502
0.6605
-0.06355
0.3174
-2.86963
-2.35975
-2.7698
-0.235171
-0.41301
1.7529
-0.0965
1.6418
2.1081
0.2544
-1.3691
0.8384
-0.0803
-1.1712
-5.9795
2.8529
1.1212
0.6344
-1.2102
-2.0814
1.9297
-0.8921
NA
-0.70995
2.91899
0.1203
-8.370998
1.8881
-6.532
3.3582
1.507
4.08399
3.33259
-0.328
1.230347
-6.5196
-1.2606
-0.3414
-1.0761
2.7319
1.2466
3.3304
0.6059
1.94152
-2.19176
-0.9385
0.5161
-0.9243
6.0366
0.71999
3.044
-2.7972
-0.0704
1.5558
-3.4316
2.8559
-6.7433
NA
2e-04
3.0682
1.79659
-0.6356
4.5869
NA
0.8548
-1.3094
0.0551
1.0602
0.3971
3.65445
2.9693
-4.28154
1.8071
-0.266
-0.5418
-4.71481
-1.1352
0.223
-1.3921
-0.4487
-0.17599
-3.54604
1.5375
1.5638
-0.4153
0.4323
1.2021
1.1497
-2.0295
0.3732
1.1686
1.3637
1.71555
0.106
-0.1545
-1.6488
0.39718
-4.4854
4.01774
0.5039
-0.7024
1.0086
0.5841
-1.93688
-2.9964
0.1553
1.31307
-0.5896
-0.1991
0.8889
-0.5141
-1.1236
0.95472
1.69
-9.5684
2.75295
-1.60164
-1.7339
0.487
1.3071
-3.6296
-3.53853
-1.1973
0.7019
1.1099
0.94087
-0.06488
-0.833
0.8768
-2.0775
4.4841
-1.2716
-0.33222
0.6318
0.9663
2.5187
0.82
1.1857
-0.07558
-1.7061
4.13064
1.2961
0.9649
-0.3772
2.0557
2.6999
1.1549
5.3816
2.1757
-0.3244
-1.16598
-0.1357
0.9638
-2.3835
-1.4034
-12.51253
-0.3222
0.77576
-2.21002
-1.3812
-1.2316
-0.6609
-6.1426
-1.0911
0.7574
-1.2192
0.20349
0.4173
0.38591
-0.6895
-1.7446
-1.18527
-0.0627
1.91004
-1.9275
NA
-0.18471
1.0012
0.4709
-1.0091
0.3639
-0.94334
3.42938
5.579
-4.0809
1.4482
0.8162
-0.8703
-3.68361
-0.823933
-0.2435
0.6702
1.0257
-0.01554
-1.2559
1.91826
-0.34084
1.0779
0.0881
-0.1324
3.2282
0.2036
0.6382
-0.3081
-1.7504
-0.0306
-0.0961
2.1911
-0.5601
-0.99752
-2.3441
-2.7256
2.0961
0.61382
-0.0342
-0.0354
1.2045
0.5461
-2.4995
-1.656974
-0.6526
1.0557
-1.3382
0.9208
5.4433
2.2596
-1.3196
6.3421
0.5216
0.1562
-0.6639
-1.7052
4.1352
1.1348
0.5668
-3.415539
-0.718962
6.0697
1.72179
0.57141
-1.2395
-0.53495
1.89218
0.01295
3.8882
0.6777
1.8725
3.77694
-2.2804
0.86799
-0.9918
-2.16195
-1.81304
0.80926
-2.4443
-8.184
1.2051
-4.2681
-2.13771
13.54932
0.50835
-1.7864
-0.3625
-0.6084
-4.99649
-2.5165
0.45871
0.3934
-1.8085
2.3221
-2.5404
-0.96377
0.5933
0.21115
1.0154
3.1701
2.3689
-0.4047
-2.2548
-1.36582
-0.02117
-2.2809
1.079
0.533
3.66751
0.6454
NA
NA
0.0628
-0.15
-0.51591
-0.9092
3.1648
0.0848
5.93632
-1.4732
-1.1713
-1.7232
-7.04184
-2.24919
1.3232
0.40833
2.0145
-0.1641
1.1251
1.6264
0.3432
1.5268
0.5727
0.7192
-2.155
-1.0783
5.18027
0.08061
0.6364
-1.5328
0.6509
1.07793
3.46277
5.7748
-1.50233
-3.4885
4.12089
2.43994
1.3791
0.4568
6.0132
-2.0072
0.33318
1.6222
0.567144
0.0859
2.8799
0.5749
-0.37395
3.391
-0.3742
4.16813
-1.4079
1.4383
-1.8431
-0.5953
2.7721
1.7012
4.2361
1.40513
-2.012
6.3651
0.2588
0.849
8.4429
-0.8135
-1.8116
3.8027
-0.7389
0.5552
-3.4323
2.7813
0.0513
0.8524
-3.462
0.56047
1.8722
-0.94703
-0.424
-1.5362
-3.2513
1.0021
1.7205
0.2832
-0.02036
-2.97525
-4.0506
-0.59886
1.70685
0.1511
-1.3892
0.2442
2.132314
0.946298
3.940819
-1.761661
6.1782
1.2686
-0.1601
2.1765
-0.8745
1.0727
1.5286
-1.162761
-0.9002
1.3268
2.3258
-1.7387
-0.86071
-2.5769
0.1892
4.8379
-2.5022
1.411
-1.6308
-2.26043
-2.97215
-0.2384
-1.6724
1.8897
-4.0158
1.6938
-0.5208
NA
-1.8779
1.5991
0.2287
-5.7631
-4.4555
-4.41967
1.30553
0.0327
-0.00545
-0.3581
5.2308
-1.738
-4.6607
1.0117
-7.5651
1.6648
2.6433
2.8467
4.5199
0.0127
2.0744
-0.0224
2.4601
1.8527
-1.8527
2.0458
-0.2408
1.6159
4.0231
-2.9661
-3.0427
-0.4743
-0.3997
-0.3594
-0.1972
3.4166
-1.2779
-0.843
-2.3684
1.2211
0.2282
-3.4233
0.6739
0.1347
0.2529
0.3445
0.2601
0.3949
3.3543
-3.4175
-4.6249
-1.6442
-0.1081
-4.3408
-0.9375
-1.5121
-2.8188
-4.9306
-4.9306
-3.4746
0.6979
4.1619
0.825
0.8671
1.3881
13.1928
1.6941
1.689
1.0562
-0.7943
-0.5843
-2.6682
-2.7876
0.5598
-0.4427
-2.3169
-1.5572
1.9112
1.2523
1.5137
1.6145
1.0488
2.8417
-0.3111
-1.2853
1.0374
-1.8549
2.3586
-0.276
-0.3262
-2.1011
1.3023
3.1726
1.4105
-2.1591
-11.0531
-0.4682
-3.7977
1.3735
-0.6658
4.4345
1.839
-2.3031
-0.5293
0.4864
3.981
0.1426
1.0157
-1.1851
0.5409
-1.4074
-3.1008
1.6503
3.4791
-3.1473
-1.1655
-3.8269
1.2332
0.9337
2.1551
3.2929
-0.1635
0.0989
-1.0296
-1.4017
1.4942
-1.4367
0.9733
2.1851
1.3978
0.3669
-0.434
-0.227
0.9555
-1.2901
0.5688
2.3103
-0.4892
0.5523
-2.4938
-0.2769
0.2904
-0.5488
0.5848
4.0539
-3.1604
-6.2301
-2.2256
3.1585
-1.0172
0.7681
0.2047
1.7744
0.4825
-1.3005
-0.3055
-1.7893
-0.7278
1.0939
1.566
3.8937
0.9653
-0.8266
0.6394
0.8585
1.1062
1.6758
0.7159
0.6848
0.7854
0.1945
0.3109
-6.6756
0.5941
3.9848
4.9256
-5.2017
-0.7119
-0.1622
-0.5196
1.8837
-3.9307
-1.9581
-5.7118
-0.8976
-2.4246
-1.7743
0.4551
2.1891
-1.5888
-0.8773
1.2441
-0.8349
3.0027
2.994
2.1797
-0.8125
0.2068
-0.1015
0.3868
6.3068
-1.6898
-2.2997
-0.7342
-0.7138
1.9284
-1.8327
-2.5789
1.5637
1.1648
0.1875
-3.3615
-3.6629
-0.3652
0.5346
-1.5473
1.6126
-1.102
1.5795
-0.811
0.8456
3.3703
1.7354
4.099
-3.5537
-0.2614
2.091
3.0564
0.5782
24.1264
2.9137
-0.4097
0.6755
1.3788
0.4906
0.0617
-0.4018
-4.9278
0.4074
-0.8684
0.5169
3.7234
0.0178
-0.9731
-1.2052
1.8985
-1.2025
-1.3144
2.9161
-0.8274
0.2017
-3.1541
-2.2036
2.5912
-3.7189
-0.8868
-3.9499
0.2265
3.1907
0.57823
-0.00061
0.24705
-0.12781
-0.2185
5.18987
1.78468
-1.18358
1.68894
-0.37687
-1.867
0.22548
-3.20255
2.6062
1.58469
-0.57638
-0.85136
-2.3249
-1.2266
-1.38255
-1.08493
-1.36762
0.66807
1.28564
-1.14957
0.20024
1.4365
-2.1428
-0.8781
0.8113
-1.3918
5.0125
0.429
1.6715
1.5512
-1.5232
-3.4584
1.0287
5.6031
0.3391
-2.9029
1.9782
-2.53248
-2.0602
0.38282
-1.8115
0.57611
-4.3746
3.2681
-2.34084
-1.4694
0.98186
-0.18042
-0.54545
-0.7198
0.94607
1.40062
-0.4978
0.0893
-0.00702
-0.54913
0.676572
-5.596391
3.801873
-1.479481
3.544071
0.22894
0.886
1.011709
-2.314164
0.007866
-1.592585
-8.6678
-4.230459
5.5264
4.3545
-1.005309
0.2864
1.971808
0.1915
-6.329902
-1.1845
-0.306381
-0.4401
-2.023331
6.2913
4.430787
4.900525
1.225139
0.957061
0.8092
0.26151
1.704
1.2378
-5.2669
0.352887
-1.328782
3.292026
-2.290841
-1.2627
-3.59735
0.7671
4.34348
-0.79375
0.8945
5.6628
-0.23075
0.4874
-1.58561
0.58665
5.8514
4.05358
0.53806
-0.73755
0.56697
1.29948
-0.83232
-1.76302
-0.6801
2.02667
-0.40432
-1.3897
-0.74664
-4.6329
1.2841
0.30449
0.13433
3.81435
-2.08989
-2.26297
-1.66396
0.19912
-1.32161
-3.1222
1.00097
-1.01819
-0.39007
0.50857
0.37299
1.81019
-0.30318
0.18934
-0.53032
2.0942
-1.62295
-0.3304
-1.7871
-0.5708
-1.4462
3.3444
1.3569
-0.1979
-0.8615
0.1607
0.4183
-0.7399
1.8082
-0.5517
-16.2353
-8.8047
6.7617
0.9111
4.0091
2.3855
3.5716
-0.1669
1.4875
0.6045
-1.124
0.3694
-0.4597
-0.9171
-0.2457
1.4
-1.7071
2.8361
-2.2252
-1.1654
1.8135
1.9284
0.2334
2.5109
5.2858
-1.779
0.8708
0.9101
2.9363
-1.8416
0.1982
1.9277
-1.406
0.6036
1.1998
1.5062
2.8687
0.2339
-0.2438
2.0007
-0.4654
0.6503
0.1475
1.1552
-0.9734
-1.0608
NA
0.1746
-1.6168
NA
10.5448
1.4783
-0.3172
2.0923
1.7033
-2.072
-0.3536
0.5917
-2.6131
0.1429
0.8731
NA
2.0671
0.5212
-2.2005
NA
0.8911
0.7812
4.0708
-1.4613
0.2152
0.1339
-0.6845
0.381
0.2667
3.6331
-1.7869
-0.0149
0.3993
-0.6884
-1.9679
-2.0598
-0.8025
-0.8865
2.7016
-4.6931
1.5009
-0.3261
2.1046
-0.4633
0.4809
1.1114
-1.2228
1.4273
1.6146
-1.4982
-2.4183
0.8901
4.2386
-0.0776
-2.3494
-0.395
0.7854
3.204
0.8395
-0.706
-1.3311
-2.9178
-0.4547
-10.7243
6.6245
-1.3073
0.1774
0.6927
-0.1998
0.1803
0.7556
-1.6952
0.72967
-2.13458
-2.0753
0.1529
-3.89503
2.26398
1.6789
-1.45436
6.6107
-0.0428
2.2143
-1.0783
-2.4406
3.4959
-1.8298
0.93445
1.09532
0.38047
0.2667
1.03891
1.5105
-0.1425
0.3328
-0.3016
1.6815
0.57006
-4.80914
-0.4557
0.10052
3.47272
-1.8277
-2.80463
-0.0711
0.5319
0.79675
-0.64701
-0.63272
1.5035
-0.304
3.5708
4.44612
1.21706
0.89267
3.51074
2.48798
-0.7545
0.88235
4.51921
0.3462
5.6566
2.4148
-0.65517
0.965
-2.34244
0.7226
-0.82438
-1.6541
1.58041
0.20455
1.21903
2.10889
-0.6877
-2.925
3.2461
-0.5046
0.09655
1.9451
0.4093
-3.45459
-2.98123
4.3939
1.14659
-0.43305
1.46076
0.6162
1.52062
1.34368
-0.5601
1.27326
-1.5901
-0.05804
-1.55783
2.61624
-2.4442
0.9493
-0.71623
0.18167
0.438
0.06781
3.78696
-2.3602
-3.55984
-2.7306
-1.59634
-2.78105
1.14774
1.015
-1.5803
-0.4225
-0.37311
-1.0329
-2.7899
-3.5784
-0.49978
0.99867
-1.81578
2.74
6.595
-0.33304
-0.46237
1.4389
1.26179
0.7809
-0.5325
-1.4333
9.5303
5.3388
-0.9734
-0.8706
-0.24181
-5.40327
-1.0307
-1.7658
-0.02414
-0.88383
1.0767
-1.3368
0.06878
-1.6894
1.5095
-0.1137
-1.0017
-9.3897
-0.1612
-1.9135
1.4365
-2.6633
3.376
1.8608
0.4951
-2.1088
1.5095
0.2822
0.362
0.5688
0.246
-0.4236
-1.9302
-0.2378
-2.4551
-6.2781
1.5148
2.432
-3.4474
0.19545
-3.10087
-3.5929
-4.10988
-1.02209
0.19853
NA
1.297839
-0.1854
0.9304
4.7852
3.0117
-1.7618
-1.4707
-2.3923
0.52627
-0.91001
-0.3967
1.6334
2.09223
0.38647
0.52233
-1.6676
-0.7035
-0.1257
1.0439
0.8415
1.894
0.2947
0.2643
-0.8687
0.9773
-3.0809
0.0981
-2.058551
3.0145
0.1806
0.5302
2.6332
1.3113
-1.3206
7.0012
-0.3871
-1.1287
-0.0776
-2.82084
1.59354
-5.78419
1.0556
2.43625
1.89779
-0.12684
-0.0845
1.27747
0.23578
-1.6759
1.2363
-2.6494
-0.64587
-1.6231
-1.1732
3.89278
2.68209
2.9185
-1.3271
2.20329
0.94838
0.6409
-0.19843
2.86142
1.19165
0.62463
2.08982
-0.64107
-2.22334
0.36574
1.3199
1.9651
0.10596
0.5466
-0.3923
-0.5256
1.9902
-0.7894
-0.2099
-0.6516
-1.7418
-3.0721
-4.8846
3.0721
0.3071
-0.10657
-2.2268
0.804
-1.18216
-1.2824
1.4853
-0.92817
0.7516
2.57736
0.39726
0.4312
1.2352
0.9897
-0.6283
-2.2894
-1.3209
0.3846
-2.0694
1.9579
-0.8983
0.9998
2.24523
-1.22797
2.007983
NA
0.3401
NA
6.4376
NA
NA
NA
NA
0.4228
-0.7018
1.4352
2.3871
-1.2405
-0.6466
2.1628
-2.579
-1.50343
-2.9273
-4.1641
-0.3219
-0.3185
3.6991
2.26949
0.118794
0.0721
-0.5434
-3.055967
0.9353
-0.74537
0.9151
-0.7614
6.3305
-0.95233
1.0499
2.4965
-0.4486
0.265
1.3636
3.3802
0.4076
-1.4226
-0.8301
0.1709
1.3708
0.0859
1.2395
-2.1091
-0.0632
0.1886
8.7984
-1.3396
0.9244
-0.3753
-1.9929
-1.8299
-0.9378
-0.9087
0.4041
-0.3518
-1.2614
-0.4216
-8.27
-9.2982
-3.4
2.2076
-3.6333
3.843279
-0.9418
2.3688
0.245
-0.0474
-1.0298
0.5765
4.8219
0.48517
3.26037
0.60887
-0.12621
2.99013
3.67016
-1.14894
2.49278
-0.43729
-0.9514
9.0027
-0.0984
0.0533
-1.9212
-0.48015
0.94023
0.85504
-1.02685
0.47218
-0.58431
0.15881
-2.32691
2.05825
-0.81644
-1.8976
-0.8868
-5.969
-1.3406
-3.0501
0.5343
-3.2374
-3.055069
-0.3741
-2.53372
-0.229
-1.89804
-2.92817
2.6564
0.9279
0.28446
1.5962
0.5808
-3.4318
2.0575
-3.6558
0.0463
-1.2543
1.6106
0.93996
-1.0205
-1.17527
-2.1789
-2.22018
-2.227168
2.2808
-0.1736
-0.9426
0.9866
-2.6003
0.7531
0.1026
1.5013
2.4138
-1.3338
-1.1007
1.4891
0.935266
1.13068
-1.1651
0.0221
-1.2321
2.7554
-3.4989
1.8948
-0.8311
0.8807
-1.5587
1.5587
-0.5021
-2.4897
2.2236
-0.82727
-4.8626
-0.471
0.4292
0.5378
4.1969
0.4486
0.8976
-0.6218
-1.9549
1.93359
0.75983
-0.9936
-1.535
0.469
3.9803
-3.8637
-0.2897
-1.1699
1.0813
0.1623
-6.3041
-1.4605
0.7563
2.8929
-1.2841
0.7432
1.4129
-2.9992
0.6782
2.16259
-10.8621
0.6535
-2.3
-2.5783
-3.034918
4.2211
0.4704
-0.238
-1.64365
1.91894
-5.84861
-1.2114
-3.2836
-1.86178
-0.16312
1.82622
1.8684
-0.8456
-2.9828
-0.5412
-0.0576
-1.3101
-3.2253
0.1622
-1.4768
4.8148
-0.3836
-1.572803
2.3584
-2.60111
-0.62664
1.5083
0.56362
2.2504
-1.5584
-1.54
0.1303
0.64622
-2.48138
1.8113
1.106604
-2.072975
-8.6678
0.2906
-3.1011
-1.1446
2.61659
-2.64545
0.46609
-0.0631
-0.3813
-4.3351
-1.1431
6.5027
-1.4771
0.2981
-0.95389
-1.184
-1.232
-3.09908
-1.85389
-0.124
1.4041
-2.7303
-1.2417
0.8629
-0.3041
0.6295
-1.5943
0.2528
0.3156
-2.9328
-0.9629
0.24122
-1.23185
-2.2364
1.7682
2.1797
-1.2623
-0.02285
1.84132
-0.1364
1.1002
1.4236
-0.0881
1.9662
0.3492
0.9869
3.1357
-1.3926
3.81703
3.30504
0.28901
0.1307
0.52736
-1.022
-1.95036
-0.2205
1.215
-3.4056
-1.08203
-2.03559
0.68002
-1.727
-3.96681
2.3403
0.7935
1.1269
-4.6421
-3.336
-4.74895
3.02837
11.71221
2.19256
-0.9461
2.3939
0.0667
2.1837
-0.29046
-0.0774
3.58173
-5.0726
1.2555
-0.2025
-0.8954
0.98689
0.0604
0.2889
-0.401
-0.7198
2.2227
-0.2831
-5.1557
0.67379
-1.15135
-2.0345
-0.4208
0.446
0.8341
0.538
2.8749
0.39713
1.11555
-1.1067
-0.2515
0.7684
0.0732
1.3097
1.6434
2.2265
9.4584
-5.4312
-1.24003
-0.2989
-1.632
1.4095
1.3644
-0.0188
-0.75009
-1.4928
-0.0252
0.538
-0.84773
-0.11351
-5.0989
0.00616
-1.67072
1.397
0.95163
-0.7331
0.07172
-0.41804
0.29134
-0.1278
-0.0392
-0.2541
0.57081
-0.2139
-2.4522
-0.2732
-0.471
1.0669
-2.9847
2.8514
-1.8034
1.3632
0.31627
-4.202
-3.07323
1.34611
-0.4197
-0.41171
0.0387
4.4464
-1.3019
-7.0475
-6.4332
-0.8431
-0.71
2.9867
-0.6338
0.721138
0.7592
0.798242
0.43117
-1.2246
1.4791
-1.1176
0.328
0.2602
3.5049
1.7667
-2.2979
-2.6844
-0.3817
0.9512
-1.6247
0.6999
3.7203
3.8214
-0.5507
-2.5939
-0.0701
-3.1128
4.2081
-0.2694
0.3223
-0.7661
NA
NA
NA
NA
NA
-0.959
NA
0.67028
-1.4995
-2.18602
-5.3577
0.7527
0.0913
5.6837
-1.5685
-1.34419
1.2079
-0.6314
0.4103
-0.2913
-6.3633
2.2148
2.1856
2.3818
1.0774
0.4928
2.0804
-2.56582
-0.96518
4.9479
-0.01992
3.3681
-2.1742
-1.0153
2.07988
-2.4883
1.21194
1.5228
-2.43343
-2.39179
0.25167
1.84688
1.05036
-1.6904
1.9386
0.95879
-0.28363
2.0749
-1.6725
-2.71186
-1.499
-4.9178
-0.707
-0.22434
-0.531
0.84316
2.56344
-2.6382
-2.3066
0.21324
0.75425
-1.4917
0.2744
1.5587
-2.3436
-2.5935
-0.7272
-0.39468
0.94668
-1.49923
-7.48637
-0.95921
-5.88727
0.88993
-0.96525
-0.53823
0.4605
3.48421
-1.6288
2.4063
-2.42945
2.1999
0.7538
-2.709
-1.5667
-0.6051
1.6569
-0.5963
-0.8847
-0.459
0.4025
-3.8899
-3.2122
5.9189
-1.706
-1.4218
2.5501
-5.3698
1.2052
2.5715
0.2626
-1.7213
-3.9746
-0.6602
6.4295
0.0109
4.1214
-3.8535
2.9569
1.2305
-1.5181
0.0792
-5.1487
5.1101
1.3792
-2.3009
1.114
-0.7748
-0.3752
0.1927
-0.3597
2.7392
1.4148
-1.532
-2.0183
-0.9303
-1.3332
2.43
0.8528
-2.6544
2.652
-1.7095
-0.6029
-0.1844
-1.7784
-4.42
-3.6176
-1.1423
-7.1786
-0.376
-0.5448
-1.7392
14.9979
3.359
-1.6576
-0.0475
0.2326
-0.2354
1.6849
0.3855
-1.0757
-2.6954
3.4969
7.333
0.352354
-3.4563
-0.1843
5.9572
1.3452
-0.045808
-2.173975
-4.126
-0.6698
-1.9098
-0.662174
0.3596
0.8983
1.2499
0.6253
-0.6434
0.0406
-0.2634
12.9231
4.664608
-0.416977
2.4925
-3.107207
1.49701
0.787504
-2.24202
-2.24179
0.2762
-4.1456
-3.244363
-0.1613
-0.6789
2.1291
3.0819
-0.0582
-0.4805
-1.8261
-2.4332
3.23572
1.6705
0.3764
0.5138
0.3145
-3.0284
-0.1945
-1.9769
0.5534
0.458642
-0.3763
8.0938
0.97409
-1.915
1.7533
1.63648
-2.00524
0.53901
-0.03304
0.94438
0.00461
-4.1993
-0.21521
1.25823
1.34706
2.37565
-0.66963
-2.06728
1.4303
-1.4223
-0.7753
-0.498
2.9274
-0.2858
1.18574
-4.10762
9.693
2.30512
1.1019
-2.2948
2.227
0.56269
-1.1681
-2.8049
-0.35418
0.57312
-0.7191
1.4266
1.49529
-1.37625
-1.2832
-0.3346
-3.01313
0.88636
5.1778
-3.88965
4.34163
-7.7806
1.82304
1.34487
1.717
-0.4796
-3.20185
0.41731
1.7676
-2.6617
0.74692
0.82606
-4.96465
0.2349
0.3192
2.82931
-0.97689
-0.13339
-0.60444
0.9366
-1.78013
0.12898
-4.7849
-1.12335
4.9171
-0.90161
-1.1145
1.20668
-1.7583
-2.0796
0.573
1.1832
-0.2761
1.1635
-1.058
-1.8415
2.6968
0.3912
1.6916
-0.2505
2.5669
-1.2961
-0.7578
-0.8282
2.8027
-3.861
-2.5972
1.8763
1.4105
-3.5286
-1.3616
2.72129
4.9476
0.0738
-0.10278
-0.82477
-1.57734
-9.7267
2.3881
2.1662
-2.05502
-0.7646
1.7894
0.0716
4.7702
4.7275
0.1183
0.8582
1.3933
7.3473
-2.0183
1.5674
0.6039
-1.8686
0.9391
NA
0.3674
-1.0331
-0.3907
-0.1683
-2.4897
2.3567
0.7153
2.7563
0.331
-3.6847
0.9569
-0.3602
-0.2295
-0.4064
-0.5295
-0.9303
0.98374
0.34617
3.9605
-2.82988
0.9524
1.59797
-0.30504
2.17424
3.56146
-4.14699
1.34383
0.69361
1.46788
0.7736
-1.3689
-2.1764
0.4241
-1.9321
0.006
-1.2327
0.4992
-0.1793
0.1905
-0.881
0.0183
-0.9289
0.4073
-1.8977
-0.633
3.1283
0.3453
-0.1596
-3.1485
1.3909
5.8222
0.7832
1.2687
4.3326
-3.1225
2.242
0.4851
1.283
-2.0841
0.12482
2.3304
0.6771
0.81281
0.69147
-1.69145
1.57095
-3.44045
0.05408
0.2296
-1.66713
1.06381
-2.02383
1.18495
0.67291
-1.4338
-0.44656
3.7383
-13.8014
-0.3593
-1.2122
-4.3551
-1.2185
-0.3248
0.22786
2.40494
2.0205
0.80738
0.04081
1.35284
-0.1853
0.0573
1.8735
-1.06995
-0.8684
2.18249
1.9717
-3.1584
2.6575
0.1664
-4.2819
-2.0046
-7.5326
4.4945
-1.9331
-2.198
1.1812
2.0544
0.90895
2.1464
-0.9669
1.7511
0.1045
-1.8064
0.2747
-5.7049
-2.5137
-3.55071
-1.6222
3.43498
2.4671
-0.82039
-2.0509
4.2584
1.1751
0.55699
-1.51326
1.69615
-0.1602
-2.6227
0.3765
0.36518
1.5515
-1.5408
1.37584
1.89316
-0.2415
-0.9292
-1.40388
-0.57465
-2.3049
1.4379
-0.4707
0.2287
6.4571
1.2216
-1.545
1.52649
1.5343
0.5378
1.7792
-1.32
-1.3453
5.20749
-0.837
2.5281
-1.2095
0.3923
0.37165
0.3739
-1.8089
-0.74455
-1.6101
-0.1945
1.01867
-1.329
-0.66316
2.12855
0.1385
2.57562
-0.605
-3.0262
-2.07398
1.71651
-1.1844
0.21116
-1.5134
-2.1805
-0.9558
-1.21974
1.2617
-0.89448
-0.0502
-0.27498
-0.0252
0.12163
-6.8105
1.4148
-0.0246
-3.2161
-1.8416
-5.0985
1.8799
1.9112
-0.4316
-0.64185
-0.4575
0.1022
-2.25027
-1.0579
-0.751247
2.4832
0.2989
1.65019
-0.61225
-1.1246
-0.8395
0.061693
-2.2354
1.2246
0.6075
0.9625
7.46597
0.79093
-1.48586
-4.3765
-0.0602
-2.5053
0.55811
1.5306
-1.0017
-1.0932
0.4172
3.4498
2.8429
1.0551
0.517545
-1.37
-0.466597
0.5226
-2.0602
-1.1943
2.2729
1.22365
-1.4862
4.4576
-0.184
0.78184
-1.7787
-1.4073
-1.2679
0.1524
2.9444
7.44749
0.9695
0.7159
1.1823
1.0929
-0.6444
0.34416
2.5439
0.694
-1.85378
-3.041
-0.85827
-1.7323
1.6685
-0.0195
0.4842
0.7901
1.9411
2.1177
-3.649
0.66788
2.9624
-2.59151
-1.46377
1.8707
-5.1495
0.0571
2.93154
-1.1711
0.6288
0.7346
1.5482
-1.4767
-3.186
-5.2289
-1.71518
0.27015
3.2108
3.8639
5.4735
-4.797
0.5612
1.32385
-0.1666
1.6843
0.9786
3.5695
0.7671
0.8583
-0.18804
-1.373
-3.4291
-0.13352
-2.4455
-0.53725
0.7251
0.4486
-4.8414
-1.9628
-0.15
-1.21
1.211
0.325
-0.2422
-0.8059
-0.85514
-2.7906
-2.97275
0.2111
0.80489
0.8688
-3.0854
-0.45947
1.1608
-2.26339
-1.8319
-4.5446
2.0172
-1.82831
-0.8339
6.28276
-0.4227
-2.6122
-1.50558
3.04537
0.369405
0.80601
-0.331
1.29
-0.064
2.1036
1.02027
-2.14174
-4.2475
-1.1374
-0.4047
1.8166
1.3565
1.4476
0.9744
2.406
0.8229
-2.6699
6.3202
1.7253
-0.39013
2.8884
8.7564
-2.2185
-6.801
-0.6776
-1.138
4.0833
-1.2116
-1.4954
0.165
-2.8138
1.8132
7.2455
0.7493
0.4498
-0.729
-0.396
-0.5973
0.1272
2.9259
4.5561
-4.7755
5.7348
-4.6974
-7.3629
3.4198
-7.0493
-4.3045
-2.5007
-4.9531
-0.6284
-0.3899
-6.0017
0.808
0.9217
0.3793
-0.157
-0.2008
-2.9668
1.46135
2.6141
1.245
1.0969
1.116
0.2394
-3.0413
-1.90401
-1.18474
0.7851
-2.5272
-0.2998
-1.3333
-1.2765
-1.1108
1.3062
-1.14322
0.0554
-5.6515
15.0561
0.4004
-2.3868
-0.3508
-1.385873
-1.50687
-0.8507
1.66
4.3356
-3.5327
-1.8626
-1.74
0.890138
-1.322575
-0.8189
-1.2193
NA
NA
2.6944
-4.7182
-2.0626
1.4299
-1.8397
0.1148
-0.794
-0.2016
2.6186
-0.0488
-1.1552
2.8844
-1.15562
-1.55459
1.11857
1.9644
-1.1052
-1.2293
-1.63749
0.04935
1.4825
1.80888
0.20965
-4.2992
-1.6241
0.53129
0.40511
0.3097
-0.79705
2.62285
0.0783
-0.03973
-1.86811
-2.8898
-2.2508
-3.2123
-0.32043
-1.8204
0.0124
2.44032
0.43453
0.4748
2.06872
2.27338
0.05314
1.0092
1.1317
-1.54293
4.9326
5.4504
2.15095
0.23056
0.21223
-1.251
4.5681
0.4299
0.2889
-1.59984
1.3722
3.4115
1.2314
-0.0797
-0.64632
5.30927
-1.40238
2.53587
-2.6542
-3.44294
-0.06659
-1.672
6.8019
-0.4565
-1.197
0.2471
-2.0383
2.175
-0.28621
-0.574
-0.3412
-0.5413
-1.4265
1.443
-2.8085
-1.2208
0.7961
-2.38224
-2.39929
-0.224
1.927
-0.7353
3.40313
-0.7885
2.7904
2.2371
2.243
0.8525
1.6249
-2.09274
-0.3259
1.36527
-1.9594
1.0645
-3.4833
2.6756
1.3277
6.0158
8.2462
-0.5655
1.3532
-0.07865
-1.01608
3.7826
0.8378
1.2762
-0.642
-1.4536
2.90507
-0.22152
0.72949
-0.14995
-1.4082
-4.2143
-2.7142
0.7575
-6.2257
-1.94037
3.5786
-0.441
0.73405
0.06761
-0.80761
-0.82336
-2.85808
3.3056
-0.67108
0.64752
-0.2528
1.3248
-1.3935
0.6243
-2.1076
-2.9887
-2.2728
0.6626
1.17679
0.24111
0.7438
0.1154
-1.3323
-0.2212
0.9443
1.1497
-1.87756
1.42166
-0.1102
-1.4136
-0.19486
0.7442
-1.417
2.6188
1.77774
-1.11728
2.9618
0.02718
0.3746
2.04556
0.40168
1.3112
3.91422
-2.0275
-1.8077
-0.0887
-0.29994
0.4432
1.778
2.63293
-0.98665
1.011
-2.4682
0.2085
0.1789
-2.3072
4.6648
-0.7656
-0.74178
1.2749
0.8353
-0.8526
5.8404
0.52369
-0.3239
-2.2304
-0.7601
-1.531
-0.6768
3.0777
-5.40007
-0.3891
1.0919
-1.572
-2.1923
1.021
2.9218
9.1404
-1.48473
1.11
1.32781
-0.3276
1.9429
2.9114
1.5089
0.32354
-2.3609
-1.9289
-4.12598
-0.5794
1.4665
2.84347
1.9604
0.5911
2.7085
-0.6658
0.34345
-0.7987
-0.1398
-0.7337
-1.6984
0.2315
1.0827
-1.143
-0.52924
-1.73836
-3.9714
1.39716
-2.7117
-0.2799
6.0425
-2.4771
2.2899
7.477
-0.0845
-1.431
1.7932
1.56151
-2.0813
-0.1453
0.4511
-3.489
-0.42738
-1.0308
-1.1788
0.1743
-2.1452
-1.2461
-3.3101
-1.80713
-1.95446
-1.9227
-2.32862
-2.27098
-0.1952
-1.6902
0.87767
3.7025
3.6231
-4.9625
3.0083
0.9361
0.2396
0.2997
-2.3919
-1.5525
-1.4571
-0.7974
-0.2379
0.6357
3.7643
-1.0529
-1.0111
-0.4673
1.2597
-2.5838
2.9484
5.00685
-3.90972
0.1649
-1.8833
-6.2298
2.1806
0.8785
-5.4515
1.054086
0.4604
-0.2859
-1.8819
-0.7837
0.031
0.7872
2.0785
0.1468
-1.3236
-0.614
-0.9779
0.37091
2.7352
-5.2809
-1.8937
4.0487
-0.83616
-5.95719
-1.7296
-4.0411
7.3834
-1.2443
6.3645
-3.643125
0.9329
-2.878404
-1.6756
-1.7787
-0.5665
-1.4601
-2.3179
0.9066
-1.5623
2.816
1.34733
0.4256
1.427386
-2.6309
-3.265446
1.8898
-1.8238
-0.9487
0.3772
2.0261
-0.2901
0.1619
0.5098
-2.400763
-0.9363
0.410577
-2.005427
-0.911243
5.6205
-1.179431
-1.640661
0.6773
0.0984
0.9841
1.8525
-0.29418
1.2694
-1.9063
-1.9226
-4.5989
-2.3454
-1.2167
0.2487
-0.7501
1.5124
-0.3343
-1.4197
0.54154
-1.4049
-3.3726
-1.2977
1.0942
-0.2893
-1.6417
-3.3504
-2.8083
0.06321
0.2036
NA
-2.2441
0.64705
-1.977
-1.0582
-2.99747
1.7044
-0.0985
8.7773
0.9109
1.09709
1.72102
3.1582
1.6673
-3.1512
-3.3951
0.80512
-0.20405
-1.3741
0.97095
2.6942
1.4392
0.5774
1.7418
-6.0737
0.32998
-0.4062
-1.6803
1.3294
-0.41842
3.737752
3.44685
-0.46044
2.50824
-7.5855
-1.374
2.1494
0.1894
0.61244
5.7384
-0.1301
4.557
0.89077
-6.798
-0.02663
-1.6276
-0.6406
0.2593
0.4965
-0.9507
-3.0441
-2.9319
-0.0357
2.80725
-0.9274
-1.5601
-4.2713
-2.01439
5.9796
-0.41255
2.098
3.2482
0.39124
-0.262134
-0.1167
0.835316
1.5996
0.2915
4.941207
-1.392848
-0.10301
-1.50876
-2.8165
0.6312
1.75385
-4.2702
-0.631046
0.5945
-3.8471
0.7804
-0.5166
-0.1345
0.1534
0.8959
-1.0674
-1.411178
0.44199
-0.6757
2.45636
0.941653
-1.536633
-1.7538
2.6301
-2.1582
-0.70309
-0.749
2.36343
-1.410258
7.219514
-1.36294
0.7718
1.032
-0.6545
-0.5462
-0.0682
-0.2413
-2.78722
2.153
NA
3.9059
-0.0257
-1.06694
0.6282
-0.7193
-1.5971
5.1527
-2.48283
0.41037
0.626
-1.5647
-0.3436
0.7162
-0.3584
-1.4919
0.9507
2.5672
0.96
-1.738
0.7756
1.771896
0.7765
0.6088
-0.8298
-0.403
-0.598
-1.1259
2.1709
0.4585
-0.2113
1.1527
-0.3294
-0.19997
2.6176
0.4377
-0.92421
-2.476487
1.014864
-1.1497
1.58469
1.14395
-2.19798
1.3594
5.02999
-2.011
-1.6421
-0.0372
0.5673
1.38876
0.5768
-0.73414
-1.9532
-0.405405
-0.01797
-0.53024
-0.3142
0.41424
-1.9546
1.557
0.4311
0.06979
-0.64547
1.8818
1.02404
0.29615
-0.33927
-1.7782
-0.6978
1.448918
2.5947
-2.25025
-2.352468
-1.18243
-0.0254
10.640784
1.3246
1.6078
2.2945
1.7729
-2.3416
NA
-5.4953
-8.13634
-1.2766
3.272
-2.9984
-1.2519
0.5943
6.37651
-1.44589
-0.6273
-0.0569
-0.3111
-1.527
-1.22534
-0.94667
4.0856
0.52023
1.6438
-0.4525
2.3204
1.46913
1.7634
2.3152
-0.1941
-1.1045
0.36259
-0.78406
-0.431
0.3954
1.6308
1.057
2.1736
-1.24
-1.6535
0.7325
-3.26133
2.39376
0.4503
-1.23298
0.0115
-0.1508
-0.9489
-1.644
1.53835
-4.255
-3.015057
1.13732
-0.9262
0.692
-8.9249
0.8559
1.8422
0.56068
3.2218
0.2579
3.1573
-0.5823
-1.8205
-0.57022
-1.73301
-0.89375
3.18875
0.9193
-0.3993
-2.2285
-2.0502
3.539
-2.11899
1.0107
2.66488
4.3027
3.69494
-1.0587
-1.144
0.98374
-3.3401
3.439932
-1.1416
4.65643
2.0271
-2.7057
0.6696
-1.90541
-0.5637
1.4683
-1.36293
-3.15776
-0.2138
-1.4394
-1.164
-0.1511
0.57897
-0.43817
-0.1213
1.7522
-1.981
-0.3911
1.404
-0.00793
7.95139
0.2004
-0.69969
-2.8323
-0.51084
1.9519
-0.4923
-1.1906
0.7663
-0.2632
0.357
0.88929
-2.821
0.5331
-0.691834
0.0177
0.3062
-0.77954
0.9538
-0.1157
1.8608
1.3813
-2.1033
-1.2191
6.49193
-0.00965
3.4781
-0.967
5.64692
-2.00903
-0.42187
-0.026
-0.7411
3.4128
1.44919
-0.8314
-4.23548
-1.81357
4.7347
-0.8295
-0.393
-2.00502
0.728483
4.6905
4.6066
-0.8165
-1.5088
1.4844
-1.384
-1.30276
-0.4349
0.8891
-0.7817
0.9961
1.43087
-1.97771
-2.6636
1.74
3.1046
-0.3662
1.612
3.007904
0.0592
4.3089
-0.8389
1.6522
-0.4116
1.025
-1.2278
1.07672
-4.1526
2.3158
0.2969
-4.2469
-1.7931
-0.1409
-1.0105
3.3632
-0.9319
0.685425
-1.2475
-1.5395
13.76488
3.5946
-2.2999
0.8197
-1.1269
4.2486
-1.8398
-0.558664
-1.4628
NA
-0.3243
-1.7632
0.0418
0.4244
-0.639
-2.2574
4.4642
-0.8736
2.4184
-0.2495
2.8486
-0.8882
0.2214
0.677
-0.9414
0.9635
-0.02197
-0.6355
-0.0814
-0.4607
0.8595
-1.03448
-4.1792
-0.70435
0.72644
-3.1397
-0.8953
-0.18369
1.1004
-3.638558
-4.5655
-5.0932
-6.12244
4.8958
-0.2285
-2.6126
2.1248
9.0003
3.3766
0.52954
0.9556
0.84308
-0.528
-0.5706
-1.041
0.9588
-0.6735
-1.12918
-0.7708
0.2404
-0.92707
1.1031
2.1834
1.2835
1.2312
-2.6012
-1.2848
-3.995
-1.1601
1.4973
0.43845
2.10365
-0.5925
-0.198
2.0958
-1.6504
2.603
1.9823
2.087699
3.1654
-1.96676
-2.261492
-0.440628
2.5263
-1.0978
0.315
-0.0809
-6.5264
2.181721
0.709
-1.825
0.2782
-1.6818
-0.0368
6.42186
1.4565
-1.3408
0.278
0.30703
NA
1.20262
-0.405658
2.3604
0.941073
0.7134
0.6552
0.9335
1.1268
-0.79726
4.7774
0.4653
-2.04674
0.17667
3.8949
0.3106
0.6656
0.25128
-1.9405
1.21068
0.2728
0.5147
-0.7011
0.3868
0.9049
-0.8326
-3.5108
1.525
-1.88016
-14.7263
2.2929
-0.3829
-2.3548
2.4639
-0.4023
-2.42162
-0.7212
9.3364
1.1564
0.1904
1.32969
0.2905
-2.6429
-0.88899
-2.5549
0.8721
0.95419
1.2304
-0.3756
1.3801
-0.3454
0.9402
-0.2323
4.8597
0.7792
-0.72738
1.2062
-1.6439
0.1428
NA
-3.1229
-0.0233
2.46424
NA
-2.33653
-0.0966
-0.424973
0.4643
2.9468
1.911678
0.8509
-0.2129
-5.3643
1.4134
-0.2288
-1.0277
2.502
0.8066
-3.34889
-0.8842
1.767447
-5.1526
2.28074
1.10847
-0.7885
-0.9905
2.9817
2.1732
1.93157
1.0242
0.8232
0.821
2.748276
-6.2719
0.2841
1.780026
-2.3361
-0.8089
-1.5032
-0.7726
-0.338
-2.14881
0.1846
-0.07701
-1.4863
0.692
0.8018
-0.4471
0.7589
-1.9742
-2.383
1.9969
-2.5956
1.9557
-0.631356
2.9774
1.5441
0.2972
0.2487
-0.1261
-0.3096
2.7552
1.003
-0.7241
-2.2019
0.9717
2.2507
4.3205
-1.094883
0.0199
1.895
-0.3099
1.6268
NA
4.370293
3.7661
0.0799
2.3035
-1.3188
0.9072
-2.36586
0.8881
2.1515
1.28346
5.6338
-2.1906
3.985
5.567
-0.2273
-0.1114
0.07194
1.0296
-1.5119
-2.4287
-0.5754
1.6748
-1.1958
0.7517
0.5538
-0.4394
-4.9329
-0.50765
1.3333
2.02
-0.5438
1.2005
-9.2161
-4.17211
1.3711
-2.11538
3.3097
-1.0556
-2.34742
-0.1241
3.9404
-0.083
2.414
-0.6889
0.383
1.6517
2.0796
3.0346
1.7848
0.4781
1.62246
-1.3125
4.3573
-1.6599
-0.8234
-1.8742
-11.3506
0.19414
0.5577
0.2801
1.623101
-1.2371
0.1701
-0.0288
1.4221
-0.2771
4.0834
-0.7717
4.2608
-1.0673
-2.49746
-2.3563
-0.5478
-0.5324
-2.1622
-6.3493
1.62574
3.50714
0.4015
-0.43015
1.0347
-1.6155
3.1333
-0.6309
0.2487
-0.3622
-0.03815
-2.8267
-1.0177
1.7867
2.7851
1.9027
-1.0164
-4.7523
1.5501
-1.70859
-6.5892
-2.42109
-3.8033
0.031417
0.75607
0.1107
0.758
2.01975
-1.9118
3.2669
-0.0296
4.2977
-1.2752
0.3869
2.4538
0.8034
-2.6573
0.3419
0.31859
-0.4162
-0.1268
-0.6022
0.3364
-1.0409
2.88492
5.0867
0.1204
0.0874
3.6268
1.6314
-1.07314
-0.375
-3.5537
-0.8071
2.1683
1.11847
-2.326348
-1.5948
1.5058
1.27809
-1.8471
2.279
1.2566
-1.6904
0.4079
0.8475
-0.7923
-0.4153
0.66013
12.6511
-1.05058
5.5778
-3.7446
-0.6793
1.5918
-0.1036
-0.10981
-3.51819
1.09144
1.955
1.0556
-1.6216
1.4696
1.9969
7.75886
2.584
NA
2.0639
0.60237
-0.8277
-1.0378
1.29
2.13555
-3.21656
2.37227
3.4636
-1.217133
1.4457
-3.0208
-1.9734
-0.82254
-3.519893
0.532235
-0.84286
-1.2546
1.7791
0.7672
-4.40829
-0.55538
-0.0424
0.1351
2.8709
1.5444
-0.7509
4.4793
2.0544
3.56986
4.567
0.0076
-0.30708
1.248
-0.1728
-0.9734
-0.380396
NA
-0.7878
-0.6166
-1.5623
0.11349
-0.0025
2.735
-1.0497
-1.6021
-1.0691
-1.3652
1.6688
3.6077
-0.2732
-0.39871
0.8352
0.89738
1.4341
-1.881
-3.9773
NA
1.4235
5.3202
0.24669
-1.8742
-5.8689
-2.0442
0.6203
-4.12819
1.5129
0.24914
0.6686
-0.5781
-1.89
3.7767
-0.8302
0.0166
-0.0197
-0.54974
-2.2546
-0.2747
-4.6888
-2.6414
-2.9262
-0.69963
0.2392
-1.48823
-0.4377
1.079
0.2377
1.4874
-2.862
-0.434
-0.037
-1.7538
1.3734
1.2664
0.0137
-4.3082
-1.3298
-0.7753
-2.0381
1.3117
2.3987
-1.5519
-0.6275
1.20686
-0.93878
0.8836
1.573
-1.0717
0.3715
1.053
-1.1406
6.3305
0.6777
0.187
1.5257
-3.1785
8.5873
2.48743
0.1122
-1.20526
-1.3675
2.4637
2.6873
-0.507498
-0.03798
0.2564
-0.57371
NA
1.11149
-3.1116
0.65678
-1.0475
-0.0991
1.1813
-5.2166
-0.1482
0.85955
-0.6454
1.7044
0.0989
-1.9547
2.8635
-0.4707
2.94203
3.9291
-1.0856
NA
-0.6696
-3.1336
0.9441
0.6981
-0.9564
-0.1018
1.1108
-1.4148
0.255537
16.5662
-0.0764
-0.5666
3.0607
-1.0222
-0.7507
0.4942
2.2526
-2.1885
-1.37176
2.4439
2.392838
1.1319
0.41955
2.1137
0.2124
-1.3748
-0.0523
-0.55
-3.28812
-2.8928
-0.19487
-3.44897
1.20512
-0.8679
0.6586
NA
-2.9294
2.1532
-0.10992
-0.53562
-2.9692
-8.5967
-4.2419
-1.58859
1.2074
-3.3439
-2.9723
1.445
-4.0849
0.576
-3.289
0.5661
1.96969
0.1581
-2.2932
-0.4334
-7.6313
0.7968
NA
-1.1591
0.787
-2.249112
-0.3827
0.28315
0.8886
-1.3376
0.3654
-0.0812
-4.472
1.52963
2.375
2.3781
-0.0671
-0.0471
4.9368
1.3468
0.4623
-0.5385
0.07455
0.42512
-0.8684
-0.8267
2.7439
1.1356
-9.7214
0.5842
2.3577
1.2213
1.51
-4.4582
-2.1716
-2.2818
-3.7572
-3.4307
1.2258
0.4981
-2.0429
0.76348
-1.3813
0.7796
-0.2473
2.1202
0.0488
-7.58892
0.2925
-0.55996
-6.3214
-0.775
-4.9408
-0.4712
-1.705
0.0822
-2.7392
1.2702
0.3346
-0.55039
NA
-0.6996
3.1116
-1.13489
-0.0148
-2.8717
-0.9164
-1.33934
-4.0186
-1.61
-1.8423
1.7246
1.53841
-0.695
3.2117
1.9799
1.4572
0.06985
0.35119
0.0713
0.7019
-8.48688
0.5047
4.3102
1.6156
1.5267
-1.07773
0.1433
-0.8949
0.566971
-14.5326
-1.9507
-23.3269
0.2813
-1.94177
-2.1592
-0.09632
-2.4771
-0.0373
-2.606
-8.2355
-2.8291
0.53515
-0.0482
NA
1.1266
0.7703
-1.2341
1.1135
-1.90327
-0.9785
-0.5561
1.1591
1.7476
-5.096
0.2403
-0.26445
-0.15011
-1.4042
-0.9074
2.0562
-3.63567
3.2069
-0.9938
-1.89146
0.5751
-1.6678
1.4774
-1.1895
-3.21039
-0.6527
-2.4284
-0.2374
-0.21108
0.4302
0.56877
-2.6088
-6.1491
0.7475
-1.9496
-1.5474
-2.1726
-0.9577
0.2408
8.1375
-0.07321
-2.0923
-3.22966
1.8673
-2.0557
4.1153
-0.0317
0.62841
4.8949
-2.8671
-0.4716
-0.42033
1.6966
-2.10465
-1.0214
0.5675
-1.9157
-0.67201
0.8179
0.6951
-2.9218
-0.7829
1.1963
-0.0553
-2.942
-0.4894
6.2569
-0.4328
-0.8904
1.4353
0.0229
1.7592
-2.86723
-1.58063
-2.5391
-1.1069
-2.1766
3.53561
2.66449
-2.0483
1.6032
-1.62896
-0.25106
-0.2951
-0.185
1.8497
NA
-1.0484
NA
NA
NA
NA
NA
0.0066
-2.506034
NA
NA
1.0092
NA
NA
-2.7221
NA
NA
NA
0.9233
NA
NA
NA
NA
NA
NA
NA
NA
-2.174
NA
0.6967
-0.9055
NA
NA
NA
1.36921
NA
NA
NA
0.1695
NA
2.0354
-1.6292
NA
-1.0378
0.24373
0.2963
1.6625
3.2442
-3.4818
2.0549
-1.2535
-1.58947
2.261
2.4025
1.03
0.226
2.8246
-2.1327
0.4392
-0.07511
0.6806
0.1826
1.3798
-0.9063
0.50384
-0.5467
-2.584
-0.31783
0.4372
-1.7817
1.33172
-0.4545
-2.90843
-4.0306
0.1068
-1.1165
-2.2574
-1.5069
4.938645
-1.2137
0.88747
1.4625
3.1254
1.5646
-0.6294
0.2138
0.6503
0.2655
1.2296
2.35208
2.3065
1.06877
-3.18107
-0.6788
0.8299
2.2509
2.5698
NA
NA
NA
NA
-0.7811
0.7334
0.2424
-1.4999
-0.9017
-3.20136
1.1754
-2.6036
1.9893
0.5246
1.607
1.8587
3.1157
1.0839
2.73629
2.37944
-0.8692
-0.0748
1.3578
-1.5637
-0.9784
0.5589
-2.1485
1.8841
1.8256
0.0985
1.0715
1.1908
0.5354
0.1279
1.12875
4.2502
0.2057
0.04535
4.2573
2.47745
-0.3977
-0.82529
-0.249
0.3942
1.239777
1.6015
0.15779
0.3875
1.6287
-3.0336
1.0397
-0.6793
0.36212
1.488397
-4.0039
3.3054
5.7923
-1.7026
3.27663
-4.4488
-0.40239
0.5383
-0.1848
0.927
-1.2962
-0.0144
0.5821
-1.4357
3.02615
-0.2087
-0.06034
0.0339
0.8463
-1.5826
-1.8691
NA
1.437
0.79
NA
-0.0628
5.5061
-2.3237
-0.6394
-0.1208
1.2236
-1.1972
-1.028
0.2344
0.8905
-0.7942
-1.1703
-1.5466
5.1537
-2.170039
1.77579
0.2123
0.2057
1.077983
-0.4222
0.83729
-2.2425
1.7511
3.61378
NA
9.3655
0.61848
NA
-0.46999
-0.13669
1.58218
3.072
-1.23344
-0.61799
-1.29163
0.98219
-0.2552
-1.89501
NA
NA
-7.281898
0.000489
-1.0158
-0.1531
-2.306
-0.14275
0.2396
1.1047
2.6052
-1.5428
0.2983
0.1426
-0.2504
0.3965
1.2597
0.0277
0.212
-0.4519
-1.35468
0.8916
-4.8548
-4.03804
-1.9621
1.47535
0.31719
-0.06637
-1.68377
0.279
NA
1.2685
0.9291
1.7636
3.2129
0.88619
-1.926
-4.4362
3.6679
-1.8459
0.995
-0.8488
0.05441
-6.0385
NA
5.80337
-2.1836
0.4546
NA
NA
3.78422
-1.1646
-1.07011
-0.4628
-2.2245
0.3776
-1.98675
-0.8693
-1.3324
-2.1882
-0.3367
2.210996
1.68724
0.7528
-1.1594
1.0489
-7.362
1.24086
2.59
2.21441
-1.4353
0.306831
NA
-0.8064
-3.8821
-0.4597
-0.5994
-0.3418
-1.14205
0.4225
-2.8818
-1.10444
-4.3317
NA
-1.5257
6.1634
-2.166
-0.476
-0.21438
-0.79935
-0.199
-0.41426
-1.1707
0.3284
0.01445
2.9911
0.07543
3.0097
-1.8752
-0.9222
-1.8841
-0.8972
NA
3.2814
-2.1797
3.14382
NA
-1.8102
-0.781
1.9893
0.1652
1.8043
0.67188
-3.167
1.35959
-3.70243
-3.3838
0.6908
4.1208
NA
-1.30565
-0.1799
-0.4137
-1.476246
-0.6908
2.24
-0.49651
-2.5757
-1.476
-2.07574
-3.06378
1.252
1.49387
-1.6004
4.12422
0.34181
-0.5747
-1.6686
1.6257
1.1482
0.9943
-2.5839
-1.48358
4.0269
2.2203
-9.25674
0.1763
0.4909
2.5502
-2.46242
-0.64624
0.31223
-2.0675
-0.3621
-0.7022
-0.2529
0.2027
0.0657
-0.3926
-1.24408
0.4581
NA
1.7076
NA
-1.224
0.0723
-0.1192
-0.83925
-4.14276
-0.52083
-0.2037
4.0845
0.72928
-3.67685
-0.0546
-0.38537
2.3917
0.75387
-0.92661
0.3654
1.4556
-0.4441
0.023
1.6735
-0.12981
1.5935
NA
-1.5067
1.96851
0.6864
-1.031
-2.4543
1.08007
0.4039
1.0276
-13.266
1.6903
-0.7643
3.64947
1.2257
-0.4023
-1.0292
1.0894
6.8409
1.8403
2.531
1.5891
8.8739
-0.1226
-2.2404
0.49852
3.02641
1.9138
-1.29019
0.8914
-1.73616
0.10465
-1.3337
1.817
3.7929
1.68208
0.034925
-0.5383
-0.2048
1.04307
1.2108
-0.99239
-1.13799
0.7424
-4.1379
-0.16972
-2.93596
-1.0143
NA
-0.4243
0.4235
5.0207
-1.32185
-6.0039
-2.08104
3.0588
-3.783
-0.1237
0.83879
-0.44978
NA
0.2861
-0.1297
1.9073
-1.4439
-1.4974
1.121
0.2187
-1.1153
-0.51581
-2.04343
NA
-2.0631
-1.3088
0.24229
-0.9768
-1.4849
NA
-0.4802
-4.3383
-0.9828
-1.9498
4.6698
-0.2631
2.7544
-0.85391
2.03241
-0.9592
-1.23
0.65608
0.6514
-0.9806
-1.3718
-0.28841
-0.94703
1.2693
-0.57498
4.3077
0.41517
1.88355
1.7345
0.5054
0.1951
1.063965
1.884
-0.6745
-2.64942
0.67703
NA
-0.6682
0.72527
0.42761
1.5466
-4.1454
-1.70883
NA
-2.5746
-1.81973
0.8524
0.65451
-3.2436
1.5172
-3.4116
-7.7779
NA
NA
1.04968
-1.70266
-4.3077
-1.2827
-0.1559
-0.940501
-1.1773
-1.52076
-3.2941
1.2884
2.91846
0.35116
-4.2143
-0.58828
1.6268
1.4391
3.368
-7.7078
2.8622
-0.76597
3.541811
-0.8654
1.7898
2.25134
-1.8222
1.1333
-2.957
-1.5402
-0.1781
NA
0.9338
0.6719
0.10978
-0.6433
NA
-0.2405
-0.282
-1.88688
-2.80601
1.41346
2.01712
-0.53763
0.8334
NA
0.84106
0.4608
2.81077
-1.139
3.4569
-0.8048
-3.28423
-0.38759
NA
-0.0955
0.3094
NA
-8.5176
0.0302
2.1937
-2.0353
-1.5545
0.31784
6.1438
1.0461
3.0304
1.63312
-0.6027
NA
0.6252
5.53293
1.7096
-1.9418
NA
2.81934
-3.1453
1.7707
0.58104
-1.06768
-4.4095
0.6188
-5.5486
1.9377
0.1181
-1.95451
0.0411
0.61397
NA
0.6643
3.2605
1.253
-0.2898
1.06754
-1.2847
0.2865
1.1688
0.5619
1.0488
-4.02296
-2.0784
1.74475
NA
-0.4525
2.3526
4.1318
4.32377
1.04201
0.1755
-1.6418
-1.3551
8.4032
3.9042
1.9628
-2.9845
-0.95153
5.07413
-0.94296
-0.8465
8.8761
0.48908
-3.5754
6.7183
-1.114442
-2.055066
-0.4256
-5.1497
0.81032
-1.7416
-8.263
-5.9058
1.63286
-0.18947
-0.1017
-2.01107
0.7044
0.6758
5.18601
-0.50422
1.37
2.09597
-1.4532
-0.7199
-1.2073
0.65397
-1.9279
-0.6694
0.3545
-0.0733
-1.22996
-3.215
-0.0968
0.019
4.5943
-2.8299
-1.3861
1.7798
-2.1906
3.7315
-1.7604
-0.4656
-2.6524
-1.28302
-1.6795
0.8265
NA
1.1992
0.2931
0.04882
-1.89486
-0.72277
2.7268
-6.977814
1.10378
0.5587
-1.4335
-7.30014
1.1484
1.2023
-2.00674
-3.6531
1.2745
0.8897
1.0926
0.09301
-8.636
0.403
-0.7421
0.4099
0.7115
-0.493
1.5396
NA
1.8136
2.62715
1.0782
-3.4766
-0.2127
3.4512
2.6556
0.0881
-11.2806
-2.38699
-0.1439
-1.516
NA
2.8627
1.44829
0.30344
-0.21044
2.3096
NA
0.1242
-1.5576
-1.3441
-2.6569
0.43708
4.6553
0.3303
-0.6838
4.9201
-0.27444
0.22635
0.8581
-11.04561
NA
-0.6976
0.9415
0.6911
0.551
-3.2216
1.61
-0.495351
1.4458
-0.21998
-0.81154
1.11989
-0.9984
-0.7784
-3.79966
-0.3535
-0.74026
-1.12213
-2.37005
1.11632
-4.84223
2.3974
-1.96646
4.14244
-0.2607
-2.5442
0.6907
-0.02836
-1.83691
0.9402
-2.5379
2.7351
-2.53741
-9.5966
1.5122
0.2279
2.121
0.29079
-1.0097
-1.1761
0.24411
-1.6231
0.69064
0.90217
0.3597
-1.5137
0.4885
1.7728
-0.52963
1.50832
NA
-1.3905
2.9968
-0.8133
-1.7288
1.595
7.08871
-5.5066
NA
1.9362
-0.22903
-2.37725
-1.40037
0.8865
2.66296
3.7392
-4.1197
-2.10445
1.4254
-2.7334
1.21389
1.0127
1.4712
0.427
-1.9046
2.6025
0.4713
-0.89123
-1.955838
-0.724
1.09051
0.9681
0.16503
-0.6927
-1.6678
-0.9756
-1.4921
-1.8846
NA
-0.9207
2.2448
4.9797
1.706
0.173
5.5895
-1.2502
4.7564
0.979
3.11213
1.2049
-3.1817
0.082902
0.0244
1.6493
-0.149
1.3593
1.01676
-0.1457
-0.85834
NA
NA
0.9423
-0.3368
-0.1792
-0.9294
-3.9877
-1.6819
2.32034
0.413
-2.41825
-3.3791
-4.3806
-2.773898
-1.52438
0.7439
0.8039
-2.6205
-0.76811
-1.7141
-1.9944
-1.0666
0.3584
-2.10298
-0.2174
NA
-2.25304
3.2555
-4.0084
-2.50421
-1.216
0.3338
-2.295
4.5344
2.10556
0.1083
NA
0.4578
-2.14598
-3.1983
-3.95982
-0.25431
-1.3206
-2.6739
1.2595
2.499
-0.8427
-5.2066
0.9593
1.6481
0.4422
-2.928
-1.0778
-1.1409
0.87154
-0.7579
3.173
0.32363
-5.8126
-0.8552
1.1239
1.0257
1.0465
0.6047
-4.5376
0.1511
1.28526
0.77816
-0.1266
2.2442
-0.5387
-0.2504
2.92758
1.9893
0.8139
-3.1867
-0.2445
1.07901
0.5059
-1.6062
-2.68567
-1.0033
2.8276
1.9969
-1.69786
-0.75191
-3.53323
0.64685
0.6186
0.0361
-3.56827
5.5454
-1.01269
-0.77681
5e-04
3.511
0.19562
1.9969
-1.0293
-0.06043
NA
-1.7523
1.8017
2.0583
7.4512
0.33424
-1.4598
-2.02963
-0.4693
-0.08237
-1.1385
1.6281
-0.58747
-0.0665
0.95653
6.4609
-1.1945
-0.18885
-2.19538
5.6617
-0.5955
0.54239
-2.1166
-0.4871
0.5045
0.92446
0.8459
-0.6316
NA
0.8131
2.6476
-0.463
0.9462
-0.8552
-0.6398
-2.35581
-0.6436
-0.0557
1.7418
0.8315
-1.0182
-1.88678
-5.1293
4.72852
5.159
-1.51042
3.0075
0.63637
-0.9435
-0.12795
1.5561
0.1443
-2.4028
1.6418
1.6143
-2.2871
-0.0252
0.1279
4.883
3.1468
-0.4721
-0.75706
-8.22206
4.137
-3.568
-1.07239
-0.8774
-2.3597
0.0297
1.9073
0.4272
-1.2799
0.1223
0.6003
-1.8393
4.3749
0.5112
0.090869
NA
0.95492
0.49997
-2.0807
-1.4687
1.3694
-0.2716
1.7632
0.5505
-0.4989
-0.78452
-1.8318
2.64602
0.5281
0.1662
-0.49777
-1.5974
-6.2311
1.3966
-7.7078
-0.5967
-2.50835
-0.117
-0.4292
-0.7559
-5.73222
-0.7851
1.728
0.0519
-0.086
-0.2585
-0.4151
0.7444
-0.0601
-4.3959
-0.9592
1.0398
0.1934
-1.7101
3.516
1.7486
0.97718
1.2344
2.1246
-5.0346
-1.6493
1.0586
0.1122
0.762
-0.93991
0.2929
-4.8985
0.28515
4.4724
2.72308
2.47785
-1.7887
1.8453
0.7046
NA
3.85748
-1.0746
-2.57624
1.0827
2.0299
-1.2404
0.6692
0.7637
0.322
-1.3731
2.7278
NA
0.52664
-2.8338
0.5637
-1.7521
0.3423
-1.2196
-4.99764
-3.688
4.8614
-4.70303
-0.4141
1.9297
5.0079
2.3389
0.39269
-1.03976
-1.6383
-1.0334
1.1564
-3.1607
1.3039
0.59133
0.27243
-1.20212
1.51203
-0.9242
0.0777
1.95292
-0.7958
-1.8356
-0.4437
-1.4082
2.2701
-4.2908
3.8891
2.6515
1.8353
-1.22265
-0.8498
0.1075
0.3733
0.717
-2.7772
-2.5941
-0.5363
-0.0839
0.9595
-2.604
6.0366
-0.168
3.6746
-0.0844
-0.8363
-1.3978
-0.7164
-1.7716
-3.2464
-0.3789
-1.1821
-0.1735
-2.8858
1.25407
0.6901
-2.8784
-1.6688
-0.7417
0.2731
0.8699
-0.37919
1.1829
4.5443
-0.8221
-2.8775
0.8185
1.6412
-3.6144
0.6818
-5.9667
-3.6159
-1.05349
0.6839
-0.7446
-3.0251
0.3698
-3.51314
2.0153
1.7034
-0.5585
-0.49623
-1.6681
-1.25406
-1.3699
1.7562
-0.26893
0.34727
0.2891
0.9864
-1.59609
-0.39533
1.5101
1.67406
0.77745
3.9354
-3.4205
-2.5424
-0.9657
-0.14839
-2.3139
-2.6428
-1.19334
-0.925
0.79947
0.394
4.2622
1.7921
-0.446
0.7471
1.0518
-0.8428
1.4347
-0.0421
-0.78099
1.06548
0.2597
0.4527
3.0433
-0.0976
2.0175
-2.302
-0.8334
-0.94091
-0.0074
2.05063
1.32902
-1.99192
1.1904
-1.2816
-4.8486
-1.8113
-0.29435
-6.5559
-1.5511
1.2717
1.2559
-1.2871
0.5858
0.554
0.5117
0.3066
-2.0414
1.3623
-7.9273
0.2086
2.2476
-1.2887
-0.3456
0.5633
-0.9669
-0.1765
-0.8366
-0.9089
21.414
0.2345
-3.8448
-0.07277
-0.4342
-1.3077
-0.728
0.1945
3.272
-3.0849
-0.80535
-2.6887
-0.939486
2.5527
2.037
-0.9426
2.5582
2.0895
0.2653
-1.5939
-1.93223
3.2949
1.7984
0.9032
1.7898
0.0957
2.7648
-1.0333
-3.7939
-6.6607
-27.6197
0.6222
1.6327
2.2596
1.8638
0.29248
-1.7108
0.216
-5.611256
-1.3729
0.216
-1.9694
2.0038
6.6423
1.0234
-1.2525
-1.9302
-0.1536
-2.1427
-0.5421
1.0742
-2.0227
0.8406
0.2448
1.3
1.1267
1.6651
-4.4842
-1.2002
1.9476
-0.7257
1.0128
2.5225
0.5601
1.0739
-0.0106
3.4528
0.4242
-2.6187
1.8077
1.0536
2.4064
-1.8822
1.5897
-0.569
-0.2827
0.0533
-2.686
-0.9744
-2.9381
-0.2573
-0.7296
0.1839
-2.4597
5.1332
-0.7929
-0.9552
3.615
-1.4289
0.2146
-0.8193
0.7187
-0.4433
-0.483
-0.2741
1.3649
-2.8082
-4.1029
2.6122
-2.0141
0.6264
0.74253
0.6872
2.67942
2.7182
-1.4145
0.429
-1.9655
0.6394
0.2292
4.9531
1.544687
1.2503
-0.40041
0.79272
-1.5986
-0.7819
2.3065
-1.98653
-0.8273
-0.5119
-3.60123
-3.67961
-2.6954
-4.3513
-4.5373
-3.3453
-0.5991
-3.9122
-0.57171
0.3683
-0.724339
0.825
-0.6394
-1.79802
1.33786
0.4566
4.2377
-11.1543
6.39
-2.1613
2.4262
-1.2714
0.9499
2.685
0.1908
-2.6655
-3.8143
3.1076
-2.2
-5.0546
-2.8202
-0.498
2.3299
0.197261
-0.0135
0.4519
-2.9074
-4.7961
-2.6554
-0.3324
-1.30773
-1.5404
3.255
-0.7208
-0.71696
5.4366
-0.405
-0.5435
0.6758
-2.3677
-0.0248
0.1703
-3.02948
-1.0246
3.743
0.976
2.19233
-0.6186
-1.7111
0.4768
-0.3172
1.912804
-2.6721
0.451
0.2534
-0.88071
2.5464
1.32306
0.5349
2.6987
1.3914
0.0124
2.4791
0.4809
0.1363
-0.60891
-2.1487
-1.46339
-1.6357
-1.3306
-4.394331
NA
0.3821
-2.3542
-0.77913
-0.5254
-0.24197
1.0402
-3.21603
3.0187
3.0876
-0.7493
0.5829
0.7685
-0.0698
0.6617
0.2528
-0.5264
0.8784
-0.6121
-1.4519
0.784076
1.318
2.476071
-0.0974
2.3621
1.3057
1.595
-4.667604
-1.4245
-4.5684
-0.736119
-0.5082
0.15646
1.197533
-1.0816
-1.0727
2.7973
-1.464484
1.2144
-1.158988
-2.2991
1.0042
1.436
3.502364
2.5048
-0.7318
1.60096
-0.4812
0.0139
0.034794
0.878868
-2.6199
-0.0191
1.8463
-0.6558
-0.144761
-6.664213
0.15196
0.774049
0.667616
3.51489
0.02395
1.1108
-1.4027
2.704451
-1.2128
4.4667
-3.265773
1.90551
2.207644
-2.6363
0.2104
0.2927
1.2324
1.716
-0.58203
-1.0458
-0.162
-5.05092
-1.4205
2.377
0.6262
1.3831
-2.316894
2.1336
-0.9062
-0.6154
-0.940024
0.15277
-2.19355
1.5109
1.0378
-0.1916
-0.056959
1.8176
1.2488
-1.627574
-0.2834
1.0069
0.662434
-0.967
2.2465
-0.2615
NA
1.2186
-0.7332
0.0611
0.9392
-3.5463
-1.7505
-6.388708
-0.325
-1.624222
-0.1143
0.0323
-1.67017
0.0807
-2.1646
-3.518865
-1.5371
0.709932
2.3411
-1.8826
1.77683
-1.1972
-3.045
0.63983
-0.8864
-3.9962
1.9275
-0.6143
0.6468
0.43834
-3.8549
-0.0482
0.6084
-1.9847
0.353533
-0.264498
-0.7558
2.902567
-1.3571
-0.1893
2.3866
8.3171
1.3802
0.3905
1.9861
-1.4854
2.245
-0.1516
-1.6522
-0.3277
-1.9232
0.2091
-2.8323
3.2367
-1.6679
-0.8011
1.004
0.5923
0.5361
-0.0139
-1.384
0.4101
4.7559
0.4101
-0.0931
-0.8631
2.9014
1.6726
0.6438
-6.1013
-9.74
-2.8264
-0.8877
-3.8529
-3.9191
1.275
-0.666
-0.7516
-0.5594
3.7232
-1.1695
-2.1627
0.1973
1.6522
1.3769
1.6462
-2.55608
-6.6012
-1.2357
-2.2192
-1.68409
-1.0141
1.0345
-1.5784
-0.9757
-2.27343
-0.0421
-1.2806
-0.7728
-3.0478
3.2712
-4.7252
1.5035
-0.7316
1.0793
-0.8202
2.5284
-2.2184
-1.25924
-0.131
-2.3459
-0.1915
-5.0887
-0.7958
-0.6994
-0.55399
-1.0675
-0.55
0.1702
0.69168
1.30138
1.3398
0.139625
-0.7807
0.3507
-0.4888
1.02299
-1.6814
1.13425
0.27225
-0.8219
-2.0248
-1.13094
5.0743
-2.13924
1.3168
-0.1603
1.85411
-0.19531
-0.64951
0.70818
0.36618
0.5129
NA
-0.40352
1.299875
-3.8681
1.1932
-5.1637
-0.24
1.7245
2.6802
1.3777
-0.1192
-6.1139
-1.8783
-3.9221
-1.2323
0.7856
-1.5899
-0.46857
-0.1379
3.2642
-1.0816
-0.1909
NA
2.1417
0.4382
2.6141
-1.3175
-1.8456
1.84606
-0.55154
-1.0283
1.3709
1.0825
0.66171
-1.684
0.8707
-3.1294
-2.3863
-0.23
3.2547
2.3604
1.6812
-1.27053
NA
NA
1.008
-1.4414
0.37796
-1.2282
0.9051
-3.3847
-1.012
-2.5955
-0.4832
1.057
2.3889
0.97187
0.7984
-1.578
-0.892
1.11939
-1.94719
0.13793
-3.9158
NA
2.2245
NA
-1.9403
0.5004
NA
-1.4893
-4.51429
1.3089
-1.8352
-0.9286
0.75258
-0.99795
-3.29668
-2.4248
0.8286
4.8524
-0.3582
0.1569
1.04794
-1.08761
-4.03233
0.31211
-0.5047
-0.20598
-1.7439
-2.2932
-0.43721
-3.66667
-0.8046
-5.7017
2.197
-0.1878
-2.6661
4.1694
-0.1545
0.2123
-1.00482
-0.8481
2.4206
-1.98337
NA
-2.8649
2.6833
1.6687
4.2502
0.69115
1.5935
-0.31859
0.0918
0.9565
2.30551
1.7108
3.22512
-4.00929
-0.1194
1.87898
0.7453
0.22189
-3.23924
2.2572
-2.37151
2.511097
3.3628
0.1983
-0.49233
0.60367
-0.2429
-2.9089
-0.36041
0.1504
1.411
-3.2018
0.9941
0.97652
0.56113
-0.0316
0.183528
-1.1917
-1.2554
0.6198
-0.395
-2.18458
1.7078
2.49939
1.3754
-2.2473
-5.00983
0.4784
-2.03291
NA
14.6145
0.7893
-0.0317
0.07586
1.4404
-0.378
-1.42247
0.3317
1.3731
-1.42467
-0.08773
-0.41224
2.69047
1.7343
-0.0629
-1.6394
-1.5896
1.847489
-3.2628
-0.1762
3.7763
0.21046
-3.0258
1.1646
0.1364
-4.1334
-5.9667
-1.3808
0.8106
0.3448
1.0158
-2.2268
-1.8043
-2.0071
-1.9621
-3.22621
0.763
-0.077
2.1786
1.632158
2.3972
-0.4847
-1.3081
-0.77355
-0.9732
-1.4593
2.3651
NA
-1.3177
-5.3211
0.60973
1.1755
0.5644
1.45347
-1.559
0.1139
3.9086
0.0893
0.83487
-6.959276
-0.8484
4.25091
0.2147
1.583
1.0515
1.0946
-0.876
5.7601
3.3011
-2.5357
-5.4449
-2.9263
2.8259
-1.18069
4.0176
1.3491
-0.416288
-0.6605
-1.6484
-1.251211
3.0017
-3.5034
-2.5343
-0.1896
-2.9124
2.16094
-2.0485
-7.7655
0.4359
4.0351
2.9134
1.4239
0.6793
-7.685843
-2.7757
-5.38672
NA
0.1997
2.4212
0.2121
1.95867
-0.1978
-3.2362
2.6198
0.15761
1.5518
1.4338
1.7373
-1.01072
-2.78689
1.7415
2.0788
-3.0092
1.78118
4.2903
2.0807
0.2913
-1.0142
-0.056715
-0.0933
-1.793
5.18512
-1.6797
1.919
NA
0.8803
1.4168
-0.4141
-0.9827
-0.0068
1.9983
-0.6804
-0.36025
1.5781
2.0611
0.0547
-1.4568
0.1318
-1.7734
0.5498
1.133406
0.017489
-1.9018
3.1057
-4.05386
0.6551
-2.82038
-2.4068
-1.2025
-0.3872
0.899
1.7933
-1.8744
-2.6518
-1.2584
3.5481
-1.01452
3.766023
1.9893
0.4023
-3.16248
0.6097
0.3848
-0.1497
-0.7023
3.3056
1.1107
-1.7941
-2.0162
-5.3013
-0.11949
1.9498
3.1817
1.8992
-1.3808
-0.5588
4.8497
2.1534
0.5842
4.16882
-0.4015
-2.82587
0.2236
-2.1574
3.65944
3.029749
2.5672
-3.9605
-0.7778
0.1622
-0.1212
0.3242
2.1173
1.2272
0.8783
-1.2932
0.8386
4.4576
-2.3475
4.340849
0.2612
0.6736
0.9039
10.7874
5.6899
-2.24802
-0.1941
0.7098
1.8095
4.3947
-2.692362
-2.622942
2.4558
0.4813
-3.8461
0.0623
-1.1073
2.2692
-0.5264
0.276
-0.25282
-2.70764
-3.323742
-1.93031
0.7136
4.9991
-0.22193
-1.1847
3.0367
-0.3512
-1.5329
1.891
0.664
-4.2211
-0.5264
3.673373
0.2994
-4.4362
-1.6387
0.922
0.7833
0.0624
NA
0.41431
NA
1.60514
-0.1086
-0.8187
0.3133
-3.973
0.7779
1.3881
4.6888
1.74016
-0.6275
1.28923
-0.9944
-3.1658
-2.55222
-2.8388
-0.02475
1.1081
-0.51133
0.8493
-0.1532
-1.5223
0.2191
-1.95208
2.9989
-0.95787
-1.34675
-1.14319
-0.9026
-0.91292
1.75441
0.72811
-1.0973
0.1265
2.03943
-0.97275
0.096
NA
1.9969
1.363
-2.8384
-0.9653
-0.9653
0.97581
-5.159
0.1703
0.14921
2.5164
0.87142
3.0395
-1.60422
3.42786
1.3167
-1.4338
0.7958
-3.8157
-0.3631
2.7902
-0.15002
0.5943
-0.9163
-2.07941
1.10738
-2.41507
-0.9439
-0.571
-3.4868
-0.5099
-4.0107
1.262347
