-1.41733
0.1979
1.2723
7.9529
-1.7261
1.00224
-1.0623
1.6502
1.6418
2.1258
1.375
-3.3746
-1.1811
0.56084
-7.2918
1.8613
0.8618
1.0846
-0.6471
-1.30342
-1.0177
-0.5022
-0.27304
-1.6169
1.5568
-1.7895
1.1114
0.494424
-1.9893
NA
2.5123
-1.70907
-11.7418
NA
3.164
-0.2924
9.2655
NA
-1.3202
-0.9973
-5.0145
0.9839
-0.6811
-1.7708
-0.6995
0.1272
-0.134724
1.313
0.021794
-1.112698
-2.9302
-2.0091
1.8312
-5.0899
2.6255
-2.6561
-0.060851
2.345
-0.1289
2.8617
0.6326
3.2293
-1.899039
-0.7937
-0.1518
-2.2293
3.69687
-0.418
-0.8091
1.7515
1.231788
0.9649
3.4912
0.9028
1.42417
1.2339
-1.2754
0.8582
1.6418
-2.5758
-2.319146
-0.8892
-2.5134
-0.5483
-2.510256
-0.348732
-1.7347
NA
0.620553
-0.3906
1.6527
-4.0093
2.4601
-1.17477
-0.4175
1.2211
1.156516
-1.2646
-0.668685
-0.5319
0.6382
-0.6721
1.1787
-1.68345
-2.2224
2.289644
-0.3263
-1.131653
0.1517
1.03669
3.447262
-2.4663
0.5025
4.9898
0.5668
-0.5588
0.5046
1.425
-1.62466
1.0134
0.8506
1.3428
2.4735
0.7634
-1.8373
-1.8581
2.62177
-2.17895
-3.1519
-0.9055
-2.0547
1.4183
0.628961
-1.8734
-2.217
-5.94006
2.7144
-2.42694
-0.8048
4.3638
-1.9558
-0.6991
1.5627
2.375
-1.836536
-1.7112
NA
-0.0481
-2.8841
-2.5555
-0.8401
1.6426
-1.561
-1.0717
1.5863
0.59587
3.7423
1.8872
-0.5157
1.1949
0.6168
3.1152
-0.1867
-1.5328
4.765929
3.435
-0.272
0.0329
3.7384
1.2268
5.66788
3.5236
-1.5595
2.2325
-1.5667
0.2872
2.34576
0.7328
0.248154
-2.512
-4.8393
0.9068
-4.96508
1.8015
0.8015
3.278779
4.306261
0.5187
0.32634
-6.7913
1.0514
1.7284
0.8905
2.1532
-0.499
-1.4833
0.89673
6.0893
1.808
-8.1618
2.253
-1.2584
1.9081
-1.8568
0.5227
0.2885
-1.0603
1.3101
1.69312
-1.5671
-6.3688
-2.1043
-2.0093
-0.6035
2.973
1.146
-3.6125
4.1822
-2.9661
-0.6488
0.3725
0.234
-0.4871
0.1291
2.9823
2.6874
-5.8218
0.3731
-2.4674
-2.477
13.3498
1.3881
-1.5291
1.1838
-4.7558
-1.6319
-7.2874
-2.8142
1.6866
1.3689
-0.7339
-2.3864
-1.6488
8.9488
2.8693
1.2506
-3.9515
-11.0531
-1.275
1.1202
0.1221
-3.0999
2.0877
-0.0223
4.985
3.9367
1.4742
-2.2446
3.8846
0.488
-1.0996
-0.5843
1.1933
0.3083
1.2861
-0.7613
-1.2194
-2.8357
2.7766
-0.022
0.2705
-1.5093
0.8971
0.9669
1.7867
-2.5239
-1.431936
2.10498
-0.6799
2.2138
-1.142129
-1.0472
-1.4853
0.692067
0.322528
1.8013
1.1062
-1.452796
-0.000267
-1.3491
1.4631
-1.388
-7.974528
-5.47246
0.16725
1.6613
-0.5196
-0.3499
0.4796
-1.8869
1.1562
-3.3105
0.8847
-0.7242
-0.6436
0.8108
0.5595
5.5967
14.14
0.2027
-0.919
0.689
2.3151
-0.1803
0.4891
-1.9278
1.8625
-0.7534
1.2229
0.1516
-1.2052
1.1654
-0.7445
-3.4496
-1.008
1.9274
-0.8472
5.9712
-0.335
-0.4942
2.5451
1.1722
0.1137
-0.2114
2.4305
0.2541
-0.5382
1.8789
0.4271
-2.4177
2.3505
-0.0627
-3.5845
0.3225
0.8149
0.6406
-3.5195
0.0923
-2.0646
-1.8795
-1.4584
-1.5118
-0.2146
-4.8893
0.8277
-1.20744
-1.4798
3.1479
0.2189
-0.7484
2.5311
0.35513
-3.97558
1.12345
0.18939
1.58593
-3.67432
1.76009
3.27165
-1.2491
-3.4015
-0.7978
0.74461
-0.7234
2.89649
4.78854
-3.26015
-1.13424
-2.3779
-1.84172
-6.0237
0.99308
6.2913
-0.8574
-0.8801
-1.61609
-0.3128
-1.0675
-0.5939
-9.8801
-0.543
-1.2422
-0.8496
-0.3355
-0.7902
0.1709
-0.1194
2.1808
3.4071
-3.7153
-2.3612
-1.3253
-0.6956
3.296
-0.1777
-2.8627
1.5765
-0.0668
2.7681
-1.7664
-3.07164
2.44822
0.19244
-3.26133
-1.85345
-0.82852
-0.35651
6.31825
2.8645
3.66619
1.15523
1.4817
0.0267
0.13133
-2.70409
1.65332
-1.1742
-3.6333
-0.8025
4.2473
-0.1714
-1.0251
1.3316
1.6172
0.2569
-0.4764
-0.3858
1.5759
NA
NA
-1.2759
NA
2.3705
1.7797
-2.9964
0.0801
-1.8915
1.8237
-0.5459
1.3666
-0.2597
0.2336
-2.9353
7.3303
-0.3866
-1.0438
0.9138
-1.0734
-0.5251
-0.7793
-3.1846
2.7794
0.6186
2.2285
-0.7143
0.2753
0.6921
2.462
11.1812
-0.4915
1.6034
1.486
1.9083
5.873045
-4.162996
-1.302533
-0.359357
-4.9888
0.8981
-2.244993
0.165149
1.773708
2.685209
3.5778
-2.079694
-2.632652
3.040839
0.888995
-2.634913
2.715726
2.509771
-2.694
0.2041
1.503156
-2.8948
0.6426
-3.659574
0.5027
1.59656
2.093498
1.7977
-0.5601
-1.603046
1.5264
1.8855
0.350593
-0.655471
2.994
1.43323
1.178846
-0.543401
-4.9319
2.755535
-2.7464
1.57855
-1.8908
-1.5297
0.3243
-0.3636
10.8179
-0.970803
0.0229
0.0744
-0.044167
-0.4396
-0.141
-1.3107
1.155
1.5797
0.0276
-0.9701
-0.2196
2.1029
2.432
-3.376232
-3.5929
1.1652
-2.29511
-0.66509
1.0074
0.328
0.36265
-0.1979
-0.00367
1.436
-3.2863
2.7615
0.4589
-0.4597
1.2213
1.1743
1.1883
-3.2597
-2.6494
2.964391
0.309897
-0.496385
2.6925
0.5325
-0.8361
-3.4763
-1.5778
0.1985
-1.6705
0.0411
0.33295
4.2559
-0.3769
0.1821
-1.53977
3.28611
-2.39739
3.0721
0.098905
0.855
1.2108
-4.493
4.4196
-0.5653
-1.9065
2.332535
-0.4859
2.0752
NA
NA
-0.8195
-4.0154
-0.6769
0.1017
-0.9706
3.6991
0.1748
-1.88986
6.815164
0.888018
1.490086
2.3458
-2.2994
1.3212
-0.8156
-1.553
0.4996
2.977
1.5861
6.1896
4.0375
1.1337
-1.372
1.77826
-0.9418
1.1075
-2.21569
-0.755
-4.1265
-0.1943
3.1135
-0.107089
-1.047976
0.7954
0.4631
-4.9144
0.1451
2.4679
4.7014
2.8514
-1.15024
0.69725
2.582639
0.0736
0.8787
2.3175
-7.7034
3.3285
-0.2683
1.5335
5.3646
-2.8125
1.4487
-0.7169
4.0566
-1.165
-0.8311
1.5587
-2.0298
-0.656224
1.5978
-2.0437
1.4742
-1.6669
-3.3717
-0.1001
-4.8551
-0.828883
1.2095
-1.8211
3.0044
-0.1305
-7.2087
-1.7325
-3.495
-3.2957
-2.5479
-0.5393
0.7806
-1.5816
-8.6038
-1.71368
-1.6062
-3.9877
-1.220511
-1.51746
-1.842953
-0.224869
-1.0331
-3.6745
0.2782
-0.8797
-1.26221
-3.4415
-2.975224
1.4249
-0.3588
-2.9055
2.224992
3.194
0.221
3.117711
-4.276006
3.3222
0.6446
0.812864
-0.179
-0.99012
-0.3363
0.7886
-6.903
-1.9628
-1.8022
2.1797
-1.4299
0.8487
1.9727
-1.3607
-1.3358
-2.2636
1.5704
0.5275
2.5568
-0.8152
-0.806
-3.377357
-1.569
-2.21788
0.8295
1.378962
-2.2667
8.2551
0.521
3.3032
2.2099
2.0857
-4.4356
-4.6772
-1.1105
-3.9922
-0.5916
-2.1385
1.3599
0.4068
-2.8388
-0.0652
0.44061
0.8918
-5.5261
-0.27596
1.3798
0.237662
1.43246
2.118
-1.885392
2.208375
0.417184
-0.0934
1.04695
-0.4769
0.0232
-0.4183
1.209
2.6181
-0.7845
3.5728
0.4367
-5.5439
-1.8569
-2.8072
-0.6338
0.73347
-1.7269
-2.016863
1.1321
0.000228
-1.67942
0.4374
-1.0623
0.5109
-1.723
-3.2211
-3.2932
3.4393
-1.6137
1.814
-0.4498
0.4128
0.0139
-2.7596
-1.3049
-0.4827
NA
NA
NA
NA
0.4281
0.6833
-3.3063
1.3888
0.0275
-3.6172
-4.0657
-0.5975
-3.7245
1.7557
3.1766
-0.761891
-2.718149
0.403106
-4.207538
-3.4071
0.174839
-1.6904
1.9116
0.670513
0.1047
-1.21379
-0.7372
-4.0623
-1.5038
-0.7525
-1.307482
-0.205706
-0.4532
1.3124
1.077
1.1661
-3.2766
-0.8854
0.0699
0.7431
1.2485
-4.0851
1.0132
1.9326
-1.728
0.9027
-0.5963
0.01566
-4.9145
5.9248
1.6144
0.89793
-0.8038
0.3988
2.55885
-0.216
4.3528
0.3079
2.8729
1.2115
1.7279
-2.3147
1.8582
-4.1028
2.3794
-0.6145
-6.5491
0.6993
0.0146
1.6653
0.052987
-1.614779
8.24992
0.2972
0.367453
-2.206901
-4.07013
1.10758
-1.19221
-1.56272
0.50286
-1.05931
0.36913
1.41461
0.6539
-0.984
0.4878
-10.18298
3.56193
-1.0736
1.11539
0.02039
-0.47667
3.68965
1.1894
-3.4463
-7.80507
0.3896
1.6342
-0.0582
2.732
1.3467
1.0391
-0.5458
0.2497
-7.5444
-1.155
1.7151
-0.1159
0.768062
-0.557419
0.595
-0.491935
-2.47922
-0.64576
-1.4029
-1.466
0.6609
1.4303
-0.6505
0.654511
3.309441
-1.870198
1.135616
8.87986
-3.111846
1.069926
1.362107
0.130384
0.940188
2.6645
-1.66572
-3.777828
0.422112
0.053786
2.059346
-4.253059
-1.873977
0.510027
0.572795
-0.888219
0.785039
-0.9307
0.1421
2.7434
2.7453
-3.1622
0.7819
-0.5354
-3.3382
1.7136
2.2254
0.4941
-0.2774
-7.7772
-2.7404
7.8277
2.4636
6.7236
-0.4937
4.1778
0.1428
0.7095
-1.6041
NA
NA
-0.7915
-2.7473
-0.3563
2.556
0.8976
-0.3172
0.4146
-0.995
3.4073
-0.521
-2.8162
-3.6601
-2.2866
0.9801
2.9578
-2.245
-4.1769
-1.0367
-1.4819
3.0852
1.8563
4.1241
1.4955
0.1005
0.33762
-0.6833
0.11154
-0.1338
0.9316
0.6278
1.9704
2.2133
0.0087
-0.4516
-1.2122
1.7834
1.696
0.1058
1.6707
0.6081
1.3428
-1.1807
-4.2869
0.656958
-2.5623
-0.93876
-0.7229
-2.7388
0.0767
0.4373
-1.154
1.94961
-1.7846
2.1421
1.814
1.2292
1.98094
-0.48234
2.616504
-1.547
0.1651
2.00403
-1.0777
-1.1307
-0.571386
1.156938
1.7792
0.6053
2.53432
4.1155
-1.396
-2.2702
0.1711
-0.4505
1.41559
-1.809
0.9296
1.2337
-2.1939
1.2617
-0.1076
3.1983
-1.074918
0.4353
0.62338
-1.109879
-1.2716
1.22987
-1.2803
-0.2108
-0.9197
0.2305
-0.7625
-0.3167
1.7901
1.1336
2.73968
4.1632
-1.8585
-1.5528
-4.4356
-0.0855
1.6784
0.4527
0.74029
0.3741
3.0128
0.1159
0.2588
0.99578
-1.025
-5.3802
-0.4154
0.293628
3.433965
0.487559
0.9219
-0.841
-4.432372
2.6947
-5.5424
3.146397
4.256317
2.3417
1.6569
-2.3418
-0.3204
1.6003
0.9619
1.960063
2.01011
0.5835
-6.2213
-3.3541
2.1751
1.02
2.5953
-1.2304
-0.321158
2.1011
0.0013
2.6805
0.9423
-3.17761
2.1036
4.2211
-4.0154
0.8412
-1.671478
-0.853
-2.1132
-3.8643
-1.0185
-1.6579
0.7207
-0.4257
2.6684
-0.1388
-0.2715
5.5809
-5.3101
-1.7416
1.7509
2.7861
-4.3466
1.0783
0.3874
10.4359
0.000446
0.7851
2.6187
-1.3333
-1.2984
-1.2237
-1.1108
1.6412
-2.3008
12.5201
3.3703
-3.2229
-2.0681
-0.5645
1.8512
0.7751
-3.378
0.4299
-2.937481
-1.752362
2.326
-1.1456
1.4111
-4.9479
-2.399858
0.3097
2.961093
-2.404736
-1.8908
-0.566999
-0.039778
-0.840869
1.22385
0.8037
0.6668
-3.437801
0.903358
1.1128
-0.105843
-1.592271
0.1383
4.585989
0.079475
-0.3382
1.117941
-0.656149
-1.3519
-1.052448
2.9957
2.304
2.0613
1.664227
-2.7064
0.1797
1.0861
-1.12299
1.927
0.2045
-3.428
1.9299
-0.7058
0.9438
2.9235
0.6787
-1.8976
-0.7266
-0.3636
0.4281
-1.1278
-0.9362
4.433
0.5919
-1.9926
-0.944412
-2.1204
6.2121
2.0563
0.4005
0.1877
-0.3913
2.4
-1.5693
-1.8887
0.2602
1.4129
-1.7493
1.8051
2.7035
-0.6843
1.1011
3.126
-1.643
0.3981
1.2119
1.9828
0.0906
0.9897
1.2706
-0.8311
-0.6968
1.44
-2.5243
-2.7803
-1.9212
1.9197
0.695
0.2417
4.0864
-1.5674
-1.8938
-2.3783
0.9618
1.4164
4.617
1.0196
-0.0462
-0.4535
1.1031
1.7598
0.9625
-1.4845
0.71573
-0.20852
1.11
3.41466
0.3428
1.5641
2.48902
0.0486
-1.4861
-1.7735
0.3782
-0.5985
-1.143
2.3293
-3.5878
3.9533
-4.6286
0.27307
6.5016
-1.9498
-3.489
-0.00725
-0.1798
-0.2934
-3.3658
-1.9608
1.4123
3.8656
3.267636
1.65446
-2.7754
2.1565
-4.3529
-1.7371
2.2512
2.6613
-0.0933
2.4441
-0.688759
-0.5106
1.2597
-2.7536
-0.6714
-1.3357
1.0355
-8.8191
7.2874
-0.2746
0.5859
-1.5031
0.789254
-1.6993
0.9104
-0.7964
6.834285
-3.515531
-2.86723
-1.4603
-0.7043
2.8842
-1.7903
1.4214
2.4733
0.7274
0.6209
0.0145
2.4552
-2.6643
-1.4868
0.5262
-3.5719
-1.614
0.3542
-0.3435
-0.017191
-2.5377
0.9209
-2.2765
-3.2146
-0.726159
0.3509
NA
-1.0251
-0.557036
1.3947
-1.733599
0.0185
-0.3935
0.19471
0.5711
-1.19168
-2.215
-1.7039
-0.6457
-2.199
1.545756
-2.0416
2.0754
-3.6359
2.1627
-6.8423
0.6915
1.0602
-2.8904
3.9042
2.0496
-4.8154
1.127128
1.053278
0.4161
-0.380585
-3.028167
-1.1152
0.52262
1.255953
-0.7656
-3.4471
2.5864
-2.9626
0.8236
0.9745
-0.3634
0.5537
1.1688
-1.5222
-1.9117
-0.6545
2.1134
0.3925
-3.8004
0.1624
0.925
0.7684
19.554
-1.1656
-0.1134
-2.079193
0.28413
-0.4279
5.2177
0.67425
-3.2234
1.5112
-2.269649
1.5915
0.0708
-0.6441
2.5293
-1.5416
2.5217
-1.1073
-1.3503
2.774
1.4693
2.1113
-0.292767
0.28298
-4.67517
-2.3317
0.6217
-12.7189
0.5099
4.3077
0.3924
-9.1974
-1.67862
-2.3081
1.6453
-0.3251
0.5356
-2.7695
0.234
0.69709
1.19503
0.83245
1.1477
-3.8485
-2.5607
-2.0579
3.0525
-1.1611
2.4042
-0.6996
0.9689
1.1337
0.2636
-2.1087
6.445567
-0.4846
1.2248
-0.353482
2.301813
2.414
2.9449
-0.0718
4.9826
-1.8907
1.514
-5.3706
-10.0685
-10.2108
-10.1946
1.8553
3.547
-0.2705
-1.6391
0.5688
0.4698
-0.3029
0.59225
0.957496
-6.2556
-0.6971
-1.1598
-0.0641
-2.5594
1.2822
0.0568
3.1454
-2.87155
1.0649
-0.0473
5.2389
-4.3093
0.2881
-2.9917
0.0105
2.429442
1.621628
-0.6109
0.3405
-1.5537
1.7949
-6.402
-2.7764
1.1021
5.4586
-0.59388
3.0646
0.8225
-1.6192
1.7367
2.2852
1.2508
2.7708
0.2396
2.80016
-0.421245
-1.71022
-1.6222
-2.0968
0.6481
-1.28431
0.15603
1.0653
-0.2475
-3.0358
0.5714
-1.4993
5.5254
-0.0171
-0.456227
4.8754
-0.2455
1.6093
-1.3223
-3.0689
1.4936
1.2937
0.3294
-2.6288
-0.1192
0.610229
0.068686
2.6702
-1.7923
-2.3352
1.249
-0.5183
-1.6318
-0.8178
2.01837
-0.779194
0.1617
4.5236
-0.4702
2.85834
0.2966
9.8111
-2.4791
-1.25549
0.5764
2.6944
NA
1.483717
-0.2755
1.4982
-0.96141
-2.8119
1.7733
1.47005
-2.0082
0.1403
2.353971
1.4122
-3.9649
2.68127
-0.6275
0.53346
-0.1087
0.97805
1.5352
2.1114
-0.1287
-2.367
3.9255
4.7596
-1.2609
2.0794
NA
0.7543
-3.1229
NA
-1.9653
-0.40276
-1.3364
2.3211
-1.117129
-1.519245
-0.76034
-1.11455
2.0894
3.7857
0.9365
1.229
3.3032
-0.7112
-2.5876
0.5906
-2.64607
0.9627
1.72643
2.3178
1.905
0.7884
2.6951
1.1102
-1.70322
-1.2066
2.7179
-0.3099
1.6467
1.62058
2.3035
-3.588
-2.1906
0.019
-1.756528
-4.913877
-1.667087
-5.0054
0.9534
10.91221
-4.4251
3.881838
1.2284
0.9072
3.1558
0.5749
-0.1102
-1.5482
-0.4709
1.0383
-0.22267
-0.406
-1.6836
0.2143
0.309306
-9.6606
-0.6985
1.5358
-1.146
2.3254
1.4388
4.7888
-1.959
-1.2246
2.19165
-0.4381
6.6824
-0.1961
3.5327
0.6761
3.516
0.533902
-1.1533
1.2234
2.4245
0.0587
-2.7274
1.6177
1.822748
0.0477
0.88878
-2.4907
-0.5799
-1.9118
0.103036
-6.957352
4.298939
0.230855
-0.48003
-1.5776
0.3419
-1.316
-0.931437
-0.6023
3.9985
5.1923
0.1204
-0.0875
2.67
-2.08397
1.0975
-1.3236
2.5482
-2.113989
0.0704
-1.4687
0.7022
2.5292
2.0702
4.9785
-4.139
-0.205841
-0.099
-0.133435
-0.151615
2.0773
2.584
-1.0003
NA
0.0314
-0.5354
-1.1992
1.631671
3.3943
2.1247
-4.12649
0.2049
-2.022756
2.3369
-1.5402
-0.3563
-1.896197
-3.7992
1.093581
NA
2.317
-2.24967
-5.5744
1.9895
-0.65598
1.7893
0.15853
1.0266
2.7465
2.3114
0.4343
2.6353
-3.831909
1.66298
2.7143
0.0826
0.8907
0.3336
2.8643
1.542321
3.7656
0.7196
4.10345
2.4269
1.4588
-2.8965
1.29466
2.5475
-1.79955
-0.5818
7.480298
0.0477
-2.2165
-0.5494
-1.0513
1.2009
NA
-1.416
-0.331039
-3.2502
0.0804
-0.563
1.5668
-1.2068
4.9806
-1.0856
NA
0.1413
-1.5421
3.5425
-0.6389
-0.47
1.94
-1.52598
5.2371
1.4742
-0.1091
2.12803
1.944
2.5699
-1.6173
-3.933
2.5853
-0.0831
-3.4552
NA
2.3815
1.1327
-0.4704
2.7701
2.2528
1.926
-1.4967
-1.2267
-1.1913
-2.4185
-1.3901
-2.4089
-5.4209
-1.213082
-0.7822
7.0789
1.8146
0.2125
0.3337
0.032185
1.3029
-2.74948
0.0641
7.3929
1.8563
1.6608
-2.3158
-3.9953
0.01552
3.6319
-2.1767
-0.1836
-0.344
-0.9679
2.2457
-1.63223
0.367
-1.129594
1.6395
-2.1177
-2.4689
5.578638
0.9319
-2.8291
0.17262
0.7997
NA
-2.2875
1.4538
-0.5701
-3.1528
1.3705
0.5379
3.3706
0.7192
0.173717
-0.5315
-0.7668
1.94088
-0.9887
0.93112
4.9415
0.5535
-0.7047
0.116122
4.63223
0.1707
1.1963
-0.4328
-0.9112
-2.7767
-1.0332
0.075636
2.5184
3.098913
-0.7054
-0.628462
1.8052
0.18171
0.8352
-0.07126
NA
NA
NA
NA
NA
NA
NA
NA
NA
NA
NA
NA
-4.825
NA
1.9584
NA
NA
NA
NA
NA
-2.82765
1.127
-3.1763
0.107
0.8095
1.6287
-1.2535
2.261
1.08
-0.1938
0.4392
0.2892
0.67105
-0.3425
-0.4561
-2.584
3.0533
-1.2909
-0.0693
-0.9875
0.4976
5.6915
-2.4632
5.0985
0.4929
2.3605
-1.8513
1.0577
0.6108
0.5571
1.3303
NA
NA
NA
0.6839
-2.3683
3.525117
0.0751
0.1157
1.68
1.8047
-0.2898
1.8608
0.43179
0.81826
-1.9756
-0.182941
4.2576
8.67574
3.5002
1.167619
1.4317
-1.2133
0.8732
-0.9086
-0.436118
1.9584
-2.51768
0.3864
-4.3069
2.4847
-1.4803
-0.1394
2.4248
0.578533
-0.2494
-1.1583
NA
-2.1271
1.54
0.9994
2.704635
-1.2239
-2.2907
5.3541
-2.25039
0.0217
1.2655
-0.4222
-0.71593
-3.5343
0.0804
-2.2755
-4.23004
-1.30903
5.252925
0.6639
-1.8124
NA
NA
-3.4268
0.5198
3.65282
1.7015
-0.2845
0.5006
NA
1.1171
1.2213
0.8602
-0.419
0.4259
-1.7285
-1.005705
-0.379113
0.701218
1.5209
NA
-2.8928
0.942
0.1179
3.6679
-1.9171
NA
6.503462
-2.8067
2.281892
0.3971
-3.0886
0.6816
-2.6518
3.6237
NA
-2.281
-1.354
-2.2327
-4.7892
0.2342
2.071479
-1.3537
1.02369
NA
-0.021287
4.0838
0.8773
0.11431
-0.0583
1.26216
-0.165368
-1.4232
2.5636
-0.6879
NA
0.8194
0.64
-2.2845
-1.396863
NA
-0.401067
-2.7279
3.8177
1.2193
0.52007
0.359
NA
-0.2596
-1.2569
1.416413
1.5513
1.0132
0.9448
-0.7613
-2.0646
0.1226
-0.3245
1.371253
0.3859
-1.675
-1.73738
2.6712
0.2927
1.738
-2.729866
NA
-1.3694
-2.6561
-1.870235
2.375
2.7097
0.349493
0.196952
0.986044
0.281
-0.057191
-1.3914
NA
-0.8916
-20.77987
0.1136
-3.213155
-0.64714
-1.3871
-1.48752
0.7882
9.1407
-0.0195
0.118
0.0795
-3.6429
-1.2046
1.9539
0.726276
1.7178
1.526243
0.8239
-3.852
-2.7326
NA
0.561377
-0.876
0.3997
NA
-3.6641
-4.3383
-2.8119
-0.453153
-0.038573
-3.5042
-0.7908
0.4058
4.3821
1.2681
-2.4811
1.9895
-1.7995
-1.306
0.4118
0.3281
1.717951
-2.342
3.9134
2.3218
1.1807
3.7439
1.884
-0.67439
-0.6805
0.1597
2.0154
NA
-0.0863
1.7311
3.0092
0.477
1.1419
-2.5746
-0.92432
-3.3897
-2.9569
1.5172
1.6836
0.877074
0.2843
NA
NA
-6.3773
-0.387653
-3.8808
3.5833
1.335
-6.3231
-1.15634
-3.1674
-0.3417
0.4192
2.9713
-2.75601
-1.7139
NA
-2.2515
1.4825
-2.104027
-2.4405
0.4889
1.9969
NA
0.2384
0.1428
1.92436
3.0874
-1.6422
NA
-3.0901
0.4663
-2.7317
4.5258
1.783291
-0.9776
0.354292
-2.926839
4.328722
0.340503
0.80158
2.7402
-0.57405
0.3959
1.0525
-1.1625
4.1633
-1.4919
-2.0248
NA
0.6274
0.7278
0.2426
10.954
-1.5627
4.5661
8.0323
2.2866
1.9098
-0.524944
6.3394
-3.5754
-0.1035
-1.100238
1.491972
-1.0942
1.8539
0.9236
0.5639
-5.20867
1.4114
-0.9078
-2.0485
5.2878
-0.254639
-0.157
3.9504
2.6114
NA
3.7523
1.0511
1.3653
2.4071
1.1403
0.786491
-0.030857
2.5063
-1.5763
1.4828
0.7438
-0.087
-1.0952
NA
-2.9616
-0.1851
-1.5888
-0.668
0.8981
-4.6475
1.9672
NA
2.98057
1.6877
0.392
-0.890559
2.0325
1.022992
-0.8263
0.460279
4.2211
2.6557
-1.0209
0.0587
-3.752697
-0.2286
-0.5121
-3.7839
-0.2011
-2.325
-1.8335
1.0291
-3.4865
0.0812
-1.741
2.3916
0.1164
-1.1322
-1.5498
-0.099481
-1.236754
0.8412
-0.9278
0.50253
-0.9832
NA
1.8728
-4.287335
-5.514
NA
1.848264
0.1852
-1.89085
0.595793
0.2251
-1.01896
6.2934
2.591014
-0.435366
-0.103508
1.447343
0.1548
-0.722
-2.1897
-1.673929
-1.3146
NA
1.48495
0.5451
-0.1981
-1.2545
0.938896
1.6686
-3.1817
-0.1765
-2.6659
0.8353
-0.5548
NA
-2.0884
-2.9749
1.6303
-2.001501
-1.7896
-0.38042
-1.376
-1.6672
-2.375207
1.75717
-0.5555
-3.007
-2.33348
-1.5054
-0.0682
-0.75713
-1.126
1.8242
-3.2443
NA
0.284654
1.3015
0.9887
-0.2899
4.7316
-0.9588
0.346794
-0.8552
2.6459
0.9546
1.593995
-0.5387
-2.3225
-0.9081
-2.3598
-0.327
1.9029
3.5701
1.9969
-1.638
1.436732
1.0066
3.1817
1.9902
NA
1.25257
0.0904
-1.877898
-0.8003
0.1206
4.4356
1.101
-1.0327
2.518
0.4059
-0.5404
-2.1166
-0.9007
4.96806
-9.497
NA
-2.60798
2.1492
0.55
0.808
0.5039
-0.358
6.417
2.4319
3.9157
-0.896
0.9423
0.6642
-0.822
0.1584
-3.306
10.0266
0.725219
-0.7461
-0.611743
0.0729
-0.1081
4.2048
-0.0743
-1.9583
-2.9582
-1.75188
-1.6206
-2.4867
-0.622
-4.96191
0.1871
0.2939
-0.0443
2.2552
0.1998
-7.7078
-4.229
6.9703
-3.1858
2.8319
1.173
-1.2186
0.7875
0.0519
-1.0006
-0.2641
0.7124
0.8778
-1.7101
-4.9639
1.0183
-0.3216
0.5282
-1.4764
-0.125
-3.4467
-1.345
0.2948
5.196304
-3.199
0.6688
0.3092
-1.0675
1.3378
0.7637
1.5967
6.7573
0.1901
-0.6933
-0.8041
-0.2469
-4.3777
-0.4141
-1.3556
0.3135
0.8382
-2.755
-0.3751
-0.3452
0.7809
-0.095816
3.2857
-1.9923
-4.412
-0.1095
-1.3943
-0.0827
3.4913
-0.0368
0.6948
-3.5207
-2.9865
0.2506
1.2252
1.2449
0.9462
1.0484
-19.554
-3.0826
0.5404
-0.4909
-0.4572
-0.6277
3.2299
-0.054
0.3097
-3.0064
1.1215
-4.229
0.9546
-5.0031
-2.6311
-1.22
-2.245
2.0636
1.0874
0.7502
-1.197
4.3286
-0.488
-0.0273
-0.8565
-0.2527
1.241
0.4776
-0.1723
2.1617
-1.4448
-1.6414
-1.7269
0.2651
1.9235
0.7206
-0.9335
0.4404
-2.0414
-2.3052
-4.0304
0.8958
2.5124
-0.86204
-0.99968
0.61196
0.72951
-1.5327
-3.7376
-0.1641
1.51159
0.4392
1.055
-1.51372
-1.05269
-0.8238
2.8929
-2.4602
1.99873
0.47977
3.6545
-0.28036
0.102933
-5.14894
1.1793
0.106835
-2.4047
2.0926
1.57882
0.717826
1.4846
-0.2893
-1.8647
-0.3337
1.2824
-2.4849
-7.3541
-0.3895
-1.1314
4.8009
-0.8593
1.3181
-2.9519
-1.3548
1.5172
0.3304
-2.5988
-0.2953
-2.4326
1.1636
-0.4038
-0.5069
-1.0035
-0.9803
2.3494
-4.037
0.9214
-0.732
-0.3318
1.601
3.484778
1.34535
-0.9638
-1.726124
0.9955
2.6011
1.0506
-0.125061
-1.3361
-2.8251
1.454
-2.306162
-1.1762
3.2171
-0.4649
2.824097
1.394385
-0.750185
-4.8977
-1.4209
1.6425
4.7887
0.1062
0.1703
-0.5337
-1.994
-1.2463
0.7615
-0.1943
0.9186
-3.272397
2.722006
0.1363
4.1598
-4.36736
-2.3065
0.9214
-0.1679
2.6542
1.5264
-0.43908
-3.5112
0.8288
0.0216
0.111848
0.7331
1.48403
-4.2211
-1.0318
-0.1013
-0.28322
-1.5011
-1.7935
1.6284
-0.268147
-0.596356
1.627
1.0042
-1.63003
-4.2211
0.5072
1.555
-0.720203
-4.2211
-3.66007
1.77289
1.346509
1.2985
0.92672
3.94705
-0.0586
-0.15581
0.03654
-2.86303
0.13335
-0.6423
-0.58655
-1.7461
-2.5883
-1.77484
-0.93481
5.2252
-0.73124
1.3899
-2.9376
1.17972
0.7561
3.5333
-0.9404
-1.2937
6.78
-0.706
-0.2509
-1.43837
-0.23992
1.2794
1.638
-0.00961
1.229
-0.40094
-0.181
-1.6462
0.8458
-1.91
-0.2671
0.8676
-1.5021
-2.4769
1.0732
-1.3097
-2.0171
1.5815
4.214
-0.188
-0.8684
2.8073
-0.9955
-1.3582
3.2151
-1.5288
2.7701
-1.614128
1.0497
-4.536
-0.0972
-1.6786
0.5938
-1.423219
-3.2498
1.54809
1.5035
-0.2998
0.5962
-0.1915
0.365
-0.2153
-0.9862
1.601
-0.796569
2.4952
-0.6316
-0.019674
0.3996
4.757506
2.5959
0.18736
-0.347709
-1.2935
-1.02323
-0.7697
-1.6214
15.1022
0.158
1.51188
-0.89601
0.1908
-0.8305
0.248448
NA
-2.8307
1.53815
-5.0086
-1.9682
2.1611
-4.19235
-0.1074
2.5475
2.0904
0.1511
0.0518
-1.7159
1.000711
-2.549901
NA
NA
0.4846
1.5485
-4.268
1.0029
1.177431
-6.7349
NA
NA
0.7049
-4.3636
0.5591
-0.4039
1.5248
-3.062322
0.5209
-2.618074
-1.8167
0.0915
-0.3568
-4.4189
0.03093
1.7531
0.9361
0.1061
-2.771274
-0.33792
0.1053
-0.05557
-0.172985
1.4445
-3.3945
0.8888
1.1464
-2.0541
3.298039
0.7455
0.5576
NA
0.97
-0.8793
-1.926
1.9371
-0.1162
2.588304
-3.3911
-3.125
-1.5323
-1.0665
-1.196
-2.7367
-1.1851
1.0158
-1.9621
4.202
-0.2787
2.51686
-1.02554
-1.3081
-0.3021
2.69686
2.1112
0.05712
2.5445
-2.5319
0.7049
3.4357
1.7877
-2.9155
1.2193
-0.9048
1.055
-1.73219
2.049
-1.03184
3.1076
2.2244
-7.6645
-0.18688
3.9426
-0.49512
-1.4409
-2.4237
4.754108
0.1036
0.3877
0.2828
0.6513
1.4338
2.236532
1.81393
-2.3374
5.4048
-1.8792
NA
1.1704
5.081
NA
6.943409
1.944363
-0.1409
0.9109
-0.874855
-0.44913
1.0324
-2.3859
-2.13251
-2.4008
0.4098
-0.3267
-1.695452
-1.8242
1.4123
-0.54061
1.99238
1.013
8.4818
1.7473
2.07238
-0.50716
-0.14198
-2.1574
2.4679
0.1446
0.1937
0.6168
0.8434
0.1277
1.7641
-0.2929
6.095
0.8195
-2.38775
0.9264
-0.6036
-0.9742
-1.2304
-3.0666
-0.652887
0.4416
1.7473
-2.76043
1.4481
NA
NA
-0.9772
1.3881
3.9283
-2.816
2.3161
-0.10598
0.9773
1.0688
-0.4844
0.8868
2.8251
-2.0653
-1.8971
0.1072
1.5368
-0.9367
0.6695
0.3615
-1.0336
5.2735
0.0546
NA
1.9969
-0.8185
1.853
-1.6681
1.2128
1.4055
-1.309395
2.0363
-3.3894
-0.613659
0.8488
-0.48402
1.365839
3.275751
