1.8512
-1.431
-1.8836
0.45529
1.23158
-1.74953
-0.221
0.52247
-0.0341
7.9529
-0.8668
-0.27289
0.8067
-0.11959
-0.5051
0.5819
-0.7123
2.2087
-1.93405
1.50201
0.2048
-1.6902
2.3047
-1.49365
-4.95894
0.7896
1.84713
1.45515
-2.75541
-0.1441
1.75483
0.1591
0.7312
-1.55894
1.6418
-2.0989
-0.8444
0.199
-0.7237
1.49437
-0.36202
1.98553
-2.17736
-2.6269
0.02962
0.2037
-0.6604
-1.1811
NA
3.4194
-1.88101
-1.01571
-7.26247
1.8684
-2.57584
3.25379
-2.34327
-0.991
-1.9984
-0.6348
-0.2882
-0.1525
1.8553
0.9078
1.53801
1.6905
2.23624
-0.33077
-1.4704
-2.4867
-2.0414
-0.5579
-1.6708
-0.1814
-0.25615
1.736
0.826
1.36572
-4.5876
-6.5971
-1.5978
-3.758338
0.4022
NA
0.323058
-4.1978
2.7266
-0.3184
-0.4501
-0.2152
0.299814
-0.136
-5.0796
-1.9188
0.8647
-0.53865
-2.9432
-0.0848
1.36986
-0.80324
4.5899
-1.23571
-1.0648
0.51551
-0.2521
-2.6499
-0.9605
-0.1019
0.51853
-0.2518
-0.5793
-0.20233
1.1348
0.0575
1.01278
1.9037
-0.6867
-1.28101
-0.5813
0.82519
1.087
1.3009
2.8596
-0.3061
2.2216
-0.6588
-3.1297
3.3813
1.1594
-2.597
2.2249
0.46407
0.3582
0.6864
1.2026
0.0307
4.1868
-0.1412
-5.0342
3.7446
0.3354
-0.4765
-3.6296
-3.7827
2.5063
1.1609
2.71498
-1.1832
-0.8501
4.4841
0.5654
0.6318
-1.7061
3.3195
2.5974
0.8559
2.527375
2.3539
-0.3571
5.3816
-0.3382
0.7495
-0.31181
-0.2888
4.0417
-0.89988
-1.1966
-0.4535
-12.20638
-0.8992
2.5154
-1.33083
1.0507
-3.9615
11.59262
0.8095
-0.99361
-2.5095
-6.7987
-0.219
-2.10591
0.4972
-1.2192
1.8945
-0.5517
-1.5236
-0.6843
2.0679
1.0378
NA
0.5987
1.9924
1.1729
-0.73706
1.4739
1.79686
2.153
0.7204
-0.5071
-0.7797
-3.475
2.7319
-0.89848
0.0136
-0.2435
-0.6094
0.20356
2.18415
-1.2559
1.2669
-1.5753
-2.1194
3.5559
-1.3673
1.12058
1.1298
-0.1532
2.1911
0.59172
-0.77635
-2.4274
-0.67947
-1.4405
-2.24926
1.00191
0.60524
1.0439
-0.16052
0.3441
-0.8619
0.4446
2.4897
0.26872
0.2292
-1.3762
-0.8372
0.7184
-0.04424
1.7713
1.1035
-0.3341
0.79647
-12.6511
-1.06888
-1.6877
0.0396
-1.94975
2.6704
-0.4479
1.8138
0.430463
1.8725
0.07823
-1.8515
-1.30017
-2.8102
-2.3837
3.1068
1.97494
-0.25958
-1.6562
-2.9123
-2.204901
-3.3726
-0.0107
15.1783
0.4008
0.6493
2.3584
0.4696
5.09574
-1.18315
4.8922
1.75721
-7.9861
-0.3524
1.1741
1.09598
3.56882
0.0965
-0.5266
-1.73
-0.21568
-0.9239
0.67471
2.3533
-1.5919
-2.12573
0.29107
0.484
0.533
0.612
NA
-0.27405
-0.6564
0.506346
-0.12895
0.9622
-0.62609
-1.31139
7.8054
-0.04595
-0.2197
0.5252
1.9439
3.0448
0.090641
4.10625
0.93636
0.6208
0.4761
0.2957
-1.3296
3.28321
-3.68449
-2.513
-5.78897
1.4754
1.49176
0.5976
5.3684
0.1621
-1.0809
3.9282
3.0118
1.379
-3.4179
3.4006
-0.78669
-0.396
-3.419
-0.66063
3.09446
5.4918
-0.17739
0.6707
5.058
-0.6943
-1.2679
1.5416
1.1891
1.54597
-3.172704
0.170507
-1.69191
-1.5166
-1.4039
-3.2836
4.7347
-1.5919
1.1931
-2.6952
3.3619
-4.4374
0.8228
0.421
0.98646
5.639
-0.44071
-1.7252
-2.19942
-3.3087
2.26259
2.38614
0.3145
-0.55995
1.0045
-4.0535
2.78456
1.3566
-0.5415
-2.22294
-4.69971
1.7117
-1.4073
0.6874
3.14011
3.0747
-3.07086
4.25505
5.5133
0.5896
-11.2219
2.253
-0.03003
2.1126
-0.33175
-1.0579
1.03811
0.86066
0.0714
0.16443
0.08332
-0.1658
1.84906
0.2116
1.7317
-0.4101
-2.5769
-1.10231
9.5601
1.4714
-2.046
-2.950524
4.203425
4.177149
2.874286
-2.6885
-0.79732
NA
-0.2706
-0.82809
-3.0923
1.2589
-0.318077
-1.1656
-0.50662
-1.30196
-7.1502
-1.274
0.05414
-4.0581
10.1021
2.6485
2.8366
-0.2518
4.2845
1.475
2.9297
3.3551
3.2459
1.3355
2.0236
2.1456
1.2875
-3.5003
-2.9661
-0.8026
-1.2972
-4.1649
-1.2198
-2.5898
1.0835
-0.6803
-3.2169
3.3208
-0.4747
-0.1923
2.6927
0.8774
-0.327
-5.05
-0.4735
1.4805
0.1131
-0.8786
-12.8999
1.6941
-0.8409
-0.1987
0.0909
-2.8623
0.6093
8.9258
-4.711
-5.1263
1.3489
-2.8142
1.5158
0.53387
-0.94815
-1.82065
2.2589
1.2523
0.4014
2.30892
0.3479
-0.76286
1.2703
0.13612
-1.526
1.1202
2.9057
0.9674
-1.7232
-0.5797
0.0939
-2.9022
-1.0655
2.7283
3.7017
-1.1142
-0.3436
0.609
4.4208
-0.9354
-1.5359
0.9621
1.1373
0.9812
0.3733
0.5816
2.1816
-0.6387
-0.8253
0.5612
0.988
3.8811
1.5012
-3.8343
-1.4922
-3.348
-0.8718
-2.3819
0.9392
2.1042
0.7863
-2.6335
0.858
2.2346
0.9028
-1.1609
1.2374
-1.6832
-0.628341
-0.761166
0.114357
9.944473
0.2014
0.472752
-0.6204
-2.472
4.5491
-1.7027
-0.2015
-0.6843
1.2458
-1.7186
0.3726
-0.7462
-0.104
-1.8486
-0.7625
3.1695
-1.5379
0.3133
1.3296
1.0441
-0.2578
0.6394
0.619
-0.0131
-1.2362
2.6423
-3.6009
1.9673
-1.6023
5.763
-1.0362
0.7694
-5.0257
-0.8597
1.371
6.5038
-0.452
4.0723
3.5729
-2.4947
1.0434
-0.087
-0.2895
1.4614
0.8139
-2.7962
-0.14998
0.545
1.9737
1.7266
-1.06627
-0.6917
5.8532
4.53178
-0.3887
2.85918
1.106
1.8522
1.9587
-1.5272
0.1613
0.0598
-0.42628
0.05804
-1.5119
-1.71209
-0.51611
1.6126
0.86113
1.12184
-4.0765
0.74948
1.5548
-2.229
-0.0438
0.8725
1.12074
25.4941
-0.13776
1.32911
-1.00131
-0.21192
1.8258
0.00562
-0.89514
-2.8666
9.80515
3.8839
0.77412
-0.66804
0.97114
0.48512
-0.66344
-0.228
0.45214
-1.4101
-1.26649
-3.9371
1.19345
-3.17314
-2.37026
1.8576
-3.8521
-0.28918
3.75217
7.74612
0.47785
-0.11138
0.85418
0.40811
0.2421
-0.65867
1.55707
0.86579
-0.38201
-2.94046
-1.21914
-0.6166
0.50796
-0.01848
0.6831
0.59151
-3.76575
-0.71017
-3.19139
0.09593
-0.3615
3.5343
-0.4461
-0.3724
0.25512
-0.16339
0.3433
1.33808
1.92699
0.30763
-3.74023
-0.6185
-2.76405
1.331
0.6081
-3.2334
-0.9733
-7.4993
-0.5858
-3.1081
1.7182
1.6552
-2.816
-1.0949
1.8116
0.0311
2.3808
-1.3777
0.1651
-2.259
-0.055625
0.715666
-3.06097
1.086345
-1.151859
-0.971681
1.753275
1.096144
-1.163107
-0.633324
-1.049939
0.182716
-2.862304
-0.5222
-2.470186
2.105805
0.2087
-2.12718
3.6465
-0.6899
-0.7919
0.7
-0.39266
-0.7978
1.85
1.96211
-2.95072
3.96614
-4.4136
4.7707
5.5264
-5.25794
7.0388
3.56257
-0.09282
-3.36131
-6.0237
6.0656
-3.37341
6.27643
0.65926
6.0117
0.753
4.02612
0.41198
0.86423
-3.64983
-0.70637
-1.54265
-1.2377
0.6115
4.174
2.0233
13.4841
-1.7221
0.667
-0.6573
1.0168
-0.9518
0.7017
1.1989
-0.4206
0.4287
0.1197
-0.0718
0.9444
0.4146
-1.9538
-3.1684
0.7486
-4.1179
-0.7998
1.0856
0.4937
0.9775
-1.8521
-0.4065
-1.535
2.1471
-1.7437
-1.5676
2.8926
0.0195
-1.2675
-0.0672
-1.4786
-0.0261
2.0163
1.6829
-1.7871
1.6254
-0.3346
-0.5285
2.7479
0.2462
-0.2821
-4.8751
-0.7294
11.0831
17.109
13.3526
-9.1392
1.9619
0.517
1.489
-0.8943
0.8113
2.7569
-1.2718
2.266
-1.1811
-0.8442
0.1242
-1.0346
0.1254
2.0378
NA
0.3389
0.8074
1.7913
-0.5003
2.7383
1.7433
-0.1585
0.8974
0.2379
2.3855
-0.4294
-2.5711
0.1261
2.5163
-0.2104
-0.1443
-0.5292
NA
-0.4011
-0.3045
NA
NA
0.4734
12.9298
NA
1.4783
2.8392
-1.3113
0.3188
-0.321
1.8886
-2.2337
-0.6881
1.2701
1.3515
-3.1645
NA
1.9471
2.6653
4.3463
1.2636
0.8784
0.1876
-2.5333
0.3098
-0.2477
0.9345
-1.5972
2.3715
2.3499
-0.1216
1.4276
0.6642
2.0031
0.7442
-2.8977
1.5763
0.6099
0.85048
-3.43706
-0.56603
1.82232
-2.4767
0.85166
-0.5883
-2.0951
1.65612
-3.3201
-0.30466
-1.77323
-2.23478
-0.99079
-0.8351
4.70545
0.87733
-3.7477
-3.4843
0.3491
3.08109
1.3219
-0.60659
0.1529
3.12113
-0.12907
-0.24913
2.46653
0.44453
0.7401
-0.1425
-0.1143
0.14404
1.9358
-0.4986
0.82
-3.85997
4.54825
-2.2663
0.90068
0.50303
-3.50688
-0.0711
-0.15863
-1.94684
1.40874
-0.35098
1.31757
4.2903
2.92637
0.85177
-1.38348
0.38208
0.73954
3.2707
0.4476
-0.33483
4.3082
0.06572
2.1343
1.1711
0.3922
0.8285
3.2103
-0.0516
-1.6252
-1.5761
0.6314
-1.2107
0.1414
0.4873
-0.5605
0.6674
-1.828
1.147
-2.8798
0.5862
0.1604
-0.3213
-1.1403
-2.2175
1.6426
0.6726
-0.4472
0.6176
-0.1754
2.1562
-0.7944
-0.432
1.3008
-0.5601
-0.5616
-1.9576
-2.3755
5.1537
-0.056
1.5158
-1.5157
-0.5618
-0.8977
0.013
3.4764
0.4264
2.1096
-1.4947
0.5817
-1.0437
0.9987
-2.7345
1.6233
-0.3308
2.1609
2.044
1.508
0.6275
1.93175
-0.6804
-0.9212
3.5198
1.2246
-0.5747
-2.30229
0.2568
0.5485
-0.1082
-1.3481
0.2907
-0.1009
-2.0444
0.5749
-1.1761
9.6478
-0.3636
-1.0315
-0.5603
1.45093
-0.1911
-2.059139
-0.3378
-0.3523
2.41523
-0.66277
0.8334
-9.3752
-0.9236
-0.8908
-1.7477
-1.6639
0.1687
1.7016
1.4449
-2.02235
-0.5623
0.69394
-0.51565
-1.2062
0.24237
-0.136
-1.1165
-2.4908
-1.06727
-0.41311
-3.4474
-1.0971
1.143741
-0.235
-3.5929
-0.746821
-1.615336
1.417234
-3.80904
-0.9698
0.6208
2.3173
-2.393
1.3629
-1.4189
2.0406
2.2736
-1.80634
0.731913
-2.4253
3.017425
1.0074
-0.973969
0.9044
3.17474
-0.0236
-1.9653
0.2942
0.0588
-0.4631
-3.0809
1.1159
0.73125
0.0148
2.7615
0.1844
-1.06142
0.68623
2.4383
1.2811
1.3554
-3.8731
-2.306
-1.5476
-0.7719
0.1819
-0.20603
-1.6703
1.3836
-0.13864
-1.4903
-3.9344
-2.608948
-1.884254
-0.4327
1.3794
0.6101
1.2146
-0.2395
-2.7342
0.5363
4.77484
-1.13653
0.35724
-0.43805
0.19835
0.69431
0.13008
-0.6251
1.1514
0.3362
1.2063
1.8893
4.6634
-1.1248
0.92306
-2.5194
7.532171
-0.744838
1.5877
0.296056
-2.9097
-2.9896
-4.1339
3.0721
-0.9797
-0.8251
0.8603
1.8885
-0.81112
0.6138
3.95531
-0.116
-0.747
-1.56471
2.0712
1.1785
0.9515
-2.9702
0.3425
-1.2482
-0.1044
-3.6236
-1.0983
-2.0694
0.64837
-1.035
0.78533
0.4761
1.26524
2.03049
0.4876
NA
0.1899
NA
NA
6.2734
1.1547
NA
NA
-3.3808
3.8834
-3.1775
-5.7416
-1.3342
-1.7111
1.3264
-3.6807
0.5371
0.096778
-0.076118
0.034
-1.4705
3.7365
2.7271
0.08398
-0.1748
-0.5434
2.33041
0.6573
0.9915
-1.9113
0.76397
7.51285
1.80853
-1.24941
3.1117
-1.9017
2.08657
-3.5585
-0.73705
0.6928
0.5396
1.781
-2.3395
-1.4751
-0.9299
-0.2782
-0.0608
-0.5284
-0.25618
1.2395
0.4407
-3.7708
-2.7818
0.041
-3.048
9.7062
-2.931379
-1.011819
-1.015541
-0.3131
-0.89462
-1.5997
2.2036
0.2455
0.6869
0.8201
3.60926
-0.8921
-10.11518
-1.0999
-4.20672
-0.7406
1.942
1.81187
-2.1463
3.4131
-0.65704
0.0389
2.7608
4.1948
0.3571
-0.2644
-0.3751
0.3942
-0.335715
0.28655
-0.66409
1.578
-4.001
-3.0309
0.9511
3.7631
7.6919
-4.3655
1.3434
0.7153
3.4043
-1.3663
-1.7067
3.9253
-0.85526
0.49984
0.80701
3.3424
-2.5187
0.4744
-0.835667
-6.5342
-0.5653
3.7112
-3.5607
1.8359
0.0663
-3.29956
-0.0221
-1.0205
-1.8151
-1.3856
0.8572
-8.33121
2.2808
-1.3415
1.94964
3.6385
-1.47483
2.4138
0.8065
1.9386
-0.9041
-1.0064
1.5618
-1.14023
-2.5697
2.7032
-3.8989
-0.79711
-0.0962
1.2946
-0.0965
4.0566
-1.75004
2.16237
0.37283
-0.8311
-0.6312
-0.3528
1.5587
-1.16
-0.84156
3.08092
1.38609
4.50547
1.863
-1.8298
-1.3931
-0.5218
-1.162
4.3273
-3.8637
-0.8715
0.76728
-0.5036
-2.5376
-1.2341
-1.63517
0.79024
2.0289
6.755
-0.4132
1.272
3.9406
-1.3118
-3.9034
-2.448
-3.0643
-1.3857
-0.17996
-4.917
-2.1632
-1.516
2.8922
-5.846
-0.7062
-2.1326
1.1195
-7.99868
-0.9311
-1.0864
-0.5959
-0.5978
-3.8064
-1.06947
1.5979
-1.4369
0.34633
-0.8623
0.50365
-0.861
0.2018
0.3742
-0.1678
-2.9055
-1.75683
-0.509
2.22
-1.9399
-3.0599
2.43178
-3.8807
-0.5942
1.26145
0.1748
2.2331
-0.8815
0.8898
0.6699
-1.8906
-1.3282
-1.2821
-2.3923
0.2665
-1.637
-1.0858
-2.2651
1.4734
-1.06777
-1.1294
-1.91968
-0.4943
-0.2153
0.2353
-0.286404
-1.39794
0.1334
0.7787
-0.2942
-2.0225
-0.3148
1.156
1.4875
0.3156
2.0266
-1.6738
0.9243
-1.38249
2.3123
1.070207
-0.8471
-2.2688
-1.32
2.54004
-1.22729
-1.7911
1.2698
1.5206
1.6596
0.4439
0.1901
0.37953
0.8521
-0.13723
2.6055
-0.8558
-0.10048
1.24676
3.3082
1.956
0.1933
0.5566
-2.0255
0.8942
-4.1454
2.2519
-0.7357
-1.4881
-4.1395
-1.8425
-2.15195
0.3505
1.3917
1.968629
2.1341
8.7877
0.2297
-0.8399
0.2799
-2.4299
2.5528
-3.8718
-4.6772
-0.0774
-1.185519
-0.630951
-1.222806
-0.0597
-0.8068
-0.465
-0.1342
0.0359
-2.4944
-4.1553
-1.02675
2.99
1.19114
-1.84908
-1.8571
1.1114
1.2267
4.4983
-0.947
0.3682
-2.7934
0.4385
0.9824
-1.5925
-4.9569
0.8877
-2.0582
-0.5026
1.0411
-0.891
-0.2372
1.7355
0.3916
-1.101
1.9585
1.99742
0.38082
-2.05861
-0.0934
-0.2947
-0.1162
-0.50302
0.277373
-3.390993
-0.4769
0.7915
0.886809
-0.7573
0.2731
1.758
4.10239
-0.32505
2.29011
-0.466
-2.1879
-2.7809
-0.7989
0.06404
4.60696
0.0661
1.7093
-0.4132
0.5789
-0.9454
2.3782
1.0524
2.8688
-0.9533
1.4979
0.601
-1.6247
-0.9394
-0.9404
0.0624
2.9123
4.1991
0.7001
1.0592
3.3896
-0.8955
-2.7637
0.2058
4.6317
-3.1128
9.608
2.0055
0.4169
-0.8906
-3.0296
2.6579
0.852
-0.8532
NA
NA
-0.6806
NA
-1.453
-4.3274
-2.2182
0.8982
-5.4916
-1.69338
0.27034
0.79226
1.082
-0.7087
2.0177
1.5349
1.0055
1.7061
3.5671
-0.8414
-0.71
0.1759
0.0309
-2.0602
-1.2995
-3.6622
-0.1257
1.8866
-1.9606
1.074
-0.8099
3.5825
-2.3211
1.74787
-1.10844
-0.8671
-1.8031
-1.26063
1.46194
-2.133618
-0.41671
-0.1367
0.113233
1.675841
-1.848564
-0.107251
0.337633
-1.9127
0.121038
-2.79614
-0.90881
0.1354
0.90169
2.5187
-0.41425
3.49184
-2.3066
-0.71112
-0.89409
1.17376
-1.3379
0.1299
-1.1606
-1.3793
-7.8019
1.5069
-1.2006
1.7926
0.2153
3.001
-0.1451
-2.2312
3.6356
4.6797
-1.8952
-1.8857
-0.1801
3.3525
-0.4343
-1.9878
0.174
1.2654
1.139
5.9189
1.44
-3.6146
1.4001
0.2378
1.6252
-1.7976
-2.7748
-3.3391
-0.4345
0.551478
6.4892
1.0788
6.6023
0.2318
-0.590685
-3.002623
-3.44321
0.3231
-0.51786
2.2654
-1.04303
1.8451
0.43091
-0.83427
-0.8009
2.3301
-1.1469
2.2554
-5.6009
3.0815
3.152
-0.3023
-2.8679
-4.5318
-1.1423
-6.613
3.4001
-0.1839
13.8312
-5.4112
-1.0303
-0.5296
0.6928
-4.1482
-2.8366
-1.6346
-1.3683
-0.4223
-1.9002
-2.4231
0.32527
-0.1843
2.34218
-2.22257
0.60371
-0.8837
-0.6698
-1.17239
0.8171
1.9559
2.5149
-1.0566
-0.3465
-0.7463
2.33602
-0.6719
-0.5527
0.75472
0.276
-0.65694
2.4102
-0.92913
-4.10663
0.4889
-0.5693
-1.16876
-3.0787
1.0837
0.16449
2.0638
-2.246
-2.77352
-0.07321
-2.11337
0.04415
0.3502
2.1149
1.4885
0.7238
0.4395
0.2085
-0.1945
-6.9335
1.44785
4.7731
-0.0105
-1.1592
-1.2127
0.3421
-0.7431
-1.2479
0.4416
0.294
-0.7556
0.7581
0.2345
-0.6109
0.547
2.489
1.3439
-0.3518
2.0219
-2.0671
-1.8081
1.4303
3.2596
-1.4266
-0.2488
1.1094
1.9372
-5.2138
-0.4134
4.2338
1.1019
4.5224
11.318
2.6161
-1.1681
1.4624
-3.5594
0.9092
-0.4811
-0.1445
-2.4833
3.2834
5.4662
-1.3854
0.6216
2.1511
3.27548
-3.448
0.39091
2.4054
2.2278
0.691
1.31936
-2.44695
-0.63854
3.95548
0.769
0.27133
-0.78546
-2.1362
1.50755
-0.78812
-0.73482
-3.39008
1.3908
1.9095
-4.8667
3.4886
4.80736
-0.63568
-1.1145
0.93607
-1.73094
1.6306
1.1136
0.9493
0.00688
3.22874
-3.0603
1.0533
-2.8562
-0.2301
-0.37884
0.29615
-2.66489
-0.3671
-1.80967
1.3358
1.5075
1.4011
1.47986
2.375
4.8932
-1.9763
-1.055
-6.7034
-2.4158
1.0151
1.5119
0.7928
-2.2314
2.0911
-4.2834
-3.5321
0.3929
0.3985
-0.4262
-1.4766
NA
1.2871
1.5455
NA
-2.4521
-0.765
-0.4257
-2.0669
0.227
2.8465
2.7281
-2.5752
1.377
1.0769
1.2047
0.3348
-0.1758
5.21906
-1.16595
3.9605
-2.74389
0.57148
2.78313
3.90276
-3.4445
0.15564
-1.75807
-4.07479
-1.07842
0.32034
0.7513
-1.21933
-0.7682
-1.08355
-0.9532
1.31042
0.32765
1.47869
0.2632
-1.76792
-0.7851
0.85629
-2.1666
2.6582
-0.8261
-3.7552
1.2058
-0.6518
4.6041
2.242
2.4471
-0.6555
1.3342
1.9425
-0.164135
-2.456089
-2.763385
0.201905
3.8892
0.589711
-0.185
3.1226
0.538868
-0.967273
-0.048
-1.138
-0.109066
-0.3536
1.1673
-1.4338
0.2431
5.2915
2.4533
-1.3112
-1.2675
5.1338
-3.6456
-0.627
3.5659
1.1229
4.2109
4.3222
-4.9752
2.2327
1.289
-0.5565
-1.2916
-0.5482
0.4527
1.3029
3.1379
2.9852
-0.0565
0.5479
1.479
-2.4091
4.2877
-1.109238
-0.667005
0.3964
2.1808
1.01614
1.1796
0.0823
1.0322
-2.0171
4.5287
1.3242
-1.7754
-1.154
3.196879
0.5945
-0.74497
-0.8455
1.09666
-1.8701
1.0194
0.1354
-0.6854
-0.1602
-1.865183
2.7145
1.183787
0.911165
-1.3196
0.9677
1.09075
0.1651
-1.184485
0.2886
0.823876
-1.9496
0.2308
0.2287
0.3298
-0.8336
1.47567
-1.40079
-0.5759
0.7911
0.000223
-0.5432
0.0216
0.1383
5.0447
-0.8405
0.44924
2.6801
-1.2948
-1.3261
-0.1824
0.89511
-2.0159
-0.4003
2.32829
-6.5043
3.4144
0.21874
-3.926
-6.4261
2.09407
-0.502116
-1.4494
-0.465093
-1.671865
-1.58426
1.8913
2.1407
1.1762
-1.2505
0.5612
2.7137
-2.1939
-1.1129
1.9995
1.8777
0.897
-0.5326
2.31395
-5.29094
1.1262
0.8679
-0.3899
1.5865
3.4001
-0.0035
1.9446
-0.3553
1.0987
0.01872
1.5545
2.1046
1.74693
1.3572
-1.6564
-1.1004
-1.56964
1.2996
1.4029
-0.0602
1.773
-2.509
-1.4104
2.93343
2.92335
-1.99803
-0.7484
0.19701
-1.1493
4.3523
3.29213
-1.583302
-0.2016
-1.3154
4.4576
1.6719
0.43636
0.0902
0.8832
-0.2355
6.45228
0.535
-2.3847
0.0793
1.0182
-0.045729
-0.0144
-2.934
-2.3305
-0.5073
-0.1241
0.2774
0.3218
-1.27298
1.72342
1.73363
-2.22126
-1.0372
3.073821
-2.2426
0.479
-0.552
0.35935
0.1661
0.02305
4.9265
-0.3469
-2.5306
0.0624
-0.047
-4.2855
0.95479
4.43706
2.2202
5.7645
2.7344
1.4567
0.5086
0.7601
1.6122
0.59457
1.5111
-0.5885
-2.5006
1.21703
-2.5431
0.7416
-0.2332
3.68843
1.0932
0.2738
-1.21
2.3582
0.0149
1.17206
-0.6512
1.108
1.96956
-2.3544
-0.16878
0.0924
2.8454
4.5771
0.7216
3.2104
-0.216
4.4693
-0.4401
-0.7934
2.1085
-0.04684
-4.2463
-0.2434
0.7344
0.1265
1.4183
3.18356
3.6607
-1.9352
0.13831
1.19
2.3058
2.3049
-1.5437
0.9744
-3.06032
-1.2116
-1.1587
7.2455
-2.6
0.706
0.8857
1.5671
-0.4241
-0.2326
-0.0404
-1.0034
-0.60587
1.8841
5.9152
6.36
-3.4143
-3.40529
-1.64985
-0.3915
0.7644
-2.1155
-2.7219
-1.8051
-0.4352
-1.5053
0.2394
-3.5991
-9.62005
-0.5767
-0.68403
0.7851
-0.34447
1.07115
-2.92738
-1.09276
-1.58997
12.7222
1.4309
0.84504
-2.3938
0.1217
-7.09475
0.3782
-1.96653
-0.27745
-0.20188
3.575
-3.3302
-2.10248
-1.49025
0.6932
0.2808
NA
NA
3.2648
10.2268
-1.0637
1.0585
-1.724
-1.2504
1.3231
1.5341
2.9399
-3.6938
-1.689
-3.438
-0.7698
0.7203
-0.1215
0.5463
-1.0434
-1.1456
1.222
-2.8061
1.1053
0.6141
-0.8185
-0.0597
-0.3456
-0.599
-1.5991
2.3087
-0.7371
-0.2702
-0.6315
-1.1756
-2.2964
0.1528
0.2387
-1.1888
0.5252
0.8208
2.0274
-0.56356
0.9245
-0.4772
6.94049
0.8627
4.64141
1.57463
-0.3016
1.08893
2.6617
1.3609
-0.3408
-5.9077
8.6576
0.4156
1.22461
-2.5816
-1.6495
-1.30046
-1.69997
6.8019
-0.4565
2.0499
-1.25763
1.4019
-0.0966
2.13245
0.729
-0.5413
-1.4764
3.51227
2.19632
3.4732
-0.3174
0.06904
0.3351
0.2045
-2.4108
-1.99992
2.9513
1.04074
0.63458
2.7904
-0.3284
0.57135
-0.31035
-3.1891
0.53191
1.0233
-0.95035
-0.3888
-0.7315
0.24505
1.1902
1.2222
-0.77546
0.02736
4.5874
1.3869
1.95897
6.3073
0.785
0.3867
0.9205
-3.69029
-4.13729
-4.29215
6.2846
2.2016
3.6831
-1.67515
-1.91358
-0.5134
-2.0956
1.0071
-0.1824
1.3608
0.7604
0.5215
-0.5585
0.7319
0.9426
0.1401
-1.7171
-1.3535
2.5443
-1.0396
1.1538
-0.5661
-1.4065
2.6446
0.097
1.1359
1.1206
1.3506
-2.7527
-0.8427
0.3807
-0.2186
4.60985
-2.15384
-0.17705
1.444
0.757
1.1531
-0.28532
0.53473
0.3746
-1.21255
1.82945
-1.12
-0.0588
-1.32563
-1.68852
-0.8534
-1.07179
-0.6414
0.2886
-1.24775
-1.3205
1.57762
3.0749
-1.00446
0.04667
2.25277
-0.393
5.2848
-1.39231
-2.4443
-1.0234
-2.03459
-1.6575
-0.1298
-0.86618
-0.3507
-4.2748
0.8423
-0.0563
-0.1837
-1.67702
-0.21324
-2.716649
0.012383
-0.1447
1.9653
0.9625
0.37223
0.2237
0.848346
-1.2372
-1.503588
0.018658
1.11
0.6472
-2.5083
0.3428
-2.4046
1.177198
2.894926
1.6617
-2.43188
0.968983
2.63454
-1.4456
-6.4535
-0.3177
-1.68957
-1.8598
-0.3181
2.118953
-1.143
-4.1615
6.0425
-1.1587
0.373
0.4863
0.2063
-0.6214
0.1277
4.6236
-1.9498
-0.7589
-0.37472
0.4511
-3.489685
-0.134941
-0.668
-1.2026
1.9113
2.79183
-3.3101
-2.5999
-2.9874
-1.1648
-0.1952
-1.188
-1.6396
0.9574
3.0564
1.21681
-0.4067
-0.0463
0.2555
0.7522
-0.0723
-1.7223
-1.44119
-3.018
1.0521
-2.04489
0.3937
-5.1407
2.0519
0.0675
-2.7203
3.0125
3.0768
-0.6242
1.3902
6.29027
-2.6685
-4.2636
-1.8985
1.1842
-1.8833
-1.0362
1.065
0.4209
8.6549
-1.1506
3.2402
-0.5487
-0.1006
0.1676
1.49302
0.7406
0.8699
-2.0451
0.62118
2.0483
-0.2381
-0.7185
-0.7039
-3.8025
-0.7161
-0.1605
3.576
-1.6261
-1.6854
2.86063
-3.1865
2.35539
-3.0087
1.9674
-1.4603
-2.0153
-1.9261
-1.0068
-2.19494
3.55651
-1.54419
1.02393
0.9525
-2.39878
-0.7587
-2.83953
2.61771
2.45478
0.5021
-2.32533
0.40642
-1.0879
-2.91291
-2.1278
-2.18966
1.0778
1.15332
1.8226
0.58932
-6.64256
0.39211
1.9012
-0.40449
-7.6558
-1.5844
-0.071
-0.0537
0.1651
-3.4903
-1.697
3.0796
1.7326
-3.1148
2.96911
-2.56622
-1.58805
1.4556
0.0283
1.2956
0.40404
-0.5586
-3.73613
4.02653
0.7149
-3.61368
-4.00363
-1.0491
-1.6931
-0.33043
-1.1284
-1.6791
-1.8709
0.2798
-2.69432
-0.8069
1.2492
1.8784
2.0472
-0.6529
-3.1436
-0.07685
-1.0423
-1.7254
-1.4473
0.5763
2.0414
0.6266
-2.8966
-1.5723
3.1164
-1.5013
0.3471
2.6613
1.7356
-2.9395
-1.715042
-1.374
-1.2895
-0.75094
4.2478
0.7732
-1.0776
-1.8048
-1.2535
-1.25201
0.6129
-3.7674
1.35956
-3.31751
1.20588
-2.32925
0.389
-0.7138
3.739
-2.8677
0.0178
-2.6641
4.132
-0.17746
-0.08046
-2.10628
0.06502
1.40188
1.2202
-1.4531
-2.075
1.47415
2.84342
-1.79722
-1.03751
-1.46678
-1.54303
0.81573
-1.96195
-1.6286
-0.2704
0.1534
2.6411
-1.445
1.51419
1.2978
0.8236
-1.32189
-4.1628
1.28788
-1.29486
-0.9508
-0.84985
0.2362
-1.9194
6.8769
-1.285738
1.032
-0.037
-0.6545
-1.4466
0.0768
0.3205
NA
-1.9359
-1.3449
-4.8961
-0.7058
3.46953
-4.6171
-2.07186
1.1945
1.38298
1.0026
-1.34474
0.1624
-1.22059
-0.3315
-1.1692
-1.58729
2.23201
2.9089
4.336
1.0421
2.589
-0.9476
0.03805
-1.1222
1.97782
-1.8697
-2.4844
-0.00559
-0.3799
1.41484
-3.8134
0.23661
0.04358
2.21447
0.726873
-1.353474
-0.99725
1.60408
3.3341
0.00542
-2.2057
-1.0533
-0.9837
-0.29118
3.4405
0.6315
-1.1052
1.3099
0.5864
-1.5972
-5.30074
-2.3543
-2.9892
-0.4459
1.557
-1.557
-0.2012
0.6465
-0.1864
-1.92498
0.9011
2.10015
-2.874
5.45806
0.6364
1.3246
3.26039
3.9754
0.0039
-6.1103
-1.7254
-7.7975
-2.7384
2.2548
-1.8004
7.3414
-0.1702
-0.0599
-0.5898
0.9276
-0.4525
1.1848
0.36176
-1.145
0.762896
-1.698119
-3.931861
1.6421
1.39245
0.8028
2.7089
-1.955
-1.1875
-2.5605
-1.1548
-0.0313
-0.0395
-0.0941
-0.80455
-1.96238
1.424298
-3.03746
-0.8622
1.1409
1.1337
-0.415103
-3.1907
0.86706
0.2731
1.0719
-0.4868
0.3258
3.20877
0.224932
-2.8566
-0.41876
0.34452
-1.0579
-1.631
1.77954
-1.4844
3.8957
-0.5566
2.5692
1.9524
-0.55957
3.27922
-0.08348
3.4542
2.6914
1.73453
0.9717
-1.64012
-1.9032
-0.26775
3.745
1.4047
13.07223
-0.9493
0.640899
-1.2562
-0.8548
1.7752
3.119
-1.1894
-0.6569
-2.20633
0.13098
-1.25893
-1.4788
1.2744
2.0788
1.1482
-0.2248
-2.3323
-1.7487
9.1971
-0.7623
-0.0641
-2.4459
-1.5444
-1.53253
0.03486
-1.51456
0.2371
-2.5775
-1.0836
-2.886132
-0.06257
2.5734
-0.06071
-0.9588
-4.8392
-0.1284
2.9903
2.2018
0.6727
-4.905
3.3641
-0.967
5.8819
-2.0784
3.4849
1.4751
0.147261
1.2077
-0.3785
0.8549
-0.9322
-2.6029
-0.6268
-0.5274
2.2887
-0.418
3.40289
4.6947
4.5095
-0.64471
-1.3158
2.09501
2.6758
1.4844
-1.4851
1.68668
0.9364
-1.2263
-1.7061
-0.602305
1.12835
1.8688
3.1496
1.63921
3.3947
-0.8335
0.2915
1.657
6.87804
1.79
-5.6406
-5.4938
-0.59269
0.6849
-1.2109
0.8801
3.21783
0.19096
0.0184
1.68915
2.63494
-0.9563
-0.6814
-1.2234
13.17653
0.77109
2.1775
0.3017
-0.5543
0.4699
-1.8058
4.07986
4.6904
-1.68564
-1.4628
7.2999
-1.7156
NA
-2.4337
1.3678
-0.2914
3.8055
0.1528
2.1343
1.1042
1.5616
-6.5946
0.00351
3.1899
-0.5602
-7.4433
1.3106
2.53811
1.0725
0.3248
0.8552
-0.51218
-0.199
0.7205
4.96533
-0.8267
-2.6469
0.7922
-1.0476
1.7188
0.6429
-0.1192
2.6454
1.7386
-2.452683
1.01004
-0.8698
-1.8996
3.9874
-1.6464
-0.35089
4.47173
1.5698
-0.1121
0.3787
-0.0944
0.4557
0.57
-1.19446
0.9978
-0.8414
0.12406
-0.3206
-0.0425
-0.3237
1.07047
2.1539
5.3549
0.8171
-0.5863
1.4416
-0.37833
-0.09537
0.93117
3.8307
0.580248
-1.5745
4.0726
4.312
2.1753
1.68845
-0.26412
-1.70562
-0.983
0.50994
3.3398
-1.0342
-5.8697
3.77142
0.1582
-6.8798
2.47816
0.2165
0.9468
NA
0.2427
2.3746
-1.66054
-1.2823
1.46301
1.152
2.4483
3.60983
-3.5113
-1.9853
-0.93748
3.3284
-1.8342
1.1233
-1.4231
-1.6198
0.2545
2.1891
-1.6713
-1.089
-1.40056
0.22058
3.1131
2.4963
-0.40417
2.13929
-1.91888
-1.179894
-0.59965
-0.3869
0.6809
1.1271
0.520986
0.0581
0.44224
0.8194
1.9321
-2.5846
0.8721
1.5352
-1.131
-0.5726
-1.62634
1.025
1.47739
-0.74558
-0.3103
1.37176
-0.9213
NA
-3.1229
3.5036
1.1654
NA
0.02917
1.3599
-0.241
-1.1027
4.11908
0.29688
-14.33229
-0.40326
-0.4145
2.502
-0.9984
0.4015
-3.3342
0.75151
2.642
1.71786
1.1799
0.2548
0.5622
-6.2719
-0.297976
8.8515
0.3773
-0.3621
-1.5032
-0.99915
1.13028
-4.6033
0.059
-1.0948
-2.3823
2.23845
0.5242
-1.31716
1.26228
2.11358
-0.5227
1.7174
0.3609
0.06945
-0.9877
-0.9937
2.52248
1.003
-0.0651
1.12
-1.61062
1.648302
-0.3745
4.6564
0.7787
-0.4787
1.72591
-1.1303
NA
3.84093
1.3044
-0.84401
-3.91554
0.4679
-1.0032
-5.0032
-1.8883
0.6646
-2.3199
2.82317
5.0493
-0.027
0.61075
-0.0643
-2.3172
-3.6354
1.820262
-1.3224
-0.4961
-1.8488
-1.60812
-0.4394
-4.9471
-1.9328
-5.2352
3.3711
0.7808
2.3817
2.9408
-3.3788
1.4319
-4.4251
1.1966
-1.2342
1.81432
0.883
0.1542
0.1491
2.3013
0.375
1.1782
-0.7077
1.1257
2.0207
1.3431
-1.3867
-1.0726
1.5092
-1.505
-2.4847
1.5626
-3.6437
-0.6629
4.33113
-12.5361
-0.7131
0.6152
-0.3477
-2.7554
-0.687036
-1.18308
-1.8675
0.7671
4.7374
-0.4934
-0.5153
-0.2983
-1.8532
-7.1669
-2.1809
-1.3113
-1.4724
0.9364
-0.70541
-1.91187
0.7225
0.0919
-3.8596
-0.6215
0.06793
2.1316
0.878894
-2.5486
2.9822
0.7506
-0.1976
6.5709
-0.6918
-6.5892
0.56331
-2.6542
0.6643
3.00069
3.7153
-4.2734
1.543344
0.3475
-0.1226
-1.26754
0.3419
1.0837
-0.5532
2.9261
3.2819
5.0867
-0.2825
-0.3788
3.07952
0.3315
-2.90881
0.2438
0.6103
1.5058
0.223014
-1.9616
4.3817
0.0413
8.6787
0.20334
-0.91639
2.5323
0.416
-0.01425
0.27963
-3.5193
-0.1646
0.0413
-0.8444
4.0231
1.4696
2.4677
-9.82775
3.2944
NA
-0.46839
0.0517
1.9264
0.773
-0.5354
3.3614
-0.6413
NA
1.0035
0.8776
-2.6014
-1.83856
-3.6825
2.7789
-0.9661
-1.5281
-0.21419
0.8684
3.86016
-0.1329
0.3308
4.8579
-3.088
2.74883
-0.4114
-3.425
2.921247
-2.3021
5.8438
1.59646
-0.2001
-0.6414
-0.7624
-0.3563
-0.02736
1.1267
-0.13966
1.57758
0.059255
1.2649
-0.2834
0.02495
1.03
-0.7623
-1.01966
-3.4081
-0.4136
2.9594
-4.07633
0.1775
NA
-1.3102
2.0813
-0.24
-3.5842
1.5204
-5.93695
-3.5001
-4.4643
-0.00681
0.04239
0.680048
1.8906
2.2797
2.9711
-0.8302
-0.0423
-2.7398
2.19806
0.6607
-0.900579
2.5744
-1.98559
-4.6888
0.4037
1.1054
-0.2025
-4.9422
-0.0536
-0.1116
1.214
-2.8539
-0.7526
1.071906
0.2377
3.2328
-2.1203
2.6989
0.3075
0.56701
-1.0211
2.2746
1.143
-0.31666
-2.88146
-1.32056
1.973
3.3746
2.6654
2.2164
0.7469
7.09892
-0.4799
-3.2587
-1.85
-0.0378
-1.45451
6.3305
1.1231
0.8828
NA
-3.5873
-0.0303
-0.000433
-1.5324
0.9443
1.57034
-1.82689
-1.4197
-0.3676
-0.854511
NA
-3.1737
3.665154
1.2116
-4.248
-1.456996
0.4067
-0.7232
-1.206
-1.9547
1.90156
1.74704
-0.05415
5.0508
-1.0856
-0.977
-1.9671
0.04788
0.29974
0.2921
-0.6104
-0.2182
1.19045
-1.42608
-5.0442
12.4553
-1.09276
-0.5666
-0.2494
-1.0135
-0.4588
0.9799
2.2526
-1.2109
2.11855
1.88123
0.04479
0.6143
0.034
-1.27588
0.6263
-3.31098
0.7629
-0.12411
-0.92795
1.31535
1.1445
NA
-0.3246
2.3815
0.90798
-2.939322
0.89
-8.5847
-5.1608
-2.79254
1.2074
2.3256
-2.9723
1.4564
0.8709
-0.67
0.2571
-1.85039
-2.8471
0.68206
1.6625
-1.00006
0.78002
NA
-0.6662
-0.4613
-0.3078
-0.82827
-0.27035
-3.44989
1.9902
2.5312
1.08326
-0.0671
0.648
1.25806
0.296
1.3994
-0.9887
-0.03214
0.8055
3.2042
-0.8684
0.9823
2.32841
1.98392
-1.55244
-1.6001
0.8925
1.68268
0.913
2.3493
-3.118
-2.5923
2.31
0.9788
3.43761
1.57
-3.11726
0.6964
0.6607
-0.719
-0.5123
0.2333
-2.8175
2.6693
-8.3757
0.4413
6.4066
-0.3252
-0.4592
-1.5781
-3.05507
0.2072
0.8418
-1.34046
-0.8057
1.031
-1.7299
-2.89745
1.25796
1.2617
0.20637
-1.23946
NA
3.2731
-2.7786
-0.0218
-0.9164
-4.4723
2.2457
-2.6147
1.1833
1.4933
-1.5895
0.0507
-0.9795
-0.44759
1.1695
-0.9346
-0.598
-0.03278
1.5267
-1.0999
-1.01123
-0.32179
-1.2157
4.45854
-0.00707
0.10921
0.2813
-2.9011
-0.8169
-0.03973
NA
2.1329
-0.1414
0.2886
1.8939
-1.5012
0.4145
2.2341
-0.9848
0.70898
0.2079
-0.3744
-2.0395
4.5389
-1.6138
-2.86365
-0.7784
-0.5004
2.4519
-1.0721
-0.7047
-1.5885
2.8812
-1.7269
1.44906
1.2971
-1.96116
1.729
2.53973
-1.1389
2.5642
1.1283
-3.0768
-7.3724
0.7567
3.012
-2.0451
-1.51027
-0.9577
1.2723
6.6383
-0.12
-3.0413
-9.471
0.3405
4.75187
-2.47446
-0.5424
1.301
-3.3423
2.8101
-1.1666
-0.262018
0.7948
-0.8079
0.7195
-0.215
1.1963
0.0353
-1.8734
-3.5732
0.54
-0.0504
5.0834
1.2375
-1.1311
2.42453
-0.50959
2.09369
-1.4772
0.3818
-0.775871
-2.0483
-1.135532
-1.432071
0.7946
NA
NA
NA
NA
NA
NA
NA
2.57325
NA
NA
NA
NA
NA
NA
-0.759412
NA
NA
0.76516
NA
NA
NA
NA
-1.4551
NA
NA
NA
NA
0.7998
NA
NA
-0.9055
1.52939
NA
NA
NA
NA
NA
NA
-1.72402
-1.9572
-4.1907
1.325
NA
0.2228
-1.31533
0.14882
6.0704
3.5152
-3.40092
-5.5805
0.43895
1.22551
2.43848
0.2551
1.78644
-0.5313
1.6209
1.03
3.3273
-0.49997
-0.4347
-0.58249
-0.0284
-1.75922
-0.67337
0.25956
-1.4104
2.3669
2.31487
-1.7883
0.7828
-0.3248
-3.33376
-4.0306
-2.2958
-0.3724
-1.77189
-3.1441
5.5264
-1.4436
5.1536
-2.4005
-0.4492
-0.30152
0.7844
-0.4583
0.5494
0.6056
-2.2525
2.5698
-0.5901
NA
NA
NA
-0.65638
0.7334
0.5173
-2.75424
3.4358
1.8432
0.6367
-0.2972
3.1157
1.37585
-0.88765
-1.95791
-1.4061
-0.8868
1.51877
1.35995
-0.01004
0.83537
1.24568
0.0615
0.9732
1.0681
4.0091
-0.0852
5.7063
0.6843
-5.411
0.8995
1.7587
2.82604
-0.1622
0.81158
-0.4923
0.11746
1.8619
2.9713
4.6709
0.591517
-4.5443
2.6194
-4.3743
0.33685
-0.6702
-3.493662
1.5052
2.03242
0.6246
-1.81399
3.66618
0.56118
-1.22094
0.7981
NA
-1.5863
4.9331
0.5377
1.29999
0.40126
-2.2609
-1.7732
2.0732
-0.6709
0.72196
-0.1208
3.485
0.7048
-0.93777
-0.08556
-0.92507
-0.221
-0.85165
-1.7334
-1.2741
-0.9598
-0.41442
1.7468
5.2409
-2.03734
0.89554
1.6125
1.6973
-0.38135
1.7218
0.6785
0.8372
-3.5343
0.771055
0.048
5.6051
4.931
-2.46877
4.22094
-0.9006
-0.423
1.2575
-0.4524
3.887
-1.8482
5.7333
-3.0122
-0.0417
-0.6821
0.57765
-0.2891
-1.8834
NA
-2.3496
1.55877
0.0333
-3.1483
5.1843
1.26419
0.160496
1.8665
0.4314
2.6688
3.0799
3.9087
-0.6446
0.19415
1.4889
-1.5763
0.913244
-4.5068
1.3854
-1.2622
-1.449
0.6332
-1.6557
-0.3341
1.1442
-2.26731
-1.9621
-1.8161
-1.0282
1.2713
2.9138
NA
1.9066
0.42754
-1.481714
0.5524
0.942
1.7469
-1.926
-4.7632
0.9737
3.6679
-1.9316
4.2903
-0.3176
NA
1.9739
6.6107
0.5472
-3.1497
NA
1.48902
0.0607
0.9507
2.06982
-0.89347
-0.20741
-2.8188
0.6224
-1.42454
-4.6416
-1.3057
-0.2252
0.7528
1.0055
3.3636
-1.582
1.96149
-0.6772
0.78216
0.48107
NA
1.4842
-0.9712
-1.1005
0.0328
-1.4277
-4.25497
0.64315
0.52981
-0.1848
-1.4922
-2.2368
-0.4823
1.3938
1.2262
-4.39158
-0.6256
-1.9757
0.06769
1.01194
-4.61177
-0.9789
-0.3067
-1.73348
NA
-2.8618
-2.1797
3.5671
0.4085
NA
-0.661047
0.5243
1.76168
-3.40632
1.5183
NA
-1.002099
NA
-0.449
0.6967
0.6999
-1.7528
-0.6515
-2.3155
-1.2717
-0.177838
1.1777
-1.2927
-1.3894
1.56942
-0.6285
-1.54748
1.40725
-2.7225
-0.26066
-0.583951
-0.1994
2.5687
0.2063
1.1815
-0.6701
-0.5647
0.2532
0.2589
-1.32277
1.0525
NA
0.7282
0.09718
-0.1192
1.10662
-0.55827
-0.2875
-4.3743
1.4583
0.58094
1.9505
3.15009
0.1109
0.6974
-3.044237
0.4144
2.4004
-1.8869
3.59723
-0.93401
1.60761
NA
2.3759
1.64013
1.388
1.9853
-1.0292
1.7916
1.13943
-0.1166
1.5581
9.2406
2.46275
-2.4878
-1.637283
-1.3337
-0.212082
-2.44383
2.0148
1.2294
-0.8016
NA
-1.35829
1.54068
1.02842
-1.25435
-1.1309
-0.3829
NA
-0.564631
1.4647
2.2895
-0.5675
-1.7316
-1.80139
1.394
-4.1725
-0.4245
NA
0.2151
2.734182
-1.3811
1.2545
-0.0339
4.94167
NA
-1.3886
0.70397
-0.0534
-1.160305
NA
-1.7101
0.7374
-0.0116
4.6698
-1.881
0.0592
0.9854
0.29528
0.44376
0.2964
-1.3884
-1.4213
4.7656
-4.42935
1.7345
1.3728
0.4219
1.55601
0.819774
0.7188
3.43074
2.0154
0.0146
1.0242
-0.12871
-2.41639
1.7655
-3.60793
-2.6714
1.3812
1.5172
-3.6681
-0.28322
1.1081
NA
1.9969
-3.2941
0.1319
-4.05708
-0.087
5.0834
0.0804
-4.7775
3.1636
-0.659946
-0.8654
2.00727
-0.9996
1.1879
4.7224
-1.3748
NA
-0.9403
-0.869967
0.13335
-0.9748
-1.7689
NA
-2.20418
4.13473
2.86741
2.764392
1.9969
-1.37444
2.93017
NA
0.00423
0.1428
-0.067062
-2.6446
6.8931
2.1904
NA
0.0513
-0.4228
NA
0.9105
0.0302
-2.9749
NA
0.22712
-3.4561
1.33123
-5.006845
1.5433
NA
0.3331
0.19525
-0.59529
NA
-1.00905
-0.6563
-0.112
-0.00277
1.5293
2.248
0.1181
1.6363
-2.47492
NA
0.5358
4.43798
-0.05724
-0.3772
4.63222
1.5348
1.3804
0.611502
-0.7923
0.98783
-2.0248
-0.1491
NA
0.7539
9.16251
2.3924
5.950445
0.087604
-1.2396
-1.6418
-4.3215
1.7783
1.439795
-0.8465
2.0877
1.1318
-3.2102
2.1149
1.3568
-1.6438
-4.74037
0.78902
-0.4176
1.3802
-0.4365
1.04546
4.2432
0.28571
-1.5552
1.4075
-1.76375
-0.7613
2.4483
1.3987
-0.5719
-1.6939
-0.494917
0.08561
-2.828
-0.4137
1.1956
3.7523
-1.8996
1.19035
-2.1058
-0.981
0.7023
0.8265
1.2098
-0.72169
-0.1225
-3.67207
-1.74347
-1.61393
0.0201
-1.668
-8.70087
-0.79938
0.51748
1.6739
-3.1364
-1.7229
1.5994
-1.35559
1.2913
NA
0.4085
-3.4766
1.5483
-0.72607
-0.075
0.8216
13.55934
-1.516
-1.4644
NA
2.802
-0.0055
0.9354
NA
0.1242
-2.6416
-1.5576
-0.359
1.4786
-0.4104
8.4386
-1.0423
-0.2737
-1.3978
-0.1428
1.3143
1.1601
-4.8479
0.8821
NA
1.04321
1.710207
0.90324
-2.37732
-2.3492
2.02282
-1.95575
-1.0119
0.2384
0.10124
1.8821
-0.0278
1.3111
-8.1677
-3.45322
-0.2949
-3.27843
-1.2732
-2.742952
-1.8335
-1.6048
0.0091
0.0343
0.2532
3.2769
-1.7138
0.2554
-3.253
2.1542
-3.288535
-1.873
-1.5498
-3.23667
0.69258
-0.245463
1.153078
-0.3845
1.14547
NA
-2.379
5.7518
-5.5066
NA
1.8776
-8.3241
2.671556
0.12927
0.01329
0.263
-1.006
0.4713
5.8219
3.0807
-4.08376
-0.5182
0.9031
1.4114
1.3136
-0.0683
-0.2955
-2.3256
-1.6164
-6.14932
NA
-0.1739
3.08742
4.7968
1.6914
2.4216
-0.0441
0.979
3.453939
-3.1817
-1.43207
-3.7218
2.7937
-0.5794
-2.1742
-0.159
NA
NA
0.6478
-0.7707
0.5253
-2.35121
1.9597
-1.90377
-1.12126
-3.9081
-1.31289
-0.727501
-2.1765
0.4136
1.1564
0.0249
0.32555
-0.89296
-2.0326
-1.43013
-0.4487
-3.37512
2.531713
NA
-2.0055
2.5238
-2.79669
-0.86675
-1.86766
-0.75705
-1.45912
-1.16496
NA
-0.1431
0.9436
-0.8412
-2.9692
-0.3146
-2.5554
-0.69112
1.7466
0.6182
-1.18431
2.9261
-1.2994
2.2823
-2.1444
-0.9711
-1.28822
-5.8126
-0.8656
0.066
1.0257
-0.5955
0.3534
0.87533
0.921018
-0.40566
2.714
-0.5387
-4.14408
-1.0171
1.9982
-1.886323
0.33945
-2.3007
1.0291
1.6041
-0.7005
1.9969
-1.42731
-0.6264
-0.6531
3.89438
0.05486
0.07683
-1.75641
0.39822
1.8559
2.0009
0.5324
NA
-1.2377
1.7545
1.594
-0.2001
0.07277
-0.9072
2.9046
0.1142
-0.39395
0.4583
0.96396
-4.1557
0.9178
5.29904
1.38663
1.3917
-3.68005
0.8292
-0.8201
1.1965
-0.19569
-0.04323
-0.37767
-0.57629
-2.52948
-1.17978
0.2481
1.9012
0.27186
-0.6219
NA
-1.459474
-0.7436
2.7684
0.089
-0.8552
0.8935
0.3596
-3.2901
2.5633
2.05001
0.2072
-3.777
3.249
4.0627
-2.201
-1.2337
1.3754
-1.4338
1.22132
2.841
-3.5246
0.6227
10.6443
2.03978
3.7878
0.0729
0.1558
1.371
-0.1081
4.1088
-0.5128
-1.7252
-3.759
0.5479
-0.907
1.9073
1.0675
-2.0771
2.3042
5.0071
-0.0386
-2.23336
NA
-1.7318
1.3608
-2.148
-0.9115
-6.6801
1.4453
-8.5637
-0.6774
-2.0499
-0.201
-1.7259
-0.5735
-9.0596
0.8536
1.2395
-0.6329
-1.7836
-1.1423
-1.829
1.5612
-4.6856
-0.5182
1.1733
0.0519
0.6541
-3.2683
-0.59057
-0.0148
0.9754
2.4948
-3.6517
2.8225
-0.4364
1.1163
-1.319
-0.87217
0.3088
4.34646
0.6285
0.2266
0.3107
-5.41829
-4.6071
0.3248
0.2929
-5.3811
1.0278
1.659
-2.8573
0.3672
1.3497
0.367
3.3856
-1.8527
0.7359
-2.47729
1.1614
NA
4.55338
0.9368
-1.0675
1.2842
2.0299
0.36953
-0.2791
1.7654
-2.0245
1.2635
-0.4905
-8.813
-3.08659
-0.3731
-0.2463
-0.3991
-0.2436
0.21203
-3.2069
-0.9115
4.0764
-0.05
3.075
-1.6424
4.2393
1.41733
-1.68385
1.3085
0.4969
0.7485
-2.052
1.9354
1.4651
-1.1847
-0.26813
2.66648
-1.5001
0.28035
-0.8547
-0.3235
-0.9494
0.11108
0.65997
-0.66684
2.83824
4.5367
0.4518
0.23329
-0.3957
1.06568
-3.4185
2.1615
-0.4364
-0.89226
1.213736
0.6614
-0.55844
-0.47236
0.84531
-2.52591
-0.5074
-0.75872
-0.40458
7.83576
0.05068
-2.312
-0.2615
4.166177
-0.14783
2.6582
-12.91329
-5.9667
-3.6933
-1.1274
0.42003
-0.83
-3.3264
1.6448
1.3278
-0.6277
0.0843
0.8151
3.106184
-1.3699
-0.4222
-1.8965
0.9864
-3.0064
1.9022
1.1215
0.3613
0.7783
0.3596
-1.0815
-2.9743
-2.0158
-1.5419
-1.1004
-0.7942
-1.4833
-0.8455
4.8074
2.0183
-0.0254
3.3207
-0.7163
-0.2241
0.3537
1.2111
-2.9566
-1.0051
1.8721
-1.64074
-0.9517
0.0418
1.3838
0.86501
-0.6901
-2.4512
-5.7267
0.1481
1.9284
-1.9578
1.1253
1.8343
0.422
-2.0414
2.8109
0.1549
-1.0918
-7.90972
-0.626
0.5768
3.3223
0.2305
0.8743
2.6774
-0.1226
-0.9089
21.498
1.1542
-0.1928
-0.7946
-2.8784
-3.7376
0.0123
-0.0086
1.9594
1.2198
0.351
0.5862
-0.8005
-0.0745
1.6982
3.058
-2.4602
0.4576
-2.01446
-0.1524
2.7648
1.1124
0.09773
1.1317
0.5911
-1.0939
-4.87392
-1.7239
0.8682
-0.1017
-1.6847
-1.8056
2.0926
6.8625
0.8959
-0.345
1.08155
1.66009
-1.9865
-1.3135
2.02813
-0.13719
-1.04325
0.48802
-2.0993
-0.1283
-2.64312
-1.38297
0.5229
-0.99681
3.0238
0.9808
1.5193
3.10594
0.18752
0.51421
2.09059
-2.73417
-0.7815
1.52512
3.3582
0.6476
0.5631
-1.0006
-0.8085
-5.0117
1.1947
-0.4716
-2.7649
2.1472
0.2437
0.9365
-0.1071
0.5948
-2.4416
5.2291
-2.1079
-0.1431
-0.5026
2.2133
0.8528
-0.12
-1.515
1.8602
-0.5042
-0.042
-1.4556
1.958
1.309
2.4266
-0.1299
0.5231
0.8692
1.9034
0.4758
-0.5339
-1.03619
1.4176
-4.6543
-0.54
0.4008
0.4392
0.6394
4.753
0.9638
1.9827
-0.3829
2.6958
0.6704
-2.3059
-1.6323
-2.2989
0.189
-4.2529
-1.6949
0.0852
-4.1156
-1.0114
-0.5578
-1.4658
-0.6787
1.4538
3.1643
-5.4797
-0.5787
-0.2153
-0.5161
2.3605
-2.4294
0.36
-0.5901
2.6845
0.4848
0.0855
-1.7576
3.1076
-0.76631
-5.3783
2.2287
3.428
-1.31137
-0.0135
-2.2561
-1.3508
2.96513
2.5337
-3.659
1.3551
-1.5404
0.2312
-0.47558
5.4366
0.6478
0.226
2.3924
2.4262
0.6677
-1.7138
-0.192955
-0.4822
-3.11355
1.49398
-2.6827
-1.75872
0.8619
0.3368
-0.2264
-2.4373
-0.11517
-3.2813
1.7774
2.4791
0.4809
-0.42723
0.4063
-0.57572
1.6661
-1.1249
-1.5686
-1.1019
-2.1131
0.4731
-0.0781
-1.17065
-0.19753
-2.7922
2.9474
1.54626
1.92798
0.13737
-1.0453
-0.7886
0.64694
0.18568
-4.3393
2.3621
-1.1324
-1.4245
-4.22444
-0.60084
-0.024
-1.0318
2.08256
0.4297
-0.1332
1.79584
0.0464
-1.8135
-1.2688
1.436
-5.3165
-7.08696
-0.7151
2.5726
1.0042
-0.19249
0.29564
-2.07497
-1.6085
-2.83266
0.675812
0.46582
2.0959
0.74621
0.8438
NA
-0.8438
0.72507
1.2293
-0.085
-1.3337
2.091
-0.02928
-1.25674
0.669698
4.3393
0.4679
-1.0883
-3.2502
0.229921
-0.099022
-6.9045
7.3632
-1.83806
0.20583
-1.30403
0.47011
0.13485
-1.22968
-3.4581
1.23604
4.2512
0.9011
-0.3665
-2.09578
0.8748
-1.05906
-1.1213
-0.2539
0.9652
-3.3436
1.7361
-1.11337
0.0129
4.1184
0.17208
-2.2107
1.55119
3.4083
-7.27424
1.6824
-0.0836
-0.89344
0.56338
-1.70838
0.94447
-1.6906
-1.48886
1.86675
0.81527
-0.0486
-0.7305
0.3663
-0.6702
-0.52905
1.9211
0.0039
-0.1129
-4.23636
0.1129
0.0039
3.92396
0.9133
-1.5775
1.0219
1.63231
-1.3857
-0.181
2.37412
1.12713
3.1855
-2.29032
0.34123
1.47708
-1.8083
-0.57979
2.94868
-0.1684
-2.43473
0.51369
-2.4011
4.03121
1.87357
-1.64354
0.94779
-1.5573
0.0175
0.38959
0.2886
0.83381
-1.8482
0.2886
0.063
0.2886
3.42013
-0.0504
1.70374
-0.1684
1.3336
-2.96121
-1.3051
1.275
-0.66087
4.5488
1.5206
1.01613
-1.6507
-1.199
1.6522
-1.4096
3.8064
1.5166
-6.1742
-1.514
-1.4617
-4.7068
-1.9533
-0.8945
-0.65955
-0.7976
-0.9221
0.3537
1.2892
-1.8837
-4.9694
2.6185
1.48577
0.1016
-0.69116
2.1448
2.1999
-0.361064
-2.726
1.7197
0.28029
-0.7221
-0.4139
-0.0071
-1.3653
2.2801
-1.6811
-0.39857
-0.9212
5.0323
0.0359
NA
0.8378
-0.1265
0.1702
1.0825
0.0242
-0.5566
-1.25343
0.6483
-1.1478
-0.30977
3.40111
-0.6457
1.601643
0.52334
-0.0692
1.385
-0.4678
-0.5711
0.92337
1.08101
3.2958
NA
-0.2521
-3.7
-0.4213
1.4856
1.28009
-2.2383
-2.3465
-0.2366
0.8594
1.02374
-1.8942
1.3474
-0.2765
-0.1379
1.8352
0.5688
NA
-0.53552
1.8163
1.4535
2.6141
-1.2576
-1.4315
1.1506
0.9192
2.7552
0.4303
-0.51537
1.221
2.477
-1.9867
0.81803
2.40801
1.5384
NA
1.6204
-1.10581
-0.9175
0.564
-3.5293
1.44526
0.0243
0.3666
-1.74644
-1.0199
2.9262
-0.56174
-1.1368
-2.4521
NA
2.1453
-3.50585
0.644
NA
0.06933
-4.74
-1.1002
1.299974
0.74098
1.9703
-0.758
0.3341
-0.1892
-0.138355
-0.3419
-1.51817
-0.6526
2.2372
-0.61652
0.6818
0.7064
4.1704
-2.04015
0.2123
-0.3587
-0.8543
2.3475
2.0425
-3.36369
-1.43323
2.4273
4.8515
6.8234
-1.3002
1.3855
0.3934
0.217
-0.8902
-0.33595
-2.24424
1.6735
0.2995
-2.89196
0.3861
0.27455
0.25904
-3.37274
0.30839
-0.55715
0.1938
-2.143461
-2.9089
-2.2504
-3.0846
1.27772
-2.80498
-0.3469
1.4957
2.635
0.7703
-2.2749
-0.2539
-2.0173
4.9698
0.4103
0.35939
NA
1.727
2.5487
-0.2153
-1.460213
-1.3854
2.18742
2.03953
-0.1804
2.44248
-5.130827
1.80387
-3.4302
6.4074
1.1646
-5.9667
-1.3799
1.269
0.9447
-0.1796
2.47061
-0.6121
-0.003979
-1.9621
-2.6741
4.2502
0.763
-1.5893
3.2112
1.79505
-1.1604
-1.3081
3.21753
-1.38311
2.3397
-0.274
1.80607
3.5624
NA
-1.9347
1.0759
1.2884
-1.9054
-1.67611
-3.2554
2.29594
0.7182
-6.5602
0.73454
0.2147
0.763
1.427257
5.1343
-0.8277
1.2193
1.5077
0.40877
-5.6332
-1.0393
0.2528
1.1516
-0.4207
1.6186
-0.2301
-2.0138
-2.37677
3.1233
-2.5382
-2.8598
1.4692
-0.6776
-1.4231
3.0723
0.4359
4.0351
0.4359
0.40319
0.3119
-7.6645
-1.569369
-0.218
-4.10427
3.52187
1.9228
0.34306
-4.6967
0.4604
2.16064
2.6842
-2.183
1.5428
-1.027809
1.72609
-2.513146
-2.8552
-0.0161
3.13774
2.5828
3.0001
-3.8241
0.92957
0.89986
2.41407
5.0942
1.919
NA
1.516
2.16301
-2.92778
-0.8207
2.0509
-0.2696
1.63479
-4.2461
-1.1093
0.1688
-1.5958
3.3385
1.45795
-3.1861
1.102717
0.07385
-1.366
-1.9104
-1.24868
1.6207
-3.7052
-1.81464
-0.5139
0.130555
-0.8351
-2.1867
2.48269
0.8001
3.8493
-3.197
1.3423
-10.977
3.68955
0.8984
-0.4465
-1.836
-0.230306
1.2581
-2.46674
1.6501
-2.6004
2.82171
-3.2137
0.14008
-2.1574
3.09821
2.88969
-0.0291
0.0079
-0.0147
-0.76778
-0.9231
1.1282
-4.4632
0.2886
0.93107
11.0536
1.0634
-0.00643
1.25004
2.5111
-2.9829
0.7888
-2.2409
0.35926
-1.0162
2.166
-1.6458
0.276
1.66661
-3.1369
6.0374
-1.8297
-1.1847
-0.2606
2.0893
-1.4071
-0.60927
1.4564
-4.4362
-1.02404
-1.46147
-1.03832
NA
-2.45394
NA
3.0093
0.4139
-0.8296
0.5333
2.210195
2.9046
-1.99254
0.0546
1.7842
0.7775
-1.0343
0.4098
0.0997
1.2482
-0.77825
-0.3208
0.8493
-0.1817
1.2394
-1.20807
-0.01639
-4.7182
-2.0462
-2.35005
1.82739
-0.8907
1.71043
2.3002
-0.2716
-1.0973
0.63158
1.00429
-1.2029
2.1542
1.0249
NA
1.9969
1.75887
0.84649
-2.38439
1.0257
1.01819
2.2261
1.0876
0.713882
1.2509
1.4023
0.6604
-1.68787
4.1124
-1.4268
9e-04
-3.73192
1.3423
1.0375
1.1566
0.408049
-0.2395
1.5511
-0.7724
2.5451
0.8651
