-1.4735
-0.3573
0.3467
-1.8685
-6.4018
-0.0354
1.6502
-1.3389
1.8295
1.6418
2.2388
-1.8022
-0.2066
3.3262
0.9994
2.5119
-3.8521
-0.5039
-1.3045
-0.7369
1.1215
-2.0414
-1.03549
-0.8752
0.3343
NA
0.135
0.229
-1.09939
-0.144
-0.8602
1.8166
-0.5885
-1.3458
1.0149
0.1272
2.6423
1.4189
2.5835
0.9734
0.0582
1.9167
3.4664
-3.27467
-2.9964
-0.5761
1.3982
-0.1004
1.6436
-3.6296
-3.6048
-0.056
2.4104
1.7039
1.2445
-0.9082
1.5382
0.8053
-0.7193
3.8169
5.3357
-1.9463
1.9114
2.8933
-6.1426
0.55413
-1.0104
2.9766
3.6772
0.8892
1.3722
-2.7544
0.346
2.1788
0.0657
-3.808
-0.9016
0.5784
1.6571
0.0881
1.8859
-3.7383
0.3109
-0.557
-1.5449
-0.217
0.61
-0.1158
-1.6697
1.8725
3.0019
-2.8718
-1.9543
3.70443
-0.3524
-0.2793
0.0246
-2.05485
0.4534
0.105
-1.8605
-0.0655
1.20962
-1.1253
2.8078
0.536
0.6769
0.3384
2.2217
5.8513
-3.1293
0.321
-0.6815
-0.39209
1.5672
3.3325
0.7577
0.8022
5.10908
-0.30323
0.9172
0.37606
0.2366
-3.3128
-0.268
-1.268
-3.9538
-0.9149
-1.0562
2.253
0.8947
0.413
-0.2482
-1.6196
-2.8794
0.1089
0.1751
1.62419
-4.3145
1.9369
0.7757
3.704
3.651
0.207
-1.853
2.088
-2.966
1.387
-0.177
0.457
0.435
-7.311
-0.482
-1.255
-0.126
-2.493
0.633
-2.921
1.18
6.84
0.307
0.971
0.391
1.184
0.688
-2.814
-2.2415
1.7297
1.4731
-1.0891
-1.0503
-1.2397
2.7899
0.9274
-0.2857
3.6608
-4.27888
-0.4419
0.541
2.34076
-0.46418
0.7886
0.22278
2.6746
-0.07309
-1.3218
2.043
-1.231
-2.795
1.50897
1.173
-3.048
1.274
-0.9184
1.1264
-0.3073
-1.5105
2.7939
1.0501
0.7977
-0.1228
-0.1429
2.9196
6.7717
-0.8434
-0.452
-2.4129
-0.087
-0.0453
0.5075
-0.716
-2.0736
1.2941
-3.1455
-0.3287
1.8638
1.6152
4.0425
3.6509
-0.7643
0.9147
-0.9977
-2.9737
0.31592
0.86998
2.85874
25.3806
-0.38153
1.05719
1.77839
-3.78185
2.1572
0.4531
2.4012
-0.6166
1.874
0.4737
0.6831
1.6632
2.5479
1.4307
1.3755
0.1585
-2.6801
-2.21301
-0.7628
1.6552
-1.4758
-0.2627
-2.222
0.9586
2.373
-1.2524
-0.2262
-3.6105
7.8619
2.5781
2.9342
-4.1909
5.7439
0.8319
1.9312
-1.0246
-1.0675
-2.8603
-2.6717
-1.2239
1.2115
1.0651
1.4757
-0.8566
1.7252
1.0674
-0.1739
-1.0921
0.5871
-4.3317
2.0194
-1.1809
1.9945
1.423
-5.4092
-0.5974
1.4765
-0.4071
-1.7664
-1.2291
0.9422
0.1279
-0.6965
-0.2654
2.1115
-0.0185
-0.3566
-0.8146
0.393
-0.0358
2.15626
0.00871
0.88994
-1.74648
-1.6718
1.08647
NA
0.6737
-1.6538
-1.48176
NA
0.4621
-2.4511
4.5241
1.3961
0.4626
-2.818
-2.7174
0.6275
0.1529
9.9715
4.4458
1.5869
0.0258
0.866
-5.3146
-3.1222
-3.0916
2.6332
-1.6966
-0.4103
4.2903
-0.6419
0.8285
2.0183
-0.3592
-0.6479
-0.6661
-2.974
-4.0872
-0.5241
-0.3027
0.8752
-1.3949
1.4793
4.136
-1.2767
0.3768
1.8855
-0.0779
3.4674
-0.0137
1.7771
0.701
-1.0437
0.1286
-2.596
1.0295
0.5004
1.0863
0.1249
9.00459
0.8425
-0.0931
0.7917
-1.1681
-0.8493
-0.00298
-0.1318
1.514
-0.136
3.7171
1.7997
-0.1678
-6.7332
1.1904
-1.7502
-0.8908
2.7121
2.1677
0.7859
0.5023
2.98
1.007
2.31835
-1.6995
0.4968
-3.1477
-0.2784
1.07975
1.3182
-5.8126
1.8866
-0.3301
3.3234
-0.5214
1.5071
-1.0816
-0.8418
-0.8266
-0.4109
-0.6539
-2.6334
-1.3705
1.3199
1.6944
-1.0789
3.33
-3.0721
3.6697
1.16227
4.6394
-0.75543
-1.40186
-0.84723
NA
1.5773
NA
NA
4.77876
-0.28304
-0.78548
-4.0154
3.6991
0.1269
-0.3731
0.9916
1.0011
-0.1165
-1.0054
-0.0542
3.2783
-1.33367
-0.50472
1.2395
-0.8289
4.5769
-2.788
-3.8521
-0.7292
1.3608
-0.1102
3.2342
-0.9955
2.76164
0.8134
-0.1084
-2.3777
5.0136
-0.3095
-0.2377
3.0635
0.33376
0.6887
-0.434
-0.3611
-5.9682
0.0523
-0.2645
2.18216
-1.4112
-5.476
1.073
-3.208
-0.527
0.7962
-3.1055
0.3481
-7.4754
-3.6347
0.4472
-1.4193
1.65428
-2.1137
-0.9969
-1.5234
1.25049
-2.2184
3.989
2.16485
-0.61525
0.6037
-1.1722
-0.51303
1.226
4.1969
0.9485
0.048
-3.58885
1.109
-0.4133
0.8574
-0.23
0.0451
0.7026
-1.1044
-5.846
-0.9789
1.1153
-0.08435
-2.62643
-0.4696
0.3371
-0.383
-1.4775
-1.6955
0.3546
0.976
-1.6797
-0.7916
-0.4644
-3.41374
-1.0823
-0.9237
-0.379
-1.381
-2.595
-1.977
0.706
-1.7248
-1.2336
-1.8802
-0.6969
6.0764
-1.512
4.0008
0.0442
-0.8152
-1.5061
-0.442
-2.2819
1.381
-0.7693
-3.8561
-3.8664
-1.222
-2.492
0.8361
2.2323
-0.43591
0.22415
-2.2244
1.94356
-0.45136
-5.2964
-0.3844
1.0253
-1.2608
0.5154
-1.0646
-0.1278
-0.0934
-3.9501
1.069
0.841
2.618
0.305
-0.901
1.4991
0.5629
1.0251
-0.1593
-1.7294
2.5414
-3.42773
-0.0129
-1.3873
1.56573
1.1506
-0.2037
1.96758
1.61877
NA
1.4854
-1.2229
0.3624
-1.9367
1.194
0.1509
0.8831
-0.8072
3.1766
3.0569
-2.4136
-3.5098
1.253
1.5033
0.4782
-1.4991
0.7792
-1.6387
-2.7165
3.3175
1.8237
-1.1606
0.5079
-0.7083
-0.537
1.2676
0.4605
-7.3065
-0.0116
0.831
-9.3338
5.8859
-8.0844
2.9718
-1.9009
-1.9238
-0.993
0.9245
-5.7568
0.234
1.355
-3.7802
0.0446
0.1135
2.7662
-0.071
1.8877
-4.3317
-0.5802
0.885
-1.3028
14.616
-9.7929
-0.6251
0.4011
-2.9875
-1.918
-0.6251
-2.7281
-2.4524
1.205
0.415
-1.084
-0.8052
0.9358
-3.8634
1.4536
0.3983
-1.3212
-2.7535
-3.0787
0.765
-0.1364
1.381
0.147
-2.4139
-1.92
-1.405
-0.8176
-1.3316
-0.5195
-1.3911
0.547
0.9
-1.6234
-1.8506
2.2416
0.6003
6.8453
-0.5344
-11.0204
2.227
0.809
-0.3346
0.9541
5.4662
3.9392
-2.9502
0.2984
0.8729
2.6779
-0.2906
-0.7919
3.1108
1.2636
-0.5121
-2.0852
-2.2667
-2.712
-0.2242
-2.4245
1.4971
1.0106
-2.8552
-1.6188
-9.6023
0.8924
-0.1087
4.5528
-0.2791
0.1428
-0.3097
NA
1.0543
NA
-0.79947
3.4004
-0.10666
2.7235
-0.4385
1.70606
0.4852
-6.5918
3.7975
2.8487
-4.0788
-3.1918
0.1716
0.6746
0.6054
2.8831
0.2967
0.64827
0.30727
1.09135
3.28678
-0.71633
1.0632
-4.1241
3.8892
-0.5698
1.4267
1.9458
-2.468
-0.8055
-0.8328
-1.0807
10.7135
-5.5869
-1.2122
1.5755
2.5346
-0.4746
-0.2326
0.49058
2.656
-1.4567
1.1115
0.545
-2.224
-3.4013
-1.5547
3.5669
0.5822
-4.3375
1.9652
-1.6787
-0.7701
1.9531
-0.6665
1.5781
-0.974
0.8758
0.07904
1.4837
2.011
0.0797
5.0447
3.3341
0.52629
-0.58628
-0.5566
2.9316
7.1718
-0.219
-1.809
-0.8054
-1.3827
1.2604
-5.6953
1.6631
0.831
-1.2248
-1.9164
-1.9228
2.054
-3.955
4.1625
-1.3191
0.4673
-1.1943
0.53
-4.4632
0.0246
-0.3839
3.7694
-0.0942
-2.694
-0.68
0.255
-1.2824
1.9132
1.364
0.7516
-0.4154
-0.6069
-3.0585
2.6881
-3.9279
0.0652
5.181
-0.4227
-1.6044
1.147
-2.7197
-1.0994
0.1463
-5.4848
0.8525
-0.6448
1.1619
1.1482
1.908
3.0357
-3.1851
1.295
-2.267
0.4592
0.8343
0.0822
1.6806
-1.2116
-0.572
-0.118
-0.359
-0.661
-0.24105
-2.8861
-0.41194
0.32109
-2.95033
1.0675
2.5475
3.2086
2.3039
-1.1108
-1.6139
-1.2051
0.4312
15.146
-1.33537
-3.3302
-1.1916
NA
-11.35
1.9226
5.9478
-1.1678
-2.5443
-0.2657
0.3766
1.1632
4.6652
0.3097
0.7123
0.0067
-0.2067
-1.3646
1.3502
0.4635
2.5661
3.3998
1.6414
0.0851
5.0139
1.3973
-2.1857
1.6817
-1.197
2.9927
0.328
0.7367
2.6726
0.4735
-1.4604
2.8995
0.8604
-0.5239
1.2222
1.9238
-1.8321
2.5553
-0.7499
-0.8115
-3.9754
-2.8486
2.4715
-0.8851
1.2136
-0.2963
-0.1671
-0.6047
-2.3957
0.4138
4.4574
5.7468
-0.1527
0.8527
1.4133
-0.8769
-1.59284
5.1042
-0.806
2.92689
1.1282
-0.555
0.3493
0.4663
0.468
1.3692
4.41061
-1.79871
-0.9191
-0.1542
-0.78971
-2.54146
0.0555
0.9625
0.6284
2.639
0.9564
0.0541
1.5294
-0.7254
0.4546
-0.5353
0.0101
5.8615
5.1146
-2.6461
3.432
-0.1381
1.7453
-0.6966
-3.489
0.1711
-3.1258
-1.9608
2.6107
0.5582
-5.8537
2.4954
0.9786
-0.7974
-1.16411
-4.7476
-0.519
-1.0769
3.8314
1.3225
-3.8987
-1.16856
-2.4221
-0.4412
-2.4299
0.8611
-2.5093
-1.9408
-0.77714
-1.69384
0.1595
-3.76239
3.14698
-4.5561
0.63349
-0.7893
0.0725
-0.9437
-1.4649
-2.4749
0.4415
0.5913
3.7146
0.33539
-3.9557
-0.4869
0.5073
5.6847
-2.9638
-1.4986
1.0806
0.1379
-1.3445
-0.9793
0.8456
0.5203
4.4575
-3.3429
1.1209
-2.9459
2.8976
-0.6683
0.6742
-2.19
2.37744
1.0817
5.6061
-0.253
-0.1349
0.8404
4.912
-0.4514
-3.7161
-0.2349
0.8136
1.1371
-0.4804
0.8497
0.0102
2.2788
-1.8281
0.5697
-0.9546
-0.8321
0.654
0.3215
6.8769
1.4998
-2.5765
1.9576
-0.292
-2.4183
1.98894
-0.01809
-1.4641
-0.769
1.0333
-1.20722
1.973
-0.4521
1.4811
0.5447
0.6234
-3.1261
-0.28516
0.2909
0.6051
-0.7329
1.4693
-1.9335
-0.6021
-1.9505
1.01806
0.83252
2.2483
-2.7141
1.3246
-1.2428
1.1968
-0.0789
3.272
-1.0954
0.7308
-1.673
-1.58239
-1.267
-0.5108
-0.8705
0.925
1.5475
0.2024
-1.0436
0.0613
2.4763
-4.0465
-1.8568
-1.3699
-0.0313
-2.2646
-1.4829
0.7112
0.692
0.1602
0.8066
-5.2992
1.58607
3.6093
-0.227
-0.5566
2.5119
-3.5575
0.5407
-2.2289
0.0499
1.4394
-2.0566
-1.5113
3.1674
-0.1488
-3.3611
-0.00517
-2.6109
-0.7445
-1.387
-3.3849
2.39013
4.6054
-0.1495
-5.0059
0.3005
0.0049
-2.1353
-0.61076
-1.4476
-9.1285
5.6292
-2.2022
0.5752
-0.6316
1.7126
-2.6776
1.6089
-0.4352
2.636
7.574
-0.4116
0.7483
-1.92322
-0.1554
-2.8346
-0.3949
8.1093
4.1753
NA
-0.8447
-0.7862
1.636
NA
-0.1318
0.3496
0.1701
5.5254
0.2288
-1.4105
-3.4295
0.33
0.4327
0.0677
0.0471
1.7405
0.8756
0.3773
-0.6517
4.5441
-0.592
-0.80391
-0.7486
-2.3605
0.0031
0.83923
-3.9119
-2.4236
-1.4102
1.8879
-1.228
0.3426
-2.2703
-0.22318
0.4727
NA
2.3604
0.978
-1.8797
3.4505
-1.18868
1.3816
-0.2673
2.1891
-0.5887
0.0323
1.9169
2.5714
-0.4612
-0.7285
-0.6622
1.3282
0.04802
0.3024
1.4335
-0.551
0.5655
1.19108
2.0794
NA
-3.1229
NA
-2.0025
1.1987
2.0057
0.63305
0.8497
-0.34
1.64112
0.0601
-0.768
-0.9412
-2.3823
0.97029
-1.0264
0.2949
-0.2714
1.902
-2.2019
-3.17761
0.0865
1.6721
-0.9392
3.7661
-0.8559
1.238
4.5422
1.6347
-1.1076
-0.0486
-5.8266
1.7205
-1.1076
0.9893
3.0026
3.129
-4.4251
0.2965
3.4027
1.4929
11.255
-1.4957
-1.1784
-1.0937
0.1692
-2.239
-1.11447
-0.046
0.00768
0.4136
1.727
2.3378
-1.3062
0.433
-6.9998
-3.0077
-10.1197
-1.0806
0.8936
1.1261
-0.2088
-2.111
-0.5557
2.8723
0.1204
-1.4651
0.645
-1.003
-3.025
1.5058
-0.9035
-0.271
-0.1036
0.1604
-6.3619
2.584
NA
0.50124
0.8443
1.1674
1.3034
2.779
-1.074
0.0634
3.4963
0.7651
-3.6562
-0.5303
0.4824
3.4653
-1.3377
4.567
6.0335
-0.7242
0.7248
0.2555
0.0435
1.1267
-0.9614
1.2649
1.03
0.63953
1.2028
-0.08375
3.4312
NA
0.096
1.9501
-5.8689
-2.537
-0.0492
3.3379
-0.20092
1.8893
0.9577
-4.689
-0.7104
-5.3811
2.4406
0.1081
0.5479
0.5549
0.3547
-0.5561
0.8988
0.18337
-0.3039
-0.40881
6.3305
0.583
-4.407
0.2396
-1.6148
-0.7484
-2.8305
-0.3554
-0.433
0.458
-0.835
-0.1161
-3.9303
-1.5169
3.7368
-1.0856
-1.4027
-0.6809
-0.3307
0.75305
-0.659
1.0229
-1.49308
-1.2109
-1.3125
0.2124
-0.1232
0.3371
-0.4035
-4.0654
-1.3004
0.77868
1.2193
-1.36293
0.4345
-6.15554
-2.3339
0.5726
1.6865
-1.073
-2.1978
-1.4285
-0.2277
0.42393
0.09753
NA
-0.3518
1.57435
-0.56147
-0.82171
1.9902
1.5002
-0.452
-0.9624
-0.5526
-1.4366
-0.7822
2.2339
3.5888
1.3599
2.5282
0.4
-1.2772
2.53996
7.485
-9.1285
0.3369
0.0272
-0.6771
NA
0.0716
0.4548
-0.7628
2.2457
-0.52681
-1.129
0.489
-0.59513
-2.2355
0.1416
0.9364
-0.8224
1.7583
-0.3392
-2.9084
0.0536
NA
1.2626
-1.94896
-0.3604
-1.1597
0.2841
1.5561
-1.2553
-1.391
-3.832
NA
0.2862
3.25312
2.1859
0.8032
-1.6812
1.6966
-2.74
-3.0342
3.0763
-1.038
-0.64492
1.1963
-0.30027
-1.0428
-2.0483
0.6739
-0.65693
NA
NA
NA
NA
NA
NA
NA
NA
NA
NA
NA
NA
NA
NA
-3.82646
-1.4247
-0.479
NA
NA
NA
NA
-4.2211
-1.5401
0.66053
0.5162
2.1128
1.3623
-1.341
1.03
3.1768
0.1928
1.0373
-1.34
-2.584
-1.184
1.0521
1.196
NA
NA
NA
-3.1492
-0.777
-0.1716
-0.409
0.7748
0.8849
-5.2011
0.6563
2.429
1.7587
0.8459
-1.04403
-0.6771
2.53282
2.9248
4.0874
-0.6579
0.3565
0.0759
-0.9683
-0.98
2.0456
-2.2019
0.3603
1.4714
NA
-1.4314
2.96348
NA
-0.57774
0.3465
-1.2478
1.0542
-0.4344
-14.173
5.01561
-2.6869
0.5981
0.2123
2.3228
1.1765
1.0004
2.3777
-0.7702
0.455
2.3665
2.0343
-4.2211
4.2211
-2.717
0.326
-1.1124
5.3431
-1.8834
-2.2042
-0.2501
1.37269
3.17249
2.4478
-2.818
-0.1428
-3.4464
-1.9238
-1.5209
NA
0.8411
2.9854
-0.35951
0.942
-0.3778
1.5012
3.6679
-2.052
NA
-2.7285
6.6107
-3.1497
-1.7353
-0.48924
0.4784
-2.144
4.0761
-1.5836
1.6081
NA
1.2191
0.7747
-0.482
-6.222
-0.0546
-1.885
0.7311
3.2096
1.2709
-0.5938
-2.1797
NA
0.4884
-1.0078
0.75108
-1.0379
-3.0317
2.547
-0.247
-1.8981
-2.279
-2.3357
0.1169
1.1777
0.3859
-1.853
-0.1395
0.43
-2.7225
-2.779
-0.3647
2.3379
6.1168
-0.13169
0.2623
-0.47562
0.872
1.02816
NA
-1.3694
-0.6986
-1.5027
-0.195
0.2524
2.28415
3.1653
0.8711
0.4289
-1.82472
1.4556
-0.6743
-0.1527
-0.1588
1.9578
1.1582
0.8987
-0.3989
2.105
-1.7163
-0.0408
-0.0507
-0.02627
1.6714
9.5007
0.326
1.1339
-2.1317
1.184
3.5384
-3.1437
-0.3469
NA
-0.449
1.4647
1.102
-2.3815
NA
2.1524
-3.8856
0.7564
-1.0675
1.6368
0.8594
-0.77193
0.256
-1.403
NA
0.9716
1.2008
-1.2829
-2.987
-0.14106
-1.5997
0.7565
3.2143
-1.90543
1.415
-3.4952
0.6068
1.9927
0.446
-1.1901
NA
-1.2016
-2.0335
0.2914
0.214
-3.195
-1.1579
2.4511
1.3883
NA
NA
1.7782
-1.1773
0.8193
-3.6975
-7.5321
1.58778
-0.1487
-0.15005
2.3397
1.4862
-0.32409
0.213
0.6674
0.103
-0.9382
-0.419
NA
-0.46277
-2.9367
-1.3964
1.634
1.9969
-0.9327
NA
0.2384
-0.0824
0.0815
-1.0354
-6.69225
0.9994
0.548
12.383
0.0302
-0.1864
-3.5025
-3.4705
4.5258
1.0903
-0.4979
-1.3041
-0.1238
-0.6563
1.0806
2.6886
NA
0.1279
-3.138
1.0295
1.32371
-1.3702
-1.2847
0.2981
0.5927
0.6009
-2.9112
1.1614
0.6999
-2.1963
NA
5.03
1.496
0.1024
-5.00382
8.6773
0.54
-2.2052
-0.8267
-3.5754
-2.0358
-0.67403
NA
1.4686
-0.1164
-2.0184
-1.4209
-3.7765
-0.157
-2.8299
-0.44552
-1.8634
-0.7461
-0.7497
4.2263
1.91082
-3.9434
0.404
-4.2275
0.2003
-1.2903
-1.20832
1.5396
-11.1063
-1.7467
-1.516
-3.4157
4.689
1.134
NA
1.4738
-1.168
0.1916
-1.4382
0.1021
1.37303
0.58188
-4.729
NA
-0.4556
0.688
1.71
-3.0015
-1.396
NA
-1.1859
0.4892
-3.8574
-0.61496
-1.8335
4.8497
0.0325
2.2093
-0.6952
3.5481
-2.0042
-0.2949
-1.4798
0.3784
1.0974
-2.0252
5.216
NA
-2.0313
-5.514
NA
0.3109
-1.6909
-3.485
1.9084
-0.4784
3.2475
-1.3112
0.2691
-1.0951
-1.4862
-1.979
-1.6021
NA
2.0821
-0.5507
1.706
-0.1493
-0.4419
NA
2.0749
-3.1817
-4.02
0.6192
NA
-0.8784
-1.7555
2.8679
-1.8712
-0.4613
-5.4575
0.1392
-0.6613
-0.9132
0.3906
0.327
-2.283
-1.02407
0.1467
-0.2174
NA
-2.0055
1.812
3.2555
-4.0084
-0.9055
0.733
-2.295
NA
-5.6668
-3.6161
-0.855
0.126
-0.8271
-0.9588
-1.3921
-0.4055
5.8513
-1.015
-0.1744
0.5385
-0.2103
1.264
-0.3439
-0.8697
-0.26159
-1.063
-0.9148
-2.9714
0.28
1.9969
-1.2936
1.2467
0.7542
1.9969
NA
-2.4197
1.7144
-0.9912
-3.65862
1.146
-1.1149
-0.8563
0.3276
-1.5948
-1.604
-1.7901
2.6476
0.0282
0.3091
-0.0943
2.7553
-0.4765
-0.8019
1.2239
1.4276
3.249
3.9157
0.9423
-4.0427
9.4618
0.0729
0.103
1.6364
0.7736
-0.6828
0.1939
-2.6904
3.2261
-0.5144
2.6842
-1.3185
-4.04
3.6545
0.2873
2.0692
-3.2866
1.2136
-0.9115
1.0989
-2.3558
-0.201
-2.0946
-0.297
1.2395
3.8168
-2.0398
0.2651
-0.0814
-0.6197
-0.264
0.7444
-1.4126
-0.4698
0.8778
0.67364
1.0386
2.4001
0.2929
1.8111
0.6119
-1.2976
-1.94
1.0211
-1.5369
NA
4.1865
1.9822
-0.6488
-0.211
-1.925
-1.3326
-3.6644
0.1855
-0.9115
0.6197
0.7426
1.2911
-2.2257
-2.0672
0.5712
-1.5801
NA
-1.6198
-1.801
-0.4128
1.3906
0.7293
-0.4792
-0.7107
0.443
-3.6268
1.202
-0.3789
-0.669
0.7271
0.5074
-1.6951
1.0796
-0.5566
19.3522
0.22726
-1.63439
2.014
-2.3836
-4.56296
-0.6328
-0.2269
-0.6277
-0.2189
-1.2538
0.3256
0.9864
-1.7584
-1.6466
1.1215
1.5953
2.0546
-1.2547
-0.8735
4.3286
-0.693
0.0194
-0.433
-0.3612
2.04783
1.5358
-0.9909
-1.3392
0.7336
0.1279
-2.2026
-0.0464
2.2478
-0.6235
0.0556
-0.6486
2.3357
0.294
-0.9239
1.1291
-0.4649
-0.6463
1.8228
1.4791
-0.5967
-0.7929
-2.4602
1.2109
1.0848
-3.6328
2.1987
1.6394
2.3604
-6.0651
-0.3589
-1.6386
1.2674
1.7925
6.8489
-2.023
-0.1536
-0.327
0.4824
0.1348
-0.4728
-1.4696
0.4405
0.8277
-3.2469
-2.9711
0.7906
-0.7958
0.6578
0.3195
-8.7088
-0.0843
-0.4501
-2.6544
-2.0865
-2.1554
2.2034
0.1323
1.6851
1.1457
2.7639
-0.4038
0.4307
-2.0962
4.2363
-0.5747
0.4654
1.6217
-0.8705
-0.2379
1.2623
-0.9638
-0.7542
-1.60786
0.1067
1.1018
0.128
0.978
0.3173
-1.9617
1.9463
-4.668
-3.3674
-0.327
2.5347
2.4786
-0.5314
-3.3894
2.788
-4.8395
2.3086
-4.5564
-0.5765
-1.2493
0.0286
0.6192
0.6677
0.17
-0.233
-0.285
0.9449
-0.5786
3.4736
-0.2377
-0.7278
0.2214
2.6987
2.5708
0.1966
0.3154
0.7863
0.2202
-1.5836
-4.0609
-4.1388
-2.2277
0.0329
2.4261
-0.03638
2.9147
0.7862
2.4199
0.8582
-1.2368
-0.2973
-0.2996
-3.7061
-4.385
-4.4563
-0.8052
0.883
-1.1106
1.042
-2.613
-1.2688
2.8428
2.9811
-0.2257
0.8037
-0.095
-3.7636
-1.027
2.187
-0.9612
1.7249
0.1808
2.6227
-3.2458
-0.83
-1.163
2.556
-6.1957
0.7177
-0.6413
-0.37812
-2.8045
1.01
-1.93281
0.861
0.414
2.251
0.1025
0.48549
-7.3048
-0.799
2.20441
-2.2323
1.4299
-0.39875
-3.71339
0.05062
1.0953
-1.44
1.3015
2.96393
0.8458
0.50228
1.48276
1.3522
1.5287
1.0732
0.5923
0.18892
-1.3316
1.5287
-0.76701
-4.0417
-0.0504
-0.7807
-0.83322
-3.28048
-0.52208
-2.89987
-2.18459
-0.29592
-1.941
1.8625
-2.017
-3.8521
-1.55228
-0.8914
-0.4015
-5.359
-1.9621
-1.05688
3.43713
-0.0143
-0.0131
-1.0712
-6.4486
-1.9007
6.3479
2.5555
1.7197
-0.1159
-0.7958
-0.4638
-0.4388
-2.4216
-0.10629
-0.1413
2.1681
0.1702
-0.4494
-0.4247
0.0242
0.5717
1.7418
-0.1671
2.1562
5.54598
-0.6435
-0.4902
NA
-0.3441
-3.2853
1.1904
-1.1297
NA
-0.1372
-2.486
-0.7383
1.20028
0.4707
0.4227
1.8759
-2.8693
0.3801
1.6812
NA
-0.6901
-0.6614
-1.25492
-0.709
1.3919
-1.0478
-4.6527
-3.9398
NA
2.43969
0.5182
NA
-4.3636
-0.979
0.404
-2.1162
0.2264
3.0415
0.688
-0.0673
0.8068
0.54
2.0739
1.3704
NA
-2.533
4.2502
-1.3002
1.3988
-2.7978
0.8273
-1.71
0.0846
0.801
-1.6733
-0.4952
-0.0343
0.9948
1.9427
-0.3722
0.999
-2.4413
-0.0158
-3.749
0.41
NA
0.8652
-1.118
0.0383
-3.62768
5.2085
0.04708
-0.5254
0.1016
-0.994
-4.242
-1.9621
4.2749
-1.3081
2.3734
-1.3684
NA
0.061
0.942
-5.2438
3.6172
-6.5602
2.291
6.7211
-1.0207
0.91781
0.5327
1.6519
-1.996
-0.4207
3.453
1.2123
-0.0225
4.0351
-5.4379
-4.041
0.3998
0.2915
2.6788
-0.0992
0.479
NA
3.6626
-3.897
-3.112
4.3223
1.3055
-0.1285
2.206
0.087
5.0867
3.7139
NA
-0.7223
0.6197
-0.11849
1.848
-0.02
0.0266
2.0599
-1.3429
-1.0707
-1.5069
1.8565
2.4672
2.4084
4.6065
-2.7735
3.5481
-3.3658
0.1999
2.495
-0.5762
-3.1792
-2.1574
3.3927
-0.5532
-0.4763
1.0762
-1.5511
0.6346
-1.6928
-3.1622
7.88477
-0.0541
0.7771
-0.8428
-1.4136
1.5779
0.276
0.4331
-2.0051
-0.0334
0.34965
-0.0163
-4.2211
-1.5181
1.3243
-0.3604
NA
NA
-5.40436
2.8323
0.5168
0.9844
-1.0018
0.2628
10.34655
1.3299
-0.3428
0.509
-0.9459
1.7259
-4.843
-2.0009
1.9969
-2.0051
0.1265
1.9969
-1.2029
2.154
NA
1.5216
-0.059
0.7765
-4.8721
-3.9738
-1.7575
1.2621
-1.4338
-2.532
1.6209
0.2746
1.8581
1.3816
4.3534
-0.84819
1.9262
