0.2135
-0.8227
-0.38094
-2.69403
3.1955
-1.3547
2.5128
4.30494
-3.61338
0.8156
-0.1019
0.74407
2.3526
1.45284
0.07952
1.05659
0.323
0.95909
-0.11035
-1.5661
2.3047
-0.07575
0.8615
0.75332
-1.36948
2.01354
-0.0529
-0.71
1.3294
1.0455
-0.79
2.08606
0.30221
1.8295
1.1279
2.4351
2.1258
-2.834
0.39029
-1.08301
-1.0784
0.4598
-0.1133
-2.60324
6.15993
2.2103
1.94
-0.20042
2.2147
2.26924
-4.064
-0.04285
-0.3694
-0.8249
-1.1811
-0.54751
3.14794
-1.575
-1.35
-0.44055
-7.0295
1.8684
-2.2784
-3.8521
-0.5609
-1.84236
-1.19683
0.94442
-0.801
-0.4887
-0.8608
-0.8525
1.1215
0.0671
-3.7535
0.5053
-1.3214
-1.99
-2.1858
-0.68367
-0.1454
2.84
0.8596
-1.2702
-1.9452
1.58
1.39146
-0.501
2.27
-3.3424
-6.2176
-0.18717
-1.66032
-1.363
-1.7307
NA
0.1224
-4.1978
-1.5203
-1.0966
-0.679
-4.11072
NA
-1.53765
1.42
-0.7771
-0.2457
-0.60368
-0.286
-3.7875
-2.2016
1.0347
3.4975
1.45
-2.88
-2.59374
-0.7856
2.531
-6.2242
-1.3015
3.69128
2.7723
0.1272
-1.41
1.6024
1.2021
-2.0295
0.0174
-3.92386
1.32637
1.0393
1.9037
-1.8
-2.21761
0.000307
0.0408
-0.32659
1.46778
-1.77864
0.11199
-0.3061
0.1059
0.1946
0.5637
-0.4408
-2.9964
-0.6362
1.43484
-3.02661
-2.7745
1.2026
-0.0862
1.6443
1.5751
-3.6151
3.2787
-0.2498
3.3466
0.7212
-3.9805
-2.07639
-3.71
2.12955
0.13412
-1.34303
-1.47
-2.3704
3.15114
0.9428
2.4338
0.64907
-2.3072
-0.89603
1.9515
0.6502
3.3195
0.05264
0.20054
0.74609
0.9649
-0.358
0.67825
3.0686
1.1549
4.17882
-1.2676
-0.2165
2.82686
-4.3356
2.8871
-2.18
-1.4034
12.7
1.023
-1.01
3.057
2.0738
0.3016
1.82
5.15122
-6.4376
1.2425
1.73
-1.8939
1.54765
-0.83771
-0.2066
-1.5236
1.4694
1.9735
-0.691
NA
0.2188
2.51491
-1.61
3.3529
2.24018
1.5101
-0.80685
-2.04961
0.50584
-0.264
-0.243
1.08
-2.17066
0.40949
-0.5994
-0.9612
0.165
-0.09795
2.2318
0.71213
3.6956
5.0613
2.97193
-0.18514
0.275
-3.177
0.0379
-0.596
-1.35
-4.27
3.3886
-1.1387
1.91428
-2.5204
-1.3099
0.7184
-9.5345
1.6183
-2.05922
1.24068
1.64162
0.1599
-1.8419
-1.29468
-0.49912
1.81389
2.1117
0.33143
-1.6324
-3.51
-0.81203
-1.2317
-2.14202
-2.55779
-2.14301
-0.20255
-1.0046
0.42377
-1.1761
-0.61336
-0.1303
1.4347
2.15471
-2.3404
0.255
-0.4851
-7.9861
-0.3524
-1.6591
-4.1719
1.2099
2.20257
1.7276
-2.1069
-1.4876
-1.5265
-1.40088
2.5444
0.3206
-0.85511
0.5324
-2.07
-0.78991
0.533
0.9702
4.904
1.7672
NA
-0.498
-0.474
4.44
-0.8432
0.13035
0.06487
-4.5394
-1.0716
-2.5392
-3.7868
-0.3046
0.8001
1.12
1.9439
-0.61464
1.0691
-0.6511
-1.2614
1.5439
2.8362
-0.439
-3.7497
0.6168
1.3937
1.21
-0.802
4.24
-1.5134
0.54946
5.8513
1.4268
2.7309
0.61116
4.9905
-2.33
3.05
1.69663
-3.4885
-1.0463
4.0601
-2.14297
0.3306
-1.7811
-5.1015
4.0364
-0.6522
1.9591
1.3407
3.45
-0.958
1.69
0.5805
0.8622
-1.13515
2.6962
-1.839
2.70178
2.0501
-1.7322
0.1828
1.48055
-0.40304
12.1161
0.80013
-0.4343
-2.7509
-3.7443
0.3143
0.32426
1.6497
-1.6028
1.5238
-5.2549
-12.1
-2.19
-3.3128
-1.3765
-2.6023
5.0136
-0.7986
-4.543
0.12122
1.403
-1.9846
-1.3755
3.7343
1.3871
-1.3979
1.77655
-1.43
-1.1915
2.0671
-1.1163
4.28457
-4.68084
0.00122
6.23527
0.1511
-10.6
2.25
-0.0888
-1.91
1.02
0.5174
0.2701
-0.22275
1.13883
-0.14409
0.1024
-2.34
0.697
-0.8584
0.1284
-3.1572
-1.42219
1.4421
-1.447
NA
NA
0.1089
-5.2776
1.3165
-0.33641
1.2715
-0.2413
6.248
-2.8609
0.93
-0.3247
-0.2997
-2.4438
-2.4157
5.65239
2.5961
5.43622
-0.1091
0.73491
1.7345
-0.07211
1.37621
3.13681
1.98455
3.46124
-3.65445
-3.3172
0.7429
-1.65436
-1.34038
-0.65927
0.4029
0.0167
-2.4847
3.06495
1.109
5.2704
-3.60176
-0.5956
-0.2655
0.15674
-3.5287
-0.7321
3.8768
1.38952
2.75065
-3.69846
-0.70087
-2.2826
-2.01295
-8.242
0.1131
-2.25102
0.98903
-4.0377
-1.20182
6.0335
1.71689
1.65202
-2.16135
-0.01506
0.54955
-0.15293
0.14851
1.2353
8.6549
-0.29323
-7.2874
-5.7988
0.02089
0.94338
-2.8142
-0.519
1.62
-0.577
-2.33
0.32
2.47
-0.571
0.244
1.73
-0.759
1.48
-0.723
-1.89
-0.323
1.1973
2.7
0.852
-3.51
0.641
1.21
0.641
-0.448
4.29
-8.86
-0.526
-0.32977
1.18205
-1.8597
3.8745
-4.5347
1.00966
-0.39882
0.98365
1.87291
-0.80654
-1.4112
-3.27279
-3.0929
1.04096
-0.5156
0.91852
-1.22442
-0.0578
-0.8831
1.2261
6.82091
0.86296
3.35896
-0.9813
2.4792
1.7888
0.1501
1.2789
2.2353
4.731
2.1655
-0.1858
-0.4524
-0.8228
2.7683
-3.7705
-1.3252
-2.1686
-2.7979
-0.2015
0.3194
0.715
1.7088
2.0849
0.2319
-3.2486
-1.0472
-1.5912
-1.7258
1.5824
-1.4689
3.1695
-0.9786
-1.0686
0.7977
-1.1447
1.0506
-0.281
2.2318
-1.7263
2.6777
6.39
-1.0362
0.8352
-5.4059
0.7334
-0.4469
-0.5087
2.5103
1.7242
-0.0055
-0.2419
2.3949
3.041
-0.4522
2.5922
-0.0296
0.5222
-0.8045
0.252
5.5974
0.8606
15.6917
-0.23
3.2383
1.5816
0.0188
1.1507
-1.6715
-0.5281
2.1391
-0.3255
-0.4722
2.0892
1.2021
0.3647
-1.4794
2.5375
0.0994
4.3356
0.9339
1.5238
1.6763
-1.5565
0.6691
30.1462
-0.2283
0.2556
-1.7445
1.2095
-1.1959
-0.1165
0.4037
-0.9109
0.5819
1.9478
1.4101
-4.5599
-0.1582
2.3402
3.2178
-0.5082
-0.8283
-1.4509
3.0225
-1.7522
-3.2122
1.9929
-3.8582
-0.3238
-0.3408
-0.8406
2.4417
0.07494
-1.06921
-0.41696
-2.2456
-1.11745
1.12929
-0.74735
-0.46027
-0.6424
6.1217
0.00847
-1.05701
3.26618
0.50354
-0.49756
-1.18635
0.3433
-0.11271
-1.76265
-2.97512
1.484
1.31597
1.0907
-1.7807
2.1018
0.9828
-2.9932
1.3571
-2.996
2.4342
0.533
0.1734
-1.1963
1.6552
-3.2497
-0.0242
1.4357
0.3758
0.6873
-2.1771
1.6575
2.53598
-1.2395
3.17718
0.91471
-0.62151
-0.2566
0.26878
0.24468
1.91938
-2.83264
-0.5222
4.252
0.84773
0.37867
6.71315
0.87845
-4.0433
0.3987
0.8411
-0.3644
-6.165
2.34197
-5.1267
0.9053
-1.99724
0.2672
-4.8344
5.1943
3.41892
-0.9892
0.2864
4.0576
1.54293
-0.4401
-5.67461
2.23593
6.1696
-0.88732
4.6291
-0.87503
1.06824
0.8092
0.257
3.9391
-3.48365
2.10818
1.02877
-1.11301
1.7263
0.8996
2.7152
0.5254
0.9206
0.936
0.1957
-0.649
0.896
1.4472
0.1197
2.2931
-4.647
1.29645
1.6049
-2.8572
-3.1222
1.50141
2.1471
0.381
-1.4019
2.8926
-0.78705
-2.88603
-1.60444
2.18021
-0.0297
-1.6719
-2.3091
1.4465
-0.7366
-1.24
2.4623
-1.0121
0.208
-0.5399
-6.1057
-0.7294
-12.1677
13.3526
-4.4075
0.046
2.1115
-0.0185
-5.7598
0.6168
1.4652
0.2778
0.6659
-1.1811
1.1811
-0.6909
1.0531
0.0342
NA
0.5751
0.30011
5.2858
0.8074
1.76449
0.27252
1.7696
2.03732
0.43752
10.9141
0.14387
0.1817
2.04699
1.10581
-0.61168
0.34586
NA
NA
1.35204
10.5212
1.4783
-1.6498
0.4588
0.02596
1.03073
-1.38296
-2.78477
-0.12931
-0.62874
-1.33141
-0.2021
-1.4077
0.4085
1.2621
-0.6656
-2.4587
-1.3739
-0.9553
-1.7901
-1.5972
-2.0238
5.5115
-7.4666
1.6174
1.6051
2.0632
-0.0196
0.4093
1.8543
-1.591
1.6426
0.8544
1.28232
1.48288
-3.04897
2.76919
-0.57226
-2.34364
-0.19903
-1.32359
-1.7342
1.5737
1.4978
-1.0795
-1.22485
-1.43278
1.8471
2.9766
-1.2997
1.33315
3.8984
0.45808
-0.1803
-1.14297
0.48
0.0253
0.134
0.153
1.32
-1.69
-1.27
1.68
2.68
2.03
2.61
-2.8665
1.9415
-1.98
2.36
2.01
0.37
-1.03
1.52
-0.278
0.262
2.84
-5.08
-0.897
1.33
-3.16
-0.555
4.63
0.184
0.186
0.281
3.75
0.775
-0.361
0.622
3.45
2.27
0.323
2.65
0.807
0.0938
1.8986
-2.54
-0.4426
0.965
1.3672
-2.39378
-1.50233
-1.95933
-0.34985
-1.2006
-1.71233
-2.07762
-2.974
1.117
0.43061
5.92106
3.69804
1.20046
1.4863
-1.6473
1.39186
-1.924
0.32713
-0.432
-1.2522
0.6369
-0.5601
1.0964
1.34626
-1.8847
1.19208
0.42374
-0.40203
-0.38808
0.3836
-0.0779
4.43715
3.97539
0.78
-1.20899
-5.4052
0.23834
-0.02648
-3.19359
2.12121
0.8012
2.11318
0.4688
-2.47408
-1.73217
-1.49261
-0.35133
0.9987
0.11087
1.33932
-0.01946
0.5441
-0.921
1.4389
1.7579
3.121
0.62968
-1.065
-1.6276
-4.29019
2.14048
-2.83229
9.92949
-0.142
0.0642
-0.02995
-1.9144
0.145
0.352
0.127
-0.3905
1.15
-1.05545
0.8334
-3.2737
1.397
9.9196
0.1772
-1.2137
-0.0252
0.9526
0.8859
0.3232
-2.35
0.22
-1.12
-2.72
-2.65
2.08
4.58
1.1
-3.44
-1.94187
-3.5929
-0.08126
0.98898
-0.0874
-2.25088
2.3704
0.55913
5.1096
0.4548
-1.2371
-0.2887
0.70328
-1.98062
0.4233
0.2272
2.09188
-0.00478
1.6409
0.77327
0.95138
-0.0484
3.13443
2.7173
1.2786
0.153
0.7198
0.0205
1.1934
0.9514
-3.663
-1.2369
0.06719
2.7361
-0.8877
-1.4077
-0.8992
4.86103
-1.1822
1.61974
5.8513
-0.0052
-0.9479
-0.5757
1.35367
-2.2826
-0.362
-0.3889
0.69493
2.9804
-0.308
1.4402
2.10519
0.77782
0.6409
-0.11417
-0.22486
1.0237
-0.7152
0.59278
-2.9427
2.91873
2.75881
1.83995
0.82715
-1.35719
0.71714
1.5319
2.2968
2.0899
1.9802
-0.09749
0.8305
-0.944
0.5969
4.2224
-0.2099
-3.4218
-1.1831
1.33039
-2.4016
0.6684
2.4389
-3.50258
1.2108
0.6482
-0.426
2.75
-0.16208
1.0126
-2.59183
-1.58327
-2.6371
-1.1628
-0.4891
1.15
1.90484
-0.8207
0.4876
NA
0.1899
NA
5.6069
NA
1.2749
NA
NA
0.38751
-0.3346
0.46057
0.789
1.40883
-2.0653
-2.35
0.6179
2.5657
-3.4171
1.3062
-0.9947
1.21
0.034
-0.739
2.789
-0.39959
0.1726
-0.1726
-0.32235
0.9353
-1.1183
6.8
-0.427
-0.898
-0.6159
-0.1849
1.6313
-3.7496
-1.42456
0.40283
0.00621
0.94345
-1.04665
-2.1779
-0.64688
0.22236
-0.2782
-0.55075
2.04239
-1.7059
1.16894
-0.3542
-2.33055
0.30871
8.64
-1.5244
0.8609
-2.3008
-3.8521
0.6962
0.6397
1.3608
5.35525
-4.5744
-0.00577
4.45
-0.254
3.66
6.72
1.4
0.1487
-4.39948
-0.9418
3.5067
0.1945
0.692
0.3457
-0.0222
-0.1524
1.2749
0.2376
3.3856
-0.38571
2.42187
-0.2264
2.6358
5.4552
0.52159
-0.83258
-3.736
-0.3536
-6.3711
-3.06519
1.33
0.1897
-6.609
-0.09676
-0.83135
1.0611
-0.6334
-2.9305
0.0439
0.4701
2.6144
-5.7834
-2.3729
-0.21813
2.91601
0.8009
1.02794
0.56398
0.93675
3.50955
-0.6292
-1.5742
1.18
0.609
-0.694
-0.2716
-2.9062
-5.8899
2.7071
-3.4953
1.8359
-1.7563
1.0033
1.91627
-1.0205
-0.28455
-9.69863
4.06746
3.92655
3.03951
1.4191
-0.714
-0.988
1.19
0.915
0.334
0.576
-1.0362
-1.5234
0.5752
-0.0323
-0.0426
-2.6465
1.72873
-0.5148
1.1142
3.4771
-1.1443
2.6639
-1.8828
-2.8017
-0.8401
-0.8311
0.7123
-2.86878
1.54218
3.3795
-0.99248
-0.77
-0.1653
-2.5383
2.05103
-4.809
-2.53
0.8244
0.0467
-1.8856
1.0609
-0.14719
0.3838
2.0525
4.6166
-0.6103
2.3195
0.2601
-2.5936
1.0813
1.34625
-2.0806
1.1431
0.3445
-3.4658
0.26077
-5.0492
0.3857
1.06308
2.3704
-2.7733
2.72
-0.10318
-3.51157
1.066
-2.5479
-3.15417
-2.68237
-3.2868
0.4436
-7.3757
1.2026
-3.51893
0.8394
0.9229
2.76685
-5.8055
-2.00712
1.0133
-0.8548
0.66549
0.0535
-0.7316
-1.3583
-0.4696
-0.59
-4.65
-5.09
-1.5222
-0.5004
-0.71511
-1.8548
2.1659
4.5786
-2.56
-1.12
-0.3484
3.26834
3.60609
-0.3298
-0.0131
2.21553
0.71835
-1.7419
3.85439
-1.3827
-4.3413
0.8224
0.77464
-1.2707
0.7112
-1.0462
-0.5939
-0.9719
-0.8801
-2.5661
-1.9474
0.8674
-0.5406
-0.52068
0.4526
-0.82167
1.86241
-1.4981
0.11515
-0.4343
0.59672
-2.75188
-1.42412
-1.3445
-2.2891
-1.32
2.1797
0.1798
-1.1294
2.5876
4.29
-1.39
0.0984
2.4923
-1.8804
1.6348
0.2572
0.87231
2.58745
1.956
2.5351
0.20853
0.0122
-0.16403
1.0551
-0.72733
-0.8392
4.2364
3.7564
1.02
-1.84
2.5108
-5.13559
0.96789
-2.9527
0.0443
-2.3052
-0.4142
4.41693
3.45628
0.04997
-0.836
-2.561
-1.1068
0.9709
-3.83313
3.4247
-1.2464
4.8863
1.3703
-0.2141
6.58531
-2.4237
-0.89
1.6837
-0.2334
-0.1114
-3.1004
0.42743
-1.33739
-1.4158
-2.8224
-3.22304
3.3081
0.40852
-0.947
0.7725
-0.0959
0.8265
-1.21795
5.2278
-1.76206
-2.4471
-2.07
-1.22
-1.63
1.5456
0.9088
-1.1073
1.01438
0.7511
-1.25702
-1.86067
0.51
-1.4
-2.61
1.11
0.748
0.387
-1.81
-0.231
2.47
1.7427
1.6011
2.0952
0.2041
-0.2041
0.3337
-0.4769
-1.5222
2.8514
1.3312
-0.55792
-0.8318
0.62586
-1.86508
-1.24113
-3.44
1.0925
-0.6481
-0.4596
0.2534
-0.75126
1.10568
-0.81979
-0.8538
0.000842
-1.13
-0.891
0.86142
0.9384
-0.8469
-0.9317
1.0623
-0.8608
-0.003
-2.2937
-0.0129
-1.2217
2.8483
-1.6247
1.3673
0.6401
4.1542
1.4739
1.2713
1.2437
-3.4708
-0.3893
-0.2439
0.7705
-3.1128
6.1625
1.5567
-0.0897
NA
2.6144
0.5507
2.64466
NA
NA
NA
-0.7682
0.47911
NA
-1.62266
2.684
-5.4568
0.9199
-0.142
-1.5685
3.94509
0.50773
0.78715
-0.02824
0.19828
1.55433
-1.0895
1.7523
4.0575
-0.9971
0.6113
2.2339
-0.8236
-2.46515
-1.36499
-0.3045
0.64551
-2.3211
0.933
0.615
0.623
1.78
-2.44
-1.77
2.78
2.24108
-5.6874
0.30472
4.59029
0.6441
-0.59613
-1.659
-0.20159
1.63
1.29
1.28
-2.68
-2.31
0.7155
-1.6149
-2.263
-0.4172
-0.4206
-0.7272
-1.5707
0.2018
-1.8351
-0.9521
1.2244
-0.7844
0.415
0.1351
2.9601
2.4063
-0.3834
4.7081
-2.5307
2.6801
0.318
-9.4673
0.9913
-0.8864
-0.2425
0.5727
3.2167
1.0941
-3.2765
5.7774
0.9976
-6.6012
-0.7594
-1.8443
0.691
-0.2559
-1.8865
-2.2967
1.4001
-0.5018
-1.5883
0.4558
0.269
-1.1482
-0.927
-2.1099
-7.6353
-0.6521
5.9731
0.4619
-0.0152
0.6704
-5.5756
0.9628
-6.4403
4.2576
-1.97
-0.0664
-0.532
-0.692
2.11
3.88
-2.63
2.65
0.658
3.81
-0.585
1.9166
2.6659
0.4707
0.0813
1.5182
-0.1034
-1.7784
-4.3481
2.3182
4.3257
-0.197
-1.3896
-2.673
1.0778
-0.0223
14.5397
3.5249
-1.0086
-0.114
-0.8884
-0.3024
1.3731
-0.9273
0.6025
-0.0645
6.65004
0.4011
3.015
6.8857
-0.883
1.69343
0.80886
-1.8884
-1.4186
-0.30378
-1.3369
3.6956
0.861
-0.1473
-0.9129
-1.2249
-1.4891
1.5323
-0.71
1.4067
0.8071
-12.3749
1.9031
-0.90718
0.26552
0.20863
0.6767
-0.48736
0.28602
-2.787
-3.0288
2.5335
2.1665
-3.0787
0.2413
0.2978
-2.3964
-0.0726
-2.2231
-0.4637
4.7101
1.6705
-1.5353
0.046
2.3954
0.4055
-1.59
2.1882
-4.1189
1.0914
2.9575
0.3211
-1.112
0.8209
1.4035
0.2545
-0.19426
1.7151
-0.16502
-0.1834
2.39667
-0.67505
-0.84736
-1.19587
-0.55537
-0.84387
1.61617
-3.65769
0.13229
-3.76082
1.2903
2.50749
-1.754
1.31959
-0.7046
-2.332
2.4868
-0.88941
-1.43771
-0.46655
-0.4692
-11.0244
1.1
-0.5919
-11.0244
-2.2439
0.1155
0.6367
-1.17194
-1.49773
-1.00499
-0.56163
0.25597
1.79279
2.0845
-1.04
-0.70223
0.14563
-0.3408
1.61
-5.67197
-5.2316
-2.22197
0.758
-0.188
0.295
-3.34
0.969
2.63
1.68
0.9
0.812
-4.94
-3.5
-0.379
0.856
1.38
-2.75
0.482
0.201
-2.74
0.381
-4.78
0.556
-4.47
0.287
-5.6
0.961
1.53
-1.89052
2.3
-0.6879
-2.8101
-2.8562
-0.01899
-0.5989
-2.61566
0.7015
1.4884
-1.52278
0.9472
-3.7011
4.9476
1.6608
1.0936
6.5744
5.4224
1.3902
-2.8459
-1.1894
1.7755
0.7605
0.685
7.0943
1.1019
-4.5189
-1.2575
-0.4161
0.1277
1.6265
2.2637
-1.7033
NA
1.0439
1.4484
-0.446
-1.7939
NA
0.2386
0.5142
-2.1434
0.4695
3.54
0.36509
2.7235
-1.0892
0.40028
-0.10113
0.1263
2.5377
-2.11529
0.63281
0.58891
-1.47367
-0.30245
0.7636
2.45051
0.62986
3.35
2.1933
0.9029
1.63886
3.44544
0.28341
2.43041
-6.10572
-3.97049
-1.6966
2.19979
-3.196
-0.5648
2.4803
5.8142
0.6804
-0.8379
0.0836
-0.0038
-1.4643
-0.4356
0.6503
0.5342
-3.001
-0.855
-0.0256
-0.5904
-1.1687
-2.7245
-1.0666
0.1945
3.3573
2.4593
-1.2107
-2.1119
-0.908
1.0632
0.8668
-2.78846
0.5189
0.48397
-0.185
0.31108
0.5232
-0.048
2.10177
-0.76377
-1.53072
-1.93363
0.48792
-0.07478
-0.61457
-2.05324
-13.20592
-1.2122
0.2709
0.13712
-0.4509
2.77853
1.7686
-0.60143
2.55196
3.61904
1.28624
-1.51247
-3.06
1.4114
0.88775
1.0139
-1.2679
-0.056
-6.0142
0.1767
-1.46974
2.4942
-7.2293
-7.4073
3.3663
1.29746
1.7604
0.53142
0.0307
-4.1556
-2.7524
2.89
0.64
-0.15236
-0.636
-5.6285
-1.493
1.5081
3.8238
-0.7075
-5.7
-0.56361
1.32
-2.86
-0.65133
-0.8412
0.9336
0.568
-3.9868
-0.72074
1.09956
-1.69499
-2.39206
-0.66204
0.238
-0.936
0.839
0.1651
-1.0777
0.248
-0.3933
-0.4
0.29007
-0.3551
-0.1712
-0.4084
-1.52083
2.19287
-0.00674
1.55193
1.44
0.123
2.8007
-0.0339
-0.9728
0.138
2.5525
1.6563
2.68888
0.43141
-1.5683
0.2453
3.6784
-0.325
-3.90995
0.07727
-6.377
0.0091
2.0695
-2.75
2.13
-0.0908
-1.3061
13.2193
-1.94877
3.27652
-0.7809
-1.4286
-1.68163
-1.09511
-1.8113
1.8
-3.85
1.58165
0.02776
-0.7312
-5.1619
1.3683
0.5118
-0.997
-0.2717
-0.5748
0.13922
-3.88
3.11151
-1.95645
2.27
-2.7632
2.76311
2.31551
0.9832
0.6601
-3.41223
-1.54
-0.4246
-1.2919
-2.34
0.0634
2.13674
0.4115
-3.213
3.1701
0.30136
3.4498
-1.04442
-1.5873
0.1445
-1.22238
-2.058
0.30834
3.3736
-0.36168
-0.9418
1.4341
1.0915
-0.1068
-4.1686
1.53891
0.0246
-0.3278
-1.1932
-0.6301
11.9
-10.9
0.2082
-0.48583
-0.0844
-0.2432
2.4602
0.623
0.10781
0.9679
-2.54913
0.6535
-0.0167
0.2554
-0.0917
2.4177
0.89533
1.21755
-0.31402
-2.19
-0.8882
-4.61
-0.7035
-0.2414
-0.1883
5.5866
0.07387
-6.17
1.26642
0.49886
-0.5587
-2.9701
-8.00226
0.4729
0.47538
1.8491
2.60055
2.81572
5.6003
-0.999
-4.3286
1.31
1.2839
-1.29591
0.9235
-0.5666
-0.5243
1.5937
1.3567
0.5223
-0.65155
-2.4968
-3.76
-1.32
2.1918
0.6233
-3.6234
-5.11
1.718
2.2883
-2.368
-1.4456
-1.2087
-1.54674
1.26444
-0.86224
0.257
0.22337
-0.827
-0.89912
0.48264
-0.05619
0.28247
1.3835
1.8587
-4.43855
1.8544
0.9884
-0.4356
-0.6359
-0.7071
7.601
1.6418
0.8504
0.4248
0.59082
1.2292
-1.1288
0.7964
-0.52165
-2.37066
3.35472
-0.8868
-0.3334
0.4762
3.6777
0.5957
-0.9408
-2.1786
1.37464
4.4138
0.5509
0.9744
0.9724
-0.1838
-3.5219
-5.2305
0.9007
4.6317
0.3337
-1.1799
4.0653
-0.63041
-0.4614
-2.03415
-1.1071
-0.342
1.0349
0.6665
1.085
0.1493
1.0531
1.2455
0.8662
-0.2047
-0.1473
-1.3008
0.002
-2.8577
-1.0706
6.4384
-2.9949
-2.3656
-4.2089
-1.752
-0.2966
0.6258
2.1915
-0.2876
-2.7219
-3.30662
-3.51031
14.00999
1.6561
-0.2781
-1.0774
-0.3544
0.6421
0.7834
-0.0581
-1.1108
-1.6139
2.073
13.6826
1.94482
-1.0974
-0.5709
-2.3682
-8.15254
3.9317
-1.9938
-0.9883
1.8294
-2.6955
-1.4257
-1.8746
-0.72726
-2.0342
NA
NA
3.477
2.67817
2.1999
-1.5136
-1.1125
0.501
-2.72072
4.0009
1.1536
1.4926
-2.09907
1.0225
1.54688
2.00868
-1.1456
0.33647
0.5173
-1.8104
0.89548
0.39281
4.3618
-1.12684
2.6921
-2.31356
2.3697
-2.80093
-9.0175
-0.9433
-3.20865
0.31299
1.18903
-0.0951
-1.46
0.47452
2.5661
-1.71
-1.4
-1.50214
2.46844
1.7806
1.7817
4.67
1.83
0.639
-6.53
-1.16
0.0496
-2.29
0.548
1.51
0.633
0.243
1.30202
-5.17461
1.08
0.119
-0.787
0.9205
-1.7167
0.1632
9.38013
-4.97288
2.29749
-1.02
-0.97
-1.6495
-1.11
0.4845
0.8724
2.4735
1.654
-1.197
1.86
0.3083
-0.47332
0.112
2.9927
-0.0639
-2.28388
-1.6011
1.71
3.05041
2.12903
-0.16179
-1.46638
0.57595
-0.32862
2.7904
-1.81126
0.98166
1.332
-0.0936
0.79059
-1.7233
2.9343
1.28671
1.43052
8.25112
-0.3793
0.47107
-0.48795
2.12878
1.2222
1.1345
0.4814
-0.66568
3.2407
0.438
0.82044
-7.4962
5.7314
1.33993
0.41024
1.14879
0.2532
1.3917
-3.8523
-3.8712
0.44665
-5.7832
-3.19659
-0.0631
6.92429
0.4865
-1.87295
-1.0741
-2.89709
-0.2334
-1.077
1.3045
0.1326
-0.1078
2.0299
3.953
-2.6997
-2.1398
-1.0669
-0.4525
3.1422
0.0591
0.3068
-0.0421
-1.6906
0.8232
2.4729
5.1412
1.6557
1.153
-0.2677
1.0631
-0.29964
-9.0197
-2.3991
1.25369
0.6918
1.17406
3.1057
-2.6838
-0.3536
2.04343
-0.4229
2.0256
0.8005
0.3297
-0.0937
1.60197
0.46362
-0.54279
2.24421
1.17735
0.3746
1.3317
-1.0922
2.1084
-1.6207
-1.8464
0.37161
3.2426
-0.98617
-1.8842
-0.5381
0.8117
0.6597
3.9285
-2.0435
-1.50719
-1.5629
-0.1542
1.1188
1.088
0.04712
-0.84219
-1.5161
0.7316
-1.364
-0.63012
-0.38153
0.737
0.5762
-6.56947
-1.5698
-1.3337
0.866
-0.875
0.79116
-0.699
1.2426
-1.5868
-1.6119
3.2169
-2.06675
2.1064
-3.4275
2.2786
1.1059
-0.7063
2.07562
-1.5641
0.9663
-0.57373
1.49
-4.18828
-12.61071
-1.61
-0.181
-0.4764
1.48088
-0.97051
-0.91548
0.84369
1.29675
-0.4625
-2.41781
-0.0592
0.2592
6.0425
-1.82
1.83
1.18
0.415
-0.84536
-0.9463
0.206
0.2266
3.43421
-3.76797
0.039
0.2602
-0.65755
-0.7417
0.89049
1.713
-3.3658
-2.06971
-2.3038
-4.4543
0.0195
-0.8592
-1.10048
0.4048
-0.27713
-4.9028
0.4206
-1.0276
-0.80564
0.62708
-1.8877
-1.5525
-2.9686
-4.7476
0.0675
-0.9981
0.03118
-2.3019
-2.3929
-0.4673
1.1738
1.5148
1.2597
-1.5359
-1.1725
-0.8403
-2.39336
-0.6789
-1.2308
-1.8782
-3.50002
1.05453
-0.5215
0.2121
1.9661
0.1986
-0.8584
-0.66068
1.94514
1.09063
0.92509
-2.9688
-1.385
4.9372
7.5651
2.119
-2.60168
4.567
-2.88953
2.406
1.7599
-1.6477
-2.7127
1.4577
2.7188
2.793
-0.3603
-1.73591
0.9691
-0.2975
-4.02763
-1.61731
0.4428
-2.25033
1.8898
-1.1359
1.0654
1.6341
-0.2108
-7.66515
-1.99539
0.25526
-0.6351
1.1016
-3.3004
-1.8147
-2.9632
2.80775
-2.42278
-1.3017
-2.19706
2.0542
0.2459
0.3545
2.64706
-8.8222
1.04759
2.049
-1.14789
-0.27824
-0.92514
4.0231
0.64315
2.83187
-1.463
-5.15529
-2.96
-2.81
-1.1
NA
-1.5779
0.57905
-2.434
-1.1565
-1.8709
-1.32
0.3088
2.31
1.29524
3.319
-0.4406
-2.4932
-1.219
-1.4093
-1.0059
-0.656
0.1924
-0.9273
-2.1642
0.877
-0.27699
-1.64
3.4005
0.4792
0.312
-2.5206
-0.71769
1.798
2.06804
-1.3568
0.9332
5.1164
2.6999
0.8175
-0.91245
1.6151
-0.2998
1.1629
-0.47914
1.8981
0.5874
-0.8271
-1.2312
1.2605
-1.2466
0.8404
-0.1402
-0.92148
-0.15397
1.343
3.1543
-0.046
-2.48
-4.2261
-0.00856
-0.15096
1.1698
1.5996
-0.39664
1.137
-0.1079
-0.33406
2.5038
-0.949
-1.74041
0.67307
-2.2443
-0.6549
-0.92306
3.24162
0.54392
0.1817
1.16058
-1.3375
0.1534
2.8383
-0.5392
-1.5494
0.6604
-0.2525
0.7695
-0.9858
1.37
1.7035
-2.35752
0.93119
0.51737
3.04727
1.04
6.8769
-1.67234
1.4529
0.511
0.3142
-0.4153
-2.1161
0.9456
NA
0.9747
-1.1455
-0.6667
0.96466
-0.79425
2.56
0.53241
-1.7
0.0445
0.8555
0.77799
2.4861
2.0289
1.2155
0.2404
-0.8213
1.5726
-0.1977
12.223
2.0877
1.9998
0.2851
-0.227
1.17608
-2.72329
-0.5067
1.34
0.188
-0.7832
-1.2487
-1.4812
0.05289
2.14127
-1.8801
3.2629
0.0802
0.4709
-0.1738
4.15312
-1.4499
-1.07953
-0.3091
-2.229
2.07172
0.30038
-1.3727
0.01869
1.4998
-1.4998
-3.85812
-2.16836
0.13719
-0.1949
0.1362
-1.49
-0.05513
1.2948
0.4154
2.5947
-2.3317
2.5003
1.0421
1.3246
0.512
2.4938
NA
1.18632
-2.2008
1.9782
-1.71116
-0.23906
-6.7876
-2.21
0.4593
-0.6562
-0.702
-0.51055
1.5569
-1.3649
-0.8946
-1.5776
1.58301
2.104
-2.0401
-0.88309
0.6489
1.0792
1.4514
-2.7715
-1.679
-1.61436
2.0948
-0.431
-1.36943
0.6915
-2.09
-0.6539
-0.48121
2.94215
0.6134
-0.43772
-3.88
1.8179
0.9302
0.8218
3.45743
-1.1806
-0.601
0.3166
-0.5474
-1.65364
1.7166
0.66179
2.7361
1.1634
-0.2964
0.1247
3.36679
3.797
1.5958
-2.9
2.83767
2.0514
-2.4821
0.82078
-1.47873
0.07371
-1.72709
0.63781
1.7785
-2.1284
-1.55683
0.3323
2.99332
1.9876
-0.19748
-0.5494
-10.1658
-11.515
-9.9639
-2.019
4.3713
-2.0566
-1.58
1.5579
1.441
-0.0811
-1.5814
0.54521
1.9818
0.5435
3.2982
-0.2236
-3.70846
-0.7215
-1.7487
8.7207
-0.75089
-0.0641
-3.444
1.8926
0.7715
-4.6876
-1.0237
-2.56793
-1.20232
0.8804
-2.5775
-3.505
1.47936
2.0204
3.05998
0.5311
-0.0729
0.1472
-0.1284
5.43145
2.3314
6.57482
0.4733
-1.3431
-1.07
1.79752
2.3419
1.75144
-0.9953
0.15207
1.32113
2.85058
0.19748
1.10175
3.1302
-0.9912
-1.5653
2.77294
1.5115
5.1834
-1.5616
0.64635
4.6875
-1.3123
4.45
3.70019
-0.6631
-1.4947
1.169
-0.4111
1.5107
0.995
0.9883
1.1716
2.0693
-2.0113
1.7126
0.83957
9.2638
3.67627
1.6436
-2.1063
-3.07314
-1.3687
-2.9778
-0.01847
1.657
7.3632
-0.5459
-1.5044
1.18853
1.4778
-1.0001
-0.6509
0.06598
-0.5664
-1.3483
13
-3.2564
4.36234
0.1025
0.8874
-2.881
2.0193
NA
-2.35589
1.5274
2.0029
-1.1681
4.2303
NA
0.8146
-0.7948
0.2867
2.1614
-0.59063
-3.24583
-0.598
2.21847
-0.76523
-6.5946
0.5897
7.22164
-0.2032
-1.0778
5.5254
1.9937
0.0155
1.34828
-0.938
0.0061
-0.2939
0.14121
-2.6469
0.1506
1.16364
-0.1616
-0.07207
1.9959
1.55607
3.0869
-0.8698
1.61336
-0.716
-2.12477
-3.91301
4.0661
0.0124
-2.06
-4.17508
0.1447
4.4609
1.2105
1.42838
-1.2021
-0.4954
0.7361
0.3557
0.96513
-0.4457
0.323
0.8314
1.4423
-0.169
1.1362
0.2404
-0.8535
-2.5746
-1.0224
2.1723
6.5144
1.59498
0.7301
-1.63119
0.946
-1.63
2.0008
0.22213
-1.683
-0.4721
3.7576
1.1013
2.826
0.13318
3.7757
-0.6477
-4.9432
-1.84597
-2.22126
1.86229
-1.11015
1.2263
0.8728
2.89508
3.76
-2.95
-2.8758
-0.59356
0.2782
2.89399
1.8827
7.8558
3.0707
2.0216
0.9279
0.696
NA
0.5225
-0.73397
3.07029
1.86062
-0.2773
-5.77983
-0.9406
1.2994
1.7865
1.2022
0.11573
4.37
-0.856
-6.4708
0.0219
-1.6544
1.2601
-1.2986
0.2776
1.5919
-1.49523
0.5585
1.51
0.0144
-1.0308
-1.0543
2.0743
0.12368
2.65806
0.1906
-5.769
-4.13996
0.384
7.8202
-1.2076
2.6345
0.75327
1.19095
-0.5759
-0.6597
0.85948
-0.23708
0.6724
-3.3709
-1.3301
-3.9571
0.894
-0.927
-0.3454
3.7888
-3.80331
0.5016
1.2434
0.01933
-3.80242
1.1654
NA
-3.1229
NA
-2.06366
0.33717
1.19
-0.4161
-0.6723
2.4946
4.5178
0.8509
1.0885
1.95835
1.22895
-0.955
1.3083
-1.73719
2.827
0.6044
-0.7623
2.7259
2.0336
-0.80196
-0.8047
-2.57005
1.4595
-1.24626
1.13678
-0.5676
-2.5733
0.9365
1.0856
-1.7351
0.9603
-2.06435
-1.5
1.8198
-1.63927
-2.492
0.416
-0.9846
-1.39
-2.40156
1.0389
NA
-1.5702
1.96
1.32664
1.007
-1.0819
-3.24261
2.7552
-0.8357
-0.7724
-4.5587
-1.4842
5.5094
0.95186
0.9677
4.2817
-0.3099
-1.9923
NA
4.1128
1.2889
1.4481
-1.25846
0.0784
-4.02687
0.1471
3.3755
0.16
-2.47
1.1602
1.27709
-0.85883
-2.048
3.1942
5.6935
-0.8931
0.705
0.0728
2.1336
-2.60842
-1.5511
1.91045
0.4842
-0.0486
-5.7874
-0.36072
1.09562
-0.1127
3.9823
0.5365
2.69919
3.3205
-0.1912
4.12785
9.2375
-4.4251
1.1966
-2.9865
0.1194
1.81136
-2.14906
-0.3803
0.45134
-0.1091
0.2889
0.4342
2.5624
-0.80046
1.18
-1.10402
-0.5392
1.49
-1.7481
-0.5211
3.2048
-0.6801
-0.4344
0.3603
4.28
9.6809
-0.5097
1.1488
0.58836
0.3398
-0.4235
1.52778
-1.04
0.82935
0.9222
-1.3451
-2.8901
4.80681
-1.916
-1.40861
-0.9525
-0.5913
-0.78119
-1.1507
-0.29968
-1.13
-7.1669
-1.0677
4.05854
-3.163
0.806
0.3614
-0.1401
-0.3988
0.9403
-0.3075
-2.8622
0.653
-0.42317
-1.7565
2.51
-0.57391
-0.3152
1.36
1.3971
1.05
0.768
3.1304
-5.2279
1.761
0.69236
1.65568
-3.87999
-1.0965
1.3675
-2.42941
-0.43344
2.902
0.97052
4.3761
2.1462
4.04
-1.19
1.0497
-2.2228
2.53722
0.05494
-0.61659
-1.6304
0.2845
-2.76956
0.3791
-0.6023
-0.7871
-0.6357
2.0909
4.72197
1.5694
3.1039
-2.2699
-0.2324
-1.32116
0.2833
-1.0272
-3.7555
3.07358
1.3083
2.1587
2.1804
-0.5665
-2.6209
0.0993
9.7262
-2.6622
2.5267
0.4878
-2.14616
0.4012
-1.62759
0.49863
2.53
2.0213
-1.8091
-0.0837
-0.7907
-0.1036
-0.791
0.625
-0.1642
0.2176
1.4696
-10.4
-2.3669
NA
0.1745
0.773
2.9803
-0.35005
0.2432
-0.4384
0.8507
2.56508
-1.6
-0.1401
-0.71572
-1.94778
1.54609
2.94607
1.7177
-3.36942
-1.074
-3.81703
-0.57204
3.0349
-0.6288
1.41642
0.1633
-0.0785
0.32107
-5.17757
3.5365
-0.6526
0.0583
0.546
0.6299
5.962
1.95697
-1.3351
-0.44264
-0.859
-1.2815
-0.2892
1.42386
-0.707
-0.4074
-2.9502
3.4
NA
1.2578
-0.652
0.93002
0.2996
0.8438
NA
-0.0324
0.31786
0.895
1.8302
-1.3
0.3498
NA
1.9387
-0.85584
-6.48812
-2.5374
2.0263
1.3294
-2.877
-0.1866
1.9006
-1.0418
-0.87634
-2.375
0.4261
2.08318
2.9941
-1.39891
-0.8302
-1.8669
-2.0846
-0.0761
1.4275
2.76
-2.8499
0.63651
0.84415
0.1858
1.56737
0.995
0.7755
-1.7482
-0.06905
2.30649
-1.86
1.5613
0.482
-3.9171
0.5388
0.64377
-1.7843
-2.41651
-1.3298
-0.75846
0.2037
-1.3068
2.4033
-0.30771
2.0939
-1.4815
-0.08898
1.74707
-1.9219
-0.69591
-1.52289
2.7195
0.4586
6.56
-1.9727
-0.00104
0.58024
2.6173
1.28
NA
-2.76671
-0.5945
0.8088
-0.811
-2.66345
-1.0568
0.5716
1.1362
9.9728
NA
-0.524
-1.83
1.51883
-1.1507
-0.51187
1.1813
0.2272
-1.2308
2.14177
-1.8751
NA
0.5423
-0.8295
-3.391
3.67372
2.75459
0.821
-1.63171
-0.6629
1.193
-1.2442
-0.68971
1.10711
-1.8336
-0.1173
-2.92371
1.1108
-1.4148
-4.9154
-0.9266
-0.5666
-0.1407
3.6494
1.02
-1.1437
2.81
2.1463
-0.6704
0.29632
0.7558
-3.43547
-0.2253
-0.7337
-0.0135
0.7097
-1.345
NA
2.4141
-1.58729
-3.1761
-1.4648
-5.359
-3.72
1.0532
-2.225
2.13
1.9528
-2.1526
0.2901
-0.511
-2.83226
-0.3603
0.2886
4.4672
-0.9115
-8.7253
NA
-2.14253
-1.7063
-0.4566
-5.59208
0.2955
1.5839
3.28915
-1.0904
4.7146
1.1759
0.0683
-0.6623
4.7205
0.6573
0.3746
0.37502
-3.597
NA
-2.00268
-0.8684
-2.5986
-1.3475
2.7439
1.4864
-3.1464
2.51442
1.62049
0.442
-2.62192
-0.8663
1.7165
-5.4787
1.04605
-1.83069
1.5593
1.55646
-0.6775
2.1587
-2.6382
1.7963
-1.28132
-5.5877
-1.68269
-2.6942
-0.4739
-1.7488
-1.66745
1.7365
-1.48291
-0.2682
-2.3158
1.24462
0.352
-1.199
3.2418
-0.9434
0.5962
-0.9164
-4.2394
2.2457
-0.5945
-0.0962
-1.42098
0.00413
0.5383
-0.311
2.7429
1.5569
-0.471
-1.7018
0.31
1.773
-1.09661
-1.1447
-1.5062
0.0076
-0.8773
-0.5523
-5.8404
20.1305
1.9035
0.7594
-9.2635
-2.87359
3.43356
-0.0877
NA
0.6552
-0.35112
-2.60707
2.391
0.008
NA
-1.70108
-1.832
-1.0066
-3.01376
1.7282
-3.03561
-2.1572
-1.25979
-1.3202
-1.5885
-1.1606
0.7284
1.33
-2.03996
0.96423
1.4707
1.2493
-0.36604
0.45
-5.9923
0.8552
-0.6597
-1.06359
-0.9577
1.07175
8.1375
-2.43763
-3.31603
-0.793
0.5981
0.64815
-0.302
-0.3207
-1.56
-0.254
-1.0568
1.12353
1.54428
0.04343
-2.27096
0.8411
-2.0987
2.99077
-2.5619
-2.3691
-2.62288
3.2914
-0.67281
-1.1125
-1.35225
1.20062
-2.46467
-0.20974
-0.88212
3.7126
-0.63347
-0.2669
-0.4695
-3.27
5.06851
-1.46948
-2.0483
1.12456
0.124
-1.47215
-3.13756
NA
0.0823
NA
NA
NA
NA
NA
NA
NA
NA
NA
NA
NA
0.9127
NA
NA
NA
NA
NA
NA
NA
NA
-4.50924
NA
0.85332
-0.9384
NA
NA
NA
NA
NA
NA
-3.18328
-1.6182
-0.0656
NA
0.1877
-2.12358
NA
0.0981
2.5314
1.5622
4.8609
-0.0487
1.8565
-0.0708
3.1933
2.46
5.7591
0.12426
-0.92108
2.2254
2.261
-0.9561
-0.5802
0.0944
0.3567
-0.3404
-0.3243
1.9752
3.1459
1.9378
-0.4347
2.5469
-1.58
-2.96658
-0.7873
0.48543
0.12303
-1.4507
0.1836
-0.71561
-3.1791
-0.9292
-0.2494
1.2103
2.3669
0.01325
0.40159
2.2826
-1.16428
-1.41
-1.8753
0.70259
0.2304
-1.18
-1.64184
-1.81092
0.4591
0.9457
-1.1681
-1.356
-2.168
0.41882
0.6172
-0.1484
1.3586
0.4984
1.2464
-3.435
0.2615
0.9128
-1.6016
1.685
0.12306
0.81609
NA
NA
2.34074
1.3404
NA
1.64306
-1.6129
-2.30579
1.22
-0.68218
2.64055
1.97042
3.1169
0.5604
1.07
3.7303
5.61
3.3554
0.6167
-0.53725
-0.42024
1.05175
0.9946
2.80268
-0.22044
4.05494
0.8459
-0.5865
-0.0182
-0.641
1.0539
2.9713
3.4154
2.48268
-2.18885
-2.7979
-2.38119
-3.8618
-1.92226
2.31
-4.7957
-0.2122
3.03358
-1.5313
1.6247
1.28116
0.4793
0.8698
-0.145
-2.65457
0.94978
0.8596
-1.04266
2.453
NA
-0.3034
0.4003
-0.12
-1.1206
-2.6774
-2.3144
-1.7794
-0.6709
0.8899
0.487
-1.35
-2.95
0.00227
-1.1972
-1.1595
1.3118
1.22286
5.23882
-0.727
-2.32071
0.25114
2.02616
1.17537
-0.4534
-5.4568
0.5601
0.0093
2.22338
0.06158
5.99523
-0.8592
1.18064
-4.15846
3.99952
-1.6581
0.5371
-0.9006
-1.94771
1.27186
-1.4471
-0.712
-0.3629
-3.61
5.8666
-0.97304
-3.1206
3.51138
-1.50471
NA
-6.8769
-3.56696
-2.03453
2.76933
0.63029
-1.36
1.2256
-0.185
-0.0878
0.2194
-0.0564
1.74308
-2.9779
0.5542
-5.5258
0.6596
0.2561
0.8163
-1.2961
1.47166
-2.5115
0.8476
-0.1428
-2.57943
-1.9621
-1.12833
1.57406
1.3423
-0.07944
-1.5209
NA
1.03025
-0.00889
1.61
2.21553
0.743
-0.2342
-0.1407
-0.1851
3.6679
-1.34526
-0.42481
0.84
-1.22
NA
2.75238
3.89179
5.95
-3.41258
-1.8163
1.1963
-1.6829
-0.2034
NA
1.3815
-2.5049
2.20774
3.30342
0.5096
-2.17074
-4.6956
-0.9517
-2.1107
-0.2149
-0.235
1.0752
1.7244
-1.75
-0.0067
-2.1919
1.07
1.13
-6.8615
-2.82026
0.5422
-1.1096
1.7167
-0.2257
-0.275
NA
4.7316
0.606
-1.4192
7.89
-0.6674
2.21348
-0.08125
0.1534
-0.78421
-0.16192
1.62
-0.683
2.69898
0.38243
0.0244
4.2406
4.4328
2.6025
-1.6511
-0.0583
-5.96
-1.9333
0.02798
-0.2741
-6.19
-0.80908
-5.30818
-1.43042
-0.63177
-1.85
2.0348
-2.35
-3.45224
-0.83808
-0.177
-0.3575
2.68165
NA
-1.14349
-1.21855
-2.87321
-0.2501
NA
0.04875
-1.86478
2.79538
1.2193
2.37737
-1.02
-2.31806
1.8115
NA
-6.86826
-0.3381
0.0923
NA
-0.4137
-1.7519
0.5533
2.0487
2.8297
1.22
0.16256
-1.7519
-3.66627
-1.3013
-2.04186
-0.50905
-1.3
-0.28523
-3.0097
1.48
-0.10367
-1.87383
0.439
-0.58837
-0.1614
1.7846
0.6749
0.488
0.8644
-1.46155
-2.7225
-1.79
-4.3202
0.51203
1.32957
-0.2173
-2.27323
-3.22799
-2.4444
-0.1569
-1.0167
-1.66984
2.6248
-1.5703
2.27647
0.7184
1.24889
0.62638
NA
1.15194
1.5025
-0.4469
0.25761
-0.59605
-1.56
-2.93899
-0.195
0.048
-0.4491
-3.85701
-0.06054
0.95148
-1.9528
1.183
5.4387
3.17
-0.5537
-1.0568
0.02194
-1.9112
1.10418
1.0445
-2.0457
-0.5989
-3.85716
-2.6108
-1.81
0.49247
-4.71
-1.05828
3.6508
0.504
-1.86178
2.3134
5.0362
1.2
-0.5791
0.0652
-1.0231
-0.90848
-13.5952
1.36
-3.96
1.4616
0.54945
-1.0292
6.84
1.5266
1.8065
-1.7096
1.56
9.6856
-0.124
0.8188
1.436
-3.55725
0.209
-0.00409
-0.615
-0.97384
-1.36739
0.2444
2.7812
3.1535
2.58014
0.28264
-0.2042
-2.71911
-1.69818
0.5367
-0.03656
0.66905
0.15578
-0.2967
NA
9.2145
-0.7307
-1.7604
2.25
3.55266
-0.36606
-4.8339
-1.99
-0.798
1.30098
-3.2202
-0.01241
0.885
-1.51537
0.2744
-0.33007
-0.91962
-1.895
-1.34
1.9228
0.1025
-0.5771
2.8306
-0.5534
1.2856
3.10007
-0.0174
0.28055
0.4988
0.256
3.13
1.8302
0.8754
0.08045
0.35789
-1.49851
NA
-0.5953
2.29472
0.087
-0.722
0.47998
-1.44137
1.0357
-2.74853
4.6196
0.4126
3.1872
0.2062
1.3311
-1.1932
0.41654
0.957
0.5585
-0.6041
0.72324
-1.97873
0.3
-0.00353
2.26175
1.0718
1.7345
0.1932
1.156
0.98087
3.1206
-0.0212
0.5359
-2.21126
0.988
0.743
3.5579
1.31972
-0.4429
0.564
2.06937
1.2195
-0.61884
-2.88996
-1.75485
0.385
-3.25626
-0.167
1.5172
-2.27352
-0.0433
1.42
-3.59617
NA
NA
1.9969
0.48221
1.06077
-1.22109
1.38389
-0.30757
1.0431
-1.35471
-1.1773
-0.25422
-0.186
2.30128
1.25921
-3.39212
-1.35071
-2.1357
1.9069
-2.89035
-1.32098
-6.1767
3.056
-0.41165
-0.1192
-1.03683
-0.8654
0.2632
4.48972
2.662
-0.3595
-0.91785
1.663
1.5473
-2.8022
2.9713
-1.6411
-2.9765
-1.0567
-0.3742
-0.07912
NA
-0.60209
-1.18759
-0.37346
-0.72728
NA
-0.26414
-0.3803
-3.32
2.77245
-1.207
1.2846
0.75342
0.16581
-0.5388
NA
-0.14931
0.294
0.1428
0.43539
0.99603
-2.866
1.2079
-1.1117
0.5989
1.35
2.0353
2.08379
-2.1073
NA
-4.9619
0.06923
-2.43356
-0.39821
1.22686
1.69
0.329
-2.99987
-3.4705
-4.54121
1.28086
NA
-4.8238
NA
1.87238
1.8618
-0.5313
0.91759
-0.42102
NA
-0.30486
-1.346
-2.99163
2.9387
-0.613
-0.73795
1.08859
-0.40766
1.5293
1.65149
0.7917
0.96339
-0.45463
0.4888
1.1304
NA
0.1279
2.7
1.52
-3.96
1.06646
0.31894
-0.738
-0.906
6.40571
-0.4323
0.9055
-3.61932
0.5628
0.32499
3.2929
2.87666
-1.00685
1.63
-2.08033
0.379
-1.0489
-2.512
-2.0248
1.62956
NA
0.0955
0.1649
4.7841
-1.2245
4.5833
-1.79199
0.5697
-3.47163
2.9023
8.6773
1.3949
1.2506
3.54533
1.25561
-1.50886
-0.8465
8.8022
-3.5754
-3.72422
1.11891
0.6106
-5.9128
3.11139
-1.30844
-7.9861
-3.09
-2.029
1.67
-1.53839
-0.12064
2.8727
0.0362
3.1708
-1.62095
-0.94815
1.4075
0.625
-0.9548
1.9037
-0.5195
-2.33016
-0.2318
1.13
-0.11589
-3.59434
-2.83
-0.4961
-0.1051
1.76887
3.9544
-1.7604
-0.12054
-1.2416
-0.8905
1.3972
0.28643
-0.00289
0.6679
0.481
2.4149
1.81
-4.70267
-3.373
-0.0125
-0.04023
-8.77
1.71557
-1.874
-2.0287
0.78
-0.387
2.997
2.35389
0.84987
-1.8835
-1.3428
0.44488
-0.956
1.5396
NA
-0.3792
-2.35
-3.3927
2.64134
0.6071
-3.93
-0.1974
-0.6545
0.5829
-2.06878
-0.90365
-1.77051
-1.30231
NA
3.53867
-1.4696
-0.5755
2.425
-1.31
1.0967
0.96541
-0.94994
-0.17892
-0.1063
NA
-0.632
-3.74
1.6758
1.2618
-0.2203
1.70798
1.3734
1.0894
-0.2354
-2.7833
0.15454
2.12009
-0.0544
0.2
2.41043
0.812
-0.4686
-0.95864
-4.6475
2.31
-0.1357
NA
1.2168
1.7294
-1.99848
2.1563
-1.8
-0.261
1.0465
-0.0988
-0.1322
-1.6691
2.41542
0.424
-0.166
1.8258
-0.84576
-0.45803
0.3043
1.0911
-3.77
-1.1238
0.825
1.7361
NA
-2.7305
-4.3559
0.2935
1.77
6.1241
1.45039
-2.25044
-1.01506
-0.2432
-2.8084
0.0705
-1.5678
-0.10779
-0.2166
-1.4807
1.79297
3.65391
-2.40184
-9.5966
0.9479
-4.7827
-1.8554
-2.56194
0.352
1.3123
1.22621
-0.9008
4.67459
0.3545
-1.27563
-0.11677
-0.1178
5.73
NA
-0.9161
-1.3905
1.8728
-0.6229
-1.0304
5.74
-5.51
0.698
NA
-1.4028
1.94
1.08975
-0.0462
-0.136
-1.45815
1.9703
2.246
-0.53471
-0.36144
-1.3728
0.3353
1.66072
-4.46173
-0.724
0.9411
1.85911
5.31626
-1.4862
-0.8665
-1.4921
-0.80676
-6.0851
-0.9082
NA
2.24
-1.15
1.7944
0.173
-1.7385
1.6465
-0.37321
0.701
-2.25924
0.30385
-1.2502
0.16081
3.32001
1.7366
-3.1817
-2.13938
-3.5288
-0.488
0.7375
-0.32834
-0.14197
-0.5548
1.5915
-1.4919
NA
-0.9441
-0.3615
-0.7707
-2.0319
4.8617
-3.10262
1.846
-1.9
-2.68
-4.312
-1.82469
0.95129
4.8601
2e-04
0.0249
-0.45422
-0.96233
0.7868
-0.9123
0.4782
1.05232
1.52929
NA
-1.6633
3.3658
-4.0084
-2.13446
-0.64013
-1.75876
-2.36968
-0.21835
-1.3294
-4.1969
0.99947
0.92105
NA
3.1778
1.0465
-4.12242
-0.5193
-2.9692
-0.5167
2.499
-0.3545
0.449
-4.72799
1.7557
-0.9588
-1.2731
0.1427
0.1956
-1.0349
2.82173
0.63366
-0.83059
0.67481
-0.1729
0.437
6.02456
0.1406
-0.95885
1.03
-0.3544
-0.54288
1.02852
-1.51727
0.82485
-1.99302
0.73278
-1.2471
0.9386
-0.5387
-0.2504
1.0895
-0.8974
-3.3658
-0.2528
-0.1429
-1.4118
0.123
0.3145
-0.35085
-2.12898
1.96005
-1.6644
0.1745
-4.1905
4.38
2.76486
0.7162
1.0465
-1.72497
-2.0014
1.87251
-1.6633
5e-04
-1.11375
1.9969
0.00668
0.15613
0.61794
NA
1.84767
-0.54008
-1.115
1.72901
1.2758
-0.45
-2.76717
0.3418
0.70799
0.6233
-0.3054
0.5245
1.5416
0.96792
-7.42336
-1.6267
-0.0445
-1.05799
-1.06115
-0.4655
0.721
-2.1166
4.13369
1.08481
1.9331
-0.71689
-0.11231
0.15655
NA
-0.86325
0.10036
2.5351
-2.299
2.0945
0.1997
0.0282
-1.5603
-2.4413
-0.3999
1.59197
1.1921
1.7029
0.9921
-2.2591
7.6685
4.0286
1.8208
-1.5764
-1.6496
0.9423
-1.8342
-0.5359
-2.3134
-0.14
0.1482
9.4332
1.68
0.8009
-0.7844
0.22343
-0.96562
0.0806
1.54116
-0.1081
-1.2488
4.0235
-0.6099
-3.7878
-1.4122
0.7608
3.2261
1.0684
-2.3791
2.7981
1.0675
1.0733
-2.1381
1.2409
0.3901
0.1006
-0.1785
-1.8393
1.3852
-0.4993
5.3584
4.5655
0.064
0.3025
NA
2.12586
1.2718
-1.6175
1.156
0.3459
5.5366
1.3736
-0.3973
4.03701
-2.3318
-0.7138
1.5288
0.6071
-0.4183
4.643
-2.4426
0.2291
-1.4264
-7.4732
0.22921
-0.7212
-1.6875
-0.1072
0.434
-1.7836
-7.5598
9.4337
-3.5384
-2.20653
0.3861
-1.1718
-1.2186
-2.9602
-0.3805
2.2486
-0.0821
-0.09708
-0.0148
0.7444
-0.5007
-2.5028
-4.5261
0.359
3.1418
-0.4698
-0.3772
0.18578
-1.5491
0.1909
-1.6189
-0.8496
-0.6329
2.2856
0.226
-1.0689
1.47636
0.1208
-5.9371
-1.0078
-5.38883
0.723
-2.277
0.9432
0.714
0.8675
-0.0152
1.4686
0.6
2.28
0.4441
0.5048
0.5621
-1.2124
-2.8533
-1.5577
-1.02822
-1.54156
1.1218
0.3277
-3.9935
-0.764
-1.5945
NA
4.01
1.8675
1.0985
-0.9212
0.383
0.1204
1.973
-2.5474
-0.3024
-0.19851
0.0329
3.6545
2.2289
3.2018
2.1976
1.5708
1.9533
1.1304
-0.1452
-1.2345
-0.84064
0.3122
0.7047
1.4974
-0.5534
0.83109
-4.4264
0.2351
1.3435
-0.677
-0.16591
-0.4141
2.03695
-4.2773
1.8051
5.0079
0.4356
-1.2387
0.7131
5.459
-1.15735
0.842
-0.4192
-5.97198
0.181
3.44
1.8975
-1.7533
1.1615
1.4593
-1.1961
2.07857
-0.3731
-0.4128
-0.8424
0.3709
-2.5558
-0.3
2.8189
-1.46453
1.0073
-2.5801
0.1024
0.94468
1.978
-1.3811
0.3022
-0.6598
-2.2448
0.9595
-2.61
-3.1342
0.4733
-0.817
-0.4651
-0.8087
-1.9514
-0.973
-3.3096
3.916
-0.4364
-0.8501
1.7222
1.5492
1.6548
-0.4355
-4.5443
-0.3821
-0.3521
1.241
-1.2468
1.95
3.5135
-1.1096
-0.471
1.0549
19.4406
-4.93
-3.08275
0.2506
4.10188
0.10034
0.44377
-0.3037
-2.22987
0.8388
-0.371
-0.0815
1.9544
-1.3762
1.24297
-0.5177
0.6737
-3.95814
-0.67473
-0.1637
-0.2189
0.5439
-1.34751
0.3097
0.9225
1.59658
0.9864
1.99474
0.7872
-2.38707
-0.7461
0.1562
1.1066
-0.12233
-0.5285
0.25121
0.7646
-0.3344
-2.6832
-2.53817
1.97763
-3.2162
-0.85243
0.66387
-1.775
-1.77642
0.93174
-0.65493
0.658
-1.4969
1.0347
-0.59395
-0.068
4.4405
1.2359
-0.6277
-2.048
0.2143
-0.8428
5.16567
-0.2698
-0.17891
-0.80016
1.12522
-2.8516
0.1194
2.25989
0.2308
0.56232
2.1756
2.39646
-0.5355
2.9915
1.61009
-1.5053
-1.28001
-1.17073
1.6853
-0.4494
-1.4064
-5.5918
-0.7074
0.7945
2.6404
0.36
-2.0414
1.9771
-0.2361
-5.65
-1.3686
-0.626
-1.0025
2.1873
-0.8312
1.0667
3.10966
-0.3778
1.1881
0.3372
0.1766
0.43235
-0.7183
0.4021
-0.4649
-2.8591
-0.82471
-3.6217
-1.04
0.5604
0.4957
0.4658
-1.5315
3.0093
2.296
0.8224
-1.0086
1.0979
0.4621
-0.8005
-2.4623
-1.12408
-1.0345
1.1169
1.5773
-1.1587
2.7193
-0.6979
-1.8865
-26.2671
-0.7954
0.7676
1.3333
2.36
2.1789
-0.6886
-0.185
-0.13
5.348
-1.8082
-2.534
-5.055
-0.0843
-1.1508
1.1793
0.5391
-0.0821
1.4475
2.09
5.7463
2.6463
0.656
-0.4564
0.736
-4.63
-3.4156
-0.0548
-1.93
-0.0563
3.38
-0.608
-3.06
2.79
-1.57
0.2629
-2.02
1.6
-0.1289
-0.95
-0.523
0.375
0.144
-0.946
0.3527
-1.41
0.6728
-1.06
1
-0.128
2.9232
5.15
2.22
0.485
0.47
1.05
0.329
-2.62
1.27
-2.67
-11.8
-0.385
-0.546
0.2608
1.98
-0.5359
1.0632
0.582
-0.1528
0.186
1.0191
-2.2349
3.3934
-0.622
-0.4705
1.9487
0.9365
0.8812
-4.6477
1.5035
-0.1485
1.5692
1.6658
0.5999
0.5562
0.9756
1.5733
-0.6322
-1.3006
0.3153
0.4458
1.2885
0.5187
-1.354
1.2051
0.7951
-4.04
2.2909
0.378
-2.8377
0.1546
0.295
0.8692
-0.5237
0.079
-2.73
1.9228
-2.3987
1.1434
-0.5374
-0.1365
-1.4687
-1.1665
0.5163
-1.76599
2.7752
0.4319
0.7201
0.70193
-1.89453
-1.86371
0.3016
-0.6526
0.4903
-1.128
2.3065
-0.14163
-0.7954
0.2746
-2.0735
-1.2859
0.2408
-0.0623
0.1398
-3.94669
0.8279
2.4453
-3.3509
-2.0697
0.1155
-4.39934
0.1439
-1.2058
-2.7069
10.5416
1.5218
1.3227
0.963
-1.35088
6.39
2.2606
-2.1862
1.6598
0.3194
-2.4924
2.71143
1.09
-2.5417
-1.303
-3.0617
2.4474
-3.1832
-0.0115
3.31411
-4.228
0.5046
0.3194
2.3949
3.428
0.7106
0.047
-2.5337
-0.02353
0.7914
4.9256
-0.7108
-1.5328
-0.27371
0.27
4.3325
-2.433
3.53083
1.5816
0.8125
-1.36036
1.607
1.9142
1.9768
1.23744
0.1703
2.90225
-0.9735
1.7255
-0.48536
0.87621
0.844
-2.85211
1.812
-1.6968
4.6448
1.3432
-0.01631
-17.279
-0.856
-0.87484
-4.17022
0.5696
1.9348
-0.9026
2.3658
0.481
1.83479
3.5155
-0.8413
-3.3471
1.0423
0.8176
0.5217
-0.5889
-2.9614
-1.1249
0.1534
-4.293
NA
-2.61272
1.2589
-2.124
-0.5277
-1.36
0.9326
1
0.763
1.5559
-0.3408
0.9448
-7.93203
0.4479
0.0469
-3.269
0.3586
-0.6257
-1.0117
-0.1051
0.9539
1.26
-0.2142
1.51504
3.45921
0.0765
1.3594
-1.8977
-2.1651
1.57961
-1.4519
0.40626
0.9648
-1.33023
1.53888
-1.34568
-1.664
-0.97603
0.6719
1.3516
-4.67492
-1.1678
-4.56841
-0.28339
-0.7091
-0.3875
1.1978
-1.3386
-1.0997
1.28741
0.40459
-2.8497
-1.72239
1.1344
-2.3023
-1.97466
-0.6979
-1.2688
1.838
-0.9901
0.22646
-2.7743
-0.7151
0.9648
1.5555
1.0042
1.3652
-1.52263
NA
1.3652
3.93086
2.7902
0.66773
1.8308
-1.0856
1.5147
-0.9612
-0.60287
1.3652
NA
0.86292
0.4694
1.4388
0.9219
1.98494
0.05054
-0.9444
-0.7254
0.98836
-0.463
1.1921
-0.8572
-1.43646
-1.49926
-0.1725
3.6626
-2.9418
0.5161
-1.1891
0.1482
1.6191
0.47304
-3.96987
3.03767
0.0108
-0.2874
2.5601
-1.43011
-7.87374
-0.49257
2.08288
-0.3018
0.42
-1.6155
NA
-0.019
2.6546
2.03508
-7.59087
0.42313
2.3241
1.2599
1.0643
-3.0874
-0.41471
-1.5243
1.8237
1.0382
-0.9534
3.0855
1.1899
1.644
-0.3554
-0.6577
0.3503
-2.6334
1.4261
-1.7619
3.827
3.4879
1.5563
-1.6188
0.0631
0.7882
-3.17419
-0.9105
-7.3149
-0.6914
0.2037
0.5238
1.1452
-0.47236
0.6425
0.7902
-1.7303
-0.0637
2.3664
1.7533
0.2509
-1.2542
1.97554
-1.5374
1.1115
1.8051
-3.7143
-1.6453
0.0582
-0.2587
-0.2461
0.56154
1.50301
-0.6672
-1.9674
2.34418
-1.4911
2.174
-0.1894
-3.4498
1.352
-3.2771
2.2755
-1.0612
0.4625
-0.1516
3.0655
-1.2826
-0.2194
0.8383
1.1815
-1.2376
-2.8656
3.3925
-0.2899
1.7462
-1.0711
0.9112
0.9367
1.2793
0.2886
0.7396
-1.0538
-1.79
-0.6393
-1.9892
-0.2119
-0.0414
-0.215
0.8411
1.8225
0.6255
3.9962
4.2331
-0.0504
-0.9542
-1.1415
1.1914
-0.6158
-0.6217
-0.57912
-0.8877
-3.6245
-2.6054
-0.1457
-0.5
4.5488
0.9224
0.6191
0.031
-0.1641
-4.2875
1.6793
0.0849
-3.6824
-1.8083
-0.6291
-2.3964
2.5418
3.9122
-3.8521
-1.5288
3.1399
-1.4163
-0.06302
-0.8121
-4.2655
-1.83846
-0.8945
1.5533
0.8671
0.1567
-0.505
-1.9696
-0.17115
-0.4495
0.8294
-1.155
1.0859
-1.4258
-3.0478
0.5824
-0.953
1.53
0.799
2.13
2.4442
0.2526
-1.4418
1.7197
1.1072
0.6984
0.2615
0.5349
1.3993
0.1259
-0.6994
0.6414
3.63833
-1.2864
-1.0826
1.8615
0.0651
0.23
NA
1.09559
-0.8302
1.1621
0.469
1.0825
-0.5566
0.3507
5.21
-1.95035
-1.60375
1.6083
-1.81579
-0.7695
0.8571
0.0085
-2.0248
1.6651
-2.55156
2.62743
0.31
-0.7695
1.95078
3.6426
0.8574
0.37461
0.5015
0.2564
1.7143
-0.0998
NA
-0.2782
0.0433
-0.7695
-1.2465
-3.50919
-6.0789
0.9485
-3.0312
NA
-1.27076
-1.99
-2.85145
0.49482
-0.5549
-0.6216
-3.17197
-0.0296
0.224
0.2432
0.1056
0.924
-1.8306
1.55
-1.11967
-1.30485
-1.3
-0.1379
-2.79826
1.09044
0.4707
-2.37
0.90314
NA
0.5752
2.5475
-1.3175
-0.1187
-1.74244
1.1506
1.53022
-1.35311
-0.6033
-2.2164
1.28462
-0.5606
-0.28837
-0.6936
1.76
-0.15703
2.07
1.19382
NA
-1.33691
-0.2621
-0.30334
1.77342
-0.833
-0.2817
-0.83081
0.29171
-2.11667
1.0651
0.979
-0.71674
1.53
0.2865
-0.483
0.428
-2.84941
-0.45926
6.2392
-2.00351
0.4426
0.79844
NA
2.3339
0.48603
NA
-4.3636
0.99268
-0.33233
1.5921
-0.7686
0.10841
-2.8345
-1.23437
0.9376
-4.07
-0.77065
0.4639
-0.6037
0.00567
1.82
-0.32329
-2.71084
-1.1657
2.35542
-0.84406
-1.50279
-4.67
-0.46535
0.37518
4.14972
-0.83382
-2.18255
-0.0045
-0.5763
-0.72916
1.19398
1.2
0.1646
-2.16
-1.22015
1.19389
-0.94621
-2.2749
0.14361
3.1606
1.4353
4.69402
-0.75438
1.4015
-2.29122
2.56079
-0.2089
3.8279
-2.88694
-8.73571
-2.11
-3.4036
1.1463
-0.45848
2.09051
-0.35321
-0.36183
-0.129
1.1707
-3.32258
1.5456
0.04963
-0.56375
-0.70458
-0.243
-0.84223
-2.03
-0.1058
-0.0236
-1.7168
1.7346
0.07248
-2.52642
1.0168
-0.47027
-0.16291
-0.4103
1.77029
-1.761
1.01238
-2.0061
-0.53464
-2.61
1.56193
-1.7233
5.07
0.31487
-3.37259
1.5501
1.1409
NA
-0.928
-2.64965
0.04276
0.0373
0.15886
1.21477
2.0155
-1.903
2.5363
1.75914
-0.0872
2.44
-8.9557
1.2882
-1.52457
-2.26664
1.8087
-3.76376
0.8626
0.3432
-0.8728
-0.8006
5.0454
-1.1327
-5.0951
-3.0278
0.726
0.02972
0.8106
-1.8108
0.669
0.1223
1.1599
-0.84016
-1.5315
-0.6363
-0.0151
0.1857
2.09154
-1.0952
-1.94526
3.8984
4.95381
0.999
2.8458
-1.3081
2.2365
-1.0035
0.6135
-0.8195
1.29796
1.0225
0.5644
1.5903
-5.51346
3.5001
-1.2762
-0.04219
-6.5602
-0.7372
1.4381
0.7193
2.11
-1.2755
6.3071
-2.7089
1.97035
-2.666
1.7208
-1.4057
2.662
-0.8645
-0.6827
1.0979
1.404
-4.1654
-0.4207
-2.4033
1.62
1.8348
1.4486
-4.4851
1.5863
3.2034
-2.3096
-0.4659
0.89044
-0.3771
0.9723
1.2417
-1.8679
0.4359
4.0351
0.76379
0.684
-1.18846
-4.28192
-3.0775
1.9323
-3.23
-0.0138
1.4701
0.6251
-2.8397
2.9706
-0.8461
-2.3569
-0.66819
-1.48468
-1.9377
1.5428
1.51664
-1.29
-1.7998
1.6101
3.63172
-2.6105
-0.1505
-2.5591
-0.9775
0.2126
4.0306
0.72385
-0.6798
-0.21069
1.8373
5.0867
-1.0083
NA
1.30812
-0.0088
-0.558
-1.2422
1.0305
-0.8509
-3.85751
2.1602
-0.2696
4.3862
1.7056
-0.6615
-0.8818
0.0547
1.05372
-4.24
-1.3791
-3.4866
2.316
-4.313
3.5673
-0.4949
-3.35305
-2.91438
1.7678
5.6128
-1.79291
-2.3292
-0.943
-1.0707
0.904
0.3295
-0.6152
-1.9084
-2.3573
2.39963
-2.9647
-1.7891
-1.55
1.25216
-3.3658
1.2128
-2.5975
-1.6424
2.8049
-0.34533
0.285
0.1326
0.2879
-1.9007
-0.56475
0.03369
0.9674
-0.11412
0.46042
-0.8034
0.9614
-1.6941
10.955
5.65282
1.2348
2.37005
-3.26357
-2.1666
4.44
0.07774
2.26875
-3.96
0.44516
-0.5036
-0.2413
1.1031
-4.4356
0.3743
-3.2426
0.7527
-6.85379
-0.0805
5.6634
-0.8766
-0.0778
-1.1262
1.2937
-1.64696
1.46791
1.3925
-2.2694
-3.1425
2.1739
0.899
0.96395
-1.74424
-0.80269
-4.2211
0.5037
1.6003
1.70775
2.166
-1.76603
-0.07466
1.1362
4.3393
-1.96421
-2.0299
0.9028
-2.56515
1.7258
2.28
-1.3634
-0.46661
2.1006
NA
-1.1648
-1.97567
1.3107
-1.1011
-4.7082
2.1052
2.596
-1.2808
NA
1.09539
-0.3657
-1.34
-1.0546
NA
5.49341
3.12189
-0.5729
-1.5003
0.3133
-0.9921
-2.1432
-0.8559
0.55027
1.5953
0.43002
-2.3914
-0.6842
-2.4899
0.6039
1.1081
-0.635
-0.01189
0.08342
-1.07
-0.3139
0.971
0.94957
3.1293
-2.2088
0.69301
-2.04671
1.75429
-1.18461
-0.8907
-1.5284
-1.0973
0.2358
1.9969
-0.608
0.93403
-1.9119
1.6778
NA
0.45774
1.9969
3.1
1.1603
1.6343
0.4663
2.3792
1.3095
5.2008
2.17
-0.31691
4.8816
-0.5456
-0.7745
0.513
-0.46563
-1.2839
-1.7533
-0.8264
1.17444
-0.755
4.0115
1.1444
0.89497
-0.48514
-3.45064
4.0306
-0.648
1.7397
0.39998
-1.17
1.0673
1.00084
-1.0457
4.3534
1.574
