-0.8047
0.86796
1.8887
3.1479
-3.07674
-2.0826
2.7648
0.49634
-5.7538
1.76967
-1.22858
-2.73565
-0.5051
-0.6032
-1.7322
1.08802
1.3157
0.24831
-1.1013
1.7322
1.9692
1.2629
0.1629
0.3782
1.7609
-2.1034
-1.07248
-5.9184
0.1481
-2.53354
2.35959
-0.815529
-0.0387
0.7617
-1.6468
0.5745
-0.2864
-0.11962
3.4271
-2.2784
1.7749
0.6691
-0.1837
-0.25012
1.0544
-0.88348
0.77074
0.0559
2.8308
-2.9906
-0.08682
1.7095
2.6675
4.8188
-1.674683
2.62806
-5.091
NA
0.1177
-0.61064
-1.247458
-1.3453
-4.51388
1.49356
-0.1902
1.2605
1.39373
-0.6789
-6.2242
-1.3921
1.8647
2.48222
0.1272
-1.24735
2.4813
-1.2201
0.26856
0.29905
1.6363
1.53095
-1.5193
0.3964
0.44185
0.54605
0.0803
1.0271
-2.9964
1.1489
0.2486
-2.0876
0.00465
1.5066
-1.4442
-3.6296
6.5402
2.1988
0.9606
-0.5541
0.7757
-10.5599
-1.429775
-0.72878
-1.7061
2.8172
0.7523
0.5528
1.1549
4.9198
-1.21278
-0.1265
-4.1178
1.4116
2.5021
-3.99964
-7.5679
0.076395
-4.66436
1.34467
1.901414
-1.2192
2.3017
0.8404
-1.92334
0.26
0.03315
2.1323
-1.0257
2.5848
-1.37387
NA
1.1775
-1.06396
1.4855
1.19171
0.3555
1.1669
-1.48262
-1.93384
-0.6662
0.2414
1.4665
0.6264
-0.1886
-0.329562
2.20302
0.2457
-1.34992
0.3072
-1.0086
-0.4331
-1.7432
-1.1237
-3.61866
-2.5249
-2.6578
1.8006
3.6169
0.71956
-0.15756
-0.7007
-5.8012
-2.4426
4.6884
3.0129
-1.203
1.8725
0.4793
-1.5912
1.1622
-3.238
-0.40833
-2.5178
-1.9882
-0.4635
1.5218
2.485
1.9075
-0.1954
0.8091
0.612
-0.623
-1.215695
0.161906
-0.5799
-0.2068
1.60829
-1.0699
1.1517
-1.5369
-0.8071
1.754687
3.224237
-0.38455
0.6168
-0.6994
1.008
-4.8644
-1.6739
-1.3509
-5.8126
3.0867
5.4895
2.28183
2.5956
1.21279
-1.5921
-1.83972
0.68347
-1.59574
5.0492
-0.0831
-1.9472
0.1042
-1.0508
-0.0902
0.9232
0.0229
-1.4646
1.1739
-1.7895
1.11651
2.0287
-4.1749
1.78074
0.57573
1.81712
-1.222
-4.0982
2.41143
-1.1807
-0.7374
0.76447
-11.2219
2.253
0.1644
-1.8385
0.1839
1.2335
0.4125
-0.45753
-2.3619
9.5007
-0.23403
-2.46724
1.06923
NA
1.101557
0.1638
-0.60216
-0.2348
-4.5564
-3.3597
0.93
5.2683
1.044757
-2.139644
0.686756
5.754
-2.787503
-1.054152
-0.709875
0.016099
-1.523458
-2.288546
0.461961
5.472705
1.8923
1.543114
2.816061
0.654979
-3.2639
1.556
-1.511494
1.1838
-2.326817
9.701
2.1389
-2.8142
-2.0412
1.6145
1.2398
-1.1343
-1.5405
1.288
3.0389
0.6219
-0.5196
1.3433
0.8207
-0.7144
1.3236
2.278
-2.4464
-3.2031
-3.3606
1.018
-0.0615
3.7068
-0.8539
0.6083
-1.1787
0.3737
-0.971
2.2057
3.4393
-1.7511
1.0935
-1.2031
-1.058
-1.4726
0.1748
-0.10992
-1.8822
0.3971
-0.4185
-2.401
-3.6268
-0.2015
1.1196
5.1618
1.2225
0.0961
-1.4853
3.1695
-1.2803
0.7977
0.4429
-1.6903
0.9406
-1.873
0.6801
1.4154
-1.0362
-4.6003
-5.5886
-0.452
-2.1826
-0.4477
-0.49511
-1.7381
-2.33767
-3.1455
19.3522
1.106
2.1586
2.3853
-1.3635
1.3058
0.4643
-1.3373
-2.5196
0.2401
-0.28879
1.51229
1.67395
2.04563
-0.96834
1.31606
-4.0765
-2.10256
-1.05778
-1.32289
0.4284
25.3806
0.3552
-0.99889
-0.21326
-1.1959
3.39853
0.337
1.06558
2.0483
-1.19308
-0.15928
2.40289
-2.25288
0.1029
-1.16241
-3.144
3.64306
-0.88852
-0.5299
-0.77159
0.0778
2.65622
-1.3197
-1.88675
-0.76967
-1.23434
0.1994
0.474
0.85674
0.54343
3.5343
0.00965
-0.95708
-0.93514
2.04478
-1.25056
0.32572
-0.84279
0.0832
-9.183
2.82206
-2.61205
-1.62943
-1.2253
0.9083
6.3316
-2.24411
3.11754
1.06905
-3.3073
1.7438
1.6575
4.1566
-0.0622
-1.43597
-0.78347
2.4426
1.91829
-0.5209
0.0023
-1.8391
0.8979
0.5502
1.0505
-1.1811
1.7055
-4.9739
3.6852
-0.5093
-4.9864
2.1516
0.5255
0.5149
-0.3415
-3.33313
0.7671
3.40629
0.3097
0.9184
-0.18784
1.89934
2.0264
1.0674
0.2332
-0.7223
-2.1696
-1.9681
-3.1369
-3.0658
-2.3325
0.4231
2.068
0.274
2.7835
0.5311
0.6902
-0.1445
-1.8244
-0.8767
-5.1002
0.8717
0.5302
-0.5517
13.8369
1.2824
2.1115
-0.121
0.0256
0.8606
-0.6482
0.1908
-0.9318
-0.7281
-0.1076
1.595405
-0.0343
5.1988
6.185573
0.2615
-2.0979
-2.4854
NA
-0.000321
0.413298
-1.010101
6.545471
0.961964
0.4588
3.322341
0.142811
NA
1.5627
0.2656
0.56738
0.96023
0.64956
0.09306
-1.12435
-2.4653
0.86443
0.11642
1.90748
0.4093
1.60689
1.24546
0.6442
5.85582
1.66021
-2.51264
0.69622
-1.93882
2.1884
-0.59139
1.387
1.80197
1.127
2.1254
1.3209
-3.1843
-16.5937
5.7761
-4.7703
-1.24242
2.5265
1.0281
0.0934
-0.5571
2.3804
0.5848
-5.3284
1.1968
0.9334
-1.075
1.529
-2.6743
3.4907
-0.9873
1.05123
-1.1196
-0.6859
1.47052
-2.925
3.05067
-1.46692
-0.632
1.4299
-2.31149
2.0592
-1.2522
1.20055
1.1792
-1.9114
0.64331
1.16589
-0.0779
3.0077
1.3035
1.86458
0.78494
-1.2091
-0.64705
-1.59767
0.88894
-1.92983
1.27765
-0.49407
0.78725
1.1253
0.663
2.5668
-1.8087
-0.463807
0.944307
8.6773
-0.4632
1.72228
-0.0723
0.3638
-0.4967
2.1609
-1.23056
0.8963
-8.9702
-0.45544
1.45243
0.79337
-0.0252
0.8674
-1.582
0.5325
-0.6484
0.9625
1.103
-6.0458
-0.3865
1.06518
3.16464
0.0204
-0.5918
-5.2143
0.97924
-4.0784
3.4642
1.08694
-2.3806
2.14109
0.98721
0.3775
2.4252
0.7859
-0.5892
-0.2836
1.1895
2.7728
1.3714
-0.504
0.7198
3.13648
-0.90937
1.8842
0.4122
0.3316
0.9657
-2.1061
0.717
1.1975
-0.7959
-0.495
-5.8126
-0.05473
0.05809
-0.2493
3.1995
-1.7595
0.22377
1.7963
0.2894
0.86499
0.45587
1.27324
0.88596
-0.10337
-1.434
0.03989
1.5622
0.3536
-1.5173
1.2469
-0.2099
5.604
0.3767
4.024
-1.747652
-0.82331
-3.22107
-3.092
4.04411
0.9733
-1.8642
-0.2833
-1.1949
-1.2682
NA
NA
1.428798
NA
NA
-3.4676
8.0935
0.4228
0.809103
-1.2652
-4.0154
-0.3185
1.0948
1.7181
2.7271
-1.3121
0.0432
-0.5434
0.9915
0.3448
3.2239
6.3305
-0.8577
0.94388
2.7437
0.3102
-3.2206
-0.2746
0.5551
2.0066
-0.15105
-1.2191
-2.329
-0.66697
-4.7252
8.7911
-2.944
-0.2395
2.98709
1.6742
-0.3164
-1.64201
2.2885
-1.3197
0.33286
-2.19574
-0.1354
3.6031
-0.35962
0.33737
-0.1109
-6.3711
1.0257
3.77998
-0.3247
-2.45341
-0.17792
0.1437
-3.43223
-3.68234
3.8699
-3.17134
-1.974863
12.9765
2.7144
4.2326
-0.11986
-2.9794
0.3418
1.1229
0.9028
1.71778
-0.46533
-7.0505
0.2466
3.66041
-2.97466
-1.7367
2.29718
-1.0205
2.9193
-4.0354
-1.637
-2.33609
-2.72182
-1.10415
0.4126
-0.52674
-4.5367
-0.2271
0.68308
0.880295
-1.4703
2.7613
-2.54207
-0.8884
0.389
1.5587
-0.2731
-1.3541
-1.19244
0.71642
-0.70236
-0.76101
2.9663
1.4528
0.7615
-0.3708
-2.25329
0.8574
0.1211
-0.2304
-2.35659
1.7404
-6.1089
-1.2687
-3.0532
-3.03492
-0.13307
3.3969
-2.358
0.99522
-2.73186
-3.2763
-1.43736
5.98456
-1.9634
-0.6168
0.4858
1.4184
0.1679
-1.1632
2.1113
-0.12124
-0.21958
3.75631
-1.05106
0.8534
-1.5261
0.7979
-2.2596
0.7054
-0.301
0.12546
0.7822
-0.53775
-1.02
1.4665
-1.2969
-0.7027
-1.70714
1.2471
0.24309
-0.000853
1.5432
2.3043
-0.3995
-2.1003
1.8539
-1.2293
0.6925
-0.0753
3.73415
1.956
2.94062
0.1307
1.7398
2.60076
0.4977
3.8817
-0.3457
-4.278
-1.69951
-0.388
-0.7693
-0.64222
2.9435
-3.7539
2.6728
-2.0894
-4.8863
0.578
-0.0597
0.00666
-0.18392
-0.9215
0.100173
-1.1067
-0.5397
-0.73
2.2699
1.357423
0.8265
-0.881633
-1.1532
-0.2584
-2.38446
0.4878
0.5154
1.0271
2.7496
-0.514
0.3869
0.4912
-0.0934
1.4665
-0.2792
2.8272
-0.3047
-2.2717
-0.8188
2.95153
-1.90726
-1.53683
2.175
2.5563
-2.4487
0.6123
-0.5181
0.5778
-0.69144
-0.5059
0.47095
-0.06693
-2.3385
-1.6247
2.1544
1.1506
2.5141
-2.92222
NA
-1.858081
NA
NA
NA
0.9208
0.8197
2.9805
1.3851
2.6331
-1.92773
2.6091
0.4752
1.1565
0.1972
0.6393
0.98795
1.80734
1.95709
-3.3565
3.0569
1.12875
4.9479
2.1932
-2.1932
0.0541
0.3527
0.1491
1.7044
-3.6329
-2.6858
3.0293
1.4902
0.68053
0.4782
-3.1476
0.4797
1.8114
-0.41989
-3.3187
1.8759
-1.3124
-1.2315
2.5187
-1.1936
-2.3066
-0.0478
-1.6149
-1.14658
-1.1606
-1.63805
0.9937
-7.8277
-1.36479
-0.7388
0.2001
-1.55869
0.46363
0.21296
2.4063
-2.52798
3.7389
4.0435
-1.10548
-0.8029
-1.0286
-2.2246
-4.956
5.7731
-1.8405
2.3666
-0.3381
0.0595
-4.4643
4.7259
0.1429
4.267
-5.0029
-0.6298
0.9777
-1.1629
-2.8071
-0.2538
0.5841
2.4659
-0.5848
2.46348
-0.11189
0.77725
0.27594
-4.269
-0.94788
-0.6971
-5.19434
1.45447
14.616
-10.84344
3.359
-1.664
0.4011
-0.1843
4.1317
-2.5072
-1.9522
2.5064
-0.8466
-1.5195
-1.463
2.2842
-0.21
0.7721
-1.7242
0.502
0.0576
-0.8108
-2.9647
-3.1962
0.7882
-0.169
1.8005
0.0568
-1.5527
5.5068
1.36048
-0.35223
-6.9335
1.81138
-1.60833
1.1517
1.24387
-0.1419
-0.00301
-0.4153
1.126
0.11543
-1.11496
0.547
0.9956
0.84377
-0.33219
-3.01047
-9.52576
8.8862
-4.1556
0.44104
-6.92225
1.6694
-1.1681
-0.2651
-0.79577
0.2553
-3.2221
1.6806
1.2482
0.4265
3.9605
-0.2601
0.3807
2.2645
-2.9886
-0.086
-2.4295
0.273
-3.3903
-1.1145
1.1613
-2.18932
-0.1945
-2.0407
0.8713
-2.5451
-2.8562
-0.2301
1.4775
-2.4245
-0.88416
2.12016
1.57626
-1.64012
-2.8108
4.9476
1.45992
11.0128
0.7395
1.01291
0.55845
1.51604
0.1428
0.03242
NA
2.52565
-1.00697
-1.743932
2.7429
1.261091
-1.3004
0.6349
-0.385337
0.801124
-0.3427
1.7154
-1.10025
-2.70033
3.35
-0.88549
2.35643
2.16145
-7.1464
3.27263
0.95212
-2.3724
-1.2885
1.6307
0.491
2.1137
0.47002
-0.17413
3.36282
4.14076
-0.7449
-0.99812
-3.76453
0.06032
-2.3672
-0.55218
2.54846
-0.00134
-1.78188
-0.048
-0.85423
0.003
-1.3994
-0.5804
1.0326
-8.1072
-1.2122
0.4508
2.2012
5.2709
1.7735
-1.0546
-0.612
1.3446
3.6284
0.8844
-0.2272
2.0996
1.9515
-1.4628
4.8397
-3.1193
0.9062
2.67243
1.5092
-7.8293
2.1165
0.901
-4.66879
1.84308
0.3163
-1.87138
-0.8154
-0.20232
0.8452
-0.0771
1.0912
2.7094
-0.1329
0.5141
5.0447
4.0223
-1.28226
0.3163
-0.68323
-0.97971
-0.0955
-1.0968
-2.4448
0.1173
-1.69334
2.8213
-1.9779
1.2617
1.583436
-0.7312
-5.4255
-2.4105
2.075
1.17954
0.07823
-1.1126
-0.47
-2.1872
-1.09239
-1.84867
-0.6417
-0.0602
1.08777
0.4957
1.5799
-0.0865
3.4498
-0.2436
-1.6984
-0.7484
-0.52208
-1.487
-1.4499
3.728965
1.022
0.0216
-0.64618
-4.2481
0.05655
0.0246
-2.0097
-5.0015
0.5772
0.59859
-0.1709
-0.6945
-1.14352
-2.8502
1.27419
0.842
0.2554
0.5419
0.6322
0.9929
0.6256
2.32563
-0.6069
-1.8735
-0.4392
0.8978
-6.2357
-4.4602
-0.54133
5.7339
1.9653
1.40033
-1.2208
-2.4522
-0.27116
0.0664
-1.9325
-0.8404
3.9444
0.61533
-1.89231
2.6115
1.6069
2.59725
-1.6348
1.1205
-1.1289
-3.2978
2.3788
0.3597
0.3576
0.0258
-0.50946
0.1986
1.7253
-0.5673
2.146709
3.96468
-1.2116
-1.79278
-0.3372
-0.2009
-0.2618
-0.7945
-4.003
0.3433
4.9035
-2.0647
1.3887
0.83842
0.1245
2.53528
-0.5654
-2.5417
8.36571
-2.20847
1.8814
-1.87743
0.6421
-1.8796
1.36031
-1.1108
-0.72857
14.670798
1.57976
-2.12435
-2.7986
-3.3532
-1.6894
0.1969
-1.26
3.492387
7.3313
0.7388
-1.4895
-1.2435
0.8993
-2.21911
0.68637
-1.17075
-3.36966
0.57361
-0.81552
2.49766
0.1419
-2.8898
-1.8364
1.7398
1.5512
-0.11724
0.13827
2.5661
1.38187
0.5197
-2.7169
0.9703
4.043
2.453
0.3958
1.3722
-0.1757
7.46407
0.57758
-3.79801
-2.1857
0.1135
0.25397
-1.197
2.9927
-2.16473
0.7114
0.3351
-3.3002
-0.38
2.22067
-0.74289
2.7904
-0.8086
-0.1152
0.24908
2.92582
-1.229
0.53782
-3.56407
0.18046
-0.8291
1.1902
1.2222
0.98751
-0.77846
1.1114
2.38454
-1.6194
1.4588
1.5532
-0.78974
0.72435
-3.8523
-0.05537
0.94875
-1.21101
-2.58279
-1.39843
-0.65759
1.0076
-1.115
-0.041
0.4962
-1.10962
-3.29147
-1.91358
-1.43836
-0.02603
4.3787
0.09996
1.0392
0.6351
-1.393461
-0.22119
1.417851
-1.10114
-0.67291
-0.732533
0.7703
-1.2731
-1.4726
-1.55704
-1.15075
-2.7803
-0.2857
-1.0353
5.31936
-0.2139
-2.37603
-1.6859
-1.91361
0.02459
-0.0322
-0.97718
1.854
0.7316
4.14307
3.2304
1.8016
1.7785
-1.4845
-1.74964
1.3017
1.1676
0.01238
0.83512
3.21887
1.08293
-0.5422
-0.2783
-2.0419
-1.0487
-0.7923
0.5654
1.51545
0.6733
9.0122
-0.8152
0.20332
-0.5206
-0.6719
-0.6705
0.1428
0.8881
-1.9571
-0.339
0.07634
1.2876
-0.7049
-1.9608
2.69489
-0.6193
-0.7385
0.776
-0.1962
-1.7548
-2.9801
1.2806
0.7218
-1.5525
1.6201
0.89046
-2.95442
-4.4528
-0.2379
2.1343
1.3156
-3.229
-4.0491
-1.17466
-1.37557
-1.2164
-2.5288
2.5642
-0.9461
-2.4215
-5.5142
-2.4109
-1.75149
0.1908
0.6285
2.65569
1.97517
-1.035
-2.6309
0.81685
-1.4287
-2.2377
3.4597
3.69
-1.352
-1.5733
-0.3686
-1.6495
-1.2724
-0.6073
2.3938
-0.0041
4.0607
0.75081
-0.6382
1.9282
-2.40397
0.71807
-0.7511
-2.05393
-1.2614
-1.0989
-1.0226
-1.4778
-0.5356
-1.8709
-1.13762
0.919
4.8153
-3.381
-3.22101
1.8859
-1.222
-2.4729
-3.64406
-0.0452
3.97827
2.29542
-1.4549
1.3891
-0.36459
0.4619
-2.46522
2.3717
1.3922
0.5928
-3.64331
-1.5092
-0.769
-4.5101
0.885
0.0336
0.33612
-1.58973
-2.61884
0.9101
3.6313
0.1534
0.86428
-3.002
1.3433
0.8587
1.2649
-1.1602
-1.86727
6.8769
-3.03032
-1.01531
-1.0866
2.1948
3.6391
-3.7636
-2.06132
-0.345
-0.10313
-2.60135
2.24749
1.25453
1.8443
-0.78163
-3.2847
-0.50543
-0.3452
0.48794
0.69283
1.862436
-0.3831
1.5112
0.9155
1.86534
1.52081
-0.4531
-4.85445
-0.1596
0.84437
-1.45767
-1.9113
0.671
-0.6849
-0.24514
2.4028
0.3223
2.56992
-1.3477
0.31577
2.039
-2.03824
-0.7827
-0.50597
-7.236
0.97047
1.4693
-1.2766
-1.8541
3.272
-0.72887
-1.1181
-0.3678
-0.5108
2.4552
1.4561
-0.2765
-0.4429
0.0613
1.93673
-2.0579
-1.4274
-0.8448
-2.5608
-0.9271
0.2339
-1.8828
-1.7015
-2.0339
-0.6539
-4.7994
1.760262
2.91539
0.4645
-1.3281
0.2429
-0.6189
-1.833
1.38499
-0.78485
-3.63489
-2.1547
1.2027
2.9243
1.5939
-3.7523
0.92523
3.547
-0.6159
-2.998
-0.43909
2.53998
5.0005
3.2982
-0.30338
-1.3664
1.838
-1.44633
2.4835
-1.99686
-1.9555
0.0177
-3.11759
-0.1607
0.6593
3.482
-0.99874
-0.967
-3.1119
-0.3781
-0.5633
1.8983
-1.00862
0.715
3.4924
4.2003
-0.6441
4.67154
-0.5973
-0.0108
0.9961
0.3026
0.4686
0.8239
-3.8009
0.57848
1.6279
3.3947
-1.0119
0.11826
2.30014
7.6621
2.7349
-0.35913
-1.2109
0.4876
0.64626
-0.1164
-3.1805
-1.0172
14.1495
-0.7738
2.7725
-0.80076
-0.7862
4.38342
1.0413
-0.4047
0.09364
2.234
0.77141
0.7412
5.5254
-0.1423
2.367
0.0497
0.557
0.7542
-2.6469
1.634901
1.7386
1.7076
0.82255
0.1595
0.9891
1.00985
-2.4554
1.0009
0.5544
5.64893
0.09625
0.6367
-6.11609
-0.592
0.6982
-0.6202
-2.6872
-0.4147
-0.8915
-0.1458
0.2404
-0.12231
-1.1601
-1.43553
-0.2085
-0.0108
-0.062
-2.1339
1.5872
0.2235
-1.57573
0.66596
10.6671
-2.97665
2.0079
NA
-1.73532
0.47969
0.8539
2.1047
-1.4844
2.4483
0.6192
0.73502
0.45368
-1.4903
2.0095
-5.6831
-1.394085
1.3816
1.6856
0.0066
2.1891
-1.6919
-0.8847
-0.65404
1.6697
1.9911
1.358
2.5678
1.12994
-0.5887
1.51081
-0.9006
0.585
1.3221
1.02017
-1.8767
2.2083
-1.49335
1.222
-0.95656
-0.3103
2.3755
-0.93183
NA
0.3502
0.2977
-0.29929
-0.9748
-3.1229
2.9206
NA
-2.2092
-0.2613
4.5187
-2.1301
1.706
2.0894
-1.55876
3.73268
-2.3793
1.8128
1.53256
1.0856
-0.5835
-0.0257
-0.73795
-1.5597
-1.74399
NA
-0.1855
-1.1994
-0.2564
-0.7997
0.5336
-0.84311
1.003
0.2063
-2.38361
-0.87477
-0.7909
4.2817
-0.3286
0.80206
1.9676
-0.67371
-5.0032
0.9545
-2.8004
2.0967
9.93881
0.019
-1.07457
-2.04376
1.0004
2.18971
-4.7043
-2.15043
1.66812
-5.3237
-4.2741
2.2746
1.533662
-2.7927
11.6684
-4.24021
-1.3108
0.11032
1.5163
-0.69942
0.4883
-1.1283
0.07939
1.4238
0.6546
-0.79025
-0.195
-0.0723
2.4485
2.1589
2.830835
-2.6816
0.6008
-0.93174
-1.354
-2.022139
5.8751
0.2153
-1.25703
1.1719
0.6395
-0.5965
-0.16421
2.9511
5.284781
-0.395
-4.7186
-2.96454
0.1501
2.5502
0.8822
-1.9956
-2.46524
-1.9118
3.503
1.616939
3.1945
0.83524
-0.6042
0.38762
2.59788
-0.84228
-1.0099
-0.3385
-0.66151
2.75321
2.79621
1.3444
4.5716
-0.0418
-1.4042
-2.79535
-0.4255
-1.03153
-4.1363
1.45088
-0.64096
-1.05172
0.11129
2.16236
1.7707
1.67066
-0.1036
-0.3271
-0.7827
1.67027
-2.5848
1.4696
-0.04193
-6.3619
-2.3669
NA
0.2198
0.773
-0.6413
1.4606
1.80727
2.325723
-1.074
1.7252
0.84227
-4.42898
1.06426
5.3177
0.06676
-0.8537
3.9508
-2.3791
3.7565
0.4623
2.4136
-1.5321
1.14023
-0.3563
-0.55582
2.90535
1.2649
1.03
-2.02216
1.36568
1.8302
NA
-1.35273
2.09123
2.6392
-5.8689
-0.72301
-0.61356
0.25856
-4.44804
-0.0492
5.4976
-0.8513
-0.3287
-0.8283
2.16169
2.82085
-0.8302
2.58591
-1.8669
1.0636
-2.1645
0.0361
-2.0535
-3.7307
3.22132
2.9353
-0.08694
2.9633
0.3216
0.2264
-1.022
0.5549
0.17066
0.065
0.7242
-0.52646
-0.98217
-1.11151
1.882569
-0.625
-1.8142
-1.27655
6.3305
1.279214
NA
-4.047216
-0.62246
1.4681
-1.4917
-1.59728
-2.1831
-0.7484
-0.4475
-3.65429
10.0875
NA
0.29962
-0.4075
-1.3539
-1.9547
0.86415
-1.747
-1.6421
3.26471
-1.32582
1.40268
-1.95081
-0.09178
-0.8358
-1.2312
4.23309
-0.56586
3.7824
0.9497
-1.16555
0.2124
1.4696
-0.0831
0.1556
3.87096
-0.2591
1.48192
2.031
-1.50405
1.1933
-1.25431
-3.2741
0.5083
-0.6157
0.705
-0.94889
-1.3718
0.5441
0.02474
NA
-1.15763
-0.43802
-0.2283
-3.38194
0.1888
2.2537
-3.43278
1.4327
-0.8539
1.81716
0.13294
-8.214
NA
-2.743
0.9773
-0.12669
-0.7822
1.25803
-3.1666
2.2339
-2.7002
-0.00802
-3.4618
-0.42986
-1.8184
-0.1523
-1.758
0.26648
-1.25273
-0.4505
3.10435
-7.151
7.6187
-5.3978
-0.2222
-2.3158
-1.7547
3.30179
0.4138
0.3636
NA
-0.30832
3.1116
1.6709
1.37827
1.56548
1.18032
-4.0709
3.5193
-1.03277
1.387424
-1.19532
-1.05159
-9.36182
0.0246
-1.4517
-0.8224
-1.5023
-1.15882
0.11782
-14.5498
0.64953
4.1707
1.7557
-0.6923
-9.2113
-2.794
-0.9551
0.4406
NA
0.8993
0.1748
1.2602
-0.78492
0.21226
0.57794
-2.0051
-1.4042
0.9302
3.603339
-0.49772
-0.6934
-0.203741
1.18863
-1.93069
-6.1209
0.7475
-1.5474
3.2838
1.3566
-0.1972
-1.52381
3.4546
0.1146
3.8655
0.8521
-1.6812
0.1836
-1.3018
1.16121
-3.736011
0.34552
0.7195
-0.388536
1.1963
-0.5537
0.80458
5.09948
-1.70982
-0.1794
-1.2889
-0.74709
0.22038
1.2
0.76717
-0.185
NA
NA
NA
NA
-0.4264
NA
NA
NA
NA
NA
NA
NA
NA
NA
-0.6967
1.1512
NA
NA
NA
NA
NA
-3.0991
-4.2211
-3.516
0.7937
NA
0.4886
3.32932
1.3158
1.9115
-2.07301
1.9375
0.94709
1.5831
3.75651
0.9906
-1.0558
1.03
-1.0406
0.169
1.4282
0.2387
-1.4646
0.1969
-1.0739
-2.584
-0.09823
-1.1837
-2.81863
-1.0271
0.170175
2.168
-0.7399
0.3398
3.5484
1.8257
1.49176
3.4822
2.5698
NA
NA
NA
-0.17025
-0.54674
-2.07267
0.80206
3.5978
10.9474
0.8665
-0.734123
-0.798
2.8097
0.2873
1.1405
6.1203
-1.12935
0.0614
1.3847
-3.80627
0.92307
0.1303
-0.1772
-0.5987
2.75272
-1.432
-3.72909
-1.2532
0.28176
0.3028
-2.12126
1.53018
0.7981
-1.5863
NA
-0.4061
3.1045
0.6942
-1.1972
-0.36793
0.5897
5.3635
-2.5949
0.2123
0.20856
-1.2513
-3.5343
0.42652
2.170652
0.6292
-3.6708
0.9271
-1.6581
-0.7012
-0.3629
-1.3284
0.5127
1.14969
-1.5843
-6.8769
4.28826
0.709307
-1.603
0.06864
-2.34269
3.09921
-2.09812
1.43136
0.6968
1.75904
1.4928
-1.99386
-1.30703
-0.61658
-0.31279
1.0475
1.2713
-1.5209
NA
0.52169
2.846255
0.41039
1.1109
-0.1573
0.7033
3.69464
-2.0506
-1.5126
NA
6.6107
-2.282298
NA
0.34105
-0.08733
0.0751
-0.1026
0.4784
-0.5274
0.7131
-2.1693
1.0277
-2.83117
-1.3231
-0.521
-1.003
-0.19963
NA
-0.1392
0.5039
-2.164848
0.4688
-0.3922
-0.8158
2.8143
-0.46262
2.13456
0.0177
-2.0649
-1.0348
-0.43594
-0.4823
3.1115
-4.9898
-4.76677
-1.7563
-1.54363
1.4367
0.86963
-4.03841
-1.01795
-2.70034
-0.83781
-0.21802
0.22095
-2.42996
2.1036
0.91375
NA
-0.6106
-0.979
0.3884
-1.80667
-0.9255
-2.3565
-2.0559
-2.088437
-0.0819
-3.9605
-2.7225
2.5636
2.00338
0.01087
-1.5549
0.6904
0.465
-0.82063
-2.17396
0.7222
0.95319
-1.3694
-1.46953
-2.47502
-2.20832
1.8489
1.1725
0.198
-0.40944
-6.5572
-2.43135
0.7203
0.8526
0.5014
0.51339
-0.604182
1.2257
-1.52078
2.3361
9.43838
0.1416
-2.4334
0.0479
-1.19361
0.1352
-0.0316
-2.33375
-1.85097
-2.07959
NA
-0.71316
-3.68318
0.55534
1.3673
-1.5549
NA
-0.9643
-0.9378
2.1542
2.3147
-3.852
-0.9212
0.6071
1.5169
-0.46515
-0.1392
-0.63213
-0.67878
NA
0.94186
-1.01142
0.353358
0.9846
NA
-0.71642
-0.53462
4.4847
-1.7846
-1.19152
-2.961455
4.6751
-0.42042
-1.3531
0.425
1.8374
-0.42176
-1.3718
0.7381
4.1979
0.4217
1.70946
-0.35282
2.63972
-0.29713
-0.7658
1.9976
NA
-1.7436
-2.21083
0.8149
0.7494
-3.24048
-2.65328
1.5172
1.39182
NA
1.9969
0.7395
-2.13515
-0.6889
0.26173
5.2277
-1.539
-3.72236
-0.90471
-0.32471
NA
0.417
-3.1068
-1.33951
0.103
-0.3428
NA
-1.5354
-3.1483
1.6344
1.9969
0.88334
NA
0.3427
0.1428
0.43768
-1.3753
-1.0354
-1.763688
0.99439
1.7396
-3.136797
-4.99788
0.11699
-1.18302
-1.43857
0.4663
2.3603
4.5258
1.33648
2.9581
2.5229
0.35493
NA
-2.8569
-1.2443
0.7257
-0.69286
1.5293
2.585147
0.7917
-0.8894
3.498
NA
-0.57555
1.5988
0.3736
-3.35
-1.12812
8.6381
2.154
0.94164
-0.14973
-3.8427
4.324863
0.469
-2.45035
NA
4.8885
0.0645
-7.3229
8.5417
8.0938
1.94797
3.86649
0.3351
-1.27525
-3.89171
0.4964
-0.86706
1.6127
-3.3344
-3.3468
0.933
-1.5825
-1.4034
-1.6223
-0.05125
1.33149
-0.34734
-2.291
-2.43887
-0.1149
0.3908
-0.5511
-2.828
0.64127
-0.739279
-0.0974
0.9626
-1.156298
1.26074
-0.427941
-0.6653
2.95003
-9.7339
-1.246214
0.54213
1.77443
3.7792
0.320543
-1.01543
1.5396
NA
-0.24036
-3.37965
-2.3519
0.60625
0.6071
-0.32871
-1.516
-1.75336
0.85821
NA
3.215437
1.0967
-1.48679
2.11354
1.47608
NA
-2.8633
1.4738
2.0844
-4.1303
0.15681
0.06638
0.2083
0.94924
1.246617
0.7625
NA
2.03456
1.7294
-0.5098
NA
4.7931
-0.8035
0.6468
-2.578123
0.7174
-0.4135
-0.09257
-2.4361
-1.326
-3.9605
-1.8335
-4.5727
-0.5563
1.5463
-1.50495
-1.9227
0.0841
1.56871
-2.27023
-1.419
-2.23892
2.07765
-0.0879
1.00499
-0.327236
0.7143
NA
1.846
-2.80537
5.7777
NA
-6.0852
0.6616
NA
-1.407568
1.4698
-2.43766
1.98895
-0.0658
-0.28818
4.13835
-3.2918
0.1199
-4.1362
-0.0603
-0.67292
0.854
-1.6678
-1.9714
-1.02431
NA
2.2448
-2.2809
1.6836
-0.0441
0.14631
-0.72726
1.8314
0.979
0.80242
-2.9912
0.0177
-4.0196
1.08937
2.91558
-0.5548
NA
2.52681
-1.50094
1.9597
-0.1462
-5.9904
0.48658
-0.2591
1.84507
1.516
-0.6825
-0.9132
-2.0506
-1.42321
-0.2174
NA
-2.0055
-4.0084
-1.5158
-1.66961
-1.13071
-0.694
3.2775
-1.3481
NA
0.93372
0.89106
-0.3195
0.00234
1.82344
1.0482
0.43264
-1.1345
1.0135
-5.8126
0.5046
-0.1744
0.1398
-0.17422
1.3019
-1.3353
1.37488
1.4547
0.8343
0.461
-0.6742
-1.2629
0.64923
0.93788
0.2264
1.9969
-0.52453
-0.02088
0.0935
-0.05572
-2.8161
0.9508
1.9969
-1.7523
2.57955
-0.0986
-0.01199
1.49219
-0.76192
-0.8399
-0.50862
-1.6611
2.98082
3.38202
-1.23681
-0.31556
-1.1906
1.45156
1.0455
-0.5918
-0.86804
1.2954
-1.998
-0.4744
NA
-0.7381
1.200521
2.6476
0.0282
0.32138
2.422
4.1624
-0.3314
-10.2303
3.9157
1.3808
-3.63686
-3.516
1.0402
0.4354
0.1279
0.4237
1.02505
-0.87178
-1.57829
-0.12076
-1.59801
3.714
-2.842
1.9073
-2.01159
-1.4022
-1.4728
-1.35818
3.2853
0.10874
NA
0.2221
0.56569
-1.88679
-0.29988
-1.754
-1.54553
0.81169
-4.14781
-0.5631
1.13307
-1.7836
-0.36321
-3.84825
-1.2186
0.09995
-0.35817
0.19896
0.7444
-0.5007
-0.63167
-0.95405
-0.62429
-0.4698
-0.28991
0.90925
7.1011
-0.45328
0.6362
1.8966
-0.12398
-8.907
0.3248
-2.03635
0.4698
-1.2194
-2.47731
-2.6151
-1.7563
0.77568
-5.0561
NA
3.0018
-0.9212
0.50455
1.53717
0.00739
0.4169
2.80287
4.0025
0.44723
-3.3073
0.3423
-0.3603
-0.24663
-1.3942
1.72124
1.15974
-1.7551
0.6134
-1.6143
-1.1623
-1.0738
-1.0641
0.844
-0.63877
-1.1664
-1.03883
-0.6968
-0.3847
0.748
0.9033
1.7368
-0.2874
0.5983
2.0028
0.1088
-0.4721
0.0684
0.689
-0.9486
-6.4871
2.7651
0.3502
0.91521
-0.0035
1.407
19.6324
0.60778
1.18001
-1.62698
2.9285
-1.4576
2.8911
-1.3847
-1.2831
1.4791
3.1604
-0.6277
-1.7179
0.41957
-1.4274
1.3727
0.9864
-3.834
-3.0064
1.085
1.0544
1.5953
-0.21918
3.9354
-0.3677
1.1449
2.0546
-0.7192
1.3166
3.647
0.3154
-4.7559
-0.9153
-0.395
-0.5311
-0.6788
-0.1364
1.946888
-0.2475
-2.3143
0.3777
-1.6414
0.54
0.9298
0.6143
-2.0414
-1.129
-0.1226
3.89645
1.5602
4.5952
0.535191
-3.5261
-0.9669
2.5417
-0.4686
-0.9669
-0.8609
1.0834
1.1245
-0.4649
0.9142
1.5986
-0.1772
-2.575402
2.4475
1.2856
-0.4879
-1.4299
1.9358
2.5224
0.18725
1.4289
2.7193
0.8816
-0.1572
2.5242
-0.7239
-0.7881
-5.1986
1.1793
0.0975
1.5127
-0.999
2.2337
6.189
0.8971
-0.2701
-1.3047
-2.6187
1.0742
1.01521
-0.3729
0.7643
1.8833
-0.4332
-0.9167
-1.7906
2.2163
-0.6483
-0.7345
-2.6187
-2.7511
-2.3227
-2.5634
-0.35911
-0.11141
1.82751
-0.11936
2.79125
-0.20719
1.65372
-2.79245
-0.6505
1.1718
0.6886
0.29597
0.8237
-1.47535
-0.18149
1.40938
0.8528
1.95591
1.551
0.55383
-1.6584
-0.88604
2.7386
0.481
0.3742
-3.25154
-1.20361
0.43069
1.1889
-4.1029
0.8717
0.6321
0.07125
-2.7326
-1.13591
0.0624
0.9864
-0.9638
-1.4609
1.13086
1.0808
0.1067
-4.5787
-3.2176
0.9298
-1.8056
0.2574
-0.12509
1.44369
-1.5636
-1.5938
-0.866318
2.3438
2.6959
1.3958
-3.0617
3.1076
2.2494
-4.2526
0.7527
-1.3182
1.67823
-1.84929
0.74013
-0.1437
-1.4078
-4.9142
-0.3324
2.4234
-0.2495
0.0696
0.6478
1.0211
-0.4094
0.6578
-1.1455
0.1703
-0.6191
2.3603
-0.263
-0.4541
2.499
1.7936
-0.22473
-0.5738
1.8898
-4.03335
2.6987
2.5202
0.2986
0.90151
0.1363
1.3371
0.9729
-0.3118
-1.5836
-4.2211
NA
-2.3065
0.32318
-0.05303
-0.4399
1.0067
2.0914
3.0876
0.2657
-1.572
0.15429
-3.4122
0.3586
-0.12566
3.4967
0.95063
1.645
-0.2635
-1.4519
1.1758
4.2168
4.8252
-4.6884
-4.6884
-0.4642
1.4208
0.4161
0.5076
-1.6457
-4.3834
1.1635
-2.5661
-1.2688
1.436
-0.4983
3.5164
-0.6566
1.0042
-4.2211
0.8801
1.8586
-0.9612
-5.9923
-1.9732
0.90027
1.1108
-1.3337
2.0387
-1.3515
-1.825
3.945
0.35049
2.5217
4.4382
4.0271
-0.1116
0.3225
-2.2345
-6.0144
-2.4701
0.3534
-0.4251
-6.58681
-0.3765
-0.69613
1.88
2.4157
-6.2005
-0.1813
0.8786
1.0103
-1.18
2.06635
0.7578
0.237
2.3188
1.8672
1.3333
-0.06485
1.2468
0.85684
-1.8349
0.17877
-6.4009
-0.47
-1.53807
-0.9679
-1.57286
0.80692
0.0062
-3.9962
-2.532
1.7075
-0.3477
1.074
1.9084
-1.3857
1.8951
-1.58415
2.245
0.8458
0.56951
-0.1516
0.82417
0.20021
-0.84875
1.5287
-2.5413
1.04839
0.22365
0.2886
-0.72891
-1.41353
1.69321
0.92127
4.099
-0.0504
-1.97045
-0.2984
-1.06873
-0.76802
2.35937
0.07844
-3.43025
0.19954
3.98941
1.7775
-1.5288
-1.2132
-5.2222
-1.94782
0.2029
-1.854
-1.3823
-1.54498
-0.4441
-5.72773
7.8211
1.529
2.4742
2.2974
-2.586
1.89046
1.1514
-0.157
-0.6953
0.27262
0.6888
-1.0675
-0.10923
-0.1025
1.3969
0.8574
0.41298
-0.5138
0.419048
0.06817
0.6119
3.32627
-0.64025
4.2584
-0.7695
1.592
-0.37332
0.6835
-3.3931
0.23399
-0.64251
-0.092
-0.0423
-0.78348
-3.7
1.36134
0.5685
0.7053
NA
-2.3466
-0.56961
-0.54957
-1.95493
-4.5469
-3.2111
0.5017
2.5475
-2.6659
0.49293
0.27153
-1.4295
-3.41897
NA
2.3925
-1.0186
0.564
0.812
0.979
-0.87202
-0.483
-1.4289
6.1861
-0.29214
NA
1.701508
0.64569
NA
-3.98812
-0.933352
2.014965
-0.5991
3.2319
0.9985
1.3778
0.531693
-0.26774
-1.71348
-2.5415
-0.50799
2.34696
3.37179
0.45742
1.150476
4.1694
-2.03281
-0.99304
-0.980061
-1.9668
NA
-3.281308
0.43796
2.04336
1.9395
1.623
-3.10346
0.5845
-1.3017
0.7686
0.346279
1.58299
-0.2429
-2.8314
0.91984
-0.9036
0.65169
-0.2025
-2.2749
2.09064
-0.78236
3.2511
1.7823
-1.2124
-2.0506
-1.5759
0.671384
-0.65741
-0.57204
-0.2621
0.1506
0.69319
-0.15499
-0.00642
-3.0627
0.5574
0.7804
-3.0278
-2.0807
0.1184
-0.6121
-0.3912
-0.74855
-1.9621
-3.5044
-0.9502
0.5112
2.1301
2.4917
-1.3254
0.3944
0.856
-1.4104
-3.0373
-0.03569
-1.9307
-2.09447
-6.5602
0.3224
2.662
0.5327
1.0979
-0.4207
0.69365
-1.0736
3.2034
-2.4387
-2.05504
0.4686
1.0075
2.50002
3.954
0.2572
0.8627
-7.6645
-3.5455
0.7178
-0.88631
-0.1706
-1.16036
-1.05259
0.9081
1.3466
2.0661
-2.2808
1.3325
1.2844
2.57951
5.0867
0.2937
NA
NA
4.873
-0.65445
1.7135
2.1602
-0.2696
0.0201
0.12748
0.9
-2.2593
-1.0518
-0.59256
3.658
-0.0971
-4.0664
-3.588
0.618394
-2.3292
-1.19268
0.67689
0.1839
2.2293
2.4837
-2.50483
-2.33425
-3.3658
0.6716
0.54323
1.2988
3.682
-0.00922
-0.96576
0.6052
-1.5502
0.260626
-1.404225
-0.59849
-0.1179
1.4236
-2.1612
-0.1912
3.8469
3.8611
-0.2838
1.1031
2.2437
-1.3736
1.73922
-2.4655
-4.59911
8.482631
1.61755
-0.1939
0.8563
3.2491
-3.5218
1.2169
-0.8428
-1.2997
0.8285
1.5172
-0.832
-2.1263
0.50827
-1.83338
0.5694
0.10763
-3.456
-2.01043
-0.104564
-1.2544
-1.6387
NA
-0.1338
NA
2.9349
-1.088
-0.6162
1.1834
0.4177
-5.1634
0.9313
-1.2359
0.327
-0.8356
-0.386
1.8034
0.7433
0.9773
-1.2946
-0.4934
-1.8098
-0.7328
-1.92654
1.9969
1.27861
-2.01087
-0.035
1.04147
-1.2029
2.1542
NA
-0.40466
NA
1.9969
3.1335
-3.0256
1.0257
-4.56578
0.12582
0.469
-2.0607
1.19389
-1.4338
-1.66715
-3.678663
0.3119
-1.59027
-1.4079
2.13751
0.67457
-0.04055
2.2649
0.2283
0.13301
