0.7634
-1.0698
1.8887
2.3211
-7.8113
-0.7756
-0.638
0.7586
-2.5629
-2.389
1.6502
1.8295
1.02819
-0.0451
5.8638
-0.7476
1.35097
0.5808
-0.3414
-3.2074
1.1215
0.1806
-2.0414
1.76049
-1.2649
0.94047
4.483
-7.4959
NA
0.258
-0.3188
NA
2.4455
-0.712
-0.70191
1.60761
-0.8008
0.3687
2.7681
-1.3458
1.0149
0.1272
1.1774
1.8526
0.0573
0.5154
-0.4408
0.3007
1.2059
-1.0522
-3.6296
-3.6048
4.672
0.6318
0.485
0.55641
0.9649
-1.2705
-0.1357
1.2024
-6.4592
0.0354
-1.1913
2.5848
-2.1144
0.9734
NA
2.2007
-0.7797
-1.0772
2.0413
2.1937
0.40541
1.45744
1.89504
-2.5045
0.00432
-3.4274
0.8374
0.8138
-0.2943
1.0642
1.8725
0.7667
-0.0107
-2.4212
1.0953
0.6204
5.2025
1.2311
-4.4995
1.7354
1.4239
2.3967
1.3808
1.9442
0.2859
1.2244
0.28024
0.5448
-2.4308
5.8513
4.1223
0.43864
2.23127
-0.31462
-2.5832
0.7785
0.4688
1.5262
-2.3673
1.6255
1.0501
-0.424
-4.1249
0.57799
-1.8859
-2.585055
2.01178
2.962
5.0705
-4.8785
1.0354
-0.4538
-2.05285
0.4125
-0.60313
-1.15146
-3.0901
-1.9228
0.1638
0.65852
-2.20056
-0.7894
-5.74049
-1.2731
0.89898
-3.246
-0.60847
3.7035
3.6508
1.7563
-1.8521
1.5446
-2.9661
2.21286
0.13644
2.43349
1.55493
0.08119
0.1972
-1.39851
-1.2402
-2.40157
8.84121
-2.03609
1.26009
-0.15781
0.75666
-7.337
3.7977
0.7114
1.8163
-0.4149
0.6957
3.0341
0.0383
1.1308
-2.4708
-1.6712
1.064
0.6434
2.8016
0.6834
0.6825
-3.1126
3.4862
-0.1491
-2.017204
-1.3796
1.158613
0.644
-1.9483
-1.672
0.0468
1.2458
-0.2765
-1.5105
3.0786
1.8013
0.6219
-0.5164
-0.043
1.7331
-0.8434
-7.1689
-0.4168
-0.0352
0.5546
0.8038
-1.3271
-0.0186
1.1231
-0.5029
-0.164
6.80789
-0.0348
-0.11402
2.66763
23.09855
0.6755
-2.15558
-3.81462
0.45181
1.59623
-1.59279
-3.9371
-2.41845
-1.2091
-6.682
-3.4238
0.6222
-0.1926
0.6831
0.8419
-1.0397
-2.5493
0.2847
0.8872
-1.4458
-4.3729
0.0616
1.9527
-0.2609
-0.10256
-2.63024
-2.66875
2.1891
-2.66235
-0.2457
-1.8509
0.6164
2.3473
1.2356
-1.3259
1.1651
-1.0306
0.6449
5.8405
7.8579
3.3371
-4.9474
0.8582
-4.6133
1.9231
-1.9561
-0.0737
-2.3863
0.2325
-1.0438
0.1426
0.1197
-1.9768
-0.11
2.428
2.8405
1.9192
0.8771
-1.7664
3.3758
0.1279
-0.5517
-4.135
-9.74
13.1726
8.3783
-2.2727
0.1906
-0.0403
2.1219
0.5844
-1.052
0.2331
0.3737
0.6319
1.8228
NA
-0.3253
10.5879
1.1002
-0.0942
2.3878
0.2951
0.8009
-0.37
-1.6843
1.5419
1.387
0.541
2.7624
1.6146
0.1263
1.1563
-0.07703
-0.93414
0.6927
1.26
-0.3173
1.6777
3.8112
0.931
0.3275
-1.1511
2.8816
-1.8332
1.529
0.5496
3.6509
-0.61721
-0.6452
-0.67886
-0.53538
1.6483
2.2324
0.8752
0.922
0.76413
0.6369
-0.5601
1.63635
1.6045
2.64377
1.66281
-0.0779
2.28052
0.92405
-5.10028
-0.514
-0.7054
-1.2722
1.6594
1.0863
0.1125
1.1684
0.7196
4.08259
8.5417
-0.4632
0.5395
1.3213
-0.53058
-0.90503
-0.15524
-0.0396
0.3039
0.5319
2.473
-1.5417
-0.1799
-0.4472
1.1334
-2.2222
2.8793
-0.1497
3.2882
1.7676
0.6822
-0.1285
-0.1129
2.778
1.383
0.239
0.2586
0.8844
-3.6862
0.9877
1.68483
-0.899
-5.8126
-0.59
0.1794
-2.74413
-0.5506
2.9234
0.63303
-0.0136
-0.0275
5.264
2.3018
1.1429
-0.21
-0.493
-2.5972
1.8823
-0.9182
-0.3127
0.9944
-3.3391
0.9667
1.8349
NA
NA
1.7406
NA
-1.2528
NA
1.8485
0.4228
0.2904
-1.2943
2.0875
3.4027
-0.1183
-0.5434
1.0011
6.3305
-0.7581
1.70441
-0.1452
-0.2782
0.6654
1.2395
-2.944
0.985
2.2036
-0.0582
-0.51155
-0.0211
-0.9418
1.10438
-0.0816
4.56
0.1542
-0.084
-0.06324
-0.4444
-2.5897
-0.7237
-0.1534
-5.0734
-2.9281
1.21182
-4.803
-2.1472
-0.8249
-1.0293
-1.7265
0.649355
-7.385
-0.4252
-0.6875
1.8359
-0.82338
-5.3251
0.5227
-1.5234
-1.9885
0.78261
1.1507
3.989
-0.8311
2.8671
1.4818
-0.8523
1.21346
2.75578
-3.35692
-0.6332
3.52967
-0.33329
-1.8025
0.6479
2.0208
-0.4721
0.5038
-5.7961
-1.3062
0.2379
0.6387
3.7497
0.7316
2.167
-3.4848
2.9563
1.1674
-0.1702
-3.7142
-2.4014
-3.3147
0.7822
-1.845669
1.18973
0.3973
-0.9427
-0.3423
-2.2106
0.9919
2.53167
-0.8152
-0.4247
0.7587
-2.2136
2.5937
-3.0839
-0.82895
1.746017
-3.9139
0.171
-0.3049
-1.15628
1.44533
-0.2288
-0.947
0.6222
2.3418
-0.4265
-1.2309
-0.0107
2.7536
1.4987
0.8516
-2.61223
-1.6114
0.5064
0.3869
-0.1278
-0.0934
0.1228
0.201
-0.359
-3.779
3.896
-0.0779
0.5763
1.0991
-0.7758
0.1605
0.6421
0.12126
-2.6911
1.87102
-0.81251
1.163
2.5141
-0.2037
-3.1128
2.6144
NA
NA
NA
-0.4416
0.6811
-1.792
1.5841
2.1856
-0.3055
-1.90921
-0.8359
1.2658
-1.8674
-1.5575
-4.5429
-1.0475
0.4782
-1.1389
-1.4066
-0.4151
1.6303
-1.6666
-0.71545
-0.977
-1.4486
0.4605
-0.2163
-2.1943
-4.5724
4.83
0.7925
0.5164
-0.8019
4.6996
0.978
0.8853
-2.7452
2.7961
-3.1242
-0.3695
1.2745
0.2933
-1.1194
-3.3067
-1.4247
15.8332
0.8522
0.4483
-0.9832
-1.9141
-0.0067
0.387
-1.1117
3.8404
-1.918
-3.9744
-0.8818
-2.3981
0.418486
1.042224
0.2448
3.2972
4.6107
0.1163
-3.4213
-3.33632
0.95113
2.567
0.2301
-0.0726
2.9438
0.4825
4.3743
0.6377
0.68309
-2.92814
-1.1773
-2.28111
0.52711
-0.53486
2.82836
-0.19995
0.9956
0.24017
2.58699
1.1019
0.1621
9.1925
-3.91845
1.10371
0.30435
5.70719
0.1587
0.6202
1.2665
0.7768
1.0422
0.6647
-1.1145
0.6133
0.7277
-2.41707
0.9194
-0.4827
-1.40956
-2.8562
-0.08155
1.1334
-2.4245
3.22402
5.2903
4.9476
1.2483
0.8166
0.6683
5.1084
0.1428
0.5743
-3.3262
-0.9939
NA
0.9245
NA
NA
3.7433
1.2843
-1.261
0.4934
2.4345
-2.0427
-0.3641
-3.5451
-1.0924
1.168
1.5548
-1.751
0.09586
0.63935
-2.45646
3.48425
-1.19309
-1.3392
0.3669
-2.4072
2.2226
-0.178
-1.2122
0.0105
2.119
3.6564
0.4724
-1.565983
-0.1095
-0.8418
1.2436
-0.2141
1.3979
1.7975
0.1651
0.2341
-2.044
0.4565
0.3844
1.4837
-1.8313
3.0665
2.1346
1.084
-0.749
-1.8377
2.1505
0.2582
0.9214
3.7592
-12.1738
4.2858
1.7492
8.0386
3.0386
0.3437
0.42139
-0.8895
0.5038
0.2845
3.4498
0.8627
2.0301
-1.0342
-2.0668
0.0246
-0.4525
-2.3473
-1.9468
1.1885
-1.8787
-2.694
-0.383
0.2554
-2.5659
-1.4268
-0.5566
-4.778
0.85982
0.3566
-4.20476
4.9748
1.2964
2.0882
-0.438
-2.1023
-2.4522
-0.0709
0.2913
-2.2268
-0.465
0.4479
-1.6213
2.2892
0.3098
1.9564
0.3597
0.8914
2.3862
-2.6496
-1.1054
-1.2116
1.1369
0.6761
-1.2337
1.1285
-1.5827
-0.3442
-1.2231
1.088
3.1609
5.12
0.6426
0.2718
-0.59005
-1.25576
-2.37399
-1.29555
1.68514
-0.299
1.7403
-0.5737
0.3923
-1.6139
-0.6193
13.94573
0.82507
-2.68658
-2.0191
-1.176
-1.6894
-1.4937
NA
2.109
9.2735
1.9474
-1.4063
0.1342
-1.54282
1.57679
2.56526
0.5512
0.85264
2.47144
-2.0704
0.05012
0.59885
2.72434
5.4557
4.043
1.9498
1.3722
-0.6579
-0.552
10.14457
-1.073
-0.9547
0.3163
0.99436
-1.197
1.90713
1.65181
-3.731
0.3351
2.7904
-1.41597
3.07961
10.79824
1.02555
1.2299
0.66508
-0.656
4.45536
1.4449
-1.70365
-0.1078
3.2592
1.5191
-3.7483
-0.9694
-2.2603
-1.6628
5.1227
1.194
0.6427
5.929
2.4901
5.1042
-1.4609
-1.1272
0.2973
-2.3806
-0.2369
1.2346
5.29874
-0.5771
1.6964
-1.9827
0.7316
2.71627
0.8864
0.9053
-1.7647
-0.5537
2.91
-0.2232
0.3428
-0.193
0.1091
-0.386
-7.7677
-11.2457
-0.4687
-2.9295
1.1462
1.0639
-0.5808
-2.1637
0.2528
-0.53852
0.6868
-3.2349
-3.227
-3.0583
-5.9836
-1.1435
-0.6765
1.6841
1.2597
-1.7334
-3.6449
-3.6449
0.728
1.8334
-0.8795
0.9926
-2.2244
-0.6727
-2.493
2.1467
-1.9768
-1.0068
-2.49127
0.1595
-1.0018
-2.6309
1.0047
-8.0081
-3.67274
-2.9697
5.0038
-2.9638
-1.8709
-1.73119
4.8713
-3.4374
-1.4173
-1.4093
2.6128
1.3421
1.6937
1.2921
-1.657
-1.374
-0.185
-2.8677
-5.597
-0.0988
-4.55138
-7.78281
-0.364
-1.9222
-0.3215
-1.41029
0.2204
-0.49022
0.3244
-1.50741
2.4272
1.3185
0.2769
-0.9559
-1.5086
-1.1548
-0.5757
-4.2563
0.9149
-1.6952
1.3077
4.1657
1.7708
0.68475
1.0333
0.5649
1.5112
0.0802
-0.1212
-0.97902
-2.6123
-0.312
-0.78597
-3.054
0.32252
-4.3172
-0.8951
1.0378
-4.4616
2.8058
0.6217
1.3246
-10.2794
7.6999
3.272
1.80657
-1.5885
-0.1249
-0.5108
-0.4947
-2.76218
-2.0579
-1.3001
0.4357
-0.5184
-0.3083
-3.0736
-1.4243
-0.0382
1.65747
0.4103
3.35702
-0.9676
-0.3166
2.8589
-0.82579
-0.43649
3.3382
-2.1753
2.2992
-1.2554
0.1776
2.7398
-1.9084
2.2838
-0.20903
8.8242
0.6817
-0.2353
-0.17875
-1.86063
4.3142
-0.38058
-1.3165
-0.4649
-0.8024
1.8201
0.58035
-0.143
-0.19147
3.6615
4.4192
-0.2511
1.306
1.3799
-3.1075
1.6089
0.5478
1.8145
4.5175
-0.7298
-1.1216
-0.31035
-0.1574
-4.058
-0.7439
2.17317
-0.30381
0.5988
2.66271
NA
-1.6903
0.0547
-4.7363
-0.1423
-0.6201
-1.0594
-0.763
0.3012
0.65319
1.8813
1.1238
-0.37259
-0.0739
0.0688
1.56072
0.17248
-0.592
-0.5614
-0.8601
0.1769
0.6337
-1.3784
1.1464
-0.48788
4.203
3.8971
-2.0794
-3.0613
-0.7714
1.2686
1.26941
NA
-0.07165
0.7697
2.0165
1.0567
4.8105
1.9337
-1.3379
-0.2527
-0.332
5.8657
4.3801
2.1891
-2.90417
3.516
2.5678
-6.6231
-0.67768
0.7492
0.90441
1.1109
1.4837
-1.5172
2.1477
0.40257
-2.1295
2.8945
NA
-3.10448
NA
0.564
-0.77964
1.0326
2.2946
1.75008
-0.6632
2.6429
3.83118
-3.595
1.4057
-0.56951
-0.9428
-0.78676
-0.5817
-1.69502
0.1805
-4.4655
-0.9412
2.3464
1.9557
1.284
0.8813
0.4287
1.1102
-3.9023
-0.3099
1.55118
-3.8392
0.7331
0.8375
-5.20327
-2.3792
0.3437
1.7262
0.97283
5.5794
1.7797
0.1854
-2.3144
1.6748
1.7205
-4.057
-1.90961
1.1884
3.9823
2.7661
-3.0374
-4.3556
2.1008
1.3726
1.3077
-2.2223
-2.8282
0.743
1.4092
3.9027
-6.53033
1.9776
0.3814
0.1807
0.7143
-0.7163
6.6824
-1.2045
0.4136
3.516
0.4093
2.4931
2.4373
-0.26947
-6.2124
2.5985
4.6095
4.3693
-0.0361
4.6197
-4.37141
7.05777
4.1225
-0.8957
-0.23593
0.2378
3.0945
0.7771
-0.4642
-1.7302
-1.003
-2.8383
1.4317
0.6764
-1.86014
-0.1036
-0.3445
-0.41884
-0.78755
-7.8656
2.584
NA
1.912
1.1583
1.89413
-1.074
-1.097217
0.1291
-1.6412
3.952
-0.0785
-3.14532
0.46574
2.1373
-3.2524
-0.91195
0.09
-1.0004
-1.6651
-0.3563
-1.7045
-0.2834
2.4526
0.70358
NA
1.7793
0.68188
-2.5374
-0.7381
-1.1742
-0.5388
1.4527
2.04425
1.9608
2.886
1.7385
-0.60577
-2.0535
-4.4045
1.5801
-1.2503
-0.2681
-2.7671
-0.22511
-0.43473
0.6424
-0.6621
0.9783
0.3695
6.3305
0.5072
1.4822
-1.6148
-0.5295
NA
-0.8536
-0.3177
-0.3938
-0.6535
-1.9547
1.53855
-2.8306
-1.0856
NA
-2.039
1.2234
-1.1356
-1.7916
-0.5666
1.2657
1.0006
-0.0061
2.7299
-0.1432
0.1633
-0.1769
-0.2621
-1.1085
0.1383
NA
2.241
-0.9551
-5.2188
-4.22273
-3.177
1.2074
-2.2782
-0.906
-3.4794
-0.951
1.067
-0.47989
NA
-0.3379
-0.46924
-0.12319
-2.45973
0.9167
1.0921
1.08831
-1.5839
-0.902
-2.36432
5.6756
3.0797
2.6709
-1.9889
-0.63182
-2.1315
-0.2594
-7.2077
-0.71353
-2.3158
-0.4156
0.6405
-6.2668
2.2457
2.12005
-1
4.28704
-0.9338
1.5267
-0.5771
-3.67764
-0.46458
-13.5952
-2.44261
-3.01816
0.0956
NA
-0.87144
-1.1659
-0.7254
1.6939
0.4302
1.3024
0.7475
-1.808
0.2637
0.1067
-3.0106
0.1639
-0.5301
0.79698
-2.74
0.751
-1.7775
1.9166
1.1963
-0.4328
-1.60331
-0.8058
-2.2509
-0.4094
0.2918
-0.1738
NA
NA
NA
-0.6562
NA
NA
NA
NA
NA
NA
NA
NA
-0.9055
NA
NA
NA
NA
NA
NA
-6.242
0.9001
NA
NA
0.2384
-4.1667
2.2719
-0.311
1.1962
-1.0177
-2.2473
0.11495
0.7714
-0.4538
-2.584
3.3779
-0.28237
1.3576
-2.9693
-2.8495
-3.0646
-2.8179
4.3072
-0.7579
1.7008
-0.26
0.88683
0.8082
0.4953
0.8532
NA
-3.2064
0.7388
-0.9784
-0.948
-0.0362
0.5354
-0.1024
3.1366
-4.77
-1.25802
-1.0455
-0.3045
0.8459
0.0366
0.3699
2.6188
-2.475
-0.1821
0.8326
-0.1394
1.4937
0.8672
-3.3343
0.7941
-2.94807
-1.32772
NA
0.7627
3.5196
5.2445
-2.448
0.8421
0.6354
-0.4534
-0.5501
NA
4.2312
-2.5621
0.2405
-1.8834
NA
-7.0974
2.3545
0.6241
2.4305
-1.3944
0.8792
-0.2085
-0.3019
-1.15365
-3.08038
-1.9621
0.4775
2.2612
NA
1.6797
0.3591
0.7357
1.0367
0.942
-5.0815
3.6679
-1.12785
-0.3299
NA
-0.02983
-2.9956
1.307
-0.1026
0.5993
-4.6489
-0.0894
-0.0743
0.7528
-3.4615
1.5017
-1.3057
0.3659
NA
-1.4883
0.2582
-0.1142
3.9335
0.7241
0.4777
-6.6223
0.4558
-0.4823
-5.536
-4.43296
-0.83779
-7.2293
0.6118
-1.6595
NA
-0.1577
1.44265
-2.0973
0.0923
-0.62662
-0.7006
0.81236
-1.0322
1.916
-1.99465
1.5513
-4.26433
-2.00881
1.44356
-0.3442
2.66676
-2.7225
-1.7337
0.481
0.3902
0.5749
NA
0.56798
0.7745
-0.6376
-4.1436
1.266
1.9505
3.1653
1.1725
1.4556
1.0523
-0.8143
1.94169
-1.19294
-1.6083
-2.161
1.52588
-6.1441
0.288
1.38943
0.5087
9.41988
0.5964
2.5797
0.29096
-1.1848
-0.5383
0.0809
NA
-1.337
1.0648
1.3673
NA
-0.66
1.0347
-2.4924
1.06975
-3.82746
-0.276
2.19
-0.7364
NA
0.415
-0.51164
-0.1302
-2.6974
0.10154
NA
-0.20189
-0.49424
-2.6866
-1.1854
-0.3714
0.5503
1.6636
-0.8748
0.7381
1.3429
-0.2776
1.884
3.2304
-0.7461
0.5218
0.1588
-0.6694
1.87
0.05469
-3.81747
2.1287
1.41916
-4.459
NA
1.9969
0.2696
-1.1166
-4.7656
0.2149
0.0715
-7.4468
3.4966
-0.1563
-1.6521
4.0694
-0.00952
0.2979
1.68343
-1.466
0.6965
-0.2959
-0.7963
NA
0.86128
0.6719
0.0013
-1.44624
NA
-3.481
-2.1709
1.9969
NA
0.2541
0.1428
0.7485
-0.1191
-3.0259
-1.3753
-2.0665
0.57516
-0.0692
-5.9457
-0.4279
0.00392
NA
0.4663
3.4284
-4.7407
1.508
-2.2976
-0.1238
-0.6563
1.5293
2.6315
NA
-0.9327
0.5238
2.91858
0.86267
-0.83765
-7.0628
0.3649
-4.2374
1.4974
0.6973
-2.0248
2.3924
2.69834
0.7199
-1.6418
-0.00699
1.3711
-0.8465
1.2976
-0.1692
-0.594
-2.8637
-7.71051
2.2795
-1.7217
-1.3562
0.095
-2.7682
1.20104
-1.6699
-4.0741
0.19551
-2.7897
1.0656
0.31711
3.7792
-1.2903
1.042
-3.4766
NA
1.1341
1.2961
NA
0.5841
1.3734
8.4615
0.9152
-0.88507
-0.1428
1.0574
-4.4974
1.24905
NA
1.0465
-1.4893
0.4236
1.05203
1.0465
1.096
-3.647
-1.8335
-0.42026
0.653
2.2605
0.7927
0.6448
1.3537
-1.45784
0.4608
NA
1.3651
-5.5522
NA
-0.99311
0.9925
1.4014
-0.4758
2.3037
-4.0602
-0.89085
-1.345
-0.74468
NA
-0.3373
1.7194
-0.5403
0.8629
0.8235
-1.40072
0.4378
0.2104
-1.2667
-4.14973
-0.5314
-0.9546
1.9837
1.8515
-2.7408
-2.9241
-0.7511
-4.7622
-1.265
-0.9132
-2.0329
-1.40884
-0.70067
-0.2307
NA
-2.0055
1.2961
-4.0084
2.2046
-1.129
0.5212
NA
-3.3219
-0.4149
1.08079
-1.2731
-0.2239
-5.8126
-0.8552
1.1909
-0.11728
1.0465
0.839494
1.3918
-0.7016
-0.482
0.00869
-0.371
-1.594
-2.2831
-3.5253
-0.4998
1.9969
-2.0228
2.7809
1.9969
-0.5338
1.93345
-1.6522
0.0289
-1.0785
-4.15793
-0.0209
-6.8139
0.4415
-1.2271
-0.80916
1.60262
0.3722
NA
1.5001
1.5789
0.899
-0.8151
0.7734
-8.6496
4.0662
4.5955
-2.6615
-0.6509
0.1277
-2.4028
0.1161
-1.3046
0.0729
0.1279
0.4207
-1.9308
-0.5695
-0.335
1.5119
1.0096
2.7701
-0.7243
4.0676
0.1848
NA
1.161
2.2677
-0.7268
-8.5637
-2.1539
-0.8911
-0.201
-1.5523
-0.5735
1.9606
-0.35962
-1.7836
-0.5182
1.0751
0.0519
-0.7163
0.7444
0.133
-1.1151
-1.4635
0.3094
1.077
1.8111
-0.1776
-0.7639
-3.1192
2.1001
0.36228
1.0211
-0.7822
NA
3.7527
0.9834
2.0299
0.85407
3.6545
0.8249
-1.3406
0.5278
-2.9378
0.3423
-3.0755
-0.9115
0.0058
-0.3506
0.1515
0.5766
-0.4393
0.4969
0.4982
-1.2824
0.844
-0.7958
-1.4863
-0.4128
0.4936
1.104
-0.8699
-1.7565
-0.307
-3.2645
-0.8318
0.9231
-0.3166
-0.4271
-6.3711
1.0106
1.4575
1.4199
16.6808
-0.3469
-1.2831
-0.0868
-0.446
4.0558
-0.2189
-1.4274
0.5512
-3.0064
0.0511
1.4104
1.9261
-2.5497
-1.7483
-3.1714
0.3665
-2.6349
-0.6141
4.3286
-1.0407
-0.693
-2.7437
0.0837
-0.5917
0.6814
1.0867
1.4029
-1.4644
-3.518
0.8608
0.1279
-2.0414
2.3588
-0.5183
-3.372
-0.8796
-0.8655
2.5283
-0.0576
-0.5183
1.0216
-0.4649
1.63345
-1.2803
1.055
3.2949
-2.5399
2.1545
2.7573
1.19097
0.2329
2.3604
-0.807
0.0801
0.5501
1.9597
0.233
2.0926
1.9428
-0.48965
1.5786
-1.3604
-0.3312
0.944
2.8548
0.6369
1.0277
2.451
-2.6187
-11.3103
-1.8805
0.13
-0.7958
0.4963
-2.2649
-0.7859
0.0953
0.6987
0.4011
0.0922
-0.3209
1.5038
0.8528
-0.7958
-0.12
-1.9042
-0.4433
-0.4131
0.2101
-0.9375
0.455
2.4031
-0.1201
-0.1718
-0.827
1.576
1.3309
0.3603
-2.0631
-0.6085
1.1158
-0.9638
-1.9575
-0.3138
0.8859
-1.64016
-1.0895
-3.3682
-2.6942
1.1628
-0.2367
1.454
-4.532
0.9077
2.6959
-2.9216
3.1076
-5.6357
2.3744
2.4225
0.1834
2.5988
-2.19575
1.51363
5.1848
-0.4955
2.0465
0.1824
0.17
0.348472
4.32352
-0.7331
3.2052
-0.1446
-0.7683
-1.86545
2.6987
2.8378
-0.094
-0.2422
4.1598
-4.2211
NA
0.0161
-2.3999
-0.7096
-3.2242
0.9069
-0.13603
-2.8222
-1.4519
-4.3393
-4.6884
-4.608
-0.8052
-1.0557
-0.729
4.5608
-2.611523
1.1305
-7.4882
-0.8606
0.6897
-0.6407
0.5826
1.8308
1.593921
-4.2211
-0.9268
0.9171
-1.31642
-0.6471
2.091
1.071487
0.09207
1.8085
6.626
-0.0836
0.0744
-0.479587
-2.9418
-0.889848
0.03978
-0.43982
1.9154
3.2842
-0.4917
2.13636
-0.70105
-0.3665
0.770114
-1.1757
0.709177
2.3491
4.4161
1.321423
-1.69388
0.94598
3.00155
-0.000548
0.6859
1.3619
-0.62722
3.62261
2.36603
-0.18927
1.9211
0.0452
-4.2115
0.54923
0.0796
-1.9674
0.4458
-0.200643
2.43859
0.58192
0.9678
-0.53046
-0.89642
-0.1516
1.57807
0.2886
1.0732
0.5923
-1.8482
0.75047
0.2886
3.8114
0.43958
1.5893
-0.8827
-3.30625
1.275
-2.36707
1.0467
-2.23413
3.9303
-1.91185
-2.3895
-0.1102
-3.6095
-3.0916
9.0122
1.529
-0.4333
1.2276
1.7197
1.2217
-0.7958
-1.0849
-0.55214
0.0812
1.0499
-0.08431
0.3063
2.2771
0.2784
-0.2591
-0.43625
-1.682
0.4388
-2.7203
1.834
-2.5378
-1.4908
-0.4773
-0.5076
NA
-1.6161
-2.69742
-2.3731
-0.8574
-0.1192
-3.4416
NA
1.1062
2.6141
-0.9835
-0.2766
1.165
1.66919
1.41466
-0.1675
NA
-1.0454
0.564
1.55
-2.0414
NA
2.1453
-0.43299
NA
-4.3636
0.7565
-1.7227
1.4591
0.3384
0.339
-0.3419
-1.4459
3.0415
0.6818
0.854
3.8107
-1.2105
-2.69977
NA
2.66401
7.38714
-0.69705
1.65335
1.2827
-3.029
4.5127
0.0892
-0.5065
-0.2335
0.06458
1.6821
-0.2429
-1.2747
-4.1445
2.7959
0.845
-0.9554
-0.5059
1.1791
-2.2749
-0.3151
-1.5997
0.65323
1.7823
-0.2568
-1.94547
0.06022
NA
-1.118
-0.0569
2.5741
-8.9557
-0.2582
1.4888
-2.3296
-2.2467
1.3224
0.4707
1.0154
-1.87773
2.3518
-0.7637
2.1112
0.4359
0.9621
0.9741
-1.438
0.2341
4.1265
-0.2605
-0.6675
-1.276
-0.03324
0.1054
-2.7297
0.8006
0.8567
0.6904
-1.2508
2.6447
-2.9591
-0.2556
0.7901
3.8052
0.213
-5.6489
0.0602
2.1255
1.1691
-1.2278
-2.53
-1.8306
-2.879
2.0602
-3.053
1.8044
2.541
1.3055
2.1962
1.9196
5.0867
NA
1.61154
2.051
-0.0998
0.6964
-1.0829
-1.688983
-1.199
-2.9091
-2.1465
-1.0666
0.4098
-0.2823
-2.6108
1.9571
-2.1509
-0.0641
-1.8242
0.5629
0.3848
-0.129732
-1.6761
0.1306
0.8769
3.682
1.7883
4.4501
0.0212
-1.599
1.0908
-0.48103
-1.4094
3.2815
-2.3667
0.0663
1.0362
-2.4633
0.00366
1.20419
-3.7731
0.8457
-0.8428
0.878
-1.40056
-1.3459
-0.2439
-1.8816
-12.487
-0.2594
-1.221
-0.1679
-4.2211
1.5907
2.83594
NA
1.5874
NA
-0.7693
2.92151
0.3466
1.2396
1.0957
-4.3539
-0.4934
0.3666
-1.92725
1.9969
1.9898
-3.03451
NA
NA
1.9969
1.3231
0.759
1.0257
-0.60601
-7.6112
-10.5806
-5.1343
-2.721
-0.8264
-1.0151
-0.5621
-3.6527
-0.0083
3.05829
-0.1667
