-0.1413
1.21772
0.46
-2.22
0.437
0.361
-2.102
-0.754
-0.425
3.071
0.214
2.042
-0.534599
1.345
-1.2437
-0.196211
-1.5068
0.2351
-0.442258
0.8646
-0.77
-0.021
-0.000899
-1.269
1.11432
0.099
-1.069
-1.465
0.64611
2.355
-1.715
-0.721
-0.8337
-1.0466
0.77363
1.8006
-0.9937
-0.63584
0.29462
0.861644
0.74664
-0.812596
-1.4545
0.803514
0.48526
-0.54077
0.573
-0.437
-1.734
1.7089
0.09
-1.03
-0.3293
0.556
0.353
-0.891
0.2538
0.38471
-0.24182
-1.25092
-0.829
-0.8413
0.192
0.509
-0.0836
1.05657
0.655
-0.2486
-1.913
0.72447
-0.472
2.7
-1.7626
0.632
0.4104
0.8879
-1.125
-0.266
1.5491
0.775
-0.80347
-0.062
0.10208
-1.031
-1.217
1.712
0.322
-0.525
0.22
0.1004
0.3139
0.1779
-1.3698
1.175
0.432
1.1965
-0.834
-0.494066
-0.78522
2.42681
0.6122
0.8692
-0.011
-0.73864
-0.8948
-0.81047
-0.49206
0.319
0.81482
0.682
-0.485
-0.582
-1.6389
1.966
2.37175
1.1521
0.087
-0.2366
-0.110894
0.802
0.6527
-3.8794
-1.327104
-0.47726
-0.61022
0.89904
1.12787
-1.14761
0.815
-0.809
1.4714
-2.9157
0.189
0.086
0.15895
1.0009
0.8962
1.648
-1.368
0.00711
-1.502
-1.00524
-0.416602
-1.1793
-0.5412
1.129
-1.0703
0.309
0.449
-0.8941
0.203
2.703
-0.59686
0.8205
0.26698
0.319
-1.39506
NA
2.10471
1.56534
0.395
-0.425
-1.125
-0.352
-1.764
0.67537
1.2495
-0.3383
-0.0251
-0.8224
0.833
-1.11789
1.788
-0.7895
-0.026
-1.687321
-0.7498
0.359753
0.706644
0.4581
0.8323
0.203746
1.4746
0.20341
-0.56146
-0.599
-1.493
2.74598
1.1142
-1.29251
-1.704
-0.38704
-0.17613
-0.8578
0.8634
-0.672
0.3384
-2.40916
-0.06667
1.12522
0.006
-0.393
0.185763
0.7422
0.705
0.3437
-0.863316
-0.2094
-0.489
0.6529
-0.5186
-1.621
1.3336
-1.6041
-1.236
-1.65402
-0.33175
-0.802
0.509
-0.00083
0.3117
-0.397
1.295
0.4556
0.338
1.388
-1.5868
0.6099
-0.35883
0.7502
0.7433
-0.62
-0.4209
1.052
-0.13
-0.2894
-1.364
-0.1563
2.2765
-0.2129
1.4247
-1.11036
1.09114
0.4
0.112707
-0.4561
1.74294
0.204023
1.96441
-0.98185
-2.07052
0.19
1.2586
0.07
-0.1821
0.738
-2.208
0.1469
1.577
-1.1815
0.08339
-1.137
0.6533
0.53599
-0.31728
0.4267
0.15539
0.442
-0.6553
-0.03433
-0.62916
0.19359
0.39857
-0.146
0.56128
-1.428065
-0.159
0.21939
-0.162
-0.0883
-0.674
0.74019
0.33175
-1.5936
-1.4084
-1.5522
-1.70068
0.181
1.289
-0.7358
0.84625
2.24221
-0.03078
-0.21102
0.716
-0.0772
0.3906
-0.792
-0.54121
-2.211
-0.2117
-2.5126
-0.474
-0.7446
0.15171
2.844
0.36816
1.24822
0.687065
-0.52315
-0.40752
-1.635
-1.2385
-1.689519
2.229298
-2.079932
1.698
1.8537
3.1368
-0.121
0.025
-0.746
-0.9516
0.3578
-0.32422
0.244
-0.0263
-1.868
-0.307672
-0.20903
2.867
-0.327211
1.185
0.817581
-0.3487
-0.0996
-1.46011
0.63719
0.995
0.0454
NA
0.977932
0.024837
0.58
-2.086
-2.2379
-0.04883
0.432
-0.30168
0.52609
0.0768
0.73113
-1.029
-0.207444
-1.201
0.371
0.9843
0.183
-0.893
1.2691
0.364
0.0537
1.4463
-1.0492
-0.371
-2.3164
-1.7496
-0.32
1.51
-0.0958
-0.811
-0.1278
1.522
0.6132
0.65
0.0537
-1.475
-0.669
0.6048
0.64
0.8611
-0.8968
-0.6634
2.0247
-1.2144
0.1518
0.5323
-2.4431
-1.018
-0.4549
0.716
0.513
-0.355
-1.1646
-0.869
0.5866
-0.536
-0.72
0.2161
1.2395
0.224
0.838
1.3345
0.715
1.394
0.8395
1.1022
-0.22665
0.894
-0.4172
0.29
0.722
-0.8484
0.927
-0.438
1.0408
-0.3897
0.878
-0.4144
1.1091
0.623
1.3046
0.3787
0.2447
-1.077
-2.23
0.232
-0.328
0.7399
0.595
-0.749
0.098
-1.1444
-0.496
-0.096
-0.043
0.5413
-0.3914
-2.3199
-0.1091
0.7011
-0.2645
-0.6024
-0.1359
-0.14
-1.6045
0.437
0.263
0.00411
1.46653
-0.57588
0.15394
0.66679
1.95423
0.70962
0.1121
-0.381
-0.471
0.609
0.196
0.22733
1.75946
-0.46149
-0.39543
1.01673
-1.16524
-1.1859
0.07759
-0.54122
-0.38707
-0.616
-0.64889
-0.275
0.31065
0.06652
-0.44889
1.03117
0.511
-0.863
-0.351
1.396
-0.385
0.167592
1.167008
1.702
-0.470077
2.173
1.321717
0.510157
-0.638
0.217267
0.544878
-0.18535
2.1392
-0.22891
0.5069
0.65219
2.233
0.70095
1.74383
-0.80965
1.507
-0.34649
1.11679
-0.71377
1.68245
-1.31883
0.66539
-1.54992
0.58943
-0.08202
0.216
0.466
-0.67997
2.662
2.80343
1.157
-0.11211
-0.388
-1.07
-0.814
-0.22658
1.06703
-0.22684
-0.21425
-0.869
0.52721
0.552
-0.6493
1.76133
1.285
1.231
-1.21991
0.11616
-0.443
-0.4136
-1.06911
-0.246
-1.00088
-1.40154
-0.7251
-0.9301
0.0853
1.2492
-0.25
0.9146
-0.053
-1.719
-0.6063
-1.2967
0.276
-1.665
0.4722
0.0749
-0.3629
-2.073591
-0.006724
-0.034404
-1.232157
-0.565852
-2.295224
0.558958
-0.703268
-0.318891
-0.52
0.3036
-1.0959
-0.6256
-1.4176
0.5375
0.653
-0.812
0.2307
0.3251
-1.1948
0.3165
1.053
-0.725
2.079
-1.319386
1.126
0.179546
1.686
0.416488
2.200951
-0.695542
-0.003
-0.177432
0.370268
0.539
0.501066
-0.231
0.58178
0.9
1.436614
-0.554016
0.787
0.562072
0.587
0.372
-1.24344
0.651618
0.59
-0.64481
0.296
-0.36949
1.19513
0.71213
-0.438
0.24069
1.97
-2.842
0.938
-2.1427
-1.5678
0.1303
-0.5917
-0.8263
0.4778
0.5913
0.992
1.3701
-0.147
1.19
0.766
-0.83458
1.554
-0.63518
-0.277
0.33702
0.254
-0.76682
0.8273
1.45021
-0.94116
0.52606
1.29184
1.33825
0.71772
1.35196
-0.399
1.83658
NA
-0.337
0.531
0.733
-0.665
-0.7386
0.9201
0.269
0.025
-0.8528
1.636
-0.288
0.9889
1.002
-0.4713
-0.5904
NA
-0.839
-1.419
0.708
-0.0612
-0.172
-1.6858
-1.9715
-0.7766
NA
0.1077
0.019
-1.896
-1.234
NA
1.0758
NA
-1.34061
0.483
-0.35039
NA
2.128
0.759
0.91807
1.177
-0.73974
0.18522
-1.0363
-2.115
1.21433
0.777
1.04
0.25152
0.0815
0.881
0.625
0.4559
-1.2145
-1.2243
1.481
-0.3624
-1.818
-1.2653
2.3814
0.6041
1.5976
-0.3886
-0.516
-1.6223
0.1745
1.262
1.0205
1.311
-0.3175
-0.125
-1.0015
0.875
-1.0074
1.1527
-1.2851
-0.0172
-0.0381
-0.399
-2.5248
0.1549
0.9843
-0.6117
2.51
-0.052
-0.6835
-0.986
-0.766
-1.3124
0.2223
0.528
-1.4019
1.116
1.0899
0.5859
0.629
0.629
-0.3843
-1.0831
0.2369
1.328
0.9692
0.906
0.7632
0.953
1.121
-1.3524
0.2984
0.6486
-0.5326
-0.158
1.908
0.06682
2.35784
0.4859
0.37852
1.62394
0.25562
0.64295
1.07186
0.85019
0.66607
-0.775
0.56576
-0.68224
1.12937
0.21197
-0.67543
-1.545
0.09016
0.38966
NA
-0.42431
-0.889
0.41907
-0.00469
-0.59806
1.786
0.765
1.4766
0.58637
1.549
-1.00494
-1.172
0.026
1.46913
3.177
-0.906
-1.99354
-1.998
0.424
0.692
0.547
0.117
-1.5637
-0.848
0.23396
0.24814
0.348
-1.5326
1.287
-0.41974
1.329
2.52948
2.0263
2.144
-1.6153
0.51836
0.037
0.453
-0.056
2.5906
1.9268
-0.225
1.16
-0.269873
1.404
0.268224
-0.321385
-0.789
0.5303
0.3254
0.9423
0.5529
-0.0692
0.2681
-1.046
0.83
-0.999
0.729
-1.6324
1.3744
-0.9701
-0.35
-1.4721
-0.9569
0.6363
-0.7806
1.2157
0.0603
0.915958
0.096727
-0.5272
-1.657
0.69637
-1.11568
1.23764
-0.893
1.295
0.63553
0.2668
2.41988
0.24856
0.24149
2.701
-0.76142
-1.0854
0.97722
0.5524
0.24214
-2.22996
-1.294
-2.053282
0.969981
-0.97378
-0.76131
-0.648
-2.5
-0.37635
0.5191
0.8646
-0.31635
-1.017
1.17277
-0.455
0.4295
-1.63207
-0.70733
0.9658
0.8856
-0.4038
-0.3243
-0.882
0.755
0.64874
2.6469
-0.246
-1.143
-0.7386
0.5419
-0.350185
1.556
-1.7956
0.1315
0.4328
-1.74042
0.08365
0.8516
0.4103
0.227
0.4
-0.651
-1.602862
0.085
0.88
-0.78796
0.617
-0.079
-0.31922
-2.158
2.908
0.0523
-1.8655
0.63671
-0.84156
-0.6032
-0.0213
0.01441
-0.3124
NA
0.9164
0.403
NA
0.403
-1.1134
2.1312
0.1756
-0.88
1.4454
1.177
1.449
-0.7
0.349
0.056146
0.376
2.758
1.4575
0.2339
0.0599
0.446
-0.59942
-0.726
-0.3367
-0.5762
0.0281
-0.4675
0.7938
0.2039
2.1543
-0.087
-2.2104
-0.3249
-1.92707
0.024
0.191
-0.848
-0.0885
0.5236
0.48088
-0.337
0.9617
-2.067
1.5689
-0.1267
0.858
0.544
0.898211
-0.596
1.3995
1.36907
-0.72457
0.0403
-1.4494
1.3116
0.08201
0.32
0.68244
-1.63
0.69343
-0.02147
0.214
0.366426
-0.606
0.4455
0.2441
-1.098
0.2614
-1.1097
-0.4933
-0.7108
-0.0082
0.306
-0.8205
-0.9942
0.7286
-0.1577
0.97
-0.3966
-1.181365
-1.96254
0.373977
-3.295
-0.41057
-0.364812
-0.92095
-0.68766
-0.126
-1.218
0.4837
0.3174
0.427
0.48536
-1.52982
-0.557
-0.87882
1.038
-1.323
-0.8218
0.56219
-2.294
0.0448
0.8394
-0.40311
0.5721
1.1405
-0.592516
NA
-0.147
1.0592
-1.579435
0.0317
-0.28966
1.29495
-1.92447
-1.486
-0.5433
1.280186
0.6631
0.7549
-0.1935
0.4903
0.702
1.457
1.39375
0.504
-0.194
-0.1795
0.68618
-1.1545
-0.131
0.45663
0.322
-0.4257
1.41796
0.744
1.8564
0.0701
-0.028
1.365362
0.9455
0.4
1.242
0.253015
-0.8966
0.55484
-2.7285
2.1058
0.74
0.672089
-0.97813
0.80534
-0.17806
-0.18835
-1.3992
0.8544
1.592
0.13885
-1.188
0.5808
-0.8526
1.886
1.138
-1.04732
1.59561
-0.3764
1.69115
-0.02363
0.610335
-0.45052
0.33588
1.24886
-0.048
0.304
0.7852
0.473
-1.1236
-0.8708
0.027
0.26302
-0.89217
0.50114
-0.73639
0.7527
0.33381
0.3053
-0.3681
2.1356
-0.011
-1.275
-1.5471
1.5503
-1.831
-0.683
-0.65229
-0.43576
0.09271
-0.806
-0.37277
-0.7351
-2.33759
0.7732
-0.0534
2.643
-0.74811
0.7764
-1.2186
0.23294
0.14327
0.33942
0.7359
1.018
-0.3501
-1.4206
-0.106
-2.955
1.586
-0.38809
-0.237
-0.04577
1.57059
0.159
0.182
-0.50246
0.17127
-0.7244
0.64
-0.759
0.7864
-0.137
1.99703
-1.15994
0.60637
-1.59268
-0.77002
-0.651
0.9449
0.6952
1.569
-1.3436
-0.35818
-1.1659
0.30087
0.544
-1.28872
-0.04285
0.89581
-0.577
-0.839
-0.014
-0.4339
-1.614
-0.2596
-0.5993
0.729915
-0.289103
-0.284062
1.637
-0.498
2.406542
-0.068
1.489285
-1.041
0.796
-2.683
0.50733
-0.6826
0.567
-1.84942
1.699187
1.23815
0.11
0.597303
-0.94628
-0.567
-1.16547
-1.901979
-0.000158
-1.385486
-2.575666
0.766205
1.050932
1.727
-0.975
-0.024082
-1.844743
0.802948
-1.2152
0.8061
NA
NA
NA
NA
-1.3569
NA
-0.5522
-1.621
-1.123
0.1863
0.477
-0.168
-1.669
1.222896
-0.567982
0.348902
1.575587
-0.157
3.240114
-1.6304
-0.697
0.2888
0.57
1.091
-0.948
0.2358
-0.5454
-0.368
0.746
-0.373
-0.1843
-1.7881
-0.5964
2.3243
-1.271
0.8155
-0.8896
2.3384
2.2509
1.498
-0.3438
0.8257
-1.080215
-0.55
2.64604
-1.552
-0.96942
-1.18153
1.69
-0.616
1.3294
-0.1765
1.01499
-1.44893
0.80877
1.139
-1.45834
-2.0482
0.33384
0.70352
1.018
-0.3327
-0.42414
-0.01508
0.276
-0.28004
-1.8002
0.587
1.05228
-0.34028
1.8145
-0.206
-2.228
-0.01748
-0.02559
-0.7418
0.46364
-1.23598
2.56897
1.35446
-0.43053
1.0695
0.1615
-0.586
-0.675005
-0.446552
-0.942
-1.798526
-0.233
0.825884
-0.504488
-1.891274
-2.177
-1.764
1.907841
0.287064
0.481041
2.216337
-1.293798
1.14907
0.393
1.31782
-0.067
-0.814
-0.80348
0.2116
0.61017
0.607626
-1.031
-2.02758
1.137
0.193
0.704527
-0.597395
-1.196
0.990709
-0.1384
-0.2081
0.185
-0.127
0.849
-0.879795
-0.861407
-2.391255
0.7036
0.819376
0.179
1.340388
1.3301
-0.861
-0.4975
0.496
-0.364
2.4768
0.1591
-0.4236
0.385
-1.127
-0.6392
2.21516
0.784
-0.28
1.07574
-0.346
0.45593
0.88156
0.076
0.57365
-0.71972
-0.27505
1.26478
0.6004
0.63679
-0.68541
0.00338
1.2239
-1.658
-0.04
-0.14158
-0.80028
-0.131
1.799
0.763
-1.291
0.67353
-0.16669
1.04757
-0.044
0.208
-0.38698
0.18446
-1.14997
1.00408
0.27954
-0.114
-1.28858
-0.59906
-1.27129
-0.92132
0.043
-1.1217
-0.00101
-0.30207
0.044
-1.09473
-0.177
1.2657
-0.1348
1.3217
-0.87
-0.9218
0.0336
0.377
1.8617
0.3249
0.7589
2.03
-2.0608
-0.5832
-0.473
-0.3016
1.913
-0.471
1.4323
0.4304
-1.221
1.9779
0.121
-0.0348
-0.2573
-1.4048
0.9937
-0.2964
0.4158
-0.858
0.1347
0.21
3.8298
0.7284
0.3857
-1.3662
3.543
-1.9286
0.047
-1.048
0.6367
-2.0201
-0.844
-1.0765
-0.81606
1.67981
1.791
-0.62649
-0.26983
-0.60609
-1.51395
0.371
-0.778
1.44571
1.63958
-0.486
-0.757
-0.251
-0.77098
-0.40778
0.206
1.684
NA
-1.1167
-1.20127
NA
2.434
-0.7891
-0.306
-0.44
-0.836
-0.263
1.099
0.7
-0.456
-1.4431
-2.358
-0.88
-0.5
-0.2543
0.528
0.0681
1.0333
0.0988
-0.5984
-0.0202
-0.5641
2.5593
0.4807
1.163
-2.3179
-1.76107
0.90833
-0.13255
-0.94848
-1.5843
1.50405
0.00482
-0.67584
-1.106
-0.8846
1.636
0.49261
-0.31694
2.07427
-1.739552
-0.618857
-2.601
2.027577
-1.479677
-1.500422
1.251583
0.970914
0.470978
0.69
-0.902
-1.327
-1.7191
-0.2444
-0.6902
-0.242
0.522
-0.126
-1.012
1.1805
-0.5275
-1.7358
-0.4801
1.7872
-0.087
-0.999
-1.819
-0.952
-0.2466
1.557
-2.5996
1.9409
-0.5454
1.794
0.09146
0.70946
0.566
-0.69705
-0.895
0.986
-0.7798
0.92748
-1.5734
-1.2454
-0.527
-0.42597
-0.48964
0.99449
1.1721
-0.8436
-1.9974
0.1227
-2.53563
-0.4394
-1.59089
0.647436
1.1168
-2.6136
-0.1723
-0.2718
-0.78
-1.1144
0.1
-1.73094
-0.43142
-0.9038
-0.0786
0.55289
-2.27444
-0.1166
1.325
0.87127
-0.7798
-0.7047
1.27129
0.6499
0.877
-1.2177
1.3206
-0.7238
0.6336
0.66238
-0.497
1.32326
0.5887
0.0626
-0.81255
-0.55704
1.6112
0.628
0.111
0.336
-0.33816
-0.2758
-0.77897
1.3577
-0.8355
-0.67603
0.19827
-0.008
0.79854
1.737
2.4468
-0.3951
-1.08325
-2.084
-1.18637
-1.454
0.15
-0.11408
2.203
0.051
-1.07848
-0.176
1.1451
0.988
-0.2076
-1.26917
1.59778
1.262
2.7432
-0.51213
-0.53302
-0.263
-2.14292
2.0008
-0.9283
0.3606
0.54
0.653528
1.2259
0.374
-1.722479
1.061
-0.939
1.35645
-1.1161
-0.82
0.0786
2.78
-1.449
-0.964
0.14207
-0.478
0.68503
-0.225
0.043
0.381
2.25124
-0.912
-1.227
1.1585
0.4519
0.307
0.39234
-0.20709
-0.733
-1.23866
0.371
-0.174
-0.44365
-1.00814
-0.2146
0.412437
-1.78
0.6796
1.912
0.608
-1.5768
0.114
1.1206
0.015
-1.14522
0.8255
-1.50354
1.9449
1.7548
-1.1372
0.52194
-0.303
0.14701
-0.126
-1.1696
-0.663
-1.47095
-0.609
-1.066
0.14716
-0.933
0.647
-1.3151
-1.2912
-0.089
-0.153
-1.24431
0.75714
-1.13571
-1.33
0.93491
0.7747
1.51
-0.65857
-2.688367
-2.667
-0.4462
-0.7728
1.548
-1.002
0.078
-0.49571
2.057
0.0629
-1.54618
-0.691
0.34557
-0.378
-0.903
0.81516
NA
-0.694
3.569
0.17
-2.972
0.2983
1.3149
0.234
-0.552
-1.06
0.3369
0.6647
0.6133
-1.2186
1.3977
0.3214
1.1616
0.2409
1.1014
2.033553
0.475068
0.218
0.3342
0.29
0.4141
-0.64501
0.7575
0.58345
-0.55399
-2.25947
-0.3359
0.05329
-0.432
-0.321
-1.52426
-1.298
-0.44623
-0.356
0.441
-0.92416
0.55183
1.35031
2.2502
0.127
1.065
2.80168
0.242
-3.302285
NA
-2.053
0.878
0.59278
0.86136
0.89525
0.44
1.37088
-0.65515
-0.3449
-0.0394
0.948
-0.8523
-2.15536
-2.76981
-0.961
-0.09892
-0.90712
1.908
2.15305
2.40886
-0.58566
0.58323
-0.81959
0.174
1.1949
0.65492
1.9899
1.50637
1.68822
-0.19442
-0.91148
-0.84092
0.54335
1.10787
-0.45637
0.51245
1.0382
-0.14438
1.6095
-1.603
-0.16289
3.23
2.009
0.6742
-0.719
0.56361
-0.63079
-0.2775
1.067
-1.1376
-0.722
-0.60213
-0.34272
-0.81264
2.0784
0.7183
0.237
0.0115
0.161
1.717
0.036
0.927
1.356
0.08408
0.073
-0.922
-0.494
-0.351
0.474
0.551
0.67996
1.2375
1.0853
1.495
0.812
0.2947
-0.7272
-0.1962
1.841
2.234
1.5977
-0.1546
-0.565
2.1793
-0.331
-1.8415
-1.5654
0.453
0.016
-0.19
-0.567
0.7167
1.649
0.09709
-0.71419
-0.4514
-2.315
-1.16
-0.0662
2.06602
-1.76244
0.5139
2.288
0.68
-0.066
0.02262
-0.20094
-0.35992
0.5368
-0.709
-1.2515
1.7545
0.887
0.463
0.00413
1.37214
-0.54201
0.21754
-0.83381
-0.52555
0.26522
-0.20591
-0.125
0.95313
1.107
-0.658
-1.299
-1.726
-0.02582
0.741
1.49341
2.32758
-0.71242
1.29206
0.639
1.42713
0.336
-0.06629
-0.922
1.106
0.25004
NA
-0.06945
-0.4252
1.0525
0.639
0.5017
-0.965
1.2781
0.745
0.552
-0.554
-0.82954
-0.809
-1.18155
0.89211
-0.68459
-1.89702
1.558171
0.279555
-0.562035
0.637918
-1.561741
-0.7634
0.350311
-0.947
0.7231
-0.062551
-0.8055
0.305
-0.346
-0.1861
1.1091
-0.9367
1.021
-2.017
-2.9951
-1.125
-1.302
-0.125
2.1295
-1.414488
-0.226
0.3682
-0.789
1.8517
-0.305
2.491
0.7089
-0.07
-0.523
0.55723
-2.254276
-0.79564
-0.634
-1.3049
-1.7323
-0.7728
-1.8732
-1.055634
-0.219
1.418
0.3164
-0.173
-1.968
-0.4961
-0.06
0.389
0.9498
1.3642
-1.9551
-1.7602
0.50673
0.3906
-0.644
-0.485
-2.318
0.448
-1.15285
-0.4475
-0.533
0.601
-0.385
0.67115
0.14027
1.266
0.1509
-1.222953
-0.153
0.11169
0.7231
-1.03538
-0.235
-0.085
-1.602
1.216
-1.49312
-0.5014
-1.238
0.54
-0.7467
2.0124
-0.811
0.333
-0.381829
1.08493
0.16
-0.638
1.112
0.21686
-0.83188
-0.77396
0.78682
0.60098
0.673634
0.867
-0.061
1.70319
-0.207
0.855866
0.276293
1.04979
-0.624
-0.411
1.31144
1.26678
-0.194
-0.3293
0.6487
-1.027
0.481
-0.417
-1.6389
1.6108
-0.3656
1.471
0.476
0.9504
1.265
-1.072
-0.1683
0.3995
NA
0.06773
-0.7407
-0.9606
-1.216
-0.7668
-0.06082
0.501
-0.8347
-0.24
-0.2501
0.236
0.008638
-0.24404
0.8836
0.837
-1.41022
0.64489
1.098
1.2317
-0.208679
0.826
-0.19541
1.273
0.742
0.4878
-1.098
1.7339
0.449
1.13626
0.17
0.0397
-0.89836
-0.5136
0.257972
0.594
1.38162
-0.3724
0.139591
-0.469625
-0.325
-1.7435
-1.1154
-1.58216
-1.63526
1.1426
-0.395665
2.1349
-1.507547
-1.492
0.605
-0.73078
0.453
0.0486
-1.0781
0.4451
0.716
-1.7865
-1.237
-1.60141
-0.64749
-0.707
-1.523
-0.455024
1.38858
-0.52
-0.093
1.608
-2.02147
0.5151
1.1773
2.3941
-1.3546
1.6311
-0.1206
2.1979
0.9346
0.169
1.022
-0.96907
-1.7111
-1.411
-1.0654
-0.555176
-0.803
0.28438
-1.25355
0.486
-1.139
-0.761
1.55878
-0.8701
0.3336
0.345
-0.598
1.293
0.449
-0.3175
1.4838
0.248
2.533936
NA
-0.923
1.043
-1.043
1.133337
-0.715
-1.08054
-0.0907
-0.1657
0.55
-1.163
0.7302
-1.8209
1.355
-0.03329
-0.10564
1.2114
0.786288
0.649
1.5643
1.668
-0.182
-0.138
-0.071
0.017
0.520412
-1.292
-0.0734
1.3187
-1.0815
-0.9842
-1.579
-1.74919
-0.9625
1.92126
0.2183
-0.239
2.37262
-0.7259
-0.2662
-0.0388
1.13495
0.488849
-0.8358
1.72304
-2.14
1.568
0.6141
-1.4233
-0.8696
0.265
-0.6068
-1.114
-0.0188
-1.288
-0.7038
1.18156
0.039
-1.95176
-1.70805
0.23694
-0.06241
0.482
-1.642
1.41802
-0.3051
-0.63961
1.023
-0.7967
-0.3862
-0.01608
-1.08486
0.26696
2.144
0.923
-1.6171
-1.77366
1.1228
-1.669
-1.019
0.7874
-0.13824
-0.5791
-0.03831
-0.4419
-0.19182
-2.76932
-1.452
-1.4905
-2.038
1.02249
-0.2607
-0.2574
-0.195
1.33
-0.4739
-0.3556
-0.162807
-1.32474
-0.687347
1.1004
-1.231
-0.185709
1.384
-0.153
-0.828
0.829654
1.080005
-0.708
0.835
0.4243
-0.29948
-0.7579
-0.2936
-0.256472
-0.943
-0.867
0.131
0.7162
-0.182
0.4379
0.0328
1.233
1.129
2.710416
1.44672
0.744
-0.611
-0.414
-0.615904
-1.25433
-1.008545
1.96716
0.772
1.409
0.156
-0.6212
1.605
0.141828
1.4219
0.55
0.301676
-1.351299
NA
0.119
0.86344
2.827
1.07
-0.3365
0.7012
-0.471131
1.218
-2.667
0.703
0.407818
0.71277
-1.029
0.46571
0.75421
-0.2228
-3.1877
0.65826
-0.60431
-0.588
1.98496
0.13269
0.4347
-2.131
-1.051282
0.10199
-0.31087
0.219
-0.67001
-1.001
0.662
-0.158
0.81076
-0.410782
-2.08253
1.1326
0.334
0.8388
-0.02633
1.2966
-1.749
-1.26825
-0.127
2.64874
-0.017
-0.291
-1.4434
-0.6821
-0.964
0.86553
-2.006
1.1549
1.31164
1.023336
1.404657
-0.461355
1.4811
1.509
1.08555
-0.827816
0.8984
0.39938
0.2933
1.7856
-0.6552
-2.1925
-0.939909
-0.0582
NA
0.84236
-1.46894
1.1122
-0.69007
-0.70055
-0.375
-0.72631
-0.8115
0.1867
0.43302
-1.73413
1.14511
-1.657
0.892
-0.30244
-2.354
-1.167
1.46563
0.414
1.59707
-2.244
0.1238
-2.5763
0.25081
0.2002
-1.307
-1.1299
1.75071
0.345
0.406
-0.4932
0.7367
2.72274
-0.20167
0.327
-0.1387
-1.80583
-0.442438
-0.45035
2.20571
0.187516
1.3397
NA
-0.78638
1.8041
-1.480378
NA
1.262
-0.930159
-0.841
0.8479
0.19048
-0.564
0.4032
0.665
-0.7278
0.951
-0.4541
-1.53784
-0.38231
0.173781
1.4118
-1.158958
-0.7944
-2.15963
1.55963
-0.1312
1.7714
-0.02708
0.984
-0.502
0.182
-0.5875
1.21595
0.412898
1.5067
-0.18705
-0.322
1.118682
-0.142697
-0.3562
-1.3587
0.134
1.41896
-0.8621
-0.5459
1.13598
2.747
-0.1508
-0.6864
0.66
1.85
0.118
-1.143
0.258
1.186863
0.0952
0.41
-0.4581
1.183
-0.531
0.417
0.44894
0.12663
0.763
-0.2154
-0.65007
-0.696
-1.54556
-1.269
1.548
-1.483
1.104
0.60376
-1.204
0.6796
-0.127104
2.231
-1.4434
0.40028
0.21038
-2.880603
1.07528
-1.14558
1.272
1.542
-0.425
-0.745
0.061286
-0.93501
0.069
1.91937
-0.731
-1.50657
-2.443272
0.6384
0.8723
0.952994
-0.514
1.6001
-0.194
-2.1251
-1.198
0.91222
0.9316
0.464
0.415
-0.206
-1.4731
1.271
1.8639
-0.4542
-2.004017
-0.58652
0.643
0.9196
0.142333
0.1595
0.43799
0.657469
-0.82784
-0.591
0.612
-0.793502
-0.95695
-0.2251
1.1944
1.038157
-0.4473
0.380464
1.559
-0.51835
1.0668
0.881
-1.4249
0.768
0.728492
-0.5534
-0.15904
0.662
0.2865
-1.4634
-1.40782
0.8091
1.033328
0.418
1.429
-0.5742
-1.122
-0.88723
0.48929
2.3001
-0.381972
-0.70241
1.15312
1.13368
0.68
-0.78737
0.748
1.129
-0.679
1.40725
1.3451
-0.789
-0.997
1.24332
-2.5981
-1.3343
2.0236
0.57384
NA
-1.217
-0.054
0.291
-1.219981
1.326
-2.6743
-0.21064
-0.53211
-0.081
1.062
-1.17037
0.907
-1.09698
0.8608
-0.959
0.051
-0.11609
-2.49121
-0.7076
-0.745
-0.009853
-1.233045
0.0758
0.69981
0.606
-0.231
0.699
0.657853
0.13414
-0.251
NA
1.79755
-0.109
-0.593
-1.2525
NA
-0.16215
-0.03487
0.227
0.8864
-0.726
1.12574
-1.5014
-0.1268
0.3119
1.1488
0.979735
-0.14626
-0.514
1.045
0.03981
1.819955
-0.9241
1.05
-0.442
0.0162
-0.410826
0.35753
-1.764
-0.7065
-0.19016
0.828
-0.4005
0.2249
1.929
-1.1245
0.0352
-1.33435
-0.535492
-0.5135
-2.020077
-1.509445
2.54
-1.551
1.5023
0.16702
-0.31398
0.8378
-0.9827
-0.58913
0.777
2.758
-0.597
0.6007
NA
0.2817
-1.1996
-0.6551
0.36941
1.9763
-0.1106
0.75567
-0.318
-0.411
2.43512
NA
0.7632
-0.01974
-0.42499
-0.686
-0.62811
0.055
0.91482
-0.572
0.2506
-0.0176
-0.9471
-0.88057
1.047
-0.27336
0.938114
0.538144
0.53817
1.61406
-1.794
-0.468
-0.337
1.09045
-0.574
0.0411
1.2086
-2.373
-0.03
-0.3632
0.279621
-0.42474
NA
0.0737
0.1348
0.32
-0.6887
-0.64509
0.913
-0.148
0.33
-2.972
-1.652
0.6347
0.872
0.26832
NA
-1.42595
-0.6093
0.65565
1.334
0.21659
1.08033
1.794
0.95
1.38858
0.25902
NA
-0.523
1.144
1.433656
0.947
-0.175296
1.00819
-1.105
-0.958
-0.359
0.785921
1.4699
-1.8324
-0.292819
-0.05009
0.9743
-1.5
-0.211
-0.916
1.15767
-1.35
1.77369
0.52
0.3005
1.4868
-0.9507
-2.7824
0.0783
1.43031
2.568888
-0.12
1.20452
-0.125
-1.08426
-0.91893
-0.062781
-1.689
-1.443
0.7739
-0.503
2.81916
-0.1881
0.063
0.636
-0.32225
-0.23
-2.48
-2.4378
0.428135
-0.9245
0.07113
2.5626
NA
0.197
2.588917
-0.288
0.021
-0.224341
NA
-0.04
-0.47881
0.636
-1.334
0.217
-1.528
1.6186
2.039851
-0.726
1.8488
-0.734449
-0.91153
0.71
0.8939
0.21349
-0.548
0.953
0.4121
-2.6588
-0.307
-0.09473
-0.1266
0.389
0.551
-0.1703
1.6447
0.241
-0.71008
0.49387
-1.163
-0.1814
0.50229
-1.8273
-0.2144
0.7114
2.593
-1.259
-0.417
0.8894
-0.3962
-1.532
-1.6715
-0.9136
1.16172
1.08765
0.244
-1.9347
-1.16
-1.47
-0.343
-0.27315
0.2052
-0.964
-0.4901
-0.4077
0.435357
-0.653
0.57212
NA
NA
NA
NA
NA
NA
NA
NA
NA
NA
NA
NA
NA
-0.356
NA
NA
NA
-1.51712
NA
NA
NA
NA
NA
-0.383
-0.615
NA
NA
NA
NA
NA
1.532619
0.077
NA
0.19633
1.4939
NA
0.472
-0.285
2.058
-0.967
0.72039
0.2302
1.4792
-0.752
-1.872
0.69627
2.16503
-0.54657
-1.46984
0.23963
-0.4917
-0.535
3.5653
0.2297
-0.894
-0.4453
-0.418758
-0.655
0.591
-0.42219
-0.5395
-1.2262
-3.6695
2.1425
-0.3116
0.1306
-0.22
-0.167
0.6002
-0.0503
-0.181
-1.7089
1.31187
1.30309
-1.14
0.026
0.2787
-0.123
0.778
0.66576
-0.41638
0.087
-0.082293
0.3366
0.586439
1.19
NA
NA
NA
1.79
0.3141
0.5024
-0.3517
-1.2133
0.332
-1.6486
-0.3123
-0.7853
1.027
1.4201
0.503
-1.591
-0.766699
-1.9704
-1.409691
-0.815
-0.8596
-0.77165
0.34863
-1.4747
-0.00346
-0.8337
0.2121
0.022
1.246
1.359
-0.691
-0.04669
-0.269
-0.6685
-0.823
1.0023
NA
-1.164
0.5836
0.332
-1.91714
NA
0.74419
-1.128157
0.344
-0.12776
1.68127
0.7931
-0.91816
-0.147
0.84343
-1.481
-1.559
0.559
0.7094
-0.807437
0.990866
-0.0631
1.2774
1.071
1.3828
1.291
0.731006
0.33822
-0.742
-0.737
0.134
1.7362
0.9131
0.8229
-2.1059
-1.092
-1.344
0.854
1.97
0.46615
0.0737
-1.018632
NA
0.764014
-0.016419
1.7922
-1.2896
-0.1328
0.66954
-2.08732
1.2632
-0.05349
-0.8378
0.011
-0.122
-1.767453
-0.949183
0.13
-0.1997
0.2795
0.15791
NA
-0.941
1.05385
-1.737
NA
-1.4058
-0.7612
-1.719
NA
0.05273
1.852
0.055
0.606
1.2296
-0.022
NA
-1.106
-1.959
-1.111
-0.464148
0.2128
0.5905
0.08804
0.2618
-0.425924
-0.73267
-0.163
0.60092
0.3955
0.46104
-3.053
1.4831
-0.4979
-0.62772
-1.730133
-0.381
-1.203
NA
-0.0404
-0.239
-0.578794
0.019
-0.1307
0.112
0.3202
0.6134
NA
-0.244825
-1.0077
-1.678
0.1709
0.152
-1.1681
0.757
0.4542
-1.25297
-1.601
0.875
0.3507
NA
1.401
1.2984
0.628
-0.378
0.91883
-1.822
NA
-0.716
0.2638
-0.0278
0.1928
-0.48941
-0.0569
NA
1.479623
0.498
0.11
-0.85
-1.063
-0.80763
0.8401
-1.242284
0.587
-0.3906
-1.657399
-0.082
2.211
-1.33547
0.08861
-1.0789
-3.2116
-0.9212
0.794
-0.339
-0.4162
1.7031
-2.5823
1.211
-1.34974
-1.102
1.1489
1.75288
-0.71938
0.361
0.541
1.89361
-1.3077
1.529
0.9585
0.62399
1.5367
-0.8682
0.06505
0.37733
3.035
-0.8353
-0.22868
-0.1377
NA
0.0978
-0.15817
-0.4818
0.314
0.99722
-0.2549
-0.859
-1.32769
-1.633
1.4419
-1.182
-1.718505
0.0502
-1.16869
-1.505
2.04947
1.465
1.795508
0.31213
0.9139
0.012
-0.62866
0.906
-0.59
-0.4582
-0.131
-0.28935
-0.585
-0.10531
NA
0.27567
0.6929
-2.24099
0.734988
0.9628
0.14835
3.747188
1.981
-1.04592
0.441
-0.94768
-1.70287
-2.60377
-0.079958
-1.70622
-2.7749
-1.6685
-1.909
NA
-0.691
-0.2699
0.7383
-0.06358
-0.176
NA
-0.05472
-0.4348
1.29591
-1.01256
-0.599
1.8273
-1.064
-1.23605
-0.8437
-0.691
1.0975
1.4464
0.23238
-0.68
1.827
-2.165139
0.79
0.02534
-0.8177
-1.654
-0.240217
-1.2254
0.02357
1.4121
-0.04829
NA
0.7581
-1.6871
0.851
-0.2863
0.124971
NA
-0.50346
-0.951022
0.723
0.4919
0.8258
-1.0271
-0.251
-0.7832
-1.45301
-1.1125
-0.0897
-1.1984
-1.6629
NA
0.784
0.70012
0.8478
-1.8343
0.755
4.235
-2.3062
-0.29614
0.5451
1.5912
-0.363
-1.9986
-0.0984
0.1077
-2.30231
NA
-0.564
-0.198
0.669
0.191
0.82842
-0.186141
-0.6642
0.3697
NA
-1.42599
0.7225
-0.8248
0.65742
0.54
NA
1.167082
0.8029
-1.151
0.1289
-1.332
1.405
0.5082
-0.2178
1.735746
0.96322
NA
1.3658
0.18682
-1.3045
-1.1877
-0.548
0.1403
-0.084
0.2304
-1.0967
2.893
0.07737
NA
-1.6022
-0.994783
0.424
-0.24587
1.889
-1.155
0.1434
0.1786
1.237
0.41967
NA
-0.5516
1.215944
-0.187
0.65454
1.28335
0.355
0.0952
NA
2.02504
0.0604
0.23438
0.121823
0.45394
1.186
-0.6215
-2.652
-0.0871
0.46
NA
0.07255
-0.2686
0.4357
0.091324
-2.076
-1.3557
-1.272
-0.4608
1.55389
-0.9862
NA
1.1021
0.246329
2.10332
1.0763
0.14965
1.0942
0.553
0.648
-1.419
0.5845
-1.316
0.5227
-0.78434
-2.004
-1.82379
-0.6507
1.516
-0.312
0.4376
-0.114401
-0.061
1.07
-1.065
-1.72232
-0.2766
-1.0751
1.1057
0.7414
0.285071
-0.7276
-1.10585
-0.413
0.943235
-2.12574
0.0903
-0.584
-0.8765
-1.0239
1.303
0.5953
-0.00991
-0.05822
0.708
-0.235
0.661
NA
1.07
-1.6247
-0.147
-0.6173
-1.980956
0.1461
-0.8937
1.441
1.7213
0.7046
-1.09738
0.5208
0.8007
0.875
-1.05968
NA
-1.175
0.2136
-1.011311
-0.789
1.43225
1.6505
-0.67459
-0.9995
NA
-0.236
-0.485
-0.1946
0.56159
NA
-0.967
1.3898
-0.9146
0.01406
-0.523798
-0.76
1.0962
1.599
-0.12799
-0.557
-1.357
0.70546
0.52
-1.81753
-0.498
-0.538
-1.2733
1.0616
-0.25302
1.24
0.0606
-0.233
0.940742
1.3568
0.273117
0.27
0.677
2.4218
0.472
-0.484
1.58324
1.192
3.15607
-1.3156
0.4291
-0.313
-1.5157
-0.5407
-1.27033
1.852
-3.12799
-0.75786
0.74872
0.346
-0.696
0.06812
0.537
-0.916
0.1577
-0.2248
1.5034
-0.285
-1.4208
0.1371
NA
-0.375
-0.27711
-0.908
-1.137
2.2658
0.233
NA
0.9292
-1.541
-1.168
-0.38045
2.193
0.248
-0.297
-0.1597
-0.04568
1.12
-0.17582
0.990949
-1.573
-2.151
1.967
-1.65771
0.6761
-1.768
0.19847
0.55752
1.542
NA
-0.91968
1.504
-0.1774
-0.021
-0.9212
-0.032
-0.1434
-0.0199
2.228
0.6809
0.238
-0.483
1.225
0.1166
0.90522
-0.284
NA
-1.3373
-0.4551
0.566726
2.2538
-0.6548
-0.9528
-0.48145
-1.19346
-0.136
-1.052
-0.4786
0.6839
0.46482
2.54961
-1.2372
0.9634
NA
-0.389
-0.07
-0.814
-0.0878
0.321
-0.2955
0.826
-0.8938
-0.1909
-0.448
NA
-0.933
-1.519
0.9884
-1.15
0.2168
1.1137
0.71696
0.6567
-0.254
1.201
1.06319
0.20394
1.188
0.903
-1.092
-1.0909
-0.227
0.1947
-1.00969
-2.575256
-0.826
0.906
-1.52171
0.166426
-0.465
-1.0764
-1.27014
-0.8227
-1.39383
0.2925
0.0374
0.0738
2.0585
3.2271
0.8464
0.081
-0.2702
-0.3018
-0.427
0.394
1.02
-1.2501
0.352
0.87814
0.104
NA
0.4855
-1.37
1.003
-2.213
NA
0.939
1.1667
-3.11
-0.2934
-0.6954
1.1602
1.174
-1.3092
0.8672
-0.0139
NA
-1.69467
-0.226206
-0.745
0.81
-0.012
-0.37348
-0.0277
-1.09993
0.207
-0.04522
0.326
0.697
-1.16312
-1.61196
0.50387
-0.722
-1.158351
-0.303
-0.753
-1.021
-0.4769
-0.9521
-0.95646
0.462
1.0841
1.36318
0.46241
-1.068
-0.43033
-0.54977
-1.19074
-0.741
0.31569
-0.43313
-1.90876
-2.59816
-0.3273
-2.24677
-1.298943
2.30459
1.18963
-0.89058
1.25705
-0.12
-0.43926
-0.09716
3.00135
-1.26799
-0.32028
1.83563
-1.672388
-0.097
-0.55773
0.648
-1.3419
0.294
1.346
-1.726
-0.92178
-1.01587
-0.54958
1.93147
-0.40549
0.32721
-0.614
-0.955
-0.26058
2.121
-1.714
-0.881
-0.30595
-1.113
0.07314
2.632
-0.256839
0.599
2.95601
-2.152
-1.111
-2.03755
-0.29986
-0.87875
-2.082363
0.414
0.929
-1.02
2.76722
0.09686
-0.19268
0.003
1.675113
0.853
1.556
0.588
-2.77783
1.44646
0.265
-1.1
-0.893
0.86125
-1.652
-1.117341
-1.167
NA
0.83929
-0.5524
-2.56272
-1.3382
0.312
0.0127
1.311
-0.733
1.556
-0.98631
-0.68325
-1.86859
-1.58123
-0.7199
2.493
-0.96635
-0.96475
1.28506
0.089
-1.63557
1.018
0.036
0.54076
2.632
-1.49403
-1.756
-1.3152
-1.90802
0.88467
1.048
-3.50504
2.16016
-0.35948
0.24444
-0.31678
-0.555
0.54231
0.308
-0.885
-0.2207
1.04153
0.74815
-1.768
0.15909
-0.026
1.22802
2.14532
-0.307
-0.58963
0.495
1.92292
-0.833
1.45571
0.64063
-0.71172
-0.952
0.286
1.30018
-0.57
-1.0036
0.0194
-0.3676
-1.47046
1.2289
-0.06549
0.955
-0.391
1.714
0.162
-0.8101
-0.4477
0.3219
-1.148
-0.286499
0.832
1.822
0.4683
1.0716
1.6865
-1.394
2.1955
0.3144
-1.13
-0.2169
0.81
-0.749
0.2156
1.459
-0.562
-0.5944
0
0.21177
0.015
0.2063
0.1382
-0.6787
-1.944
1.159
-0.307
0.7823
-1.83014
0.4646
0.7171
-0.4872
-0.4691
0.304
0.375
1.89606
-0.5443
-2.0623
-0.8236
-2.068
-0.1644
-0.80089
0.35898
0.8813
0.32253
-0.19319
0.0931
-0.195081
0.362
-0.12184
0.9762
0.98933
1.242
-1.26917
-0.8014
0.508
1.49388
0.751
-0.749
-0.30534
1.794
1.0398
-1.232
-0.128722
-1.191
-1.08132
-1.65399
-0.95507
0.6199
0.22745
-2.97761
0.734
0.314
-1.113
-2.8198
-0.2782
1.15436
-0.1574
0.228
-0.445
-0.92944
1.73119
1.521
-0.34631
0.9934
1.3845
0.4048
0.3164
0.113
-0.1579
1.219
-1.0171
1.09454
-0.18844
0.301
1.551
-0.2265
-1.5169
0.6435
0.1187
-0.052
-0.841
-1.810865
-0.742227
0.45
0.050453
1.531961
1.534091
0.692541
0.338655
0.625
-0.202115
1.7478
0.012161
-0.321604
-0.331865
-1.241688
-0.49624
0.76588
0.32076
-1.12677
0.20754
-0.5877
-1.489
0.53728
-0.52301
0.2944
0.063808
0.2606
-0.774
0.829
-0.856
1.19915
-1.914001
-0.549
0.198
1.46
0.825
-0.116098
-0.0242
-0.49826
-1.9961
-0.608
-0.123
1.32691
0.154
0.3796
-0.1543
-0.914
-0.5904
0.6826
-0.024
0.366892
0.792
0.27
0.50289
-0.893505
0.406
1.70349
0.734
-0.155
1.08228
-0.952
0.6752
-0.062
-0.0217
-0.043153
-0.092
-0.8743
-1.63197
1.324548
-0.935
0.14915
-0.30489
-0.97344
0.08065
-0.68348
-0.14695
0.24669
0.195
1.17841
0.9813
-1.0656
-0.4942
1.086794
0.798
-0.48
0.094
0.47114
1.5687
1.559
0.6004
-1.072
0.096
0.21521
1.737
-1.042
-0.30993
1.101
-0.03622
0.5328
-1.019
-0.54029
-1.263
0.632
-1.047
-0.041
-0.27879
1.388
-0.71061
-0.328
1.431
-0.149
-0.912
2.302183
-0.72
-1.203
0.63183
0.711
-0.29
-0.03444
0.926117
1.93847
0.338
-1.72
1.09745
0.655
0.743
2.637
-0.16119
-0.714
-0.809778
-0.588
0.99149
0.67101
-0.810237
0.448446
-0.71156
-0.602808
1.338
-0.59625
1.6733
0.892
0.853
0.445568
0.03568
-1.492
-1.392685
-0.783
-2.0566
0.79167
-0.191
-1.59663
0.575
0.69
0.672
-0.422553
2.4279
-0.8421
1.5183
NA
-1.0678
NA
-2.202
0.822
1.45243
-0.201991
0.454703
-0.33
-0.863941
-0.705249
0.6161
-1.194
1.3403
-0.046157
0.138
0.51986
-1.001
-1.082926
1.494721
0.015366
0.95845
0.80836
-0.527838
-0.005
1.35613
-0.867
0.651559
0.81476
0.4303
0.915488
-0.16089
-0.226
1.117
-0.105
-0.45439
-0.818
3.10453
-1.602
0.17348
0.216
0.04099
0.03086
0.18606
-1.29722
0.92169
-0.0187
-1.2881
1.6409
-1.49684
0.425323
0.233874
-0.01149
-0.274
1.45871
0.074
-0.20424
-1.0195
0.49764
-0.089364
0.984
1.21239
2.06992
-0.49585
-1.55712
-0.33149
0.625
-0.155
-0.068
1.09962
0.06315
0.118
-0.11998
-1.05107
-0.63764
2.29191
-0.18138
-0.38797
0.043
0.216
0.157
-0.96417
-0.262
-1.092609
-0.2689
-0.35287
-0.64273
0.84657
1.71236
0.48245
-0.41515
-1.53174
1.15924
-1.69112
0.51786
-0.46392
-0.2
0.33433
-1.208
0.82304
1.15365
-0.46845
0.0581
0.41807
1.131
-0.57147
0.61006
-0.18
1.188
-3.49596
-0.51927
-2.5427
0.77
-1.335
-0.011
0.711
-0.86104
0.142
0.49
-0.514
0.98954
-0.0224
-0.309843
-2.087
0.358989
1.4389
1.6835
0.697
0.53369
0.8847
NA
1.105
-2.1611
0.959
2.115
0.424
0.19629
-0.9401
-2.40382
1.2215
-1.598
0.63975
-0.367
-0.0203
1.0206
1.5947
-1.218
2.0773
-0.7723
-1.7647
0.66237
-0.538
NA
-1.4151
0.293
-0.30184
1.16504
1.936
-1.3502
-0.5806
-0.2437
0.14427
-1.112
-0.253
-1.4298
0.604
-1.1607
1.342
0.472
0.1917
1.2594
-0.663
-0.462
-0.22572
-1.56127
-0.496
-1.827
NA
0.435
-2.062
0.187
-0.3189
NA
-0.60136
-0.936
-1.1244
-0.70837
-1.34771
-1.2499
-1.32836
0.5885
-0.1274
NA
1.663
2.596
-0.7296
NA
0.64784
-0.497
-0.2463
-0.8681
0.966
0.5202
-0.3312
0.518
1.441
0.43079
-0.017
-1.55992
0.6041
-0.755
-1.2628
-0.4124
0.1934
-1.848
1.7398
NA
-0.51139
0.503
-0.29747
-1.822
2.616998
-0.425
1.2797
-0.8456
0.0159
0.4824
-0.7122
-0.70674
1.547
0.5819
0.7009
0.5276
0.491
2.0376
-1.6986
0.35108
-1.2773
1.25289
0.005
-0.809
-0.7739
-0.257
-2.9672
-1.1218
-1.8384
1.5795
-0.906
-1.438
-0.634
0.288
0.4622
0.448
-1.37443
0.2704
-0.027
-0.23781
-1.065
-1.0013
1.26545
-0.3458
2.628
-0.424
0.50339
0.1903
-0.362
0.05653
-0.1295
-0.6748
1.131
0.503
0.999358
-0.7516
1.3512
0.741
-0.308
-0.186
0.742
-0.342476
0.91587
-0.738
-0.17329
1.475
NA
-0.586783
0.3371
0.407
-0.0425
1.61168
-0.52
-1.533799
-0.66401
0.796
-0.029
0.73315
-1.97855
-0.336
-3.84457
-1.047
0.27919
0.238
-0.026006
-0.0445
-1.19863
1.828
-3.49119
0.30155
-0.585
-0.333771
-0.5257
-1.606542
-0.75413
-0.4594
0.5328
0.3822
-0.2294
0.46364
-1.90313
-0.621
-1.62297
0.115
-0.117
-0.8385
0.90143
0.01619
-0.683887
-1.208
-0.182
-0.05625
0.09823
0.77523
0.662
0.877
1.688674
1.665734
1.03642
0.82961
0.32
-0.439
-0.089
1.86229
-0.787393
-0.75902
0.0549
0.326959
0.7358
1.811
-0.07295
-2.179
2.348414
-0.86383
-1.0445
-0.029
-0.68527
-2.555902
1.246999
-1.632
-2.485447
-0.000262
0.174962
-0.818
0.4992
1.361
2.81
0.2031
-0.9214
-0.3914
1.5149
0.337
-0.955
0.18409
-1.4039
0.13584
1.56546
0.575
0.77757
0.0904
-1.2319
-1.1763
0.047079
-0.4154
0.042
-1.7525
-0.339
-1.2995
-0.586
-2.74357
0.275
-0.597
0.57109
0.1357
-0.462
-0.46305
-0.6849
-2.595
1.768
-0.0558
-0.715
2.2568
-0.849
0.7208
-0.54713
-0.61726
2.42603
0.605
0.11391
0.39692
0.17839
1.065
0.1214
NA
NA
0.1223
-2.158
0.00739
-0.15681
0.504
1.46292
0.57758
0.008483
1.173
0.357
-0.3591
1.5621
0.141
1.035
-0.29076
0.248
-1.784
1.198
NA
0.30954
1.2188
0.36716
-2.402
1.28425
0.27437
NA
0.5939
0.7693
1.056
2.192
1.231474
-0.5228
-0.5598
-0.4197
-0.48532
-0.43687
0.92977
2.79125
-0.0904
-1.443
0.916
-0.8131
-0.382
1.962
1.617
-0.27567
3.02204
-1.39811
0.6987
-0.667
-0.76
0.5666
-0.05135
