0.53171
-0.16181
-0.39919
0.21803
0.34533
2.32
-2.48477
0.01468
2.042
0.8536
-0.60809
1.25
-0.778
-0.279
-0.8583
-0.087
-0.16855
0.6846
1.184
-1.37439
-0.021
-0.648
0.506
0.638
-0.055
0.34614
1.17488
-0.7153
-0.81009
0.34753
-1.317
-0.46
0.632
-0.81563
-1.599
0.37365
-0.582
-1.339
1.18173
0.159
-1.97
0.8609
0.487
-1.01036
-0.535
-0.072
0.3515
1.538
-0.768
-0.0382
0.12926
1.45492
-0.0785
-0.017
NA
-2.13282
-0.807
-0.7899
-0.998
-1.38308
-1.0764
0.259
-0.091
0.53986
-1.66058
-0.00314
-1.21656
-0.595
0.9681
0.318
-1.322
1.02744
-0.55906
0.168
2.2487
1.318
-0.565
-0.827
0.254
0.8567
-0.32493
-0.92969
-0.464
-0.446
-0.257
-0.22175
0.80307
0.7848
0.07451
-0.587
-1.87
1.45242
0.09495
-0.69155
-2.995
-1.19
0.3923
0.87131
1.6318
2.74
-1.1332
-0.05905
0.815
1.05026
1.23058
0.04339
-0.40801
-0.2217
0.114
-1.5
1.443
1.51856
0.667
-1.16
-0.58291
0.21588
0.162
0.56732
0.919
-1.55034
-2.05562
0.858
0.1667
2.60074
-0.398
1.184
-0.37446
-1.76247
-2.388
-1.0028
-0.26677
0.95964
-0.50173
-0.704
-1.3062
-0.27883
-0.84018
-0.06046
0.5301
0.57794
-1.03918
-1.493
-0.189
-0.2517
0.198
0.46
-0.672
0.81835
-0.107
-0.233
1.16
0.064
-0.16673
-1.603
-0.0796
0.517
0.414
0.8025
-1.10758
-2.02201
-1.02907
0.7526
0.2667
2.70795
0.54581
0.24251
-0.33561
1.28124
1.104
-0.29928
-0.369
1.4
-1.22574
-0.78806
-0.352
0.25764
0.173
1.638
-0.177
1.38593
0.3225
-0.056
-1.28514
-0.617
0.112
-1.382
0.25811
0.61048
0.08514
-0.361
1.02754
-0.2107
0.535
-2.095
-0.84
-2.73886
1.37471
0.5556
-0.2947
0.615
-1.10093
0.15325
0.329
1.838
0.21379
-0.23642
0.14179
0.6833
0.7297
0.1941
0.02679
1.9072
-0.3059
-0.4542
-0.3363
-0.07022
2.196
-0.41
-0.1962
-1.5959
1.76
-0.4065
-0.21
0.306
-1.63
0.78497
0.63
-1.2302
1.90988
0.611
0.94414
0.083
-1.635
0.70063
0.575
-0.1392
0.9948
-1.868
-0.685
0.82773
0.01519
-0.322
0.35768
-0.18559
0.9769
0.98803
1.763
-2.128
0.32277
1.077
0.30162
-0.5382
1.285
-0.32414
-0.01622
-1.34358
-1.87
1.25638
1.273
-0.47088
2.62938
1.33696
-0.51533
-2.07351
0.87787
-0.2084
-0.628
-0.30002
0.39516
-1.2441
-0.30919
-0.41
-0.8958
0.8325
0.9209
-0.836
0.2708
1.394
-0.0687
-1.502
-0.333
-3.141
0.03
-1.1918
-0.0981
-0.0412
-0.1097
-1.077
-1.5145
0.425
0.3249
0.098
0.0654
-0.8044
-0.315
0.6249
0.6376
-0.6947
0.3065
0.3388
1.2308
1.389
-0.386
0.5126
-0.61566
0.13295
0.61
2.816
-0.4363
0.039
0.483
0.31546
0.98425
1.08591
0.007
-0.496
0.80836
0.01507
-0.514
-1.18413
0.688
0.95625
-0.97045
-0.613
0.614
-1.198
-0.60563
1.396
-1.1358
-0.6858
1.2367
1.192
2.1349
0.865
0.9091
-0.0743
-1.7478
1.486
0.0786
0.9828
-1.416
1.0745
0.687
-1.459
0.266
-0.43939
1.0007
-1.7301
0.0292
-1.13206
0.34011
0.33869
0.79286
-1.07
1.566
-1.17976
0.834
1.661
0.248
0.3878
-0.02381
-0.037
0.16326
-1.019
-0.147
0.37435
-0.60623
-1.06267
1.94045
1.37
-0.39304
-0.308
0.15145
0.49505
1.79
0.252
-0.33607
0.24143
0.43709
2.87263
-2.23736
-0.55334
-1.42166
-0.448
-0.60004
0.66183
-0.82924
1.756
-0.70244
0.92153
-1.37147
1.91329
1.2603
-0.4379
-1.02859
-0.26881
-0.07593
1.33403
1.4819
3.209
3.159
0.973
-2.18897
0.66533
-0.648
0.12491
-0.42561
0.145
0.6503
-0.909
-0.16684
0.425
-0.583
-1.5511
0.917
-1.8271
1.025
1.3157
-0.438
2.207
0.8984
-0.6475
-1.2224
-0.5759
-0.4678
-0.5826
1.0621
-0.6124
-1.949
-0.1106
1.32
0.753
1.53
1.55
1.36
1.02
-0.58
0.732
0.254
1.78
-1.18
0.689
-1.12
-0.896
0.718
2
-1.07
0.172
0.145
-0.97523
-0.19496
-1.75785
0.26088
0.162
0.52274
-2.83913
-0.0249
1.1721
1.01896
-0.42735
1.16
0.951
-1.419
-1.19642
-0.697
-0.31097
-0.71714
-0.26915
-0.34925
1.4294
-0.08158
-1.40815
NA
0.995
1.945
-1.843
0.9393
0.40783
-1.232
-2.818
1.691
-1.402
0.33144
-0.628
-3.097
0.8143
-0.0636
3.0108
-1.2528
2.509
0.4437
1.3138
-0.7
-0.406
1.4295
-1.34
0.339
0.142
0.272
0.84
0.746
-0.998
0.363
-0.478
1.03
-1.08
-0.371
1.39
0.769
-0.0403
-1.32
0.629
0.629
1.15
-0.827
1.1
-0.181
1.09
-1.07
0.1899
-0.369
-0.82984
0.01036
1.097
-1.07
0.058
-0.11651
0.62
0.46426
0.20087
0.60745
-0.70879
0.63374
-1.40191
-1.063
0.57375
0.326
1.272
0.373
-1.28281
1.12398
-0.22322
1.79178
-1.31731
1.32835
-1.338
0.264
0.991
2.566
-0.68452
1.05284
-1.45812
0.039
-0.98023
0.453
2.354
-1.16335
-0.15203
-0.038
1.377
1.307
-0.1207
0.1356
-0.2041
-0.433
0.729
-0.817
-1.37522
0.31707
-0.45782
0.162
0.99478
-0.186
-0.38696
0.479
0.885
-0.44664
1.43
0.739
-1.79476
-9.36e-05
0.9384
2.2893
0.1498
-0.871
-1.01994
0.643
0.8442
-1.095
-0.3139
-1.88546
0.5418
-0.205
-0.314
0.6812
0.63228
-1.1574
1.153
-1.44643
0.89986
0.755
-1.05138
0.98352
1.478
1.06812
0.36346
1.01471
-1.78832
-0.4048
1.6233
1.79342
0.334
-1.1115
0.84541
-0.838
-0.67
0.142
-1.637
-1.06155
1.849
1.323
0.99761
2.945
0.7583
0.327
-2.6452
0.773
-0.37942
0.466
0.152
-0.14762
NA
NA
0.191
NA
1.22129
NA
0.517
1.39
-0.15694
0.5035
-0.998
-1.052
0.3698
0.329
1.192
0.322
2.56
1.47
0.0483
-1.28
-0.46201
0.446
-0.743
-2.455
-0.6566
2.5211
0.147
-0.175
0.1825
-0.6294
0.46277
1.5577
0.14233
-0.52998
1.70512
-1.3546
1.344
2.059
-0.26
-1.04
0.42186
1.47441
-1.49977
0.24091
0.64623
-0.013
1.15752
1.12
-0.41042
-0.15519
0.8836
1.26689
1.251
-1.75753
-1.42218
0.836
-0.6862
-0.8442
0.5127
-1.34
-2.1188
-3.295
-0.22737
-0.0401
-0.06142
2.0365
-0.84239
1.18506
1.93803
0.09
-0.46735
1.038
1.35744
-0.888
-0.5101
-8.12e-05
-0.98164
1.45405
0.20063
0.16579
1.24973
0.90646
-0.00735
-0.73682
1.152
0.10675
0.654
-0.4329
-0.87227
-0.26932
0.665
1.559
1.583
0.749
-0.581
-0.05731
0.49823
0.808
-0.52717
-1.03713
1.11
0.309
-0.8971
-0.52649
0.135
0.459
0.66467
-0.855
0.981
-0.173
0.56356
0.28713
1.574
2.13498
-0.979
-0.1957
0.63325
2.05675
-0.947
-0.45278
0.091
-1.547
-1.405
-0.243
1.279
0.9861
-1.03026
-2.0404
0.45122
-0.1165
-0.85677
-0.79309
0.5236
-0.5294
1.343
0.9438
-0.091
-0.051
-0.683
2.11174
0.074
-0.407
-0.06473
0.166
-0.0753
1.26
-0.18749
1.75509
0.763
0.12747
0.71881
-0.64666
0.631
3.2834
0.03
-0.65
-0.61214
-1.21312
1.4834
0.509
-1.68
-0.213
0.869
-0.90249
-0.07725
0.293
0.193
-0.162
0.836
0.15386
0.4897
-0.10258
0.85716
0.623
1.07
0.612
0.782
2.52
-0.904
1.47
-1.38
0.202
-0.326
-1.3794
-0.541
-0.257
0.293
-0.42604
-0.17799
0.00491
0.22
0.128
-0.61129
-0.06145
-2.9036
-0.121
0.63168
-0.136
0.11
0.754
1.221
0.07
1.7336
-0.29304
1.37108
0.71045
-2.33466
-0.57834
NA
NA
NA
NA
0.21166
NA
0.5512
-0.9657
-0.5538
-1.264
0.972
1.2242
-0.1406
0.98
2.04208
-1.61
0.113
0.00758
-0.033
1.70341
0.906
1.14094
-0.334
1.5
1.81
-1.6
0.999
1.4987
0.2152
-1.8257
-0.7889
0.147
-0.7111
0.114
-0.349
-1.142
0.614
1.018
-0.666
0.251
0.0199
1.32
0.541
-1.31
-0.513
-0.527
1.964
0.0589
0.0126
-0.222
0.828
0.8035
0.2128
-0.1813
-0.918
-0.5702
1.4752
0.5963
-0.902
0.758
1.14385
-0.477
-0.106
0.78028
-0.067
-2.137
-1.6782
-2.05777
-0.92647
-1.61575
-1.287
2.20218
1.07177
1.00088
-0.13887
-1.196
1.89393
-1.07142
-0.07
-1.13058
-2.59158
2.06823
0.179
-0.861
0.45909
-0.50335
-0.38
-1.198
-0.282
1.34426
2.008
-0.01615
-0.131
-0.125
-0.24955
NA
0.54832
0.35
0.52474
-0.362
-1.70358
0.674
0.89299
-1.62032
0.79303
-0.044
0.81494
1.8854
-0.703
-2.03538
-0.45076
-0.71281
0.54413
-0.21016
-0.75784
-0.0738
0.507
0.199
-0.74
1.96
1.24
-0.389
-1.32
1.28
-1.26
-0.205
1.1923
0.681
1.15
0.911
-0.8245
-0.218
0.7659
-2.31
-0.1706
-0.767
1.2612
3.0115
-0.2787
0.9047
0.554
1.9033
1.0988
-1.958
0.3751
-0.81749
-0.486
-0.757
-0.37267
1.74238
1.41451
1.512
NA
0.13644
-1.09037
-0.347
-0.41339
-0.927
1.88948
1.15756
1.923
1.47
1.18
1.11103
-0.49606
1.87526
-0.56217
-0.52578
1.52883
1.163
1.441
1.21
0.3778
0.2947
0.4045
-0.0138
-0.562
-0.36488
-0.37961
-1.604
0.28891
-0.06199
-0.04918
2.17711
-0.825
-0.22232
0.7678
0.24338
0.18993
-0.625
0.14653
-0.087
-0.9605
-2.0831
-0.952
-1.2061
-1.6824
1.5949
1.373
1.1527
-0.052
0.356
-1.284
1.767
-0.8653
1.8882
-0.4655
1.794
-1.5635
-0.9512
1.3686
1.082
-0.1799
-0.0202
0.112
-0.3612
-0.0881
NA
-1.59351
0.6986
-2.031
-1.63605
1.12
0.245
-0.0475
-0.9859
-1.1479
-0.404
0.4842
-0.882
0.4995
-1.6025
0.58055
-0.29113
1.3982
-0.57546
0.144
-0.3309
0.53664
0.557
0.02631
-1.073
1.111
1.688
0.897
-0.673
2.54035
1.22481
-1.56377
-1.5631
-1.835
0.311
-0.34472
NA
-1.00778
-1.65337
0.0631
-0.33357
0.585
-1.04864
-0.92857
0.008
-2.1494
-1.5493
-0.5764
-0.30033
-1.68965
0.656
0.78588
1.61
1.31053
-0.364
1.22
-0.93163
-0.063
0.1927
-1.449
-0.0611
0.31835
-0.268
-0.487
-0.5344
0.411
0.184
-0.167
1.08006
-0.5373
-0.912
-1.227
0.97236
0.06183
0.307
-0.298
1.4
-1.3275
-1.0209
-0.1356
-1.6362
0.638
1.6552
-1.15
0.309
0.15721
0.9706
-0.66641
-0.45009
0.377
-0.14167
0.756
-0.0625
-1.066
0.817
-0.33376
NA
0.24952
-0.54075
-2.59499
0.049
-0.55756
-1.042
0.09136
0.634
-2.77313
2.12241
0.28263
0.92833
-0.28621
-0.24131
2.90481
-0.058
2.01019
-0.66109
-0.399
0.288
0.227
-0.44719
-0.403
-0.18595
0.94965
0.15884
0.00712
-0.152
-0.496
1.00801
1.12246
-0.46239
0.1204
-0.096
0.94609
-0.77563
0.155
0.66292
-0.43403
0.376
-0.012
1.605
0.70579
0.25403
-1.50175
NA
0.8965
1.691
-0.832
NA
-0.87
-0.03867
2.66257
0.57434
2.49
0.52463
-0.51582
1.235
0.97742
1.73138
0.174
0.65356
-0.305
0.49589
-3.05492
-1.694
0.03573
-0.125
-0.103
1.77
-0.247
-0.82408
0.427
-0.136
1.22
-0.878
-0.74
-0.719
0.721
-0.0929
-1.5905
0.93
-0.56157
-1.468
-0.21037
-2.643
-0.494
-2.6052
-0.5238
-0.844
2.13
-1.036
0.132
-0.707
-0.698
0.5567
2.305
-0.565
-0.628
-2.224
-1.599
-0.79
1.8536
-0.09
2.1155
-0.37
-0.347
-0.194
0.728
-1.0354
-0.5675
-0.709
-2.823
2.3999
1.7758
1.6874
-0.051
-1.2717
-0.6473
-0.482
-0.99684
-0.62
-0.8385
0.85281
2.589
-1.608
0.93989
-1.056
0.78569
1.106
1.13678
NA
1.47595
0.54761
0.4742
-1.7229
0.08483
0.6463
0.396
-1.3498
0.85825
-0.0802
1.662
-0.14916
1.9463
0.92883
-1.857
0.089
1.211
-0.90925
-2.487
1.63591
0.1522
0.74908
-0.36535
0.68516
0.228
-1.259
1.535
-2.017
0.5705
-0.26496
1.223
1.235
0.7867
-0.36
0.80726
-0.3812
0.1692
0.131
0.432
-0.752
-0.219
1.36031
NA
0.54028
0.3547
1.1303
-0.00965
-0.26549
-1.426
1.09622
-0.708
-0.9112
-0.485
-0.63882
0.09394
0.375
-0.633
-0.608
0.58
0.973
-1.11
1.558
1.389
0.8923
0.5005
-0.896
0.326
0.47382
0.95136
-0.929
0.53941
0.01997
0.2522
1.4771
1.163
-0.40201
1.65346
-1.66
1.137
0.394
0.984
0.625
1.04898
-0.14778
1.27
-0.38884
-0.14
-0.824
-0.24765
1.54659
0.305
-0.411
-0.046
0.677
0.4925
0.292
-1.272
1.0161
-1.244
-1.0741
0.00387
0.07055
0.3405
0.3655
1.26
NA
-0.21681
0.269
1.87
1.86329
0.211
0.892
0.236
-0.6017
-2.30593
-1.164
1.459
-0.19545
-1.364
-0.0782
0.8187
-0.526
-1.308
0.80321
-0.1364
-1.77
1.66
2.171
-0.587
-1.188
-0.7746
0.594
0.40967
-0.465
-0.462
-1.11049
0.58578
-1.3698
-1.2158
-1.12035
-1.10348
1.695
2.30026
-0.241
0.78601
-0.632
0.83383
-1.953
1.1112
0.06589
0.425
0.273
-2.136
1.45
-0.98504
1.529
-0.634
-0.403
-1.1739
-3.0718
-0.1447
-0.105
1.5507
1.39
0.3898
0.253
1.38
0.038
0.28817
-1.65743
0.096
0.185
0.233
-0.268
0.182
1.596
-0.4962
0.345
-1.40458
0.449
-0.497
-0.60873
0.459
-1.019
0.275
0.875
-1.043
0.022
-0.30545
-1.03
0.5867
0.96625
-1.97724
-0.8329
1.09129
0.6945
-1.54565
-1.17
0.6172
-1.2556
-0.045
1.93572
0.695
-0.23871
-1.437
-1.39534
-1.9078
-1.35
-1.1643
-0.32106
0.55353
-0.781
1.4423
2.7626
0.551
0.2334
2.4925
2.554
-3.6175
0.3761
-2.66656
1.0699
0.5774
-1.422
-0.679
-2.4374
1.5681
-2.0079
-0.1371
1.2552
-1.023
-0.191
-0.41
1.967
-0.808
0.527
-1.4345
-0.115
-0.81352
0.4107
1.00861
0.062
0.156
0.1692
-1.0266
1.9676
-2.446
0.0731
1.0231
0.36733
0.4606
0.69055
2.028
-0.6331
0.262
0.79597
1.4698
0.5048
-0.195
0.53063
-2.73
1.0181
2.657
0.8638
-0.528
-1.41791
-0.422
0.583
-1.528
1.966
0.553
0.43104
0.91684
1.46227
-0.162
-1.065
-0.965
-0.802
-1.161
1.77495
0.6992
0.16117
0.11642
0.534
-0.40582
0.892
-1.027
0.61383
1.74
1.28585
0.01593
NA
1.5964
-0.679
1.2969
NA
0.166
-1.0912
0.3032
1.27
0.8089
-0.443
0.719
2.417
1.8291
-1.322
-0.572
-0.484
0.648
-0.19012
0.831
-0.82026
1.189
-0.732
1.29896
-0.34764
0.84156
1.952
-0.404
1.79
-0.08
-0.99089
1.40644
-0.41332
-0.37336
-1.18
0.443
-0.734
-1.56
-0.56
NA
-0.892
-0.6982
-0.424
0.61166
-1.38413
1.0769
-0.664
1.01825
-0.85393
-2.388
-0.4403
-0.818
0.66829
1.491
-0.77352
-1.257
-2.47
-1.14
-0.0499
-0.534
2.0905
-0.5808
1.17
0.15
0.3204
-0.5289
-1.11769
-0.488
-1.991
0.7245
NA
NA
-0.54445
1.199
-1.601
-0.194
-1.249
-0.564
-0.0349
0.14011
-1.703
0.14648
1.64499
0.932
-1.66
0.836
1.046
-0.701
1.3348
0.984
0.05071
0.3483
-0.322
-0.028
-0.527
-0.474
-2.186
1.85
-2.8843
-0.924
1.486
0.703
-2.267
1.5098
-0.40919
-0.0555
0.26953
0.13619
-1.329
-0.85808
-1.4297
1.13374
-1.165
-0.10362
-0.06089
-0.02983
-1.86
-1.717
-2.1799
1.9388
0.559
-0.32041
-0.543
-0.684
-0.346
-1.1892
1.194
0.737
0.1889
1.54153
-0.44285
-0.1486
0.56384
-0.20391
1.48816
-1.215
2.596
-0.22753
-1.77794
1.10358
-1.0512
1.1625
-2.573
-2.13
-0.5097
0.5847
0.06502
0.584
-0.89
-1.158
-1.88133
0.372
-0.03043
2.07
-1.67
0.084
0.211
-0.711
-0.2963
-1.21
-0.6305
1.62606
-0.135
-0.91123
0.337
0.15873
-0.147
1.454
0.422
-0.235
1.67297
-0.35335
0.74301
-1.06583
0.705
-1.8211
-1.163
1.80265
1.14344
1.66198
-0.7842
2.07
1.35809
NA
1.57064
0.29779
0.29511
-0.4762
0.5167
-0.65112
0.73075
1.063
-0.43845
-0.081
0.36813
0.13878
-0.4298
-0.6154
2.031
-2.68175
-2.7396
-0.958
0.2351
-0.0959
0.788
-1.717
-1.085
0.4762
NA
0.24096
0.902
1.1018
-0.726
NA
-0.20438
0.526
1.07093
0.30253
0.4651
-0.19387
-0.966
-0.03076
1.203
-0.36216
1.12453
-0.9706
-0.81023
0.637
-1.764
0.087
0.828
0.49516
-0.934
-1.31992
-2.26942
0.52203
-0.04304
-2.10061
-0.635
-0.6559
1.15757
1.4362
-1.2318
-1.39418
2.76
0.164
0.629
-1.505
0.898
0.32758
-0.329
NA
0.817
-1.0966
-0.936
NA
-0.14
-0.06
-0.233
0.961
0.73
1.03629
1.01336
-1.0648
-1.507
1.58658
0.657
-1.5207
2.28
-1.652
-0.058
-0.2716
-0.39245
0.796
-1.872
0.36296
NA
-0.58953
-0.115
1.0076
-0.0916
-0.587
0.004
0.4602
1.34289
-0.70801
NA
0.55954
-2.08
0.25644
-0.31446
1.79921
1.364
-1.7054
0.90573
0.8685
-0.21024
-1.005
-0.867
2.056
1.1759
-0.13935
0.89159
3.76256
0.4987
-0.991
1.9496
-2.35494
-1.1931
2.054
0.36254
-0.577
0.87345
-0.105
-1.119
0.3598
0.6723
0.1081
-1.49
-1.723
-0.473
-0.74817
1.04567
-0.18398
2.93
-0.19478
0.979
0.79511
1.986
0.6491
-0.0865
0.472
NA
-0.015
0.8725
-0.135
0.11482
NA
-0.0737
0.00197
1.48546
0.4039
0.74692
0.41495
1.75326
-2.2415
1.62
-2.60964
-0.407
0.883
0.667
0.39807
-1.24
1.149
0.793
0.9613
-0.18039
-1.1423
1.65673
-1.53283
0.03082
-0.785
-0.43918
-0.27692
2.3686
-0.13105
0.70088
-0.372
-0.1024
0.71358
0.312
-1.26114
0.116
-1.16
-0.617
-0.0676
0.24582
NA
0.08191
NA
NA
-0.596
NA
NA
0.213
NA
NA
-0.837
NA
NA
NA
NA
NA
NA
NA
NA
NA
NA
0.729
NA
0.249
2.051
0.18007
-0.66425
1.03
-0.9589
2.922
2.922
-1.788
-0.73369
-1.4
2.1186
-0.655
-0.152
-1.66
-0.173
0.327
-0.45928
-2.55742
-0.717
-0.178
1.061
0.544
1.62
-0.029
0.438
0.9313
-0.1466
NA
NA
NA
-0.4885
-0.98483
0.769
0.597
-1.55101
-0.14552
0.663
0.933
0.482
1.41468
0.43843
-1.36733
0.289
-0.815
-0.24
-1.334
1.05427
-0.50051
-0.39771
-0.99813
3.00665
-1.255
-0.91864
0.8451
NA
-1.243
-1.115
-0.14
-1.09
-1.481
-1.559
-0.317
-1.475
1.286
-0.48661
-0.18792
0.97226
0.40645
-0.51051
2.52254
0.8044
0.9315
1.194
-1.344
0.319
-1.3815
0.45285
1.682
0.422
0.976
1.30191
-0.27545
0.309
1.44058
NA
-1.22912
0.33766
-0.57824
NA
0.453
-1.85
-1.13733
-1.01
NA
-1.91939
0.42978
-1.12
0.25958
-1.687
0.48649
0.64074
0.631
0.055
-0.6897
0.0368
-0.012
0.23478
0.42763
-0.08477
-0.144
-0.3762
0.53544
-0.02284
0.05979
-0.8334
NA
-1.44
1.24
-1.4769
0.019
-0.448
1.75536
-1.28631
-0.315
-0.16972
-0.29
-1.20647
-0.47506
-0.893
0.875
0.939
NA
1.8679
1.9078
0.6987
1.28
NA
-0.37439
-0.2772
2.9029
-0.277
-0.2078
NA
NA
0.06009
0.10225
0.274
-0.9839
-1.7035
-0.531
-0.1815
-0.4786
-1.28
-0.082
-0.77322
-1.02352
1.059
-0.633
-1.114
-0.19
0.18307
-1.081
-0.069
1.408
0.715
NA
0.452
-1.85961
2.35796
-0.0682
0.07
-0.63882
0.71668
2.45153
0.39336
0.32045
-0.34
-0.7079
0.73182
1.64
-1.44
-0.436
1.046
0.34
-0.89773
-1.16
1.536
-0.045
-0.3643
-0.764
-0.064
0.429
-1.742
0.492
-0.65401
1.579
-0.782
1.0754
-0.1905
-1.31
1.6939
0.6172
-0.16387
-0.1395
-1.05
3.14386
0.7899
1.19049
0.97389
0.3347
-0.87395
1.04427
NA
-1.00683
0.27549
0.00567
1.404
-1.0827
-0.414
0.6459
2.372
0.058
1.95784
-2.20757
-0.62486
0.5686
-1.522
-1.229
2.71824
1.03653
0.32568
-1.157
0.40988
1.15654
NA
-0.0936
0.667
NA
0.3759
0.64982
0.309
NA
-0.40343
1.68302
-2.8995
-1.38903
-0.456
-0.417
-0.65551
-0.404
0.16127
-0.98499
-0.902
-0.918
-1.208
0.08595
-0.0882
0.618
-0.815
-0.53
-0.09973
-1.522
1.1392
-1.358
-0.91747
NA
0.99826
-0.75264
0.01571
0.9278
-1.29
-1.37569
0.82741
NA
-0.486
-1.3526
2.06438
0.14838
-0.27619
-0.78164
1.129
-0.647
-1.993
1.85463
-1.072
1.45906
-0.00662
1.05656
-0.264
-0.031
-2.307
0.496
-2.652
0.268
0.931
-1.0759
-0.98086
0.70009
0.3416
-0.763
-0.5892
1.3
-0.447
-2.076
-0.763
0.182
1.89574
1.7495
-0.3302
1.856
0.2
0.57405
-0.86945
NA
-2.012
0.522
0.4518
0.488
0.29392
0.648
-0.652
-1.316
-1.879
-0.633
1.57194
1.05
-1.538
0.23
-0.781
-1.86995
-0.59429
-1.005
-0.403
0.652
-0.20098
-0.59692
0.39712
1.779
0.24315
-0.584
-0.2346
-0.186
0.983
NA
0.63539
-2.08
-0.388
-0.3401
0.48269
0.58935
0.3991
1.441
-1.41
2.07
-0.71108
-0.198
0.806
1.314
-0.00238
-0.438
NA
-0.48966
-0.836
0.6169
NA
1.06
-0.29292
0.044
-0.46132
1.811
-1.27244
0.57798
NA
-0.69732
-0.485
-2.126
1.326
NA
0.068
0.32887
0.68254
-0.0731
-1.41596
-1.9621
-2.095
NA
1.24
1.26758
-0.54786
-0.511
-2.414
0.292
0.375
1.76
1.876
-0.896
-0.096
-0.951
-0.744
-0.962
0.204
1.637
1.811
-0.0311
-0.954
1.409
0.93554
-0.922
-1.07772
1.50064
1.84
NA
1.32989
0.27206
-0.44829
1.99
NA
-1.385
0.0988
-0.528
-1.11
0.40973
1.17896
0.69736
-0.21774
0.853
0.36567
-1.35068
1.8893
1.3261
1.56
-0.703
0.30862
-0.35417
0.368
-1.7154
-0.41143
0.238
1.386
0.23271
0.73
NA
-1.607
0.93492
-0.955
-1.54
-1.48
-1.48
-0.7684
-0.98986
1.39733
2.129
1.118
NA
-0.0223
0.075
-0.07
-0.7935
1.1229
-0.42
-0.818
0.4571
NA
0.1079
0.67
-0.037
1.53334
0.17969
1.6252
0.67155
1.209
0.1589
0.64127
0.86547
0.903
-1.092
0.2069
-0.13896
-0.529
-0.687
-0.8
0.9066
-0.5199
0.435
-1.579
0.055
0.4298
0.78151
0.304
-0.78602
0.541
0.2793
0.4809
-0.4857
-0.06991
0.55986
1.184
NA
0.6372
1.159
-0.207
0.981
-1.78465
0.03861
0.03625
1.243
-0.647
-0.10311
1.08341
-0.372
-0.37468
NA
0.24019
-2.9097
-0.4752
0.3327
0.7927
-1.9749
0.0699
-1.189
0.326
0.258
0.4142
-0.1612
0.1482
-0.866
0.4335
-0.753
-0.505
-0.5257
-1.01551
0.41376
1.22028
1.018
-0.202
0.26247
-0.8155
-0.55321
0.387
0.524
-1.925
1.4072
-0.664
0.6188
-0.5111
1.94882
2
NA
-0.6235
0.8862
0.138
-1.7682
-0.34294
-0.926
-1.3462
0.01954
-0.174
1.764
1.57994
-1.128
1.328
0.0928
0.7456
0.4762
-0.3606
1.15994
0.185
-0.201
1.618
0.78676
-1.1351
0.2687
1.663
-0.014
-1.11
0.437
0.47997
-1.88267
-0.757
0.532
0.1974
0.72826
-0.194
0.058
0.738
-0.304
-0.445
0.475
NA
0.5821
0.315
1.2924
0.8858
-0.66906
0.0418
0.1876
-0.276
-1.199
0.4322
0.4574
-1.11
0.6144
0.138
-1.484
1.5808
-0.4369
-1.424
1.6335
-0.08
0.92921
-0.00107
0.9935
-1.03471
-0.2943
-3.3222
-0.9178
-0.989
-1.888
0.1086
-0.557
0.4753
1.2824
-1.5547
-1.0342
2.229
-0.45934
2.19755
0.2575
0.7519
0.2403
-1.47637
-0.955
0.43979
-1.0841
0.887
-0.57
-0.7916
0.479
-0.636
1.2483
0.955
0.162
-1.94
-0.66253
2.03138
-1.225
-0.224
1.822
1.201
1.741
-1.394
-0.6341
0.298
0.81
0.4149
1.073
1.9355
-0.2607
0.58
1.12103
0.506
-0.307
0.4614
0.6784
-0.2401
-0.16639
0.9255
-1.505
-0.842
-1.85534
0.351
-0.3966
-0.22102
0.163
0.801
-0.1652
0.10381
-1.34
0.391
0.4202
0.2451
1.34
-1.61
-0.983
0.1821
0.75362
0.232
-1.19
-1.69
0.333
0.363
0.756
1.42
0.00711
-0.57496
-1.4203
0.4304
1.23
-0.826
-0.497
-0.445
0.16
-1.37
0.657
0.8698
0.113
1.27
0.048
1.58
1.444
-0.8654
-2.2625
-1.6416
0.113
-1.202
-0.6421
-0.4957
0.445
0.2756
-1.7861
0.6485
1.9379
-0.1189
-0.015
0.2489
-0.792
-0.318
-0.7226
-0.5637
-0.2383
1.086
-0.9274
-1.3209
0.726
-1.136
-0.17024
0.053
-0.553
0.78528
-1.06
-0.52849
-0.234
-0.787
1.0369
-0.02373
1.26617
-0.18276
0.49366
-0.469
0.5652
0.82559
-0.1904
-0.0884
-0.95094
-0.12969
-0.648
0.5855
1.20037
-1.01
0.603
0.57369
-0.04
0.734
-1.68403
-0.123
0.028
-1.05268
0.097
1.214
-0.646
0.132
-0.09729
-0.3318
1.194
0.206
0.65058
-1.14349
0.43395
0.07303
0.32872
-0.07421
0.475
-0.17
1.559
-2.73279
-0.9328
0.172
-0.308
1.38296
1.182
1.41
0.32021
-0.948
0.66447
1.39
-0.3919
1.431
-0.3033
-0.96817
1.00082
0.123
-0.8429
-0.09888
1.75973
-2.0905
-0.368
0.155
0.82239
0.60065
1.39056
0.97973
0.89465
1.866
-0.86786
-0.74214
-1.795
-1.07019
0.672
-0.55973
0.64932
0.69
0.7454
0.53354
-0.3352
2.216
0.68604
2.09308
0.7556
1.01154
-0.063
-1.01038
0.57985
1.88392
-0.01016
-0.104
0.184
-0.92977
0.16489
-0.72534
-1.51625
0.4034
0.46228
-0.16
-0.39103
-1.02857
0.75241
0.29463
0.7058
-1.152
-0.47
-1.16328
2.26485
0.01568
-0.28853
0.03522
1.433
0.08767
-0.98475
-0.144
-1.1605
0.69
1.08329
1.23724
0.14575
-0.00136
1.27332
0.675
-2.16302
0.29835
0.71891
0.064
1.218
0.68
-0.89394
1.05143
-0.606
3.24863
1.73058
-0.734
0.428
NA
2.19251
0.005
0.69124
0.65147
-0.22052
-0.354
-0.94674
-0.855
-1.077
0.641
0.361
-0.80147
-1.68546
1.72794
-0.24877
-0.32
-1.415
0.11091
0.68492
0.48093
NA
-0.69504
1.71493
-0.2583
0.8068
-0.4887
0.644
1.3503
-0.404
1.089
-0.7412
-0.87362
0.89
-0.5
-0.74387
0.445
0.7329
1.32096
-0.483
-2.2396
-0.4612
0.3909
1.6935
-0.8673
1.10461
-0.2112
-0.23724
-0.57881
-0.9557
-0.594
0.43695
-1.746
-0.061
-0.367
0.908
-1.199
-3.36591
0.381
-1.89855
-0.236
-0.661
0.40305
0.74262
-1.112
1.07
-2.1356
-0.24867
0.54061
0.472
0.13176
-0.00804
1.16992
-1.15501
0.24304
1.452
0.0462
-1.787
NA
-0.6319
-0.0814
0.56897
-1.595
-0.582
1.05961
0.464
0.76426
-1.09
1.01118
0.43325
NA
1.663
0.155
-2.4551
1.78511
-0.75708
0.154
0.23615
1.441
-1.78808
0.64138
2.30975
0.4044
1.682
-0.66351
0.26907
-1.63443
1.4787
-0.61679
0.36016
0.66615
-0.29634
1.153
1.938
-0.66
-0.81097
-0.2375
-0.05137
-0.7443
-0.83969
-1.405
1.33
0.557
0.468
-0.56904
-0.2302
1.14181
-1.221
0.59485
-1.05
-0.358
-0.198
-1.40436
1.07
1.89055
-1.5984
0.217
NA
-1.33997
-1.0297
-0.19172
-0.454
1.6924
-0.43688
-0.51762
-0.891
-0.4624
-0.30907
-0.57
0.1362
-0.49148
-1.03313
0.083
NA
1.7
-1.81426
0.51314
0.922
-1.02176
NA
-1.18853
0.41934
0.2196
0.1316
1.61621
0.448
-1.2234
1.72247
-0.1814
-0.86913
-1.004
-1.3489
-1.19
1.28114
0.33441
1.80803
-3.58
0.126
-0.585
1.50815
-0.72804
0.4304
0.35852
-0.3646
-0.78857
0.085
-1.33789
1.54541
-0.01159
-0.56
-0.339
-2.14
0.252
-0.067
-0.057
0.32455
0.298
0.431
NA
-0.1499
0.14747
0.209
1.1595
2.098
-0.88932
-0.4063
0.54071
-2.179
1.556
0.55204
-0.98831
-0.1189
0.57266
-0.282
0.2
0.1047
1.059
-1.431
-0.476
0.37438
-2.51061
0.0166
-1.54
-1.64
-0.60381
0.05392
0.14
-0.734
-0.63411
0.385
-0.8119
-0.3182
-0.38492
-0.42961
-0.898
3.1033
-0.9588
-0.1445
NA
0.16563
0.6168
0.363
-0.255
1.299
0.689
-0.0394
0.713
NA
-0.7516
-0.00616
0.92901
1.02
-2.251
-0.51191
1.49
0.629
NA
1.5802
-0.445
-0.132
-0.8376
-1.3305
-0.1416
-0.3396
-1.18333
-0.958
0.071
0.0391
2.6219
0.058
0.505
-1.029
0.66382
1.17251
