-0.883
-0.031
0.302
0.42404
2.197
0.84212
0.06757
0.18681
0.361
-2.12696
-0.515
-1.202
0.966604
-0.425
0.214
-1.84949
-0.669
-0.032
-0.778
-0.986
-2.34061
0.58299
1.73
0.081578
-2.131
-0.797
0.50821
-1.25551
-0.42634
-0.43446
-0.32562
-0.648
-0.70573
-0.68754
0.70805
-0.112
0.17506
1.3
0.44277
1.139
1.144
-0.753457
0.998
1.331
2.355
-1.6385
-0.26514
0.05958
0.447
1.12801
-0.05383
-1.19
-1.24543
NA
1.985413
-0.505
0.242976
-1.245898
-0.956796
-1.36708
-1.176
-0.582
-1.339
-0.50415
0.2088
-1.734
-0.0389
-1.00973
0.556
0.36894
2.545
-0.4954
-0.62099
0.4731
-1.31844
1.20354
2.583
0.643
-3.07
0.33585
-0.86479
0.546
-0.35614
-1.0559
-0.878
-1.64017
-0.375
0.532
-1.036
-0.46
-0.59311
0.808
2.616
0.7983
-0.00402
-2.127
NA
2.7
0.29731
-1.83958
-0.654
0.679
1.40623
0.9181
-0.38655
0.1778
0.7464
0.37
-0.8766
-0.039641
-0.31169
-0.10993
-0.63715
-1.52753
1.712
0.246
0.26561
0.322
-0.62493
1.365
0.82622
-0.559
-0.9097
-1.5649
1.175
0.432
1.37373
-0.65712
1.66778
0.30909
1.965
-1.02994
-0.90926
-0.565
0.36522
1.94324
0.196
-0.3105
-0.76423
-1.6544
0.0283
1.55084
-1.073
0.63993
-0.3692
0.887
-1.615
-0.381
0.0423
0.51455
-1.326
1.608
0.14033
0.2695
-0.3655
-0.778
-0.09774
0.291
0.165
-0.098
1.116
-2.96337
0.68355
-0.42748
-1.56747
0.493
-1.6954
-1.16387
0.909
-0.196
0.815
-0.264
0.49511
-0.587
-1.20358
1.07418
-1.51546
1.326
-0.66616
0.7138
-1.437
1.5756
-0.7192
1.17523
-1.7441
-2.051
-0.07023
0.1699
0.478
0.89641
0.36625
2.703
0.8986
-2.488
-1.37387
0.5194
-1.16726
0.965
-0.93171
-0.8825
0.733
0.652
-0.6577
-1.04006
-0.052
0.538
-0.1145
-1.26785
-0.09092
-1.03225
0.036
-0.4189
0.2244
-0.362
0.78038
-1.43775
-0.71462
-2.0134
-1.61795
0.81
1.126
0.10256
1.13225
0.666
-0.8235
0.34146
-1.09
-0.1223
0.68055
0.1235
0.411
1.36135
-1.4997
0.75579
-1.764
0.01808
0.0103
1.148
-2.033
-0.88715
0.174
-1.753
0.10158
-1.42085
1.632739
0.053455
0.913886
0.22592
0.575
0.19839
-1.26703
0.5346
1.325
1.057
-0.10319
-0.36803
-0.23483
-0.8547
1.44913
1.731
1.356
1.1933
0.055
-0.32885
0.798
1.378
-1.678
0.476002
0.5651
-1.66351
-0.45045
-2.2768
1.04289
0.62765
-2.0444
0.1462
-1.75425
1.388
-0.48512
0.028
-1.2512
0.449
-0.81764
0.02419
-0.19512
0.2067
-0.4057
NA
-0.66895
-1.426
-1.018
-1.822
-0.01947
-1.3992
0.142
0.88974
-0.52124
0.493
-2.002
-0.4196
0.6697
-0.76614
0.0077
-0.27805
0.805
1.661
0.18613
-0.53818
0.579
-1.271
0.802
-0.417
0.054
0.738
-2.46463
-0.75725
0.073
-0.6844
-0.28407
1.47358
2.51402
0.24191
-0.382
-1.36676
0.581
1.24
1.3311
0.577
0.13651
-0.0565
0.904
-0.02406
0.928
2.264
-0.198
-0.43495
1.561
-1.07003
-0.373
0.53821
0.272
-0.1327
-1.60262
-0.49814
0.301
0.336296
0.211
0.4127
-0.8214
-1.97213
0.32498
-0.64264
-0.6453
-0.18179
-1.35
-1.486
0.703
-1.6223
2.586
0.9289
-2.809
-1.27516
0.524
0.364
-0.3637
-0.3271
0.5722
0.716
1.3649
1.7624
0.055
1.251
0.886
0.9696
-0.327
0.197
0.19083
-1.628
0.77491
0.84954
0.9727
NA
0.385
-0.7781
-0.362
-1.635
0.39388
0.66075
-0.03059
2.579638
2.844
0.544
3.4384
0.3553
-0.2564
-0.3071
0.2018
-0.9318
-1.3637
0.247
-2.65954
-0.742407
-0.55656
0.27041
-0.29046
-0.732
-2.24944
-1.53
-0.511
1.27365
0.55942
0.32305
1.48107
-0.322
0.697
0.2545
0.746
-0.762
0.951
0.80674
NA
NA
0.079
-0.70571
0.0719
-2.1541
0.60509
0.23464
-0.00795
-1.029
-0.62
-1.201
0.56704
-0.05703
-0.06829
0.51
-0.22552
0.97801
0.346
-1.94
-0.922
-1.17024
-1.407
-0.31442
-0.40123
-0.25791
1.053
0.346
0.101
-0.32
0.58621
2.15597
0.62847
-0.811
1.65492
1.24
1.192
3.16217
0.65
0.32552
-1.52889
0.669
-0.669
0.58916
1.38894
0.37895
0.012
-0.92891
-0.72852
-1.993
-1.018
-1.302
-0.39755
-1.72295
0.173
0.48996
0.3929
0.6674
1.295
0.9457
-0.5197
0.803
1.5196
-0.5463
-1.024
1.419
1.1023
-1.6524
0.57102
1.1878
1.4963
-0.242
1.443
0.8462
-0.862
0.649
1.5258
-0.3799
0.623
-1.6694
-1.1607
-0.253
-0.34
0.578
-0.9511
0.232
0.1039
-0.025
1.8207
1.183
0.13
-1.1231
-0.4249
-0.1064
2.0378
0.0462
1.505
-1.5698
0.1521
0.153
-0.9046
0.721
-0.0587
-0.398
0.437
-0.17792
-0.2704
0.91613
-1.90352
-0.871
0.66219
0.003
0.50194
-1.95511
-0.91173
-0.311
0.35
0.84017
-1.63003
0.521
0.4
-0.514
0.73848
-2.10684
-1.29
0.0961
0.03208
1.027
-0.501
-0.25977
-0.616
-0.16591
1.88622
-0.366
-0.33262
-0.228
-0.29038
1.68523
-1.03776
-0.6678
0.37038
-0.22816
1.396
-0.91791
-0.39186
0.3626
0.71146
1.626
-0.264
1.356
1.182
1.19236
-1.55276
-0.582
-1.625
1.3507
0.607
-0.313
0.8785
-0.026
2.3178
-1.3382
-2.8813
-0.211
0.4183
-0.505
1.1804
-0.0352
2.619
-1.162
1.0062
-0.2289
-0.88704
0.3696
-0.1181
-1.27167
-0.53787
0.14512
0.784
-0.174
0.22076
0.62358
3.22119
-0.322
-0.67941
0.46127
1.724
0.35213
-0.388
0.345
-0.34001
-0.83978
-0.59515
0.11897
-0.36364
0.907
-1.87928
0.34563
-0.35346
0.552
0.518
0.49717
1.91549
-0.806
-0.348
1.13234
0.336
-0.86339
-0.443
-0.68729
-0.25112
-0.025
0.325
1.40218
-1.155
-0.98908
1.17471
-0.797
-1.41052
1.46541
-2.357
-0.49355
-1.47168
1.10729
1.671
-0.828
0.593
0.87913
-0.78973
-0.65807
1.17315
2.0252
0.5899
-0.24753
-1.719
-0.411
-1.165
-0.39224
0.276
-0.63462
1.18576
-0.21418
0.83714
0.47981
-2.60985
0.31796
0.07258
0.06314
-0.68921
-0.37474
-0.22328
0.01726
-1.61991
1.4855
-0.36819
-1.15548
0.592
0.75035
-0.30108
-0.31419
0.52921
0.8224
-1.659
0.5646
-0.406
-0.5971
-1.167
1.048
-0.999
-0.5534
-0.0974
0.0372
-0.8652
0.004
2.0651
-1.607
-0.4016
0.143
1.331128
3.209
-0.165706
-0.422832
-0.837429
-1.369073
1.755
-0.003
0.539
-0.968963
-0.409919
0.902
0.057224
-0.305425
-0.175
-0.402389
0.134229
0.549
0.512
-0.541808
-0.812803
-0.909
0.251
0.974152
-1.269627
-0.35715
-0.31445
0.29358
0.34574
0.393
-1.27788
1.62064
-1.24803
1.86835
0.50842
-0.438
0.97679
2.207
-0.665
-2.97621
-2.373
1.095
-1.34512
2.29028
1.09617
1.15658
-1.22525
0.01421
0.05
0.39776
0.191
-0.693
0.992
-0.39199
0.02757
2.184
1.554
-0.3
1.0982
1.9571
0.6511
0.0859
-0.391
1.7001
0.254
0.101
0.8011
1.3626
0.466
1.2048
0.5203
-1.119
0.501
0.4843
-0.583
0.5661
0.908
-0.4226
-1.043
-0.9235
2.3732
-0.2484
-0.462
NA
0.30819
-0.29
-0.83272
0.269
-0.30847
-0.263
-0.288
-1.67529
-0.69019
NA
NA
2.31274
-0.89099
NA
-1.419
0.708
-0.51979
0.059
-0.565
-2.254
-0.94381
-1.379
0.068
-0.12624
-0.53176
NA
-0.50077
1.14596
-0.80885
-0.257
2.128
-0.41786
0.418
-0.26738
-0.64803
-0.20554
0.09531
-1.30733
-1.65815
1.32497
1.02129
1.123
0.7069
-0.355
0.60605
-0.121
1.526
-1.47943
0.367
-0.609
-1.05484
0.15133
-0.97123
1.34156
1.44078
0.659
0.787
-0.472
1.41042
0.384
1.26234
-0.642
-0.251
-1.02519
0.512
0.875
1.33608
0.895
1.466
-1.466
0.34497
-0.64312
-0.269
0.22614
0.18415
-0.998
0.13772
0.54479
0.13249
-1.03243
-0.90547
-1.41597
1.56244
0.54775
0.01919
0.906
-0.56132
0.647
1.94863
0.089
0.78515
0.497
0.7784
0.66
-1.28168
0.30299
1.46367
-0.521
-0.43
0.2449
0.81
0.016
1.121
0.97428
0.47847
-0.291
2.91883
-0.30269
0.458
-0.20252
-0.35823
0.55825
-0.20144
-0.0073
-0.82815
-0.02338
-0.759
1.50152
0.46705
-0.55564
1.405
0.069
-0.84314
1.684
-0.439
0.35198
0.42815
0.09596
-0.808
0.1445
0.326
-1.748
1.786
0.54748
-0.6263
2.57528
0.017
-0.23
0.13541
-0.26344
-0.578
-0.262
1.2577
2.61957
-0.15
-0.188
1.22042
0.155
-0.00556
0.755
-0.89
0.113
1.686
-0.048
0.262
0.033
0.232
-0.829
-1.41442
2.19
-2.7822
-0.833
-0.15216
-2.12746
-0.3053
2.74341
-0.56654
-1.04437
0.69034
-0.06878
-0.35694
0.36446
2.54392
2.716
-0.9783
0.611
-0.69586
2.18625
1.19412
-0.789
-0.9244
0.38
-0.0966
-0.8034
0.6478
0.2483
-0.7633
0.329
1.48353
1.4853
-0.96
-1.404
0.2464
-0.5879
0.303
0.61655
-0.598
-0.02471
-2.49921
0.91771
-2.197
1.67925
-0.357
0.21991
0.27635
-0.85482
1.08319
-1.4789
0.7453
0.1617
0.60965
2.857
0.949
-0.38184
-0.58914
2.096
0.8115
0.678
-0.229
-1.294
0.41899
0.488841
-1.43492
-0.37887
-0.6933
-0.3158
0.4978
-0.314
0.531
0.818
0.88517
-0.78
0.77809
0.47832
-0.82
0.80367
-1.077
0.665
-0.184
-0.5253
-0.882
1.02991
1.1517
-0.761
1.313
-1.02319
-0.94084
1.3853
1.62138
1.07
0.23872
-0.6602
-0.28738
-0.67564
0.12348
-3.09015
1.54274
-1.52756
-1.19524
-0.395
2.35321
-0.10266
0.96257
-0.448
-0.8796
0.1525
-0.7278
0.7686
-0.265
-0.04972
-0.31686
0.517
1.2136
-0.552
-1.35547
-0.46
-1.041
0.32864
0.43809
0.93726
0.71633
-2.158
1.088
1.644
1.113
-2.703
2.945
1.1392
0.1571
-1.6024
-1.6323
-1.927
0.7927
-0.265
-0.09846
-0.54751
0.689
-0.60416
-0.346629
-0.71951
-0.48
NA
0.232
NA
2.051
0.16288
NA
NA
-1.47597
-1.377
0.403
1.39
-1.111
0.008
-1.141
1.899
-0.47271
1.3395
-0.30855
0.798041
-0.7
0.468
-0.41558
1.47923
0.88882
2.394
1.493
0.127
0.17908
0.31646
1.63949
1.3793
0.2964
-0.4577
0.132
1.4227
-0.3735
-2.6458
-0.304
-2.33673
1.879
0.191
-0.175
0.604
-0.506
-1.35397
1.418
-1.929
-0.63
-0.7741
0.6368
0.7918
-1.42325
-2.34844
1.48969
-0.32941
1.47062
1.88
-0.615
1.216
-0.8616
-1.11822
1.01128
-1.196
-0.865
0.48584
0.819
-0.198
0.3643
-0.33201
-1.58946
1.38883
0.904
-0.80039
-2.13845
-0.969
-0.326
-1.56834
-0.28139
2.08575
-0.183
1.44941
1.257
-0.026
-0.20375
0.43026
0.2095
-0.94161
2.31569
-0.754
-0.486
0.294
-1.223
-1.36889
0.351
0.04535
-1.637
-0.49891
-0.04847
0.07389
-0.431849
-0.115056
-0.2429
-1.736
-0.244
-1.077
-0.5349
0.522
0.05239
0.06431
1.964
-0.496
-0.38552
-1.249
1.2981
-1.03226
0.133
-0.557
-0.12049
1.038
-0.888
-0.33394
0.888
0.50849
1.77664
-0.495
-2.1026
1.0256
-0.05749
0.614
-1.044
-0.531
0.25947
0.21789
0.171
2.10874
-1.928
1.105
-0.16273
-1.2902
0.16121
0.47069
0.91132
0.08306
0.37437
-1.212
0.33326
-0.3594
1.8336
0.34134
0.694
1.65112
0.81223
0.40722
0.041
-1.535
0.247
0.926
0.29151
-0.978
0.949
1.33929
0.009
0.6595
-0.643
1.79
1.264
1.2597
-0.126
-0.119
0.71183
-0.5994
-0.494
1.30447
0.823
0.228
-1.38208
-0.0236
-0.60415
0.20384
0.41862
0.31
-0.232909
1.26024
0.43842
-1.28613
1.48576
-0.142433
0.743
-0.180033
-0.671841
-0.97241
0.3881
2.47632
-0.63437
1.119
0.091
-1.547
0.1139
-1.298
-2.05497
-0.241
1.71591
0.803
1.306
-0.08991
-0.28529
3.338
-0.12813
0.447
-2.5977
1.519
0.4104
0.0306
-0.93669
1.58226
1.27805
-0.6905
1.89496
0.69491
-0.7814
0.244
0.612
-0.011
0.86666
-0.84
0.8482
0.2442
0.10911
0.39278
0.8056
-0.366
0.4307
-0.2295
-0.1928
-0.91691
0.15348
-0.683
-1.00984
-0.34268
-0.01658
0.747
-0.44974
-0.72238
0.19277
-0.773
-1.2791
-1.0336
-1.0029
-0.213
0.5696
0.3492
-0.5463
1.4802
0.234
-0.6784
-0.12687
0.492
-1.166
1.018
-1.0958
-1.2385
-0.17017
2.272
0.373
0.638
1.48648
-1.29414
0.122
0.5357
-0.2432
-0.6285
0.40636
-0.22591
0.182
0.0777
-1.7655
0.2523
0.22799
0.797
-0.7636
0.596
0.423
1.401
-1.952
0.639
-0.71645
-1.09451
-0.29229
-0.847
0.58445
NA
-0.0698
-0.558
-0.27403
-0.1857
1.134
-0.2162
-0.962
-2.52906
0.7349
0.72054
0.15844
0.544
0.20135
0.30259
-0.39218
-0.389
-0.3131
-1.20015
-0.609
1.40213
1.7059
-0.033
-0.425
-1.4098
0.7121
-1.29256
-0.498
1.140911
-0.265992
-1.657504
0.796
-2.47735
-0.095
-1.46959
0.89551
-0.5036
0.65491
0.483
0.754
1.56684
-0.09361
-1.247
-1.87496
1.286
-1.34291
0.30853
-0.06441
0.288
1.727
-0.15055
2.417
-0.45141
0.57732
0.47222
-1.964
3.74775
NA
0.98
-0.5481
NA
NA
NA
NA
NA
-2.45777
NA
0.5
-1.315
-1.126
-0.4886
0.896
-0.80473
-0.6328
-1.77997
0.05
0.90304
-1.2034
-1.614
0.894
0.32736
0.07316
-1.19389
-0.30202
0.057
0.66784
-0.06436
-2.20238
-0.427
-0.002
-0.6626
0.5315
-1.2257
-0.4806
0.746
0.676
-0.5244
0.5205
0.1672
-1.1494
-0.3465
2.2763
0.915
-0.97
1.55127
1.10267
0.77693
-0.242
-2.84243
-0.88631
-0.36935
0.47688
-1.11
0.2101
0.628
0.99395
-0.7235
0.54219
2.18159
0.55383
-1.199
-1.675
0.01986
1.323
-1.14989
-0.6293
2.239
-0.377
0.4982
1.4375
-2.1618
-0.396
0.276
-0.2702
1.1266
0.258
2.795
1.0915
2.1802
-0.6597
-0.826
-0.545
1.9
1.0914
-0.1846
-0.6597
0.151
0.34371
2.27706
1.4371
1.039
-1.1887
0.377
-0.2092
-0.586
NA
0.151
-0.93028
0.05132
0.17899
0.258
-0.00492
-0.8398
-1.7928
-1.58964
-0.154
0.191
-0.13189
-1.38509
-1.24026
2.70512
-0.2378
0.655
0.91618
0.67574
-0.59785
-0.0264
-1.37235
0.27734
0.319
0.32616
0.698781
-0.95776
-2.028
0.26724
1.113
0.614
0.104659
1.866448
1.994
-1.310985
-0.455
1.683
-0.226
-1.2207
-0.7187
0.225114
-0.603583
0.716958
-0.668812
-1.321778
-2.436963
1
-0.2499
0.179
3.269
-0.861
-0.0639
-0.27177
2.1294
-0.08
0.71132
-0.0062
0.6786
-1.127
0.5079
2.51784
0.886
1.072
-1.013
3.051
1.059
0.53101
-0.125
1.186
0.54837
-1.62793
0.0568
-2.77727
1.31204
-0.722
0.095
-1.813
0.08068
-0.66313
0.31173
-0.618
0.22635
-0.06204
-0.07653
0.27387
1.799
1.46146
-0.01147
0.5923
-0.99
-0.08519
-0.61909
-0.41953
-0.044
-1.15607
0.19137
-0.42221
1.28909
0.2218
-0.45727
-0.72493
0.04965
-0.07
0.21438
0.17467
2.20687
-0.057
-0.777
0.06013
-0.738
-0.821
-0.00111
1.76712
0.667
0.4453
0.782
0.48508
-0.469
-0.53962
-0.82828
-1.286
0.295
-1.41753
-1.37029
-1.27508
0.13
0.01947
1.25388
0.6696
-0.072
-0.35547
-0.858
-0.218
0.23202
0.21
0.95972
-0.7199
0.36377
0.014
-0.217
-0.877
3.181
-3.16148
0.16666
-0.73982
-1.09859
0.27188
1.49137
0.833
-0.898
-0.11408
0.72039
-0.80659
-0.27807
-1.04347
0.44046
0.71309
-0.83443
-0.677
-0.03918
-0.95269
1.238
-0.486
-0.90577
-0.757
-1.53369
0.53561
0.778
1.949
0.089
NA
-1.58009
-2.57241
0.21339
NA
-1.445
-0.06028
-0.04144
0.77002
1.099
-1.03693
-1.062
-0.736
0.08498
-2.42
-0.40398
-0.00155
0.895
-0.41058
-1.59368
-0.19633
0.701
-1.3928
-0.33596
NA
-0.25256
2.10668
0.728
1.163
-1.5775
0.051
0.0285
0.8994
-0.6322
1.186
1.26
-0.428
0.086
0.2366
0.816
0.81
1.8995
-0.23047
1.59262
-0.87561
-1.31038
1.32033
-0.27366
0.34636
0.61219
0.23037
-0.85369
1.996
1.231
2.225
-0.7331
-0.242
0.47
-0.647
0.6293
1.1186
-0.863
-1.2831
-1.3527
1.362
-0.729
0.30523
-1.01338
-0.93467
-0.89684
0.53388
-0.34643
-0.732
-0.9054
-3.235
-1.3051
0.534
0.92846
0.1089
2.20037
-1.54332
-0.5421
-0.23831
1.934
-0.83216
-1.3912
0.52126
0.088
-1.24062
-1.0346
0.0595
1.17156
-0.1503
-0.46583
-1.1033
1.2451
0.6953
-0.36
-0.7663
-0.1642
1.07481
-2.37875
-0.69281
-0.171
-0.72995
-2.3247
1.197
-0.54226
0.384
-0.29836
-1.834
0.95172
-0.184
-0.794
-1.6967
-0.14234
-1.2589
-0.7234
0.023
-0.73188
-0.11968
1.314
-0.51791
2.235
0.5151
0.501
1.39855
0.40896
-0.236
-1.32651
-0.81466
1.188
-0.9736
0.48942
0.668
-0.59723
0.64699
0.282
0.76
-0.77492
-0.253
-0.11195
-0.14042
0.06705
2.40895
0.34431
0.548
0.54387
1.706
-0.29943
0.17349
1.07604
2.48759
-0.9941
0.89487
-0.68359
-1.458
0.00488
1.95895
0.853
-0.714
2.457059
1.1368
0.547
-0.74164
-2.04809
-0.12029
-0.15
2.086
0.415
-1.848
0.0103
-1.8609
-0.4339
1.373
-0.6248
-0.263
-1.104
0.6418
0.54
0.94364
0.626
0.35593
0.876703
-0.839
0.869
0.526
-0.35082
1.40688
-0.76529
-1.359
-0.93946
-0.926
0.29908
-2.259
-1.449
-0.478
-2.138
0.0689
-0.56
0.9692
-0.3141
1.23668
2.368
0.333
0.491
1.00491
0.13
-0.912
-1.34
1.7525
0.6243
-0.153
0.5785
0.5475
-0.147
0.7165
0.15126
1.5256
-2.04747
-0.8905
-0.36082
-0.8493
-0.9817
0.82858
-1.386
-1.24489
-0.18906
-1.42794
0.015
0.7158
-1.442
-0.5668
0.89011
-0.34038
-0.34273
-1.6663
-0.5924
-2.19
-0.549
0.60883
0.864
-0.84
0.726
1.86205
-0.08908
1.11226
1.722
0.35832
-0.7722
1.417
-2.13103
0.749
-0.79487
-0.81112
-1.76984
-1.10571
-0.02815
-0.09063
-0.39065
-0.3395
-2.697861
2.879
-1.3595
-1.056
0.4412
0.1824
-1.2668
0.19993
-0.438
-1.02397
-0.8444
0.677
-1.37878
1.165
1.32217
-0.871487
-0.227
-0.18688
0.77621
NA
-0.53321
-0.0467
-1.48102
0.632
1.295
-0.2019
-0.552
0.533
0.4104
0.7756
-0.0231
0.1585
-0.728
0.5175
1.3439
1.722
0.4103
2.17483
0.25871
1.002
-0.488
1.81084
-0.00598
0.12837
0.819
-0.64501
0.33086
-0.91064
-0.4387
0.869
-0.5547
-0.432
0.5311
1.333
-1.00008
-1.398
-0.5379
-0.515
-0.67788
0.438
-0.07475
1.34129
0.991
1.221
1.065
1.37211
0.39903
-0.3698
-1.589
1.367
-1.07186
0.039
-0.40157
NA
-2.053
1.00773
-0.972876
-0.16837
1.46253
0.949
-0.60668
-0.5355
0.67979
0.71953
-1.284
0.3883
1.16269
-1.33359
0.512
-1.0638
1.9
1.59236
0.73853
1.821
1.38753
3.03582
0.04963
0.76418
-0.995
0.12784
0.536
1.41195
-0.47
-1.154
0.27804
1.766
0.041
-0.71029
-0.558
-1.47633
0.382
0.23525
0.79402
1.16721
-0.04013
-0.103
-2.03214
-1.168
-1.373
-0.68998
2.69542
0.60995
0.793
0.761
1.85083
-0.74038
-0.518
-1.136
0.45187
0.721
0.43907
0.48366
0.35206
-1.307
0.11137
-0.63142
1.253
1.92847
-1.16191
0.65152
-0.981
2.18533
1.717
-0.34127
-0.762
-0.00557
0.478
-2.45581
-0.19974
-0.21522
1.505
1.44131
0.819
-1.12636
0.22951
1.273
-0.1332
1.65625
-0.124783
0.34
-0.024
1.68211
-0.565
-0.35047
0.011
0.18186
0.50858
0.16062
-0.246
-1.451
-0.977
-0.19199
-0.13022
1.55447
-1.16
1.79246
0.35976
-0.889
-1.775
-0.347
0.7208
-0.44615
-1.721
-0.68295
-0.709
-0.933
2.07787
0.2429
-0.24107
-1.34406
-0.869
0.7583
-0.44829
0.17742
-0.086
-1.564
0.059
-1.313
2.14725
-1.57886
0.62705
0.13282
-0.043
-1.70247
1.106
0.06133
-1.76572
-0.42413
0.186
0.241
1.141
-0.64336
0.639
0.89131
-0.56714
0.114
0.26094
0.5017
0.78672
1.165
-0.00334
0.65413
0.484
-0.40077
1.19
-1.44
1.0778
-1.3131
-1.40788
1.43646
0.03933
1.1632
-0.09714
-0.183
1.04486
-0.05094
-0.346
-1.136
1.503
0.961
0.1401
-1.265
-0.949
-0.238
-0.19745
-0.306
-1.777
0.3701
-0.3233
0.4214
2.03
1.417
1.235
0.22616
1.2862
0.4832
0.3199
-0.4852
-0.8583
-1.204
0.37359
0.0226
1.048
0.9992
0.3336
-0.781
-0.7864
0.794
-1.024
-0.923324
-1.52
-1.817393
-0.2972
1.033
0.854
-0.4556
0.83078
0.389
1.06279
1.52607
-0.644
-1.10899
1.148
-0.485
0.448
-0.51281
-1.2011
0.601
1.4351
-0.59704
0.72167
-0.548
-0.13421
-0.502
1.266
1.02924
-0.581
1.43363
-1.48016
-0.523
-0.834
-0.153
-0.58284
0.584
0.22364
0.2151
-1.16368
1.7418
-0.531
0.98
0.27667
-1.174
-0.56849
0.31784
2.3367
-0.7772
0.62301
-0.37026
-0.49369
1.43335
-1.417
1.163
2.20257
-0.825
0.752
0.736
-0.645
-0.855
1.08439
0.36492
-0.35632
1.207
-0.892
0.984
0.16114
0.85028
0.915
-0.101382
1.70354
-0.421
-0.968
-0.42409
1.563173
-0.105662
-0.27562
-0.49776
0.73994
-0.29216
0.37487
-2.05226
-0.86602
0.274
0.96827
-0.69288
0.12699
-1.25658
-1.4607
-0.36342
-0.7983
-0.64936
0.49581
-0.006
1.43112
NA
0.467
-1.602
0.86539
0.39488
-1.216
1.2598
0.003
0.269
0.02807
1.05139
0.01629
0.0878
0.15991
-0.159
-1.202
-0.91719
0.99663
0.11945
0.105
0.068
-1.1435
1.999
0.091
-0.37414
0.745
-0.01404
1.866
0.408
0.22116
1.255
-1.568
-0.748
-0.67477
1.36558
-1.77
-0.29
-0.6768
0.199
-1.39897
0.15252
-0.82106
0.338
-0.55687
-0.535
0.45927
-0.71059
-1.2098
0.703
-0.462
-0.863477
0.4287
2.22766
0.99865
-0.97
1.31404
-1.279
1.695
-3.49524
-0.059
-0.797
1.328
1.962
-2.069672
0.251
0.667785
-0.56718
-0.191
0.0737
0.53754
1.17
-1.7456
1.645
-0.93067
-1.881
-0.7734
1.22938
0.238
-1.71044
-1.007632
-0.427
0.62382
-0.52
1.65198
-1.6823
-2.14247
-0.9651
-1.04884
-0.404
0.958
-0.105
3.4417
1.17181
1.98438
0.16882
1.97313
-0.34502
0.169
0.679
0.6258
0.13549
1.056
0.64803
-0.068227
-0.97357
0.54865
-0.726
1.23487
-0.103
-0.051
0.56278
-0.81058
-0.86
-1.50425
1.682
-0.953
2.8746
-0.00307
-0.2079
-0.094
-0.7605
0.179
1.56628
0.52262
0.164571
-2.39578
-0.47307
-1.706
0.129
0.275
0.193
-1.043
0.068189
1.55414
-0.28464
2.373
-1.86171
-1.612
0.06139
0.47483
-1.168
0.55
-0.87164
-0.21406
-1.0671
0.96452
-0.2745
-0.7098
0.869
-0.722
0.182
1.1255
NA
0.979
0.75326
1.538
-0.89782
-1.01412
0.88726
0.42819
0.21327
0.253428
0.48903
1.49059
-0.5304
-2.04856
-1.404
-3.02703
-2.27915
0.643
-1.02237
0.3651
-0.43985
-0.1335
-0.674
0.88189
0.6901
-2.4422
1.415
2.633
0.23157
0.37074
0.51517
0.398
-0.109
0.916
-0.34736
0.51401
-1.494344
0.955
-1.86661
-0.246
1.733
-0.19929
-0.724
-1.182
1.19286
0.039
-1.3654
-2.0363
1.303
-1.023
-0.83181
-0.58763
-0.40588
-0.05262
2.37
0.881
-1.482
-1.627
1.69328
1.312
-0.60481
-0.44269
-0.20193
1.76402
-1.72338
-0.81838
0.68502
-1.32877
-1.7858
1.8691
1.6996
-1.15154
0.97602
0.28706
0.573
1.552
0.63821
-0.1968
0.96811
-0.969
-0.532
0.52616
-1.17986
-0.44838
1.93666
-1.567
-2.57528
-0.6751
1.189
-1.231
-1.105194
-1.213
-1.238
-0.69373
0.952
1.78766
-0.068
1.23794
0.2783
-1.6602
-1.03174
-0.291
-1.1201
-0.867
0.5553
-0.14659
-0.7146
1.43326
1.233
0.068513
0.3938
1.00749
-0.525
0.5595
-0.123003
-1.46541
0.11
-0.38049
-0.17126
0.939
2.305
1.409
0.565
2.05368
1.4178
2.0507
-0.069776
NA
1.4939
1.69568
1.069867
NA
0.111
-0.96913
1.20054
-0.58602
-3.0687
-2.402
-0.4319
-0.261
-0.909
1.842
-2.72355
0.376
1.98739
-1.0194
1.0025
-1.012
-0.133
0.65345
-0.3852
-0.894193
-0.58156
-1.51075
0.52103
2.388
-0.27251
1.25187
1.501
-1.8397
1.42295
1.70318
0.04678
-0.27989
0.24785
-0.158
1.191
-0.43882
-2.002
0.57157
0.03
0.3791
-1.623
-1.46994
0.11047
0.455
0.465
-0.297
-1.045
0.03793
0.55466
1.0553
0.019
2.693
1.41835
0.08
-0.00505
-0.72003
-0.029
-1.69957
0.038
0.578857
0.3749
-2.39285
0.157
-0.350923
1.641
-0.18919
1.95587
0.10732
-1.695
0.325
0.10639
-0.21515
-2.194
-0.566066
NA
-0.11659
1.975041
-0.71815
0.63759
0.0726
1.2131
0.61351
-0.4183
0.6481
-1.38694
0.29323
0.33711
-1.657
0.887
0.048
-2.84328
-0.898
0.26201
-0.91999
1.491
-0.70452
-2.11281
-1.99032
-1.141
-0.6682
-0.63119
-2.163
-0.625
-1.214
2.04101
2.22626
0.4922
0.266
-0.82252
-0.97141
1.475
-1.20321
0.4426
0.34124
0.47196
-0.64204
-0.045
-0.488
-1.979
-1.991
1.382081
0.34878
1.224
1.2316
-0.06352
NA
-0.738
-0.39362
0.64007
NA
1.262
0.18421
-0.790373
0.76911
0.11226
-1.1985
0.08822
0.477
-1.011
0.682
-0.28402
0.6559
0.665
0.71228
1.47852
-0.06843
-0.3362
1.69464
0.083
0.224
0.103
-2.46348
-0.0778
1.39526
1.572
1.98284
1.107
0.788
0.5651
-1.492
1.049
-0.64644
-0.883721
-0.873345
0.531108
-0.69
-1.21816
-0.09196
-0.322
0.82752
-1.071397
0.1958
-1.15003
-0.59689
0.522
-0.49603
-1.03898
-1.23938
-1.11537
0.67323
0.641
0.82311
-1.6436
0.118
-1.143
-0.107
1.486
0.98697
-0.4383
0.077
1.34579
1.44369
0.3711
0.30474
1.2286
-0.444
-0.54
0.66124
-0.4967
0.502
0.1703
0.31
-0.03763
-1.404
-0.09999
-1.269
-0.615
1.37122
-1.483
0.24243
-1.204
1.173
0.7162
-1.25501
-0.8357
-0.785
-1.165
-1.21601
1.17967
-1.604851
0.57838
0.056
0.99348
-1.425
-0.05448
1.5205
0.558
-1.0416
-0.78562
-0.2555
1.72013
1.5409
0.84626
-0.76257
-1.53036
0.8552
1.38465
0.72575
-1.07433
-0.636
1.0787
0.4174
-0.84251
-1.80508
-1.198
-1.44954
-0.33002
0.51186
-2.4793
0.428
-0.4281
0.27286
-0.7555
-1.6532
-1.58801
-0.587
0.621
0.08128
0.584
0.7397
-1.32043
-0.267
-0.907
0.62497
0.584
-1.88059
0.831
0.65
-1.158
-2.68016
-0.542
-0.09199
1.558225
-2.03115
-0.36859
0.05398
0.81
2.18592
-0.40177
0.881
0.0986
1.0062
-0.649
0.21288
0.48105
1.856
-0.421
0.6542
0.94912
1.456
0.337
0.56592
0.6118
0.4778
-1.402
0.853
-0.02764
0.21376
1.80203
-0.9287
-1.094
-0.88238
0.721
1.58071
-0.03332
-1.18377
1.216
-0.23389
-0.348798
-0.52093
1.365
0.95587
-1.1709
1.3
0.702
1.06959
1.129
-0.679
1.478
-0.5565
-2.22586
0.69939
0.38694
0.76101
-1.565
0.294
NA
0.316
0.58337
0.529137
0.00956
0.87436
-2.25358
-0.75906
-0.081
-0.469562
0.30773
-0.97508
-1.309
0.116
0.704
0.1444
0.7152
-0.69035
-1.49385
0.23759
-0.588
-0.958
-0.362
-2.551
0.606
0.72165
0.676
-0.5045
-0.069
-1.53243
-0.251
NA
-0.21603
1.98284
-0.21247
0.059
NA
-0.00247
-0.2152
0.227
1.122
1.15
0.31927
-0.726
1.227
-0.78543
1.03623
0.45393
0.1065
0.4718
0.333
-0.149
0.94388
0.07382
0.70263
0.46012
1.4527
0.379
-0.442
0.553
-0.54912
0.47413
-1.764
1.256
0.509
-0.6228
0.54862
-0.494399
0.71281
-0.95415
0.557
-1.537
1.18467
0.20773
-2.241333
-2.497
-1.34104
-0.0164
1.13
0.16355
-1.551
0.03477
-0.78873
1.01549
0.2892
-0.60083
-1.50461
-1.4633
3.35654
0.39794
1.0784
-0.95242
0.11187
-1.462
0.931084
1.657
-0.4042
-0.411
NA
0.59497
-0.08885
0.2055
-0.418
-1.3126
-0.58983
-0.2577
0.448
0.64894
-1.037
NA
-0.323
1.24511
0.11133
0.87596
1.24905
0.04507
-0.686
0.631
0.522
-0.2241
1.907
1.444
-1.4344
0.657
0.09337
1.5643
-1.66118
2.45
0.14233
-0.058
-0.23699
0.74021
0.9992
-2.842
1.5927
1.084
1.256
-0.835359
-1.816059
-0.35466
NA
-1.20378
-0.0126
-0.114
-0.74412
-0.0513
0.694
0.974
2.17776
0.84194
0.0132
-0.582
-1.0315
-0.1339
0.44591
-1.5041
0.27413
0.73138
-0.26131
-1.359
NA
1.35003
0.45061
0.25179
0.07803
0.59219
0.899
1.473
-0.61694
1.32135
0.489
-2.013
0.77997
0.92529
NA
-0.523
-0.32665
NA
1.144
0.1134
0.97
1.32768
-0.90039
-0.958
0.73262
1.02716
1.758489
0.9553
-0.13589
-0.049
-0.24884
-1.5
-0.01916
-0.2727
-0.460255
1.47464
-1.24093
-0.05642
-0.50605
0.864
0.38845
1.544
-0.14874
-0.42
-0.236
-0.511
1.06814
-0.12
-0.14449
-0.552
-0.26
0.522
1.333
-0.11707
NA
-1.08884
-1.36123
0.859
-0.82692
-0.105
-0.23732
-0.82523
0.583
0.564
-0.43628
-1.49575
-1.443
0.82529
0.993
-0.02267
3.18652
-0.106
-0.1
1.036
0.336
-1.74441
-0.20586
0.44
1.31483
1.0828
-0.5537
NA
0.48609
-0.50705
-0.55572
-1.54978
-0.31622
2.2
-0.135
1.412
NA
-0.08567
0.049
-0.3906
-0.3299
0.217
-0.56315
0.666
0.751
-1.45844
-0.572
1.43141
0.713
-0.061
2.78654
-0.548
2.7446
0.6503
-0.26314
-0.307
-0.77434
-0.223
0.34496
0.70622
-0.31746
-0.393
-0.02151
-2.35681
-1.04443
0.30503
0.16517
-0.08091
-0.9729
-0.42458
1.67936
0.525
-2.60366
-0.785
-0.5
-0.314
0.501
0.5779
0.7522
-0.31104
-0.264
-1.48613
-0.069
1.088
0.88
1.0691
-1.53333
-1.23605
-1.029
-1.4186
0.22457
1.236
-0.0189
-0.795
0.979
-0.67704
-0.8836
-0.7951
0.599
NA
NA
NA
NA
-0.337
NA
NA
1.27769
NA
NA
0.68371
NA
-0.23387
NA
NA
NA
NA
NA
-1.68944
NA
NA
NA
NA
NA
NA
1.058
-0.35
-0.7676
0.91
NA
NA
NA
-0.22492
NA
NA
1.16565
0.03022
NA
-1.061
-0.7415
-1.136
0.472
-0.995
-1.08774
-0.873
-0.85444
-0.31481
0.169
0.46
-0.88
1.00216
-0.36805
1.15411
-1.56508
-0.74674
-0.13615
-0.535
-1.094
-0.55729
-0.894
0.705
0.345923
-0.58112
-0.655
0.95614
-0.1714
2.248
-0.48924
0.06077
-3.39195
-0.7986
-0.93624
0.4052
0.5025
-0.167
0.234
-1.72521
1.612
0.91086
0.5148
1.624
-0.56007
1.01074
1.81872
-0.7657
0.65508
-0.11978
-0.003
0.28615
0.5101
NA
NA
NA
0.314
1.43707
-0.74405
-1.53378
0.6014
-0.7969
1.715
0.411
0.679
-0.457
-0.227
-0.22
-1.26268
-0.98926
0.0525
-0.24194
-2.34803
-0.467
-0.019
1.50243
-0.378
-0.269
0.18761
1.66555
1.34012
NA
-1.243
0.52298
NA
NA
-0.46825
-1.179
-1.115
-0.663
0.1925
0.2291
-0.29503
0.483
1.958
-0.92438
-1.106
-1.3832
-1.559
-0.23945
-1.69987
-0.93437
-2.576
0.7023
2.093576
0.458
0.55004
0.711
0.44024
NA
0.559
-0.2147
-0.29983
-0.254
-1.092
0.4589
-1.344
1.81789
1.189
-0.55267
0.5074
NA
0.716
0.212072
-0.31583
0.05226
1.3629
-0.2129
0.0256
1.62238
0.422
-1.489
0.40741
-0.966
0.187
0.151
-0.97505
0.59052
1.49929
1.131
-1.52359
0.59041
-1.683
NA
-0.51308
1.47354
-0.809
-2.026
-0.105
-0.405
0.01358
1.852
-0.42427
-1.01
0.40838
NA
-0.20246
-1.40155
1.806
-1.959
-0.86
NA
-1.565595
-1.06372
-0.51
-0.785
0.3729
-0.6282
-0.1754
0.68224
0.67
0.71093
-0.28067
-2.042
-0.144
-0.176
-1.35
-0.11762
0.2739
-1.203
-0.94643
-1.9762
0.063
0.553
NA
-0.17799
0.02894
0.87303
-0.17986
-0.61816
-0.861
NA
-0.07693
0.9933
0.027
0.35
NA
-0.7054
-0.1346
-0.127
-0.184
-1.42
0.22849
0.391
-1.39653
-1.19022
0.875
-0.276
-0.35216
NA
1.516
-0.38913
0.6575
-1.99597
NA
-0.3572
0.269
-0.05248
-1.25923
0.633
1.1675
0.138
-0.1851
1.69477
-0.498
-0.776
-0.699
-1.084
0.159
0.369
-1.33668
0.193
-1.04957
-0.27572
0.377
0.238
1.67
-0.81843
-1.279
-0.175
-1.22853
-1.33327
-0.615
0.0685
-0.93911
0.66
-0.14008
1.893
-0.3298
-2.23426
-1.22379
-0.84137
1.82564
1.289
-1.44381
1.01469
-1.0091
-1.06795
1.408
1.05533
-0.75405
0.50747
NA
0.68024
1.44965
0.14485
0.64797
0.101
-0.94578
-1.712
1.657
0.48204
0.745
0.22213
-0.4019
-0.30994
-0.05184
NA
0.263
-0.87392
0.286571
0.128
0.044
-0.02963
-1.27839
0.5396
0.415
1.259
-1.24797
-0.4181
-1.152
0.517
1.932
1.465
1.536
-0.27851
-0.3267
-1.314
0.25
0.430872
-1.6065
-0.59
1.2313
0.188
-0.0396
-0.15114
2.12263
NA
0.195
0.07411
0.52751
0.447
-0.21861
2.08886
1.48002
-1.591
0.65679
1.1487
-0.85
-2.325
-2.01806
-0.85068
-2.91801
-0.40174
0.156
NA
1.26962
-1.39781
0.33632
-1.1923
NA
0.89312
-0.96904
0.35747
1.944
-0.599
1.971
-0.643
0.186641
-0.4522
1.16919
-1.001
0.32041
0.949
-0.2937
-0.25876
0.72584
-1.522
-0.40385
0.51
-1.449
-0.1987
0.628461
-1.157
0.37882
-0.47544
NA
1.055
1.029
-2.20531
NA
1.16559
0.723
-0.7477
-1.18083
0.232
1.0312
-1.35353
-0.7214
-0.251
-0.55137
-0.464
0.85576
-1.4307
NA
0.10917
0.27391
-1.48995
-0.1901
0.32226
-0.717
0.24948
0.70411
-0.287457
-0.69105
0.40138
0.3453
0.54969
-0.363
-1.868
0.1831
0.77
1.415
-2.062
0.24964
0.35343
0.273
NA
-0.767
0.08142
0.205
0.62214
NA
0.77957
0.00793
-0.60444
NA
2.371027
1.299
-0.96903
1.405
-1.23025
0.641719
0.97751
0.7476
-1.4414
NA
1.86
-0.13915
-0.0644
-1.671
-0.834
0.00261
0.09359
0.41694
-0.65449
NA
0.1709
0.43898
-0.24172
-0.92338
-1.155
NA
-1.072
1.237
0.61789
NA
0.625
0.67247
-0.50305
0.10274
NA
1.11671
0.03346
-0.93721
0.22
-2.4447
0.35168
0.46
-1.46
1.244074
-0.91255
NA
-1.06277
-0.096
-1.01698
-0.97987
1.153
-0.16116
1.11237
-0.73678
1.91471
-1.31828
-1.2048
1.27711
-0.3608
-0.9153
1.04231
-1.37496
-0.01758
2.19441
NA
-2.81829
-0.42127
-1.0465
0.25461
-0.4429
0.10073
1.3601
-2.5266
0.34487
0.6471
0.648
1.1334
-1.419
0.995
-0.7415
-1.098
0.006
-2.0368
-0.633
1.069
0.875
-0.407423
0.53454
-1.113
0.988844
-1.254
-0.77054
-3.181
0.21206
-2.1512
-1.3819
0.412946
-0.049
-0.204
-0.19829
-0.70709
-0.7164
0.4061
-0.0287
1.08784
0.10683
-1.36
-0.60534
-2.892
0.3022
-0.584
-0.5958
0.726
-0.074
-0.186
-0.07585
0.708
1.138
1.2917
-0.633
0.661
1.62
NA
0.62284
-1.41952
-0.567
0.13698
0.83703
-1.666
1.12706
0.861
-0.37423
-0.07
-1.36673
-0.81167
0.914
0.77041
0.875
NA
2.69321
1.367
0.1188
-1.223
0.98813
-0.44074
-0.5831
-1.26596
0.5468
1.948
0.8738
-1.036
NA
0.418
2.1389
0.064
-2.042
0.467
NA
-0.572
-0.90252
1.011
1.293
0.976
-1.191
-0.20848
1.08333
-0.06463
-1.13724
-0.1504
-0.90348
1.20818
0.241
NA
-0.2033
-0.138
-2.8037
1.24
0.31839
1.414
-1.948
0.947706
0.58784
1.168945
0.50966
0.66133
-0.7849
0.472
0.458
-0.79936
0.14
0.4
1.9187
-0.71706
-0.281912
-1.38058
0.5329
0.319
1.223
-0.058
-1.356
0.04701
0.907
0.53734
1.028
1.549
-1.04833
-0.28067
-0.94966
-0.5521
-1.64101
-0.348
-0.092
-0.69459
0.408
-0.39244
-2.2646
0.12468
1.61201
-0.0824
NA
0.097
-2.652
1.04149
-1.32051
-0.39796
1.995
NA
-1.40332
-1.168
-0.82476
0.769
1.6301
0.06038
-0.10365
-0.7116
-0.40978
-1.07319
1.08427
0.97572
-0.168
-0.24286
0.861092
0.19055
0.85193
1.7797
1.445
0.66772
-1.50004
-1.93355
0.48712
NA
0.65799
-0.8227
-0.00648
-1.0977
0.00484
0.50437
-1.334
-0.39817
1.73351
2.228
-0.128
1.6
-0.051428
-0.43952
-0.41711
0.803
0.73
-0.48132
1.37921
NA
-1.682
-2.257
-0.75561
0.17801
-0.277
-0.67484
-0.614
0.24749
0.14513
-1.1306
-0.45839
-0.052
-1.19129
0.99011
2.673
-0.46962
1.156
NA
-1.09625
-0.12354
-0.7355
-1.48457
-0.5029
0.826
-0.46153
1.84811
-0.23997
NA
-0.40759
0.5065
-1.697
0.84199
-0.037
1.293
-1.24428
-1.97155
0.33979
-0.024
1.16
0.143
1.014
0.438
0.62126
-0.24629
-0.35301
-0.2113
0.903
-0.38816
-0.27462
-0.227
-0.54931
-0.765
-0.826
0.906
-1.0105
0.866
0.055
-1.426
-0.01016
0.304
0.40213
0.21638
1.2043
0.722
0.57
0.081
0.0511
-0.8145
NA
-0.155
2.036158
1.02
0.34
-2.17228
0.26384
1.607
-1.37
-0.07024
1.5192
1.44709
NA
0.08618
0.944
-0.25128
-3.16135
0.63095
0.185
0.309
0.26836
-1.57051
-0.8621
0.84975
0.77383
0.46941
-0.705
NA
1.1717
-0.30855
-2.21817
0.0426
0.63624
0.81
0.32355
0.297
-1.1936
0.3457
-0.13
-0.37395
-0.852
1.61984
-0.89706
-0.18419
-2.38579
-0.59538
-0.199
-0.315
-1.40641
-0.40872
-1.505
1.10943
0.70079
0.26938
-0.641
-0.14541
-0.4342
-0.37193
-0.56335
-0.741
-2.363
0.426
-0.541
0.63
3.84
0.40332
0.15091
-0.39777
-0.88653
-0.03373
0.6029
1.99118
-2.437
0.54191
-0.327
0.07719
0.294
0.378
-1.94642
0.11989
0.969
-1.285
0.19872
-0.95013
-1.11
1.117
2.45549
1.66348
-0.13302
0.26184
-0.00844
-0.27249
1.39404
2.121
-1.714
1.603
-0.391
0.48788
-0.96317
0.449
0.5051
2.1031
1.9025
-1.23
-2.152
-1.2205
0.15565
-0.78887
-1.79638
0.414
-0.4323
3.352
1.261
0.7596
-0.11046
0.9
0.4174
-1.00627
0.312
-0.00121
0.94323
-1.3109
-0.935423
-1.167
NA
0.80846
-0.27717
-0.086
0.081
-1.5686
-1.52787
0.935
0.9605
0.88268
-1.2551
-0.6012
-0.31985
0.94199
0.46575
0.1098
-1.57405
0.7622
1.1139
0.378
-1.59
0.036
-0.25313
0.31264
-2.46074
-2.54552
-1.252
0.90084
-2.80878
-1.78969
-0.16174
-1.78705
-0.521
-0.6078
-1.20373
1.22169
0.923
0.38553
-0.52795
1.555
-0.65257
-0.4601
0.754
0.5066
-1.9957
-0.8551
-1.2609
-1.768
0.0775
0.27364
-0.7275
1.6459
1.06038
-0.42044
0.6129
1.867
0.17618
0.15879
0.6057
-0.29784
-0.843
-1.118
-0.011
-0.31569
-2.959
1.462
1.282
-0.89361
0.6694
-1.23527
0.81466
1.092
-0.738
1.3134
-1.97
-0.459
-0.947
-0.919
0.162
-1.9811
1.14
-1.225
0.18259
0.00352
-0.89089
1.822
1.27963
2.19995
-0.636
-0.33833
0.4062
0.60397
-2.11162
0.64519
-1.20141
0.81
-0.39748
1.06924
-0.729
0.727
2.2387
-1.73
0.86329
-0.22367
0.307
-0.611
0.464
0.162
-0.747
-0.307
-0.5758
0.498
0.64107
0.53772
0.03509
0.16472
-2.19987
0.76904
-2.258
1.0068
-0.2197
-0.369
-1.9155
0.223
0.10319
-0.52
-0.3455
-0.613
1.242
1.74637
-1.1499
-0.93813
0.391
-0.356
-0.9082
0.45603
0.07605
1.066
0.775
2.162216
-0.42635
0.655
-0.19419
-0.287
-0.868
-0.9645
0.177
-1.5632
-1.393
-1.4173
-0.967
-0.171
-1.2599
1.025
0.1977
0.3
-0.046
1.2411
0.399
0.3251
0.4898
NA
1.3279
-0.035
-0.35847
0.3627
-0.3179
-0.346018
0.8224
0.933
1.2406
1.011
0.049
0.8524
-1.303
0.264
0.216
0.113
0.451
0.7104
2.7404
2.49158
-1.5923
-1.63
0.32803
1.7115
1.444
0.981
1.8592
0.113
-0.3089
1.1807
-0.061
0.12924
-0.69815
0.40428
1.806
0.68022
-0.66153
-0.3099
1.06128
0.28922
1.43042
1.69163
1.1462
-1.85077
0.65
0.625
-0.39
-0.634
-0.07431
0.23754
-0.17011
0.91684
-0.201
-0.81367
0.325
-1.13811
-0.17168
-0.17278
-0.25279
1.057
-0.2692
0.9447
0.01295
-1.61422
0.67304
-1.46117
0.105
-0.48189
0.829
-0.641
1.167
-0.217
-0.45315
-0.62052
0.01
0.2458
1.05464
-1.2571
-0.077974
-1.628
-0.97034
0.93141
-0.66758
0.6784
-1.2573
-1.45524
0.151
0.197
1.65084
-2.526
0.18922
2.00227
0.99683
0.08949
0.97697
0.3371
0.941
-0.24519
-1.01
0.7611
-0.2675
-0.09843
1.67338
1.191
-1.37178
1.214
0.01723
-0.143
-1.2996
1.34198
-0.935
0.38969
0.412
0.659
-0.386
0.747
-0.6382
0.26659
0.21308
1.7292
0.2077
0.53733
0.71718
-1.60954
0.98049
1.027
0.577
1.418
-0.497
-0.304
-0.6808
-0.2285
-3.3246
-1.072
0.8234
0.396
-2.86733
0.0758
1.431
-0.397
1.70179
-2.41439
0.04582
1.82604
-1.285
-1.01056
0.25417
1.42599
-0.882
0.878
0.334
-1.01459
-0.328
-0.0335
1.4356
-0.52754
-1.203
-0.37411
0.32789
-1.62598
2.3045
0.655
-1.502
0.213
-2.67
-0.177
-0.00801
0.923
-1.301
-0.8678
-2.12805
0.28905
NA
-0.857384
-0.629
-1.09667
0.44185
-0.356228
1.076
-2.279912
1.395
0.36217
0.858969
0.85868
-1.492
0.15155
-1.254983
-1.09374
2.695852
-0.871486
-2.2861
-0.995232
0.575
1.076
1.148405
0.69
0.59843
0.711
-0.539905
0.437647
1.649678
1.5907
-0.3604
1.3992
-0.188971
2.3044
NA
-1.051
1.2679
-1.27399
1.750622
-0.737
-0.298613
1.1471
0.505
-0.544
0.839041
-0.012
-0.60886
0.798
1.968052
-0.6755
-0.3
-0.696
1.499777
0.10834
2.539
-0.181
-0.507
-0.690267
-0.6984
-0.37823
NA
-1.249
0.072
0.0031
1.06063
0.894
-0.21638
-0.4184
1.117
-0.134
-0.477
1.64827
0.584
0.108
1.06461
1.289
-0.998
1.865
-0.10109
-0.31216
-1.47592
-0.414
-0.574
0.611
1.4233
0.37356
-0.372
0.20422
0.248326
0.3062
1.5
0.89295
0.953
1.99254
1.39136
-0.49145
-0.523
0.538
-0.30282
0.448
-0.29416
0.118
1.60387
-0.4201
-0.138
-0.826
0.428
1.02059
1.932
-0.02972
-0.314
1.81771
-0.383
-1.16
-0.74069
0.641
-0.159
1.26532
1.89812
-1.615
-0.79445
-1.527
0.344
1.06001
-1.24397
-0.90761
-0.93712
0.591
-1.415
1.41329
-0.25046
0.3423
0.94891
1.44091
1.131
0.956
0.74707
-0.60225
1.309
0.2119
0.96304
-0.228
0.14366
-0.73597
-1.16628
-0.8
0.675
0.26862
-0.045464
0.2494
-0.33486
-0.67518
0.985
-1.57473
0.43947
0.28835
NA
1.07806
0.661
1.48698
0.98257
0.92
0.956
-0.929
0.25488
0.08
0.525
0.825
0.175
-0.9527
0.707
-1.0113
2.41659
0.8358
-1.39403
0.932193
0.58506
0.22728
1.15427
-0.8324
-0.2784
-0.538
-1.231
0.06256
-2.00468
1.419
0.61575
-0.208
0.006
1.64959
0.69398
-0.404
-0.855
-0.379
-1.21719
1.342
0.75257
0.27606
-0.19219
-1.62086
-0.663
-0.449
-1.759
0.85634
0.866
1.29
-1.065
-0.40807
-0.75386
-0.041
-1.81176
NA
1.894
-1.87608
0.77537
0.90365
0.24647
1.6
2.0583
-1.555
-2.5985
0.5189
-1.83064
-1.088
1.707
-0.045
NA
1.663
3.217
0.155
NA
-0.2719
-0.588
1.22121
-0.27426
-1.15156
-0.06
-0.37855
0.518
1.17995
-0.615
-1.27077
-0.40786
-1.43563
-0.04114
1.07961
0.48056
-1.848
1.26623
-0.46993
-0.91451
0.10856
-0.5492
0.482
0.66543
-1.81129
2.40325
-0.1878
0.29665
0.4686
0.43
-1.42299
-0.2724
0.51099
-0.125
-0.411
-1.274
0.731691
2.23891
0.28918
0.282
1.7741
1.45242
0.87758
0.48505
1.663
1.67349
0.635
-1.07349
-2.0129
0.40277
-0.47244
-0.60797
1.52061
-0.95731
-1.581
0.754
-0.43745
-0.54875
-0.71194
0.334
1.747
-1.11608
0.505
0.46469
-1.39272
-1.69386
-0.55241
-1.84203
-0.638
1.7634
-0.59698
0.8838
0.69266
-2.094982
-1.0028
-0.14665
-1.06189
-0.22101
-0.25727
0.63801
0.515
-1.74434
-1.5825
0.2406
0.123
1.327548
2.432
1.131
0.41341
1.1782
-1.11323
-0.08627
0.893
-0.57661
-0.742
0.804771
0.99381
-0.969338
NA
-0.543507
0.361
0.2407
-0.532
-1.044115
-0.8121
0.206
0.6653
1.33887
-0.766
0.529
0.94003
-1.024
-2.139
-2.511
-0.442
0.524
0.44472
0.7017
0.238
-1.024
-0.4102
0.631
1.96
-3.0509
0.8224
-0.54337
-0.4985
-0.079
1.55285
0.198
-0.576836
0.9049
-0.291047
-0.5098
-0.517521
-0.4611
-0.6697
-1.305
0.724
-0.50198
0.559
0.3885
0.41706
0.373
-0.05163
-1.43366
-0.9355
-1.051
1.02889
0.60583
-0.117
-0.6334
1.749
-0.49007
-0.56
-2.14
-0.50595
1.8933
1.584494
0.252
-0.067
-0.030336
0.958
0.9869
0.43065
1.049
NA
2.81
0.22943
-0.2891
-0.013
0.10067
-0.3324
1.171
-1.16054
0.968
-1.309
2.272
-0.239574
1.811
-0.3308
0.5521
-0.25762
0.07494
-1.0294
-1.857
-0.64803
1.42599
0.37044
0.17652
-2.448
-0.2166
1.26262
0.15937
-2.120452
0.2177
-0.628641
0.707525
-0.504242
-0.01535
-1.5021
1.318946
0.389
-1.326
-0.40745
-1.0541
1.62802
-0.8423
1.34
-1.2113
-0.59982
-1.47
0.01307
-0.48504
0.40714
0.000873
-0.25
-1.37472
-1.182
2.101
1.107915
0.58169
1.16138
1.001
1.49438
-0.048
-0.26273
-0.42585
-0.118
-0.2411
0.9006
-0.6703
2.46613
-0.307
0.242
1.48473
0.029
-0.47
0.8873
-0.723
-1.2615
-0.35697
-0.517
-0.62949
1.16123
0.81
-0.16173
0.243
NA
-2.01232
1.1635
-0.21456
-0.23661
-0.103182
-0.8717
0.298
0.079
0.236
-0.07564
1.299
-0.25351
-2.008
0.16163
1.20002
-1.60469
-1.649
-1.77032
-2.63015
-0.14832
NA
0.57203
1.34544
0.39654
-2.402
1.20989
-0.72965
1.19106
0.09138
NA
1.07195
-1.46907
0.59311
-0.3226
2.136942
-0.25809
1.004
-0.802
0.27158
1.962
-1.25211
-0.08642
-0.542
0.66711
0.613
0.87688
0.20606
1.97336
-0.717
-1.7701
-1.8103
1.41611
-1.42062
0.49004
-0.55532
-0.8293
-0.7441
1.11137
-0.86001
0.893
