0.1616
1.81947
-1.969
0.54957
-0.074
1.19
-0.544499
-0.94634
-0.00294
-1.424
-0.1271
-0.2785
0.0534
-0.07061
-0.529
0.31254
-1.272
0.922
0.23124
0.93275
-0.015
-0.7057
0.50871
-1.485931
-1.23418
-1.199364
-1.29564
1.142
-1.734
0.159
0.32785
0.6467
-0.9171
-0.22859
-0.023
0.76102
-0.0529
-0.5365
-0.293
-0.73191
0.038
0.31
0.4157
-0.321
0.41752
1.46152
0.9882
-0.417
0.77843
-0.092
0.23067
-1.673
1.70988
-1.9125
-0.12111
1.77954
-1.149
-0.40383
-0.75983
-2.0517
0.752
-0.64611
-0.33444
-1.326
1.19686
1.2507
-0.553
-0.03982
-0.036
-3.086
-1.04493
-0.000624
-1.361
0.909
0.10537
0.6002
0.815
-1.0349
2.04964
-1.0421
-0.6975
-0.15476
1.063
-1.09273
-1.86
-0.082
-0.32054
2.703
-1.1709
0.161
-2.25492
-1.463
-0.535
-0.244
-0.44747
-0.832
-1.051
0.54
0.99469
0.67
-0.96017
-0.55923
0.423246
-1.2443
-0.31441
0.4242
-0.672
0.13159
1.60493
0.575
1.057
-0.9758
-0.94
0.4986
0.109
0.0445
0.2801
1.263
0.1377
0.028
1.02
0.26951
-1.426
-0.624
-1.703
-0.70993
1.08868
0.3951
-0.353
1.159233
-0.56851
-0.23234
0.7035
-1.0571
0.58131
-2.208
-1.34
1.095
-1.172
0.581
1.24
-0.09228
0.6251
-1.76
-0.3161
0.33463
-0.76382
0.1389
-1.62222
-0.268
0.9705
1.124
-0.119
1.61634
0.69009
0.66094
1.17491
-0.29184
0.7202
-0.1665
1.4973
-0.3099
-2.213
-0.3167
0.264
-1.432
-0.20612
0.583945
-2.311
-0.04346
0.08385
-0.322
-0.85464
1.28444
NA
1.871
-1.964
-0.079
1.077
0.08003
1.20097
-0.04139
0.634
0.61181
1.20538
1.956
-1.22679
2.173
1.327
1.1316
1.16111
1.505
-0.189
0.84233
1.46006
-0.21713
-1.46961
1.87491
-1.19058
-0.18892
-1.93946
-0.726
-0.40441
1.15361
-0.869
0.449
0.838
1.503
0.5486
-0.242
2.711
0.529
-0.225
-0.316
0.8198
-0.4737
-0.8654
-0.2197
-0.612
-0.057
0.232
-1.663
-0.8085
0.0829
-1.9627
0.2783
1.198
-0.2819
-0.125
-2.012
0.357348
0.7866
-2.2162
0.521
-0.454
-0.992
-0.1508
0.046
-1.781
-0.616
-0.275
-0.261
1.401
0.3396
2.1098
-0.3526
1.07914
-0.73778
1.626
0.59698
1.356
0.63751
1.586
-0.6781
-0.1651
-0.505
-0.5299
-0.394
0.3298
-1.065
0.27458
0.31865
-0.41082
-0.657
-1.40853
0.97787
-0.354
0.85053
0.51075
0.301
0.281
-0.43412
-0.276
0.00602
-1.06266
1.0078
0.96728
-0.4795
1.1703
1.37
1.3364
1.1851
0.106
-0.2866
0.1551
-0.8877
-0.546
-0.3065
-0.09095
-1.54218
-0.92595
-0.265
0.56358
-0.555
-1.25164
1.1522
0.21055
0.42854
-0.06215
1.71257
1.126
0.09135
-1.32725
-2.02397
-0.16374
-1.288
-0.74737
-0.02242
-0.7557
-0.571
0.787
-1.112
-3.40911
0.6448
2.01294
0.72928
-2.21125
-0.438
0.15797
2.575
0.461
-1.378
-1.0376
0.485
-0.245
1.3302
0.076
0.766
0.49
1.554
-1.563
1.6806
-0.33391
0.292
0.64
-0.11293
1.57411
0.907
0.501
0.908
-0.96251
-0.54087
-0.11065
0.70194
0.98233
0.482
-0.63459
-0.214
1.32427
0.4603
-1.142
-0.147
-0.565
-2.86314
NA
1.29208
1.137
-2.033
2.0632
-0.983
0.5121
1.6374
0.7567
-1.2938
-2.494
-0.250241
0.625
0.164725
-3.145
-1.378651
0.762511
0.977163
0.134
0.756
-1.599141
0.596
-0.57683
0.336
-0.998
0.33479
1.30549
0.33588
-1.087
1.88604
2.02376
1.34536
0.459
0.042
0.629
0.629
-1.06085
-0.521
0.779
0.99123
1.815
0.73499
0.23617
0.24277
0.62
-1.0554
-0.752
0.06689
0.619
-0.84026
-0.3278
1.272
1.12961
-0.377
-0.64007
0.43538
-1.29542
-1.998
0.41286
-0.21733
0.262
0.8353
-1.90017
2.15645
0.8464
0.31735
-0.056
-0.5499
2.453109
0.00178
-1.018
-0.7948
1.5394
-0.677
0.8005
-0.265
-0.45883
2.465
-1.404
0.5963
0.303
1.27863
-0.285
-2.51642
0.8822
-1.224
1.65942
0.554227
2.857
-0.484
-1.509
-2.01112
-0.15948
-0.3802
0.148
1.0866
0.5813
-2.89146
-1.077
0.09833
0.665
-1.283
2.10178
-1.67788
0.19632
-1.231
1.8234
2.4741
1.8245
-0.6852
1.88623
1.669
-0.567
0.207
-0.27572
1.4075
-0.55151
-0.49
-1.041
0.93205
0.176
-0.70786
0.706
2.9594
-0.026
-1.1278
0.48473
NA
NA
2.051
0.13474
NA
NA
-0.24384
0.403
-0.4397
0.196948
1.192
0.322
-0.482
2.77827
1.32659
-1.32748
0.446
-1.1793
1.1039
0.673
-2.455
-0.0758
-1.39824
-0.2573
-0.485006
-0.08057
-0.74027
-0.951
1.5648
0.858
0.5615
-0.344
-0.5497
-0.363
1.445
-0.84622
-0.865
0.506
1.2658
-0.15598
-0.466
0.84393
1.51795
-0.15126
-0.415
1.4032
0.838
0.72697
-1.60112
0.351
0.2858
0.91271
-2.0596
-0.126
1.122
2.41531
-1.781
-0.79511
0.0645
1.038
-0.63545
-1.7172
0.54
-2.176
0.84554
0.94296
0.69846
-1.86859
-2.130978
0.749
0.41019
-0.2612
-0.379
-0.32283
1.9102
1.6532
0.2651
0.4
-0.067
0.06934
1.1142
1.09
2.2536
-1.373
0.7197
0.091
1.1862
0.814328
1.422
0.251
0.3055
2.1777
-0.3719
1.07287
-0.72521
0.79077
-1.139
0.027
0.8947
0.759
-1.416
-0.3398
0.3004
-0.2969
-0.0515
1.081
0.423788
-0.683
-0.407
0.01064
-1.26922
0.35672
1.978
0.2326
1.38696
0.234
1.45
1.04718
-0.7811
0.3775
-1.951539
-0.11908
-0.34367
1.996
0.8731
0.393
0.661
0.401
0.325
-1.77117
1.44834
0.639
-0.7
0.52989
0.01743
-1.11684
0.782
-1.19507
-0.41319
-0.835616
-0.89
0.399
-1.224735
0.026552
0.6169
-1.6555
-0.1779
0.00188
-0.498
0.542
0.568
1.13667
1.125
-1.72688
0.368
-1.964
-1.37609
NA
0.065
NA
-0.67727
NA
-0.261
-1.091
-0.625
0.0351
-1.264
0.79942
-0.518
-1.2028
0.667
1.60174
-1.36413
-0.697
0.85512
-0.814
1.25161
0.502
-2.033
0.0588
2.3276
1.43666
-0.34815
1.281
0.66489
-0.682
0.69539
-0.9077
0.37094
-0.90062
0.796
1.69
0.706
-0.406
-1.084
1.22051
0.276
1.323
2.91046
0.36483
-0.545
0.071
-0.35973
1.80144
-0.000398
0.2603
-0.0693
-0.586
0.77998
0.968
-1.18537
-0.864
1.2386
0.5188
-0.0657
-0.814
-0.4269
-3.056
1.271
-0.59826
NA
-1.31034
1.63093
-1.27788
-0.865
-0.33293
-1.89108
0.05023
0.12036
-0.861
0.496
-0.9473
-0.4583
-0.074
0.55712
0.416
0.59
-0.652
-0.993
-0.22808
-0.37232
-0.13991
-1.28153
-0.044
0.125
-0.15
-0.63471
0.67201
1.03201
0.49659
0.421
-0.45443
1.73207
1.236
0.04107
1.14766
-1.16
1.323
-1.697
0.917
0.462
-0.072
-1.047
-0.218
0.729
0.164211
-0.217
-0.809396
0.2257
-1.083
-0.929
-0.027
-1.16
0.4703
2.8481
-0.5175
0.7547
-0.486
-0.5292
0.9332
-1.24013
-1.40582
NA
-0.13535
0.75607
1.453
0.79
-0.47043
1.707
0.76322
2
-1.14783
-0.1208
0.528
1.182
1.1054
-0.1223
NA
-0.2186
-1.3124
1.163
1.2047
0.7126
-0.428
-1.3448
2.2301
-1.11856
-0.42855
-1.32534
-1.82118
0.69261
1.20504
-0.825
-0.25814
0.70648
-0.242
1.82895
-0.05668
-0.625
-0.3242
0.259
-0.999
-0.952
0.6799
0.1564
1.794
-0.4842
-0.73596
-2.706092
-1.23745
1.02667
-0.527
-2.253
-1.282
-1.87564
-2.10734
0.384
0.767
-1.3352
-0.955948
1.3133
-0.29237
-0.18302
-0.618455
-0.60247
-0.882
-1.046
0.5033
-1.348362
0.111
0.869
-1.01
-0.5328
0.9442
-0.008
2.55
-1.9943
-1.835
-2.70696
-0.714
-1.066
-0.34
-1.40123
-0.88509
3.8383
0.54
-0.24381
-0.7979
0.923
1.09677
-0.78175
-1.5754
0.432
-1.3367
-2.346
-0.478
-0.18552
-0.05855
0.0442
-0.58956
-2.32
-0.000373
1.045337
0.9797
-0.7654
-1.31915
-0.728
0.976
1.593
-1.206
0.360166
0.0843
0.4883
1.075
0.20789
-0.303
-1.71013
0.596
-0.413
0.456
0.03174
0.021076
-1.375
1.42
-0.761217
0.60563
0.158174
-0.117
-0.436
-2.667
1.49258
0.98537
-1.15459
0.067836
0.233229
-0.065
0.10269
1.21466
1.002
-0.49453
0.439
0.2173
-0.7171
-0.3254
-1.398
0.79301
0.10788
1.065
0.87342
0.242
-2.08855
-0.74386
-2.56
0.878
-0.07935
0.5308
0.1271
-0.601
-0.1237
-1.7404
0.28051
0.44899
-0.51573
1.957
2.7998
2.694
0.94651
0.174
0.16393
-1.12268
-1.71568
0.15688
1.22817
-0.38302
-1.84815
1.06816
0.793
0.721
-0.78798
1.854
1.6166
-0.51914
-0.53709
-0.67909
-0.32
0.098683
-0.47272
0.995094
0.253
-0.024
0.303104
-0.565
1.883994
0.598139
-1.069089
1.472
-1.212622
1.12738
2.032864
1.82603
-0.13809
-0.503
-0.884
-2.366
-0.96055
-1.147049
1.37511
-0.6148
-0.90554
-0.482
0.0691
-1.672
0.4739
-1.6349
0.8975
0.6438
0.73
0.647
-0.922
1.106
NA
-0.7467
0.639
-1.7104
0.3595
-0.4906
1.227
-0.6035
1.4032
0.47367
-0.136
0.00505
-0.0177
-0.6249
0.9432
-1.987
2.8993
-0.61569
2.03991
1.2271
1.11305
-0.36
0.25404
-0.657
-0.93159
0.7942
-0.692
-1.00151
-0.5854
-0.59367
1.033
0.48336
0.7977
0.389
0.8412
-0.445
-1.128
-1.8682
0.448
-0.633
-0.773
0.6593
0.9316
-0.179
1.36342
1.266
-0.64247
1.389
1.1183
-0.523
-0.153
-0.8482
-1.68258
-1.27267
0.22115
0.3624
0.9288
-0.89843
1.884
1.2008
-1.01473
-0.855
0.26149
-0.766
-0.8514
0.984
0.984
0.97006
-0.061
-0.421
1.72271
-0.499
0.5315
0.505
0.541
-0.317
0.459
0.112408
-0.006
1.265
NA
0.1431
-0.6462
-0.00711
0.35168
0.20388
-0.30097
0.643
-0.11576
1.863
-0.00637
-1.38892
-0.87
0.199
0.6937
0.16072
-1.17838
-0.51297
0.45672
-0.465
-0.462
-0.55187
-1.24804
0.90108
-1.71097
1.695
1.5694
-0.7746
1.279
-0.7202
-1.816
0.2059
-1.9379
-1.39229
-1.436
-1.237
-0.84685
0.205
-0.43634
-1.06236
-0.87069
0.608016
-0.164
0.026
1.714349
1.317805
0.169
0.98647
-1.38493
0.2123
0.159
1.32387
-0.27082
-0.84598
-0.804
0.20873
-1.65158
0.449
1.366
-0.44178
1.20687
0.593
2.04884
-0.412
0.275
NA
-0.063806
0.47267
-0.63686
0.869
0.979
0.383
0.8857
0.33911
0.0517
1.49426
-0.53671
-1.6342
-1.076936
-1.78668
-0.813615
2.326
-1.2487
-0.0317
-1.265315
2.633
0.07661
1.42416
-0.02069
-0.293976
1.0934
-2.0184
-1.9239
-0.374
2.37
0.0637
1.608
1.52104
0.11573
-2.6123
-3.28675
NA
-1.6331
0.26986
-1.6748
1.35625
-1.9773
1.147
1.11903
-0.7164
1.03429
-2.032
0.086
-1.065
-1.0664
-1.157
0.837
0.4251
1.233
1.18068
-1.25102
0.6655
0.61533
0.3729
-0.81689
-1.41089
1.527
0.05454
-0.38208
-0.793
1.499085
-1.29
NA
0.4876
2.827
1.763
1.87367
-2.213883
-0.73954
-0.04262
0.821
-0.362
1.105275
-1.06604
-0.403
-1.2929
-0.167
0.101
-1.6792
1.2828
-0.24444
-0.94847
-1.48682
0.169
1.76904
1.652
0.30031
-0.291
-1.84949
0.62063
1.109439
-1.31092
-0.384058
-0.47178
0.14915
0.602
-1.455
-0.85767
1.1401
-2.635666
0.54939
NA
-1.196847
1.07999
0.039579
-0.5093
0.1827
-0.131
-0.4288
0.048
-2.55
0.657
1.491
-0.225977
-0.069
0.3227
-1.9972
-0.32284
0.47159
0.048286
2.029
0.0858
0.07946
-0.749
1.3413
-0.35733
0.327
0.346915
0.188
-1.10388
-1.991
-0.236
NA
-0.856
1.1883
-0.63533
NA
0.113
0.839
0.87948
0.28407
0.951
0.57774
-0.09299
-0.39454
1.052747
-0.009
2.271
-0.63983
-0.322
0.2735
2.1823
-0.20017
-2.159
0.522
-0.77269
-1.309
1.85
-1.123
0.96406
-1.333
0.5523
1.12453
-0.179
0.228053
-0.34018
-1.154
1.5604
-0.9978
2.15948
-0.4353
0.48958
0.79
0.61113
1.13488
1.8418
-1.165
NA
0.115755
-1.2784
-1.836
1.128
0.62796
-0.745
-1.07159
1.7182
-0.98858
1.28371
0.752
-0.4601
-0.461
0.612
-0.967
-0.89
-1.158
-2.696444
0.76784
-0.3373
-0.5899
0.881
0.800427
-1.08859
0.337
0.09058
-0.0656
-0.557
1.995
-1.074
1.439
-0.2577
1.129
-0.17208
-0.00141
-1.56653
-0.969
-1.259723
0.556
NA
-0.35537
1.129
0.66
1.5565
2.24453
-2.2133
-0.465
-0.081
-0.42394
-0.132
-0.75964
-0.8288
0.051
-0.8797
-1.8347
-0.35612
-0.6697
-0.38139
-1.06338
0.53432
1.66623
-1.768
-0.605
-0.0724
0.1966
0.194
-0.0701
1.15
0.61934
0.34726
0.08102
-0.9714
1.194
0.1529
-0.118
1.236
0.79595
0.76463
1.0309
-1.764
-0.07958
0.88874
0.828
0.25889
-1.131
-0.934
0.931
0.05794
0.448
-0.47
0.19554
1.6347
0.642
0.5305
2.09026
-0.57572
NA
0.899
-0.557
0.657
0.71926
-0.329
1.61972
-0.1616
NA
-3.98825
0.817
1.14967
1.4681
-0.32732
-0.06
1.23579
0.339
0.657
-1.79
0.3512
1.148
-0.957
-0.89913
NA
-0.115
-1.15038
-0.368
0.27409
2.577894
-1.818
0.2899
1.242
0.73017
NA
0.7208
-0.2376
-0.2646
-1.0178
1.79
-1.397
0.693
-0.4155
-0.5382
0.947
1.14393
1.4266
-0.809
0.17479
1.70924
-0.387
-1.5
-0.874
2.06287
2.1625
0.4558
1.544
-0.29392
0.398
-1.119
-1.693
0.6828
0.417
2.86447
-0.064
-2.07134
-0.23
0.44
0.8114
NA
0.12289
2.06159
-0.17717
-0.1257
NA
0.59423
-0.83951
0.3419
0.96508
1.899
0.83885
-0.268
0.3598
0.037
0.667
0.86559
0.388
1.17356
0.9559
0.945
1.787
0.00756
-1.804
0.501
-0.28602
-0.735
0.891
-1.532
1.057
-0.15897
-1.16
-0.617
0.66884
0.1588
-0.49091
NA
0.599
NA
0.824
-0.536
NA
NA
NA
0.1698
NA
NA
NA
NA
NA
NA
NA
NA
NA
NA
0.737
1.0167
NA
-0.411
0.77686
-1.019
0.169
-0.92391
-0.664
-0.6014
-0.535
-1.094
-0.37332
0.591
-0.556
-0.4086
-2.54331
-0.2804
-1.10211
-0.00142
0.23115
1.1173
-0.463731
0.438
-0.0503
0.0846
-0.55783
-0.183
NA
NA
-0.39878
-0.3013
-0.78857
1.715
-1.77449
0.2081
-0.9548
-0.9123
-0.498
-0.415
-0.0326
0.943395
-1.164
0.332
NA
-0.78004
-0.663
0.868
-0.599
0.02384
-1.2337
-1.5603
-1.9594
-1.26448
-0.434494
1.071
1.24831
1.042
1.05
1.418
-0.5714
-1.344
0.008
0.716
-0.15187
0.41502
1.5188
-0.44399
-1.04934
0.0293
-0.6825
-1.5747
-0.5877
0.956
-0.502
0.131239
1.131
-0.941
-1.618
1.71208
NA
-1.89072
0.199
-0.252
0.643
0.89069
-1.01
0.606
NA
0.6936
-1.959
1.03639
-1.154
0.37839
0.219
0.03938
-0.75934
-0.205
0.6577
-0.019286
0.20926
-0.8717
-3.01953
-0.41154
-1.04288
-0.73515
-0.3751
-0.87
NA
0.00298
-0.54759
-0.65952
-0.18545
0.113259
2.561
0.8487
-0.2124
0.72551
-0.80502
-1.07185
0.875
-0.563255
-1.3215
-1.48121
0.478
0.001
-1.822
-0.844
0.269
0.30436
-0.117
-0.85
0.159
-0.466
-0.204
-0.20355
0.75279
1.67
-1.30575
-0.81267
-1.18882
-2.78368
-0.21636
-0.339
0.745
-0.5193
-0.26437
-0.33702
-1.10168
0.4054
0.4461
0.101
-0.75217
0.14373
-0.4858
-0.489
-0.4344
0.9689
NA
0.14454
0.6498
-0.3324
1.046
0.15053
-0.633
-1.71762
1.339
1.53435
0.744
-0.20468
-1.55306
-0.409763
-0.933
0.22611
-0.0518
2.206414
NA
0.325
-1.21
0.21687
-1.53213
0.805
3.109
-1.591
0.983035
-0.3224
-0.83347
-0.71398
-2.16442
NA
-0.691
0.1121
-0.83706
NA
1.404
1.096
1.93285
-0.599
2.44587
-0.53171
1.31582
-0.728
1.042
-1.734
0.05478
1.043
0.0258
1.62908
0.83026
0.418
0.43945
-0.22
-0.14361
NA
-1.4514
0.723
0.31509
1.35694
0.989079
-0.251
-0.50664
-1.60296
NA
1.0888
2.30325
-0.65585
-0.196
-1.36612
-0.484
0.8388
-1.208
-2.062
-1.29637
0.50893
-0.37213
0.23902
0.56765
1.306
1.16132
-0.29805
NA
1.44049
-0.79608
-1.22228
-0.23467
-1.3885
1.02
2.586081
NA
-0.5565
-0.532
1.194
1.991
-1.155
1.654483
0.438
0.40051
-0.698
0.625
0.849
-0.761
0.31715
-0.031
0.50012
-0.18466
1.14112
NA
-0.16133
-0.76313
-0.247
-1.044245
-1.272
0.951
1.42119
NA
-0.412
2.06617
0.648
-1.167
1.639
-1.05423
-2.104
-0.633
0.36978
-1.52874
-1.4309
0.269
0.31653
3.3194
-0.08679
-0.12393
0.1595
0.566602
-0.63672
0.0212
-0.11932
0.2703
0.063
0.47556
-3.061
0.54167
-1.871561
1.42469
-0.21936
1.6421
1.452421
-0.06097
0.708
0.5655
-1.61777
-0.57018
0.4637
-0.28449
1.15076
0.914
-2.302035
0.875
1.81189
0.471
2.51563
-1.4045
1.341
NA
-0.485
NA
1.293
-1.191
0.509
1.50499
-1.55835
NA
1.24
-0.962
1.96393
0.51876
1.51624
0.908
1.876
0.88403
0.105
-1.62133
-0.91652
-0.63997
-1.06625
-1.356
0.6165
0.7484
0.723
-0.838437
-0.45702
-1.091
-1.6726
-1.239
-0.48131
-0.3603
NA
-0.1547
0.3417
1.582
NA
-0.57
-1.47257
-0.493
0.2594
-1.17741
-0.1389
-0.62715
1.01834
1.3404
0.87862
0.427
0.25891
1.4631
0.2359
-0.25309
-1.768
0.983
-0.44
-3.015
-0.021
0.04108
1.613449
-1.0511
1.79
NA
-0.10646
-0.595
2.383
1.1318
1.59881
NA
-1.719263
-0.514
-0.282
-0.65234
-1.30314
-0.324
0.052
-1.052
0.77308
0.20851
0.75226
0.375
0.85724
NA
-0.8247
-0.07
1.087
-1.052613
-0.1263
-0.462924
1.115
-0.486226
-1.579
-0.036
-0.74133
1.338146
-0.0506
1.16
0.85694
0.5813
0.227
0.903
-1.21528
-1.423173
-0.227
0.403
0.28432
0.98752
-0.26887
0.906
-0.384
-0.449
-1.543233
-0.7761
1.02
0.304
-1.201
2.23999
1.16
-0.273
-0.890188
0.365
1.4095
0.64349
1.222902
-1.4592
-0.59648
0.93608
-0.074
-1.2172
1.058572
0.939
-1.52665
-0.064
-1.339
1.4852
NA
0.99968
-2.521377
-0.97
0.4769
-1.97046
-0.721
0.12389
0.6716
0.18787
0.2016
0.625
2.03444
-0.722
-1.79897
2.2833
0.094
0.47
-0.28957
-0.85726
0.462
0.97057
-0.09349
-0.4852
1.74756
-0.741
-0.5286
-1.1065
-0.08745
-0.124
0.00607
1.8098
-2.624
-0.671
-1.0311
-1.726
-1.1133
-1.128
2.4526
0.09038
2.1924
1.6376
1.918
0.2179
0.34627
1.114
-0.866
-1.3176
0.5045
1.52553
-0.87044
0.19316
-0.21346
-0.53046
-0.3229
-0.60713
NA
-2.1581
0.935
-0.76297
2.016346
-0.894
-0.276
-0.98486
-0.11513
-1.11
0.2753
0.378
-2.031
0.43445
1.23061
2.632
-1.0317
0.8887
1.13111
-0.452
-0.4794
-0.6116
-1.114
1.361184
0.0962
1.338
-0.026
0.95914
2.0018
-0.6075
1.323
2.675
1.7927
-0.385
-0.634
-0.759
-0.3582
-0.738
-0.0749
-0.50567
0.14003
-1.4054
0.162
-1.0632
-1.1839
0.25102
1.822
1.8474
1.741
0.1783
0.639
-0.6266
2.2577
-0.9502
1.552
1.3957
0.751
-0.293
-0.0447
0.8256
0.498
0.08
-0.17193
0.5131
3.6439
-2.6505
-0.1802
-0.448
-0.5746
0.442
-0.5541
-0.52
-0.47161
1.3382
-1.507
-0.707
0.391
1.47889
-0.749
1.398
0.655
-0.287
-0.07646
-0.75505
-1.08
-1.48539
-0.88629
-0.148
0.3
-0.046
0.07795
-2.8787
0.96897
-0.382
0.151
0.228
-0.44342
0.96176
1.521
-1.199
1.762
0.7466
0.1341
-0.3695
0.6363
1.6671
0.4053
-0.586
-0.3441
1.5599
0.75039
-0.67778
0.713
1.48857
-0.643
-0.015
0.40872
-0.711
-0.069
-0.928
-0.47908
-1.16831
-1.565
-1.435
0.2448
2.38066
0.0202
0.18437
-1.055
-0.2452
0.0122
-0.787
-1.4428
-0.155
0.8939
-0.3923
0.0688
-0.57071
-0.0412
-0.11006
-1.01
0.00942
-0.155
2.2542
-0.78
1.276
0.126
0.168
-1.2559
-0.2822
0.929
-1.2132
0.206
0.48058
1.758
0.747
0.52139
-0.13
0.507
0.81
0.577
-0.145
-0.17
0.5837
-1.072
0.56428
-0.4908
-1.9156
-0.08455
1.07
-0.948
0.40191
1.388
-0.328
1.431
0.720206
-0.4627
0.737
0.4112
1.053
-0.9638
0.655
-2.018994
-0.68596
0.58757
0.9534
0.14978
-0.629
0.22899
1.395
0.86142
0.97265
-1.303
1.297
-0.32455
-1.2136
-0.7746
-0.7808
-2.45587
0.5591
0.672
0.8312
NA
-0.95912
-0.983
2.216
-0.7212
0.711
-0.33825
-0.3299
1.81594
NA
1.5388
0.184
-0.6003
-0.56
0.508
-0.82536
0.00606
-0.181
-1.001
-1.5095
0.47126
-0.13652
1.40679
-1.249
-1.26224
-0.249
0.3043
1.1442
-0.056
-0.4611
-0.134
-0.3018
-0.83
0.41147
-0.4702
-0.10437
0.664
0.669
-0.594
-0.658
0.6406
-0.30532
1.34613
1.28736
0.074
1.313
1.25773
0.01886
0.98958
-1.546
0.29748
1.07112
-0.69899
-0.734
0.96156
-0.05728
0.66117
-0.354
-1.284
-0.71775
-1.16
0.467
1.523
-2.29748
-1.527
1.07421
-0.787
0.34997
-1.07256
0.558
-0.30041
0.61
NA
0.513
-1.335
-0.5697
-0.309
-1.161
0.923
-0.21292
0.985
-2.6531
NA
1.105
0.59818
-0.28763
-2.22539
0.48087
0.4722
1.06906
1.4389
2.68816
0.28451
-1.28
0.276
1.11374
-2.2639
1.136028
1.068
-0.5104
NA
-0.6031
-1.46728
0.042
-3.28484
1.3909
-0.2897
-2.4829
-0.18605
-0.612
-1.066
0.604
-1.056
-0.663
-1.24935
0.7544
0.866
1.29
1.01
1.1392
-1.787
NA
-0.078
-0.000517
-0.4512
1.097
-0.20682
0.422996
1.6
-1.38016
-1.5337
0.9345
-0.493
-2.07228
-1.39741
-0.4856
-0.69819
-1.3587
NA
1.90307
0.37393
NA
-0.89312
1.0297
0.0798
1.2186
-0.564
0.502
-0.904
0.966196
1.23455
-1.75367
1.5265
-0.22221
-0.26228
-1.822
2.481
0.5656
-0.7569
-1.86242
-0.46645
-0.06282
1.578
0.04705
-1.52146
-0.19341
1.718
1.09468
0.368
0.067
-1.09626
0.74879
0.64082
0.754
-0.40505
0.769
NA
-1.2476
0.03406
-1.94391
0.038
-1.98774
-1.065
-0.00824
-0.891
-2.01387
0.1346
-0.879
-0.72811
-0.21381
0.03605
0.202
1.131
-0.4856
-0.186
0.41388
0.786
NA
-0.77787
0.578
-0.18
-0.79171
1.104
-0.64158
-1.047
2.14388
0.238
-2.52936
0.44105
0.0724
-0.2953
1.233
-0.6064
-0.1124
0.30114
-0.673
-1.139
-0.75438
-0.27407
-0.64837
-0.117
-0.40424
1.9127
0.28749
-1.364
1.2292
0.4549
0.5822
1.191
0.8589
1.10754
-0.2204
-0.7142
-0.013
-0.147
0.53351
-0.688
2.1835
-2.0144
0.388777
-0.9941
-0.61569
0.89937
0.1583
1.941661
-0.97039
-1.03703
1.02455
1.482
-1.632
-0.34423
-0.09455
-1.539
0.80158
0.88967
0.376
0.7367
-0.78521
2.7064
1.42821
0.126
0.384
-1.64527
0.771
1.198
0.41768
0.02643
-0.865
0.089
-2.219
-1.2508
-0.577
-0.6831
-0.307
-0.715
0.461
-0.65521
1.0369
2.4834
0.33725
0.437
0.176342
NA
NA
1.8801
-1.9567
0.291
1.834
-0.52355
-0.488
-0.00582
0.8208
0.311983
-1.20457
2.5769
-1.24638
1.047
0.780287
1.029
NA
0.721
-1.942
1.446
-0.592
-0.317
0.69106
1.05081
-0.39977
-0.05717
0.05869
0.259
2.290243
-1.9273
-1.134
0.343
