-0.883
0.8067
2.4561
0.4763
1.7519
2.672
-0.034
0.11491
0.614
-0.025198
-0.906295
0.214
2.042
-0.757
-0.1022
-1.25124
-1.28682
-1.018
-0.7982
-0.19706
-0.33021
-1.470689
-0.406775
-2.131
-0.58613
-1.91976
-0.06
-0.446864
-0.549
0.638
0.63
-0.10313
0.0971
-1.043978
-0.31602
0.8628
-0.417039
-0.64616
-1.23928
0.4818
-0.69
-0.6629
-0.0936
0.59865
-0.6661
-1.0696
NA
1.831
0.8553
-0.505
-0.526671
-1.523188
-1.9078
2.59178
0.573
0.514
-0.742488
0.1246
1.54092
-1.4432
-0.891
0.826786
0.487
0.79
1.839
1.226
-0.15187
0.643
-3.07
0.37537
-1.49169
-0.45833
-2.6074
-1.54506
-0.591
0.5894
1.16
0.458
1.80999
-0.36
-0.762927
NA
1.06224
1.618443
-2.181
-0.654
0.868
0.111
-0.7844
-0.096262
-1.3053
-0.1515
-0.8002
-1.217
1.8078
0.281
-0.132
0.322
1.0518
-0.525
-0.703
-0.2467
-0.2864
-0.4013
0.8321
0.9409
-0.3994
1.1934
1.5551
0.38783
-1.041
-1.6599
-0.565
0.1846
1.12119
-0.4988
-1.249
-0.9937
0.9777
-0.6185
0.01867
0.258
1.483
1.985
0.6551
-1.579
0.4941
-0.587
-1.27
1.4343
0.9623
-0.1051
-0.53322
2.931
0.568
-0.1933
0.291
0.4903
0.26218
1.177
-2.3747
-1.309
-0.088
1.22
1.0727
0.0588
-0.196
0.82128
0.9953
2.4389
1.92274
-0.485
-1.719
0.3916
-0.281
0.24557
0.99899
-0.8119
0.61725
1.2568
-1.368
0.2347
-1.437
-1.56671
1.35463
0.1476
-0.3021
0.4928
-0.33787
-1.553
-0.77704
-0.054
0.30449
0.203
2.703
-2.925
-0.28738
-0.3835
0.7489
-2.6942
-0.3148
1.1656
0.27618
-0.68002
1.549
-2.5493
0.772
-0.4594
0.46999
-1.63608
0.43784
-0.0237
0.167
-0.71957
-2.2503
-1.1133
-0.252
-1.139
0.56636
-0.24235
0.5847
1.1321
0.0426
0.920565
-0.14803
-1.1631
-1.80541
-1.42767
-0.274
-1.394
-0.384
1.21
-0.86361
0.9115
-0.46451
-0.167
-0.672
-0.196
0.8185
1.291
0.39206
-0.565
-0.5789
3.2117
0.364
1.0633
0.8133
-0.89296
0.03328
-0.35354
1.731
1.28
-0.34534
0.4143
0.884
-1.01738
1.399489
-0.11
0.03752
1.5507
0.80109
-2.084
1.314
0.232
1.388
0.581
-0.46301
2.31495
0.65422
-1.55
1.35169
0.8632
-0.5671
0.5385
-0.636
-1.822
-0.2901
0.524
0.3398
0.522
0.219
0.2688
-1.39725
0.548
0.03012
0.7321
-0.0432
1.4112
-0.546
-1.274
0.3475
0.802
-1.4538
0.045
0.6305
-2.11
0.36047
-0.54567
-0.26174
-2.445
-1.662
0.39
-1.137
0.581
0.25564
-1.148
1.838
-0.60911
-0.164
-0.984
-0.563
0.7
-0.081
-1.7777
0.60924
-0.11842
0.301
0.213531
0.094
0.70394
0.8138
0.0746
-0.162
0.142
-0.08018
-0.109
-1.78727
-1.45318
-0.733
1.38632
-0.518
0.4679
0.906
-0.53454
0.2936
1.264
-0.6871
0.7323
-0.15
0.55085
0.2318
1.4256
1.3992
-1.34
0.5897
0.63
0.916
-0.0859
-0.282
1.73398
0.88051
0.2182
2.793
1.698
3.1369
0.575
0.2458
-1.7558
0.19427
-0.637
0.552
0.4787
0.599
-2.311
-0.6203
-1.34777
0.41423
-1.20199
-0.322
2.0697
-1.182
-0.19841
0.507
0.956
-2.03603
1.9433
0.0678
0.6036
-1.964
0.275
-0.51622
1.077
-0.984
-0.7522
-1.201
0.71836
0.298
-0.0123
-1.195
0.395
-0.893
1.3575
-0.0128
-0.0612
-1.1347
-0.815
-1.1839
-0.941
0.693
0.0492
0.2455
-0.0557
1.682
0.5397
-1.104
2.1459
1.522
1.4233
0.1029
1.3391
0.3743
1.1574
0.5787
-0.4607
-0.1665
0.3246
2.3471
-0.325
0.8031
-0.645
-0.0452
1.2451
-2.1365
-1.018
-0.2745
-0.5765
-0.3243
-0.7567
-0.7
1.1516
1.039
-1.315
0.7934
1.1899
-0.0109
1.3139
0.097
0.5103
-1.5708
1.0743
-1.5569
-0.46778
1.9854
-0.242
2.07
0.73995
-0.238
0.649
-0.34511
-2.59154
1.246
0.9878
-0.13949
-1.152
0.331
0.57821
-0.00964
-1.64398
0.08328
-0.40823
1.748
1.16112
1.183
-0.41282
-0.34379
-0.44057
1.505
-1.11349
-0.431
0.721
1.787
-0.030477
-0.41693
0.087
-0.304967
0.671
-0.4306
-0.0552
1.425
-0.838
-0.8686
0.315
0.46162
-0.34275
-0.471
0.84
-0.15034
-0.76478
0.41808
0.659
-0.95214
0.33255
-0.31097
-0.25096
1.50075
-0.488
-0.12296
-0.102
1.21409
-0.148
-0.95143
-0.82752
-0.616
-0.00949
0.12098
-0.28917
-0.246
-0.261
-0.18499
1.416
0.88132
-0.16514
0.183
-0.396
1.396
-0.385
-0.42
0.014
1.626
0.6399
1.6746
-0.533
0.2252
0.37503
0.019
-0.9126
-0.213
1.1289
-1.432
0.1477
-0.869
2.00596
0.754
1.85459
2.147
-1.348
-0.32661
-0.15324
-1.93935
-0.35562
-0.45173
0.41998
0.56131
3.43777
-1.977
0.04729
-0.44655
-1.07
1.566
-0.239
-0.47853
-0.02765
0.402
0.552
0.518
-0.806
-0.05388
0.85963
-0.47077
0.58852
-0.443
-0.444
0.38568
0.70593
-1.43849
-0.39861
-0.17121
-1.18789
-2.023
1.37
-2.19279
-0.40499
0.99446
0.85732
0.0858
1.14118
1.22626
-0.26074
-0.411
0.39523
-1.19994
-0.8063
0.6562
-0.50132
0.89927
0.66609
-0.38201
-0.40156
-0.809
-1.57767
-0.61744
-0.31522
-0.59942
0.63
1.1514
-0.1123
1.556
0.457
1.7983
1.5308
1.2639
-1.8987
1.015
2.2467
0.4948
-0.2427
-1.23
0.004
1.8012
0.143
3.209
0.289
-1.556611
-0.667535
1.241822
-0.003
-0.867318
-0.231
-0.343779
0.369
-0.10784
0.549
-0.831077
1.195
-0.841
0.803
1.341
-0.074
0.2496
1.2156
1.3401
1.8858
1.751
-0.438
0.5076
2.207
-0.56773
1.32324
-2.373
-1.274
-1.34385
-0.95718
1.77938
1.12748
-0.58909
-0.74499
0.06333
-0.17844
1.43229
-0.147
-0.2629
-0.085
0.763
1.554
1.2373
-0.5165
0.0338
-1.186
0.254
-0.151
0.832
1.416
0.2965
0.429
0.225
-1.0512
0.575
-0.583
-0.583
1.9311
-1.043
3.598
-0.8386
-0.3516
2.572
-1.7135
-1.0411
NA
1.1311
-0.29
0.2032
-0.799
1.141
0.6202
0.03
0.025
-0.288
-2.72
-1.92
NA
NA
-2.438
0.9533
-1.419
0.7456
-0.3131
-1.8718
0.4959
-0.2754
-0.414
2.523
-0.4497
-0.8346
-1.2888
0.0772
-0.07
-1.2825
0.9525
1.2784
-1.3467
-0.3168
-0.0526
0.1549
-2.7223
-0.6526
-1.1518
1.155
-2.494
1.691
-0.0388
-0.4826
1.5008
1.45
0.974
0.641
1.639
-0.7757
1.035
-0.865
-1.428
-1.2826
-0.2357
1.8137
1.6649
-0.7321
-1.7634
0.4718
-0.4874
1.311
-0.0254
-0.4894
0.2586
-1.3199
-1.18489
0.82786
0.31319
-0.202
-2.0365
-1.959
1.02226
-0.269
0.28271
-0.052
0.78004
-0.49391
-1.42507
-1.11394
-0.17263
-0.42901
0.03318
-2.28842
1.14264
0.17
2.669
-1.231
0.70268
0.66408
1.15
-0.827
0.1357
1.567
-0.521
0.27762
-0.15965
0.52677
-0.291
-0.285
0.6809
0.596
-0.0774
0.1488
-0.1292
-2.234
-0.4078
-1.026
-0.555
-0.1206
-0.2033
0.069
-0.7029
1.0306
0.5407
0.5164
0.1181
-0.2886
0.6195
-0.2355
-1.1138
0.326
1.786
1.594
1.549
-1.2355
-0.872
0.8811
1.288
0.0432
1.7516
0.509
-0.5303
1.291
0.692
-0.7791
0.25406
-0.048
0.6001
0.323
-0.80152
-0.8614
-1.4543
-0.5532
0.917
-1.0755
2.3337
-0.1175
0.78371
0.24786
-0.056
-0.447
0.6337
2.6708
-1.10189
1.16
-1.41398
-1.11457
1.994
0.231
0.521584
-2.9986
-0.0884
0.5641
-1.046
1.093
1.5571
1.1513
2.41584
0.66689
0.5456
0.875
-1.146
0.2845
1.138
0.262
0.46276
0.353397
-1.235
1.014
0.808
-0.822
-0.63
1.03705
-0.719
-0.34
0.628
2.6518
-1.53
-1.03
0.326
0.0368
0.47182
0.5337
-1.081
-1.905
0.591789
-1.05885
-0.356
-0.6817
1.109
0.682
0.006
0.4642
-0.664
0.894
0.531
0.53839
-0.9117
-1.0427
-1.081
-0.107
1.195
0.5541
0.53498
-0.341
-0.7543
-0.3382
-0.815
-0.864
-0.882
2.2886
-0.74
1.0191
-0.701564
-1.1559
1.10414
2.5183
1.05072
1.69326
2.256
2.375
0.6083
-0.3555
1.0637
-1.308
0.51865
1.2364
-0.2913
0.2354
0.552
-0.6077
-1.01615
-1.1774
-0.32268
0.617
1.323
0.322
0.36225
0.71612
1.326
-0.11897
-1.99925
1.48521
-0.8018
0.704
1.33273
0.04936
-0.02104
-0.514
-0.73846
NA
NA
1.8742
1.45
0.156
NA
NA
0.4856
0.403
1.1134
0.4115
-1.3083
-0.532
1.001
-0.28089
-1.9378
-0.188
1.607
1.6126
1.0067
-0.480083
0.294269
0.32994
1.17158
2.758
1.4447
0.97141
0.446
1.19529
-0.33581
-0.99091
-1.16033
0.13524
1.34469
-1.835
-1.66663
0.16349
0.575
-2.09542
-0.50627
-0.10072
-0.506
0.699
-0.021
0.173
0.512
-0.7616
1.6199
1.073189
0.45122
-1.043
-0.7448
1.836
-0.7474
0.247
-0.229
-0.5771
0.41032
1.45069
1.78
-0.913
-0.865
0.506
-2.05178
-1.3462
-1.47148
0.72598
0.1255
NA
0.99825
-0.349
-0.2272
-1.118
1.005
0.8251
-2.0259
-0.7735
2.224
-0.218
1.257
0.03008
-1.05033
-0.4094
1.07976
-0.792977
1.552
0.6942
-0.5374
0.1698
0.1645
0.397
2.724
-1.17528
0.94102
-1.153
0.13817
0.176653
-0.00888
-1.736
-0.825
0.3
-0.248
-1.5813
0.591241
-0.373
1.351
-0.79284
-0.557
0.29006
0.037
-0.54013
1.038
-0.7604
0.00549
1.656
0.63936
-0.495
-0.19061
-1.215
0.45785
0.09669
0.199
-0.19301
1.03613
-0.058
-0.415
1.3168
-1.928
1.105
0.30629
0.887
-0.50427
-1.4115
1.09895
-0.1984
0.694
0.009659
0.4834
-0.23912
1.5627
0.6561
1.592
-0.978
0.72855
0.901391
0.37341
1.946
0.32271
-0.968
0.930021
0.7261
0.257
0.24351
0.4
0.09021
-0.893
2.2451
1.0575
0.875
0.99726
-0.762109
0.70867
0.85772
-0.007
1.0978
-1.01734
0.8591
-1.547
-2.48097
-1.773
-1.031776
-1.524
-0.4844
1.5199
0.803
0.133
-0.429
2.9537
-2.5609
1.8709
-0.4081
0.9564
-1.0036
-1.096
0.259
-0.317
0.639
-0.61638
0.39736
-1.56559
0.79584
2.61768
0.77701
0.1861
-0.07945
1.348
1.8536
-0.683
-0.2402
-0.4582
-0.0628
-0.689
0.6931
0.096461
0.0724
-2.159
-0.83874
-0.213
1.88437
1.3587
0.228
0.234
0.9912
0.96283
1.45
-0.324
1.018
2.170739
-0.394
-1.122725
0.798
2.272
2.54105
0.091
0.8116
0.103
0.304
0.2702
0.122
-1.4773
-0.4056
-0.459
-1.588
0.345
0.525
-0.1338
0.3891
-1.2497
-0.126
0.927
0.828
0.596
0.893
1.6774
-1.8223
0.7075
-0.7
0.3742
0.50293
-0.462
0.946
1.36366
-0.11546
-1.2624
-0.8
-1.6668
-0.962
-0.352
-0.4036
0.411
0.734
-1.0493
-2.1171
-0.577
-0.38143
0.00879
-0.56253
0.348
-1.26552
0.3056
-0.498
0.875859
-1.312145
-1.031
0.326
0.769
-1.46389
0.72306
0.21103
0.483
0.37069
0.901
1.69202
1.13113
-1.21197
-1.11963
0.47052
1.165
-1.894
1.727
-0.121
-0.235
2.292
1.46559
0.21952
-1.964
-1.29832
0.046
1.9126
NA
-0.4907
0.065
NA
NA
-0.1376
NA
0.42885
-1.315
2.23708
-1.144
-0.83621
-0.3179
0.04439
0.24147
0.198
-0.449
-1.396
-0.177
0.5605
0.0669
1.718
0.2212
0.8449
0.3064
1.0388
-0.5864
-0.8565
-0.697
0.522
0.2
-0.98739
0.289
0.16183
-0.5754
0.5379
-1.4196
-0.114
0.2279
0.064
-0.3331
-0.1809
-0.3852
2.571
2.44719
1.87599
-0.838
1.27332
2.113
-0.05211
0.19419
-0.2346
-2.2324
-1.215
0.4522
-0.6875
-0.8842
-0.215
0.712
-0.406
-1.2041
-0.4668
-2.183
-1.142
-1.043
1.7315
1.3393
-1.1478
0.063
-2.0091
-0.3202
-0.1273
0.276
1.2104
-0.056
-0.433
1.3346
0.3283
0.225
-0.6965
-0.446
1.79
0.6
1.8302
0.5732
1.4399
-0.9198
-0.2618
-0.5349
-0.586
-0.1751
0.1211
0.212
-1.0784
0.5451
-0.0819
0.2133
-0.918
-2.128
0.3632
-0.9556
-0.8329
1.84453
0.19957
-0.1747
-0.211
0.081
1.3838
0.12947
-0.61046
0.808
-1.126879
-0.032291
0.828402
-0.044724
-0.64758
-0.98563
0.185
0.279241
-0.166335
2.63407
0.401912
0.110556
-0.277958
-1.349657
1.196195
0.332906
1.080335
-2.345332
1.99111
-0.861
-0.364
0.55899
1.64946
-0.08
0.06156
-1.145
0.586
-1.2888
1.5698
-0.1831
2.4927
1.61748
0.37246
1.353997
3.051
-0.1522
-0.125
-0.6442
0.2724
1.293
-0.1791
1.024
-0.8046
0.2475
-1.813
0.5952
-0.3108
-0.6611
0.131
0.4563
-0.3638
0.7715
-1.2535
1.4876
0.3701
1.1058
0.2968
-0.044
0.3319
-0.236
1.026
1.3957
-2.3783
0.5522
0.1611
-0.902
-0.263
-0.2406
-0.933
0.5599
3.27172
-0.56947
-0.38336
-0.09899
-1.01981
1.67714
0.667
0.34451
1.10269
1.84175
-0.821
0.512
-0.121
1.781
-1.16694
0.9129
-0.111
-1.14973
1.62989
-0.4606
0.31526
0.642
0.6913
-1.047
0.0882
0.21
-1.3943
0.7031
0.1537
1.7864
1.3723
0.168
1.16
3.412
-0.4984
1.7537
1.48
1.1862
0.8395
-0.073
0.766
-1.3028
-0.9402
-0.809
-1.24
0.4526
-1.3307
0.8718
0.8819
-0.7871
-0.486
-0.7743
0.774
1.791
0.9423
NA
-0.9109
0.1371
0.6205
NA
0.5756
0.67903
0.8525
-0.0949
-0.736
-0.3372
0.7765
0.361
-0.44583
0.528
1.03318
0.07486
0.24369
-0.29878
-0.44719
-0.03632
-0.12922
1.163
-0.92645
-0.61451
1.303
0.92513
-1.579
-0.02124
1.23312
-2.861
0.35215
-0.382
-0.013
1.60677
-0.007
-0.88257
-0.23539
-2.19868
-0.7006
1.31313
-0.56913
0.18366
2.04177
0.258
-0.825
-0.319
0.085
0.3564
-0.8224
-0.242
0.4038
0.2909
0.5531
0.972
-1.1657
1.0736
-0.729
0.50902
-0.999
-2.206
-0.90976
-0.952
1.35244
-0.00698
-3.235
-0.14193
0.97971
-0.18071
0.69981
1.57177
-1.32607
-0.05395
-0.09289
0.112
0.5488
1.213
1.934
-1.353
-0.5911
0.20416
0.3168
-0.527
1.628
-0.3341
0.728
-1.2178
1.3981
-1.93026
-2.4334
-0.8422
-1.8237
-0.5445
0.59945
0.6479
0.823
-0.8757
-0.7129
-1.5537
1.2955
-0.9066
-2.47
-0.8007
0.023
0.11905
1.314
-0.613
2.002
0.42246
-0.168704
2.235
0.831493
-0.127067
1.1068
0.25276
-0.1744
-0.4516
0.391
-0.125
1.061
-0.26022
-1.188
-0.32
0.5063
-0.89983
-0.419
-0.6661
0.29907
1.199
0.179
-0.95654
1.8025
-0.701
-1.52209
-0.2922
-1.1868
1.278
-1.191
-0.57537
1.32724
-0.714
-0.0907
0.74
0.414
-1.4329
0.454
-0.8483
-0.2071
0.3888
-0.15
0.089
1
-0.707
0.99454
-2.67
-0.9953
0.32911
0.20389
-2.110103
0.54
0.998416
-1.02
0.042539
-0.839
-0.969
-1.258
1.98333
1.2721
-0.4356
1.9351
-0.04873
1.6571
-0.31674
-1.5094
-0.581
-0.89165
0.3228
0.4843
-0.19973
2.368
0.9012
0.0845
-0.068
0.5096
0.771
-0.1987
-0.912
-1.34
0.918
0.7814
-0.053
-0.2088
0.6298
1.3816
-0.4706
1.18431
-0.4122
0.018
-0.98208
1.365
1.178
-0.6973
-2.396
1.333
-0.5852
0.821
-1.3532
0.288
-2.001
-0.02123
0.8037
1.01244
-0.736
-1.0163
0.963766
-0.713
NA
-0.3868
-0.5321
-0.48418
0.2562
-1.6824
-1.3241
0.9107
-1.2836
-1.5535
-1.10545
-0.3447
-0.87517
-1.5234
-1.2751
0.6232
0.74884
-1.095
2.879
-0.702
-0.852
0.2346
-1.0145
0.836
0.2461
1.1498
-0.78279
0.7018
0.828
-1.3006
0.908
NA
-0.06519
1.3032
0.3164
0.1489
-0.196
0.923
0.5609
0.41892
-1.6342
-0.039
0.0113
0.2116
-0.4162
-0.1451
0.89927
2.10757
-0.50113
0.3011
0.07635
-1.477
0.8832
-0.67306
0.013
0.442
-0.18493
0.62786
1.29821
0.08779
-0.71516
-1.398
0.4
-1.206
0.295
0.14452
0.711
1.486
1.065
0.72865
0.008
-0.67492
-1.22969
-1.113714
0.3595
NA
0.9414
-0.428
0.44
0.949
0.54479
-1.63739
1.6833
-0.961
-0.401
-0.9307
3.3529
2.2061
0.7704
2.731
-0.306
0.5152
0.8721
1.054
0.174
0.9089
-0.1349
-1.154
0.6867
1.6195
-1.6629
-0.359
-0.4904
-1.3978
-0.4252
-0.6733
-0.498
-0.103
-0.26423
-1.169
-0.42656
3.23
1.05445
-0.22125
-0.719
0.721
0.182
-0.235
0.8771
-0.218
-1.1109
-0.809
0.3361
0.9965
1.48514
1.5509
-0.064
0.927
0.42
-0.2851
-0.351
-2.694
1.505
-0.09466
-0.0186
0.0299
0.3098
0.907
-0.287
-1.83572
0.0143
-0.5051
1.66056
-0.504
-1.0155
0.9703
-0.3285
2.234
1.0756
-0.565
1.4603
-0.321
-1.2682
-0.5693
-1.6036
-0.8534
-1.0346
0.684
0.5271
-1.389
1.472
-1.16
1.6768
1.9332
-0.2
-0.347
0.9648
-0.503
-0.8459
-1.721
-0.647
-0.7015
1.888
-0.123
0.4532
-1.326
-0.5654
-0.14
-0.8748
-0.0506
-0.11
1.3877
-1.818
0.917
-0.594
0.5893
-1.2025
0.8808
0.8265
-0.627
0.7249
-1.056
0.5608
1.203
-0.3193
-0.059
1.1974
0.5261
0.639
-0.333
-0.1199
1.46
-0.79429
2.095
0.396
-1.385
0.17314
0.8545
2.53708
0.57625
0.2125
0.99988
-0.28518
0.07549
0.90956
0.95888
-0.62515
1.33757
0.305
1.47131
-2.01529
0.996
0.961
-0.8844
0.7741
-0.0926
-0.7361
-2.017
-1.371
-2.1551
1.3598
0.87136
-0.2604
0.0663
0.04373
-0.523
-0.0438
-0.12271
-0.866
1.0788
1.242
0.1697
-1.0839
0.4709
-0.941478
0.41602
0.647
-0.219
1.0443
0.675
-0.41826
-1.314346
-1.261
0.33191
1.355
-1.10738
0.628
-0.62811
1.904
0.80043
0.60182
-0.644
0.13472
-0.5194
-0.485
0.738
-0.94877
0.448
0.486
0.2215
-0.18801
0.601
-0.3605
-1.2265
-1.146
-0.536814
-0.597
1.3671
-1.6599
1.188
-0.6632
-0.153
0.6784
-0.7924
0.11821
1.531562
-0.085
0.26302
0.835748
-1.657293
0.936
-0.3828
1.229
0.32749
0.01396
1.483
2.64791
-0.197
1.21068
0.488638
0.948
-0.5272
-3.016822
-0.898
-0.16
0.60339
-1.41059
0.64571
-0.299
-0.00595
-0.89541
0.98273
-0.23795
0.7285
-1.21088
0.606
1.244045
-0.411149
-1.992392
-0.421
0.16602
1.32931
0.681124
-0.633058
0.738
1.67019
0.677
-0.3131
0.274
0.505
-0.417
-0.6596
0.417
0.7475
-1.0215
0.492
1.265
-0.24313
1.0521
NA
0.467
0.69708
-0.98815
0.551
0.003
0.269
-0.67724
2.13528
0.2929
-0.344
-0.1748
0.8761
-2.50971
-0.306
-1.649
-1.2008
0.4019
0.872
-0.1703
0.2686
1.866
0.15591
-0.129
-1.1411
-1.77
-0.29
1.73431
0.199
0.488
0.2655
-0.305
0.338
-0.0738
0.17125
0.586545
0.703
-0.136907
-1.602
2.8151
1.3745
-0.6726
1.1596
-0.7746
1.7029
-0.5275
1.328
1.8106
1.14867
0.31486
-0.632
0.35629
-0.9537
0.847
0.40367
0.61725
-2.3113
-0.831
-2.0178
-2.01448
1.4077
2.77349
-1.881
-0.867
-0.44145
-0.07391
0.89394
-1.417101
-0.41192
0.6191
-0.52
-1.32327
-0.22985
0.26588
-0.3709
0.7307
0.29
1.79156
2.32496
2.062
-0.1818
-0.164
2.3666
1.595
0.09136
0.9813
1.81455
2.37836
-0.375
-0.0769
0.229
-2.0761
-1.486
-0.385
-0.051
0.486
0.452
0.05425
1.101
0.7914
0.1132
0.449
-0.00793
2.10976
1.189253
-0.6668
1.194244
0.583
-1.67496
0.1586
0.0375
-1.043
-1.8799
-2.2896
-1.612
1.0826
1.0375
-1.1049
-0.5758
-1.163
-1.7339
0.79383
1.464
-0.4902
-0.3162
0.869
-0.08838
1.46547
0.5613
0.3725
NA
0.979
1.0822
1.647
-1.969
-1.17885
-0.016
-0.98113
-0.84381
0.5514
0.439025
-1.48837
1.28328
-0.159
-2.53885
-2.84913
-2.0795
-1.32
0.1873
0.1386
-0.412
-1.511
0.956
-0.326
1.415
2.633
0.365
0.8733
1.047
-0.1385
0.916
-0.21653
-1.43899
-1.40966
0.775764
0.8859
-0.6719
2.0681
-0.44956
-1.865
1.3991
1.04835
-1.63
1.303
-1.023
-0.577
-0.465
-2.07551
-1.2388
0.7226
0.091
2.3622
0.881
-0.5214
-1.61975
1.608
-1.6833
-0.7512
1.18
1.216
-0.445
0.14583
0.202
-0.07
-1.3402
2.045
-0.1256
-0.9095
-0.49836
2.6512
-1.337
1.184
-0.599
0.46827
0.573
0.4696
0.2022
2.456
1.33
0.13312
1.95526
-1.567
-1.30123
0.870104
1.2762
-0.757278
1.237
1.66397
-0.66
0.835
1.18503
-1.2571
-0.291
0.130683
-3.33224
-0.802
0.9965
0.5365
0.1756
0.218
1.233
1.382828
0.57612
-0.525
-0.414
0.45593
-0.364104
-2.1981
2.05384
0.63
-0.5051
1.721
-0.59032
1.936
1.6426
-0.317559
NA
0.04
-1.911
0.49818
1.1404
1.26593
-0.5507
-2.4181
0.71141
-0.29116
0.876129
-2.9534
0.326
0.164
-0.93402
0.24056
-1.681
1.3397
-0.603
0.588
1.642
1.501
1.841
-0.8129
-0.167
-0.402
-0.07778
0.877
-0.463
0.56279
-0.12518
-1.1524
-0.57718
-1.36082
-0.4748
-0.297
-0.9822
-0.08285
0.7805
0.7296
0.019
1.2655
-0.63
0.819
1.16836
-1.166
1.0256
1.659905
-2.78393
-0.099959
2.04572
-0.71909
-0.4687
0.34754
-0.80257
0.3616
-0.209923
-2.40272
-0.56
NA
0.0337
-0.0993
-0.74489
0.3078
1.1208
0.48964
0.554
-0.572
-1.83099
0.692
0.048
-2.354
-1.62529
-1.093
1.6462
1.491
-0.1387
-1.62167
-0.069
0.3055
-1.02224
-0.12988
-1.5004
-0.7361
1.968
1.0591
-0.560975
0.0769
-0.4152
-0.149
0.57196
-0.271
0.23399
0.7558
-0.3441
-0.032
0.0631
1.142
1.387678
1.224
1.4528
NA
-0.856
1.03129
NA
-1.101
1.02333
0.66
1.767
-1.0007
1.211
-0.346
-0.55306
0.1382
-1.93359
-0.0771
0.8635
-0.893
0.07621
-1.703
0.101
-0.056
-0.60501
0.53122
-1.27603
0.14173
NA
1.572
1.7155
-0.36324
-0.87131
0.2373
1.05887
-1.8188
0.6773
-0.513141
0.08264
0.2647
0.024953
-0.24863
-0.21736
0.7381
-0.508
-2.159
-0.33657
0.522
-0.95413
0.2219
0.8928
-0.056
0.118
-1.143
1.0938
0.703
-0.3742
-0.2137
0.6736
0.69
1.047
-0.8047
1.411071
1.0661
-0.54
-0.3706
1.04
-0.51714
1.32896
0.572
2.7303
-0.3347
1.6507
-1.6007
-0.29465
0.8658
-0.7742
-1.4136
-1.165
0.2917
-0.6899
-1.409
-0.061
1.163
1.206
0.301774
0.36586
-1.62339
-0.5152
1.542
-0.725
-0.46055
-1.88763
0.121
0.869
-0.4433
-0.907
0.1651
1.4407
1.032
NA
-0.7031
1.719
-0.1798
-0.19071
-0.7326
-2.7861
-1.3772
-0.1806
0.39854
0.428
0.2354
0.2131
1.3183
-1.9625
-0.02609
1.244
0.107
0.915
-1.1042
-0.13537
-1.67506
2.7955
-0.1585
0.7726
-0.431
1.83555
0.6604
-0.206
0.831
0.65
-0.98858
0.48081
-0.7495
-0.8348
0.1736
-0.35676
-0.2354
-1.67
-0.6135
0.5874
1.633
0.9026
1.8411
-1.392
1.34612
1.7796
0.337
-0.16
0.662
-1.1237
0.4061
-1.448
0.892
0.418
2.106546
1.429
-0.9413
-0.61231
-0.90908
0.885
1.049
0.702
-0.6133
1.129
1.697
-0.679
0.5453
-1.4907
0.492
-1.1368
-0.969
1.40691
0.5111
NA
1.712
1.326
1.24722
-0.02146
0.66
-0.6538
0.273
2.0415
-2.4461
0.7402
-0.081
-2.17051
-0.343
-0.987004
1.5397
1.30949
-0.796
-1.1086
-1.7873
0.743
1.5368
-0.6874
0.3739
-0.0192
-1.898
-1.17964
-0.513411
1.20556
-1.064391
0.612
0.76173
-0.231
0.70584
0.0129
-1.7
-0.472791
NA
-0.593
1.102
-0.1902
0.153
1.15
-0.726
1.227
0.67421
-0.54229
0.2912
0.803
-0.4994
0.116
-0.313
1.0803
0.8851
0.215
-1.458
-0.30216
1.265
-0.12804
0.6767
0.576
-0.21556
0.509
1.372
0.4432
0.828
-1.236
0.488
-1.431
-0.5879
-0.8579
-0.0513
-1.845
-0.504004
-0.4049
-0.41329
-1.551
0.70765
-1.17375
0.1698
0.68814
-1.083
0.64771
0.4957
3.64401
-0.228
NA
1.532
0.3691
-0.997
2.48173
-1.505
0.348204
0.3118
-0.329
NA
0.817
-0.837
-1.31613
-0.686
0.7845
-1.085
NA
-0.427
2.27594
0.53209
0.1197
0.19822
1.19494
1.05516
0.52985
-1.21479
-0.03638
0.522
0.62
-1.02191
-0.86075
0.657
1.4002
-1.254
-0.597
-0.531
0.523
0.1785
1.3681
0.712
0.04899
-2.777
0.889
1.12948
1.6252
-1.918053
1.63114
-0.42309
-0.115
-1.3661
-2.113
-2.034
0.68376
0.20018
-0.90971
-0.6698
-2.974
-1.254
0.83708
0.06379
0.20744
0.83684
NA
-0.088
0.5089
0.38683
-0.49249
1.0431
0.195
0.792
1.79
-2.013
0.693
1.1248
1.581
NA
-0.523
0.97
0.56332
-0.62491
0.499
1.352
0.2377
0.62451
-0.049
0.19159
-1.54237
-0.608456
1.6079
-1.35
2.97022
2.34434
-0.64772
-0.0168
0.91042
0.288
-0.24257
1.5552
NA
1.03085
-0.138
-0.78244
2.04918
-1.3761
0.3819
-0.017
0.3481
1.19738
-1.29852
0.80111
-0.72
2.65104
-0.014
0.0096
-0.084
-1.554
2.11042
-0.42652
-0.1933
0.472
1.1237
0.6397
NA
-0.19267
2.2
-0.239
0.127806
NA
-0.4345
0.725
0.19694
0.68821
1.4852
-0.713
0.6083
0.573
-0.548
2.949
0.27619
-0.3223
0.739
0.5253
-0.268
-0.04602
0.8547
-0.492197
-0.393
0.182
-1.232
-0.062
1.285
0.8541
-0.2647
0.7418
0.288
-0.6627
-0.3535
0.9973
1.7057
-0.1789
0.4016
-0.4647
0.3336
0.1449
0.501
0.9047
0.991
0.8958
-0.9538
0.04
-1.8893
-0.1371
0.77559
0.8546
-0.1656
0.547
-1.06977
-0.2326
-0.617
-1.2286
0.35717
-0.6472
-2.08763
0.599
NA
NA
NA
-1.44099
-0.08
NA
NA
NA
NA
-0.79971
NA
-0.11985
NA
NA
NA
NA
NA
NA
NA
-0.426
NA
NA
NA
NA
NA
NA
-0.185
0.465
-1.2259
NA
NA
NA
1.144328
-0.24285
-0.045
NA
-1.15922
-0.9673
-1.04
-1.4181
0.472
-0.73021
1.685
-1.072
0.169
-1.90096
0.64055
-0.6365
-0.1582
-1.57
-1.7891
-0.302
0.34739
-0.535
-0.49243
0.61692
-0.325285
-0.366
-0.8125
-0.655
0.591
-0.5007
0.50224
0.754
0.969
-3.2753
-1.6133
0.27152
-0.3498
0.1485
0.4262
-0.0652
1.097
0.07621
1.2515
1.624
-0.5977
0.193
-2.18871
0.43515
-0.3465
0.0795
NA
NA
NA
-2.0984
0.2801
-1.2406
-0.14
0.2946
1.715
0.411
-1.201784
2.4618
1.10487
0.19306
-0.837
-0.272
-0.815
-0.9081
-0.54
-0.4567
-0.6572
0.42
2.0355
0.54536
-0.415
-0.512
-0.76056
1.62658
0.828
NA
-0.5847
-0.32252
-1.066
NA
NA
-1.82996
0.2893
2.535075
0.25324
0.57655
-0.2117
0.212
-0.19504
-1.481
-1.559
-0.339
-1.467
0.952
-1.799
-0.831
-1.6211
0.324638
0.59734
-0.711
1.7357
0.3112
0.38489
0.381
0.32156
-1.03853
-1.344
-1.6132
0.068
0.545
0.236183
-1.1
0.6354
-1.29569
1.0429
1.0909
-0.70478
-2.003
-0.3399
-0.122
-0.966
0.3643
-0.36358
-0.0439
-1.6917
1.5749
-0.8634
1.1238
-1.5893
0.0856
NA
0.0261
0.4045
-2.026
-0.105
0.3182
1.852
-1.1634
0.207
NA
1.14362
-1.959
-0.86
1.15
-1.126115
-0.7872
-1.006
-1.02352
-0.67175
-0.012
0.267
-2.733859
-0.339
-0.54947
0.62
-1.203
-0.041
NA
-1.0837
-1.91133
-0.256
0.3303
-0.06824
0.151
0.013
2.472
NA
-0.27879
-0.03516
-1.1334
-0.48617
-0.324
-1.42
0.757
-1.1099
-3.26154
-1.1941
0.76182
-1.0952
1.50798
0.53016
-1.822
NA
-0.0909
0.08812
-0.58024
0.9292
-0.117
1.17996
1.5238
-0.6642
1.5599
-1.188
-0.30399
0.65622
-0.1651
-0.4916
-1.5834
0.587
NA
0.238
0.525203
-0.3264
-1.279
-0.082
-0.893
1.1115
1.0405
-1.14851
0.665
-0.339
1.19793
1.893
0.2285
0.1034
-1.5171
-0.90083
-0.142
1.55524
0.8455
-0.204
0.385
0.361
NA
1.2789
-2.16808
1.7206
0.62
-0.3029
-1.9715
-0.1622
-1.13583
1.4805
2.094
1.7515
0.24615
-0.7278
-0.6332
-0.5804
0.4147
-0.0729
-0.434
1.54456
0.664
-0.005
-0.681
0.503
0.53299
-1.182
0.195
-0.88425
-1.048
2.1954
1.56632
1.55594
0.9946
-0.2575
0.094
-0.653
0.722
1.3385
-2.501
NA
0.41
0.6759
-0.7287
-2.751
1.78389
0.447
-0.091
2.374
-0.145
-1.591
0.14498
-0.8095
-0.99186
-0.1907
0.1065
0.156
NA
1.09175
-0.76841
NA
1.944
0.3113
-0.9748
-0.599
1.971
-0.914
-1.4456
-0.000206
0.9291
0.3286
1.5443
-0.18
0.8119
1.042
-1.522
-1.0053
0.875
0.7164
-0.100774
0.007
0.482
-1.33082
NA
0.8683
0.825
-1.62945
1.029
0.723
0.1631
-0.239
0.8933
0.309
1.04029
NA
1.02
-0.171
1.155
-0.00808
-1.057
-0.74548
0.606
-0.43198
0.5599
0.896288
0.9137
0.259
0.21582
-1.868
0.037
0.7317
0.432
0.273
NA
-0.53
-0.198
-0.7376
NA
-1.4147
0.9232
0.4374
-0.0827
NA
-1.399995
-0.54383
-0.93327
1.405
0.721301
1.02
-0.95302
0.0371
0.112
NA
2.30663
-0.486
-0.2372
-1.4629
0.0368
0.2383
-0.06091
1.5223
NA
NA
0.55785
1.0057
1.991
-1.155
-1.0892
0.8955
NA
1.1008
0.67329
0.625
0.6589
1.5181
-0.0182
NA
-0.031
-2.61628
-0.1744
-0.0175
0.4016
0.26561
-0.32602
0.95519
NA
-0.2287
-0.188
2.467
NA
-0.574
-0.6536
0.32787
-1.164
-1.272
0.1704
1.0998
0.00573
1.9392
-1.24049
-1.067
NA
1.448
0.3256
0.6925
-0.78472
0.377
-0.3855
0.662937
-1.1687
1.4065
-1.4464
-1.098
0.32119
-1.8226
-0.633
-0.641578
-0.51681
0.0662
-1.3778
1.03325
0.23129
-2.031
0.01718
-0.8211
-0.07934
-0.38672
0.679
0.652
-0.4067
0.35987
1.32
1.24649
-1.36
-1.17251
-2.7216
1.0477
0.3639
-1.168313
0.58779
-0.321
1.21703
-0.35898
-0.074
-1.038
-0.05021
-0.8228
0.51076
1.9406
0.641
-0.1592
1.89847
NA
-1.49155
-0.30726
0.6305
1.86934
1.113227
0.148
0.523
-0.81614
0.914
0.64173
0.7133
0.875
NA
0.16007
0.94931
-0.12749
0.214
1.6501
0.43
-0.447
-1.385
NA
-0.142
-0.6581
0.353
NA
-0.64617
-0.112
0.509
0.0565
NA
-1.458
-0.557
-0.0624
0.87702
1.7224
0.17134
-2.11
NA
1.24
0.7435
0.954
1.6368
-0.263
0.472
-0.41
1.192
1.5926
-0.3421
-1.035
-1.182
1.051
0.9558
-0.219
0.3179
0.208
-2.3918
-1.356
-0.5604
-1.419
-0.612
-0.092
-0.6348
-1.7371
-1.226
-0.72523
1.308
1.563
NA
0.136
-2.34
1.995
NA
-1.212
-0.3155
0.769
0.5512
-0.563
-0.13291
-0.1863
-1.192
0.5991
-1.23002
0.6753
0.699177
0.1328
1.47573
0.1138
-2.252
0.172
-0.97229
NA
-0.3647
2.4718
-1.0518
0.4188
1.504
-0.0978
0.1721
0.61706
1.2081
-0.18
-2.04616
NA
0.238
0.74605
-0.601729
-0.5502
0.719
0.803
0.2929
-1.35
-0.2859
1.4181
NA
-1.607
-1.6538
-1.3047
-0.6651
-0.6944
-0.73484
-1.55961
-0.1951
0.71985
-1.679
0.1313
0.04706
-0.43564
0.8596
NA
-0.57638
-0.07
-0.6717
-1.22002
-0.7447
0.7219
0.264312
0.526
-1.114
-0.74788
-1.41005
NA
0.722
0.954
0.6319
-0.037
0.9411
-0.3446
0.3919
1.16
-0.2805
1.438
0.581
0.227
0.82772
-1.092
0.722
-1.06186
-0.8227
-0.529
-1.75272
-0.6682
0.906
0.84371
1.184
-0.581
0.797
-1.295199
-0.5876
-0.1155
-0.07075
-0.82343
0.304
-0.4075
0.793
0.99373
0.5373
-1.1842
0.081
-0.273
-0.4381
0.030916
0.1
-0.3343
0.59
0.3009
0.3217
-0.5926
0.939
-0.647
0.501
-0.982
0.25434
1.174
-1.4971
-0.96538
1.44415
-1.269
-1.038
1.2976
NA
-0.97
0.1769
-0.684
0.81
0.62455
0.297
-0.86639
-1.0407
-0.6161
0.14777
0.3431
0.42183
-1.6881
0.0481
1.461
-0.97402
-0.753
-0.4212
-0.3
-0.88122
0.9227
0.462
0.2232
1.2096
0.71835
-0.3459
-0.741
-0.467
-0.7743
-0.437
-0.3567
-0.056
0.9008
0.09941
-1.6401
1.7502
1.8886
-1.958042
-0.4029
0.294
0.089
0.969
0.2014
-0.926
1.0831
1.117
0.8737
1.1338
-1.4681
0.404
0.4402
-0.29873
0.8001
-0.656
1.9831
-1.714
-0.391
-0.076
-0.3214
-2.7493
-1.27
-0.0865
0.599
0.2
-2.81183
-0.6335
-1.111
-1.2609
2.805
-0.6815
-0.1499
0.796239
1.4123
-0.1642
-0.404
2.209659
-0.7394
0.332
-1.0749
-1.107271
-1.167
NA
0.584
-0.72718
0.2518
0.669
-2.2137
0.2602
0.8291
1.5004
-0.901
-0.399
0.46733
-0.0803
-1.3078
0.946
-0.54813
0.089
-0.2543
-1.484
0.036
0.788
-0.7484
-1.575
1.012
3.0142
-0.2538
-0.1104
-1.7851
0.0619
0.264
1.1441
2.623
0.0316
-0.486
2.00374
0.61265
-0.75211
0.503
-1.447
-0.14533
-1.75792
0.062
-1.3986
-0.0987
-0.031
-0.896
1.4033
0.495
2.229
0.7045
-1.22303
-1.204
0.41054
0.62751
-1.18364
-0.75256
-0.634
1.282
-0.57
-2.258
-1.38255
-0.63654
-0.738
-0.00295
-2.10709
-1.97
-0.459
2.12286
0.162
-1.94
-0.6616
-1.179
1.99174
-0.00242
-1.35623
0.22262
-0.65875
0.11119
0.81
0.724
0.87598
0.2689
-1.55458
-0.771
0.27983
0.73118
-1.176
1.24665
0.43591
0.751
-0.56237
-0.135
-0.27224
0.53165
0.498
0.60674
0.3187
0.304
-1.1089
-0.6903
2.135
-0.1227
0.1763
0.1661
-0.0424
-0.949
0.13866
0.933
-0.613
0.3846
0.9427
-1.344
0.508
0.391
0.3995
-1.2057
-0.251
0.792
-0.749
0.202
0.077
-1.75249
1.102
-1.3659
-1.6971
-0.423
-1.804
-0.7133
-0.148
0.3
-0.8534
1.0816
-0.5562
1.492
0.112
1.315
-0.461
-0.524
-0.1641
-0.234
-0.445
0.2932
0.16
1.011
-1.58608
1.1596
-2.027
0.2045
1.5489
0.8485
2.6628
-0.022
-1.747
-1.88
0.63225
1.444
0.661
0.981
0.5681
-0.586
1.5797
0.194
-1.104
0.445
0.64892
-0.627488
1.6785
-0.8187
-0.6591
-2.0948
0.011
2.1824
0.45
-2.364
1.784
1.15
0.062
0.24395
0.1868
-0.8
-0.069
0.1542
-1.137
0.061
-1.565
-1.435
0.05
-0.2563
-0.1493
2.19093
0.42869
-1.8567
-0.36769
-0.9875
0.3692
-1.05812
0.829
0.6954
0.32934
1.6767
0.511
0.7205
0.795
0.157
-0.023593
-0.7047
0.608
0.24794
0.37548
1.02486
-1.75
0.8242
0.70614
1.0191
1.457
-0.21348
-0.221819
-0.29953
0.52
-0.97666
0.386
-0.96073
-0.2391
-1.1738
-0.123
-0.203
-0.942
1.109
0.118
-0.0795
-0.5265
0.58486
-0.00878
0.957
0.2449
0.659
-0.5303
0.197
1.14463
1.81712
0.427
0.063
1.018
-1.552
-0.0608
-1.082
-0.145
1.66978
-3.018721
-1.072
-0.146
0.351
1.101
0.5683
0.539
0.5772
-1.01796
0.43685
2.17741
0.016
0.3901
0.712
-0.2373
1.431
-1.01
-1.203
0.892
-0.1937
1.32029
-0.9174
-1.47693
-1.03969
0.655
-3.5404
-0.2674
-0.074
-1.00117
0.284
-2.163872
-0.816107
0.936157
-1.26773
1.395
0.80544
-0.857
0.236258
0.933599
1.560597
-1.492
-0.942468
2.362255
NA
-1.061
-1.86565
-0.717138
0.72359
0.69
2.182
0.672
0.711
0.153153
-0.514594
2.216
-0.130233
0.286
0.711
0.784231
-1.6947
-0.400615
-0.756
-0.86275
2.082
-0.607234
-0.100837
0.851
-0.603
1.558534
-0.426372
-2.9688
-0.696
2.101972
-0.56
0.508
-1.487471
-0.696
0.451113
0.52869
-0.427
0.4491
-1.345486
0.052
-0.955
-0.050981
-1.249
0.324918
0.20832
1.432334
0.14127
1.457617
-0.116
1.117
-0.21301
-0.134
-0.767504
-0.517
1.665409
-2.013
0.13315
0.428
2.2278
0.000387
-0.658
0.99059
0.95775
0.07597
-1.00023
1.163702
0.13848
0.6961
-0.446939
0.611
1.284
0.26195
0.297
1.501432
0.984
-0.21296
0.71107
0.047
1.95934
-0.70607
1.262
0.12453
1.265
-0.6588
1.25999
0.05843
1.24969
-0.43723
-0.734
-0.826
0.39684
1.965
0.60924
-0.399
0.259
-1.16
0.26379
1.30477
-0.60787
-1.159
-0.71296
-2.16082
-1.527
-0.14416
-1.944
0.22702
1.399
-0.204
0.491
0.4025
0.1478
0.98757
NA
-0.279
0.71478
-0.4232
-1.052
1.309
-1.0071
0.0266
0.7939
-1.49423
-0.9778
-0.8605
0.28873
0.1457
-1.7442
-1.02
1.3901
0.445
0.18774
1.089
-1.676
0.4605
1.5393
NA
1.0765
1.206
0.438
0.97333
-1.159639
-1.49121
2.27
0.08
0.067
-0.2301
-1.23946
0.175
-0.606
0.41642
0.3372
-2.25817
0.4334
1.6457
0.3687
-0.00956
0.242
NA
-0.21
0.9978
0.042
-1.2092
1.6056
-0.1703
1.25264
0.68726
-0.142
0.46824
0.82
-0.345
0.7351
1.80702
-0.1404
-0.663
-1.759
2.1817
1.2811
1.03267
1.22
1.7747
-0.22561
-0.64861
-1.765
NA
-0.3166
-0.2708
0.014
-1.507
1.5031
-1.819
-1.088
-0.6161
-0.1502
NA
1.663
-0.62838
0.028
NA
0.42682
-0.588
-0.8493
0.0923
0.87308
0.66638
-0.86061
0.9779
-0.3903
-1.116
1.1454
-0.57039
-1.8247
-0.8422
0.45996
0.4717
0.95121
0.5908
-1.801
NA
1.4823
0.68152
-1.8214
1.348
-0.289
NA
0.0451
0.503
-0.3841
-0.3821
-1.822
2.26446
-0.64556
1.94431
1.153
-0.13426
0.00585
-0.8218
-0.5129
0.6331
0.608181
1.0393
1.5742
-0.6569
0.1523
0.557
0.54922
1.45
-0.0943
0.698
-0.632
-0.7516
-1.3799
-0.96225
-0.1428
1.364
1.23551
-0.943
-0.7898
0.6208
-0.9918
-0.4476
0.2457
1.6856
1.00577
-0.883
-1.3192
-0.631
0.00837
-0.13235
-1.412
-0.819
-0.049
0.2882
-0.35
0.0151
-3.5671
-0.41184
-0.57
1.067
1.021
1.8527
0.202
1.131
-2.806
-1.074
-0.143
0.166
-1.565
0.742
0.55918
-1.849
2.9306
NA
0.624
-0.812
0.254763
0.682
0.607
-0.605
-1.189
-0.013
0.796
0.529
-3.236
-1.7473
0.11921
-1.438
0.238
1.551
-1.024
0.8168
-0.1843
1.977
-4.425
0.6683
-0.995
-0.3822
-0.4664
0.513
0.266
-0.379964
-0.109
1.027653
-0.23246
-0.802
0.553066
0.7752
0.706
0.77402
-0.62239
-0.257
-1.139
-0.5922
-0.544
-0.117
-0.5245
1.58872
-0.73225
-0.936
-1.5068
0.51532
-0.1038
-0.77237
1.2006
-0.451
-1.3812
0.689
NA
1.1947
0.7439
-0.464
0.48917
0.17
0.206
1.171
-0.7975
-1.05
1.314011
1.0077
-0.705199
-0.8243
-0.5322
-1.857
1.08306
1.668
-2.448
1.491
-0.86236
-1.977
-0.166
-1.05941
0.921402
0.367
-1.101
1.1262
-0.21399
-0.8383
0.775746
-0.54855
-1.8097
-0.058484
0.042
-1.13306
-1.66163
2.101
0.085881
0.141
0.64309
-0.06588
-1.00526
0.74537
1.2086
0.51
0.089
-1.1015
0.18383
-0.926
1.7809
-0.15399
-0.0939
0.195
-0.77985
-0.692984
-1.9846
-0.723
-0.7884
1.119
0.34
-0.6102
-1.127
0.5238
1.2746
0.208
0.69994
NA
NA
-1.324
-0.472
-0.489
1.075
-2.21666
0.015
0.89018
0.357
-0.21788
-2.05778
0.1263
0.5244
-0.05102
1.11652
0.8678
1.62495
NA
0.074
-0.25089
0.5234
-2.402
-1.14111
0.8024
0.1093
NA
1.02
-1.2115
1.446
-0.0916
0.3987
-0.802
0.73
0.20737
-0.1825
0.52807
1.7793
1.13198
-0.465
-1.192252
-0.4614
-0.578
0.3617
-0.74999
0.52603
