-0.02306
0.613
0.931
1.55447
-1.71215
0.342
-0.757
-0.73147
-0.3313
-1.06285
-0.4963
-0.251
0.6918
-0.06189
-0.42306
0.48494
-1.12322
-0.648
-1.41627
2.355
-2.19841
1.5462
-0.387
-2.24912
0.768
-1.286
-1.339
0.7653
0.0801
0.575
-1.44066
2.1097
1.30823
-0.2887
0.487
0.643
0.8574
-0.16578
-1.9883
-0.293
-1.6709
0.6267
0.632
1.9615
0.868
0.092
-0.803
-0.062
0.255
0.7112
0.0635
-0.4033
1.19
-1.027
-1.7327
-0.25702
0.22232
2.40823
0.8688
1.1358
0.6885
1.3432
1.437
-0.449
-2.995
-0.756
-0.53
0.129
-0.196
0.815
0.3745
0.1647
-1.406
-0.70753
-0.5811
-1.793
-1.9423
0.203
2.703
1.1653
-1.678
-0.84098
-1.97087
-1.125
2.52937
-0.44104
-0.74387
0.5349
0.903
-0.64009
-1.6762
1.0433
0.0593
0.571
0.772
0.535
0.1345
-0.1195
-0.559
-0.70792
-0.672
0.174
0.25597
-0.54333
-0.6431
0.3925
0.796
0.057
-1.3377
-0.05
1.4867
-1.39894
-0.4447
0.20538
0.028
-0.00457
0.40435
-0.42272
0.58842
1.1046
-0.214
0.6073
-1.68031
-0.91013
0.802
0.045
1.4794
0.35136
-2.17597
-0.7952
-0.16411
0.581
2.51758
1.2017
0.0215
0.82481
0.39648
1.164
0.4899
0.9116
1.5446
-0.407
0.321
1.36385
1.48411
1.02166
0.69629
0.91
-0.44419
-1.0101
-0.45535
1.75582
-0.121
0.264
-0.366
-0.1353
0.677
-0.5747
0.2717
0.868
-0.322
-0.1981
2.3602
0.3126
-3.593
-1.147
-0.4584
0.008
1.0508
0.7283
-1.3918
1.6977
1.273
0.182
1.505
-0.189
0.352
-0.162
-0.381
-0.102
1.7793
-0.4067
0.476
1.1184
0.3406
-1.7725
-0.2972
1.1461
-1.0787
0.5019
1.045
-0.8512
0.5304
1.004
-0.7732
-1.077
-1.3247
-0.9374
-0.673
1.2723
0.145
-0.6868
-2.1339
-0.118
-0.993
0.3096
0.8205
-0.6852
0.087
-2.012
0.0846
0.4345
0.483
0.00141
-0.514
-1.29
-0.81593
-0.46767
-0.16503
0.046
0.544
0.57055
-1.198
1.12149
1.2329
1.5933
0.02026
0.4434
-1.0494
-0.151
0.9077
1.626
-0.204
-1.0401
-0.152
0.6097
0.487
0.019
-1.36006
-0.23
-1.342
-0.944
-0.9004
1.93485
2.19217
-0.48316
-0.46638
0.04412
3.55
-0.32808
-0.20215
0.907
0.26072
-0.3555
0.73171
1.543
-1.73969
-2.50851
-0.308
-0.52283
-0.222
1.74215
1.93725
0.44094
NA
-0.30969
0.852
0.541
-0.262
1.864
-0.4337
0.1081
1.1421
0.0282
-1.95
0.5577
-2.281
-0.6817
1.126
0.19755
1.46726
0.06816
-2.159
-1.02689
-0.259
-0.078
0.3121
0.423
-0.759
0.18875
0.346
-3.7784
-1.656
-1.03674
-0.438
2.207
-1.5838
0.6363
-0.0201
-0.2142
-0.147
1.054
-0.6372
0.254
1.1483
-0.1706
-0.1349
0.4774
0.907
-0.4967
1.2536
1.3612
1.6937
-1.6746
2.0204
-0.7411
1.141
0.482
1.4081
0.347
1.214
0.7049
-1.3532
-0.7924
-1.0693
-0.7611
2.545
NA
1.137
1.889
-0.983
0.0958
-0.0802
-2.2682
-1.1761
-0.121
0.87979
-1.52548
-3.181
0.134
-1.22514
-1.07507
-2.121
-0.288
-0.574
1.051
-1.14194
0.698
-1.1481
0.142
-0.113
0.871
-1.0872
-0.4055
0.7996
-0.51
0.4839
2.0959
0.629
-0.69
-0.4941
-1.0644
0.762
-1.2431
1.3397
-2.517
0.733
-0.31334
0.62
-0.92042
-0.53293
0.07597
-0.42458
3.029
1.549
0.69917
0.31298
0.42284
-0.8596
-1.419
0.0816
0.83927
-0.0552
1.0314
0.916
0.7003
2.354
0.3085
0.3423
0.4069
-0.9106
0.2725
-0.73018
-0.285
0.43
-0.822
0.669
-0.5974
1.1904
-0.013
2.701
-2.0968
-0.138
-1.01955
-0.24683
1.143
-0.648
0.73263
0.5383
0.581
0.67102
-0.0909
0.665
1.58027
0.675
0.71964
-1.06626
0.9616
0.1612
0.6171
1.4081
-0.0122
0.9588
-1.1906
-1.041
2.945
-0.003
-1.704
-0.5798
NA
0.156
NA
NA
0.741
-0.099
0.5927
-0.128
1.5772
0.516
0.322
1.3988
0.446
1.3444
0.4456
0.236
-1.3449
-0.175
-1.1891
1.305
0.544
-0.5205
-0.363
1.101
0.63539
0.321
-0.084
0.7858
1.18282
0.344
0.19727
-0.788
-0.189
-0.953
-0.4024
1.0119
0.5964
-0.8142
0.351
-3.295
0.6428
0.73884
-0.59127
0.6697
1.229
-0.8366
1.30799
1.038
-0.82
-0.888
0.1108
-1.528
1.39888
0.7523
-1.50054
-0.02223
-0.3528
1.1767
0.38155
0.0671
-0.3403
-0.812
0.69663
0.749
-0.01714
-0.16776
-1.493
1.90508
1.23561
0.004
0.744
-1.791
1.4842
0.313
0.1607
1.15091
0.696
-0.947
-1.547
0.2642
1.06321
-0.424
1.2917
-0.5134
0.1981
-0.80784
0.186
0.9989
0.6306
-0.4516
0.808
-0.0714
-0.4
0.985
-0.32985
-1.01165
-0.92499
-0.683
0.88421
1.2288
0.125
1.4052
0.5675
-0.48917
1.018
-0.2238
0.508
-0.11016
-0.9635
0.00762
-0.858
0.5396
-0.9353
0.779
0.2236
-0.62401
-1.45438
0.42111
-0.7
0.6534
1.569
-0.962
-1.0771
-1.0088
0.544
0.822
-0.389
0.52071
-0.498
1.017
0.67451
0.9207
0.3366
0.518
0.4432
1.086
0.3859
1.727
-0.3532
-0.265
-1.964
0.1154
NA
NA
NA
-0.261
-0.8795
0.3652
1.6406
-1.394
-1.614
0.0938
0.4943
-1.825
0.755
-0.2612
0.2402
0.6726
0.5272
0.4371
0.575
0.5788
-0.1838
1.9571
-0.9192
-0.97
1.7663
2.113
0.322
-0.5384
-0.29799
1.69
-0.60588
-0.009
0.34081
0.5939
-0.47
0.276
1.0393
1.4443
-0.826
0.9764
0.6702
-0.7981
-0.0843
-0.527
0.64
-0.1187
2.457
-0.2497
-0.7478
-0.586
0.1518
0.6109
-0.9768
-2.128
-0.824
-1.9925
1.218
0.655
-0.0542
-0.067
-0.28374
0.44703
-0.21311
-0.586
0.647
-0.367
1.87519
-1.196
-0.07875
-0.12151
-0.67217
-1.1318
-1.1483
0.6179
0.179
0.52342
-0.861
1.896
-0.0254
-0.459
1.605
0.56984
0.21121
0.11427
0.416
-0.24139
0.97779
-0.652
1.18686
-0.67867
-1.37439
-0.35715
-0.044
-0.32377
0.485
0.2013
1.7385
2.0283
2.5528
0.2338
0.4302
-0.64017
0.581
-0.55386
-0.218
-3.14582
-0.38698
0.168
0.15772
3.412
-1.365
1.48482
-1.584
0.30505
0.51916
0.00304
0.371
-0.4509
-0.757
-1.27
1.3519
0.5947
0.217
1.2383
1.4184
2
0.5209
-0.20969
-0.74938
-0.83827
1.163
-0.30746
0.60964
1.40435
-2.2364
0.7099
-0.3518
1.9958
-0.825
0.0779
-0.242
1.0362
0.167
0.3936
-0.8754
-0.952
0.0572
0.2293
0.6219
1.4363
1.0146
0.221
-1.4721
-0.8081
-0.03791
0.6666
0.3566
1.24123
-0.796
-0.2952
0.86
-0.882
-0.18097
0.8527
-0.0854
0.62
0.2892
-0.9506
-0.11
0.869
-0.84447
-0.13309
0.65742
-0.341
0.179
1.318
2.354
-0.70104
2.1114
3.00849
-0.148
-1.091
0.9086
1.4939
0.95507
-1.096
-0.45497
0.872
0.54
1.29
1.704
-0.5651
1.6063
-1.4963
0.1945
0.6804
0.44568
0.381
-1.145
-1.076
0.1812
0.33326
-0.83734
0.5269
-1.3067
-1.504
-0.889
-0.21322
0.097
-0.736
-0.16422
-0.408
0.7904
1.63831
1.042
0.882
0.10548
-0.359
0.01845
1.37431
0.049
-0.0314
-0.615
-0.938
-0.04124
-0.349
1.1424
0.37302
-0.412
0.31677
-0.16
-0.135
0.923
-0.357
0.287
1.261
2.3325
-0.283
0.192
0.45772
-0.5319
-0.16999
-2.287
1.6427
-0.16
-0.0523
-0.984
0.242
0.6319
0.666
-1.69154
NA
1.2657
-0.67344
2.236
0.70991
-0.961
-0.34397
0.09784
0.387
0.474
1.235
1.045
-0.09444
-1.17857
0.323
1.44182
0.0291
-0.103
-0.3301
-1.2681
1.0185
-1.12
0.66438
-0.8105
0.13474
-1.317
0.618
1.28749
-0.252
-2.62962
-0.71701
1.409
0.16607
0.132
0.0887
-1.08763
-0.20432
-0.76509
2.90421
1.10535
0.97293
-1.76027
-0.347
0.728
0.49035
-0.27
-0.647
-1.257
1.359
-1.259
-1.04664
0.757
0.8227
0.647
1.485
-1.66743
1.106
1.0634
0.066
0.639
-1.7889
0.635
-0.956
-0.31817
0.5629
1.12057
0.60328
2.9411
-0.623
0.18991
-1.006
-0.0765
-1.2855
0.84991
-1.039
0.9836
-2.045
0.5786
-1.665
1.8418
-0.3991
1.2386
-2.5609
1.5118
-0.07
-0.4705
0.4175
-0.2451
-0.1014
-1.5547
-1.10504
-0.219
1.033
0.616
-1.7614
0.5778
0.3253
-1.3819
-0.814
0.15962
-0.51529
0.93472
-0.485
0.448
-0.568
0.58
-0.6545
-1.202
-0.22728
1.266
1.389
1.188
0.0502
0.0375
-0.63687
-2.4666
0.359
-0.92514
0.802
0.49377
1.112
-0.203
-0.13282
0.72097
-0.21843
0.86393
1.10977
-0.061
-0.421
-1.155
-0.58874
-1.151
0.91276
-0.2052
0.70935
-0.963
2.001
-1.89996
-0.5623
NA
-1.94385
0.45218
0.69846
-0.1311
-0.3285
-0.166
0.449
0.236
-1.202
-0.0472
-1.5568
2.05405
-0.16397
1.869
-0.5406
0.533
-0.526
1.68461
0.677
-0.3437
0.594
0.08895
-0.22
-1.6045
-0.955
-0.937
-1.297
1.695
1.328
0.19538
-0.9307
1.08717
0.716
-0.3194
1.121
0.91273
-1.237
1.449
-0.07059
0.08682
-0.52
-2.5002
-1.10982
0.62609
-0.00581
1.2207
0.202
-0.164
1.86232
0.169
1.0441
1.2642
0.781
0.182
0.5683
-0.836
-0.0627
-0.094
0.449
0.43199
1.204
-0.57049
-0.38598
NA
0.94886
0.47498
0.2924
-0.63628
0.323
-0.9058
2.66402
0.79511
0.979
-1.163
0.60109
0.06852
-0.054
-0.9214
-0.91737
-1.4924
-1.75862
-0.322
0.8648
-3.48719
0.2754
1.34067
-1.06576
-0.04384
0.881
-2.4803
0.865
-1.63
-0.2171
-1.812
-0.34757
1.95192
0.542
1.307
-0.445
0.38144
2.028
-1.8981
-0.2274
0.6748
0.9166
-2.1103
1.596
0.394
1.03
1.9272
-0.1493
-1.15598
-0.99029
0.413
-0.083
0.17704
-0.54378
-0.525
-0.35501
0.711
-1.5346
2.74731
0.81811
0.87651
NA
0.8957
-0.5934
1.223
-1.652
1.5017
-0.78012
1.051
-0.067
-0.057
1.15362
0.662
-0.9899
0.1017
0.0692
2.1096
0.455
0.621
-0.029
-0.17045
-0.00457
-0.2652
-2.641
0.28927
NA
1.39635
-1.408
0.4467
0.55516
-0.586
-1.58153
0.73784
-0.2397
-2.354
0.7761
0.657
0.01326
-0.26973
-0.089
-0.00869
-1.9865
-0.7717
-1.2014
-0.5383
-0.2647
0.76724
-0.242
0.074
1.365
-0.00661
-0.3225
0.364
-1.4115
0.0345
-0.448
0.39818
-0.09122
1.142
0.99251
NA
-0.92268
1.81
NA
-0.16408
0.30627
-1.703
0.69427
-0.7751
0.637
0.02622
1.315
-1.9159
-0.9795
0.0471
-1.5232
-0.322
-0.434
-1.2616
-0.85765
-0.2765
1.85
-3.6538
-0.0432
-0.85999
0.1966
0.8988
-2.377
0.99963
-0.5903
-0.467
-0.68473
0.286
1.104
-0.907
-1.0836
-1.808
-0.0683
-1.165
0.88648
0.1403
-1.717
1.128
-0.496
-0.4968
1.882
-2.2077
1.7611
1.307
1.0888
-0.0796
-1.674
0.6696
-1.1824
0.752
-1.4353
0.87536
-0.5485
0.93413
0.09214
0.4536
-1.158
0.58682
-1.67
-1.307
-0.3268
1.448
-0.123
0.8142
-0.451
1.228
1.28218
2.0825
-0.5619
-1.094
1.14322
-0.875
0.90871
1.129
0.9955
0.6445
NA
-0.68421
-0.322
-0.609
0.13361
0.6471
0.81407
1.8973
0.897
-1.33455
-0.081
0.41748
1.035
1.2627
-1.224
-1.0469
0.34025
1.5684
-0.48177
-0.72645
-0.02425
-0.45744
0.93843
-0.13904
NA
-0.0695
2.41201
1.122
1.56967
1.175
0.803
-0.97601
0.873
0.215
-0.63629
-0.274
-0.3366
1.05
0.0935
0.6033
0.828
0.64
-1.101
-0.686
0.753
-1.6957
-0.57992
0.947
3.1264
1.441
0.08
-0.557
0.6279
-0.73802
-0.329
NA
0.6798
-1.09366
0.9784
-1.8746
NA
0.055
-0.157
1.22175
-0.0325
-0.06
-0.934
-0.44683
0.66772
0.17657
-0.5142
0.70098
1.955
2.571
-0.058
0.712
0.77297
-0.0421
2.50834
0.347
-1.10338
1.035
-0.07089
-0.30578
NA
0.9041
-0.69857
1.3633
0.45474
-1.52964
-1.3794
NA
-0.13265
0.947
-1.43149
2.304
1.7043
1.515
0.166
-0.886
0.13387
-0.225
NA
-0.105
-1.119
0.074
0.6619
-1.9027
-0.55
0.159
-0.4253
-1.54891
0.3945
-0.6439
-0.23
0.43638
1.1476
0.974
1.292
-0.18109
NA
-0.265
0.5162
-0.33838
1.1997
0.16343
2.949
-0.04189
-0.4372
0.341
-0.4642
1.0359
-0.062
-0.8308
1.0421
-1.163
2.38616
-0.08
-2.1101
0.2523
-0.588
-1.6978
-1.532
0.459
0.8811
-0.61519
-2.0846
0.072
0.5025
0.52402
NA
NA
0.5604
NA
0.2307
NA
NA
NA
NA
NA
NA
0.01855
NA
NA
NA
NA
-0.19454
NA
0.0587
0.1589
-0.2294
0.038
-1.709
-0.41667
-0.33289
-0.535
3.13646
2.0312
0.591
-0.0717
-0.31418
-1.4787
-2.1067
-0.3132
0.0176
0.6315
-1.5014
0.438
-1.23381
-0.15306
NA
NA
0.293
-1.50542
-1.9438
-0.725
2.3623
0.06479
0.7258
-0.80388
-0.837
0.48906
-1.328
-0.24
-0.197
-0.66674
-0.4969
0.8633
1.165
-0.09963
0.4971
0.95319
NA
-1.164
0.332
0.703
-1.41042
-0.209
0.85076
-0.51149
-1.481
-1.559
-0.0876
-1.475
-0.0153
-1.6928
-0.50329
-0.1105
-0.33008
0.86781
1.7323
-0.711
1.8624
-0.0891
-0.0359
-0.0914
-1.344
0.5756
-0.9143
0.545
-1.268
-0.575
0.422
-0.966
0.3726
0.46287
NA
-0.941
1.78648
-1.683
NA
-0.3601
NA
-0.804
-2.026
-1.00321
-0.8271
-1.318
-1.01
NA
-1.959
0.1967
-1.154
-0.091
-0.669
-0.408
0.34291
-2.042
0.4441
-0.563
0.07501
-1.203
NA
-0.116
0.005
2.56711
-0.38789
-1.4668
0.757
0.1583
-0.893
0.875
-0.72868
1.5829
0.68774
0.478
-1.95616
-0.844
0.269
-0.61537
1.48936
-0.3
-1.62174
1.14
-0.769
0.159
0.5469
-0.3654
0.1769
-1.3139
-1.279
-0.082
-0.893
-1.0167
0.5854
-0.016
0.9798
-0.406
-0.34
-0.142
-0.6737
-0.941
1.816
0.4616
0.0897
0.375
-0.65538
0.8143
0.3858
-0.39259
-0.489
-0.83346
0.7642
-0.18
-0.4393
0.545
-0.87596
-0.2958
-1.152
1.56029
1.339
1.552
-0.36134
-0.2538
0.189
-2.4579
-0.59
-1.10065
0.33627
-0.14
2.692
NA
0.4648
-1.93535
0.0067
-1.17961
2.135
-0.9603
NA
1.165
0.157
0.1951
NA
NA
-0.599
-0.413
-0.691
-0.40373
1.042
-1.4607
-0.015
0.18281
0.6133
0.5639
NA
0.142
-1.3622
1.0766
0.76615
0.9119
0.309
NA
1.02
0.4846
0.9169
-1.1368
0.037
-0.698
1.031
NA
-1.82407
-0.2995
NA
-1.388
1.405
-0.32805
0.86629
NA
0.32672
-0.2656
-1.2659
0.1701
-0.674
1.0486
NA
-1.993
0.1137
0.7782
0.438
-0.2119
0.19373
-0.17235
NA
-0.103
-0.522
-1.1009
0.9304
-2.1602
-0.16
-0.072
-1.48658
-0.25327
0.14
0.5455
2.467
-0.447
-0.7675
-1.2141
-1.019
NA
0.611
0.2698
2.1641
1.86351
-0.943
-0.754
1.142
0.23779
-1.419
-0.3245
-0.50987
-2.3288
-1.4204
0.36525
-0.403
0.9454
0.637
0.652
0.03508
-1.603
-2.27482
0.02428
-0.579
1.14713
0.386
-1.5353
-0.001
-0.0195
-1.672
2.6572
1.361
-1.0949
0.46027
-0.52128
1.873
0.875
-1.753
NA
-0.048
0.2732
-0.751
NA
-0.9821
1.293
-0.163
-1.454
2.3081
-0.11834
2.0691
NA
1.24
-0.7335
1.11825
0.2459
0.214
-1.23155
-0.722
-1.182
-0.1661
-0.0483
-1.3306
1.1804
-0.8415
-0.346
0.80591
-0.922
1.8886
NA
-0.375
0.56882
-0.2602
NA
-1.541
-1.168
0.769
1.137
1.3333
-1.366
0.09896
1.161
-0.861
0.2186
0.2694
-0.71032
1.28569
-2.252
0.34172
NA
-1.0213
-1.4311
-0.021
1.016
0.573
-0.55377
1.1617
0.238
-0.05495
0.348
-0.2855
NA
-1.682
-0.5341
-0.55635
-0.112
-0.3156
-1.0858
-0.585
-1.351
0.093
2.1627
1.7976
NA
-0.389
-0.07
-0.814
0.964
0.00288
-0.17125
-0.4103
1.639
-0.48429
0.3553
1.202
-1.15309
0.639
1.19513
0.03648
1.201
-0.4991
0.581
0.903
-1.092
-0.75748
0.83853
-2
-0.073
-0.70184
-0.85678
1.141
1.02
-1.26691
1.12041
-2.16
-0.4126
-0.4751
-0.5444
1.84136
0.59
0.2893
0.28171
1.2622
-0.9112
0.981
-0.86513
-0.17657
-0.064
-1.26781
NA
-0.97
-0.63688
0.02982
0.8185
0.2521
-0.721
0.326
0.8478
-0.722
-1.4432
0.34466
0.071
-0.753
0.41
-0.44265
-1.71727
0.462
1.1426
-0.202
-0.9493
-0.3426
-1.0042
0.387
-0.1058
-2.2787
-1.8068
-0.23349
0.53566
0.6445
-0.2715
1.9715
-2.689
-0.9642
-0.671
0.298
0.1028
-0.907
-1.931
-2.1206
2.9948
0.735
2.4232
-0.8426
-1.30002
-0.24533
-1.31354
0.706
0.395
2.121
-0.235
-0.8536
0.97955
-1.84557
-0.11965
-0.797
-1.7613
-1.111
-0.0491
-0.09271
-0.99203
1.556
-0.59866
-0.07471
-1.1964
1.11918
-1.39283
0.4231
0.584
-0.31818
0.3141
-0.69629
-0.276
0.7432
-1.4948
-0.133
0.378
-1.69092
0.44914
-1.252
1.379
1.07614
-0.6947
-0.61198
-1.56844
-2.0735
0.062
0.65585
-0.7702
0.2041
2.17549
-0.00882
-0.42748
0.83939
-0.89575
0.75698
-0.634
0.43942
-0.654
-0.6094
-0.8814
-2.00548
-2.71
-2.2456
-0.919
0.162
-1.3773
-0.841
1.9953
-1.394
0.869
0.81
0.6269
1.215
1.56953
-0.9548
1.088
-0.616
-0.293
0.876
0.498
0.324
0.1297
-0.49756
-1.4455
-1.64885
0.846
-1.5833
-0.543
0.0294
-1.1808
0.16301
-1.8688
0.9942
1.203
0.6769
0.5033
0.391
0.0241
-0.9549
-0.29589
1.3049
1.179
0.0311
-0.6307
-0.7386
-1.843
0.3
0.2432
-1.236
-0.654
0.2569
0.4996
0.725
0.1955
0.5792
-0.206
0.5663
0.3004
0.9609
-1.787
2.0081
-1.1975
0.2468
1.7132
-1.0279
-0.075
0.4072
0.6626
0.8681
1.6831
0.688
-0.015
0.015
-0.448
-0.069
-0.2055
-0.8502
-0.386
-0.4712
0.9267
-0.3267
-2.273
0.107
-0.4179
0.5145
2.08
-0.52879
-0.9084
-1.055
0.71322
-0.56529
-0.24914
-0.787
0.15762
0.8249
0.07509
-0.021
-1.01
0.7321
0.19962
-0.123
0.7373
-0.46202
1.109
-0.21063
0.048
1.0967
-1.323
0.7167
-0.60596
0.39
0.70506
1.3931
1.559
-1.3165
0.96168
0.625
-1.225
1.12781
0.539
0.8809
-1.06375
1.783
-0.529
-0.482
-0.611
0.3828
-0.18222
-0.10081
0.655
-0.25136
-0.56891
-0.88166
0.685
-1.4825
0.7663
-0.8796
0.48271
0.324
1.395
1.21495
-0.37825
0.892
-1.69048
-0.44825
-1.05008
0.29175
-2.1318
-0.191
0.672
0.38276
1.957
0.69
0.672
0.711
-1.45561
-1.717
2.216
0.9208
NA
1.96183
NA
0.068
-0.41383
-0.4671
-0.0258
0.508
0.65448
-0.4694
0.0679
0.20966
-0.20381
-0.181
1.65781
0.01609
0.31475
0.5994
-1.23386
-0.171
-0.39629
1.50571
0.13978
0.914
-0.222
-0.22186
-0.5979
0.15492
-1.05567
-0.31821
0.08881
1.01521
-1.907
0.00717
1.63167
-1.14391
1.284
0.19541
0.3655
0.44021
0.149
1.32751
1.923
0.68
-0.37205
0.883
-0.3435
-0.227
0.428
0.51725
1.07231
-0.2275
-0.10932
-0.314
0.157
-1.16
-1.077
0.0977
-1.37004
1.08
-0.66954
-0.8631
-0.1477
-0.72168
-0.122
0.039
0.2791
0.20006
0.61
NA
-1.62289
1.51937
0.3114
1.3072
0.661
-0.819
-0.85356
-0.5052
0.923
-0.243
1.089
-0.8471
0.00443
1.11225
0.687
0.93703
0.875
-1.51098
-0.37792
-0.1549
-1.2549
-2.47396
-0.3778
-0.64952
0.315
-0.809
1.419
-0.0906
-0.542
-0.032
-1.1045
1.1372
0.472
0.6178
-1.87012
NA
0.21
1.6
-1.0979
-0.8908
NA
1.663
0.155
NA
-1.528
1.37327
1.4903
1.53113
0.1988
-0.89765
-0.499
-0.50138
-0.29
-1.848
1.46404
-1.5088
-0.10521
0.24225
-1.83705
1.0483
0.16704
1.322
0.555
0.17326
-1.405
0.8267
0.638
-0.6209
-0.3063
-0.8451
0.3684
-0.257
-1.00325
-1.2532
1.592
-0.904
-0.21882
2.4128
0.35865
0.71147
-1.424
-0.04149
-1.312
-0.35
-1.8835
-0.15583
-2.0627
-1.11913
-2.614
1.131
-0.186
0.742
0.0934
-0.289
0.786
-0.46391
NA
0.4259
1.60144
0.69591
-0.9289
-0.9457
0.3751
-3.606
-1.0491
0.69513
2
-2.764
0.9058
-0.995
0.5854
-0.22147
0.0362
0.64226
0.65
-0.026
-0.304
-0.117
-0.9663
1.749
-0.7561
-0.9205
0.70148
0.38971
0.298
0.125
0.37637
0.612
0.1919
1.4923
-0.688
-1.0991
1.482
-0.128
-0.2814
1.05423
-0.9208
-1.13088
0.027
3.0527
NA
-0.57153
-0.5452
0.0591
0.5318
-1.6348
-1.182
0.64713
-0.89445
-1.305
-0.8926
0.62531
-0.1968
0.98025
-0.0284
0.825
-0.757
0.32869
0.437
0.5216
1.1728
2.08427
-0.2299
-1.0319
NA
1.86414
-0.8194
-0.385
0.291
-0.50445
-0.242
1.299
0.3403
0.103
0.8278
-0.46185
-0.93848
-0.09764
NA
-3.29439
0.58098
-0.7124
1.1156
1.06995
NA
1.02
-0.24361
0.246
2.08052
-2.4452
-0.2268
-0.7498
-0.19748
-0.468
