0.21511
-0.744
2.20768
-0.28564
-0.426
-0.31067
0.24371
0.46318
0.295
1.0005
-0.54903
-0.71815
2.43032
0.0652
-1.571
-1.39586
-0.669
0.8281
0.88818
-0.248
-0.719
-0.769
-0.306
-0.67138
1.726
-0.35346
-0.0899
0.94059
-0.1707
-1.866
-0.06
-0.50096
-0.49449
1.18
-1.5638
0.099
-0.96815
-1.01938
-1.10316
0.922
2.355
-1.715
-1.9871
-0.64237
1.202
-0.58614
-0.69
0.213562
-0.60801
-0.5306
-1.14117
-0.932
-1.286
-0.072939
-0.582
0.03179
-0.90699
1.179
-0.527
0.13842
-1.37
-1.2636
-0.891
0.487
-0.57813
1.23061
1.91654
0.6319
0.0211
-0.995
0.643
0.2653
-0.4736
0.08184
-1.50751
0.92138
-1.726
0.532
-0.84445
-0.46
-0.444
-1.17428
1.49261
1.06573
1.353
1.1665
0.47491
-0.4334
NA
-0.017
0.19761
-0.072
-0.30847
-1.68038
0.652
0.679
1.012
0.70033
-0.64826
1.1012
-1.036
1.296
-0.75587
0.645
-0.18086
-0.79768
-1.2199
1.976
-1.009
0.322
0.36479
0.13581
-0.02533
-1.24684
-1.787
1.175
0.432
0.5573
0.12918
1.11209
0.887125
-0.211
0.59371
-0.973
1.23006
-0.4584
-0.25022
0.02419
0.011
-0.5519
-1.249
-0.69
-0.844
0.0541
0.258
0.991
-0.62328
-0.42512
-0.8116
-1.326
0.1678
-0.8119
-0.264
-0.72
0.291
0.165
1.116
-2.16806
-1.309
-1.33
-0.466
-0.43573
-1.4741
-0.196
0.815
0.146
1.046
-0.25445
-0.7931
1.1031
0.2396
-0.715
1.2846
-1.0643
1.648
0.43671
-1.437
0.0965
-0.30227
0.222
-0.34545
-1.6725
0.948
-2.11
0.21306
-0.2604
1.06449
-0.55706
0.704
0.58039
2.703
-0.423
-2.26258
1.372
0.33484
-0.86741
NA
-1.51124
0.395
-1.125
0.2265
-0.2217
-0.225
0.253
0.1242
-0.2706
-0.96855
-0.596
1.99889
-1.79247
-0.81239
-0.582
1.1971
0.507
1.245
-1.17466
-0.38729
0.3381
1.0389
-0.5553
0.8173
-1.36775
0.29636
0.808
-0.782
-0.4976
0.02416
0.2897
-1.8433
1.70489
-1.22372
0.554
0.62783
1.233
1.47927
1.12904
1.16897
-1.41497
-0.339
-0.3238
0.8334
1.33
0.00746
1.506
2.6407
0.9183
-0.2504
-2.39806
-1.018
-1.61722
-0.752
1.4
0.581
0.028
1.4924
0.31049
0.15694
-0.16759
2.03753
-0.52174
-1.426
-0.624
1.024
-1.7506
-0.177
-0.161
0.655
-1.218
0.65916
-0.22696
-0.74246
-0.89648
0.55279
-0.412
-0.7672
-0.361
0.851
0.7923
0.802
0.07
0.20757
0.738
-2.11554
1.0263
-0.958
-0.68078
-2.445
1.693
0.453
-1.172
0.58473
0.33329
0.366
-0.51
1.68205
-0.388
-0.198
0.92892
-2.13251
-1.02828
-1.2873
-0.924
-1.51457
-0.8537
1.14454
0.20022
0.629
-0.0905
-0.162
-0.4969
-1.49572
-1.486
1.235
2.074
-2.449
0.051
0.74093
-0.83708
-0.2454
-0.708
0.178881
-0.252
0.16214
1.7549
0.84017
0.60595
0.10081
-0.7923
0.6548
1.71773
0.27957
1.8497
0.193
1.294
2.7622
0.4312
0.264
0.2688
-1.7824
0.2618
0.601
-0.21381
0.1298
-0.7345
0.05396
0.486
-2.311
0.59959
-0.54667
0.82821
1.185
2.341174
-0.322
0.456
1.41443
-1.1884
-0.6126
0.951
0.21829
NA
1.04221
0.80443
1.33043
-0.098632
0.961
-2.04822
0.917
0.5665
-1.029
-0.3227
-1.201
0.7384
0.8595
0.3311
1.4702
-0.3765
1.4308
1.293
-0.4114
-0.1929
-1.407
-1.6458
-0.7426
0.444
0.6198
-1.544
-0.4981
0.3986
1.2262
0.3419
0.0522
1.9656
-1.1813
1.1792
0.0501
1.67
0.65
-1.3033
0.3147
1.9064
0.9001
1.206
0.884
0.0359
0.5945
0.5523
-0.102
0.4106
-1.4659
-2.3487
-1.018
0.8247
-1.302
-0.361
-1.1433
0.667
-1.1397
1.6661
0.3646
0.7194
2.1675
-0.18
-0.8316
0.8516
1.718
-1.8269
-1.2229
1.394
0.303
0.5621
0.195
-0.4
1.747
-0.242
-2.435
0.012
2.16122
1.17858
-0.025
-0.243
0.40839
-0.062
0.89336
1.21
1.309
-0.72641
-0.49926
1.44306
0.01941
-0.64107
0.29954
-0.38075
1.68992
0.87818
0.098
-0.88
-0.4281
-0.7245
-0.422
0.25644
0.39635
0.869
0.7644
0.883
0.085
-0.4287
0.0988
-0.4737
-1.1911
-1.3147
1.3532
0.9749
0.2919
-0.871
0.6114
1.1374
-0.33
-0.471
1.216
1.4821
0.8202
0.9409
-0.5038
0.5131
-0.514
1.364
-1.4695
-0.428
-0.2218
-0.1986
0.688
0.7199
-0.687
-0.616
-1.198
0.226
0.28
0.445
0.6842
0.2969
0.05
-0.351
0.12634
0.378
1.626
1.356
-1.48113
-0.22556
-0.59978
-0.582
0.41548
-0.67175
1.29514
0.94199
0.758
0.64475
-1.122
-0.356
1.57062
-1.5638
0.137
-0.36529
-0.23732
-0.52333
1.59553
-0.82697
2.147
-0.53088
-0.28953
1.0241
-0.6802
-0.0878
1.0216
-1.0644
-0.223
-0.174
1.3783
3.55
0.9123
-0.3908
-1.784
1.0338
-0.239
-0.657
-0.706
-0.0342
0.131
1.2782
0.3911
-0.6696
0.744
-1.105
1.8066
1.0027
0.267
-1.2921
0.7438
-0.443
-0.2416
0.3968
-1.7819
0.021
-0.6639
-1.4378
1.67874
-0.32447
-1.81407
-1.11642
1.27112
-1.00254
0.56952
1.25141
0.41068
-0.41345
-0.411
0.00675
-1.3933
0.225
-0.43427
0.27506
-0.84838
-0.51903
-0.103535
-0.108665
-0.459123
-1.079742
0.534272
-0.8256
-0.76146
-1.009277
0.151251
0.076993
0.331202
-0.876
-0.42141
1.118
-1.564
0.12492
-2.136
0.67564
0.058
0.894
0.98261
-0.46368
1.18628
1.5869
-0.99688
-0.60732
2.079
-0.61393
0.25897
-0.38444
1.55
0.258
-1.433
0.91026
-2.01105
0.49564
-0.40833
1.169
-0.003
0.463
0.539
-1.567
-0.59518
-0.26053
0.03764
0.01965
0.787
1.0095
0.80894
0.32107
-1.43554
0.70622
1.01927
0.33558
1.1715
0.393
-1.075
0.6365
1.1291
-0.438
-0.93652
-1.61582
-2.373
-0.936
0.454
-1.8758
0.08941
-1.51079
-1.10429
-1.26871
-0.32007
-0.90692
0.38676
0.12181
0.992
-2.02249
-0.993
0.276
0.56033
0.766
-0.817
2.707
1.554
0.22107
1.15965
1.62894
0.78228
-1.122
1.29827
-0.39273
0.732
0.254
-0.6065
0.8048
1.35458
0.59154
0.91
-0.73107
0.575
-0.583
0.28027
2.32337
0.48097
-1.043
0.36568
3.606
-0.251
NA
-0.30775
0.269
-0.165
-0.21786
-0.35905
-0.37628
-1.723
0.142
-1.64321
-0.019
-0.32156
-1.419
0.74095
-0.55819
-0.14439
-0.90621
0.66894
-0.62521
-0.26115
-0.565
-2.476
-1.4829
-1.379
NA
0.35117
0.68
-0.0077
0.483
0.74344
0.311
2.07739
1.31029
1.164
-1.425
-0.117
0.3179
0.29575
-0.21804
0.80159
-1.02322
-0.74669
-1.88278
1.58638
1.14923
1.123
-0.20637
1.42
-0.41954
0.534
-0.11099
1.526
-0.19291
0.68413
0.81062
0.02997
0.02972
2.25448
1.93681
-0.50457
-1.37364
2.2143
1.03053
1.0732
-0.275
-0.58524
1.52222
-2.03461
-0.20117
-0.79326
1.203
0.698
0.288
-0.154
-1.3052
-0.3841
0.2437
-0.998
-0.7748
0.218
-0.3793
-0.3465
1.0533
0.2144
-1.129
-0.0997
0.778
-0.3711
1.1406
0.17
-0.018
2.669
-1.2489
0.4702
0.9742
0.629
0.6557
-0.859
0.4947
-0.567
-1.0086
-0.521
-0.4418
0.762
0.0871
0.807
0.3026
-1.729
0.3122
-0.5593
-0.821
1.844
-3.5363
0.44
-0.77189
-0.38431
1.314
0.46144
2.33329
-0.53102
1.088
-1.639
-0.00947
-0.783
0.57612
-1.2344
0.28124
-0.513
-0.11753
-2.99478
1.684
-0.52955
-1.782
-0.033
-0.46124
0.326
-1.23
1.786
-0.45131
1.42946
0.48411
1.33535
0.285
-0.08714
-0.23
0.13527
0.97394
1.2
-0.94525
3.202
0.079
0.32279
-0.767
-0.24582
-0.34
0.50802
-0.18965
0.1153
1.80215
0.07186
0.262
0.16688
-0.75759
0.18191
-1.58333
-2.0024
1.1698
-1.438
-0.76737
1.1484
1.5619
-0.046
0.453
-0.056
2.573
-0.333552
-2.024
0.399283
0.214
0.7838
0.0881
-0.844
0.7431
0.6457
-2.09
-0.0223
-1.046
1.068
0.9965
0.329
1.241
0.153
0.7848
1.3926
-1.4196
-1.404
-0.165
0.4403
0.487
0.67955
0.05176
-0.14095
0.81485
0.88551
-0.47596
0.124095
-2.29571
1.72189
-0.357
-1.22495
1.32183
0.43147
0.78686
-1.224
0.21376
0.74366
1.28618
-0.7661
0.7755
2.6988
-1.8542
0.5677
-1.021
-0.48621
-0.63287
-2.155
1.62992
-0.229
-0.1603
-1.4913
-0.66212
1.3895
-1.6904
0.401
-0.46793
-0.7717
-1.6487
0.0387
1.0315
1.0485
-0.664
0.531
0.44866
-0.92195
0.565
1.033
1.195
0.766
0.2527
-0.90956
0.85646
-1.315
-1.177
-0.95896
1.018
1.282
-0.50999
0.12353
0.026
0.7102
-0.22056
0.66596
1.27515
-0.49199
0.72084
1.454
0.075881
0.78749
0.394
-0.447
-1.39007
1.03
0.506
-0.578
-0.40435
-0.83332
1.0214
-0.15561
0.99759
0.50448
-0.53065
-0.675328
0.52
-1.041
-0.789
-0.22247
0.617
1.323
-0.9557
0.813
2.908
1.4189
-1.26675
-1.74858
-0.64315
0.5336
0.8585
0.146
NA
0.117
1.77853
-0.60378
NA
NA
0.94399
0.403
1.39
1.77553
-0.90561
0.058
-0.1358
-2.003
-0.1117
-0.00321
-0.3094
1.387
0.4004
0.878
0.322
-1.160974
-0.014154
-0.499
-0.128
1.2768
0.243
0.1692
0.446
1.0159
-0.01619
0.9
-1.556
0.69142
1.90549
-1.91164
0.57555
-0.501
-2.6556
-0.175
-1.26364
-0.1038
0.582
-1.47348
-0.63
1.003
-1.2419
0.0582
1.3635
0.858
1.49443
-1.341
1.302
1.88
-0.77589
-0.54511
-0.28122
0.8894
-1.18996
0.37752
1.52038
0.98335
1.29775
-0.3263
-0.1066
-0.478
0.253
-0.7196
-1.33624
-1.55826
-0.67773
0.183
-0.969
1.005
-0.326
0.215
-0.189
2.584
-0.218
-0.7132
0.4007
1.29038
-1.54972
-1.20379
1.2646
-0.399
-1.629
0.40219
-1.90329
0.46814
-2.97619
-0.55477
-0.77221
0.154
-0.38843
-0.4456
-0.06588
0.43404
0.5936
0.5324
-0.643
0.3755
-1.077
-2.4483
0.1762
0.05457
0.345
-0.355
1.964
-0.373
-0.1973
-1.3134
-0.026
1.1338
-0.618
0.226
0.888
-1.086
0.8032
-0.292
1.297084
0.14003
-0.519503
0.8448
-0.3369
0.863974
-0.415
0.305012
-0.41801
-1.928
0.88748
-0.597
0.3125
0.84539
0.41329
0.60469
-0.657
-0.3691
-0.0268
-0.068
0.694
0.2625
0.443
-0.266
-0.02466
-0.20179
1.175
0.17151
1.2593
0.309
0.744
-0.4241
0.8673
0.37276
0.64423
0.2107
-0.5421
-0.0676
-1.4471
1.4488
-0.02297
1.73748
-0.54324
-2.15837
0.225
-0.33315
0.98652
-0.17329
-1.65403
-0.118
-2.14669
1.319
0.5162
-0.1116
-0.102
0.94204
0.18
1.09112
0.091
-1.188
-0.90295
0.77731
-0.776
0.84828
-0.517
1.547
0.803
0.02024
-0.429
3.1895
-0.1535
-0.1886
-0.3494
0.304
0.9522
1.07
0.473
-1.14063
0.259
-1.17373
0.027
-0.13288
-0.84
1.14439
0.56505
0.045
-1.58
0.378
-0.712
-0.42612
0.87838
-0.41107
2.90236
0.10459
-0.083
-0.46454
-0.6426
-0.0781
-0.1523
-2.159
1.219
-1.6573
-0.7564
1.55355
-0.115
0.32582
1.81446
-3.14617
0.66219
0.032
1.018
-1.4986
0.798
-0.3956
-1.3169
0.365
0.638
0.46483
-0.65
0.86
0.25765
-1.379
0.5668
-1.64375
-1.373
0.33899
0.962
0.182
-0.142
-1.12339
0.66185
0.22904
-0.18629
0.461
0.48187
-0.55225
-1.245
-0.542
0.9656
1.27527
0.34
-1.82538
0.53678
-0.887
0.08474
1.25256
0.111
0.441
1.236
0.037
-0.0721
-0.62764
0.97413
-0.22138
0.167
-0.962
-0.6272
0.6577
0.2121
0.544
0.7996
-1.153
0.6718
0.449
-0.577
0.5134
0.63909
-1.17198
-0.425
-1.0061
-0.498
0.87088
0.26833
-1.41806
0.796
-0.3148
0.1291
-0.005819
-0.097352
0.483
0.870867
-1.718
-0.937915
-0.785561
-1.678
-0.065811
0.048715
1.89595
-0.235
2.530645
-1.805608
-0.739989
NA
NA
-0.02624
NA
NA
NA
NA
-0.00117
NA
1.62008
0.26653
-1.144
-0.37143
0.6735
0.165
0.31957
1.148
-0.11062
-0.22573
0.029
-1.24215
0.536
1.1209
0.252
0.69
0.51178
-0.088
1.34486
-1.472
-1.85111
0.729
-0.217
1.0209
-0.042
1.551
-0.58839
-0.368
0.11677
-0.62906
1.873
-0.462
-1.91749
1.45129
0.054
-1.057
-0.334
2.2334
1.9226
-0.97
1.5572
1.9976
1.6
1.7284
0.3332
1.9399
-0.51092
0.56728
1.0022
0.67
-0.918
-1.59
2.2359
0.188
1.69
-1.2207
-0.37
0.7333
-1.0384
-1.03
0.0398
0.691
0.808
-1.13139
-0.00202
0.13543
1.938
1.12107
0.87276
0.0302
0.69
0.23
0.184
0.93684
-0.33432
1.481
0.077
-0.51609
-0.0625
-0.64081
0.221
-2.414
-0.22337
0.532
1.302
1.1119
-0.1714
0.377
-1.2938
-0.2619
-0.586
-0.781
-1.28249
0.16781
-0.942
0.29878
-0.09518
-0.453
0.052
0.74815
0.25259
-0.918
-2.275
-1.2586
-1.47646
1.88058
-0.444
-0.824
0.79479
2.4211
0.298
0.655
-0.697
0.0189
-1.3582
-0.175
-0.5206
0.081
1.609
-0.2117
0.8748
0.2317
1.016
-1.281
-0.7529
1.76856
0.986
-0.03809
-1.462
-0.086
-1.25221
0.05351
-2.594
-0.226
0.655
-1.0284
-0.6499
0.185
0.19911
0.96147
-0.615
0.187
-0.766
-2.1912
1
-0.8672
0.14763
0.28937
3.269
-0.7477
0.7876
-0.364
2.03241
-0.08
0.16472
0.4042
0.8
0.318
-0.338
1.047
1.3366
1.52128
-0.839
-0.289
-0.05186
-3.223
1.059
-0.125
0.35696
0.83159
-0.47311
0.28818
1.275
0.95459
-0.613
0.095
0.78
0.513
0.06237
-0.8145
0.45113
-1.77
-0.658
-0.04
-0.054
-0.06623
-1.16232
1.08948
1.799
0.50175
1.23809
0.7085
1.138
-0.044
0.125
-0.96949
0.96454
1.60634
-1.346
-0.15638
-0.324
-1.45503
0.161
-0.90255
-0.48328
0.09137
0.862
-0.79381
0.07149
-0.884
2.3139
-0.2186
-0.87
0.212
-0.8762
-0.1861
0.284
1.815
-0.635
0.5226
1.569
1.7355
-0.0564
0.6878
1.032
-1.408
-1.8304
1.913
-0.5786
0.831
-0.79848
0.463
-1.697
1.1404
0.3666
0.53781
0.32816
-0.59806
-0.072
0.194
-1.84927
-1.12707
-0.858
-0.218
0.21
-3.15182
0.82894
0.626
-0.10195
-0.56606
-0.06556
0.44355
3.181
-3.543
0.23929
1.99616
-0.868
0.6828
1.6085
0.759
0.166
0.1644
-0.027
-1.4465
-0.1099
-0.089
-1.24
0.371
-0.936
1.05497
0.52188
-0.03646
-0.40368
0.80755
-0.486
-0.74916
-1.90073
0.36722
0.366
-0.71102
1.687
1.29292
NA
-1.04594
-1.94861
-3.32329
NA
1.44
-1.73167
0.4005
-0.263
1.12052
1.06217
-2.44685
-0.24505
0.93174
-1.29629
-0.45527
0.15681
1.1081
0.437
1.25665
NA
-0.27707
-0.54061
-0.25661
-1.402
2.831
1.163
-1.74926
-0.6855
-2.31662
1.003
1.06577
-0.40576
0.53882
0.33109
0.34319
-0.562
1.33727
-1.42029
0.5833
-0.23005
-0.15469
0.51285
-1.6347
-0.893363
-0.650758
1.670766
0.378574
-0.825
-1.768018
-0.05231
1.48937
-1.41708
-0.90113
-0.678
-0.25335
-0.20048
-1.43254
1.08446
-0.863
-0.289
-0.729
0.28395
-0.31116
-0.999
0.843
0.63882
-0.88762
-0.33413
0.638
1.11479
1.25305
0.636
0.147
-0.22322
-0.90176
0.63776
1.794
0.0488
-0.6627
-0.47772
0.8566
0.5929
1.1786
-1.429
-0.8663
-0.143
1.1869
0.0079
-1.4645
-1.37245
-0.4355
0.49738
-2.0764
-1.042
-0.07987
-0.60426
1.25896
0.6011
0.50629
-2.17319
-0.62204
-1.85
0.5863
-0.357
-0.313
-1.625
-0.2464
-0.682
-0.1193
-1.9704
0.2249
-0.6187
-1.23809
-0.08514
2.543
-1.193
-0.467
1.02786
-0.7508
1.1513
0.2798
0.917
0.9093
0.53131
-1.70125
-1.40083
0.43944
-1.12984
2.53547
0.668
-0.89695
-1.034
-1.14314
1.06661
0.80036
-0.61275
-0.30607
0.6442
0.50016
1.98202
-1.76087
0.422
-0.0174
0.17537
-1.62454
2.71283
-0.57401
2.437
-1.3998
1.278
-0.685043
0.8853
1.7141
-1.42877
-0.71267
0.51244
-0.927
0.62854
-0.35145
1.1225
0.0529
-0.378
-0.967
0.663
0.729
3.62012
-2.27988
0.16339
-1.009
-0.655
0.66536
0.687
0.4069
0.119
0.898
-0.61939
1.3923
-0.61577
1.1974
-1.359
0.23505
0.063
1.022
-0.7874
2.6061
-0.42409
0.2371
1.0066
1.399
3.51569
-1.58252
0.25639
-0.021
-0.478
0.0362
-1.235
0.55202
1.98
0.612
-0.966
1.408136
0.80281
0.79
-0.912
-1.1158
1.6679
-0.17136
0.076
-1.0537
-2.17224
-0.73437
-0.97016
-0.50687
0.33356
-0.91538
-1.26504
-0.9436
0.33484
-0.07257
-0.4141
0.19384
0.3115
0.114
-0.34011
0.015
-1.146
0.8791
-0.1586
-0.736
0.59775
-0.66577
-0.5117
-1.429
0.3474
0.864
0.0123
-0.13
1.20654
1.5872
-0.064
1.113
-1.427
-1.103
-1.2211
-1.69925
-0.089
2.24105
-2.20206
0.20524
1.32855
1.23409
-0.2269
-0.779
-0.25859
0.1415
-0.2903
-0.103
-0.62105
0.101
0.28717
0.34952
1.14594
1.93041
-0.779
-0.3211
0.0821
0.7028
-1.25148
0.48423
-2.27237
2.50746
2.2495
0.388
-1.3596
-0.227
-0.9344
0.65522
NA
-0.031
0.0993
-1.99518
-0.165
1.295
-1.6716
0.0431
-0.4225
-1.008
0.9169
0.7744
0.4648
0.274
0.69253
-1.684
0.5652
0.537
0.8103
0.0875
-1.235
-0.1411
0.3865
1.683919
0.000979
0.203
2.095
-1.562
0.35925
0.18924
0.734
-0.252
-0.54892
-0.94148
0.013
-0.432
-0.789
1.5436
-1.292
-1.17852
0.4
-0.44649
-0.595
1.0193
2.3819
0.833
1.14639
1.221
1.05996
1.0833
1.044
0.7192
0.267
-1.589
-1.04937
-1.94496
-0.00343
-0.31
NA
-2.461
0.878
-0.38555
0.6269
0.48
0.44
-0.601
0.8069
2.02708
0.948
0.047
1.574
-1.662
1.622
-1.77425
-0.87
0.97429
-0.98288
2.84811
0.45708
-2.98934
-0.16392
2.545
-0.11876
0.979
1.0206
-0.04399
0.54753
-0.18679
-0.31776
0.15873
-0.305
-1.154
1.766
-1.35664
-0.558
-0.31096
-1.17689
0.458
-1.347
0.57758
-0.43926
0.67686
0.8768
-1.09771
-0.103
-1.162
-0.9613
-1.42281
-1.545
1.8661
1.2024
0.761
-0.8462
-0.44
-1.834
-0.7006
0.721
-0.2922
1.283
1.4119
-0.289
1.717
-0.762
0.927
0.18
-0.05543
-0.28526
-0.29837
-0.8187
0.139
-0.899
1.505
1.476
0.99
-3.0234
0.12247
-0.1586
1.5126
0.19776
0.605
-0.1283
2.234
-0.565
1.41385
-0.552
-0.253
-1.63382
0.1812
0.51125
0.08135
-0.87509
-0.22464
-0.72209
0.01815
NA
1.472
0.51878
-1.16
0.668
0.6709
-1.29782
-1.47
-1.70292
-0.347
1.6332
1.79978
0.728
-0.36329
0.387
-1.721
-0.647
0.76408
-2.366
-1.602
-0.03855
0.42286
-1.04
0.4033
1.359
-0.6921
-0.9748
-2.1135
1.251
-0.2686
0.97203
-0.12246
0.38012
1.36034
1.107
-0.96193
-2.099
-0.00379
1.11435
0.46177
-0.811
-0.9814
0.63952
0.74951
0.053
-0.145
-0.922
0.84498
-0.888
NA
0.0731
1.30884
-0.361
0.53997
-0.01245
1.97285
-0.965
1.71131
-1.18248
0.887
1.692
-0.19736
-0.733
0.69963
-0.809
0.484
-0.796
0.53743
-1.44
0.21057
0.3345
0.180755
-0.367966
-0.455195
0.452105
0.322154
0.311
1.20252
-1.56202
1.017694
-1.30716
0.77297
0.25219
-0.346
-1.982252
-1.125
0.2591
-2.2512
1.08328
-0.366
1.417
0.51668
0.487431
0.989
0.79716
0.01571
0.4421
-0.11954
-0.07
-0.564
-1.3936
-0.81082
-2.0377
0.34412
-1.80052
0.794
-1.3712
1.5575
0.92228
-0.76109
-0.752
-0.44648
-0.219
-0.6152
1.21502
NA
0.46405
-0.8068
-1.03362
0.389
0.75109
0.106
0.1633
1.85983
-0.644
-0.38736
-0.0495
-0.242
-0.485
0.448
-1.2619
-0.68986
0.601
-0.07285
0.025
1.266
1.23094
1.08092
-0.523
-0.19511
0.715
-0.41178
0.88113
2.08279
-1.365
0.969133
-0.177
-1.602
-0.8446
-0.1574
-0.0121
0.4071
1.24706
0.4448
0.01038
-0.645
0.267
0.196
-0.638
1.112
0.348
0.3796
-0.411
-0.504
-1.18125
0.643
1.1434
1.24837
0.77599
-0.061
-0.319
0.76232
-0.27753
-0.87802
-0.00867
-0.162
1.194
0.2199
-0.33009
0.42
-2.36426
0.298
1.01725
0.505
0.3626
-1.99385
0.72469
0.77861
2.40227
-0.60222
1.07609
0.50932
1.265
NA
-1.1617
0.0225
1.3906
0.269
-0.4681
-0.0565
-0.17295
-0.166
0.17795
0.304
-0.1035
0.35
1.48063
1.0892
1.5808
-0.893
-0.41749
0.00729
1.526
0.8212
NA
0.14236
0.551
-0.51047
-0.606
0.604
1.468
0.199
0.554
-1.28413
-0.0485
0.0737
0.20519
0.5057
-0.453
-0.462
-1.602
-0.98052
-1.22904
0.70076
-1.1136
-0.90792
-1.426
1.24658
-0.63321
0.024
1.3211
1.962
1.569889
-1.806
-0.45775
1.20478
-1.04188
-0.029
0.375
1.08514
-1.22089
-0.944
0.21505
0.716
-1.38628
-0.07884
0.4549
-1.237
-1.881
-0.707
-1.0059
1.3502
-0.4325
-0.52
-0.63342
-1.3837
-0.45288
-0.427
0.634
-0.136
-1.96609
0.5438
1.35557
3.529
0.3213
2.87618
-0.093
1.65906
0.33863
1.022
-1.937
1.718
-0.375
0.167
-0.1273
-0.80993
0.486
-0.5543
0.52319
0.675
-0.953
-0.35862
-1.2541
-0.094
-0.32626
0.696
0.19624
-1.47551
0.1292
0.10637
2.50418
0.9018
0.275
-0.001
0.59572
-0.94
2.46916
-0.309
-1.79108
-0.42468
-1.91131
-0.11903
-0.41
1.041
1.55659
-1.41102
-0.6641
0.1609
-0.126
-1.163
0.0476
0.241
1.89794
-1.08942
-1.664
0.517
1.173
-0.373
0.64728
NA
1.048727
1.647
1.42041
0.16624
-0.138
0.584
-0.952
0.8076
-1.37141
-2.21764
-1.4736
-1.72826
-0.498
-0.97873
0.544451
0.131
-0.3727
-0.838
0.62776
0.31361
-0.514
-0.278
-0.01389
-2.27271
1.415
2.633
0.1494
0.398
-0.88046
0.44902
-0.272
1.21
1.08554
-0.58126
0.19528
-1.45438
1.92456
-0.724
0.64389
-0.8385
-2.01126
-1.20344
1.303
-0.81386
-0.865
1.967
-0.19594
-0.29533
-0.77907
-0.16714
2.3655
1.05984
0.052
-0.552
-1.37186
0.763
2.48203
0.08052
-2.1784
-1.22458
0.8194
-2.82085
0.44292
1.27881
0.768
-1.540501
-0.93108
-1.23233
0.78359
0.6686
0.56026
0.5697
-0.013335
0.521
1.6604
-0.04408
0.91388
-0.50358
-1.03516
-0.969
2
1.437
-0.2928
1.29146
0.871
-1.60267
0.83673
1.770293
-1.19449
-0.3951
1.189
0.68
-1.75673
-1.238
-0.8509
-0.153
1.484945
-1.47
0.778862
0.3702
-1.12685
-1.5726
-0.079
-1.29216
1.24933
0.16911
-1.17313
0.07
-0.587
-1.21486
-1.14374
-0.867
0.22204
0.131
0.53188
0.10636
1.233
-0.2595
-0.66259
1.1861
0.05606
0.2271
0.3746
-0.36037
-0.36
-0.40198
-1.21054
2.2257
1.276
1.409
2.17841
2.5642
2.0072
0.784
-0.64418
1.75256
-0.3567
-1.842
NA
-1.24654
-1.7775
1.36837
1.161
2.827
1.5384
-0.329
0.5049
-1.063519
1.842
0.776
-0.29568
-1.029
0.587
-0.2812
0.161
-0.2323
0.476
3.82941
-1.50493
-0.81479
0.97216
0.588
-0.4398
1.501
0.80581
0.3779
0.9481
-0.167
-0.772
-1.26815
0.24585
0.37956
0.877
-0.541706
2.094
-0.1787
-1.47082
-0.928
1.6756
0.7217
NA
-1.28287
0.199
1.00839
2.2623
0.099
2.3311
1.6388
-0.14278
0.80277
0.094
-0.87615
-0.369
-0.208
1.117
-1.1267
-0.1432
2.177
1.7365
0.695
0.325
0.5722
-2.641
-0.61751
NA
1.242
-0.2863
0.402
-0.6039
-0.375
-0.39126
-0.94412
-0.4137
0.299
-0.4213
0.11925
-0.09
-0.572
-0.31939
-0.828
-0.674
0.048
-2.388
-1.30157
-1.1434
0.15006
0.397
-0.8196
1.491
-0.02131
-2.33638
0.2807
-0.10967
-2.0421
-0.39
-0.069
0.37693
0.532
2.581
1.711
0.0672
0.03646
-0.88763
-1.36721
0.042
1.475
-1.0647
-0.076
0.1954
0.34
0.03815
0.59886
-0.3736
-0.032
0.88837
0.1796
1.05678
1.16896
1.40363
NA
1.30969
-0.856
NA
1.367
-1.3033
-0.7832
0.519
0.72059
-0.0552
0.477
0.29767
-0.2008
-0.461
0.665
0.951
0.7576
-0.70718
0.20605
-2.621
-1.502
0.6694
-0.26584
-0.2143
1.106
0.333
0.01622
0.4007
0.016
-1.4492
-0.8213
-0.208
0.55476
-0.322
0.71588
-0.083
0.21935
-0.647
-0.806
0.3584
0.065
0.518
-1.3398
0.339
0.791
0.6361
-1.20512
-1.897
3.18302
-3.528
-2.0449
0.118
-1.143
-0.0639
1.486
0.703
-0.9025
0.221
0.0595
-1.1508
0.3083
-0.2802
-0.3204
-0.25224
-0.34126
-0.467
0.31
-0.4674
-1.52673
-0.2714
-0.4497
0.8816
-1.409
1.49702
0.3937
-2.2241
-0.84924
-0.4057
-1.165
-0.71625
0.037
-1.5805
1.05856
1.04175
0.662
1.16003
-1.0507
-1.425
0.8175
1.3666
0.426
0.329
0.7918
-0.7434
0.109
-0.35584
1.4896
-0.621
1.59773
-1.95651
0.8334
-1.16222
-0.70038
-0.0585
-2.1159
1.7833
0.44727
-1.4887
-0.142
0.89869
0.415
1.4738
0.94171
0.3488
-0.8073
-0.053
-1.70107
-0.413
0.1241
0.30466
-0.15918
0.752
-1.33
1.213
0.60385
-0.8073
0.612
-1.05569
0.916
-0.89
-1.158
1.03023
-0.47119
1.559
-2.5785
2.3955
-0.752
0.6398
1.236
-1.603
0.46753
1.856
-1.0955
0.962
-3.521122
0.16089
0.337
-0.0686
0.952
0.09305
-0.27802
0.218
1.82966
1.8854
-0.63576
-0.41027
2.02811
-0.00396
-1.0724
-0.661
-0.1888
0.786
-1.10075
0.2637
0.796
-0.268
0.014
0.4871
-0.289
1.129
1.221
-0.008
-1.20192
-1.24031
1.18773
-1.8722
-0.31413
1.893
1.513
0.55729
NA
1.535
1.568
0.081
-0.054
0.30872
-0.574701
-0.64114
2.32147
0.23832
-2.0697
0.36
-0.081
-0.3083
1.344
0.4247
-0.85324
0.907
0.8321
-0.3046
0.743
2.18077
0.051
-0.52445
-0.04307
-2.01861
-2.1941
-0.958
0.4563
1.69183
0.606
1.39309
-0.00864
-0.717
-0.71151
-0.76801
-0.49688
NA
-0.593
-0.9926
1.24176
-0.076
NA
-0.944
-0.42285
0.56147
0.92121
-0.726
1.22287
1.709
-0.371
0.70558
-1.3752
0.43487
0.157
1.04628
-0.17909
1.037613
0.1236
1.151624
-0.5414
1.10594
-0.827
0.7309
0.56481
-1.585
0.509
-0.1332
-0.3056
0.828
-0.3134
0.13892
-0.24571
-1.14303
0.8022
0.39
-0.301
-2.00968
-1.67286
-0.31714
1.569091
-1.551
0.485
-1.04211
0.07604
-3.2483
-0.42794
-1.66545
-1.54445
2.5585
-0.07499
0.6328
NA
0.4339
0.31808
-0.37844
0.48531
0.23376
-0.997
-0.50094
0.93298
1.657
0.06565
-1.2437
NA
-3.69859
0.7382
-0.6176
-0.353
-0.837
-0.21251
-0.02765
-0.7394
-0.972
NA
-1.0808
1.76253
-0.7142
-0.8096
-0.06
0.5794
-0.89421
-0.777
-0.1238
0.516
0.63
-1.5825
1.05851
0.657
-1.12239
-1.79
0.196
0.66451
-0.50022
0.806
0.58276
1.02107
-2.777
-0.57622
-0.328
-1.169
0.45474
0.909
1.159
-0.1101
-0.115
-1.1855
-0.184664
-1.024
-0.034
0.85608
1.55188
-0.28322
-0.582
0.1122
0.45623
-1.5473
-1.8751
0.158
-1.0996
1.2277
-0.341
NA
0.816393
-0.4768
0.74618
0.664
-0.2849
0.21526
1.1968
0.4536
-2.013
1.03335
0.99773
0.27686
NA
-0.6427
-0.523
0.32475
0.97
1.4638
-1.098
-0.28301
1.23736
-2.1228
0.18697
1.5482
0.257
-0.17579
-0.0818
-1.48725
0.0113
1.3372
1.58078
-1.35
0.34744
1.073
-0.547347
1.5441
-0.5447
-1.4504
0.88164
-3.74316
0.9039
-0.369
-0.12
-0.64915
-0.172
-0.9312
-2.22505
-0.0886
-0.138
-0.969254
0.968752
0.53014
-0.86036
1.12509
-0.56182
-0.301
-0.2944
-0.91
-0.1567
3.0292
-0.04008
-0.5935
0.3034
0.711
-0.1785
-0.363
0.588
-1.67
-0.2884
-0.0563
-3.412
-0.12
0.9929
0.534
NA
-0.89879
-0.56
-0.2356
2.2
0.13435
-0.02231
NA
-0.6088
-0.21839
-0.27014
0.217
-0.6
-1.55554
-0.928
0.5417
-0.115
1.372
-0.04495
0.59655
-0.0177
NA
2.74902
0.44572
0.5973
-2.31394
-0.375
-0.26956
-0.923365
-0.30126
1.31401
1.38741
-0.26888
-0.34182
0.837
-1.01004
0.04174
-1.72189
0.388
0.99678
1.44958
1.4546
-0.55347
-1.163
1.26666
0.13673
2.25681
0.278
-0.785
-0.15987
0.501
0.03019
-0.058
0.34894
-1.532
0.973
-0.557337
0.65118
-0.67553
0.48886
-0.05416
-0.964
0.107265
-0.59141
0.41636
NA
NA
NA
NA
NA
NA
NA
0.843
NA
-0.47656
NA
NA
NA
NA
-1.0246
NA
NA
NA
NA
-0.35
-0.307
NA
NA
NA
NA
NA
NA
0.077
NA
-0.45332
NA
NA
-0.601
NA
0.0818
-0.52151
-0.65399
NA
0.472
0.11568
-0.9501
-0.89864
-0.3739
0.038
-1.3428
-1.5582
-0.76045
-1.195
-0.41259
0.66784
-1.759
-2.0083
0.604
-0.69514
0.1279
2.6377
-1.33604
-0.667
-0.003
-0.45211
0.591
-0.992
-0.556
-0.96561
0.18194
-3.5737
-2.3228
0.14512
-0.225
0.3391
1.24947
-0.1312
0.1655
1.09061
1.624
0.1834
0.554
1.42
-0.4674
0.087
0.125
-0.01307
2.08817
NA
NA
NA
0.257
0.935
-0.416
1.61658
-1.49
-1.889
-0.71556
-0.39666
1.0444
-0.03239
1.715
0.503
-1.6756
-2.43274
-0.22
-1.35238
0.467
-0.815
-1.15741
0.53946
-0.73293
-0.09047
-0.22604
-2.30575
0.20387
0.302
1.39973
1.98291
0.81742
-1.67503
0.19709
-0.421
-0.57153
1.8335
0.831
NA
-0.96456
0.2833
-1.754
NA
-1.505
1.104
-0.8629
-0.1266
-0.7434
-0.5027
0.8404
-0.2647
0.3843
1.921
-0.939
0.43517
-0.35044
1.41278
-0.473
-1.44449
-1.559
-0.339
-1.475
-0.68714
-2.42989
0.97395
1.64619
1.54053
-0.18203
-0.74616
0.9628
0.25263
0.642346
-0.711
0.00323
1.3234
0.3687
-0.24764
1.235
0.0905
-1.092
-1.344
-0.56337
-2.44048
-0.07738
-0.4361
0.008
1.0319
NA
0.86024
0.54
1.0463
-1.17249
-0.0675
2.40215
-0.56407
0.59809
-1.19536
0.186414
-0.11664
1.401
-0.71059
-0.3539
-0.9937
0.1229
0.68205
0.25435
1.131
-1.40277
-1.28157
0.083
1.09799
-1.80095
NA
NA
-0.21715
0.8829
-1.7515
0.76489
1.852
-0.1415
-1.01
0.207
-0.51471
-1.26651
NA
-1.106
0.65659
-1.5482
-0.62519
0.96024
1.478
-0.43044
0.783
1.187
-0.168
-0.3054
-0.7663
-0.06129
0.3846
1.31845
-3.053
-2.49323
-0.339
-0.8714
-1.35
-0.84072
-1.203
0.58585
-0.62108
-1.02985
0.08052
NA
-1.16938
-1.6572
1.16651
-1.2191
1.79
-0.1151
0.019
0.078
0.151
0.65854
2.347
-2.17091
0.97707
NA
-0.79299
-0.60028
-0.395226
0.3867
0.2061
0.61964
-1.42
0.6087
-0.79612
-0.893
0.7342
1.24631
-0.10573
-0.3562
1.138
NA
1.2737
0.33323
-1.822
NA
-0.716
-0.844
0.11312
-0.02288
-0.117
-0.4742
1.244
-0.3631
-0.6638
-1.166
0.671
-0.447
-1.685
0.1628
0.56933
-1.0198
0.238
1.67
-0.60777
-0.83567
-0.082
-1.38751
-1.1618
0.642
-2.858
1.6413
0.8177
-0.0402
1.893
-0.612
0.01292
-1.08
0.35315
0.59139
0.570628
-0.55154
-1.312
0.33454
1.71393
1.784
-0.8812
1.77796
0.1126
NA
-1.23172
1.051
-1.22666
-1.69168
-0.476
0.62
0.72715
-1.8126
0.42556
-0.008
1.657
1.83178
0.01772
0.3194
-0.639286
-0.44685
-0.2437
0.23101
NA
-0.153318
-0.178
-1.21269
-0.37349
0.8645
0.57504
1.354
-0.437
1.6754
-0.11007
-0.9452
1.2852
1.559897
-0.348
-0.37893
-0.85648
0.5119
-0.05253
-1.19834
-1.05376
-0.50352
-0.0885
2.51351
-1.42054
0.857
1.27059
-1.5948
-0.83776
1.8702
NA
-0.462
0.195
0.4147
0.937831
0.3273
1.352688
1.07911
-1.14223
2.200319
1.276
-1.591
0.182
-1.26567
-0.75021
-0.88377
-0.84822
-2.4084
NA
0.288
0.3853
1.57
-1.1542
NA
1.944
-0.599
1.971
-0.914
-1.41215
0.81522
-1.21967
-1.328627
0.14193
-0.55703
2.00748
-0.6271
-0.95848
1.0989
0.906
-1.483899
1.081
3.46765
-0.22305
0.986
-1.645
1.03248
-1.06123
0.52537
0.8761
-1.46809
NA
1.09045
1.029
1.530599
-0.54707
NA
0.0937
0.65045
0.04451
-0.256
1.03556
-0.8337
-0.251
0.25637
NA
0.51435
-0.34457
-0.876
-0.846299
-1.1813
-0.15979
0.332
0.142
-0.1231
1.45295
0.45641
-1.00706
-0.83985
-0.6766
0.8
0.220738
-1.868
-1.40453
-2.062
-0.2693
0.96796
0.962587
1.098
-0.447
-0.642
-0.767
NA
0.014
-1.0227
-0.09471
-1.84384
0.36723
NA
-1.33
1.07171
-1.688
0.86779
-0.30018
-0.0849
NA
-1.388
0.6236
-0.41887
-1.7819
1.03888
0.79312
-1.127
0.6952
0.415
-1.57142
NA
0.556
-0.486
-0.47192
-1.69356
-0.548
-3.012
-0.550139
1.93759
-0.674
NA
NA
0.71877
-0.7355
1.991
-2.61487
-1.0327
-1.072
1.237
0.438
NA
1.167
0.625
1.1408
0.75507
-0.00654
NA
2.50718
2.0832
-0.26146
-1.55764
1.15429
0.32689
-2.652
0.553
0.46
-1.836
NA
0.567
-0.508
-0.17763
0.2848
NA
-1.81411
NA
0.33964
-0.441
-0.82224
0.42
-1.51705
0.0471
NA
-1.2449
0.36558
0.907
-2.24337
-0.24316
0.981
-0.256
0.044
NA
-1.722
-1.1641
-1.176
0.56038
1.0112
0.07601
1.05494
0.7267
0.648
-0.8983
-1.67782
-1.10614
-0.3558
0.69897
0.27629
2.02
-0.757963
-1.5308
0.07752
0.875
0.93676
0.66331
-1.714
-1.9813
-0.03
0.0223
-1.48123
0.1289
-0.25741
-0.22242
-0.204
0.144
-0.6074
-0.956
-1.17975
-0.108
-1.14222
1.06897
-3.14941
0.15311
0.815
-1.34366
-0.584
0.05509
0.00499
0.386
0.086
0.708
0.72507
0.64941
0.75395
-1.4554
-0.513
-0.81835
0.46051
0.034
0.56867
1.0446
0.148
-1.97698
-0.78065
0.529
-1.2329
0.571
1.337172
-1.03902
-0.25962
-1.27672
1.1407
-0.53323
0.875
NA
-0.395464
-0.6768
0.604857
-0.9061
0.044
0.5704
0.214
-0.3012
1.19795
1.28745
-1.02371
NA
2.049
0.076
-0.20833
0.502
NA
-0.35171
0.854
-1.54015
0.5984
1.12079
-1.664956
-0.98755
-0.4926
-0.55407
-1.8038
-0.4813
-0.538
-0.5359
-2.095
NA
1.5318
-0.962
1.136
0.25738
1.80246
-0.3816
-0.06403
0.1388
-1.8737
2.87314
-0.494
1.851
0.918
-0.258
0.105
-0.9192
0.579858
1.46829
-1.3675
1.223
-0.313
3.51
-2.749
-1.356
-0.14828
-1.89835
1.2756
-1.7512
-0.8738
0.006
1.671
-1.12998
-1.5213
1.72506
-1.698
-1.85197
-0.954
1.409
0.273087
1.04591
-0.92814
0.196
1.3195
0.9146
1.044808
NA
-2.34
0.36249
-1.06876
1.995
0.233
NA
-1.385
-1.168
-0.449
0.31867
0.843
1.00508
0.2344
-1.06959
1.6692
0.290475
-0.248918
-0.48517
-0.26958
-0.137
-1.021
-1.39746
1.617
1.1498
-1.76006
-0.267
-2.252
0.60817
0.52153
NA
-0.2899
-1.0393
0.89182
2.05
-0.631
-0.021
0.5588
0.573
-0.137
2.38997
1.23553
-1.73936
0.238
-0.34809
-0.1619
0.93103
1.382
0.967
-0.21
-0.58873
-0.01686
NA
-1.607
-2.09731
-0.49021
1.718
-0.282
-0.6865
-1.2028
-1.043
-0.547
-2.19766
-1.052
0.318
0.5498
-1.16451
0.093
2.183661
0.28071
1.118
NA
-0.151
-0.07
-0.814
-0.92607
-1.15768
-1.37938
0.35694
0.36581
0.1146
-2.121
NA
0.835
0.38537
-1.78666
1.311
-1.579
0.5315
1.2557
-0.30532
0.714
1.16
-0.563
1.615
0.438
1.84562
-0.5062
0.581
0.50034
-0.00313
-1.541
0.041
0.903
-1.186
0.722
-1.10383
-0.06104
0.403
-2
-1.0119
-0.51153
0.5846
0.75462
1.4263
-1.371
-0.449
-1.2057
-1.154
-0.758
-0.55122
-1.029
-1.53627
-0.67054
-0.27787
1.979
0.9115
1.43827
-0.23858
0.57
0.552
-0.35939
-0.0423
-0.155
0.365
1.25098
-0.53716
0.52884
1.184
-0.11
1.607
-1.37
1.581
0.9625
NA
-0.249
-0.15593
0.939
-1.32
-1.05515
-0.76891
-0.647
-0.064
1.2526
-1.30014
0.2196
1.07757
1.81618
NA
1.175
1.053
-0.97
-0.9653
0.8828
0.1854
-0.684
0.81
0.56964
-3.6471
1.42096
-1.076
-0.0744
0.326
-0.9118
-2.77321
-0.722
-0.27575
-0.44541
-0.77841
-0.3707
-0.303
-1.335
0.93683
-0.2695
-0.852
-0.32564
0.462
0.95994
0.78073
-1.10702
0.119
0.0763
-0.50246
-1.617
-0.64561
-0.467
-0.781
-0.90868
3.84
-0.836
-1.9622
0.50553
-1.0232
0.79955
-2.287
-0.8008
0.1341
0.26
1.79652
-2.432
-0.5259
-0.5485
-0.02658
1.336
2.45268
0.294
0.138
-1.043
-0.42545
-0.3655
-0.56466
-1.28837
-1.07842
0.05484
-1.7587
0.483
-1.128
2.83766
1.559
0.3728
0.592
0.89678
0.49872
-0.7117
-0.8914
-0.6078
-1.1129
0.395
-0.16204
1.918
-1.714
-0.4281
0.2359
-0.447
-1.05644
-0.55153
2.96075
-0.20078
-1.21768
-0.28056
-0.79841
0.08533
0.14348
-0.874
2.54683
-0.231
-0.4199
0.9
0.64
1.2497
-1.182
0.302
-0.02607
-0.0343
1.035
-0.893
0.332
-0.77247
-0.89472
NA
0.808
-0.048
-1.02
-0.1003
0.7671
0.01801
-1.926
-0.998
0.4141
-2.3568
-0.894
1.43935
-0.599
-1.42366
0.00649
-0.133
-0.6617
0.62157
1.66
0.29546
-0.215
-1.4781
-0.3091
-0.3583
-1.565
0.1714
-1.69028
-1.424
0.8555
0.2851
-2.2432
-2.1334
-1.0151
-0.643
-0.79175
-1.01771
0.06221
1.0099
2.533
-1.1
0.29552
-0.081
1.88602
-1.67303
-1.82737
-0.513
-0.331
0.503
0.76272
-2.20507
-1.24478
-1.07326
-1.768
-2.82
0.062
-0.025
-0.026
1.19227
1.0054
-0.52725
-1.17299
1.84341
0.50373
-0.17233
0.76433
0.304
0.23625
-0.79484
-1.1332
1.87379
0.95
-0.32272
1.81172
1.282
-0.3581
-2.152
-1.23416
-0.64663
-0.576029
1.566
-0.48065
-0.82082
-1.9464
-0.459
-1.0789
0.162
-1.18796
-1.179
-0.78694
-1.10862
-0.4632
1.43932
0.55365
1.324
-1.169
-1.14952
0.5433
-1.47361
-1.997
-0.066
-0.51658
0.71258
0.34742
0.55093
2.16783
1.19988
-1.849
0.35586
-1.04936
-0.307
-1.32749
0.35647
0.4088
0.464
-1.34368
0.1384
0.82943
-1.933
1.10608
0.60263
0.59674
0.23847
0.09788
1.00695
1.479
-2.034
2.045
1.7731
0.40056
1.53886
-0.30928
0.137
-1.27345
-0.613
0.801
-0.432
1.21575
1.327
-0.57723
-1.00137
0.48049
-0.356
1.40168
-0.90685
0.01273
-0.45931
1.066
-0.0434
-0.15308
-0.24916
0.655
0.598
-0.287
-1.73256
-1.7573
-0.967
0.019
0.20224
-1.477
-0.515
0.734
-0.52819
0.90824
-1.036
0.68298
1.341
0.151
2.50652
-0.85842
0.01248
-0.445
0.737
-0.71548
0.62669
0.86553
0.4427
1.55208
-1.25803
1.1585
0.4732
-1.326
0.4118
-0.022
0.2177
0.75291
0.5923
2.6059
1.219
1.66591
-0.4694
-0.4648
0.7518
-2.14449
1.8247
1.1193
0.894
-1.1474
0.0779
-2.0942
-0.01445
1.6594
1.539
0.764
0.5304
-1.67
-0.59526
-0.251
0.66613
-0.00699
-0.29042
1.49312
1.36561
0.062
0.0294
-0.711
-0.516
-1.17328
0.08844
0.653
-0.23901
-0.12085
-1.525
0.61625
-0.84258
0.777
-0.527
-0.079
0.348
0.176
-1.39491
-2.1419
-0.497
-0.92872
-0.32321
-0.2165
-0.51132
1.35596
-1.1872
-0.44571
0.0826
0.035
2.0508
0.44454
-2.384
-0.6347
-0.80116
-0.683
-0.123
0.266
-0.2451
-0.77492
-1.3573
-1.2097
1.28965
0.913
0.818
0.5509
0.85734
-0.06126
0.52
-1.01
1.1196
0.77559
-0.63035
-0.319
-0.123
0.326
0.9994
-0.942
1.214
0.048
-1.709
-0.092
1.4654
0.127
-1.269
-1.39696
1.194
-1.42
0.009
0.659
-0.8018
0.25083
0.7791
-1.6089
0.38792
1.81705
0.0649
1.0426
-1.73733
0.996
-0.347
-0.304
0.88797
0.0549
0.51069
0.591
-0.146
-0.365
0.493
-1.943
-0.038
1.131
0.17457
0.549
-1.47381
-0.50388
-0.65953
0.61
-1.047
0.967104
0.2784
1.783
-0.43153
-1.55092
1.14912
0.50838
0.34264
-0.4326
-1.0767
0.5845
0.33691
0.0362
0.857
-0.772
-2.1301
2.15687
0.655
-0.9064
-2.69213
-0.177
-0.074
0.709
0.10741
-1.0303
0.0422
0.3923
-0.629
0.15588
-0.55462
1.377
-0.38476
-0.026
0.11244
-1.85858
0.7401
2.2607
0.892
0.892
1.3008
0.1312
-0.291
0.6111
-0.78258
2.6217
-1.268
-2.0628
-0.191
0.575
0.42436
-0.263
1.12423
0.69
0.672
NA
-1.0129
-1.21761
2.09544
-0.9831
2.0917
-0.2709
-1.3595
0.711
-0.74881
-0.64903
-0.87
-0.71703
-1.36086
-0.8419
2.12483
-0.711
-0.08823
1.284
-0.07655
-0.76222
2.3612
-0.33
2.84515
-0.936
0.195
1.41548
-0.449
0.1975
-0.545
-0.9018
0.18084
0.6413
0.1027
0.40494
-0.4413
0.138
-1.001
-0.01377
0.7455
NA
-1.249
1.00366
-0.35731
0.072
1.1443
0.9295
0.2145
1.38451
-0.226
1.524
1.117
-0.699
-0.134
-0.5099
2.4115
-1.45
-0.0654
0.782
0.4974
-0.3446
0.428
1.76385
-1.136
1.433
-0.342
-0.658
0.0406
0.41826
2.174
-1.907
0.21133
0.0204
-0.0256
0.2733
1.4581
1.2882
-0.6091
-0.246
1.252
1.5
-0.06948
0.9478
-0.715
0.774
2.1143
0.634
1.048
0.2492
0.34757
2.1354
0.5895
1.6394
-0.353
-0.0199
1.214
-0.4925
1.775
-0.5042
-0.721
0.043
0.491
0.157
-0.55
-1.21426
1.309
-0.9392
1.1599
0.641
0.50005
1.28714
-0.994832
-0.0151
-0.5655
-1.527
0.3571
NA
-0.6426
0.591
1.399
0.1847
1.12565
-0.016
0.491
1.10523
0.81239
-0.9502
0.8561
-0.017
NA
-0.1775
0.956
1.9337
0.499
0.1468
0.796
1.2575
0.906
0.711
-1.0239
0.142
0.08
0.706
0.5963
0.168
1.144
0.896
-0.30478
-2.152
1.06203
1.36141
1.603
0.81999
-0.775
0.647277
0.8851
1.652
-0.2384
-1.971
NA
0.58914
-1.991
0.1574
-0.766
0.60513
-0.49741
0.3754
NA
-0.06158
0.25969
1.584
0.825
0.58477
-0.98586
0.707
0.157
2.06356
-0.15121
-0.8402
0.707
0.59011
0.14367
0.242
-1.66819
0.33819
-0.21
-0.55701
0.795
0.31697
-1.99903
1.936
-0.082
0.741
-2.257
-0.208
0.12036
1.357
0.27376
-1.10663
0.604
-0.2206
1.57062
1.231
0.235
0.074
-0.663
-0.523
0.565
-1.14068
0.77249
-0.75186
1.29
-0.13
0.43218
-1.76572
NA
-0.2474
-0.45668
0.64152
-1.78413
-2.062
0.187
0.07055
-1.76685
0.413
1.05911
1.04088
1.02477
1.26181
-0.15632
0.20077
NA
1.663
-1.21889
NA
1.16375
-0.588
0.05598
0.1325
0.525
0.88811
-0.34315
-1.46379
1.441
-0.62
-1.10157
-1.68819
-1.516
-0.902
0.788298
-2.196
1.432
-1.767
-1.3235
0.55668
-0.5671
-0.93929
-2.5117
-1.098
-0.68018
-1.822
2.470182
-0.04815
-1.07989
0.23869
-0.92387
-1.06765
-1.569
-0.4253
-0.71306
0.06726
1.0511
-1.656
0.24826
-0.169
0.282
-0.857
0.01018
0.5006
0.064
0.6827
1.39527
-1.654
0.635
-0.1651
0.0536
-1.0567
0.359
1.69377
1.16716
0.7815
0.47564
-0.9077
-0.943
-0.993
-0.174
-1.48223
-1.3046
2.1255
1.5811
0.769
NA
0.68894
0.37918
0.288
-1.494
-0.87428
-1.3628
0.66011
0.068
0.60585
-0.7577
-0.95994
0.954
-3.23551
0.26949
-0.12976
0.5136
-0.60432
0.8563
-1.2095
-0.20706
0.98607
-1.851
-0.86421
0.079
-0.5144
0.513
1.7412
1.131
0.503
-1.074
0.303
-0.85297
1.852
0.742
2.37971
-1.12617
1.1221
-1.03599
NA
0.5882
-0.61678
-1.505
0.5092
0.1024
-0.7021
-1.87011
-0.2902
1.2
0.2319
-0.8648
-1.8869
-0.115
-3.38411
-0.442
0.46672
0.1503
-0.63401
0.631
-0.09043
-0.52181
2.23044
-4.09625
0.61525
-0.72827
0.653
-0.115
-1.031
-0.5416
-0.146
-0.95113
1.233
0.86969
-0.129
-0.109
0.00282
0.2583
0.1682
-1.305
-0.673
-1.9915
-0.6558
-2.1327
0.5201
0.7977
-1.10804
-0.4132
-1.051
1.08676
-0.57652
-1.41851
-0.07535
-1.23142
1.749
-0.0677
-0.56
-1.9368
-0.32874
0.5888
-0.868091
0.39313
-0.067
1.09949
1.98065
0.82464
0.34219
0.66082
NA
-2.22458
0.84645
-2.02092
-0.03712
1.0605
0.2062
-0.439
1.903
-0.688
-0.7876
-0.992
-0.24866
-0.39553
1.88424
1.683
2.14948
-0.90777
1.811
1.1189
-0.44294
1.0399
0.297
1.029
-2.03809
-1.37277
-1.857
0.7268
-1.12571
0.47902
-0.0282
-2.66388
1.05668
-0.3538
-2.01209
-0.31634
-0.55636
-2.20794
0.39409
-0.03424
0.21603
1.50579
1.129
-0.17685
-0.50542
-0.8945
0.9036
0.2
-0.883
1.2681
0.76073
-0.6872
-1.50675
0.008
-0.00159
1.21043
-0.447
-0.43799
-1.5867
0.045
0.042
-0.175
-1.2261
-1.182
0.43537
-1.2466
0.154
-0.6506
0.275
0.352
1.594
-0.464
-2.29604
-0.518
0.4657
-0.2006
-2.40554
-0.47955
0.2888
0.988
0.42625
-0.6738
-0.4859
0.84179
-0.113
-0.6821
-0.766
-0.7581
0.6764
-1.574
-0.806
1.4416
0.29113
-0.2284
1.6724
-0.161
NA
NA
0.06676
-0.76866
1.3288
0.71178
-0.4732
-0.94988
-0.5191
1.0937
-2.29979
-0.2484
1.173
-0.1602
-0.488
-1.113
-0.5473
0.10842
1.037
-0.839
0.66787
-1.734
0.444422
-2.124084
0.93557
-1.3074
NA
0.6279
1.82628
0.3866
-1.8336
0.39559
0.997
0.096
NA
0.49245
0.05267
-0.88387
-0.799
1.617
1.40496
-0.5073
0.555
-0.802
1.962
-0.21358
0.1995
-0.542
1.005
-1.4621
1.7161
0.00304
2.22093
1.13653
-0.717
1.44439
0.603
0.07932
0.405
1.26665
-0.3384
-1.22329
-0.3189
0.3435
-0.279
