-0.425109
-1.068796
-1.745257
1.2627
-0.9965
-1.477945
-1.355
2.1437
9.775
0.91251
-1.307269
3.1174
-0.33877
0.904774
2.05763
1.91676
-1.7961
-1.888
-0.393182
0.260803
1.170794
-1.094
0.35675
3.419
-9.634
-0.426326
0.031
-1.5536
-2.0343
0.052
3.311292
-0.8477
1.568
-1.335928
0.3598
-0.0844
-0.3837
-0.8576
2.60051
0.910209
-4.11
-0.22055
1.14266
-1.8364
0.74338
1.178
0.798
0.030264
-2.3921
-2.113
0.57912
0.974
0.036526
1.20209
0.2097
-1.237717
0.839
0.699993
1.0852
-1.71136
0.25572
-1.1671
-2.74044
-0.639
-0.108
-0.7
-0.232
-1.802
0.761
-0.7481
-1.591253
-2.1932
0.122339
-0.680392
0.73699
1.316
-0.431
-1.035
2.427412
1.8994
-1.93
0.74739
0.145416
-0.614107
0.7413
-1.101
1.236
-0.48
-0.09677
-2.599
0.2383
-0.899
2.551964
-2.109137
-0.2644
0.18515
1.722
-1.105237
0.381
0.904
1.768345
-1.661
NA
2.851
1.3261
-0.265
-4.061
1.35346
-0.02422
-0.482
2.10474
-2.573
-0.68888
1.469
1.10918
-0.054851
1.39133
2.4273
-0.25806
0.3194
-0.1681
0.2594
-1.416
-0.79815
-0.422599
-0.5199
2.4949
-1.47004
3.204
-1.762536
0.52579
0.7992
-1.756497
-0.6836
1.109
2.24
-1.188
-0.37593
-0.7314
-1.075829
0.704
3.094
0.268
-2.8709
1.81312
1.123588
1.286073
-0.16776
0.035
-0.46
-0.271437
-0.58
-0.422634
1.00237
-1.2331
1.25541
3.812
1.0097
-1.352949
-1.394473
0.86054
-2.034
-3.626
-0.0797
0.641
0.8817
-0.821
1.05967
-3.797
0.617
-1.143581
0.9324
-3.472
-0.742
2.0859
1.762051
0.711
0.4264
-0.3813
3.0913
-1.44719
-1.52281
-0.238
-0.66
1.08911
0.1588
2.459
1.422
1.694
-0.836673
0.933218
0.483
-0.617771
-4.535
0.066665
NA
1.338415
-1.35
0.9765
1.6485
-2.358987
0.22452
1.7134
0.341
0.38374
1.159
1.461768
-0.4073
0.919
-1.04548
-0.581347
-0.660376
-1.890226
2.79931
-1.39975
0.11458
-1.022374
-1.043627
-1.9628
2.690833
-2.33134
0.174095
-2.80789
-2.11085
0.442
1.41499
-0.4143
0.76124
1.311
1.767
-0.9975
-2.93257
-0.86562
-0.78435
0.78
5.5515
0.14456
-0.348
-0.388888
-0.557
-2.034
0.31225
-0.716
0.611
0.107
2.453
-1.333344
-0.61665
1.88544
0.102
0.559025
-2.3543
0.96233
0.19958
2.003167
0.208
-2.625
0.02125
1.4159
2.7076
1.871058
1.23
-0.32875
1.09167
0.512
1.406213
2.607
1.643
-1.410562
-1.3534
-2.421
2.93754
1.189
1.121145
0.074623
0.297856
1.7835
-0.93269
0.97709
-1.548
4.8319
1.151
-1.924
1.14379
-0.07985
2.0887
-0.7346
-0.353
1.84342
0.126
-0.67
-2.075099
-2.8913
-1.5956
0.313
0.500044
-1.147042
2.90928
3.53552
0.143033
0.674266
-2.999663
0.898337
0.00981
-1.054
0.74928
-0.666
-0.4219
0.187
-0.9897
-0.73411
0.216
1.965
-1.955764
0.284
4.902
0.93246
0.901
0.47288
0.9976
2.183
0.307082
-3.827
2.018
-0.018024
-1.887434
3.50916
2.147
1.432
-0.048054
-0.764
0.956
1.23713
-0.555776
5.12466
0.29917
0.274752
-0.152498
0.51681
-3.183
-0.333134
1.420591
0.355565
-0.67843
0.29778
-2.481
-1.087648
1.20347
0.36528
-0.31852
1.3515
0.81098
0.130825
-0.782276
2.726
0.02861
0.27077
0.53645
-1.279
2.5576
0.44617
-1.097
0.51616
-1.17075
-1.74985
0.54535
0.82006
-1.107507
-2.956622
0.968605
-1.266765
1.666069
-0.762738
0.6584
-1.5787
-0.6208
-1.2245
-0.765
0.70143
-0.91596
-1.413636
3.6162
2.198
0.949
-0.6079
-0.449
-0.032022
-3.799404
-1.778
-0.102009
1.44732
-0.73008
2.062
NA
-1.0477
-1.6329
-0.227
3.804256
-0.053774
-1.32767
-0.777
-0.888828
1.144408
-1.13
1.3815
-1.843
2.693243
-0.193302
-0.6948
-0.370823
2.107
-2.94861
2.48156
0.487005
-0.798
-0.845499
2.511976
0.37576
0.375
-5.878
0.6029
-1.565
-0.447
NA
0.20716
0.247
-0.830309
-1.219906
-1.972
0.436561
0.488517
-1.017473
-0.895594
-1.2088
2.945
-0.3118
-0.39024
-0.447
-1.64332
2.119492
1.90251
-0.55651
-0.260495
0.476
1.94388
0.48984
3.31525
0.50025
-1.799
-0.259
0.697
0.3939
0.288375
0.74218
-1.35047
0.749
1.85712
1.102
0.52414
-0.184
-0.783
-0.31607
-1.187
1.0768
0.03293
1.800432
0.087
0.959
-0.490495
-0.072295
1.9187
4.822832
-0.294
-1.564
-1.236
3.256
-0.85323
-1.217
1.202
-1.961
0.8919
-0.81
1.25499
-3.49656
2.81436
-0.9147
-1.623337
-1.171
0.19725
1.644251
-0.142876
-1.635
2.076323
-4.04928
1.63217
1.288
1.857431
0.1169
0.56828
0.498
1.374
1.29034
-0.060307
0.903
-1.56363
-0.36024
-0.846
1.463027
-1.186
1.54919
0.75886
-2.288874
-1.311
1.2591
-0.05841
-1.37741
4.375714
0.198249
-1.4515
2.7475
0.565317
0.24755
1.791293
-1.03914
0.9783
1.95558
-1.29367
-2.6746
1.932
2.260751
-1.824054
0.38715
0.786925
1.328
-1.46495
0.23523
-0.830568
0.2883
-0.051
0.395684
-1.61721
-1.016
0.479
1.16071
-0.4527
-1.294
-0.31
1.09977
2.045
-1.093
-1.316348
0.8431
0.616457
-0.4384
-1.28606
-1.80102
2.30351
-1.03209
1.54804
0.117
2.393
-1.892
-0.78028
-0.776566
-1.433
1.29
-2.09617
0.1273
0.62726
-2.15831
1.63047
-0.530539
1.637727
-1.296331
-0.55513
-1.84622
NA
1.597837
3.00753
1.75148
-0.001
1.378531
-0.978
1.122
2.143
-1.99376
-0.503
0.02837
-0.251182
NA
NA
2.832688
-0.365627
-0.82795
0.6842
0.49527
-0.457
-0.604
-0.661
-0.934555
2.60619
-1.8547
-2.07121
2.1681
0.9867
-2.551
-2.40242
0.093
-0.783943
0.262305
1.054
-0.653557
-1.426
0.99238
-2.87224
1.61074
-0.615
0.6244
0.73473
0.726
1.66012
-1.464004
-1.382977
-0.020311
-0.89423
-2.399
-2.114836
0.57
0.399
1.2881
0.758
-1.549807
0.822
1.09185
-0.051
-1.681
1.37879
2.001
-0.107
0.415
-0.79465
1.12
1.682814
-1.837202
-0.72051
-3.22262
0.3877
-0.898
-4.14286
0.934317
1.895788
-2.080124
0.978
-0.539048
-3.9
2.7863
-0.4683
1.48057
-0.737
0.2465
1.582
-0.145
1.327928
-2.39215
-0.6409
-1.712544
0.702
-0.451
0.794569
-0.074
1.47791
0.35462
0.209283
-0.435875
1.49708
-0.18757
3.8239
0.17
0.909
0.56893
-1.45253
-0.14702
-0.095
0.931172
1.061955
0.20539
1.24106
-0.04391
1.53735
1.93132
-2.158
0.053
0.919
-1.53
-0.52078
-4.34131
0.267
-3.859949
0.414
1.28585
-2.043
0.61
2.12915
0.482
1.355
2.904704
-1.576
-4.26152
-3.306
0.52406
-3.867
-1.965
6.5974
-2.7692
1.96342
-1.53545
2.58585
-1.358
2.86206
-0.3211
1.67987
3.585
-2.53619
-2.70379
2.12485
-0.689
2.59
-1.69413
2.11604
-1.232
-0.38905
0.05267
2.88
-0.02286
-2.263014
-3.379237
-0.026263
-2.92326
-0.622
2.942686
2.1
1.823
0.37209
0.83697
-2.307
-2.9082
-0.603155
1.789
-1.66425
-2.451
-0.7592
-0.68644
-1.993
-0.376
0.8996
-0.834313
1.036
-0.354
-1.32942
-1.30562
0.81848
-0.909687
0.774323
1.67122
0.319
1.95605
0.814699
-0.730469
NA
-1.252586
0.755
0.7785
-0.64029
-0.80586
-2.7747
-0.06068
0.828995
-0.7336
0.537
-2.434
0.603604
-0.126603
-0.53802
0.91025
1.916501
3.443
-1.344981
0.390701
1.621168
1.6321
0.13832
-1.4116
-0.9701
0.6296
-1.002
-1.179
0.9477
-1.9823
0.9016
-0.596
0.4432
0.878
-0.884
0.377479
-0.553
-0.534778
1.719
0.310138
2.531
1.992689
1.01814
-1.61226
2.338
-0.262
-0.37059
-0.8794
-0.975071
1.024075
-1.431392
1.82514
-2.1268
-5.806
-0.82766
4.431
1.10621
-0.22495
-2.065
-2.9682
1.0237
0.0409
NA
-0.9856
-2.305
0.758
0.946785
-0.632263
-1.24242
-0.60297
0.714
-0.47878
0.887
0.107974
1.07572
-2.887
1.78966
-2.57883
-1.14524
2.1598
-0.3211
-0.7371
-2.3187
0.75806
1.79622
0.3736
-0.75193
-0.33207
-0.96
0.24316
1.32424
1.33597
-0.76575
1.10321
-0.80351
-0.9532
0.05092
0.09888
-0.78605
1.45082
-2.12058
-0.88042
-1.27504
-1.03
2.155
0.2427
0.0654
1.198
-0.26652
-2.45877
0.40995
0.028
0.97439
-0.75901
-1.6878
0.213
0.02216
1.03908
1.269
-1.28227
-0.26365
1.7582
-0.53262
-0.50144
1.82398
-1.658
-5.096
4.74332
0.921
-3.12607
0.41533
-0.08173
2.51213
5.00314
1.14187
-0.22251
1.28607
5.57496
2.21578
0.99709
-0.82213
-0.938
-1.73253
0.29719
-1.389
-0.70367
-1.78197
-1.45345
0.81238
-1.25849
2.50943
-0.064
-0.064
-0.168
0.443
-2.03633
0.50379
0.953
0.00831
-0.65803
-1.68662
-0.02237
0.91208
-1.91271
0.04062
-1.90889
0.40758
-1.48919
-0.482
1.22385
0.496
0.37598
-1.80316
0.69815
1.04
-3.96489
0.54352
-1.54
-3.04321
-4.068
-1.25138
1.8908
-0.0145
-0.369
3.1598
1.2286
0.8845
-0.6239
-1.081
-1.04
-3.6353
-2.656
0.6613
-1.9327
-0.7973
1.4656
-2.838
-0.7613
-0.2555
-0.4638
1.987
1.3611
-0.43
-0.184
0.448
1.857
3.8183
-3.057
-2.9663
-0.5566
-3.2
-0.3499
2.2332
-0.684
-0.8258
1.8267
0.462
-0.834
-0.8475
-1.9578
-0.4545
-3.575
0.57783
-1.39082
-0.612
0.03748
-3.3844
0.11525
-0.1958
1.82
-1.204
1.17938
-0.79776
1.23526
0.57411
0.40609
-0.41678
-2.805
0.478
-0.18691
1.2455
-1.04942
-2.62831
-1.77761
2.44628
2.60043
-0.50712
1.405
0.64659
2.73789
-1.07939
-0.37554
-1.09916
-1.043
1.22446
2.01298
-4.0023
0.675
-2.413
-0.57282
0.00777
-0.47013
-1.13526
0.819
-1.905
1.32577
-0.34999
0.623
1.102
1.0766
-0.648
0.68382
-1.14434
-1.34677
1.56431
-0.39974
0.90162
-0.926
1.65068
-0.18517
-1.053
1.21059
-1.363
-1.30829
-0.542
1.787
-4.39082
1.096
0.33775
-1.5629
4.966948
-0.178
0.8795
0.63781
2.10273
-0.23339
-0.02471
-0.18396
-0.522
-1.47022
1.28217
1.175
2.05
-1.51681
0.73688
-1.07891
1.469
-0.515
2.51976
1.3399
0.4683
-2.453
-2.0635
1.3894
-0.3353
0.411
-1.7248
2.3923
3.5434
0.2261
-1.264
-0.8611
0.8329
1.1623
-2.7632
-0.8991
0.475
-0.6019
0.5331
-2.0087
0.2272
0.1076
-0.8101
-4.823
1.7303
-0.8279
-0.5879
0.756
-0.6963
-3.5552
2.142
2.7724
0.911
-1.074
0.1614
1.615
-0.1501
-0.9848
2.833
-0.8472
0.7888
-6.9312
-3.1106
1.3109
-0.0841
3.61
1.029
-0.5872
0.4715
-0.4979
1.806
-0.927
0.966
0.4
3.571
-1.306851
2.508518
1.269
0.76
4.533578
-0.219922
0.565265
-1.354893
-1.250823
-0.623295
2.149643
0.595873
-0.000877
-1.460661
2.731992
-0.915
0.248259
0.074818
-0.491237
-0.903805
-0.586
0.537183
-0.948867
-0.825509
-0.128881
-1.342
-1.133649
2.853599
-1.269318
-3.275106
0.567485
-0.147304
1.898388
-1.104665
0.888427
-0.039457
-0.699416
0.07
-1.600793
-1.967066
-1.076861
0.889169
0.774467
0.666
0.995519
0.216784
2.07625
-0.9
0.826
0.69462
-0.913
-1.29257
-1.72867
-0.766
2.12095
0.21974
1.78482
-1.30997
1.09487
0.07169
-0.135
-1.763
-1.224
-1.169
1.293
0.861
-2.4689
-2.85812
1.38812
0.4586
-0.50169
-0.829
-0.97863
0.68368
0.05405
0.15426
-1.17577
-1.82618
0.945
2.133
-0.784
0.67089
-0.81614
-1.394
0.25626
0.09922
-0.01884
0.296
-0.419
-1.44844
1.426
-0.156
-0.72436
-0.523
0.09038
-3.40183
-1.326
-1.53448
0.50906
-2.00293
-2.18565
0.24293
1.16515
1.20647
0.01881
-0.20678
0.44058
1.126
1.28613
-0.379
-0.80046
-0.092
-0.18054
0.68608
3.632
-3.632
2.24031
1.167
-2.36596
-1.90478
0.88358
1.478
1.448
1.41987
-0.949
-4.3028
-2.32956
-0.27078
-0.312
0.35832
-0.61469
-0.57566
0.46224
-2.05
0.252
-0.315
1.884
2.183
2.77277
4.156
-2.38672
-1.39356
-1.31484
1.01
0.67344
-0.13789
0.671
-0.35395
1.09075
1.3834
0.49097
1.63959
0.85244
0.46076
-0.57215
-1.00941
1.166
-0.06964
1.46584
-1.05736
0.71914
-1.39059
0.48222
-2.9
-1.06558
-0.89445
-0.40413
1.169
0.54735
0.12817
-1.82654
0.081
0.60915
-1.48288
-0.39715
-1.259
2.62767
-1.11065
-1.49342
1.38467
-0.437
1.626
-1.191
0.5281
1.447
0.22703
-0.43567
-1.25961
-1.21207
0.85921
-0.03317
-0.279
-2.29271
-1.44207
2.77804
-1.156
-1.86637
-1.314
1.62546
-0.09205
0.14454
0.61863
2.3604
-0.40533
0.733
-0.154
-0.47423
-1.74611
-1.065
-3.30329
0.94366
0.93793
-1.11
2.14
1.45391
0.784
-0.63733
-0.035
-1.77547
-1.21413
0.95535
-0.89926
2.99
-1.236
-1.56073
-1.72241
0.041
1.50079
-1.44801
-4.00887
-0.99075
-2.07773
-3.89458
1.667
0.32754
1.74603
-0.6402
0.172
-3.50534
-0.78594
-1.33874
2.43298
0.24346
0.50857
-0.439
1.16943
-2.529
-1.137
-1.904
1.18865
-0.27
-0.522909
2.119693
-1.997627
3.744168
4.260498
-7.215
-0.253
2.426757
-0.718219
1.477871
-2.29891
-1.170539
-0.247837
2.376
-0.865882
1.577
-1.802207
0.686601
0.405854
-0.542749
-0.304645
1.492932
1.795202
-3.93389
-5.166
0.111867
-2.937824
-1.589536
-1.977
-1.565269
-1.139
0.734378
2.508059
-2.423888
0.220593
2.069172
2.250257
-2.417297
NA
1.283614
-2.461187
-3.097
-0.836507
0.077262
1.14701
1.121993
1.507
-1.885531
2.144449
-0.990058
-0.013
1.916
1.130958
-1.238975
-1.086987
0.000677
0.554156
-0.150439
-3.728917
-1.246112
-1.094
-1.332848
-0.978
1.50659
-1.84364
-0.91398
-0.96977
1.005
-2.22446
1.22605
0.10327
-0.07135
3.726
4.35551
-0.63174
0.847
-2.01518
-0.70777
2.09883
-0.77777
-1.22208
-3.41616
0.275
0.61264
-1.47208
-2.02786
-0.02695
2.02249
0.31298
3.6636
0.82
0.5734
-0.6903
-0.6908
-0.167
-2.8912
-5.452
0.7102
-0.974
-0.452
0.542
-2.0355
-0.2126
-0.9848
0.22
-1.418
-1.0492
-2.066
1.808
0.3304
-0.343
0.158
-1.1583
1.8343
0.3344
-1.75
-0.7385
0.1012
-1.8323
0.2784
3.7485
0.8492
4.101
-0.4337
-2.3248
-0.093
-1.3181
-1.2101
-1.5832
0.1351
0.01
0.417
-0.126
-1.761
-0.2712
0.5682
-2.817
1.2262
0.43884
-3.049
2.120548
2.466998
-3.327
-0.573188
1.815176
-1.822409
-1.544497
1.246711
1.682
3.811
-1.888455
0.004895
0.222107
-1.083153
-1.23382
0.840839
0.305
0.30157
-0.267
-3.489
0.000916
-0.04
1.787456
1.76724
-4.809
1.195313
0.465316
-2.233209
0.6652
-0.245
0.602
-0.303088
-1.247115
0.407
0.888738
0.261
-0.257
1.785334
-0.507
-0.507
0.804622
0.684303
-1.667668
1.661
1.661
0.275398
0.536072
1.774135
0.95
-0.799
0.52
-0.131545
NA
NA
-0.5566
-0.1944
1.2253
-0.636
0.115
0.9592
0.417
-1.17
-0.3692
-0.1235
0.8497
0.5393
-0.2598
-1.327
2.2105
-4.51
0.681
-0.4541
1.2295
0.6
-1.252
-1.6925
-0.1182
0.869
-1.567
-2.4153
-0.387
-4.0505
1.4504
-0.7301
-0.3545
NA
NA
-0.2753
-0.1448
NA
NA
-3.415
-1.7477
NA
1.7018
-0.665
-0.1589
-0.2819
0.8177
NA
2.037
0.3146
0.2497
-1.7132
2.8295
-0.073
-0.4702
2.757
3.4228
-4.066
1.0816
-0.5719
1.1364
NA
-2.354
1.8716
0.933473
1.099
NA
0.4862
1.92807
0.61425
-1.02913
-0.60285
-1.65624
0.52591
-1.897
4.84333
-0.49
-5.10912
-1.258
-6.098
4.00485
0.73347
-2.85621
0.58653
0.38361
0.82746
-1.894
0.623
0.68678
-0.0188
-0.87553
-1.82672
1.401
-1.40022
1.304
1.51745
0.51681
0.47655
1.24139
-0.15654
1.09485
0.23795
-0.90545
2.007
2.097
-0.28641
0.17084
-0.44232
0.24698
-1.127
-1.015
-0.73201
-0.507
0.18322
0.268
0.03965
0.21623
1.085
0.84385
-1.902
-1.617
1.81883
-1.72
-1.81499
0.69669
1.52396
3.01855
-0.572
2.45764
1.05797
-1.69924
-0.715
2.70552
-2.00729
1.5269
0.52366
0.74294
-0.819
1.79281
0.18203
4.72387
0.027
0.40643
-0.40693
0.32413
0.422
0.712
1.278
-0.131
-0.33188
-2.698
-4.24684
0.103817
0.149
-1.548
0.743702
0.80249
-1.538
-1.80821
-1.788782
0.006
-1.218
0.38792
-0.113485
0.748234
0.323
0.74
1.190912
-1.694309
3.438
2.995
1.733556
-0.611
-2.314591
0.502708
-0.426
-0.814
1.246
1.372
0.318235
1.74
1.910539
-2.386759
1.585
-0.548549
-0.482
-3.336738
-0.182055
0.8
0.701929
-2.611372
-1.162
-2.284399
-2.34039
-2.332
-0.877373
-0.202488
-1.438575
-0.204609
-2.649714
-3.561
2.090341
0.724
0.880738
-2.419459
1.740656
-2.82264
-0.207998
-2.539944
-2.313222
-0.98056
1.574095
-1.896442
0.790445
-0.837735
-0.139096
-0.082181
-0.230404
0.731
0.385328
0.229491
-1.048212
-1.445
2.807529
-1.660834
0.313983
1.038413
-0.452
0.806
0.1413
-2.035142
-0.859838
-3.991096
0.148363
0.691614
-0.031356
-0.65
0.180394
-2.665914
0.740695
-0.738
-1.820794
0.655239
-1.442
-0.332562
-1.514171
0.121985
-1.331885
2.933412
1.978363
3.109138
0.783573
0.397914
0.142
0.368
1.185298
0.406
-2.646639
0.332
-1.629281
0.9913
-0.639051
0.773813
0.112212
0.28525
-1.056558
-1.394458
-2.083
-3.670412
-0.997
0.615
-2.156437
1.829629
-2.055245
0.925
0.586
-0.110979
-1.596582
1.415
0.686553
-0.965662
3.453721
2.403
-0.315597
-0.107131
0.709
1.00456
1.464716
1.206055
-0.411954
0.211
-0.395507
0.5412
0.235602
1.978955
1.736652
-1.161
0.441621
1.363918
-0.376073
-0.881
0.001049
0.152055
-0.906766
0.193453
0.286524
0.538377
0.891608
0.763301
-1.449059
-1.042812
1.105103
-1.458309
-0.70912
-1.707866
-0.66
2.726
-3.991557
2.259049
0.319
0.569
0.533191
-0.601404
-1.733
1.079314
0.854
-1.12441
1.18966
-0.763855
-2.605
0.564
3.095
-0.419
0.35
-1.169829
0.607636
-2.050809
2.729946
-0.667822
1.149694
0.062
1.1926
1.3556
0.112
-0.4959
-1.01
-2.294821
-0.3186
-1.1052
-1.5816
1.57105
-2.557
0.496129
0.216
-0.81558
1.91447
-1.671
-1.1676
1.048672
-0.806906
1.112093
0.167342
-0.746697
-1.516372
-0.26315
0.402
-1.654043
0.956813
1.10533
-0.913
2.573258
0.962
2.75381
0.31517
-3.36479
-1.93
-5.785
0.29176
-0.14128
-0.094
0.913
-0.823
-0.67804
2.302
2.68076
-0.667
2.421
0.72736
-0.6889
-2.2189
-0.0344
0.0211
0.0852
-1.3336
-2.4227
3.421
2.913
-1.1032
1.0663
0.9549
1.1073
0.362
1.424
1.18
0.0812
0.058282
-2.809567
0.47382
0.839904
-0.300944
0.650368
-1.275127
-1.432285
0.4233
0.10214
2.14903
4.573
-0.254
-2.35
0.12097
-1.255
-0.63251
0.65004
-5.616189
-1.961
-4.906
1.601911
1.88574
1.07579
2.03
0.304
-1.369
-0.3344
-1.239
5.60005
-6.217
2.101
-1.991
-0.147
3.928256
0.375
-0.79891
0.868
-1.5747
4.11233
0.97758
0.979
0.053348
1.673491
-2.525
-1.618
-1.17308
1.99581
-1.13613
-0.437
3.341
-1.766
2.301
0.638231
-0.274
-1.33423
0.945
2.070669
2.936
-1.852996
-0.567
-0.188
0.196336
-0.943037
0.806
0.80004
0.659
0.603
-2.6697
-1.94552
-1.4
-1.556
0.87761
-0.39202
0.30676
0.619227
-4.219173
-0.40411
-0.34729
0.11013
1.453
1.248
1.0385
-0.7041
4.77148
2.600462
0.664647
1.123
1.42413
-0.08847
-1.528
-2.115
1.146751
0.298
0.635111
2.46696
0.25397
1.541
-0.06287
-1.684
-1.802
0.470449
0.6853
0.85268
2.1788
2.12311
0.608
0.309
-0.6558
-0.752196
0.814
1.621498
-1.102841
-0.94899
0.495
-0.1759
-0.14001
5.93
0.68793
0.71633
0.25056
-2.54301
0.66163
0.44368
-1.416
0.33312
0.57634
-1.31124
-0.797
-1.29827
-0.706
0.21894
-3.5057
-0.833
-0.622
-0.12157
1.08044
-1.51045
0.802995
0.032591
1.254466
1.322157
0.195342
-0.438
0.502
0.687
-1.90173
-0.518
1.795
-2.39627
0.191
1.45002
1.02991
2.4881
1.518
2.489108
-2.650902
0.236
-1.495251
-1.547
4.462
-1.681592
-2.545541
1.7609
0.04409
-1.689427
1.185
0.716
0.489
-0.094
2.330368
0.535603
-0.24616
-0.373
1.277079
1.81041
-0.3528
-3.93702
1.88642
0.637
3.333
-5
-1.07536
-2.201
2.642
-0.82285
-1.23255
0.26358
-0.68526
1.51381
1.50894
-1.34136
-8.6045
8.07765
-1.344
2.74746
3.15727
-1.4042
-0.03419
-0.43959
-3.36262
0.89897
0.33435
4.029847
2.22612
-0.923
-1.176
0.716
-0.70617
NA
0.6594
NA
NA
0.7335
NA
-0.7415
NA
-0.554
-1.7965
NA
-0.2473
NA
1.415
1.92
-1.627
2.53
-1.3975
1.356
-0.0392
0.614
1.6168
0.0167
1.428
-1.6606
-0.7473
-0.6565
-0.2139
0.6269
0.106
1.857
1.54276
1.06827
0.6484
2.1234
1.0374
1.7794
0.265
0.653
-0.071
-1.32055
0.2911
1.20789
0.60564
-1.799
-1.8112
-3.18053
-1.838
-0.36883
1.615535
-0.743832
0.501689
0.767341
-0.546
-0.919
1.221
-1.32406
1.184
0.70291
-0.488363
-0.414423
0.252015
-1.173791
-1.21723
1.219084
-0.813
-1.56352
0.90906
0.62397
-3.55051
1.79
-0.013
-0.04121
-0.27544
-2.02385
0.05776
-1.48081
0.4511
-0.96367
-0.815
0.84902
0.39979
0.39343
0.72465
-1.35245
2.19448
1.89086
-0.1155
-0.688
-1.752
-3.35951
1.64066
0.44794
-1.679661
-0.731386
-5.421
2.1032
0.338
-0.46551
-1.4556
0.44693
0.18819
3.783
-0.7295
3.534
NA
3.186
-0.577027
0.8493
-2.93656
0.159
-0.749082
0.341
1.677
-3.3044
-2.9494
-0.7112
-1.0849
-2.7485
1.057597
3.148901
1.55983
0.25959
0.13868
0.34959
-1.31772
-1.146
-1.04024
0.23517
-0.641
-1.164
1.356613
0.501139
0.526058
0.885905
1.13
-1.259
-0.58
-0.62106
0.95758
1.396279
-0.93635
1.038
0.3533
0.303
-1.257
2.176
1.7387
2.1434
0.862585
-0.78455
-2.862
0.501353
1.07758
1.498
2.004526
0.965
-0.303
-0.8901
0.05743
2.70492
1.599
-2.19576
0.554
1.59059
1.043
-0.526
-2.32301
-0.56866
0.726
-1.15016
-1.35787
-0.98768
-6.939
-2.89491
-4.467
-0.94064
0.4677
-0.335
1.443
-0.37429
-0.49303
1.71402
-0.784462
0.867
-0.49976
0.33005
-1.50444
-0.65704
-0.6368
0.76015
1.26956
2.27984
0.233295
-1.797
-2.862341
0.894031
5.797
0.358796
-1.407
0.48538
0.84233
0.922918
-1.120393
1.807
4.45583
-1.366818
-0.002542
1.658
1.879928
2.010604
-0.101538
-0.121365
0.571
0.61804
0.04015
1.7793
0.17532
-1.256
0.303893
0.206324
0.63
1.790902
0.57617
-1.48901
0.78317
-0.564453
-1.616
0.5593
0.1897
-1.4828
-1.185
-0.0116
0.4281
-1.137
-0.5672
1.17714
0.51979
0.018702
-0.656
-1.531279
-1.218
1.0316
0.04192
1.472
-1.686
1.973198
-0.20954
-2.111
-1.952
1.32035
0.408614
0.77587
-1.431
2.01309
0.69852
1.90428
-0.3167
1.514
1.304
1.5862
-1.6652
-1.4196
1.2058
1.14976
-1.5279
1.645951
1.69508
0.749
3.60477
-2.82586
0.31728
-1.34816
1.97079
-1.57616
1.246
-1.50609
-0.921
-0.98784
0.6092
0.33039
-0.45839
0.09517
-0.664
2.506
3.54958
1.098
-0.42194
1.729306
-0.521026
-1.674
0.468418
-0.834
0.37
0.83913
1.119
-0.92253
2.036547
0.74151
4.28994
1.62988
-0.275
-0.19497
-1.658
1.16344
-0.02756
-0.27175
1.0508
-0.37346
-1.076245
2.178559
0.108
0.60638
-1.9777
0.408
-0.435
0.55261
-0.354
-3.34543
6.24
0.48235
-0.0289
0.502308
-0.716262
0.6025
0.1738
-0.10326
0.983
-0.827332
-2.60318
-0.29299
0.735947
-0.584471
-0.17909
-0.49941
1.534
0.10917
0.24326
3.05844
1.68038
0.77067
1.47
-0.745
0.3785
-2.775
-0.739282
0.309781
-3.799
-2.113124
0.00618
0.0329
-1.7044
0.228
-2.5808
-2.082805
-3.8979
-1.832993
-2.23753
-0.793
1.269
0.859993
-1.30605
-0.23
-0.66537
-2.05474
2.166871
0.353984
-0.851368
-0.762885
0.687785
-0.036112
0.27628
-3.1868
1.952
-0.289
1.9021
-1.03399
0.28167
-1.45487
-0.188458
-0.871735
1.3835
0.4527
3.03808
2.086
-1.08266
2.822
2.019
2.20935
-0.29196
0.75262
-0.746308
1.100349
-1.602
-0.00904
-3.0424
1.36622
2.03023
-1.24118
-2.828134
1.228196
1.959097
0.257292
0.751885
2.031571
0.707471
0.571
-1.3703
0.755
0.79
-0.9507
1.52419
0.993944
1.05601
-0.697
-2.6862
-0.031
-0.1741
3.86873
1.00346
-0.473
0.461
0.322
0.73554
1.11385
-0.22918
-2.50905
1.72209
-1.26064
1.162642
3.17754
0.39673
-2.809433
-3.001309
-3.287
-0.21
-0.6501
-0.173
0.6884
2.7466
0.04213
0.065942
-1.285
1.9494
-0.3623
0.753
0.2756
3.00427
0.506663
-0.41928
0.85413
-1.271
-1.14863
-1.9362
0.20914
-0.231
2.276
1.131556
-1.496989
-1.605667
-1.560947
-4.113784
0.55832
-0.312
-2.423223
0.386
-1.976224
-1.461811
-0.669
-1.004499
-2.005
0.6683
0.81567
-1.121505
2.514461
-3.538998
-2.202
0.784
-0.244
-1.562
-0.282
1.656
-0.065
-0.50716
-0.00234
-0.88183
0.26771
-0.23732
1.88848
-0.02618
-1.793548
0.534
-0.841
3.211
0.645135
3.242947
3.317
-0.58605
-1.32689
-2.76317
-0.2507
-0.16934
-2.6769
3.919
3.936
0.738
-1.37621
-1.47887
-0.90109
-2.489
-0.737
-2.53
0.05571
-0.20108
-1.65676
1.41606
-1.95671
0.899
-0.2591
-0.788
0.5778
-0.266
-0.036
-0.096679
0.707102
-1.636341
-2.717322
-0.87153
1.81764
2.517
1.37026
-0.40418
-1.14078
0.28901
-1.9075
0.545
-1.1667
-0.02
0.9937
0.5359
2.8602
0.4266
-0.0266
1.426
1.5048
3.058
-2.669909
1.168362
-2.109186
-0.06108
2.438
2.906651
-0.885
1.973115
-0.793413
-0.003708
0.6334
-2.5705
-0.8685
-0.8946
1.3218
0.5216
5.071
0.992
1.107794
-0.189998
1.034162
1.199
-2.0476
1.2
0.944
-2.9081
2.1989
0.853035
-0.593
-1.063621
0.368325
-0.234825
0.88
-3.509388
0.81537
-0.426007
-0.396369
-0.675
-2.852159
1.537848
0.883
-1.347381
2.147
0.564983
1.037952
-1.601215
-0.546228
-0.157
0.753236
-1.444052
-0.457615
-1.255982
0.312311
-0.29
-0.533438
1.394765
-0.961
0.95489
-0.43704
-0.41327
-0.44704
-1.45504
-1.72329
1.944
-0.90552
1.54733
1.88
0.95746
1.063
-1.28929
3.52673
-0.485
-1.29963
-0.98597
-2.04781
0.53471
-0.17058
0.60593
0.93409
3.17723
1.992
-0.871487
0.851494
-2.505368
-0.085
-1.263262
0.659
-1.057216
-0.502988
4.354416
-1.541932
2.515
1.44
-0.217405
0.303257
-0.833
-1.91963
-0.388604
0.537
-0.756239
1.697
-0.15948
-1.57867
-0.55006
1.06
0.23538
0.85638
0.254
-0.18886
0.80523
0.04238
-0.8957
-1.811
-0.005
-2.45297
-2.25791
-0.89125
-1.00039
-0.71071
1.355
-1.68042
1.306
-0.23053
0.18389
0.873
2.62128
0.123342
0.993
0.899
-0.31812
-1.3094
-1.25281
3.737
-3.2
-3.2
-2.097
-0.48877
-0.57989
-0.60294
-1.1057
0.8208
NA
-3.7752
1.0855
0.5545
0.199
-0.1512
0.5892
-1.0176
0.191
-0.158
0.626
NA
NA
NA
NA
-1.2602
NA
-1.418
0.62334
1.07965
1.0768
1.0203
-1.211
-1.5984
1.847
0.8695
1.3154
0.920661
0.117249
-0.557868
0.066699
0.834
0.1526
1.0661
0.1049
-0.3474
-1.1185
1.1685
-0.252
-1.0232
0.4231
-0.8233
1.8535
-0.1889
0.8129
-0.54
0.649111
2.701745
1.288
0.262434
0.059
0.725616
-0.647566
-0.492977
1.665
-0.302003
0.634234
1.97545
4.279745
-0.283
-0.812559
1.020889
-2.219239
-0.857
0.9372
2.244376
2.834
-0.657113
-2.435945
0.866402
-0.481911
-0.443
1.633908
-1.113318
1.955459
-2.271966
2.04009
0.142
2.227
0.22108
0.85454
0.86691
1.54651
-2.7905
-0.261
0.92921
1.25115
-1.641
1.43531
0.20771
4.03711
-0.992
1.246
0.21
1.42772
-0.559627
1.345909
0.320572
-0.104002
1.235605
-1.265386
-0.438152
-1.391574
-0.691569
-1.667
0.150972
-3.228
-1.33242
1.16231
1.38957
-0.31009
-1.583617
2.835301
-1.587178
-0.579739
-0.167
-0.448095
-2.713
-1.562
0.3537
-4.50353
-0.753
-0.698
0.00896
-0.5573
1.38673
1.677
-0.49436
0.04276
1.44988
0.06929
-0.60675
-1.935
-1.28945
-2.29195
0.415
-1.087
0.68115
3.04076
-0.11898
-1.25777
-0.77407
-1.47355
1.405
-2.73926
-0.3977
1.238
1.373
2.330971
-1.910693
1.245618
0.103133
-2.54371
0.155031
0.37666
0.73732
-0.841245
0.229081
0.583411
-1.023558
1.07607
-1.72
-1.026
0.927
-0.170233
-0.922998
-0.422393
-3.616196
0.341942
0.548147
0.774561
-1.600199
1.483272
-1.097288
1.03101
0.6793
-4.230932
2.559
-1.351
-0.027772
NA
-2.049123
-1.476725
1.642509
-2.734848
-0.354
0.653
0.086
-0.50484
0.128518
3.654
1.059755
-2.190425
-2.571
0.584
-1.3639
3.1517
-4.3741
1.2765
0.7508
2.733
0.991
-0.0548
1.1308
-3.927
0.8902
0.8105
1.329
1.069544
-1.04252
1.32191
-1.505161
2.162
-2.440005
-0.163894
1.780923
4.480784
-5.383796
0.331848
1.053656
0.873111
0.763
-0.180523
2.738
0.680161
0.690969
-1.68725
-0.546692
0.551009
1.63432
0.174995
-0.15514
1.417624
1.057292
0.515986
3.425604
-2.668545
1.432871
-2.982621
-0.596
0.863713
-1.27
-1.605
0.657218
-1.457997
0.254792
3.636464
-2.2807
-0.484
-3.4534
1.1086
3.7683
-0.8258
0.237
0.508
-0.6564
0.087
0.834
0.8561
0.8658
1.2805
-0.6828
2.3296
0.99
1.0001
-0.918
1.1611
1.4526
-0.3599
-0.9905
1.7493
-0.509
0.312552
-0.581997
1.3921
2.0641
-0.588
-0.9729
-1.150041
0.597
-2.213
0.089769
-1.133105
1.946279
0.215333
0.322403
-1.905279
0.341253
-1.222
-0.988437
-0.609974
0.87839
-0.98026
0.37607
1.06407
3.175
0.025
-1.59238
1.69613
-0.88349
1.50183
1.32254
2.63818
-0.29178
-0.981827
0.160372
0.573174
-1.068455
-0.644811
0.360847
0.73
-0.245232
-2.356029
-0.181046
1.415527
-0.164
0.948
-0.676636
-0.861
1.429665
0.095
-0.08619
0.96727
1.36436
1.736
0.18896
2.159
-0.3684
-2.271
0.59574
-0.81581
0.96922
0.6627
1.002
-0.668
-1.06558
1.28505
0.99225
1.2626
-1.9
-1.308
0.37
0.2
-0.9176
0.1952
-0.469
0.921
-0.4082
-1.1298
1.27428
3.88405
-0.72593
0.40844
-2.096638
-0.29074
-0.36725
0.77838
1.67357
-0.90276
-1.807
0.159409
2.446683
-1.557923
0.371
-1.403505
-1.372253
0.678102
0.482352
0.571
-0.381858
0.700912
0.046839
0.869
1.23452
-0.187
-0.294751
-0.457
-1.123545
-0.755898
0.56115
-1.460604
1.169
2.466597
1.405416
-0.664786
2.275189
1.125939
1.648324
-0.351372
0.557382
-1.132749
0.819136
-0.623955
-1.794
1.61
0.422292
0.600506
-0.64
-1.803962
-0.190835
1.387
-1.268
1.323
1.001
2.293
-1.226368
1.922249
-1.451561
-1.209
2.135472
-1.508183
-1.474727
1.377031
-1.35
-0.089458
-0.318353
0.378823
1.653183
1.481479
0.315723
0.743
-4.653822
-1.787469
-2.80988
3.955696
3.048067
1.19
-0.276
-0.06249
1.229294
-2.61581
-0.68
1.493463
-1.446167
-2.43396
0.02011
2.17824
1.118654
0.211
-2.145
-0.441514
-1.405
0.428394
0.076
0.704406
0.637766
-1.036
2.056033
0.246078
-1.959
-1.426293
-0.3
3.761257
-1.492
0.073558
2.523
0.015338
-1.129532
0.337436
0.554915
-1.930471
3.1805
1.459
-4.791468
0.003256
0.717891
-0.702
1.280896
2.147
-1.743348
-3.38375
-0.078166
-1.645275
-0.900172
1.217
0.560478
-1.979471
6.480989
0.656315
0.494208
0.11
-1.254
-1.622657
-2.30329
-0.000749
-1.464
-0.198126
-0.990945
2.093
0.261
-1.033
0.26051
-0.059326
-2.887805
0.585035
-1.87713
-1.02291
1.45
0.508
1.094
-0.62236
-0.71553
-0.85578
1.48
-0.14253
-0.08431
0.728
0.46692
-1.3319
2.30371
-0.40675
1.95909
1.1854
1.93539
-0.098
0.30389
0.92954
-0.417
-0.597
-4.03396
1.1933
-0.83005
0.019
1.853
1.14205
-0.44313
0.63017
0.944
0.89071
0.67178
0.74812
1.64691
1.11173
0.29537
0.48305
-1.27838
-0.81536
-1.63679
0.001
-0.16607
0.56922
-4.08853
0.703
1.94478
-0.32801
0.13247
0.87
-1.17706
-0.48662
-0.02041
-2.75973
-0.84
0.57514
-2.37485
1.30787
2.443
-3.21734
NA
-1.15371
3.93725
0.85254
-0.328
-0.4755
0.12971
1.86887
-0.09292
1.28958
-1.55376
-0.70037
-1.002
NA
0.1624
1.7187
-0.27281
0.159
-6.0613
1.46
-0.519
-1.09262
-0.1917
-1.344
1.926
NA
2.3134
0.2579
-1.321547
1.035
1.0972
-0.211
-1.136
-4.0518
-3.6185
0.1926
-0.5887
3.4247
2.2546
-0.253
-0.3461
0.9799
-0.09
-1.0252
0.175
-0.7312
0.4582
-0.286
0.056
-2.58009
-1.09155
-0.57386
-1.8629
-2.69012
-1.30674
1.55088
1.95192
1.21934
NA
-1.00788
-0.02122
0.35963
1.91692
0.67977
0.97788
-1.1278
-0.09392
-0.28325
-0.591326
0.195966
NA
0.498633
0.074645
1.382195
1.304626
-1.16905
1.917121
0.998009
-1.297
-0.995332
2.611052
-0.19138
-0.359339
0.011136
-1.512202
0.787495
3.304537
0.048943
0.257
-2.741049
-0.076758
-1.34531
0.72282
0.38683
0.338
1.53096
-0.50137
-0.46503
0.70606
0.17191
-0.513
-2.2786
-2.014
-0.6867
-1.236
-0.29085
-0.056
1.152
0.38553
1.602
0.3998
0.929
2.087
2.12148
-2.368
0.902
-3.23889
0.7299
0.62639
0.57477
-0.51373
-0.05015
-0.52
0.848
0.192
-0.68625
-1.24177
-0.20468
0.99025
-4.74051
0.66793
1.75519
0.77558
1.60021
2.30264
-2.66335
-0.6291
-0.7654
-0.854
-0.4676
0.805
-0.3669
0.5516
1.716
-1.4419
4.2672
-1.125
1.259
2.0204
-1.1665
0.034
-2.0395
0.3997
0.813
0.117
0.555
-0.6529
-0.64456
-0.8925
1.5082
-3.939
0.475
-1.683
-0.2379
1.88363
3.939
0.3604
1.703
0.6174
-1.331
1.619
3.3337
-2.56883
-0.4462
-3.094
-1.55779
3.34799
0.16405
1.34193
0.02094
-2.9406
0.5385
-1.1872
0.2988
0.1346
-1.058
-0.31424
-0.775
1.4139
0.55067
0.555
2.1856
-0.928
2.128
0.328489
-2.49509
1.871
2.36791
1.234838
-1.9704
1.37199
-1.306401
-0.6087
2.43631
-2.61777
-0.98135
-1.383
1.6957
-3.435
-0.968384
-0.318
-2.859
1.575561
-0.1533
-0.85821
-0.16769
-0.5944
1.038
-1.06
1.206
-1.40653
-1.329944
1.60177
1.105301
0.89532
-2.4474
-0.0609
-0.7087
-2.424307
0.128
-0.283
0.1397
0.0198
1.28157
-0.9168
0.86131
0.1464
-1.59998
1.15605
0.95921
-3.135
-2.9442
-1.20674
-0.0449
0.53
-0.448815
-0.539
-0.16518
0.20626
-1.243
0.056
0.04391
-1.025503
1.071036
0.988097
-1.645797
1.372038
0.059
0.3484
-1.874
-0.121
1.551536
-1.8156
2.23877
-0.495
-0.180836
1.24164
-0.29673
-0.88954
-2.6357
-1.5761
-0.68682
-1.912
0.1004
0.74145
3.852378
0.587
-0.0605
0.252229
-0.812
0.766
-0.122
-1.0705
-0.43131
0.348
-0.24176
0.583
-0.601256
-1.111
-4.056
-2.163713
-1.98815
1.144
-1.097275
0.6054
0.204
-1.65145
1.68081
1.20314
-0.584
-1.314313
1.014913
-0.7841
-1.325
1.56574
-1.01268
-0.10106
-1.01485
0.208621
1.407974
1.975
0.537
1.80459
1.961657
0.524013
1.079
1.10472
0.57642
0.61911
1.285
-0.07053
1.48692
-0.19013
0.610646
-0.25396
0.102
0.062
-1.35
0.8177
0.5468
1.43329
0.79426
-1.47381
-1.09
1.3108
1.6694
-0.597477
1.608
-0.096118
0.156369
-1.048924
0.218552
1.4335
0.4479
-0.285
0.53633
-0.88142
-1.646
-0.153
2.0944
-0.123
0.23
-1.366
1.101
-0.8676
-3.19767
0.574
1.338471
-0.17926
0.853802
1.967927
-2.831404
-1.94815
0.703364
-0.719601
-1.252
0.023
-0.55835
-1.6653
2.1479
0.032
2.0713
-2.284
0.9062
-1.415
-2.652
-0.96844
0.413972
1.946803
0.756661
-2.153313
-2.296516
0.344451
1.808364
1.127
0.098
0.297742
0.554583
-0.910977
-2.753579
-1.619
-1.32217
-0.311
0.116818
2.621507
-0.636
0.22111
0.437
-0.47293
0.72661
1.24783
-0.3434
1.20771
1.916966
-1.08916
1.76765
-1.966596
0.25
1.063
4.16445
0.02867
-2.12413
2.41
0.3872
-0.02751
-0.439789
1.124
-1.315
1.338
-1.233739
-0.9639
-1.389258
0.809
-1.781932
1.139
2.7645
0.290791
-0.462
-0.85952
-1.87398
3.33
-1.9156
0.2683
0.386
-1.958057
-1.116
0.4953
-1.21838
0.39584
2.06247
1.7827
-0.865
-1.268
0.587
-0.467684
-1.369
-0.108629
0.706
-0.48397
0.40246
-0.03045
1.072
-0.728
-0.594105
-0.432
0.601
2.9158
-0.849
-1.04747
0.009257
-3.791
-0.69516
1.234654
-1.498
-1.031074
1.379942
0.09803
-2.225829
0.70129
-0.031
2.0095
-3.235
0.607
0.33141
-0.806
0.93913
1.9498
2.10509
2.28
-0.1941
-1.34161
-0.64736
1.498495
1.33955
1.488
0.92412
0.349
-3.7556
0.9021
-0.4172
0.201
0.591
0.199145
-0.462229
0.903
-0.752
-0.0129
-1.62024
-1.373
1.9403
-2.18869
2.09331
0.897
-2.2353
-1.13767
0.18
-1.114
0.26119
3.241
-1.25
1.595
-0.56475
1.09877
-0.44954
-1.467
-1.338
1.5803
0.7941
2.8356
1.794
-0.6954
-2.9084
-0.688
1.4262
0.728
-0.3826
0.7582
-0.1829
0.566617
0.82032
-0.696
1.477
-0.84778
1.310332
-0.667018
0.339
1.359515
-0.324
0.32937
0.508
1.439
1.762628
-1.216641
1.088893
3.353516
0.090793
-0.078
5.22
0.273
0.324
-1.914
0.338
1.28281
-0.53213
-0.51057
0.687
2.71563
-1.003053
0.652773
0.757872
-0.5999
-1.075
-1.075
2.56138
-0.5488
-0.098846
-0.6402
0.10559
0.077
2.424121
-1.2705
2.14
-0.267838
0.7265
-1.635487
-3.0249
-0.443472
-1.428398
-0.35776
-0.039209
1.108
0.000708
3.7577
0.023445
1.134869
-1.300548
0.5
1.77136
-1.256
-0.8065
1.4293
0.7493
-1.335
0.399631
2.9966
1.2369
0.7561
-1.2661
0.7654
1.5899
0.436
1.661427
-0.086074
0.87
-0.290575
-0.994558
1.3346
-0.729
1.989325
0.598428
1.0828
3.080192
1.5115
-0.891288
-0.002322
0.186591
0.765
-1.259
1.58616
0.0704
1.7315
1.36218
0.202
0.87607
-2.306
0.042
-0.43724
-1.60404
0.35358
-0.57128
2.18577
0.326362
0.193991
-0.809744
-2.294659
-0.739
-1.19788
1.81464
0.7912
0.487
-1.2241
-0.8529
-0.2775
1.0051
-0.3631
0.1994
0.7571
-0.6556
0.2782
-0.6717
0.1868
2.3809
1.2047
0.03842
1.0762
NA
-1.3803
-0.3371
0.583
-0.7165
1.707
-0.3446
-1.7495
0.6742
-0.44046
-0.58103
0.7113
-2.35365
0.473
-1.016
-2.35656
-0.713
-1.36362
-0.02546
0.56508
3.211414
1.437
0.1241
-0.9868
-0.246468
-1.439889
0.7433
-2.43473
-0.155152
0.117502
-1.133
1.544687
0.275709
0.34
0.35679
0.811
-0.78662
0.62851
2.726436
1.266841
2.61
-0.49863
1.17894
0.229143
-1.39288
1.43994
1.182
0.35
0.61108
-1.28203
0.86714
1.136
1.847
1.70324
-1.32674
-0.021
2.62779
0.29988
-0.00452
0.68281
1.90093
1.18482
-1.49616
-0.07226
1.086
-0.436
-1.634
0.451
0.23338
0.9775
-1.814
3.54661
-1.27944
-1.23158
1.429
-0.062
-0.75097
0.095435
0.186068
2.024483
-0.230816
0.253
2.611206
1.71504
0.01909
NA
NA
0.3049
0.891457
-0.48355
1.748156
-0.367252
-1.197
-2.061879
1.9707
1.3132
2.2649
-2.139
1.3655
1.6751
-1.551
0.4047
-0.669
-1.2205
1.703
0.2878
-1.6996
1.26
-0.5603
-0.0528
0.251594
1.263881
1.052226
-1.056355
-0.235999
0.930005
-0.148509
0.987014
1.024458
-1.101
-1.468
0.159
-0.181
-0.075134
-0.994
-0.406521
-0.876731
-6.423199
2.933
-0.406
-2.022
0.354526
-0.455721
-0.220983
-0.932785
0.401
1.457
0.711
0.616
0.960229
0.124542
-0.372
1.898131
-2.778563
-1.929
4.000946
-1.193178
-1.25424
0.101767
-0.735
0.690321
0.641
0.035206
-1.788915
-2.899
-4.015653
-0.58692
1.822
-1.788885
-0.445604
-1.449
2.362379
-1.520242
1.379
-2.344
1.042082
0.492721
2.084
1.954444
2.174
-1.133591
-3.606
-2.372619
-0.239925
2.607
-1.405
-3.345676
-0.542525
3.018432
1.555491
0.21959
-1.714695
-0.992
-0.914
-1.053668
0.580083
0.515651
0.108563
-5.147229
-0.305443
0.751
0.783
1.432298
-0.938011
-0.188479
1.355115
0.873511
-2.76437
-1.08924
1.000777
-1.433771
1.54442
1.441595
2.277608
-2.398138
-3.599149
-0.931
0.788115
1.000839
-0.752
NA
2.363696
-3.619
0.33226
1.043
1.83155
0.53589
-0.495626
-0.177205
0.76096
0.897035
1.11763
1.948608
-0.815
-1.89855
1.09
1.0304
5.11
0.788174
-1.47844
0.883
-0.770646
-1.879
1.02
0.48768
1.192425
-0.30729
-0.004525
0.719297
0.071324
-0.004208
-0.259
1.033
0.65357
1.21
1.06595
-0.4174
0.09786
1.23408
3.0995
-0.13578
1.91
2.34606
-0.359
2.24745
-0.24
1.41178
-0.01906
-0.57458
-2.085
0.21283
0.45918
-1.33004
-2.35827
0.262
0.59361
0.49023
0.79119
-1.041
-1.688988
3.82653
0.592
0.86524
-0.79908
-1.13926
1.55352
-0.186
-1.45227
-0.70212
-0.847636
-2.32074
2.22156
3.257895
2.707269
1.04346
1.12851
-3.58992
1.131
-0.46434
-1.043
1.089
-6.082
2.18606
-3.54005
0.53158
1.226
0.46473
0.49221
-2.79578
-1.243359
-0.853736
-1.119
-1.43782
-0.59121
-0.32668
-0.944
-0.654
-0.84845
3.269
-1.21166
10.386
-0.75918
-9.7295
0.256
-10.39375
0.53271
0.917
0.697
-2.68722
1.03951
2.70358
-2.82774
0.06882
4.267
0.29405
-1.93177
-2.00881
-0.42997
-0.21087
1.65092
0.86092
1.85892
-1.355
-1.39707
0.27008
0.61049
1.931
0.99598
-2.49105
0.94846
-0.83127
2.29
-1.38096
-3.80531
-2.37328
0.20202
-1.56635
0.63245
1.26301
0.057
-0.25614
-0.619
-0.41051
-0.18021
-1.58579
0.44093
1.72575
-0.988
0.563
0.331
0.23998
-1.30788
-0.00969
0.78171
-0.36814
1.18445
1.6938
NA
-1.49431
-1.372
1.16402
-1.4977
-3.0091
1.238
-2.45
-0.1453
0.5133
-0.4687
1.0719
-1.92733
0.71031
0.47846
-0.19929
1.76912
0.369
1.48489
1.12068
-0.01598
0.922
-1.4573
-3.0309
2.02712
-1.67316
1.09
-0.35635
1.17665
-0.096
-0.210469
-2.6799
-0.054544
3.85583
-0.638
1.6622
1.897502
-0.27092
-0.676
-1.906707
-0.373
1.05606
0.082
0.027082
-2.29255
-1.225294
1.689167
-0.206
NA
-0.05506
-1.85104
-0.63319
-0.31487
-0.54751
-0.899
0.625617
0.962
1.88102
0.153
3.412
-1.220222
-2.279
-0.118609
-0.9385
-0.83851
0.88107
-1.29654
1.091327
-0.74108
0.389
-0.35958
0.00356
0.327
-0.375573
-1.33534
0.607
-0.53526
-0.58393
2.19004
2.83704
-2.251
-0.279
5.10297
1.24967
-0.31333
-0.15872
1.53887
2.83288
-1.2098
-4.254745
-1.45617
-0.833
-1.3963
2.83199
-2.083
-1.23003
0.57619
1.74782
2.527
2.0227
-0.2897
1.0974
2.753
-1.943
-0.5254
1.48724
0.322
-0.41381
0.03394
1.665
-0.267
-0.45563
-0.39039
-0.356592
1.26913
-2.25811
0.691
0.027721
-1.059
-0.014
-1.018
0.44592
1.55893
1.87537
1.1525
0.55538
-0.038
0.412
-0.7387
2.83011
2.052
-2.588306
-1.3057
0.093
4.989
0.9517
4.045
-0.4971
1.3082
2.4189
-2.18536
2.45823
0.5531
-1.4961
2.66779
5.581
-2.367
1.2293
2.603795
0.09438
-1.414462
-0.720185
-3.076
-4.7949
2.686
0.994
0.415
-0.114
-2.590478
0.02237
3.561257
0.27947
-1.067844
0.6826
0.045175
1.476901
-0.764922
1.16
-0.11115
NA
-0.1792
0.66096
1.2992
0.5954
1.213
0.0314
-2.39125
0.8905
-1.2241
1.56453
0.2253
0.371
-2.3108
-0.6166
-0.5773
0.475
0.721
2.4498
0.087
2.8486
-0.1855
1.2124
-0.16048
-1.159
0.565
-2.047
3.31529
1.17983
1.30677
1.52404
-0.904
-2.1845
0.783
0.52471
-1.275469
-1.895
2.23972
-0.260276
-0.8683
0.2543
-0.909134
-1.1292
-0.3687
-0.609447
-3.349265
-2.848279
-0.97035
-0.026
2.501
0.384
0.736
-1.641
-0.3979
0.709379
-0.2086
-0.133284
-0.6289
-3.922795
4.976
-1.25938
0.726
2.30876
0.32569
-0.4755
-1.8878
-1.8766
2.79427
-0.232189
-1.257
-0.355
2.584224
-6.913
-0.346
3.17379
0.283926
-0.62962
1.933
2.04274
0.603522
3.474
0.229
0.14253
-0.442
-0.3189
0.004
-0.958
-0.033015
-0.049
0.481
1.758092
3.24108
-1.34556
-0.4519
-3.2251
0.987
0.863372
-0.811
-0.111
0.6656
1.287935
-2.0696
1.57
0.1827
1.808
1.2262
-4.821
0.56342
0.06152
1.86577
-2.741
-1.712
-0.896463
-0.2
-2.240623
2.296
1.081
0.843
0.999
-0.16354
2.44934
-2.68382
-0.48087
1.89796
0.539
1.90517
-0.81406
0.913
0.272
-0.56345
0.46246
1.90581
2.03165
0.04637
-0.47016
-0.218267
-3.718892
-0.465548
0.024
-1.138
0.790552
0.32322
-0.91999
-2.4988
0.98687
0.165
-0.46772
0.208
-2.735
1.062378
-1.743546
-1.407485
0.758
0.198
0.326331
0.809
-0.762
-1.042031
-1.349324
1.813297
-1.7999
-0.184
-1.0135
-0.7942
-0.036
-0.502
-0.283
-3.869
0.2074
2.4636
1.413
-0.5105
1.2264
-1.34206
0.027
-1.28823
4.588
2.01297
-0.724
1.7579
0.395
-0.3125
0.472463
-1.3941
0.099
-1.29213
-0.201
2.6013
1.25644
-1.1635
-1.421
-0.138
0.08081
-0.28735
0.6602
6.561
-0.888046
-1.059
-0.12179
0.795
1.20352
-2.093
1.66095
-0.163
2.768157
1.401318
NA
-0.196148
-0.7948
NA
-0.1849
NA
0.72044
-0.664
3.8271
-0.062
-1.206179
1.121
-1.696664
2.3673
0.987607
-0.230435
-1.888
-0.13004
1.365
0.09
-0.89355
-0.258
0.756804
-1.32395
0.26525
-1.26547
-1.467629
0.18404
-0.546
-0.917481
0.214
3.1521
3.361
-0.4742
-0.85608
1.09399
-0.65215
0.277268
1.28459
0.70213
1.699
-0.6069
-0.864
3.46171
-0.9366
0.0881
1.695
-0.218145
1.88886
0.2218
1.2872
-0.241
1.01
0.479684
0.352781
-1.741
1.15
1.08679
-0.41758
-1.341348
-1.93571
0.956
2.581478
0.781485
-0.159
1.5526
0.32104
-1.9841
0.7569
-1.3804
-0.9796
-0.286
-1.54165
1.47111
-0.741
-0.214818
-1.40241
-0.07278
-1.58358
-0.494
1.049
-0.85366
1.33901
1.32355
2.76758
3.474
0.738725
-1.008
1.4062
1.690884
-1.336044
-1.949
-0.598
0.888
-0.226203
-1.02307
1.9174
-1.072
0.38318
0.929
1.314
-1.402473
-0.011222
-2.584722
-2.066736
1.765908
1.455172
1.815258
-0.915
-2.09
2.394
-1.22
0.928924
1.7384
0.943
1.59509
1.087
0.3257
0.361441
1.62331
1.986957
0.30751
-0.761
1.376512
3.44582
0.262057
-0.3349
2.272083
-1.412949
0.088812
-0.63922
-0.068808
-2.424
-2.331
NA
-1.58584
0.46251
2.1954
0.38235
-1.413592
-1.2892
0.868
0.96134
-0.00623
-2.718009
-2.341
-0.02384
2.208
0.7819
-1.78
-1.100905
2.8289
0.465791
1.21025
NA
0.2114
1.88041
0.00528
0.496676
1.557
-0.79747
-1.238595
-1.387
-0.987
-2.172
-0.0353
-0.61675
-0.09
1.36
-1.57987
-0.6621
0.245
NA
0.566
-0.57959
-1.41014
1.038
-0.39
0.886
0.35723
-0.257
0.932
3.16302
0.63768
1.17056
-2.14612
2.5315
0.83713
-2.853
1.628232
0.533602
-2.64188
-1.38418
0.163438
-1.712
-1.506993
0.10761
0.57747
4.11941
2.439452
-1.443945
0.54669
0.1834
0.47124
1.31567
2.7393
-0.53216
0.49032
1.50529
-0.5484
1.4651
1.956844
-1.623189
0.979554
1.34745
0.41
0.505836
-2.685
2.82477
2.38048
0.78586
-2.262
-0.88801
0.2264
0.798
0.82171
3.7255
-0.917
-1.08
-0.92615
0.736573
2.274
-1.009
-0.126
-3.241
1.522118
-0.54125
1.091421
0.17652
-0.00623
-0.85258
-1.4711
1.5
-0.23669
1.769
-0.789
-2.364
-0.18983
1.78568
0.56714
-1.58
0.369
-0.411
2.253
0.91355
-0.337
1.40257
-0.604
1.22
1.184
1.88414
-0.994
0.919
-0.4124
3.077
-2.36009
0.55211
0.423
0.30325
-0.558
0.28952
-1.497353
0.60593
0.563989
0.05964
0.517575
-0.477551
-1.823
-0.53344
-1.11002
-1.751955
NA
0.247
0.250513
0.559
1.463
0.728045
-1.566
0.012
-1.728917
1.024
1.094391
-1.23096
0.017
0.14648
1.002195
0.72
-0.676
0.6187
2.675
1.474993
-0.33692
5.8303
3.63998
-1.33726
0.564
1.942533
-0.348
2.35063
5.08144
2.212591
-1.228
-0.7264
1.381
-0.8117
2.21763
-0.80605
-2.432
-1.911
-1.15768
-0.868514
-2.20513
0.1156
-0.4999
-1.4657
0.578
3.24969
-3.9487
-1.56494
-0.24905
0.002745
0.5144
-1.7553
-0.9763
1.02742
0.9283
-0.05294
0.55729
2.65161
-2.3723
0.773
1.61812
1.8604
2.29827
-1.16
1.377
0.6633
3.0113
0.7413
-0.508
1.139454
1.93026
-0.500169
1.738832
0.66717
-0.305
0.066922
2.487672
0.1735
0.13516
0.0832
1.79336
-0.75992
-1.81678
0.387864
-0.60167
-1.198756
1.255
0.557051
0.24444
0.865
0.01914
0.52637
3.816
1.162542
-0.284025
-0.508
0.004
0.21969
1.433653
-0.899
0.532
-0.450116
-0.544
-1.295
-1.86
-0.46
-0.50051
-0.718949
3.01769
2.19571
-6.04355
-0.499
-1.826025
-0.533
1.094578
0.951
0.0999
1.77
1.053
2.240458
-0.4304
0.364832
-0.497
0.36419
0.02208
0.272443
-0.35145
1.30185
0.49366
1.591
-0.42979
0.639562
-0.15868
4.128
-1.46996
0.21331
0.523
-0.638
-1.550879
0.139
-1.13198
1.02574
0.039
1.780576
-0.346
-0.662724
0.95
1.678568
0.456733
2.197982
-1.789762
1.209
-0.64
4.8034
-0.881079
-0.115
-1.0738
-1.817054
1.524696
0.949311
-1.796
1.07659
-3.092009
0.50387
-1.975826
-2.4866
-1.2037
-1.616
0.848
3.42909
-0.596
1.371
-1.42
1.548
-1.10153
-1.815
0.69381
-0.556
-2.392
1.1891
-0.6631
1.162
-0.098
0.672
0.14947
0.7303
-0.106
-0.306
2.271
-1.178
0.4278
-0.487
3.143
0.16193
1.78484
0.396
-0.94281
-1.988
0.9565
1.7719
-1.848789
0.929
0.628
0.59923
-1.646835
0.2687
0.948
1.3199
-1.7347
1.75903
1.6036
0.2593
1.306
0.79038
1.19783
0.36016
0.994
-5.84254
1.245
-0.1546
-0.9858
0.1265
2.253486
0.2962
-1.194
1.0714
-4.0769
-1.79
1.80326
-0.7667
1.4717
-4.140243
-0.793
0.0189
-0.781399
-2.15902
2.91407
-0.79411
-2.157546
-0.420329
2.128942
0.470005
0.1201
-1.464
0.312
1.490266
-0.001
-2.336
-1.1016
-1.280617
-0.593651
-0.0732
-0.03883
-1.105007
-2.632
-2.029
3.55192
-1.03336
1.94154
1.36152
-1.456
0.4695
-1.239111
-1.586
-0.012
-0.72157
-0.811
-3.022
1.16231
0.921
0.40302
0.5091
1.72876
-1.316864
-0.990159
0.33655
-0.68965
1.109542
-0.73344
-0.1565
2.6095
1.227
1.16374
-1.27347
0.23312
-2.961445
-0.66568
5.98004
-0.364996
0.1195
-0.227321
0.6636
-2.61879
-1.52285
1.335347
-3.4794
0.078894
0.879151
0.195405
2.024
1.932618
4.145
NA
-1.30041
-9.4187
-0.859975
-3.13736
-1.647
-0.447172
0.28692
-1.6067
0.569
-1.62889
-0.987853
1.438
3.60701
-0.8894
0.7924
-1.768
-0.303
-0.675
-0.628
-1.768
-0.78844
-0.20312
0.735931
0.85358
1.83871
0.885
1.098503
-0.66
-0.94649
-1.182933
1.503828
0.38503
1.53
-0.066
4.307267
-0.62017
-2.94698
2.4904
0.793
-1.990187
-1.218
-0.72956
-0.74769
-1.036794
-1.193
-1.816
1.646
-2.41
1.712018
1.229
-0.92024
-0.974
0.8113
-1.8091
-2.264
-2.47
-1.2627
0.458357
3.199712
1.18439
1.98317
-2.30398
0.052
0.52642
-0.114
0.86464
-0.912591
0.999656
1.904058
1.75751
-0.8596
-0.9989
-0.1898
0.749692
-0.85434
-1.37597
0.769319
-0.474838
1.22591
0.5845
0.3165
0.17655
-3.22549
4.258
-0.429
0.46001
1.86599
-2.128
0.793
-1.033
0.498092
0.6427
1.693
10.109
0.72978
1.847
-2.110163
-0.255
1.72834
0.164
0.89007
-0.322182
0.706
0.6266
-0.119
-0.33234
0.60339
0.70069
0.2405
1.83464
1.65425
1.756037
-0.43877
2.318701
0.054837
-1.08345
-1.178949
0.352
-2.499
-1.486752
-3.448
-0.866
-4.742
1.6595
2.662
0.489217
-2.2898
2.6581
-2.707
1.217
-2.098058
-0.278
3.624394
-1.531071
1.32657
-8.9483
2.805
-4.268815
-1.42916
-1.75965
-0.82
0.1234
1.406
0.097228
0.26314
-1.233
-2.5185
2.945806
-1.856
-1.343018
1.5855
0.442138
-0.086
4.638741
0.103244
2.255
NA
-0.35294
0.204193
-1.61925
-0.225678
-0.29029
-4.5957
0.894
1.223
-1.7634
-0.20306
-4.396
-2.251638
-3.338453
-5.05894
1.076194
0.225
0.066
-1.131
2.57939
-2.00426
0.868
-0.51104
0.737
-1.3644
1.67779
-2.883931
1.28329
1.71
0.1429
0.36124
0.52
0.37018
-1.8055
-0.511135
-2.7645
-0.1045
-0.4193
-1.32915
-0.598
0.847
-0.423
-1.08082
2.221251
-0.920446
0.21604
1.7183
2.97294
-1.95968
-0.16282
-1.403801
0.6652
0.726
0.60951
-0.066569
-4.3048
-3.404
0.553953
2.46268
1.936595
-0.355243
1.88602
1.301
0.526016
1.94912
2.165
1.65794
-0.77
-0.6645
0.962
0.669
-1.856037
-0.437409
-0.61534
-0.904
-1.394008
0.3646
0.316608
-0.715564
1.0256
1.776
-0.28958
-0.48497
-2.299
1.46024
-1.009143
2.194
1.164
-0.6331
-1.552
0.556
NA
0.11508
0.36704
0.149106
-0.31833
-0.628
-0.52891
-3.4117
-2.083
0.466
NA
-1.2541
-0.004133
0.74303
-1.378456
0.52242
1.12376
-0.498
0.724
0.39332
-0.095
1.8284
-1.635
1.287909
-0.90053
3.4235
4.332451
2.056
0.84669
2.85433
0.02296
0.389
1.155177
1.823925
-1.798731
-0.02693
-0.07194
0.37956
-0.157
-0.61659
1.75465
-0.176
-1.607026
3.5473
0.96954
-2.749
0.302
3.172709
-1.449164
-0.312
2.020819
0.671
-0.15423
1.14204
-2.25139
-0.96468
-1.299592
7.35192
-1.514
0.7841
1.02636
-2.4966
0.90895
2.072
1.73778
1.399579
-1.87774
-3.32
0.04181
2.593
1.0583
1.410412
-0.831621
-2.4493
1.950762
-1.991
0.59784
-2.15999
0.909
1.8811
-0.193
-0.778926
-0.111
-0.85783
0.20926
-1.3347
-0.480146
7.193423
-0.583
0.897
2.715
-0.16643
-2.11634
-1.342
0.381
1.629126
1.190213
0.0494
-0.96582
-1.42244
3.364663
-0.28154
-2.4346
-0.229539
-0.77
-1.426
0.41767
0.862
NA
-1.01993
-0.576
-0.617
-1.182
0.01
1.017
1.291397
-5.315
0.812
-0.215
0.4063
1.877
-0.067264
-1.4546
-1.567858
-1.683
1.133
3.13825
0.29043
0.82039
-1.804372
-0.5335
-0.200351
-1.09601
-2.57931
1.0385
-2.1039
0.236169
-0.072
-0.50327
1.336
0.177
-0.945
-0.46346
2.2228
2.1616
-0.099
-1.50928
1.615
0.5613
0.162201
-4.8268
2.33429
0.354
0.5634
0.43175
-2.2349
-0.957
0.999
1.47444
-1.397
0.68629
-0.37357
-0.077
1.6055
0.397652
0.887
-0.042308
-1.39748
0.395721
-0.758797
1.044
-0.406
-1.5407
0.655212
-0.467
-1.99649
0.442
0.23949
0.488
0.0956
-0.3033
1.555
2.512
0.8217
0.517
1.533
0.31022
-2.10708
1.2478
-0.238
-0.306252
-1.294198
-1.66404
-1.089
0.061838
0.92028
-0.5547
-1.445871
0.457
1.51852
0.686
0.62
3.711
-1.935034
2.715
0.53442
0.89713
0.279
0.5784
-1.394917
0.967
1.895907
-0.574
-2.381
1.98363
0.9372
1.34799
0.253
-0.502
-1.470705
-1.338
0.7193
3.103808
2.652
1.288
-1.07052
1.91757
-1.125
-1.3766
-1.246
-3.023
2.1353
-1.433
-4.1887
-0.695843
-0.21438
-0.78046
0.4107
1.95057
0.81984
0.0116
2.201783
-0.8639
-1.70354
2.07798
-0.1205
2.305
-0.6644
3.0685
0.474874
-1.10631
1.401
0.371
-1.503862
-1.93012
0.768952
-1.22276
1.14
-0.209
-1.2378
3.86
-2.82985
-0.166
-1.7222
-0.10464
0.156633
0.06926
-0.7544
0.0254
0.804
0.264
-1.3714
-1.01
-1.751499
-1.125343
0.3495
-1.1954
-1.538
-0.8651
-1.767
-2.539
-1.0897
-0.82852
-0.38511
-0.565327
-2.1069
-0.781
0.26705
0.75
0.04
2.007353
-1.414141
4.12
0.074705
0.70659
-2.827
0.11686
0.926
-0.242127
2.001
1.632
1.156701
-0.5686
1.041
3.314
-1.59
0.299
-2.69008
0.597
NA
0.07647
3.236998
-1.059
0.3646
-1.674
0.06492
-3.32
0.4975
-4.814684
-3.056
-1.198273
-1.081
-1.7564
1.14299
-1.18846
0.372931
0.7162
0.30031
3.07029
-1.96
0.635
1.356909
0.157
2.68483
-0.247
-0.55778
-0.76
1.458828
2.099
1.748315
0.99775
-0.613
-0.490372
-1.901321
-0.2845
-1.004518
1.3065
-0.9849
-1.0108
-0.48884
0.7287
-0.00877
0.29743
2.1128
1.037281
-1.788697
0.303196
-1.313105
-0.81
-0.15
2.125549
-0.40381
2.16599
1.32015
1.298029
-1.75714
NA
-3.40218
-1.48152
0.813
0.523507
-0.14898
1.21328
0.46597
-1.53725
1.13
NA
1.495
1.3024
0.75154
-3.4697
-2.0493
2.765
2.592082
-1.62329
-0.032943
-0.56518
-0.25706
2.9491
-0.97
0.357
-2.55623
-1.08453
0.95728
0.71
2.729
-0.672777
-3.638798
-0.26
-1.177
-2.765
-0.162
1.45809
-3.1051
0.44303
-0.087
-0.68923
-0.777254
2.483
0.756869
-2.074
-1.93146
0.37707
-1.0558
-1.43
-0.177
3.15628
0.189761
3.24
1.973
-2.953694
-0.8117
-0.0717
0.42351
-0.344
0.847
0.87584
-0.037
-1.871
-1.179
0.7927
0.26
-0.712
-0.714
-0.983
-1.744101
1.966343
-0.12523
0.049118
1.3387
0.36537
2.73511
-1.4201
1.661
1.433
0.32533
0.3278
-0.427
0.75511
1.41912
1.199
-2.627
1.202
0.285735
1.136556
0.739
0.203
0.516937
-0.575646
-0.377288
-1.74516
-0.033747
-0.832898
-0.336978
-1.35725
NA
-0.94238
-0.51909
-1.17166
0.236
-0.634
-0.331953
2.428
3.7898
-1.77
-0.165
-0.581
1.101171
-0.12732
-0.70048
-0.46247
1.608
1.899
-1.1457
2.262983
-0.171597
3.14979
1.974
1.15782
3.709
-1.487
-0.19972
-1.75
-1.019
-2.606
-0.51
-0.63083
1.40554
-0.583
1.43897
0.301
-1.162094
1.378635
0.0421
0.833
-1.4595
-1.90622
-0.33077
-0.501
0.689138
-0.00466
0.18917
1.9245
NA
-0.77747
0.919
-0.583
1.75254
0.729716
-1.925
-0.30079
-1.927235
-2.386
1.222
-1.53375
0.21885
-1.265
1.698
-0.164753
0.62712
0.561
-0.852328
2.974495
-1.2892
1.9847
-0.38054
-2.52683
-3.309
1.102181
0.885
2.4238
2.153907
0.795
2.71376
-2.62291
0.531
-1.8257
0.176459
-0.0628
-3.4994
0.11069
1.722
-2.08851
1.00418
-0.14
0.55421
2.1926
-1.1268
-1.85875
1.480696
0.53569
NA
3.02126
-1.09441
-0.013
-0.84436
-2.02795
-0.558757
2.448
-1.976
-0.27835
-0.9416
-0.511417
0.635355
0.8542
-0.560763
-0.96986
-0.571
-1.31933
-3.222475
NA
3.26156
-1.1588
0.923982
0.032642
1.197766
-1.692569
3.16444
-1.313
-0.791703
4.28426
1.195
0.75999
0.737
NA
2.0117
0.60747
0.845432
-0.017863
-2.20117
0.38996
0.4843
-0.215
-0.194373
-0.28264
1.17736
-1.60458
-0.021422
2.47787
0.042
0.33
0.144
0.99364
NA
0.58789
-1.152
0.156
-5.17756
-1.66658
-0.3459
0.83619
NA
-0.13519
-0.52896
2.21987
2.06022
1.622
-2.778
1.461
1.00074
0.32223
-1.314
3.55824
-2.1534
-0.36774
-0.84488
0.172758
-0.618654
-1.386
1.01005
0.169
0.294324
-1.837
-2.157
-2.369946
1.389508
-0.16337
-9.1881
-2.411
2.15415
-1.299758
-0.379
-0.397
-0.0169
-1.461
-3.991
-0.198
-0.65997
0.012
1.56689
-1.08803
-1.091
2.3232
0.177
-1.315
2.03858
0.3988
-0.09893
0.13738
-1.89
-2.1286
-0.35149
-0.34042
1.11965
NA
0.18203
-0.21379
1.78123
-1.21
0.582
-0.40737
-1.06676
NA
-0.26096
-1.4747
-3.383
-1.30423
-2.275
-0.5103
-0.666
0.019703
0.507659
-0.68716
-0.281
-0.393
-0.44513
-0.12939
2.22466
2.02957
3.0693
-0.49431
0.18277
1.3751
1.1542
-1.20946
0.444
1.062
-0.914295
NA
0.10337
-0.989
0.50416
-0.06867
1.236
1.6848
-0.67377
1.40606
0.13185
0.31151
-1.9095
0.95518
0.445752
-0.62524
6.44652
-9.12
-1.635
-0.528037
0.753
-3.8169
-1.872429
-0.55238
-0.452781
-0.3609
0.41369
-1.1909
-0.673921
NA
-1.4123
1.291918
-1.408
-1.572
-0.459
-0.194338
1.50512
-0.17159
1.614
-1.05781
-0.839225
3.013
0.06
0.194
-1.2112
2.63632
-0.96207
0.92176
-3.1808
0.595
-0.35615
-0.42534
2.72627
2.054938
0.30657
1.791
0.01603
2.050925
0.969138
-0.654
-1.1293
0.84723
1.1439
-1.476
3.859835
3.087
0.58383
0.737321
-0.24664
1.674
1.778
-0.53038
-1.986005
-5.13204
-1.400997
1.725
-3.19336
1.94075
0.885
-0.227933
0.2129
-0.341443
1.805577
-0.05709
-2.94335
-1.12473
-0.0061
-0.7194
-1.0728
-1.984133
-1.7957
-2.27726
NA
1.503483
1.59773
-0.217
NA
1.12814
0.2747
-1.62455
-0.38699
-0.96823
-0.47606
4.748386
-2.3932
-1.81684
-0.277849
0.27
1.422
-3.41
-0.98735
-0.635824
1.039398
-1.49187
1.726144
-1.40203
-1.67306
1.47477
0.51032
0.514
0.08402
1.130764
-1.045
-2.591
3.458
-1.377
1.445724
-1.5754
0.595
-2.65395
1.57522
0.524
-2.24068
2.139306
-0.384
-0.13901
2.092
-1.19225
-0.79
0.024671
-2.581629
-0.21315
NA
1.552
-1.129
0.0718
0.5488
0.855886
-0.151769
-0.80339
-0.121
0.64194
-0.13714
-0.88972
0.63053
-2.448759
-2.388
1.192409
-2.357
NA
-0.08492
0.815235
1.47317
0.64431
-0.652
0.476322
-1.62848
-0.18509
1.09
0.364
-0.382
1.176848
-0.535
0.51395
-3.2068
-3.839905
0.003469
0.395615
1.7959
-1.702
-0.1439
0.757226
0.067481
-0.4891
-0.655
-0.3
-2.046
0.000113
0.91804
-0.462889
-0.38789
-0.47
1.2074
1.108
-0.628
-1.925948
0.601176
-3.45315
-4.052365
1.955157
1.414
-0.74672
-0.004626
1.077
0.64
-0.785
3.727
1.784
4.047
0.25
1.56308
-0.958
-1.241
-2.01
0.15299
-0.189851
-0.823
1.568
-0.8617
0.65017
-5.77313
1.602
0.37534
2.134
-1.537
NA
1.896391
-0.952
-0.7751
-1.778
-0.544
-0.673
-1.88886
-0.639
-0.96813
-1.175287
1.507182
0.762
0.612
-0.383
0.157375
0.98049
-1.880638
-1.385952
-0.439717
0.796
-0.463253
0.0323
-5.132
0.305
-0.07202
1.09
-1.03281
0.5371
-1.5991
-4.9201
0.48398
-0.8761
-1.468
-0.495
-0.96732
1.4329
-0.457
-1.85053
-2.17671
2.527
-4.548
-0.12546
1.459676
1.449438
-0.750594
0.500484
-0.82628
2.135206
-3.35889
1.51394
-0.18633
-0.4567
0.24553
-0.372
-2.21
-1.937704
NA
-4.462912
1.02764
NA
NA
-1.57969
NA
NA
0.256
0.829
NA
-0.66272
NA
NA
NA
NA
NA
NA
-2.615502
-0.995786
NA
NA
1.494
NA
NA
NA
NA
NA
-0.75
NA
NA
NA
NA
NA
NA
NA
NA
NA
NA
NA
2.32
NA
NA
NA
NA
2.0755
NA
NA
NA
NA
0.121
NA
2.879
NA
-1.225
0.607
0.26345
NA
NA
0.52242
NA
NA
NA
NA
NA
-0.97574
NA
0.119242
NA
NA
NA
-2.045
NA
-1.28401
NA
-1.40413
0.88924
NA
-1.053
2.194834
-1.307443
1.876
-2.438885
-0.384397
0.87999
-0.19077
-0.34938
-2.78121
-0.497254
-0.484
-0.22372
-0.86259
5.2559
1.51059
0.75
0.1306
1.501
0.326868
5.57489
-1.1019
-1.9087
0.637
0.2175
1.687
1.11976
-0.266818
-1.48
0.49816
-0.224
-5.207
0.682
1.5446
0.006574
-2.928567
-1.17
-0.9678
1.29075
1.37436
0.94327
-1.79134
-0.6781
1.3212
-0.266
2.10047
-0.76185
1.6893
0.843
1.86136
-0.7175
1.59394
-0.690086
-0.81
2.62155
-0.706294
-0.695
0.187
0.17146
-0.234991
-0.60252
-1.25252
NA
-2.9324
1.1441
-0.2647
-1.15184
1.6821
0.7507
0.25981
0.96667
0.671782
2.02097
1.41386
1.748
NA
NA
NA
-0.59019
NA
2.11817
-0.98574
-0.06183
-0.19688
2.008
-0.1863
-1.02415
1.532
-2.064
1.7392
-0.257
1.17186
-1.78131
1.00377
-1.55784
-1.6426
-1.67894
-0.08812
-1.4037
0.433
0.499
-0.713656
0.417126
0.305
0.363922
-3.721745
1.184
-0.521937
-0.651
-0.976
-0.383253
2.91754
-0.45355
0.64985
-1.0309
0.3089
0.877844
1.56626
0.68074
0.347258
-0.192052
1.097
0.406609
0.47545
-3.16591
-2.091
1.689
-1.43538
0.646
NA
-2.359
0.92001
1
0.71219
1.829
0.45427
-3.431464
3.83989
-4.163
1.32489
0.79441
1.490851
-0.50145
-1.1388
0.74891
-0.2301
-0.401
-0.20975
-1.61279
1.929876
2.21626
-1.042
2.07815
-1.78226
-0.476
-1.290036
-0.558766
-2.705694
-1.20325
0.8856
-8.2148
1.367
NA
0.335
-3.16934
-0.502
NA
-0.877
0.17557
NA
-1.73323
-0.392583
-2.328
-0.143
-0.572
-0.5221
-0.50533
1.44797
-0.809
0.6241
0.7805
0.0187
-0.00698
-2.104
1.867329
-0.068
-0.425
-0.549
-1.467
-0.93341
-2.02952
-1.04573
-1.405
1.4955
-0.059
0.22234
-1.9539
-0.13213
-0.493595
-3.92601
-1.535194
-0.562143
-1.391
-3.18546
-2.2626
-2.2228
-0.134
-0.008982
0.493
-0.625
1.141
0.005
1.75528
0.91942
-1.1606
0.05626
1.448
-0.6885
1.046
-0.12051
1.0101
1.9175
-2.03722
0.7088
-5.576111
0.929
-0.79371
4.758071
-0.462
-0.30181
-0.45275
-2.0405
1.5574
-1.70564
-0.483
-0.886891
1.70567
-0.13302
-0.167
0.634
0.025749
-1.6125
-1.60601
-2.295379
-0.00908
-0.11622
2.8443
NA
0.29
1.9587
NA
1.533647
0.46
1.10435
-0.05088
1.1945
1.672558
-1.228574
-2.95466
-0.372
0.044038
-1.96841
-0.51
0.6233
-1.97903
-1.191
0.28205
0.51206
0.89598
-0.090472
0.884
0.49922
-2.55967
2.404278
0.228
-1.76775
1.4772
0.48833
0.87824
2.14537
-2.0012
0.4712
2.13211
-1.151
1.904113
1.516996
0.11092
-0.952304
NA
1.546
0.018475
-0.291545
0.542
-0.486068
3.072
-0.277
NA
1.3669
0.24457
-1.334
0.8014
1.09
-0.302665
2.711881
1.842
2.29973
3.108
1.87127
1.395121
0.789
NA
1.369
3.238
1.167329
-0.81464
1.481
-1.273353
0.67579
0.287
0.2188
NA
-1.104
0.996049
-0.781
0.5781
-1.4049
0.110824
-0.568
-1.211
-0.9065
-1.849753
2.04523
0.57109
0.056
-0.69557
0.248
3.371607
0.186
3.845
0.5974
-0.32415
-0.66758
-1.01317
1.42
1.88
-0.57619
NA
3.3675
0.256409
-0.631
0.678319
1.89054
NA
2.262652
2.732369
-1.137
0.133
1.1216
0.35018
2.415639
0.520329
-0.387123
NA
0.52
1.64363
0.48
-0.979
0.644174
0.622
1.17831
-0.950644
-4.74207
1.79426
0.00012
1.133013
-1.1784
1.074
0.691
-1.22651
0.21546
0.047
1.115
-0.65158
-1.0429
0.239
-0.225128
-0.527
1.74978
0.93905
-0.793067
0.05102
0.997864
-0.02196
1.79842
-1.918
-0.15714
0.024
1.557742
-1.774374
0.55229
0.294978
-1.00013
-0.694
0.830187
0.3222
-0.91912
-0.16054
-1.11174
-1.278
-2.176
-1.139
NA
0.16001
0.16519
0.929
-5.75594
0.897
3.21056
2.731
0.408718
-0.68868
NA
-0.58201
0.892098
-0.156
1.19
0.70797
-0.207
1.449
-0.633461
-2.36848
0.1456
NA
-1.493637
-0.192
1.39178
-0.885
NA
1.644
1.032
-0.6704
-0.7873
0.21104
1.028953
0.752
-0.8644
1.6266
-3.006534
0.87069
-0.494243
-1.8349
NA
-0.55927
-0.133
1.42849
-0.209224
-1.016923
0.438
0.371191
2.23725
0.112
0.34077
1.5378
0.511229
2.72473
0.986
NA
0.361
-2.981811
-0.465533
-0.72541
0.531101
-0.282
0.10406
0.39471
2.616057
2.27066
-2.265409
0.44407
-0.583936
0.393212
-1.46807
0.46921
1.05261
-0.44781
-2.4305
0.93
1.6094
0.29496
1.117
-1.449
0.04512
NA
-0.58524
1.33512
-1.945
-0.413973
1.457617
-1.032
NA
0.293
-0.76391
-0.369
0.441849
0.29633
-1.26749
0.71844
-1.800693
0.505
-2.032975
-1.082
0.42011
0.264
-1.34
-1.178445
-0.4994
-0.913
-1.00007
0.9268
0.15865
2.913
-1.982
-1.936227
-0.98433
NA
0.56308
1.61691
0.75631
1.681062
-1.74105
0.681444
0.748
-0.522
0.029
-0.731916
-0.2473
2.53292
2.775
-0.186
-2.945667
0.914827
2.514766
0.043786
2.559
2.260081
-0.514
-1.204969
2.46
3.430157
-0.33231
0.20783
1.691
-2.02008
-0.386196
0.5124
-1.13759
-0.78133
-1.617681
-0.21621
-0.43446
-0.782843
1.209188
0.65557
0.552844
-1.11
2.197
-1.1609
-2.23186
-0.3225
0.820525
1.098
-0.0359
0.2571
NA
NA
-0.901
0.01193
-0.02354
-2.07501
0.262817
1.287421
-5.26913
-0.3837
-0.0336
NA
-1.941373
0.58588
-0.12246
NA
-2.53859
-0.01119
0.338
3.99285
0.81
-0.63286
7.353174
0.7075
1.411
-1.43116
1.56348
-0.525
-1.382575
-1.410111
-0.871
NA
1.074343
0.356756
0.158176
-0.593
-1.36811
0.643694
1.988771
-0.8278
1.34295
0.996
1.0434
0.7379
NA
-0.460279
0.13391
-0.78448
1.018304
-2.534
NA
0.545824
-0.427
-0.68564
NA
-0.318343
0.369
0.23658
-1.75529
-0.79
0.4796
-3.271
0.91673
0.5934
-0.38266
0.93
3.55
-0.887909
1.23381
-0.94154
-1.616
0.8088
-2.63757
-3.176
-0.453822
-0.280627
0.08174
0.137448
0.7209
-0.023894
-0.659
0.621417
1.442
0.82476
1.024
2.04484
-0.89782
-0.34032
0.312
-1.6671
6.174818
1.17
0.27889
0.10593
1.35363
NA
-1.359611
1.61
0.498
1.06527
0.512032
1.17498
NA
-0.331
1.591
-0.92234
-0.848
0.314
-1.884
-1.387
-0.3728
1.274642
2.02413
-0.82283
0.70726
1.38311
-0.60354
-2.016
2.587
0.9739
2.60928
0.077249
NA
NA
-1.586
1.283
1.274
-0.10954
0.062353
-0.006502
-1
1.55982
0.257578
-0.71417
3.81464
2.71
0.859
0.81089
0.252
-1.854
-1.103112
-0.538
0.356
0.487
0.8107
-0.662889
3.005
-1.6918
1.6718
-1.614
-1.62289
1.27611
0.111
0.16311
-0.1133
0.730077
-0.78565
1.389415
1.42
1.317
0.349
0.711498
0.786
-1.9475
2.56559
-0.353
1.31
1.16557
1.20792
1.4119
0.209
-0.271
-0.854966
0.42197
5.58679
-3.08677
NA
3.070488
1.16842
0.27815
-1.35618
NA
-0.52744
-1.56746
-2.395083
-0.276457
-0.036
-0.81438
1.58093
1.077
-1.57266
0.0818
-1.09963
-1.22
2.32842
1.084051
NA
0.99984
2.127197
-1.80777
-0.82406
-0.4444
0.19
-0.999
-0.99236
0.266
1.669
-2.076
-1.14415
0.261912
0.413
-3.778
-0.212404
-1.315131
NA
0.929093
1.8174
NA
-1.38192
-1.327
0.73
0.42604
1.46022
-1.322949
1.27107
0.660819
-0.138
0.399583
1.892
-0.588
0.564242
NA
-1.437
0.07688
-2.6385
NA
0.94398
-1.156888
-0.61509
NA
-1.702567
1.168054
3.16481
2.824
-0.331
0.0561
-1.649288
-0.414008
1.596165
-0.5851
0.60043
-0.3538
2.74002
-2.142341
2.4121
0.46874
0.13385
3.40882
NA
2.13437
0.182346
1.2704
0.396266
NA
1.935
0.986
-2.71846
2.034
1.413449
1.035705
0.29305
4.34899
1.584
NA
0.285555
0.1586
0.859
-1.359
-1.39317
-0.14499
-2.702594
0.942886
2.06644
-1.27006
1.218
NA
1.898
2.083586
0.706266
1.02418
-0.2524
-1.028
NA
-1.20604
-0.24296
0.192524
1.68404
2.53281
-0.04848
-1.4194
-0.441
-0.111
3.097569
-0.74595
-1.05326
-1.766
-0.27273
0.15
-0.639
-2.333
0.603
1.50769
0.06833
1.08395
0.66366
-0.730517
1.03222
-1.049
-0.239345
0.024828
-0.946
1.061888
0.98209
2.61707
0.656824
1.192294
-1.683
0.2355
0.998148
0.45475
0.25694
-0.84
0.055025
-0.9475
-0.06241
2.55014
-2.036353
-0.792228
-1.286
0.77638
0.194
-1.80917
0.134
-0.238619
1.1722
1.23704
1.126
1.49045
2.77771
NA
NA
0.24336
-0.655
1.3565
0.0041
1.1446
-0.25969
0.678783
-2.652898
-2.3509
NA
0.8159
-1.374
-0.126078
0.419796
0.047
-0.410713
0.901779
1.582591
-0.204
-0.59786
4.493
-1.16802
-2.097
-2.03252
-3.191
0.60482
-1.28264
-0.58787
0.83521
0.34952
0.44416
1.58525
-2.490516
0.721585
0.61127
-2.80996
0.964414
1.069653
-2.227923
0.55427
-0.902
0.76086
NA
-0.955
0.863
-1.50938
-0.91312
-0.02
-0.238
1.233
0.366836
1.321
-2.6331
-1.484
-1.207057
1.796
NA
0.75812
0.007818
-2.780242
-1.41508
-0.522
-1.87875
-0.47734
0.037976
-3.14943
NA
0.498
1.242
-4.413
-0.077
2.314809
0.6506
-0.2129
0.93
-2.11133
5.262
0.805692
1.8535
0.420016
1.891
1.388
1.383389
2.07782
2.03302
0.20333
-0.18567
-0.5239
-0.222
-0.369219
-0.288653
-2.04365
1.0388
1.639
NA
-0.045
0.902888
NA
0.85099
1.296259
1.435
1.39592
-1.62634
0.477611
0.84822
0.53089
-1.5233
0.95
0.387728
1.13637
0.977
NA
0.32366
-0.47
-2.438
0.824358
2.133659
0.042186
-1.138206
1.651151
-0.777
-1.209
-2.406434
1.035747
0.707036
-0.31868
1.064623
-0.59
-1.01131
0.64045
-0.9787
1.27788
-3.62181
3.33188
1.0288
2.817
0.9424
-1.202
0.183508
-1.145
-0.6294
1.308879
1.495
-1.58
1.686
1.0811
-0.866
0.59
0.87728
3.19388
-1.149459
-1.44277
0.622
1.663
0.7864
-0.5342
-1.35063
-2.354
-0.915041
1.3805
-0.0083
3.309556
0.4789
1.047557
-0.52003
-0.384
0.32138
0.51765
1.6718
-1.076432
-0.609696
-2.092126
3.09769
NA
-0.893427
-0.949
0.71
1.4544
1.038607
-0.905
0.66498
NA
0.297
2.039
2.501197
0.47659
-0.33759
0.033182
-1.04035
-1.69805
4.45335
1.056495
-0.0288
1.907089
-0.48969
0.971837
-1.441
0.2579
-1.625181
-0.136141
0.2441
-1.930296
2.775
NA
-2.130361
-1.526
-1.889482
-1.935681
-4.455271
-2.745626
-2.031269
-0.728
NA
-0.944
0.214253
-1.194739
-1.321
-0.3785
0.212156
-1.567252
0.371
NA
0.5739
-3.1049
-0.63226
0.095
0.9629
-1.453891
0.812
3.45061
0.91409
2.5331
-0.72211
1.588245
-0.0892
3.34266
-1.755357
-3.271701
-0.824
NA
-0.118
-0.124
1.993
-1.80783
1.195563
0.6084
2.84383
1.671616
3.86256
-0.33776
0.10258
-1.351119
-1.617
1.30081
1.278
-0.90617
2.560388
-0.9894
NA
-1.14359
NA
-0.720403
0.2588
-1.329
0.297924
2.00018
2.195
-0.99067
0.06448
-0.374487
0.517432
1.194093
-1.49182
-0.521734
1.05101
0.35198
-2.632444
1.52326
-0.508
-0.86199
-0.79165
3.829
1.114
1.353827
-1.26701
-2.14294
2.13012
1.44823
0.28825
0.95798
-0.10566
-1.75753
NA
-0.90353
-1.37908
0.92631
-0.4499
1.316
-0.10707
1.72566
-0.96194
0.53383
1.576085
-1.71458
0.248105
-0.21952
-1.111
NA
-0.75195
0.07684
-1.668035
-2.41719
1.71411
-1.60776
1.5085
0.831
-2.0391
1.219
-0.544
0.3468
-0.75161
1.335
2.285304
0.8342
0.76403
1.07303
1.1619
-0.497926
0.4134
0.24764
-1.54592
-0.434473
4.14218
-0.62547
1.426
-0.294012
0.24746
0.457574
0.931
1.327306
-2.139
-1.50348
-0.65964
0.8839
0.1929
0.482
0.1264
1.48461
-2.4553
0.08764
0.18868
0.52784
-2.66625
-0.64
-3.386
2.179
-1.33
0.59289
1.10723
-0.587829
-0.00573
1.12545
-1.037739
0.351
1.11809
-0.276
-1.586
-0.53092
1.425
-3.585025
-2.10366
-1.341
-0.072226
-0.50686
0.81164
-0.6486
-1.02184
-0.357
2.776289
0.27876
-1.21601
-0.5868
3.069
-0.914139
-1.586
1.1422
-1.971
1.194003
1.746496
-2.8586
-0.197213
NA
-2.365925
1.50028
-0.26734
-0.59113
0.528245
0.86
1.85714
-0.4192
1.76288
0.924991
-0.23375
1.12
NA
1.482
1.49
0.641
-2.23533
-0.20218
0.55666
0.84416
0.904
0.25567
2.466
-1.412
-1.89499
1.673771
NA
1.276
1.021219
1.474309
0.8738
-0.22334
-0.419
-0.65193
0.02999
0.07247
0.509
1.704399
2.47295
-0.7544
-0.402804
-1.26587
1.45111
-3.3225
-0.326
NA
-1.23886
-1.23764
-1.18283
0.192917
1.627
-0.03864
0.251
0.617083
0.37792
0.188
NA
0.706
1.29169
-1.3969
0.8873
-0.47429
0.964
0.63495
0.509282
-1.22305
0.292
-0.06334
1.91783
-0.26354
0.15192
-0.02419
1.0333
-0.195
-0.0251
3.135
0.542
1.432258
-3.676965
-0.66929
0.07549
-1.189
2.8297
-1.162188
-1.463
2.434
0.958
0.8083
0.4386
-0.432
-1.2
-0.002
0.492
2.509697
1.715465
-1.46703
0.382407
-0.5632
-1.264
-1.9813
0.670528
-0.84096
-0.298
1.021485
-0.49758
-0.942
0.34595
-1.276
-1.66437
-0.19648
0.768171
-0.99758
1.065059
0.97476
0.675
0.68156
1.0779
-1.101
-0.80459
2.04723
0.22436
-0.536882
-2.79647
NA
1.529358
0.1768
2.09475
5.419
1.711
-3.73961
0.19
1.031304
-1.20956
0.11948
-0.435345
1.7458
-0.556814
-1.92626
-0.62219
2.247175
0.475
0.65033
0.39397
-0.4582
0.7062
0.2361
-0.3181
1.27
0.9392
-0.043
-2.01403
1.173
-2.03933
-1.124
-0.89057
-2.45
0.55201
-0.31352
-1.834
-1.12
-3.996
-2.08588
2.199
0.75868
-0.7293
0.0787
0.026
3.079
0.084
4.839
0.9764
0.485821
1.56076
-0.513492
-0.867
-1.44515
-0.22285
-0.48714
1.18845
0.22416
2.28247
0.751981
-2.05834
-1.49136
-1.49476
-2.25224
-0.242761
0.01
0.706
-0.779
-0.3449
3.398
1.64853
-2.39281
2.98248
0.53789
-2.317
1.257
0.69654
1.681825
2.26366
-0.61689
-2.154
0.063767
2.46233
-2.03546
-0.78981
2.813
0.490511
1.06395
-0.203
3.168345
-1.01627
0.412
-0.533847
1.2706
2.6003
1.63301
0.027
-0.067
-0.60313
-0.122
1.431287
-3.48732
-0.25919
0.63882
-0.44215
-1.75096
-0.37928
-0.458
1.524521
-1.07653
0.766505
-0.574221
2.03115
-0.6627
2.08687
0.219232
-0.2442
NA
-1.01
0.55971
2.342512
-2.543
-1.706821
-0.35788
0.68538
-0.56027
0.0881
0.31983
-2.77154
-0.9231
-0.91761
-1.132
0.88094
-1.698956
1.35873
-0.254
-0.26566
0.95438
-3.505
3.2328
-0.843
0.75603
0.572
-1.37174
0.502441
1.0396
0.5255
-0.798
0.04415
-3.56
0.5402
-0.75879
1.392173
2.74476
-2.053
0.391
8.8836
0.19
3.84644
1.599
0.5728
-1.331957
0.84637
-0.23887
0.98688
-1.004
-1.0689
0.01425
-0.338
-1.1686
-0.27114
-0.027
1.34922
-0.336
1.219787
-2.25
-1.784881
-1.06275
0.701
-0.947195
-0.226256
-0.78993
-2.308
-0.76515
-0.65
0.956312
0.828
-0.40641
0.566834
1.022477
1.573158
-0.088798
1.017117
-0.729
-2.010851
-1.11675
-0.171494
-1.943747
2.02048
1.785224
-1.282
-1.96778
0.66666
-1.077
-0.11196
-1.2575
-0.55301
0.75
-0.026407
-0.845
-0.729
-0.48176
-0.80013
-1.382424
-0.438
0.262629
0.219
-2.16329
0.326
-1.365174
-1.249804
-1.78001
1.098
1.058
-1.407
0.673
0.019059
-0.56
-1.904
0.556
-1.381
-0.461
1.990561
0.879
-1.323
-1.51118
-2.123963
-1.71812
0.2851
-2.3961
0.8796
0.487
1.708
0.4841
-0.34077
-0.49
-1.22856
-0.641167
2.0773
0.913
0.796
-4.457
2.0997
-0.9823
0.283
2.436
-1.1448
0.27953
-1.511
1.437
-3.177756
2.451956
0.8428
0.6555
1.664
-2.0414
-1.302
-1.4326
0.4886
2.352
1.3541
-1.08883
-1.666564
0.9232
-1.03
-1.7963
-1.45217
2.0158
0.35155
-0.9696
0.2209
-1.095
-3.052
0.5259
-1.0634
1.643614
0.175191
2.3447
-3.2701
-2.139
-0.323
-0.7105
0.9807
-4.771941
1.697
-1.4378
0.258
0.3866
-1.5854
-0.018
-2.139
3.011685
-0.168
-1.488
1.8197
-1.1101
-1.3016
-1.838
-1.622
0.8922
5.488
1.5567
-0.8051
0.86149
-0.233
-0.1066
-1.2957
1.7696
0.533
0.1353
0.647593
0.6159
-1.6204
-1.101842
-0.4081
4.1836
-1.32443
-1.55732
0.255275
0.218055
0.082
-0.012
-0.195031
0.648
-0.144988
2.293
-1.395
1.122
2.3569
2.731
-1.046
-0.12097
-0.463594
-0.153
2.119
3.485568
1.389
-0.17
0.889
0.5711
-0.695
1.066305
0.066
1.122
0.349675
0.481624
-1.471515
0.4148
0.52334
0.304637
0.931748
3.55572
-1.157
-2.074
1.02841
0.72774
-1.383115
-0.348
-1.550665
1.459
0.531
-1.255124
-0.61646
-2.662312
-0.586518
-2.644099
0.554092
-1.100203
-2.2105
0.68342
1.269
1.841679
-0.136883
-0.368872
-0.635
0.572494
-0.326941
-1.06988
-0.278593
1.950253
1.398905
-0.81
-1.931647
0.096192
1.827774
-0.167
-0.949
-1.873674
-1.561041
-3.4299
-0.709
-1.125918
2.19605
2.383
2.090187
1.261758
1.206
0.070541
0.229025
1.166526
0.078775
-0.105
-3.669881
-0.244
1.719
-1.225152
-2.151
0.225
-1.094
-1.503
1.36984
1.347765
-0.81982
-1.074
1.58
-0.5651
1.42
-3.2081
0.425
-1.657
0.966
1.4451
1.1853
-2.0161
-0.2157
-0.161
-2.199
0.2679
0.400559
-2.4234
-0.4717
-0.4779
-3.29
-1.2205
-2.303
-1.467
-1.469
0.499
1.186
0.1865
1.2358
0.9581
-0.932
0.0542
0.107
7.414
0.441037
-1.067
-1.149541
0.057
-0.8501
2.065
-0.4186
2.553
3.1661
-1.3692
-1.0393
-1.5633
-4.0077
-4.744
-1.701
0.2095
2.002
0.398
-1.638
0.107
1.0882
-0.093638
-1.932
1.2684
-2.2869
-1.084104
-0.352202
3.906
-0.371
2.570523
-2.722
0.542
1.2831
2.3578
-1.393966
-1.520966
-1.575
0.870098
0.766
-0.196671
-0.695301
2.028399
5.357
0.108109
-0.151122
-0.351277
-1.313077
0.947735
-0.208
-1.430035
-1.229902
0.430502
0.248
-0.779615
0.53925
2.238906
-1.266227
1.009155
0.545335
2.107491
-0.62
-1.799926
2.138528
1.662848
-2.125292
1.171734
0.367991
0.191
1.271301
0.102
-3.767124
-2.520967
1.162
-1.788856
2.03909
-0.660741
-0.360624
-0.59
-1.495777
-0.3974
0.2259
0.8703
-2.1334
-1.4762
-0.879
-2.530405
-2.887
-0.073769
-0.080838
-1.623
2.593
0.744
-0.027
3.02
-0.127019
-0.65874
-0.027
0.587
0.055
-0.08615
-0.775
-0.231
-0.9137
1.5967
-9.5532
-0.181
-0.430833
0.116002
1.067
-1.3991
1.4947
-3.683
5.868146
-0.304
1.75873
-1.25955
-0.448
0.998
0.6064
-0.266568
-0.446
0.6715
0.75709
0.7035
3.0014
0.9029
-0.19576
0.529
-0.47815
0.625
-0.58252
0.15002
0.5857
0.364272
-0.384
2.5739
0.3157
0.455
0.6126
1.68
0.429049
0.296
2.102
-0.682
7.2133
-1.427
0.81248
0.75541
-2.4514
0.843095
-0.26154
0.111
-0.7487
0.071
-0.8847
-1.206
3.4557
-3.0747
-0.8845
1.15593
-0.6102
-1.45554
1.724
1.448
0.0568
-3.080936
-2.95762
0.24224
0.778
-1.346
-0.336
2.8705
-1.1162
-0.153367
0.385
0.136741
0.095146
1.434312
0.805
-0.47351
0.514
1.16359
1.937
-1.43155
0.83667
-0.110976
-1.8948
-1.30743
-0.693
-1.7031
0.06748
-0.477
0.2022
0.752
0.836375
-1.622572
-0.873
-1.112406
1.3525
-0.9085
0.466
0.983
1.763
0.537
2.19608
0.774
0.31463
-1.098
0.658085
-2.393
-0.6716
-1.854
-0.394
0.4
0.693
-0.877
-1.09104
1.085705
-0.231
-0.032391
-0.572155
-0.3178
-0.443
-2.6326
0.399063
-0.715392
-0.2172
1.830665
1.07998
0.94022
-0.863
0.45144
-1.567
1.3784
-0.70701
0.946
0.593
-5.825068
-0.3583
4.074564
1.209
1.5444
-1.807952
-0.412
-2.325
-1.2328
0.93649
-0.8343
0.203041
-1.923213
2.187
-0.7415
NA
1.254983
0.564
2.405
2.034
-0.65319
-0.2228
1.253
-1.636859
0.06665
1.394215
0.373731
-0.6111
-1.28237
-1.199082
-2.28573
-1.29
0.71
1.461
-0.260336
0.157643
-1.332
-1.547
0.7444
4.092
1.6419
-2.4038
-1.098
-0.579131
-0.4609
1.153537
-0.3113
2.135
0.997
0.274309
0.4892
-1.789
-0.3522
0.6597
-4.631448
0.022981
-0.9233
-1.465484
-0.7611
-1.171616
-0.064772
-1.112
-0.126758
1.540252
NA
-1.3896
1.081125
-0.8611
1.311
0.7258
-0.414823
0.487894
0.5638
-0.092
3.075894
0.752
0.1593
-0.4528
-1.445845
-1.103
-0.362735
1.047
2.668
-1.71
0.789695
2.916
-1.789
0.79367
-0.426
-5.067013
2.260434
0.101
2.517406
-0.216
-1.78351
-0.18775
-1.00989
3.1406
-0.636
1.970181
-0.526
2.916
NA
-2.815
2.0954
1.055
-3.437905
-0.457688
0.090496
3.028
0.180246
-2.07553
-0.80248
2.144
-2.501887
1.526183
-0.84056
-1.057
-0.093465
0.54547
0.956925
-0.5622
1.106783
-0.583619
-0.521
-0.08459
-0.42203
0.87928
-0.206041
0.653
-0.382
0.514381
-0.468
-0.796
-0.97281
0.576
-0.92053
4.492255
0.881188
-0.47684
0.775462
-0.84035
-0.479247
0.684152
-1.846
1.247898
-1.284
0.144212
-1.8536
-0.49369
1.16859
-3.882454
NA
1.9266
0.673
4.31382
0.057877
-1.025622
-1.40101
-2.213
0.735
-1.19533
-0.669
-1.027058
0.046688
-1.44391
-1.557007
0.13285
-1.46662
1.286345
-0.079
-1.20272
-1.12835
0.9325
0.29
0.17017
-0.61444
-1.998
0.756898
0.23733
0.203
0.59326
-3.37917
0.246
-2.43233
0.558
1.30601
-0.106
0.557
-1.668
0.806
0.44503
-1.639
-1.284
0.977335
-1.561
0.394
-2.34748
0.215
-3.053
-0.605
-0.24754
-1.44426
-0.08064
0.637
-0.560003
0.12783
0.18678
0.34809
-1.68137
-0.73
0.6049
0.62288
-1.981
5.169475
-1.76792
0.51243
0.897
1.628
-0.126308
1.501
-1.332
1.008388
-0.27556
1.536868
0.551
0.16877
0.875698
-1.13
0.762
0.256
1.012907
0.21863
-0.50847
-0.844
0.657361
-0.60711
0.397
1.57743
3.06048
1.16867
-0.88266
-1.78225
1.78127
-1.761
0.20761
-1.556
-0.557
-1.375734
-1.83802
-0.34924
0.447
1.4833
-0.24857
1.13152
0.7296
0.734
-1.59284
-0.066
0.71399
-0.43378
-1.17734
1.363
-1.56629
0.055
-1.63463
2.527
1.71659
-0.357
-0.564
-0.48061
2.862
1.41106
1.701
0.7134
-0.3119
0.47561
0.39396
-0.212
-0.05675
-0.91658
0.99686
-0.217
0.477
-0.74219
1.999
0.48097
-0.45345
1.148
-0.7458
-3.06
-0.13165
-3.059
0.78704
-1.74609
NA
-0.558
0.448723
-0.37776
0.20164
-0.82517
0.81525
-1.74233
1.192067
1.58659
1.38087
-0.04473
-0.3
4.063
2.279
0.780036
-0.449
2.152439
3.6521
4.7296
-2.141259
4.26353
-0.35
2.6652
0.763315
0.355356
0.07593
-0.3019
-3.2432
0.506
0.3301
1.645
-0.037
2.257438
0.7438
-1.406742
0.247
1.184
-0.402
-0.918
2.059
-1.358
-5.479
-0.913063
-0.01977
-0.10329
-2.398195
-1.7176
-0.38766
0.632
0.468
-0.692
-1.155
0.385
-1.237171
0.404
NA
0.39383
-1.404
0.461182
-0.5822
NA
0.767202
-2.1322
-0.543
-0.456554
0.78918
-1.4614
0.469196
0.206188
0.542
-1.19582
-1.86
1.348
0.021
1.680213
-0.07
-0.20519
-1.15876
0.78806
-1.897
1.1926
-0.969
-0.13453
1.218
0.32005
-2.417
-0.164
-0.056
-0.204194
-1.7732
-0.36131
-2.89888
1.6435
-0.83628
-3.919
-0.0553
-0.838926
0.153
-2.00222
-0.88749
1.23128
0.18328
NA
-4.3308
-1.07
-0.49912
0.95387
0.13524
-0.13886
-1.164
0.432
1.6232
1.11538
2.505051
-1.0241
-0.469
0.4413
NA
0.4906
-0.88248
1.1166
-1.32035
0.064324
2.364
1.5559
-0.341
0.0724
-2.520795
2.050164
2.7679
0.31857
-0.735
-1.43306
-0.028
-0.849
-0.859
-2.2605
-0.64715
0.6747
-0.26714
-0.53954
1.47326
-1.4192
NA
-4.891
-0.347887
-0.726
-1.6264
NA
-0.62254
1.94756
0.193638
0.20566
1.328752
0.4098
1.793536
-2.17035
-3.454
-0.716
1.2489
3.229
0.216672
NA
-0.53693
0.286
0.48
0.215
1.80758
NA
-0.4375
0.45993
1.36793
-1.8075
0.049838
0.6289
0.3042
1.63
1.281105
-1.1266
3.249
0.75334
2.00046
0.307
0.088
0.37183
-1.496522
0.476166
0.038
-0.28226
0.11476
-1.218411
0.523852
-0.483561
3.958
-0.3802
-1.07199
NA
NA
0.6301
NA
-1.588
1.30367
1.2782
0.32689
NA
-0.216498
-2.739837
1.521445
1.839
-0.20102
-1.308
1.178
-1.88
1.60427
-0.82456
-0.42821
-0.93045
-3.021
-0.26932
-0.808
-0.188
-0.14459
1.235629
-0.87533
-1.12174
-0.777
-0.747963
-2.29567
0.082
0.08965
4.822674
3.70373
-0.12359
-0.77091
-0.909
-1.2
0.60219
-2.88602
-2.04661
-3.43799
1.94
-1.34464
-0.100258
-0.020829
NA
0.787078
1.42745
-2.16709
-0.4768
-0.129761
1.95584
0.21254
-0.77648
-1.54161
-0.03026
0.69599
1.468723
1.22355
-1.596999
0.70149
-0.15523
2.43983
-1.422
-2.15076
0.49107
1.08423
1.9
0.61477
-0.635
0.620004
0.11196
0.595
1.616
-1.07601
2.139332
-0.976
-1.4437
0.567
-1.31509
3.78412
0.29718
0.47135
1.58276
-1.45715
1.922881
-1.64248
0.31775
0.26902
1.057
1.96635
1.437
-1.72102
-1.95902
0.38958
1.96866
-1.80143
-0.47223
-0.898722
2.89751
2.15137
-5.12569
-3.325288
-0.75247
0.726
-1.06469
NA
-3.55861
0.51588
-3.062
4.03367
1.45942
1.17315
1.565075
-0.48611
0.300405
-0.674
-1.33923
-1.64
1.73
-0.790746
-5.72869
1.75978
1.136
0.751
0.980625
5.454766
0.02337
0.771
0.60471
-0.042836
-2.0227
-0.391205
-1.25856
-2.189
0.191872
3.677099
-0.78899
-0.044
-0.1715
-0.204
0.3435
1.684
-0.738
0.963515
NA
-0.52132
-1.670413
-0.633
-0.605128
-1.392554
0.44572
-0.578
1.443
1.52361
2.265157
-0.11049
NA
-0.2889
2.562
-1.1992
-2.024434
-2.91729
-4.953
0.9664
-0.258
-2.0939
2.024453
2.529
0.625956
-1.54818
0.501
-1.344
NA
0.16
0.532916
-1.229827
-1.53432
0.88459
-1.64904
-1.0992
-0.174
-0.245
-1.001
1.138859
-0.159575
1.52939
-2.525727
-0.457525
0.80878
-1.366
0.046
1.127621
0.52947
1.93241
0.32658
1.901913
0.33361
-1.46518
0.293926
-0.148
1.19
-2.379
1.98781
-0.83
0.421956
1.788946
2.034
1.58
0.0975
-0.399376
4.456682
-2.318408
1.985894
-0.69265
-2.38854
0.7428
-0.490563
1.32
-2.20377
-1.433582
0.88461
-0.629683
1.573
0.1754
1.03664
NA
-0.46897
-3.882607
2.35937
0.1175
-0.472946
-1.261612
3.976
1.1602
1.307347
-0.63667
4.858
0.708
-0.055
3.365672
1.141962
0.291652
-0.807
0.438711
0.39046
-1.25524
0.148
0.58119
0.103139
-2.50252
-0.316418
2.112
-2.915
-0.144
-1.598621
-2.8155
1.06513
-0.934
3.51519
-3.68564
NA
-1.107188
0.176
-0.25251
1.784
-1.733
-1.101
-0.484
0.724813
-0.978453
0.6453
-0.89179
-0.030341
-0.252415
-0.09914
NA
-0.21974
-3.233
-0.916904
0.735
-3.8728
-1.628557
-1.4819
0.97643
-0.26985
-0.26246
0.97983
0.123368
1.015099
0.039469
0.81823
-4.67169
-0.08925
-0.56689
-0.026304
-1.6938
-0.53429
0.789639
-2.441081
-0.546
-0.921411
1.36115
0.4739
-0.6369
-0.76849
4.354651
5.104872
-0.6
-0.3664
-1.402
-1.2792
1.91533
6.06
0.535768
-0.512
-1.11693
2.749
-0.94453
-5.161585
1.349
0.7251
0.167762
-0.834342
-1.070928
0.208
-1.954668
1.523837
-2.023465
-0.4613
0.792
2.431
-0.062725
1.622
0.154059
1.858
1.63694
0.059
0.0192
-3.001
0.495
-1.40231
2.7632
0.387953
1.75393
0.0975
0.850705
0.969
-1.92735
-1.375
1.693146
0.845
-0.84825
1.07899
0.573
0.145143
0.852
1.13273
0.287
-1.11222
-2.002
0.982388
0.652541
0.304
-1.6222
0.588
0.27298
-0.767062
0.986
0.94567
0.44957
-1.1345
-0.91333
-1.781
-1.07134
-1.642
6.9488
-0.44705
0.523084
-0.764
0.2202
0.3807
-4.448405
0.283241
-3.18462
0.54187
1.235
0.21068
1.30228
-0.038
1.00499
-0.996
0.17827
-1.12785
-0.6146
0.775
-0.098
0.09115
-0.551565
0.12021
3.34
-1.201389
1.3212
1.1527
-0.021578
-0.992
-0.4474
0.1863
-1.684499
0.4832
-0.733
-2.1729
0.62656
-1.3313
-0.88343
0.449
-0.84856
-1.055
-1.474338
-1.195928
-1.726
0.9478
2.188
2.429381
-1.85
0.567622
-0.034
0.30653
0.9434
-0.92975
0.2713
0.857
-1.4782
-2.008
-4.906
0.396699
-1.87217
0.399477
1.9732
-0.541
0.1122
0.100029
1.246
NA
-0.759198
NA
-1.0674
1.8303
0.4936
0.23422
-0.667
0.035
1.2086
-1.35
2.718
0.404458
0.653262
-0.844
2.08164
2.80915
-0.11798
0.067
-0.9608
-0.009784
0.15506
0.32559
0.405
0.438
-1.6829
-0.94547
-0.2247
1.458334
1.0565
-2.30428
0.2554
-1.272
-0.2565
-0.046
1.1277
0.54076
-1.427
-2.1336
-1.336575
0.687477
-2.391
-1.235
-0.778
-1.91716
-0.9667
2.02064
2.588
1.67053
-0.327
5.453
1.57866
-2.63686
-1.57
-1.37383
0.2869
-0.561648
-1.63194
2.52839
6.9421
NA
NA
-1.586
0.798061
-0.577769
-2.68514
-0.513434
-1.51486
-0.57992
-2.25037
-0.32769
-1.0061
0.591
0.835
-1.328
1.278914
0.9634
0.52322
0.516
-1.747311
0.989921
0.27891
1.305447
-1.074196
-0.851713
0.805
-0.8292
0.04373
0.789008
0.00141
1.26345
-0.79921
0.312
-1.549
-2.07287
2.274
0.934
-1.43956
-1.27198
0.256
-0.07297
1.773371
1.669
-0.440667
0.530485
-0.259
