-3.70006
0.7636
4.0733
-0.1559
1.8342
1.49757
1.8311
0.0542
3.2075
0.6792
3.22484
1.4823
4.46357
-1.56044
2.77464
-0.6324
-1.75016
-10.5828
0.0771
0.8618
-0.83497
-2.0758
-0.3146
-0.9239
1.62502
1.4116
-1.8129
-0.8214
1.7095
-0.3539
-0.2193
0.4246
-1.8403
3.10398
1.51989
2.3514
-0.7435
3.42749
5.4162
3.0544
-2.47058
-0.0781
-13.653
0.7997
-1.28942
0.1402
0.47858
0.588
-0.38091
1.6166
-6.75721
0.58436
1.5006
2.554
0.7908
3.09522
-4.94571
-1.9148
2.84039
-1.365807
1.6123
1.189426
0.3183
4.5663
-1.3229
1.31404
-4.58417
-1.54388
1.83959
0.3904
-1.3418
1.0763
0.43942
-0.77115
1.0177
-0.4136
1.58131
2.7665
2.5174
0.1212
0.4857
-0.8085
2.5561
-1.31241
2.8061
NA
-2.69796
1.5527
NA
-1.458
0.5526
-1.2796
-4.1127
1.11244
1.5267
-0.9908
-1.154
-1.9019
4.1882
-0.9569
-0.2593
-1.052
-0.75862
-0.05911
-1.00357
0.2321
0.9189
1.100243
0.437
0.58102
-2.20076
1.31618
-0.21258
-0.04315
-0.52856
2.4317
2.50702
-1.6954
1.2146
-1.1166
0.8283
0.00166
0.9375
-0.09616
-0.92487
-0.6867
-0.7159
-0.312984
-2.1459
-0.4574
-4.2211
1.46655
1.223
-2.6713
3.7667
2.3741
-1.1801
18.9976
0.0397
-1.91594
-1.07688
-1.0852
-0.668398
-1.8643
-1.1373
2.95638
-0.4934
1.1041
1.10685
1.1439
-1.6079
0.52665
0.09746
-2.7701
0.2913
-0.2179
0.64712
-1.5536
0.94228
0.41045
1.46088
2.6916
-0.3111
-6.991
0.8923
-6.355
-0.13763
-1.1888
0.4896
1.8693
-1.4658
-1.9012
-0.9017
9.13711
0.8716
3.9911
-2.0565
-3.9007
-5.6307
-1.5673
-0.4141
-2.20099
0.2561
0.22215
2.6998
-2.98832
6.0792
-4.1192
-0.6148
0.25447
-4.1537
0.00392
-1.0012
-0.5479
-0.9144
-0.3363
4.4182
-2.42888
0.4922
2.41991
1.084
0.179
0.9571
-0.8188
1.54128
7.43064
-2.0158
0.85488
-1.031
-8.56426
-0.5545
1.3016
-4.2174
-0.86131
-2.87304
-0.7395
-0.1644
1.311
-3.1678
-0.104
-2.473503
2.98799
1.8273
0.66374
2.8237
0.5041
0.67626
0.1831
0.76685
-1.8281
-0.0707
-3.0053
1.08074
-1.731
-0.336972
3.2514
2.10838
5.38345
1.7559
3.4559
1.7053
-2.0641
-1.2869
-1.6788
0.16128
-1.15352
0.53009
-0.7491
-0.89602
0.32821
4.40199
-0.26931
-0.5239
-0.9974
-6.4561
-0.8896
2.65423
0.2843
-0.67258
1.8676
-1.4818
-1.0946
1.34374
-0.5862
0.684
-0.3163
2.20472
-0.21422
-0.06
-2.40718
1.3642
1.1471
-2.8002
0.5004
1.8052
-1.0992
NA
0.1593
-0.5895
2.3942
1.3643
-1.27537
1.0804
-0.95943
-1.5068
-1.73549
0.3777
0.0998
-1.76673
0.1103
0.061
0.41973
1.6407
2.8685
-1.1396
1.8581
-2.2924
0.1521
1.5993
2.4845
-0.1493
1.1362
-0.1272
-0.51129
-1.9932
1.0118
1.96382
7.72254
-2.6977
-3.35607
-1.69279
-1.1629
1.8507
-2.3903
2.9081
0.70665
0.0654
0.20355
3.78421
-3.1673
0.18696
2.354
-1.4933
1.94674
0.22457
-1.1318
-0.8676
-0.7109
-0.4822
-1.0801
-0.5093
-1.7377
-1.0859
-1.2366
-1.5053
-1.3298
-0.9945
-1.449
-2.4363
-2.8793
1.2883
0.3236
0.18455
-0.6924
-2.15263
-3.6719
-1.2266
3.12128
0.0568
-8.75
-0.610898
3.4724
-2.4436
-0.2647
0.5866
0.53168
0.27386
-2.73184
2.6259
-3.44651
-1.78456
1.4629
-2.266634
-0.1719
-1.45134
1.00415
-2.2376
-0.6318
0.0309
-4.3204
0.4764
-1.6632
-1.6153
0.6821
2.47326
-0.9377
-3.57018
1.8711
-0.44401
-0.2879
3.5379
-1.6523
2.2716
-0.28022
1.88825
NA
0.9043
-0.2146
-1.05379
-0.54165
0.2622
-0.74933
-0.24056
-1.66159
-2.31891
1.89867
1.62684
-1.13863
0.97449
0.20739
-1.47988
4.02858
4.00269
0.48935
5.0296
4.19291
1.62199
3.43403
-0.9508
-0.993
-0.15006
1.21938
0.41308
-1.04513
0.34677
-0.5961
-2.185
-3.54184
0.24284
-1.1732
2.0706
0.224
5.1023
6.22385
0.48123
3.1559
-12.56722
-4.98621
1.53999
2.19974
-0.279
0.04508
-0.4805
-1.46308
-3.35325
-1.7482
-2.00281
-2.13267
-1.2668
3.3562
-0.7885
-1.7885
0.8963
0.1479
2.0802
2.7717
1.4927
-0.0955
0.418
-0.4565
-1.0746
-0.8093
-2.2182
1.3586
0.3434
1.67584
0.4094
-1.3512
0.9542
0.177
-3.2182
-2.6235
0.8802
-0.4099
2.1447
-2.8128
-1.9898
-0.0929
-1.3651
1.2676
3.876
0.8521
0.1014
1.3092
3.5894
-3.0514
-0.3408
0.0951
2.855
1.6294
7.368
-0.0711
1.2621
4.5645
-0.8547
-0.3209
-3.067
-1.1671
0.9611
1.9926
-2.0611
-1.392
2.0574
0.7055
-1.6971
2.48456
-0.2459
0.80982
-0.83806
-2.11531
-0.8944
-0.0771
1.0426
-0.9321
-0.7053
2.0099
-2.93545
3.56821
-8.03605
-2.923
-2.09597
1.19637
-1.28218
-1.96188
1.06504
0.80974
-1.9106
1.5007
-2.21898
0.84651
2.80535
0.83918
0.4102
1.2356
-1.66153
-2.5569
2.0335
2.9546
-0.47684
0.58334
-0.0956
-1.6502
2.0038
-0.1272
0.5642
-0.8947
1.1857
0.5691
-4.38094
-0.06191
-0.5035
-7.4797
0.6529
0.6839
1.189
-0.08426
-9.62684
-1.89695
8.01662
-0.90051
2.3661
1.41394
0.04964
-0.60258
1.475
-0.7948
-0.154
2.27838
-0.347
0.60965
1.35809
0.15319
-0.5675
-1.4479
-1.88334
-1.4638
-1.2961
1.0247
-1.0905
1.5108
-2.53539
-2.21165
-1.40169
1.96793
-0.06694
3.6006
3.7742
-2.25738
2.3239
2.0125
5.22649
0.30691
-0.091
1.004
3.2749
0.5364
-0.49878
-1.4004
-0.1535
-0.1428
-0.36502
-0.33198
-0.13266
3.38667
5.41114
3.2524
2.94479
0.86914
1.7558
0.48853
-1.28964
1.62391
0.371
-0.82956
1.30219
0.807
-3.90024
1.0547
-4.91272
4.1365
-0.19824
2.6698
7.4849
-0.5647
0.47828
-1.2627
-1.5096
-0.90671
-1.21973
-0.59945
-0.53323
0.19915
4.11671
-0.64783
-0.57749
0.185
-0.95024
1.64853
-2.9497
-4.6616
-4.67244
4.64019
1.71818
3.40861
-0.9738
1.11109
-0.25141
-1.53178
-1.2889
3.99842
1.61896
0.00973
-1.06103
-0.9997
0.0672
-1.7182
-3.681
-3.699
15.2958
4.7832
3.4388
-1.0914
-1.0057
0.1058
2.7809
-2.4459
-0.08805
1.18755
-3.0685
-2.3303
-0.79958
2.30226
-0.62599
-1.7526
-1.40799
1.71284
2.78216
-1.68576
-1.91493
-1.191
0.71178
0.3288
-4.33692
-1.3781
0.05149
4.50304
0.32947
-0.66339
-12.01967
4.68041
4.33771
1.19608
1.0344
-1.00334
2.4499
-0.49876
-3.15762
5.76202
-5.53606
-4.72932
4.77291
0.01568
-0.37475
-0.90019
0.69668
1.36748
0.80478
-0.1095
-5.09283
1.03082
10.8932
-0.8706
-1.7223
-0.1279
-0.0055
-0.6458
0.550195
0.624302
1.1515
0.146231
0.554633
-0.955407
-0.577602
5.55265
1.4514
-0.18142
0.11391
4.01923
-2.1706
0.21235
1.25532
0.54906
1.0012
-0.98723
1.2016
2.194
-0.70026
-2.701
8.2096
-1.16822
2.45109
0.50371
6.39036
2.3086
2.24174
-1.1138
-0.8445
-0.6351
2.2295
1.8376
3.8262
-0.5801
2.7537
1.6835
1.2771
0.0173
-19.2185
1.6614
-2.526
0.1414
0.3652
1.1117
1.1436
-2.1331
0.1749
-1.2764
-2.002
-1.0517
-0.6018
0.1402
-1.7101
1.765
1.5932
-1.447
-1.3436
-1.637
-1.615
-0.3274
-0.9784
0.0185
1.5444
-1.3393
-1.7354
0.3453
0.1877
-3.4111
0.968
-1.1446
0.3346
0.0397
-0.2299
-0.0163
-1.4906
-0.6672
0.8005
NA
NA
1.5808
8.8064
NA
NA
0.5271
-1.2136
0.6655
3.2959
-0.7449
-1.4543
0.9946
1.0937
-3.5706
0.4912
NA
0.6136
NA
-1.17187
2.34171
0.73181
-3.89798
5.7064
-1.93494
0.968
1.81895
2.1059
1.35836
1.5596
0.6379
-1.28997
-0.90536
0.9571
0.67091
-1.47577
-0.57663
-0.28853
0.00748
1.38128
0.52221
-2.07642
2.52288
0.6475
-3.6499
-2.5682
0.1273
-2.2083
-3.1168
5.2173
1.7322
-0.5425
-0.6893
0.8678
1.6512
1.0838
2.9611
0.5155
0.2053
-0.7163
-0.4779
1.8276
-1.5674
-1.4209
-2.0841
0.8614
0.1669
0.4515
0.8175
1.3702
0.2496
1.91
0.3785
-0.0533
0.1321
0.8379
1.2558
-0.6601
2.512
2.9467
-3.0887
0.3717
-5.0167
-0.3062
1.723
0.0258
-0.6837
-1.3669
1.5274
-0.2272
2.1532
-0.2102
2.2126
2.2147
0.1899
1.1238
1.4447
-0.4754
-2.5194
-1.425
-1.1417
0.8176
-0.8869
-0.915
-2.39
1.5333
1.6539
-1.2598
-0.9349
-0.8541
-1.064
0.25342
1.37646
1.4682
-3.48529
0.2076
1.47531
3.75251
-1.59246
0.83877
-0.48724
-0.47005
0.41266
0.07825
1.82883
0.4856
-0.5946
0.2775
-1.99603
3.2361
2.02836
-0.39287
1.02932
-0.80445
2.2814
0.1664
-1.2297
-2.62069
0.84354
7.19753
-3.9482
-2.20178
-1.4836
-0.4759
1.43419
-0.0543
-1.20318
-0.09129
0.9562
2.53871
-0.3115
2.1249
-0.714
1.75679
-0.4012
0.517
0.0166
-0.467
0.4473
8.0393
1.7299
-1.771883
-0.7939
2.15955
2.7376
0.58785
2.9917
0.2416
0.0746
-2.4459
-1.7055
-3.0063
0.9641
-2.3606
-3.3283
-2.8212
-0.7353
-1.6331
-3.43609
2.8344
-1.1215
0.3683
0.0988
-1.8011
-4.488
-2.2867
0.4561
1.8597
-0.6319
0.6383
-0.8294
-1.6283
0.72987
0.1889
-4.2612
-0.5506
1.9663
2.4477
4.864
-0.55589
0.0511
-0.2601
0.8364
0.5538
1.3529
-4.32082
3.82664
-1.52443
-1.25302
-1.936
1.46165
-2.03877
-2.97636
1.1142
0.882
1.8511
-1.9009
-3.6454
-1.6826
2.1256
2.0448
1.51395
1.652
1.3979
1.796
-0.7811
2.18779
0.10962
0.5734
0.73864
1.39365
-5.90776
-1.85235
-0.0866
-2.0514
0.217
0.3441
1.23888
-1.81745
0.7879
1.435
-2.173
0.3023
-7.6661
0.9313
-1.016696
-1.58999
4.4406
9.648
-2.747
-1.94373
-0.4852
-0.8684
-0.90506
3.4189
-1.46499
-0.18188
-4.281
1.6336
-1.63903
0.0071
1.48088
0.02526
-0.12836
1.35536
-0.7247
1.5317
-1.331
-3.2896
-1.169
-2.99661
2.6438
6.2877
1.1825
1.2362
-1.7835
-1.12555
-0.8758
-0.9207
0.4479
-1.96783
-1.1888
2.3948
1.5401
1.6806
1.8974
-5.02503
-0.80238
1.56945
0.6244
0.41995
1.9063
2.3331
-3.01649
0.6117
2.5632
0.0299
-1.4681
0.6978
-1.0207
0.8636
0.9418
-0.6269
-1.9677
-4.3278
0.8045
1.32688
1.24778
NA
0.121
NA
NA
5.2994
NA
NA
NA
-1.6233
NA
-5.9238
NA
3.7231
-5.3996
1.3644
2.083
-1.1562
-1.7957
0.786
-2.0903
-0.5322
-0.329
4.9032
0.4881
0.9457
-0.9691
-0.6215
1.4991
-0.2907
0.2006
-0.2474
-0.9827
0.1904
2.8979
0.811
1.1635
-0.3429
5.7634
-0.68249
-2.8987
0.66578
-0.77951
0.37
0.387
-3.3787
-0.0725
-0.8375
-3.0155
0.2368
9.157
-3.9956
-6.291
-1.54123
-1.0253
-3.0001
2.0107
4.7291
1.5188
-0.2893
-1.0917
-4.42952
-3.5131
-0.3437
-2.9846
2.7607
2.3118
0.7491
1.146
-4.0038
-3.7031
-0.6911
-3.5987
-0.9321
-0.0616
1.1782
-0.8514
3.1223
-0.6629
-2.4707
-0.1781
3.2956
0.28699
-0.3245
2.9165
-0.0314
1.35796
-1.25073
-2.4475
1.05218
-1.61803
0.69149
0.0155
-2.75318
1.0043
-4.9485
0.71863
-0.73285
2.15705
0.21697
1.789164
-6.4584
2.65
0.87931
-0.9824
0.87407
0.09759
-2.8315
1.2162
0.8207
1.6806
-1.2676
-1.9523
-1.84068
-0.3296
2.43631
1.34913
0.20464
-1.25288
3.9399
-3.4305
-0.0638
2.3963
-1.57707
-3.2202
-1.9788
-0.54248
-1.08949
0.95761
-1.1795
1.6913
-1.0287
-0.77685
-0.0889
-1.3638
1.19242
6.77861
-2.01607
0.3965
-2.2885
-0.8726
1.48862
2.62531
-2.54284
2.5981
1.5676
1.2285
1.33354
0.5133
-1.9381
5.9886
-0.3621
1.8843
0.4298
0.55508
-0.81829
0.8102
-0.4342
1.1472
1.7787
1.0475
-1.382
1.6753
-3.3215
0.62136
-1.1941
-2.5525
-1.79209
-3.5734
-5.39463
0.6949
0.5514
2.7127
-2.1665
-1.8262
-1.11397
-0.1272
0.76355
2.29496
0.29138
-2.2398
-1.60448
0.7905
0.8262
-1.81648
-1.66988
-1.43344
-3.8762
-0.3669
-2.37832
0.05838
-0.74111
-2.8807
0.10548
-0.2666
-2.3983
-1.06681
-0.31478
0.7715
0.136
-1.0758
0.8283
1.66347
-2.44915
1.8226
-1.71
-0.004
2.25676
-1.2375
0.9505
-2.4224
1.417
1.51815
-0.33022
0.45946
-1.19417
2.68269
0.7663
-0.8879
1.4525
-1.48
-2.25068
-8.3152
1.1989
-0.4338
0.1418
0.4252
0.0982
0.7488
2.09555
-0.5248
-0.16209
2.51844
-0.74192
-0.7044
-0.97246
1.3084
1.2424
-0.2664
0.4547
-0.9393
-1.87224
-0.73305
1.21662
0.83236
0.56862
-1.44922
-0.6703
1.0107
1.0818
0.8359
-2.3027
0.51975
0.46583
0.27057
-0.42451
-0.1569
-0.1236
1.4906
4.76146
3.70805
5.00977
-2.44616
-0.9622
0.82089
-1.33702
-0.1992
0.6632
0.8861
0.4392
0.5619
1.75995
-1.30458
-1.63984
0.7265
6.39271
0.46171
-5.4807
-0.7986
-0.6006
1.4524
-0.17465
-1.10852
-3.08146
3.57436
-2.315528
-0.8534
-1.4396
-1.78278
-0.09048
-1.2288
1.80395
-2.67
0.2351
-3.0861
-0.81067
-2.09473
-0.7074
4.7793
-2.1745
3.4276
-1.6188
0.2009
-2.1449
0.1749
1.5703
0.4996
2.74158
-0.7878
0.07675
-0.41409
0.52697
-0.39428
1.14531
0.4172
-0.1294
-0.2539
1.1905
4.3431
0.6639
1.4694
0.8899
-0.2159
1.8883
-0.6539
-0.4377
1.0655
1.0115
-0.6655
-0.1895
4.9691
1.049
-0.097
4.117
-0.98486
-0.868
4.40926
-0.11244
1.5424
-0.821
1.65626
1.14631
-0.1085
0.827
0.4606
-1.08434
0.3375
1.0673
-2.05221
0.38336
1.327
0.3396
2.12543
-3.1187
1.2962
-0.2403
-0.3689
0.4856
0.3167
-2.2427
1.3223
1.7977
2.6774
0.0412
0.95633
-1.9565
-2.4666
0.1485
3.7035
4.8361
-1.2059
3.1331
-0.0252
-0.6015
NA
NA
-1.5023
NA
0.461289
1.65616
-0.33455
2.063
-1.758
-0.8057
-0.2857
1.68865
-0.7907
0.14103
0.01552
2.07206
-0.43674
-0.46886
-0.09321
2.16204
0.6157
1.86178
0.6288
-2.71233
3.6744
-0.1493
-0.2939
-2.5624
0.8004
0.8723
-0.3702
0.6504
4.7293
2.02773
-3.1246
0.53911
-0.823
-1.4245
0.015
0.8
0.8033
-0.6471
2.1379
0.1546
3.14965
-5.72958
-2.4177
0.825028
0.524195
2.3024
-1.93896
-3.3477
2.3449
1.824061
-0.842097
-0.160383
-0.9306
-0.60384
0.9625
1.1315
0.7531
-0.7469
-3.7019
-2.0827
-0.3341
1.6815
-2.544
2.2005
-2.3783
-1.3375
-0.6355
1.9959
1.5571
0.0521
5.3209
-0.9421
1.1645
-1.2143
-2.1745
2.1826
3.9488
-4.7461
-1.1651
-0.4119
0.7824
0.0516
1.3002
-0.3921
-0.6173
-0.9048
1.9865
-4.1155
-1.71427
0.54101
4.99374
-1.4247
3.22507
-0.98663
1.04204
1.2272
-3.5597
-0.92294
-8.6094
-3.12937
0.9205
1.25813
1.879
-2.79087
-0.11122
0.3488
3.5943
-2.21402
3.0442
1.55953
0.00468
-2.17935
2.08571
-1.53124
1.3346
-2.35265
0.0052
-1.5033
-0.279
-1.64058
-2.32168
-0.347
-3.0957
1.18539
-0.09924
2.07806
3.91651
0.21218
-3.9122
-1.1545
-3.76118
1.8813
-0.56869
-2.49914
0.15927
0.1848
-2.4443
0.5172
1.5041
2.5649
0.9284
1.0106
-0.05861
0.16028
1.6865
0.00353
-1.93324
1.15288
1.5711
9.2086
1.7579
-0.88767
0.3724
-0.3866
-4.0704
1.5299
-2.4716
0.38978
1.55037
-0.7223
-3.17304
-1.25179
-1.08824
0.22979
11.34049
-6.22894
-0.9959
-13.31084
-8.46588
-12.63574
1.79976
3.57603
2.3607
2.05391
-1.30471
-0.20772
-2.13038
-0.53632
0.8165
1.4744
-1.3568
-3.77576
-2.20322
-0.8236
1.6322
1.0414
-1.3229
1.1012
-2.4303
5.1848
-1.5894
1.5836
1.6283
1.647
0.0852
-0.6344
2.7255
2.9793
-2.1284
0.907
2.1452
1.9472
1.9404
1.0519
2.7971
-3.9502
-0.61
1.0629
-0.1459
0.5515
2.1595
-0.0343
0.7536
-1.7659
-0.3323
-0.2699
-0.0474
-2.0927
-1.3286
-0.773
1.1665
1.8917
0.1114
-0.5836
-0.1839
-0.3631
2.4142
-0.2395
-0.9822
0.8259
-0.9923
-0.3847
-2.039239
0.3129
2.323026
0.116209
0.027817
-0.017808
5.510563
10.623081
1.042832
-1.224704
4.845756
-0.831075
-4.296198
-1.2011
-0.4154
-2.644823
2.74669
1.90144
1.7385
-3.78876
0.8641
-1.45143
-1.1738
-0.43673
1.37904
3.78442
0.90055
NA
1.6361
-0.3719
-4.37936
1.4353
2.293
3.0263
-0.61424
NA
NA
-0.3401
0.8305
-8.7301
0.6135
3.5084
-0.6633
-0.9207
-1.2909
1.4958
2.623
-0.2787
0.8601
-0.1593
-1.28715
-1.45023
0.0731
-1.91007
2.72378
-0.53355
1.62598
3.14284
1.4403
-0.3482
-3.50269
-1.58922
0.79107
1.24546
-2.80234
-3.87299
-1.84931
-1.697
-1.29293
0.4849
-0.48594
-2.1794
2.3293
0.6
1.2844
0.9236
-0.3119
-0.8101
1.7496
0.8678
-3.4055
1.6147
1.6871
1.0202
1.73912
0.78547
1.30858
1.4435
1.19891
2.25143
1.0505
0.71094
2.09353
-1.39846
4.1818
1.8481
-2.86325
-0.18289
-0.9651
0.2937
-3.74961
-0.50032
-0.02838
0.9168
1.0804
-1.51435
-1.70277
-2.9453
2.72114
0.4052
-3.4811
0.719
3.6376
9.38619
9.1364
0.02512
-1.14466
-1.2481
0.2598
-0.2563
-1.771195
1.3221
0.3706
-4.06926
0.4416
1.6467
1.8551
2.78442
-1.4213
-0.4409
-4.4548
0.39033
-0.15993
1.0062
-1.125527
0.7645
2.20213
-3.69545
-0.03947
-1.15709
0.2243
0.7781
3.2046
-1.8732
0.498479
-0.9703
-1.4011
-1.29563
2.9757
0.18459
-1.1988
1.1152
-0.82261
1.3545
-2.14698
0.4229
-5.9862
3.12945
1.0047
0.7219
-0.4214
0.00971
-0.53451
2.85658
3.57434
-0.8746
1.9366
0.275153
0.2768
4.5227
1.6345
-0.0283
3.31543
0.3599
-1.1853
-0.64177
-0.754
-2.1533
0.85976
-2.72924
1.3832
0.8992
-0.96319
2.8998
-0.8214
2.6229
-1.5515
1.0098
0.084
1.37398
0.6462
0.8591
-0.8413
1.2758
-1.3488
1.1934
0.8049
0.7192
0.6188
-0.53441
-0.43259
0.81984
0.01169
-2.87881
-2.03604
1.2227
-0.4673
7.4513
0.9559
0.97036
2.09235
3.9979
-1.23278
-1.8851
2.421
1.39772
10.31168
2.1912
3.88506
-3.85141
0.66944
-0.74256
1.3337
0.8369
-2.2691
1.36254
-2.10197
-6.9363
0.8538
0.0602
1.57571
1.32857
-1.652788
-1.57138
0.64956
0.87362
2.0716
-2.632
-0.8706
0.0624
1.3584
1.7221
-0.9502
1.97381
-0.60955
0.73138
0.5194
-0.50111
0.8551
-2.0136
0.2408
1.00136
1.99494
-0.9885
0.15188
1.0834
0.23351
0.00608
1.371
0.18748
1.7924
0.2215
1.8025
0.2132
0.1426
0.013728
2.0345
-2.1812
-0.9159
-0.3519
3.87
-4.9314
-0.5321
-0.44344
0.7455
0.7735
0.6008
1.5826
1.70195
2.9666
2.74829
1.47748
-0.87537
-1.2225
-6.3779
0.74587
2.8229
-0.30642
1.80855
-0.7818
0.50248
-2.28916
-2.30461
0.00479
-3.5924
0.5232
0.4963
1.2673
-0.70092
-1.125
-3.74642
1.3645
-0.2907
-1.2595
3.5742
-0.48581
0.75859
0.26131
-0.244
1.1452
1.80739
1.3236
-1.0583
-2.5898
1.7028
-0.478
0.416
0.9536
0.4294
-0.60342
-0.4493
0.0242
-1.2344
2.9195
-1.1481
-1.7429
-2.1549
1.2581
-2.94392
1.0733
0.4063
-2.3118
0.6756
-1.52
-3.87585
-0.1449
-1.625
-6.4118
5.83245
-0.86256
1.2673
0.3593
-0.2873
3.7332
3.57776
1.98083
-0.00432
-0.31263
-0.44326
0.0739
4.48181
-3.2081
0.02999
-0.57738
-0.45364
-2.18828
1.72111
0.68444
-3.95438
-3.2932
1.83811
2.9123
3.24335
NA
NA
4.2762
-1.49462
1.14488
-0.25629
2.49639
-1.2755
1.0642
-2.3202
-1.6874
-0.9989
0.1639
0.80112
-0.82799
2.24535
-6.76868
5.84751
-1.13175
-0.2139
1.10053
-2.8578
-0.7505
-1.4101
0.5685
0.69565
-0.53358
0.4085
4.22833
-0.8659
1.6945
-1.02074
0.17005
0.9658
1.69263
1.77587
-0.4016
1.8819
-8.7495
-1.5115
-0.4404
2.43016
3.1974
0.4266
0.5076
-1.2635
3.4517
1.3396
-0.4273
1.8525
-1.8973
-9.4211
10.26341
0.381888
1.7499
2.41822
1.6921
0.4901
0.8717
-1.658289
1.571191
0.7102
-1.2653
3.9095
-1.2988
-3.5786
-1.4148
1.09391
0.5227
-0.735
0.5755
1.799
-2.1871
-0.2829
0.6089
-1.6768
0.653517
-0.6489
3.1121
0.434236
-0.5926
-0.9329
-0.4763
-0.9091
-4.3109
-1.7357
2.5088
1.6284
3.1111
-0.7091
0.3808
-3.10015
-3.42291
-3.3655
0.2228
1.7886
1.2486
0.6283
0.0207
2.377
-1.8543
-0.7259
3.0949
0.13527
3.1545
0.019003
-4.033921
-3.510612
0.3316
0.352
-3.8409
0.5413
1.0977
-0.1523
-3.796156
0.724195
-1.164957
-2.8943
2.417
-0.891458
-0.173
1.0891
2.31327
0.77833
0.60276
-1.7339
1.3491
0.79309
-2.3329
1.10678
0.29362
-0.33672
2.74869
-3e-04
-3.3039
3.2507
1.43431
-0.19957
-0.2765
-2.58177
2.7741
-2.0652
-0.9358
-0.36337
-1.4106
-2.4515
2.41749
1.00683
1.7197
1.1287
-1.2333
-0.16302
0.7336
0.4073
-0.3594
0.7892
0.20336
0.00922
0.24299
0.8535
-1.8177
4.3891
0.315
1.8829
-1.2311
-0.17953
0.1732
-1.2984
-0.6629
1.7979
-1.03039
0.218
2.6833
1.2564
-1.8561
-1.1135
-3.4111
-0.38035
4.4487
-0.305
-0.0348
2.4081
-2.55685
0.7874
0.3744
-1.4208
0.09736
-1.10845
-0.15902
0.415
1.0507
3.0785
-0.0539
1.1031
1.3703
-2.40849
-4.4489
-0.04838
-0.4106
-1.6358
1.4593
-0.4623
4.08027
-1.19592
-2.6251
0.43948
-0.6873
2.5674
-0.34251
-0.7398
2.6124
9.6154
-0.46913
-0.8267
-2.1962
0.72173
3.45149
-0.0311
-3.2587
1.10911
-0.0037
-4.70529
-0.2119
-0.47358
-1.9217
-3.7724
1.30348
-3.4965
-2.1696
-0.49135
-3.4157
0.08327
-2.03655
1.86474
-1.81428
-1.30637
3.6761
-0.95985
-1.6816
-1.7472
-2.3254
-2.52988
0.5661
-2.3334
-2.771
-1.7385
0.1096
1.25769
7.3691
-9.7135
-1.39491
0.28276
-0.07583
0.01467
-0.59768
5.8845
2.3948
2.17053
-4.4971
0.8729
0.1473
-0.5037
-0.06429
0.2915
1.3311
0.779
-1.026
-0.63118
-0.1498
-1.5367
-1.21482
-0.66768
-1.1928
1.6467
1.15836
-2.32227
-2.079
-2.5103
0.584
0.3502
-1.30008
0.80211
0.89374
1.52411
1.23377
6.97786
-0.15841
4.44013
2.43369
-1.42874
1.1404
0.76363
1.4333
1.35029
-3.63703
0.54779
0.89757
0.19028
0.61876
-2.67769
1.0062
3.8759
-1.076
-5.2272
1.1
-0.8764
-1.7992
-0.72394
1.0972
0.5999
-2.754
-4.5191
2.0081
-2.39437
0.502977
3.8815
0.60927
0.2422
0.1748
-1.1928
-0.8086
0.634
-1.6359
-0.598
-0.5879
NA
4.73593
NA
-3.09769
-0.70137
-0.3228
-1.10207
-3.70444
1.73431
1.6733
-2.1267
5.41628
-4.8081
0.6545
0.8659
2.6863
3.349
0.77486
-0.23189
-1.4767
-0.6881
-0.122647
-0.7839
-1
2.55635
0.7186
-2.49537
1.2545
0.3789
-2.1787
-0.0606
1.1356
0.46196
1.8339
3.035
1.50692
-1.0271
-0.9351
-6.22672
1.74472
-3.1301
1.00431
1.0299
-0.0653
0.6262
1.123
0.9019
0.60621
1.0437
0.69404
0.4224
0.77942
-0.7545
-1.6242
0.99774
-4.3931
-2.9544
1.053
-0.5703
0.1265
0.2866
-0.7236
-0.582822
4.0229
4.7096
-1.2957
-1.8159
-0.8012
-0.42791
2.21596
0.33044
2.688768
0.6156
-2.41446
-2.04282
-0.8077
-1.69911
3.1018
2.493
1.1587
1.921925
-3.9904
-3.9159
3.15534
-1.33307
1.8414
0.4309
1.7948
-0.79696
5.51646
-0.3189
-1.63239
-0.1803
0.001296
1.3083
1.36141
-0.0244
1.3875
-1.94785
0.0106
0.4771
-0.20506
1.16125
-1.86111
1.91873
-1.437
0.9615
-1.2143
-1.2026
2.6393
-0.2538
0.65629
-0.09816
-0.26593
1.9134
-0.31827
3.3003
-1.06246
-0.5028
-0.3577
-2.0883
-1.5905
-0.69149
-0.4121
1.6784
1.8212
-1.68689
-1.64381
1.24124
-0.2027
1.0474
0.45574
-2.5786
-3.3545
0.6002
1.2801
1.0901
-0.0772
-0.28872
2.6781
-4.6044
-0.36962
-0.0334
1.5632
-1.2521
-0.2476
-5.292
-2.0279
-1.24288
-1.0718
1.65798
1.1636
0.05331
-5.555
6.93329
2.3604
0.3838
-0.1632
0.085
-2.8656
0.5719
-0.0403
3.7307
-2.85587
-0.9037
-0.2762
1.6262
2.4395
-0.43365
-1.3997
0.0743
-2.241527
-2.67153
-5.7912
2.8501
-0.3307
4.38073
4.46275
0.10797
1.11857
-0.7939
-2.9815
-2.02585
-1.6868
-2.09077
-4.7889
-1.61313
1.3335
1.3092
1.5819
-0.565
-0.5117
0.5249
1.75516
-1.39893
-2.09074
1.6439
-0.7005
0.2176
-1.00972
-0.5099
-11.1178
-0.6864
2.02807
-0.5289
4.2894
4.4841
-2.4197
-1.6464
3.64768
-5.2043
0.2276
-0.5739
-3.9888
1.24675
-1.85341
-0.53067
3.6439
-1.57087
2.72434
-0.3152
-1.26122
-1.9529
5.2604
-4.3886
-7.28305
9.0725
0.8977
1.6434
1.74325
0.5039
-3.25166
3.1885
-1.1671
1.91707
-0.5346
-1.8931
0.83994
0.744307
2.33129
-0.4412
-1.2572
-0.6851
-0.5579
-0.53084
-0.8178
2.8079
-0.7639
-3.6964
-2.35366
1.25036
-4.56264
1.175
0.95343
2.3989
-0.32419
18.9072
2.5411
2.35867
-1.86317
7.87682
0.2921
-1.59456
2.1364
-2.02612
0.4166
-0.64172
-1.0527
0.53151
0.3321
-1.49521
8.3843
1.0956
1.4177
2.62937
3.79111
-5.2338
-0.88158
4.1308
0.5734
-1.8159
3.0179
-1.4541
0.6977
-0.77521
0.12773
-0.7737
1.60753
11.62446
0.033
4.6613
-0.90075
-1.0354
0.90068
1.6467
1.7963
-1.6971
1.4274
-1.37698
-2.9917
1.4154
1.0866
1.16909
-7.76238
-0.38578
-0.13825
-2.2738
0.6287
0.16298
-2.6908
0.3466
-2.37692
-1.5833
0.98882
-3.4823
NA
1.10075
-0.14301
2.8297
-0.87303
-1.98063
0.10453
-3.8446
0.94335
-1.38592
-4.3335
1.1697
0.27309
0.19355
1.5634
-1.8445
-2.62251
-1.4818
7.3554
5.1585
1.3153
-4.96693
-0.3564
-1.49087
-2.59783
0.7381
-2.62746
1.0767
8.72153
-1.98036
-0.03426
-0.5885
-1.56668
1.15927
-0.51287
-4.2159
-5.78797
0.6283
-1.4648
-0.7369
4.9953
0.8209
1.6784
1.33127
-0.31543
3.48659
1.82853
-1.7669
2.37335
-1.244128
-1.6901
-3.8966
-0.5269
-0.28769
-3.59221
-0.1947
2.8825
-2.4045
0.92855
-5.45673
-0.6238
1.49614
-4.35353
0.16557
-1.4908
1.3973
3.15168
-1.45473
0.6475
0.388
NA
4.56546
1.25851
2.9344
-1.4154
0.72516
-0.3837
0.94274
0.18204
9.51218
-3.0283
1.018891
-0.4602
-2.85559
0.6731
-0.084
0.4443
-0.5216
-2.941116
0.3905
-1.4426
1.4589
0.7253
-1.2122
0.052
-0.0206
0.9349
-4.84922
5.2729
-0.726866
-1.1956
0.168
-4.7902
2.2643
0.4193
-0.4067
1.09457
0.815
0.32305
3.11569
-1.1159
-1.579
0.371
-0.0706
-1.16276
1.48198
1.75081
NA
-2.3094
NA
-1.4512
0.83839
2.4087
4.9953
-1.78109
6.53512
-3.42323
0.99929
-1.7877
-1.066194
-1.5452
1.92594
-0.9049
1.50725
0.4484
1.00566
1.20512
-0.43771
-0.5873
0.7269
0.7901
0.378
0.08009
1.44193
1.95374
1.43986
1.11997
0.094
2.8361
-1.24912
1.5094
1.19263
-2.9594
-0.242
-1.7959
1.58916
-0.552
9.1182
-0.10149
1.4245
0.6812
-3.6034
-3.38401
-1.4086
2.1434
2.0026
-0.7693
-1.59439
-0.7654
NA
0.058
7.49425
0.0201
0.4831
0.94708
-0.01502
-1.3047
-3.0335
-0.21067
-3.7668
-1.43033
1.03302
0.1787
-0.6512
-0.0896
-0.4064
2.7027
0.9645
-5.80745
0.2618
-1.06635
-5.0255
-1.7942
0.00156
-8.39731
-5.1637
0.1142
-2.0604
0.25833
2.79832
-0.2666
2.6191
0.27168
-1.5116
0.03058
0.14175
-1.63302
0.98861
-0.26257
-3.2074
1.39129
0.3471
-1.9908
-1.0955
3.4254
0.8636
0.1046
-0.5418
-1.88058
-0.37326
-0.5457
3.697
-1.129
-5.13784
-1.8999
1.29248
0.4846
-1.568
0.9475
-1.75891
1.6388
2.1852
1.2652
-0.1229
0.7054
-2.3673
-0.26102
-0.586
-2.03831
0.9052
1.88173
0.04877
1.50609
1.56463
-0.0311
-0.993
-0.64801
-0.93609
0.47909
-1.3372
-0.3302
2.4067
-1.7472
-0.3781
-0.00435
-4.0022
0.9943
0.2176
0.0364
0.848
1.6342
2.1393
-0.5088
-1.00506
-1.0692
4.15382
0.2839
-1.2242
0.92753
-0.7159
-0.2586
-1.64913
-1.4422
0.29158
-5.2855
1.50017
0.85521
-0.119899
4.677
-0.34335
-1.6513
1.2816
-2.64888
-0.162278
-0.4335
7.01214
0.3758
7.64597
3.63519
2.6146
0.85208
-1.6557
4.6432
2.7673
-0.26528
1.9419
0.1723
0.48204
-0.2895
-0.1269
-0.4613
0.4213
5.2605
-1.14551
-0.3359
1.02714
0.1836
0.7089
-2.3248
-0.5352
2.6047
-1.3117
NA
-1.14878
-0.1547
-1.961
-1.0338
-0.2543
0.70314
5.8805
1.9933
-0.4124
0.20884
-3.2515
0.70185
0.4591
0.70737
0.32817
0.23089
0.6699
1.8834
-3.412
20.2038
-2.12427
0.99105
2.2492
0.6642
1.12478
-1.02251
-0.36752
-1.1788
-0.6381
1.235
-0.5192
-1.9174
0.23163
6.5233
2.31318
0.5907
0.1769
-0.5953
2.88701
-1.80001
NA
-1.67489
-2.43064
0.6602
-4.3224
-1.7128
-1.21758
-0.07384
4.75508
1.34015
-0.4245
0.28288
1.0334
1.7495
5.589
-0.2279
4.4184
0.5773
2.7182
-0.3015
-3.9226
0.39811
0.89242
-2.18483
0.349
0.60276
-0.87215
0.11782
2.17945
-4.10169
-0.1
2.91107
0.72744
-0.5841
-0.9757
-0.1738
-0.38043
1.2652
0.52728
2.40617
2.768
3.0922
-0.4316
-0.52106
2.0989
0.67409
-1.57669
-0.4613
0.48699
NA
0.32172
0.27249
1.8846
-4.0433
0.16192
2.951
0.94824
-4.3639
1.7489
1.6785
4.27645
0.53565
5.28967
-1.89129
-2.9731
-1.8538
0.6556
-1.86941
1.855
0.44709
0.1083
0.23374
3.07388
0.666
0.9376
-1.0786
1.79152
0.8346
-0.27732
NA
-0.05801
3.40643
0.5184
-0.67701
0.7255
-0.39778
2.7716
-0.1269
-0.4875
1.3068
-3.50991
-0.0376
-0.9882
-0.45061
-0.1177
3.33278
0.9383
0.08107
-2.5475
-0.7002
-2.11
-3.5737
-0.2663
-0.47571
-1.1375
2.3207
-1.1253
-3.767
0.3851
-1.8586
-1.0676
-5.1285
-3.3708
1.9749
-2.57192
1.6562
1.7848
-1.55274
0.61
-3.0095
-2.51564
1.6626
2.9305
3.943
-0.40117
-0.22915
1.05368
-2.3512
0.1835
NA
0.5535
-2.2029
1.4861
1.74066
-1.06215
-3.6703
2.29539
-5.2475
-2.9167
-3.5059
-16.3088
0.86499
NA
2.13222
NA
1.15807
1.2883
2.31124
-2.1383
-0.04227
0.14881
-2.0807
-0.01607
-0.582
2.6487
-3.7257
-0.1948
1.2672
-7.7116
-0.8208
1.0304
-1.89633
-1.0055
1.7153
-3.79004
0.9714
0.08689
1.63472
0.20717
-0.5406
1.978
0.15418
2.0206
-0.3754
2.6509
-0.37775
-1.58763
-2.34198
1.40376
5.3251
0.13
-2.5007
-0.47613
1.3452
-5.98563
-1.3554
-0.9029
3.8198
0.28214
-0.1637
0.3823
-0.0819
0.7776
8.04347
0.2591
1.30773
2.7748
0.6545
-2.57789
-0.3958
0.9565
0.90929
7.1672
-1.8539
-3.37244
-1.1232
-0.288696
-0.0942
-5.7399
-4.1466
-1.7468
-0.3007
-0.3357
1.5333
-5.3069
1.1975
-0.55001
NA
0.039186
-0.5474
-3.1794
-1.9272
-2.3287
-2.309
-0.285
1.06882
-2.5394
0.317
-1.53719
-1.7718
0.4559
-0.02395
0.7332
0.2448
5.3423
0.4095
-0.5037
-0.9484
-2.15354
1.8478
1.4124
-2.46639
-6.5492
1.0447
-0.82526
NA
-0.75
-0.1617
3.73
-0.2332
0.7053
-0.76571
-2.0631
0.753
1.81818
-1.6688
-1.93007
3.0888
0.9336
-0.3704
0.2114
2.4073
-0.3866
0.4564
0.2502
-1.8609
-1.50144
-2.31387
0.9585
0.5321
-0.18691
-3.67547
-4.3123
4.3071
0.0448
NA
NA
-1.0982
NA
NA
NA
NA
NA
NA
NA
NA
NA
NA
NA
NA
NA
NA
NA
NA
NA
NA
NA
-2.0624
1.0163
5.14433
NA
NA
NA
NA
NA
NA
NA
NA
7.11849
-0.2228
NA
-2.3097
0.53003
4.2098
1.3475
-5.67341
11.5448
-0.3292
-0.93685
2.1586
-1.8099
-0.77575
2.74713
0.11387
-2.18537
0.2304
-0.36455
-1.3078
0.612889
-0.2165
-0.3581
-3.1649
-4.3395
1.56839
-0.3357
2.4332
-1.2447
0.56016
2.66796
0.16219
2.3859
1.397
-5.29189
-1.0576
1.251978
0.3407
-3.7668
-1.19183
0.57482
0.3474
0.3188
-0.7819
1.2098
-0.900817
-1.4823
NA
NA
NA
-0.5075
-1.3007
-1.2488
2.5536
-0.6921
-0.2267
0.39169
-0.80745
1.7891
1.08478
1.3806
0.7107
-0.80264
5.1596
2.0099
1.4761
2.457
-1.44365
5.1618
0.5866
2.6769
1.697
0.761
1.55829
-3.51552
-1.2863
-1.29161
0.7063
6.24348
-1.24435
1.44804
0.7752
-2.2035
0.80786
-2.10491
3.5782
-0.0371
2.0325
3.392
0.8619
-3.76417
3.9725
NA
-1.5819
NA
NA
2.6009
4.9833
-0.7344
-1.13288
-0.4259
-0.33511
0.72023
1.2833
-1.17519
0.71144
-0.32161
3.1979
2.05873
-1.39036
0.24708
0.398
-1.9659
-1.9555
1.76609
2.0228
-0.1486
1.1527
-2.6789
1.8513
3.00791
-2.23196
0.37279
0.43759
1.0079
0.4358
-2.07046
-6.23774
-1.11057
2.1865
-0.7205
-0.1872
5.8698
3.30615
-2.5929
1.30897
-3.0028
NA
0.33437
-1.8721
0.86502
-0.3784
2.00237
2.7801
-2.3289
0.8214
2.0033
-2.46013
1.85866
-1.1303
-2.6806
0.3681
-1.3719
-0.4281
3.593
-0.087
-2.3934
0.4984
NA
-1.3924
0.2907
-1.10525
-2.11997
0.583
-0.5166
-0.9711
3.1419
2.0205
1.7203
-4.48394
0.0348
NA
-0.8923
0.1394
-1.978
NA
-0.6191
-3.19131
-1.3576
1.124
-1.6549
1.95383
-1.06572
-0.0886
2.83411
-5.2995
-0.14749
-0.1275
-6.41392
-2.2934
0.95827
-1.0115
1.9777
0.7143
0.28376
1.06678
NA
-0.06202
-0.07488
-6.44075
-0.00502
-0.166
-1.3312
2.65756
2.3989
0.7551
-2.358
-2.5668
3.00967
-0.85988
-1.3849
-1.20399
-2.66793
-1.16999
1.01854
0.1022
-0.17562
NA
-0.9164
1.9075
-0.72774
0.4629
-0.39612
-0.4326
0.1195
-1.487644
NA
NA
0.0643
0.6401
-0.69959
0.43251
0.57532
0.5499
-0.45922
-1.6183
8.2137
3.43421
-1.4327
-4.54178
0.7206
-1.2996
5.5353
-5.1892
-0.4792
4.6849
2.74332
-0.15384
0.7698
0.7432
-2.1604
-0.6346
-0.3539
0.1547
-3.5394
-1.0863
NA
0.02431
1.1504
0.03857
NA
-0.45572
0.83857
0.49276
-4.56777
-1.8692
-1.39028
0.04101
0.8303
-3.64313
-1.48589
0.5143
0.86346
5.1182
-0.63079
1.7482
NA
3.6827
0.2248
-0.5572
-0.4237
0.62749
1.99064
-6.6939
-0.4733
1.54991
1.3695
-0.40164
-4.1456
1.97918
-1.3445
-0.0596
3.369
-0.0214
-1.7359
-1.18661
1.0026
0.73289
1.53568
0.83365
0.626
0.9727
-1.3
-0.1668
0.20992
1.732
-0.0578
-1.3184
NA
-0.9553
2.1526
0.8508
3.68501
-0.5903
0.2905
-8.48542
3.3494
1.744
1.225
0.6173
-0.7539
NA
0.8629
0.8614
-0.1483
1.8249
-1.9398
0.2324
-0.5753
1.60268
NA
1.4345
1.68486
-3.12958
-1.0796
-0.28105
0.4459
NA
0.1097
-0.0135
-1.7288
2.9758
-0.18032
-4.3476
1.6104
-1.09597
1.0158
-0.9167
1.19581
-6.5632
0.7622
-1.02158
-2.73495
1.7848
1.1994
1.45455
-0.1465
0.04023
-1.05368
2.0239
0.01679
-5.20507
-0.90974
0.00444
0.3245
-2.01974
5.3333
-0.9178
NA
-0.03894
1.7291
-0.575
-0.4887
2.2488
NA
NA
-0.8081
1.46041
1.2283
-0.7492
0.1465
NA
-0.13484
0.28119
0.2571
-1.53816
5.746472
2.811
0.4597
-1.9805
-0.2428
-0.5653
-0.69562
-1.0435
NA
0.26317
-0.32209
-0.84534
NA
1.8133
2.2664
1.64544
-2.78884
-0.1447
NA
-2.7656
0.8641
1.41356
-2.4686
0.59481
0.0901
-1.1683
0.5216
3.2653
2.52
3.5796
3.3484
0.654179
0.12187
NA
1.4586
1.1652
-1.3671
-0.53979
2.12022
1.2751
0.9352
0.0901
0.3592
NA
-1.22131
0.26267
-0.927
0.32942
-0.8452
9.0983
-1.1787
0.20913
-1.297
0.64031
2.24664
NA
3.1231
3.8885
1.2694
1.7543
-1.12825
0.7735
-1.4618
1.167
1.16251
-3.42946
-0.14523
0.1675
2.2088
0.14993
-0.1571
-1.7002
0.147
-0.7787
-4.3704
-2.49421
1.53734
NA
0.85634
-0.04187
1.49567
-3.9402
0.502
2.65822
0.25018
0.68645
0.60908
1.73709
0.7598
-1.7067
9.9538
-1.3849
0.4145
-0.6818
-2.2008
0.11696
0.00357
0.9419
-3.3598
0.1237
-13.28548
2.31433
1.7139
3.7609
1.3658
2.44009
-1.7166
0.61905
0.17487
-2.5543
0.80413
NA
0.757
1.8012
-0.98191
-3.4068
0.6269
0.79063
0.45962
-4.26969
-3.3581
3.4276
1.5456
-0.7431
-0.28314
1.54404
-3.9972
-0.74778
-1.6999
-4.53511
-0.181
3.69535
1.4018
0.3209
-1.51789
-1.01644
1.4696
-2.73687
-9.1746
5.5161
NA
-0.6291
-1.1573
-1.7154
-4.5098
-0.2107
1.2664
3.35754
-1.5164
0.2879
-1.24675
-1.8059
-0.6351
8.0824
0.7403
-0.7249
1.92685
-1.0769
0.63721
NA
-0.5476
2.97783
-1.98
-2.02082
-1.4095
0.0899
-0.81013
0.37532
5.56015
1.2025
-2.1986
1.1654
2.2955
1.0581
0.4463
-0.9715
NA
0.9406
2.7958
3.00187
-1.43538
-1.00032
-0.5247
0.2649
0.9785
0.7214
1.3461
-1.8808
-0.8414
-2.671
0.61858
2.0051
-3.9453
-0.0576
0.32143
0.4464
-2.4709
0.807
1.3339
2.85667
-3.0554
0.87328
-2.9718
-1.30561
-1.96223
-1.4233
-0.00943
0.8562
-6.27998
0.44904
1.2649
NA
-0.0754
10.5617
0.64997
0.0207
-3.9488
-0.0632
NA
0.5881
-0.7205
1.05942
-2.51232
0.3841
0.1244
0.2398
0.8023
-0.99187
-0.993
2.6199
-0.3655
2.745
4.13926
1.504
-0.48187
1.3682
-2.6501
0.6362
0.25318
NA
0.8212
-1.8039
-0.864
1.5409
-1.76311
0.0107
-10.1146
0.14571
0.1309
-2.1316
-0.048
3.34578
-1.32536
2.42
4.98491
-3.3846
-0.9484
0.279924
-0.7218
0.447
NA
2.5071
0.2431
2.3193
2.8746
-4.1448
1.5525
-1.297
-1.5564
-0.19051
-0.53875
0.436
-2.9165
0.3709
-5.11299
-0.90461
-0.1763
0.25924
1.28156
NA
-3.1365
1.9217
1.6284
-2.52692
-0.489
-0.1716
0.70854
-5.0624
NA
-2.48741
-0.5814
3.8361
-8.33744
1.0819
-5.89
-0.0665
0.229
-1.1294
2.77833
-1.8012
0.4838
-3.64199
-2.1479
-0.07572
-7.74828
-1.9044
1.5411
1.0301
1.341
0.00904
-0.86907
0.16558
8.9455
0.9789
2.6456
-2.1258
2.41758
-4.1971
-1.9217
-1.4244
-3.6429
1.66319
-1.309
-2.25607
-0.32958
0.1976
-4.02054
-0.4478
-0.5929
1.42355
4.14411
-0.0754
-0.8826
-1.83992
-0.81238
-1.9919
1.49211
-2.55278
NA
-1.9891
1.4927
-0.1595
-2.3844
0.93755
-0.04855
-0.0285
2.0026
-0.23403
-0.8634
0.6917
0.6466
-3.55344
0.5579
-1.42769
-0.1231
-3.1613
2.4208
3.60586
-3.0377
2.29207
-10.039
-0.5797
2.55365
0.1721
-0.7042
NA
1.15904
-0.93254
-0.18217
0.8203
1.79
10.1889
-3.03275
0.63603
-5.1836
3.8046
1.0545
3.8043
3.927604
-0.01751
-1.5656
-1.772992
0.0953
1.0133
-0.01798
-0.846163
0.188285
0.1727
-3.4323
-0.93691
-0.2455
-0.6312
-0.1149
0.60635
-0.3143
0.02402
0.6817
0.1085
0.0472
-2.32288
0.04161
0.3608
0.2189
-0.7146
0.14122
-2.8497
0.6237
-2.25896
0.873005
-1.87679
3.31439
-1.46355
1.165216
-2.50078
2.0342
-1.77859
4.4244
-0.32418
4.50038
NA
-0.27506
-1.6145
-2.8943
-1.3673
-0.65405
0.9848
-2.993
1.47714
-0.39112
-1.2345
-5.8388
-1.03827
-1.53578
0.0891
2.0342
-0.4411
1.1972
5.505698
-0.28436
-2.1706
0.848345
-3.2465
1.755319
-1.285873
-1.0004
-0.870852
-1.7213
-1.0301
0.4549
1.2864
0.18934
2.1722
-2.3762
-3.6761
-4.3723
0.94068
0.235
-1.47067
-3.16509
0.2283
-4.36497
0.000427
0.57964
1.0887
-0.05031
0.5038
1.4706
-1.6786
-0.986338
1.025797
0.483
-3.813693
1.4448
-2.10422
-0.08376
-1.3209
-2.56676
NA
3.0741
-1.67934
-1.09276
0.07164
-0.51498
0.1542
1.4706
0.53616
-1.8939
-2.16551
-0.65277
-4.3723
3.5512
-0.7455
0.0092
-1.8046
3.3203
-2.8955
0.613232
1.9926
0.0698
1.54238
-0.099287
4.086366
2.121088
1.8179
-1.0123
-1.809
-1.8193
-0.5136
3.25306
-0.12833
-2.5223
-1.2913
-0.1775
-0.74629
-2.8822
-1.4266
-0.59933
1.00204
-0.7135
3.68554
-0.23862
-1.58503
-1.1869
-0.63948
-0.4071
0.6154
-0.8655
-2.12545
-2.0966
-0.46383
-0.3564
-0.21146
1.77483
0.3571
-0.6391
1.48746
4.87993
0.149486
2.0465
5.49016
0.44386
0.8973
0.9762
-0.2155
4.431
2.2993
-0.1835
1.73581
-6.41366
2.13931
0.26092
0.90466
0.76278
-0.28471
-0.95323
3.03367
-0.09999
-0.5016
0.314
1.94614
0.65001
-3.84124
-0.1068
3.49335
0.87381
-1.0965
-1.76498
2.45167
0.7357
1.68089
-0.199
2.3867
0.9343
-2.1194
1.21603
1.2294
0.7014
-1.778
3.2847
-1.94538
0.63938
-1.13771
1.44998
2.65499
-1.1041
0.8047
-1.2734
-5.20988
-1.60399
-1.4259
-2.0874
0.29553
0.1824
0.8693
4.4686
-2.54907
-0.61461
0.53724
0.808
0.04824
-1.6296
1.4994
5.0557
1.73297
0.296
0.5792
-3.0624
-1.1396
0.1754
1.7175
-1.6341
-1.9702
-1.6801
-1.0192
-0.2762
0.1618
0.2881
-1.3266
1.72761
-2.6827
-0.9391
0.28614
-1.5242
0.4375
0.9775
-1.2595
0.4764
2.1745
-0.4846
-1.3602
-0.0141
-3.4169
-2.0364
3.7906
-0.1673
0.9768
-1.297
0.4811
0.0474
-3.5259
-3.1598
0.7512
-0.7556
-1.6143
-1.5866
1.1805
3.9555
0.3672
-3.4886
0.1217
0.76818
-1.0317
-0.82472
0.0567
-1.9075
0.0998
0.9462
-0.7629
-0.2722
0.16578
-1.64
-2.3931
2.5747
1.8345
2.3162
-0.0374
-0.8743
0.1332
-0.7843
-0.8794
-2.0901
-2.97818
-0.721
-2.5884
-0.59378
-2.81704
0.13898
-0.94715
0.6284
-2.1935
-0.28642
0.50866
2.18731
-1.4018
0.2628
1.08506
-0.4981
0.14269
-1.8106
0.7531
-2.1187
0.7049
-1.31166
-0.11095
-7.2803
-2.13407
0.3553
-1.60781
-1.32073
-2.3505
0.06486
-0.611
0.9867
1.09006
-2.30954
0.22899
0.46505
1.58991
-1.2335
0.8141
2.07283
-1.6689
-0.155
0.31751
1.5915
-0.4484
-2.3679
1.81989
5.86586
-0.1045
-2.43108
1.2098
-1.55952
2.1959
0.05672
-1.3515
0.27755
1.0898
0.5188
-1.50019
5.8426
0.1105
1.99219
-2.3295
-4.1586
1.11205
1.5243
-1.1049
0.54996
1.2218
1.60233
1.4823
-1.55796
2.0102
-5.6581
-6.4336
-1.49486
0.52102
-1.3671
0.84908
0.7352
-1.37126
1.3524
-1.7267
-5.6581
0.23384
2.7887
6.4912
-5.9672
4.16253
0.89246
-1.50973
0.0406
2.8061
-0.0859
2.8113
-0.8624
0.434426
-0.9588
0.5579
0.29705
NA
-1.12154
0.7901
1.66277
-1.54799
0.258076
0.2
0.68201
-2.79036
-0.80714
-2.38133
-1.22674
1.97626
0.3776
0.33041
1.1815
-1.76311
-1.1351
-0.3071
0.27714
-0.00503
9.44721
-2.96919
2.25111
-0.62882
8.57149
-1.25455
7.81224
0.71374
-0.84483
-0.64727
-0.25293
0.16794
1.45634
1.2996
-2.1618
1.03862
1.1378
-1.83781
0.12599
-1.68591
1.80431
-2.6977
0.2094
1.89682
-1.3979
1.31116
-1.0226
-2.1147
2.576699
-0.8633
-3.33489
1.41227
0.3327
-3.7732
0.83274
2.8025
1.98389
NA
1.33517
2.2579
0.74126
-0.459
3.43975
0.58598
0.10247
0.81927
-1.55492
-0.9872
0.4
0.24746
-3.38066
-0.00989
-2.4282
1.0934
9.998
0.6246
2.42
-1.16053
-2.05581
0.25364
-1.15223
-4.21676
NA
0.8924
1.2344
2.1433
-2.3844
5.14752
0.36702
11.0895
-0.09305
-1.02543
5.06948
-2.42368
0.68278
-1.64607
0.19119
-0.13684
NA
-1.87583
1.9915
5.46639
0.4704
-0.4802
0.7754
-3.6271
1.01518
0.29529
0.05031
0.4456
3.43712
-0.57993
-0.2766
1.81034
-0.4308
0.79075
-1.30958
0.7413
1.4176
-0.56487
-0.6738
-1.3031
0.63775
1.7492
-0.51966
-0.36157
4.2473
-0.4064
-1.4659
2.42232
-0.01743
-0.52177
1.2781
4.02079
0.21224
0.4808
-0.1994
-1.02782
-1.255
0.741
0.23819
0.3363
-0.01144
-0.4689
0.8519
-0.16636
-0.3347
2.75714
0.7614
-2.55605
-0.07362
0.71385
0.7836
-2.06379
2.3417
1.33382
-0.1857
-1.7939
-2.2764
-2.18505
4.0598
1.1981
-4.88094
0.7744
-2.13542
-1.1253
-0.21182
1.34376
0.68344
0.98277
1.1461
0.323623
1.25803
0.52095
-0.9444
4.9529
0.120667
7.0396
-1.2254
-4.3329
0.2139
2.09736
1.0637
0.78746
0.70829
-4.22196
-1.8128
0.08681
2.1352
-0.136
-0.34774
0.8942
1.5981
0.5468
-2.37848
1.473543
NA
0.08663
1.3801
-0.0286
-1.32921
-2.4197
-1.4794
0.8112
-1.1656
2.0371
0.4008
-0.7887
1.3459
-1.3437
-4.5694
0.05718
0.56084
-6.0006
-1.05118
-0.92472
-0.0258
0.2547
-0.49738
0.4005
NA
0.21959
-4.6507
-0.8955
0.85201
0.56298
3.0624
-1.3961
-1.9805
0.36059
2.7219
1.5701
0.00452
0.84542
-3.7746
-5.80908
-0.0954
0.2254
0.5958
0.4434
-0.395
NA
1.0261
3.38512
0.8921
0.406
6.5244
1.1364
-2.189
0.0226
-1.146
1.0646
0.6913
3.8645
NA
-1.11947
-2.769
-0.8978
-0.1166
-0.8813
-3.4185
2.1435
-2.85851
-0.9211
-1.8581
-0.35154
-1.10153
1.96941
0.5247
NA
3.0574
NA
2.38393
NA
0.9146
-1.1175
1.6363
-4.6136
2.3468
2.28443
1.8934
-3.28104
-2.37338
-1.5254
-0.07963
3.54416
0.48718
0.68098
-1.0165
1.28353
-2.0242
-0.16618
3.5192
-0.1891
1.00978
4.6
-0.334
NA
4.01014
-0.9783
-5.3009
-1.698
2.5704
3.92781
-1.41781
-1.73938
-4.4638
-2.6259
4.783
0.19897
0.872
1.7067
-0.6792
2.54988
3.46898
1.76641
0.7125
-2.5938
0.7985
-1.3347
1.74099
0.150548
-3.04693
-1.53333
0.4065
-0.69551
-1.3355
-0.9509
-1.7032
-2.13344
-4.63084
-5.9996
0.665
NA
1.5037
-1.1133
-0.46266
-0.14915
-1.49942
1.4664
-1.499401
1.5988
-0.690789
3.19292
-0.3258
-4.2979
-3.3832
-0.2042
4.431
-4.4242
-1.0164
-3.02036
-2.20596
4.35741
0.6556
-0.087
5.3379
-1.2379
0.70182
-1.2288
0.2099
-1.2015
-0.0898
-5.53633
NA
0.75649
2.0706
-2.6788
1.31652
-0.7666
0.04781
-3.21943
0.01593
0.22314
-0.3984
1.8712
2.4557
3.07263
-1.0118
1.3933
1.1502
3.6798
-2.40367
-1.5242
-0.8476
-0.8041
0.7829
-3.3252
-0.27688
1.7533
-2.4474
0.03097
-1.31202
6.0963
-1.5743
-0.6417
4.3783
1.89959
-10.9133
-1.1128
0.31366
-1.6599
0.4613
0.2401
3.086
-2.41236
-2.42944
1.73107
0.4962
1.9875
-1.22743
-0.0655
-1.0692
-0.5737
-0.9125
0.803
0.28206
4.677
0.83831
NA
9.6161
-0.43677
-1.3553
-3.75897
0.253
1.92087
-1.2141
0.8983
-0.4756
0.23229
1.2146
1.00014
0.4122
0.8287
-1.58441
1.28487
0.4148
-7.9239
-3.97484
1.67666
-0.75233
-0.5921
-0.1274
2.05173
4.89332
0.56194
2.9549
-1.6613
-0.17267
2.6773
-2.0318
0.362117
-1.16396
-0.922
4.4187
1.3882
-0.3151
-0.00521
2.26762
1.58
3.1271
0.24911
-2.0252
-4.4216
4.5246
-1.4856
-1.312
0.8828
-0.27916
2.7671
-0.1989
-0.6196
3.4234
-0.07789
3.3867
0.22489
0.12922
-0.1929
0.4496
1.7829
-1.86131
-1.91864
0.01731
2.96782
-0.2098
1.1318
4.77232
-2.1715
-0.1337
2.21467
8.2137
1.3877
0.15553
-0.1796
-0.3588
NA
-1.7237
NA
4.4116
2.88565
1.12779
-3.8468
0.0447
0.20294
0.19411
-1.309609
3.40533
-2.5621
0.57479
1.5845
-0.464
0.46619
2.45132
-1.1793
-3.3106
1.4147
-2.173
-0.84525
-0.64746
3.441259
-0.79112
-0.984
-3.8033
1.9189
NA
NA
-0.8081
-6.1747
-1.6549
-1.9879
-4.43333
2.1958
1.9432
-0.9597
4.045101
-0.7432
0.7222
-0.7553
-1.997
-0.5698
-2.7046
3.0265
-0.6078
1.09136
-0.7352
-0.7561
1.7132
1.75912
-1.69746
0.257
-2.03425
4.5944
0.42017
