6.29234
0.4483
1.4924
0.2625
-1.0727
-2.8871
1.7619
1.0134
5.9187
0.0938
1.4328
2.0167
-0.5498
0.064
4.8868
-0.9716
-1.985
-1.0963
0.13388
0.8087
-5.434
0.0649
-1.965
-0.7994
1.3097
-4.7334
0.152
-0.8163
1.0715
0.7163
3.0374
-0.897
-1.9067
4.52872
-0.54983
1.886
-0.13337
0.1641
2.7359
-0.3905
0.4496
0.60332
0.9293
2.7083
0.1402
0.3093
1.576
1.2922
-0.5108
2.30743
-0.3979
-5.4634
3.8352
-4.26307
-0.9378
1.8827
-0.0784
1.7064
0.4602
4.9922
5.96455
1.0864
1.8091
0.6944
1.158
4.8339
0.76171
-1.8103
0.7617
-0.6036
-0.912
4.42912
3.71543
-4.3342
-1.2699
NA
-0.78044
-10.9408
1.4367
NA
-3.4174
0.5526
1.16117
4.09363
-0.606
-0.6688
0.9458
-0.30875
0.0162
1.3592
-0.5209
1.3117
2.10551
-1.6521
1.7592
0.1857
-0.5153
1.3711
1.985
3.64964
-4.23
-0.1842
1.24667
1.1927
-0.3753
0.4021
0.02937
0.71653
-2.238
-0.4574
-0.604
-0.13791
0.77452
0.997
-2.59924
0.8333
-2.9997
2.1648
-0.19089
-0.38276
-2.59887
-1.1824
-0.3122
4.9481
-0.3673
1.2402
-1.2888
-4.5952
-1.922
0.58957
0.3686
1.319
-0.31743
-1.26777
-10.0204
-6.3657
4.9678
1.2907
0.4929
3.0211
-1.1019
-5.0111
-0.2692
0.78195
-6.1935
-2.73042
1.349
-0.2519
-4.7126
-4.0167
0.67285
1.0319
-4.4698
0.04
2.01592
0.02304
-2.82494
-2.6572
0.1008
2.25939
NA
-1.7689
-17.0523
1.1705
-5.9385
0.8554
-1.0544
1.2419
-1.1467
1.5971
1.0402
0.6848
2.8176
0.2677
1.0432
1.2777
-2.8669
1.4378
2.0398
-1.1024
0.3146
0.5156
1.3777
1.7185
-2.63876
-1.0945
-0.5055
-1.8523
2.2577
3.2889
-0.13883
2.8255
-0.54492
-0.79611
1.5031
1.3953
1.0509
-0.3746
2.1086
-1.6708
-0.95324
-1.82741
0.0435
-0.803
0.31233
2.335
-5.5005
-0.0472
0.5735
-0.9974
-3.80825
-0.4892
-1.3554
-2.3924
-1.8626
0.16256
-4.782
-2.5128
-1.9326
7.1836
-1.8807
-2.33623
-1.84532
0.2961
2.0625
0.75086
0.5366
1.59285
1.58747
0.11919
1.7932
0.9586
-0.42855
-0.2718
0.76424
-1.3259
-0.28015
-0.9588
-0.42
-0.9315
-0.87185
2.2176
4.1198
-0.12644
1.7171
-0.2478
1.8581
-6.34489
-1.51811
-1.6075
-0.5717
-0.1677
1.0768
7.7008
1.0367
-0.1384
-1.3264
2.8365
-0.46979
1.9384
-4.1446
-0.3444
-0.3352
-1.3978
0.3045
2.2555
0.5848
-0.2038
0.4597
-0.4602
0.82359
-2.51193
1.323
-0.48963
-2.1628
-1.3038
0.5566
2.1828
-0.4093
-2.9761
-0.1848
0.55
-8.1923
0.75285
-4.7959
-2.9789
0.7263
-1.5574
1.1769
-1.3783
0.922
-2.47898
-2.1222
3.5103
-4.5653
1.713
-1.1899
-1.04988
-0.4174
-2.7641
-1.3133
-0.88848
-0.94123
3.2847
0.2888
-0.605
2.24034
0.9188
0.0211
-0.80869
1.476
4.827
-1.0005
1.9126
2.2916
-0.3909
-0.3164
3.40223
4.0749
1.7756
2.3243
5.0858
4.7685
4.7827
0.6275
-1.7136
-2.0193
-0.934
1.3955
-0.1171
-0.0598
-0.2536
-2.8687
-0.2837
-1.14
-2.7294
-1.4494
-1.7233
1.4956
4.9833
3.8745
-3.0472
2.5134
3.4506
0.8529
-0.5049
-0.4153
-2.6589
3.1995
-1.7948
2.0506
0.0131
1.0329
1.0854
-1.1849
-0.3655
-0.3035
2.0132
-0.16
0.887
-1.1672
-0.1489
-2.7032
0.2944
-1.3501
-2.2024
0.5055
1.022
1.0852
-2.27
0.0986
3.4436
0.4232
-0.9289
-0.0254
-1.2734
0.6827
-0.7641
3.5144
1.8991
-1.5035
-0.904
-2.1827
0.1967
2.5465
2.0109
1.2898
3.9282
-1.3843
-0.9001
0.8764
-1.6283
3.07556
1.09037
-0.163
-0.0736
-3.1326
-4.5273
0.0238
0.036
-0.3141
1.5764
-0.8306
0.93
-0.8638
-0.9366
2.0335
-0.0861
-0.0862
-1.6502
0.663
0.6108
-4.8672
-6.412
0.6966
-0.3459
0.0814
-1.1964
1.875
-1.9904
0.0586
0.5396
1.1137
-1.3935
3.605
8.5422
-1.078
-8.3366
0.6418
1.5708
0.2955
-0.6506
2.1714
-1.5226
-1.6225
0.8876
-1.2492
-6.7871
1.11
-0.8929
-1.8207
-3.7073
1.5962
2.2652
-2.0756
0.6589
0.1072
3.1475
-1.8757
-0.7797
-2.2746
1.1927
-1.8867
-2.2121
2.4101
-3.6875
-5.0404
-5.6466
0.0193
7.6387
-0.5469
-1.8526
-1.037
2.218
-0.9017
-2.3442
-0.0542
-1.433
1.2808
0.8016
2.7372
-2.7399
0.6874
1.0818
2.8049
-2.5815
-0.4286
-2.3321
-4.1455
-1.0578
-2.1583
-1.3489
0.0953
6.4573
-2.146
3.4388
-5.7055
-0.9033
0.60876
-1.0785
-1.7526
0.63686
-0.00146
-0.03376
1.06363
0.06641
-1.67576
0.4014
2.8735
-9.0892
0.4131
-1.7981
1.0677
-5.3214
2.3171
-0.4344
0.742
1.9593
1.9749
-1.3181
4.114
-0.838
-0.8205
-0.0501
-4.6898
-0.98908
-0.4755
1.51969
-0.00456
1.1902
1.78618
5.44911
1.63203
-7.24446
-2.12575
2.28492
1.161
-0.80945
-3.25522
-2.1354
-1.486
1.2016
-0.1245
0.97156
0.5598
2.59923
-0.19701
0.3629
1.8562
0.87405
2.43559
-0.43791
2.0588
-0.7804
-2.1715
1.9766
-3.2372
8.8295
-0.8247
-1.9481
0.741
-0.2435
-1.053
-2.4587
0.2121
-1.8498
0.5607
1.523
-2.3451
-0.6689
0.0365
-1.8324
0.1402
-1.9231
-4.2038
-0.4937
2.2021
-0.1436
1.5102
0.3847
-0.5007
1.83231
0.3346
0.62681
2.06931
-1.52731
0.95328
NA
0.20639
-0.51525
12.80229
3.74662
0.69216
-3.74254
2.87883
0.43836
-2.9913
-0.21803
-0.1602
-1.2217
0.6115
1.3621
-3.38281
1.95087
-1.11142
1.38732
-1.7334
0.81452
0.38243
1.19643
-8.6373
1.2464
-1.2938
-0.1879
-2.554
1.1643
-2.2509
3.2466
-0.3288
0.278
-0.456
0.0483
-4.3102
0.0319
-2.1094
-1.2303
-5.1028
-1.241
-0.2731
-0.3771
-1.448
1.2447
-0.3555
5.2176
-1.9432
0.78706
4.09433
0.3886
0.75305
-3.126
3.0887
0.0258
-0.21239
1.74226
-1.70591
-1.6987
2.4734
0.0316
5.27062
-0.8696
-0.2113
-2.34108
-0.2173
-1.8033
-1.22718
-0.7937
3.46233
-0.1804
-0.9915
0.6239
0.49732
-2.1127
-1.064
-1.2567
-1.7721
-0.3746
-1.562
-1.4144
0.92281
0.98672
0.14189
-0.2043
0.3579
1.3257
0.27282
0.1329
2.11823
0.3868
1.43017
-1.5343
-1.2649
-5.89849
1.99483
1.55392
-1.6056
-2.5233
-0.71325
0.34286
0.2669
4.5478
0.6657
1.35073
0.8223
-2.8509
1.8755
0.71247
0.1607
-0.50259
-0.74821
-0.948
0.63391
-1.8773
-1.0739
-1.48732
0.46506
-0.78532
0.519
-2.1987
-1.2415
0.0266
-3.0527
1.4205
-4.176
1.0807
-0.6242
-1.0201
-2.9257
-1.7261
-5.7399
-2.2592
-0.00644
2.84677
-0.91172
-1.6451
0.4459
-0.9033
0.4132
0.2619
1.21227
-0.9102
2.3001
4.864
-2.8348
-3.7604
3.0984
2.88119
-2.7609
-1.50186
-0.93883
0.3086
-2.6521
1.1142
-0.9865
1.95233
1.26199
1.3979
-0.6802
0.4254
-3.6815
0.0238
-0.1204
0.7761
-1.6393
-2.2792
-0.5322
0.4817
-0.4527
1.5026
0.22679
-4.31555
11.1126
0.90866
-2.3947
-0.9586
1.38162
1.4891
-0.2367
1.5015
-1.929
4.47414
3.7691
0.8945
-0.86678
-0.00262
-1.2986
2.239
-2.2853
-5.7165
0.4761
0.2875
0.13644
1.10839
-4.84745
1.4451
-0.29021
1.31805
0.1544
-0.7555
2.1801
-0.9411
-2.9726
-1.1567
NA
2.44202
NA
NA
-0.05022
NA
2.08103
-5.12181
NA
7.3905
3.01171
-0.41852
-2.29554
0.27379
1.8777
0.40616
-1.2287
1.42124
-0.1613
-0.5138
-0.6511
-0.6561
-0.2641
0.2006
-0.2474
-0.1828
1.8749
-0.4359
1.8127
0.7876
-1.1635
1.9374
-0.61995
1.17545
1.49511
0.8492
-0.327
3.2421
-1.0434
-0.9874
-2.868
0.283
1.5081
-2.31411
-1.8113
2.5417
1.48473
1.5963
-0.4019
0.1552
-2.0282
-2.4563
-3.1062
-2.6684
3.2184
-0.6612
-1.0978
-3.85807
2.03576
4.3525
3.0809
-0.1101
-0.2755
0.5859
2.8977
0.8716
2.8708
0.58881
0.67719
0.1114
-1.8744
0.6756
-8.06282
-1.41884
2.1245
2.4129
-6.28
0.4383
1.5835
-1.0986
3.6825
-0.6348
-2.1645
-0.1881
-1.4195
3.06956
1.45449
0.7892
0.6805
1.314
-1.2108
3.9399
2.2324
-1.02468
-1.11378
1.6523
-2.6452
-2.6607
0.0084
0.8134
1.79477
1.9115
-2.2688
2.0034
-1.4745
1.4747
-2.4995
1.51787
0.5774
0.51781
1.1995
14.6114
-1.2164
6.7849
0.8011
0.9473
0.0802
0.3775
3.9413
3.3645
-0.376
-1.1354
1.4379
0.0764
-3.3517
0.7593
-0.016
1.2544
0.8146
3.1388
-0.7053
-2.5003
1.89959
-0.50841
-1.30582
-0.4068
-1.2132
-0.8389
-1.7854
-4.0598
-2.729
-0.6944
0.6809
-1.54859
-0.5732
-0.3845
1.23805
0.5088
-4.31
0.6691
0.8514
-2.8418
0.2648
-0.3408
3.543
1.90095
1.80229
-2.12249
-1.58713
-1.1657
0.26094
-3.03526
-0.0184
-1.9067
4.1025
8.7495
-0.28028
-0.92589
-0.005
-2.3639
1.03921
4.5347
4.5814
0.9475
-0.6155
2.3455
-1.57488
-1.0034
-0.64289
2.2581
-0.4284
0.4628
0.8597
-1.5645
2.46
1.2479
2.5879
2.84688
-3.30432
2.58514
-0.2307
-0.1335
0.9843
0.1455
-0.5219
0.6792
0.97063
2.93928
6.85301
0.8442
-11.9521
-3.6544
2.78103
2.07885
-0.7618
-0.3189
-1.69495
-1.2106
0.58451
-1.513
2.05802
0.5694
1.7524
3.39805
-2.4524
-2.19936
1.1906
0.08878
0.91689
0.63646
-2.6052
0.63
-0.1305
-1.4766
4.92262
-0.3914
0.88637
-0.5313
0.5249
0.76153
1.9847
0.30923
0.14879
1.77126
-4.93498
0.75393
0.82518
2.27514
-0.35395
0.6581
3.94733
1.0115
-0.23909
1.67936
0.0675
-1.5026
-0.3448
-0.5523
-1.1236
1.558
2.2838
-0.1085
-0.4893
1.0389
-2.5063
-0.5193
3.0118
-0.97184
0.397
-1.48425
-2.2531
0.3374
0.2073
0.3671
1.1342
0.8529
0.0269
3.2566
1.5733
-0.3589
2.6585
-1.5113
0.7052
-0.2898
0.1587
2.2589
4.1937
1.872
3.0998
0.2933
0.0078
NA
1.2745
-0.50867
0.755
-0.0035
2.1956
-1.28424
0.40911
1.84121
2.426
0.3213
0.6304
-0.2603
-3.3197
0.90484
5.52423
-0.1664
-2.24585
-0.56441
-1.09437
6.2443
2.9176
-2.3886
0.29074
-0.97479
1.436
-1.03264
-2.0224
-3.1115
-5.7295
-0.79107
0.8043
9.33366
0.0544
-0.8228
-1.66865
-0.6593
-3.1258
-0.6966
-0.46231
-0.2723
3.5677
3.3483
-1.9454
-0.8504
-0.4334
-0.5667
-1.2058
2.521
2.211
-3.7289
1.9822
-2.1043
1.5377
1.0416
-0.9733
1.7707
-1.1722
-4.4462
2.8362
3.5939
-2.4839
0.4418
-0.433
1.3739
-2.9753
-0.8587
-0.6541
-10.9001
3.4549
1.2175
-3.0884
-1.743
-0.4814
-0.6129
-20.1133
1.206
0.5597
0.4187
0.5545
-2.9571
-3.0338
-2.5963
-1.1105
-0.4277
-2.9945
-2.3855
-0.8925
-0.5651
1.3043
0.167
0.3743
3.5724
-2.067
1.8264
-2.6896
-0.9406
-2.1839
-2.97902
1.6094
0.7537
-1.8583
1.4341
3.1439
0.3726
-0.7535
1.83067
1.69758
-1.818
-0.7288
0.44458
-1.32598
-0.17232
2.50485
-0.53742
-0.3866
0.1212
3.9267
-0.4708
1.55677
0.9764
-1.62448
3.115
1.28872
-1.0987
-0.09736
-0.81213
0.21658
-1.30656
-19.0008
-1.78801
0.5777
-0.82334
0.34707
-2.06955
1.7165
4.67797
-1.64203
-2.198
0.64526
-3.22639
0.88162
1.19485
0.87228
1.06356
1.71289
-0.54288
0.45128
0.94178
-1.37074
-3.85034
0.21266
0.99664
-1.7604
-1.21916
-1.7659
4.432
5.2198
5.5402
0.1689
2.2155
1.589
1.6496
-0.5237
-0.0833
-0.8023
0.4789
0.26236
-0.98512
-0.32445
-0.09692
3.91938
-2.1715
-1.2219
-0.21372
3.81965
-1.06555
1.04363
-0.3519
1.67889
NA
1.67236
1.31814
NA
-1.8548
NA
NA
1.71299
-1.26995
-1.4678
2.3593
4.83718
2.1048
0.195
-0.49605
-0.75326
0.8076
5.6648
-1.1726
-2.50036
-3.1058
1.4924
1.961
-1.4853
-0.3194
0.2708
-0.3577
-2.2232
-0.4201
0.4653
2.5931
0.2571
-0.0199
-0.3211
-0.3617
-0.6257
0.4901
-0.4774
1.7496
0.7524
0.5093
0.9099
1.12835
5.1719
0.15331
0.8894
-1.76269
-1.99944
1.77881
-0.91637
-0.21142
6.2631
1.1201
-0.9651
-1.1501
-1.13109
0.97859
-0.27966
-4.3885
3.98976
-2.22971
-2.2924
-5.3486
4.03846
-2.3954
-0.09463
-0.5928
-2.44156
2.2442
-3.7772
1.52108
-2.0689
-4.1031
1.34752
0.31781
-0.2067
4.9218
3.11477
-0.0456
-1.64562
-0.7949
-0.31523
2.2279
2.1842
0.96855
-1.40113
1.6254
-0.7721
-3.68258
-1.2904
-0.3509
-0.84667
-1.08394
1.54282
-2.9241
-0.37657
-0.4334
0.50814
1.21439
2.6029
2.2221
1.407
2.8967
-0.60731
-2.4763
1.70123
1.3354
0.43159
0.71489
1.9366
-1.7211
-2.05093
-2.17662
0.1716
-2.46831
-2.50439
2.7784
1.73761
-1.7664
-2.9052
2.79803
-1.1591
4.1928
-2.0685
2.27834
-0.36956
0.3675
-0.3414
-3.5941
0.7796
-0.6188
0.6346
-0.5894
-0.8497
3.4344
0.22956
-0.29945
-0.7818
0.7185
-0.0875
-1.7085
-0.2334
0.9559
-0.4496
0.4855
1.5872
0.67356
3.7985
-0.7178
-0.5086
3.5388
0.8027
-0.19892
-0.45253
0.17364
0.62939
1.0063
0.3783
3.2274
-0.1092
-0.4323
-2.7602
4.791
-0.70836
-0.6092
-1.24801
-0.2091
-2.2431
0.3235
0.2959
0.6271
-0.6662
-0.3637
-1.5284
-8.56829
-2.88476
3.3041
-1.0071
1.5195
2.048
2.1364
1.843
-2.1401
-0.4523
-0.1626
2.1265
-1.9848
-1.1366
0.675
4.88792
-2.3223
-1.06343
0.0838
NA
-1.4379
1.0069
-0.3421
-1.2417
NA
1.8791
1.14869
0.2976
2.6798
1.1798
2.0303
2.1204
2.1355
1.08044
0.1847
-4.6413
0.331
-0.6236
2.6411
0.35849
0.14825
2.88691
-2.868
-0.3656
4.57149
-4.4543
-0.50206
2.0326
1.3543
-5.12
3.7478
-4.89614
-0.33969
0.3524
-0.3729
1.1457
-0.55912
-1.1259
1.444
0.7976
-2.0802
2.0125
-1.8735
1.8329
0.3976
0.8892
-1.0571
0.2505
2.0213
1.3548
0.0591
6.4132
0.9755
1.0989
-4.0656
-2.7381
-2.2924
3.90138
3.1436
2.68662
-3.7797
0.3104
1.376
-5.97394
-2.3871
-0.4495
0.1916
0.0905
-1.7162
-0.1834
0.1252
-2.21997
-1.9782
-0.6611
-0.1045
-0.5584
-0.084
0.08344
0.5275
-3.1508
1.9728
4.1839
NA
4.79724
2.2549
1.7335
0.5138
0.6545
0.3706
3.46827
1.26936
1.80056
1.0672
-0.08811
0.6297
-1.70894
3.15818
-2.5534
1.99976
-0.90716
1.91052
-1.19696
0.65534
-7.71431
0.35681
2.23527
2.4538
0.52305
2.02946
-0.7763
-0.6706
0.4623
-1.07521
-2.31874
2.37107
16.58363
-0.72808
-0.50779
0.4354
0.58024
0.92951
-1.2653
7.38334
-0.7393
5.11381
-2.3591
-4.8682
0.2599
-0.82663
-1.0763
1.7022
1.799
0.2925
0.653
0.2306
-1.72859
3.1121
-2.5636
1.7192
0.30445
0.1155
0.2419
2.3437
1.3989
-0.88122
0.2228
0.6793
-0.52333
3.9322
0.8533
-0.3007
-1.41332
-0.3352
0.067
-2.8797
0.8181
-0.59206
-0.10585
0.8247
0.74796
1.8922
-1.85082
2.21277
0.5145
-0.90586
-0.27325
-3.34147
-0.18965
1.1972
3.2889
0.5262
-3.14029
-1.6809
-3.0502
0.8859
-2.1261
2.5579
-4.096
-0.4842
1.2302
2.6259
1.2998
1.0575
-2.2006
0.7085
4.7096
0.3852
1.5578
3.0722
-3.0369
-0.9756
-0.1383
0.5622
1.7063
1.84353
2.11848
-1.31412
2.22381
-0.5446
-0.0219
2.1446
-0.72775
0.34286
2.0109
-0.6768
-1.3894
0.6006
1.20893
2.01013
1.23193
-0.5433
3.26919
1.3191
0.7275
1.318
0.5054
-0.9934
-1.6156
0.3552
-0.81203
-2.2013
1.8262
0.0149
-4.3611
5.7226
-1.6188
-1.4447
-1.858
-2.1767
-0.0311
-3.1892
0.1389
1.5821
0.3218
0.8472
-1.92482
-3.7724
-2.08269
0.0328
2.9616
1.9669
0.9268
-2.0215
-0.5594
2.4297
-1.0763
3.6761
-1.40546
-1.7472
-1.4066
0.2583
-2.1453
1.13215
0.1092
1.0288
1.9137
5.3592
-6.23718
-0.2894
-0.1527
0.8373
-5.9392
0.6273
-4.4971
-0.5037
2.6508
-2.7818
1.6525
-0.9143
-0.7902
-0.4316
-4.8267
-4.1031
-1.2364
1.445
-10.6802
-2.6284
-0.1072
-11.0032
4.5887
4.3145
0.5699
-3.835
-0.4091
-0.5998
0.7607
0.5625
0.0515
0.46873
5.753
-2.29363
-1.1529
-2.7551
0.2308
-5.1637
-1.2002
0.23634
2.3659
-3.1969
4.2107
-0.3894
0.4008
-0.3119
-1.3941
-2.2005
4.9575
-2.1632
2.06957
-1.60737
2.2599
-2.2925
-0.67859
-0.3588
-0.0998
1.0703
1.6248
2.1774
2.8252
1.0383
0.3775
-4.8755
0.7953
-2.7168
0.8135
-0.2066
2.3443
0.3509
1.625
-0.16245
-0.38082
12.21849
-6.5791
-1.1607
0.17778
0.3252
1.7545
1.0358
-1.5635
1.2576
0.5196
-1.8576
-0.2062
1.8932
0.6024
1.531
-0.3345
-3.902
-2.7863
-0.6498
-1.4206
2.28926
0.2866
2.5166
1.91314
0.6393
-1.4995
0.0435
-1.0305
-0.9505
-1.9702
-0.71136
3.1018
0.1697
0.4235
4.813
-2.1745
1.6444
3.4363
2.0749
-0.4171
-0.78
1.4772
-0.1637
-1.26755
-0.37535
-1.0169
-2.96165
0.7371
0.7046
-0.3374
-1.85329
1.9433
0.8469
-1.7458
-0.69037
1.9494
-0.3576
-3.0519
-1.5905
-2.9988
1.7225
2.82298
0.7603
-3.688
-0.9827
0.05223
1.0265
-0.7543
-0.5744
-5.3765
0.31477
-5.7971
-0.411
2.4328
-0.7217
1.178
0.16958
-2.0788
2.313
2.1536
-0.1218
-0.3074
-1.0836
NA
-0.9802
-2.895
-3.1221
-1.8737
-0.2762
-1.1308
1.11914
0.24266
-0.83447
0.6681
5.9571
0.97373
-2.0022
3.24308
0.7118
-3.1327
0.3639
3.1575
-0.74991
-1.7507
0.17449
0.6582
-2.0265
1.34757
-1.8914
0.7461
-3.93774
0.88861
-0.94223
-2.1329
0.17511
0.5717
-1.7355
-3.5934
-1.3457
4.2386
-0.623
-0.5002
-1.2611
0.0297
-2.05744
-1.78961
2.50241
-0.3255
1.0926
2.4806
5.0515
3.9219
2.8484
0.2983
0.7171
0.7343
-1.0906
-1.4818
1.1533
2.4208
0.7764
-0.4309
1.4276
19.7642
-11.4956
-1.646
3.0997
0.742
-0.4853
-2.494
-0.0145
-1.7357
-0.9313
-4.83112
-0.0429
-1.8334
1.0956
-0.8433
2.4939
0.1097
-1.4285
1.47408
1.8375
2.2077
1.1541
-1.71585
-0.4865
3.3289
1.8241
-1.3878
9.08617
-1.6805
2.66279
-3.1334
-2.0126
-3.6826
1.0266
1.446
0.4013
-4.9721
-0.2209
1.4547
0.60373
-1.5876
0.62092
-0.0172
3.5027
-0.6145
NA
-2.16036
-2.8297
-3.1347
-9.4423
-2.4352
-2.5929
4.5437
1.54336
-0.3159
-1.6105
1.0767
1.5285
-0.6032
2.80823
-4.02217
-0.80082
3.8942
0.3832
2.7181
-3.935
0.464
-0.7538
-1.2922
0.1571
0.8211
3.1436
4.6011
5.6857
1.0947
1.3147
-7.3353
-0.7382
-0.7626
-1.26003
-2.2549
-2.0268
0.4967
-0.7738
-0.17015
-0.8539
0.8979
0.08672
NA
1.954
-1.0514
-1.4496
-0.22506
-0.5315
0.16517
1.11654
-0.4834
-1.60566
-0.084
0.4443
-0.3271
-0.3324
0.2961
-1.9023
-0.6832
0.84095
-1.2782
-0.3258
-0.1413
0.00903
2.0122
-0.2202
-0.1566
-0.5807
-0.88761
-1.34064
-1.0476
0.6199
0.89217
-1.7661
NA
-2.7097
6.29851
1.8219
NA
-0.1423
0.0345
0.1288
3.9472
1.2119
-6.1536
-0.6225
2.71112
-1.965
0.9731
1.03461
0.1565
-0.1081
0.5046
-0.3186
0.113
-6.7561
0.93074
-0.1154
-0.9492
-2.2248
0.7838
-1.9428
1.5351
0.7893
-0.5919
0.09641
1.2441
-0.7478
1.0352
0.9905
-2.0941
NA
-0.4379
3.8754
0.9662
-0.5452
-2.0594
-4.29962
-1.38195
0.2274
1.7634
-3.6566
-4.0493
0.2396
-1.9349
1.17048
1.369
-4.16923
1.69312
0.07489
-1.0253
-4.89309
0.9472
-1.8095
0.8769
0.9337
1.0348
-0.2666
-1.51291
-0.5243
0.0119
-0.804
0.084
-4.8491
0.1165
2.0596
-0.7801
0.7067
-0.5418
-2.3969
-0.9679
1.0129
-0.7452
-2.55468
-4.9742
-0.7324
0.4583
-1.9029
-0.1071
1.6568
-2.3653
-3.2055
-0.5575
0.6789
0.80657
-0.1334
0.42308
1.0618
-1.764
-4.6454
-0.6781
-2.2177
-0.01601
-1.5864
0.2176
0.04992
3.7925
-1.9531
-2.8952
-0.4905
0.7925
4.9975
3.6622
-1.2066
1.265
-1.5469
-0.2358
-1.7416
0.384
-1.35313
-2.0001
0.9258
-2.01298
-0.0335
8.3745
0.12219
0.236
1.6953
-1.8498
1.6417
-1.8876
0.83672
0.1802
-0.1313
-0.7129
1.09
0.1009
1.18617
-0.71637
NA
-0.3181
-0.7213
-2.4084
-2.5471
0.87726
0.0677
-3.2515
-2.2725
-0.79625
1.4965
-0.66563
-0.53997
0.7683
0.1976
-1.7059
-18.9829
-1.0503
2.0934
0.1175
1.2351
-0.6381
0.4137
7.6835
5.1331
-0.8829
0.1831
-0.2442
2.602
NA
1.2994
-2.25751
-7.3851
0.2733
0.4954
0.3918
-2.8541
0.34087
3.6375
-0.3833
-0.4198
0.2569
3.1751
-0.9393
3.9273
2.9992
-0.93595
-4.8551
0.3595
-1.0593
-0.22066
-3.1251
0.5928
-0.8839
-2.7508
-0.1
3.18231
-1.4811
0.351
-4.9552
-1.0636
-0.1839
0.5561
1.2326
-1.33347
12.2518
-0.9319
1.2026
-0.58724
1.5832
1.94943
1.0388
-0.485
2.65503
0.8597
0.6895
-1.514
2.60113
-1.34154
1.023
1.0317
NA
1.7729
-2.9731
-3.9772
-1.27873
1.2545
-2.14174
0.7364
0.7639
-0.3565
0.1759
-1.738
-0.4573
1.2296
-0.0877
1.1883
-0.52084
1.0974
0.2919
-1.3482
-1.2212
-3.5369
1.3068
-3.4539
-0.8189
-1.6335
3.0144
0.8738
1.2544
3.1667
-2.1761
-0.43634
-2.3202
-1.0994
1.2331
-1.1588
5.3056
NA
0.3851
-0.0737
-2.1663
-1.0676
-5.3092
0.95872
-1.3365
1.2596
-0.2875
0.5178
2.8265
0.8462
-1.8455
NA
0.1792
1.40141
-0.4481
3.1873
-1.93319
-0.00485
2.34733
1.1619
-0.2075
-3.7555
-0.4034
-2.1383
-0.1261
0.7228
0.4517
0.6332
1.2645
2.3498
0.46546
-0.7081
-1.3999
0.4992
1.98912
-3.63685
0.302
-1.1069
-0.0311
1.5855
-2.9377
0.43857
2.1877
-0.0673
3.1071
0.98327
-0.6586
0.02391
-1.1477
0.97942
1.0476
5.5414
-0.412
-1.2917
0.3494
-0.1911
1.1765
-0.0177
-3.24888
2.1928
0.99385
0.72904
-1.5004
2.0398
-5.4394
-2.2342
-0.5712
-0.1879
-3.0029
-2.243
1.6372
-5.9889
1.1975
-0.7127
NA
-0.01005
-3.0006
-0.00883
0.4977
-3.77629
-3.09603
-0.30048
-0.0899
0.5652
-6.77866
-1.60243
-2.3014
0.6287
-1.2988
1.9148
5.38152
-3.0232
-0.5037
2.26086
1.8397
0.56402
-0.2741
-7.05227
4.5716
-0.9167
1.1467
1.0469
-0.373
1.92202
-1.1689
0.1242
-1.75116
0.28059
-1.19756
0.0869
2.3631
-0.79768
7.27433
2.4073
1.84614
2.7256
2.7757
-2.1065
-1.05417
-1.9918
-1.76909
-2.6293
-1.1172
0.21783
0.56178
-4.24313
-0.16558
0.7373
0.13869
NA
-1.5724
3.16628
NA
NA
NA
NA
NA
NA
NA
NA
NA
NA
1.3915
NA
NA
-3.0613
NA
NA
-1.6704
NA
NA
NA
NA
-2.0667
NA
-2.0624
NA
NA
NA
NA
NA
NA
-0.1781
-0.4625
0.36584
NA
-2.66094
2.5733
-0.0517
0.12041
-0.2972
-8.2473
-0.0233
-0.7401
0.7807
-2.2178
1.61893
-0.0738
-1.18931
-1.5267
-5.5241
1.0096
1.3117
-0.5369
5.5697
0.7101
1.7958
-2.51273
0.4737
0.21937
-2.0344
-2.4779
0.7548
NA
NA
NA
-0.2048
3.3057
0.0818
-0.9745
-1.457
-0.88733
1.36135
0.3451
1.6219
-0.8754
-0.738
-0.1922
-0.0463
0.9214
1.2156
0.7938
0.4206
-0.268
3.01682
-3.425
0.9166
0.7442
1.83985
2.9015
1.6675
0.27838
1.34766
-1.2863
1.8155
0.9118
-1.58664
-1.50156
-0.8803
3.6222
NA
-3.0848
NA
2.0003
-1.1226
0.7274
-0.3324
1.6219
-0.0361
-0.71939
-1.5035
-1.74161
-0.5906
0.0706
1.684
0.3267
-1.9014
-1.9555
2.11
-0.03065
-0.7087
-2.6774
0.07614
-0.909
-0.274
-0.2855
-3.7772
1.758
0.6726
8.1777
-0.0633
-9.378
0.51371
-1.6441
-1.2062
1.5141
-3.18554
NA
0.4917
0.66589
0.2202
-2.6287
3.6007
1.36409
-3.5952
0.51414
-0.0429
-0.0424
-3.9007
1.1704
-1.7182
-1.713
-1.4457
3.593
-0.087
1.19911
-0.51954
-0.0264
4.9573
-2.2322
0.5731
-0.6437
1.88805
-4.9817
-2.77063
-0.6614
NA
-1.0125
0.71815
-0.5568
-1.1668
-0.1015
1.1537
-0.0886
-1.5131
-4.0592
-0.7049
-0.8471
-2.3274
0.6516
0.7923
NA
0.06
-0.2598
-6.7075
-1.04753
-1.8732
0.3059
1.4747
0.3097
-4.03699
0.7553
2.5544
-0.1793
-0.47416
2.8022
-1.33437
1.222
NA
1.9406
0.8533
-0.61683
-1.0114
0.4826
0.4523
-0.77365
-0.3966
2.3023
0.60493
-2.4635
1.08875
2.12538
0.6037
-0.5253
-1.0254
-1.32462
-3.06477
-1.85853
-4.9158
-1.7173
-0.15145
-0.1062
2.2838
-3.52147
-0.27991
0.9125
0.8917
0.2192
5.476
-2.1604
0.1808
1.12262
-2.03326
-1.3635
1.22549
-2.7983
-2.6426
2.6276
-0.23332
0.53204
-3.3085
0.2979
0.4319
-1.0599
-0.061
-0.9136
-4.5925
0.6178
3.4718
-2.26268
0.63718
1.6332
-1.6106
-1.2346
-0.27484
-2.6832
-0.30477
3.2497
1.55992
0.3944
-1.3743
-3.29172
-0.00419
0.11903
-2.8877
-0.25012
-1.29771
NA
-2.61021
-1.29158
2.0465
0.6207
3.3914
1.2158
1.872
0.1863
-0.299
1.8496
1.9878
1.54364
1.3482
0.07257
0.1091
-1.50606
2.95289
-1.0682
-1.0825
-2.989
0.4459
NA
0.1232
-0.39537
3.6845
-0.0688
0.6375
-1.0735
4.1116
-0.6044
-1.48765
0.15633
1.28058
-0.47641
0.398
0.909
1.1116
-5.2663
-0.59025
0.2148
1.4024
0.267
-2.3472
-0.89293
0.3834
-0.0151
-1.2072
1.3384
NA
-0.8081
2.4671
-1.699
0.6107
2.5256
-0.8598
1.31953
0.1765
0.3926
-0.47009
-1.8839
-0.2898
-2.8325
-2.9761
-0.44995
0.299
1.91132
-1.0413
-0.4421
NA
-0.53604
-0.3408
-0.9445
NA
2.306
-2.77761
-2.41797
-1.659
-0.7636
1.6609
-1.2875
-1.58412
-0.2741
NA
0.73839
0.2213
1.77645
0.1075
-3.42259
NA
-3.0242
-0.34488
2.5884
0.0399
1.29348
-1.3671
-0.8993
1.6544
0.02579
0.0994
-1.0149
1.9409
NA
1.53178
-0.43863
0.3078
0.70997
9.6161
-1.1963
-0.7672
0.7209
NA
1.2024
-4.66779
0.9066
0.0815
2.2023
-1.6988
-0.2333
-5.3919
-3.0678
1.22293
NA
-0.414
0.0723
-1.7998
3.979
1.34437
0.8878
-1.4361
9.9538
1.5452
-2.4555
-0.7885
1.9414
0.337
-3.2155
2.1658
-0.55246
-1.186
-2.1123
-0.3296
0.6433
0.2459
-2.2325
-4.94708
0.7118
-1.0929
0.6269
-0.765
0.19429
-0.53674
-0.3302
1.16332
-1.431
1.4578
-0.17887
-3.9897
2.15376
-3.579
-0.4872
-0.2027
5.5161
NA
-0.9886
-2.8584
0.5467
-2.4023
-1.29365
-0.5279
7.7041
2.38251
-1.4826
NA
-2.38928
1.829
0.39633
0.0651
0.8566
2.092
NA
-0.68239
0.54202
-0.2373
0.66885
0.4816
8.8185
-0.43837
-1.5742
-0.8939
-1.46978
-0.13001
-0.0917
-0.1761
-0.7157
1.49963
2.4724
0.1652
0.7501
-0.299
-4.62433
-2.6559
-1.88358
-1.2916
15.18338
0.6697
-3.0607
-0.10688
-1.01058
0.5292
-0.0873
3.863
-0.75134
-1.8877
0.7957
2.93586
NA
0.9021
-3.7433
NA
-1.6188
-0.1312
2.9557
1.77131
0.3841
0.1244
0.7118
-0.267
-0.87903
-4.1444
0.3279
7.7964
-1.9825
1.2779
0.38648
-2.6501
0.5526
0.1831
NA
1.2554
-8.1776
0.612
-4.8241
0.25719
-0.08499
-2.7366
1.6154
5.4187
1.4395
0.5099
-0.913
0.1436
-0.24462
NA
-0.3743
2.841
-3.2955
1.86386
-1.877
0.5657
1.0878
0.5892
-0.9171
-1.2806
-4.4389
0.0314
-1.1036
NA
1.37721
-6.4832
-0.4724
-0.6478
-3.1364
-0.1378
NA
-0.4471
0.7311
-3.0048
1.0542
-0.2354
0.9037
-4.9399
-1.1294
-2.7283
-2.52447
-1.9044
1.84743
1.3461
0.57132
-1.3175
-1.0922
9.0702
3.6368
-1.0246
-2.16611
0.62865
-0.8081
-0.6409
0.0468
-0.0427
-2.1616
0.5951
-0.8081
1.2642
-2.2486
3.37519
NA
-0.9886
-0.77878
-3.1922
-0.0285
2.43523
0.2341
1.675
-2.1231
1.2804
-0.90721
0.0371
-3.0516
2.9044
-1.2265
-2.3136
0.5599
-19.7623
-2.62572
0.9966
NA
0.13879
0.2535
-4.1886
-4.59155
1.106
3.8043
4.17047
0.3277
-1.47521
-0.01169
-1.029
-3.8157
1.77
-0.58275
0.0099
3.2443
0.19431
0.7686
0.4651
-2.0914
0.16264
-0.59135
-0.8594
0.64243
-1.392
1.0321
0.3002
-0.3473
-1.1422
-1.90095
-0.96243
4.8546
-0.23855
NA
-2.8955
-0.83619
-0.2249
-2.4635
-4.55883
-1.57245
0.0891
4.99014
-0.2897
-0.92072
0.10729
-0.62673
-1.59923
-4.0297
1.09676
NA
-1.0004
-1.71611
3.13204
-0.662
1.50383
1.19602
-0.14438
-0.753
-0.72573
2.1992
-3.5813
-2.4557
1.03539
0.5038
-0.4145
-1.038
2.16382
-1.99034
1.17892
-1.8879
-3.80808
0.33214
1.8499
3.6394
-0.9202
-2.66055
NA
-0.2392
-1.14396
-0.4867
-1.48664
-0.18965
-0.26453
-0.3181
-0.9381
-2.7473
-0.0589
-0.82254
NA
-1.65697
-0.1802
-3.06155
0.9203
3.5548
0.2789
-7.3861
4.0553
-1.7135
-1.1492
0.9314
2.65625
-0.92732
4.0636
0.01546
-2.0775
1.8425
0.4616
1.6505
-2.6555
-0.6542
2.9201
0.23785
4.525
1.36941
-0.1775
-1.5866
0.3876
-0.78693
2.0872
-0.2754
-3.0787
-1.4776
-2.87782
-0.7403
-1.51575
-1.912
0.3182
0.3571
-0.44
0.7849
1.705
1.621
1.8265
-0.97185
4.431
1.7942
-0.0786
0.414
1.1719
0.6902
-1.6704
4.0804
-0.3162
-0.51871
0.4739
1.42277
-4.4116
-0.6625
5.1352
2.13994
-1.5184
0.7357
0.64828
0.26377
-2.69806
-0.14209
-1.3429
3.45644
0.70074
-1.2781
1.9499
0.87703
-1.9204
-1.1355
-1.129
3.5356
-0.0137
-1.2737
0.98461
-2.6521
0.4587
-2.5832
-1.4259
0.67
0.5688
-0.8771
-0.8825
0.4214
0.48459
1.1768
4.2483
-2.0572
2.9404
2.11212
-2.2131
5.636
-1.4104
-1.3883
-6.4594
0.9466
-0.2097
3.1915
-1.4952
0.3318
-0.7687
2.1745
-1.1837
-0.2254
0.7278
0.43499
0.0384
1.2853
-1.348
-1.4283
-2.6854
-3.8194
-0.2718
1.1805
1.3233
1.3093
-0.6666
-1.6986
0.0215
0.5269
0.1968
0.5071
0.1524
-1.3986
-0.0522
-1.5343
-2.2741
-3.0585
-3.0517
-0.7929
0.3119
1.754
-0.8687
-0.4136
1.4203
-0.5622
1.3427
7.5316
-1.7224
-2.1935
0.044
5.4661
1.5108
1.0778
-0.0527
0.7573
1.0534
1.5825
-0.3655
1.7762
1.4288
1.6098
-8.3141
-2.3665
-0.7569
-0.7471
1.065
0.4021
-3.9884
0.4448
-0.68596
-4.3579
0.7824
-0.0314
0.9972
-0.819
-8.7228
-4.8266
0.2503
-1.7197
-3.9302
2.9334
-0.155
1.0225
2.07524
-0.7475
-1.1105
-2.0488
1.2191
-0.2992
2.0882
0.57171
1.9636
-3.7355
-1.5256
1.0775
-0.6406
-0.1508
-0.4636
4.3724
0.1843
-2.4484
3.5541
1.5947
-0.27609
-0.58559
1.8014
-3.8409
0.7565
5.2175
-1.3515
0.01065
0.61867
-1.2799
-8.7212
-0.64103
-0.97449
-1.6046
-2.3079
0.0238
0.6989
0.9959
-1.2524
0.1581
-0.73459
-0.2617
0.6581
0.587
-1.9749
-2.0327
0.7835
0.801
1.0825
0.4387
-0.5249
0.5405
1.9806
1.8315
8.2137
8.2137
1.7335
0.3091
0.8369
-0.3775
2.3041
1.484
3.5786
-8.2137
1.1378
-2.0442
-1.9737
-1.2074
-1.3938
-1.9324
-0.2323
-0.8633
0.7045
0.65669
NA
-2.02853
-3.7037
1.4006
-1.8388
8.2137
-0.1842
2.73505
0.593
0.686
0.2443
1.19027
-0.4018
-0.1502
-0.6259
2.7507
-2.8532
-0.2628
-0.35432
0.0708
-0.0068
1.5205
-1.4928
0.4721
NA
0.0977
-0.3414
-2.9088
-0.8391
-1.1007
0.3117
-2.662
-0.9517
-0.5061
0.6136
-6.3462
2.8008
0.755
0.0813
-18.1811
1.4713
-0.6537
-0.6791
-2.0155
-2.7101
4.612
-0.4837
0.707
0.873
-1.3255
0.7413
6.0229
2.2135
-1.4138
1.2933
-0.2615
-1.0341
4.0939
2.3853
1.851
-0.1574
0.2173
2.046
0.5655
0.4303
-0.5846
-0.4573
-1.0073
-0.4573
-0.684
0.7614
-1.9552
0.8145
1.753
-4.2116
2.2973
-0.4836
1.4394
-0.1267
-0.23992
1.3434
1.6508
-2.472
1.6573
-1.04748
0.92667
1.9582
-1.5367
-1.80045
-0.6215
0.2139
0.3696
-1.3197
0.3119
0.716
0.5468
1.991
-1.9089
-2.1454
-0.0258
-2.4197
1.8284
7.85837
0.6717
-0.3192
-0.5717
0.0738
-0.9746
-1.2484
1.9091
-0.395
0.101
1.6578
0.6157
-3.7433
-2.6927
0.79332
0.6382
1.53652
-2.1953
-0.395
NA
-1.0073
3.1436
-2.1464
-2.36316
0.8544
0.94627
-1.0234
-0.2727
1.9644
-1.0636
3.47303
NA
1.8845
-0.8387
1.2785
-2.9475
-4.6243
0.0161
-3.4192
0.2626
NA
NA
NA
-1.55057
0.1998
-4.74209
0.2958
2.7654
1.3649
-1.8037
0.35406
-1.1855
0.8867
2.9181
-0.1891
0.5721
4.8814
0.88488
2.15329
1.02659
-1.4781
0.4434
-0.8041
-5.50793
-4.6211
1.4248
-0.80925
-0.23602
1.5981
-0.0762
0.6617
-0.2776
-1.1087
0.7985
-0.3995
-0.6761
1.89385
-2.4876
-1.0198
0.7726
-4.8928
-0.2279
-24.6205
4.9097
NA
-1.40265
-1.35785
-0.0425
-1.46939
0.1732
-2.05425
1.6883
-0.0241
-3.8095
2.5051
0.3882
-2.8158
0.0121
1.8433
-0.0542
0.355
-0.087
-0.1414
-0.8933
-1.7604
1.2368
-0.3479
0.4178
0.1188
-5.6431
-0.4233
5.8471
-8.2137
2.0706
1.2781
0.4684
-0.1607
0.7059
0.9042
-0.0971
-3.4703
1.255
1.1265
1.4224
-0.6765
2.3992
0.3129
0.48056
3.8726
-1.4326
0.58765
-0.8476
-0.786
2.7347
-1.8137
5.14
2.0282
-3.6694
2.0295
-0.8791
-5.9838
0.6724
4.6594
-0.1327
-10.9133
0.4613
0.2401
1.27696
2.9818
3.4912
-1.0204
-0.2386
-0.6104
0.45357
-3.1758
0.7268
4.65861
NA
0.1876
1.0447
2.3743
0.1621
-0.7128
0.0176
0.0525
1.5402
0.1405
-4.2838
0.7316
2.60155
-5.3726
-0.4399
-1.0787
1.902
0.0432
0.18198
2.9549
0.0143
-1.60167
0.9499
-0.81
1.08591
-2.4877
-0.4867
-2.5372
0.85099
0.099
0.0491
-0.6108
-1.0535
1.0913
-0.7296
-7.7872
3.80587
-0.15403
-4.8143
1.822
-1.37568
-1.0493
-4.1507
1.2476
0.2806
0.8234
-2.0765
-0.6964
8.2137
0.1816
-0.3588
3.0942
-0.943
-1.2208
-3.4136
-2.08796
1.1326
-1.8198
0.83593
-0.42118
1.0051
3.74469
-0.4447
-0.066
0.3888
0.3285
-3.38829
0.87707
-0.8081
1.72108
1.77595
1.8445
-1.193
-0.984
1.2385
0.0226
NA
-0.8081
-4.29291
1.2851
-0.8553
-1.2282
3.9614
-5.3439
3.91229
0.4649
0.21839
-0.4202
-2.5009
-2.9032
-0.83601
0.9199
-0.9227
-0.8591
-0.51592
-1.4069
-3.37983
-0.67507
-4.0818
1.4913
-4.0702
