-0.894
6.116
-1.77068
0.32938
0.193
-1.8601
2.57928
-0.2077
1.62018
5.09139
1.4168
-1.0981
-2.7092
-1.55055
-0.4503
0.6926
1.09935
-0.17685
1.31448
-1.0963
2.6046
0.6784
-2.67571
-0.8661
-1.3946
1.4729
-1.6006
-5.32913
1.7775
0.2171
0.376
-0.19184
-0.7002
1.7095
0.4046
3.12031
3.0374
-1.68089
-0.1187
-0.6981
-2.016
0.88552
-0.50684
-0.70147
6.1407
7.1213
0.44353
1.98485
-3.0857
1.59092
0.0551
0.94406
1.8449
-0.4705
0.1402
-0.6652
-2.2859
-2.6862
0.0571
-8.5121
1.3039
1.5006
-0.5657
-5.4634
-1.3508
-0.7223
0.9207
1.68017
-0.0784
1.6416
-1.0004
0.5113
4.5663
-0.0425
-0.0287
1.8571
0.4562
1.75467
0.1442
-1.16376
0.32998
-2.4343
0.6872
0.52714
-0.3215
-2.8109
0.17389
1.516
2.02726
-2.7163
4.2721
1.2667
-4.32925
1.71873
-1.9582
NA
-1.2018
-0.7532
-0.36719
0.5865
1.8371
-1.8364
NA
0.55994
3.16451
2.15522
-0.4939
-2.70488
-0.84478
0.1136
0.9643
0.6495
0.9594
-0.21881
1.07721
1.2483
-1.504
0.6395
-3.4505
-0.61297
0.3858
2.03326
1.3592
-1.56364
3.07911
-0.4686
1.1812
-0.1998
-4.78469
2.4635
0.7956
2.4468
0.15333
-2.88686
-0.96979
1.2146
6.69524
0.27179
-0.3918
1.10609
-1.357
0.3925
1.2156
0.5404
-0.9331
-0.4574
-1.12487
1.1213
-0.29152
-2.9742
0.3505
-0.82864
-1.2566
2.0167
-4.70687
20.4559
0.1749
0.7174
0.6935
0.0362
-1.9235
-2.6558
1.2894
2.8218
-2.46962
-0.7317
1.0842
-1.3991
1.3633
-0.5668
-0.3482
-4e-04
-0.6727
-0.1734
0.5394
0.7183
-0.2035
1.0965
0.0886
2.3867
-0.0949
1.75483
11.1356
0.1683
-4.6736
-0.8532
-0.6567
1.00396
-4.0328
-1.82414
-3.5549
-3.768
6.4255
1.0209
-0.6855
3.76052
-0.1293
-0.3884
2.51364
0.92729
-4.1192
2.87193
3.9157
-0.16185
-6.1871
2.06892
-1.95
-1.0012
-3.65107
0.4939
1.36281
NA
2.5808
4.21452
-0.3681
1.99598
-21.5762
3.82485
0.916
-1.1726
-5.4034
-0.5236
-0.5006
1.5136
-1.8878
-4.8089
0.47676
-1.6107
-0.7911
-0.74286
3.173
1.1318
2.4853
2.2346
1.4704
-0.36196
-0.21354
-3.1293
-3.3487
-0.36765
-0.33316
-3.4492
0.3227
-2.77659
1.1346
0.9056
1.3812
0.4606
2.66184
0.33913
-1.06328
-0.93905
0.0216
3.1533
1.771
0.3879
-2.09039
-0.9181
-0.13426
-0.06067
-4.10583
8.16344
-0.6104
-0.5091
-1.3174
0.52422
-1.01332
-0.47245
-1.5043
-1.0124
1.51825
-2.7877
-0.5554
1.6961
-1.23862
-1.81344
-0.424
-0.53045
2.9707
-3.1649
-3.3827
-0.3052
-0.079
2.11875
1.8437
-0.087
-1.2254
-1.1622
0.64808
-0.4424
0.67829
-1.6141
-1.50257
1.1471
-0.1473
1.8052
-0.874
8.51791
2.95059
NA
2.37149
-1.96976
-0.9074
-0.9638
1.05751
-0.5623
-0.0283
-0.1756
-1.1348
-1.8227
0.9401
-0.00313
2.14879
0.061
0.47269
0.2254
3.355
-3.83584
3.3549
1.80673
0.63506
-4.0857
1.8581
0.3752
-0.9683
3.40201
-0.84496
1.0118
2.8336
7.7008
-2.40285
-0.74015
-0.33435
-0.90853
-1.3922
1.82842
-2.0076
-3.2904
0.0654
1.7569
-1.4101
0.99855
0.0233
-4.0889
0.6543
-0.504
1.7734
-0.05
0.41053
-1.8417
3.2182
-0.3595
-6.21463
0.385
0.2152
-1.0859
-2.35535
0.0886
0.499
1.2485
0.60077
-1.43105
2.5606
1.31609
1.43699
-1.9202
-1.2543
-1.2412
-0.52206
-2.9606
-1.1342
0.22374
-0.5614
-2.443
-1.37285
-8.9518
0.1049
0.25933
3.6205
0.5912
-3.70728
-0.6143
0.9563
1.3299
0.7821
-0.5132
-0.7527
-2.44035
-0.01488
-3.91757
-1.9583
3.4738
-0.8245
0.8537
-4.582
1.2394
-2.0787
1.3123
-3.0912
0.4764
-0.9088
0.0174
-0.918
0.08658
-2.3509
0.50716
2.5376
9.0378
0.1238
0.023
0.2723
-2.3207
-0.4339
2.2716
2.11491
0.31732
0.9266
NA
NA
-0.162
-5.83411
0.7267
-2.3831
-1.4275
0.96032
3.61593
2.7212
2.1595
-0.4683
3.4498
-1.8383
-1.3582
4.51773
4.0749
5.81734
-0.9926
5.49522
-1.0394
-0.00515
-4.60447
3.84479
4.63398
0.87349
-1.66302
-3.7273
-0.9879
-0.16744
-0.15157
-1.02744
-0.7754
0.7764
-1.9082
3.65219
0.781
-3.3058
-1.83975
-0.31853
-1.2353
0.85142
1.0847
-3.4611
0.9229
-2.74013
3.12294
-4.94955
0.78145
-5.5697
1.34818
-4.1843
2.9683
-13.56734
4.90375
-0.8953
2.05749
0.24138
-1.61386
1.87546
0.46295
-0.1357
-1.58868
-1.67814
-3.13039
0.9831
-6.5292
2.52677
6.4265
1.0949
1.17513
-2.33094
-1.7948
-0.81364
-0.8041
-1.35163
0.9831
-1.06427
0.5895
-2.38886
0.20353
2.74388
0.81528
1.4905
1.3533
0.21763
1.6469
0.24185
1.15888
-2.1097
-0.89155
1.07046
-0.0104
4.0277
2.47852
0.01148
-0.97402
-3.06926
-2.17514
-2.40291
-2.8685
-0.9328
0.6271
-0.7823
-1.04051
1.87413
0.72869
2.61068
2.9458
-3.70504
0.6966
0.7762
1.27244
1.93829
-1.08894
-0.1896
2.6865
1.4233
0.4558
1.79403
-0.00946
-1.22458
2.1176
2.2227
-0.5426
1.2281
0.7264
2.3104
2.5484
-1.2904
0.2106
-2.3831
1.9724
0.3023
-0.18886
-2.66398
-2.5113
0.0576
-0.747
0.1612
-0.5227
1.62569
-1.75602
-1.85141
-2.1887
0.9578
-0.24737
-0.7771
-4.6343
2.8493
-1.4979
-1.92929
1.9962
1.27931
3.01919
-0.50342
-0.56107
-0.6155
-0.98674
0.304
0.5691
0.65943
-4.66272
-0.90503
0.84491
0.07715
12.9324
1.5474
-0.2561
-3.5321
0.66832
-0.01369
1.0831
0.6542
-1.31023
0.23079
0.0369
-0.07948
7.98035
-0.21798
1.52026
-0.287
0.74685
1.67572
2.48465
0.12154
-1.3636
-1.61779
1.42344
2.10173
-1.74815
6.56895
1.7666
2.31332
-0.4906
-1.85326
4.1354
4.0328
-2.6352
6.4881
1.67157
0.19397
0.48228
3.86747
-0.7138
0.165
-2.90862
-0.3412
0.3817
1.47952
0.81782
-0.8324
-0.75817
-0.3387
-0.4849
-9.2177
-0.5549
2.3785
1.68687
-0.40679
0.6383
-4.67204
-4.06463
-0.33323
-3.85004
0.7586
-5.43283
-1.99912
2.12219
-2.39678
2.31514
0.39942
-0.7011
1.18319
0.7573
-1.03544
3.10726
0.22382
-2.05214
-0.05562
-2.18839
1.74714
0.62519
0.84755
0.10153
-2.02583
-0.57843
-0.7169
-0.02523
-2.74873
-0.27738
1.3334
1.87572
3.4654
1.8184
-0.2142
1.1894
-0.6507
1.6438
-1.6263
2.5675
6.2856
0.5855
-0.2486
3.4388
0.5858
0.2646
1.5677
0.4494
-0.8242
-1.0165
3.0552
3.1601
-1.7526
1.65804
0.21137
0.04654
-1.11868
2.04906
-1.64947
0.0158
-1.78833
0.3016
6.9166
-1.2297
0.253
-0.1266
-0.2449
8.1805
1.4952
-3.8974
8.5479
-6.8418
3.8479
-4.7779
-0.5004
0.3866
0.3219
-0.0221
6.2756
9.9756
-0.4689
0.8621
0.7219
1.6085
-0.1195
-8.6309
2.1145
4.6035
-2.6201
3.3681
-0.2226
-0.3987
-0.1141
-0.2631
3.2086
1.991
-1.7144
-3.1055
-0.0426
0.9327
-0.0717
-2.6303
-1.8207
1.617
-1.5325
0.4154
-0.0462
0.3922
-1.0263
1.4514
-1.60696
1.8328
1.33246
0.445
0.7497
-2.5888
1.59783
0.5598
1.2871
-1.1843
-1.0972
1.67604
0.36592
2.1434
2.91048
1.7015
4.0383
-1.2221
1.7719
-3.1667
-2.5097
-2.2159
-1.0503
1.2445
2.1929
-1.1961
-0.2435
-2.3577
-18.2621
-0.0254
1.6445
0.1337
0.5607
2.6338
-1.5108
-1.5269
-0.8022
-1.6307
0.1402
-0.1402
0.3727
1.7912
-0.7629
NA
-1.5786
-2.04902
13.3008
-0.4937
-0.75454
1.0993
-1.179
2.59043
0.17648
-3.4543
1.1179
-0.96553
2.57706
3.4194
0.12431
0.1473
NA
NA
-4.01704
7.7498
3.6266
-1.6956
0.5166
0.34358
0.88672
-1.60721
-0.45008
-2.07954
-0.01927
-3.73059
-1.93593
-0.89261
0.60264
-2.90755
2.08335
2.82743
-2.40935
-1.1719
-0.68544
0.1201
-0.57112
4.5726
-5.58905
0.8332
-0.48316
1.84142
0.13429
-0.8091
1.8135
-1.65572
0.6652
-2.5855
-2.1101
-0.1976
-1.042
0.4796
0.7937
1.1622
-4.0096
-0.0769
-3.2447
3.9596
4.7885
-0.1411
0.4263
-2.1049
-0.3907
-4.4716
-0.6006
0.4654
-1.0752
-1.1722
-3.0032
0.1395
-1.3202
0.6436
-0.68531
2.7553
3.858
0.99327
0.6735
-1.8925
1.6952
0.76632
-2.33526
-1.89813
0.7476
-2.67744
3.0887
3.39678
-1.50583
-0.26685
-0.0514
0.0581
0.52428
0.309
1.98799
0.31194
-1.378
0.5472
3.12736
1.68175
-1.26065
-0.83167
-0.7756
-0.0179
-1.54677
-1.31947
1.44587
2.3311
1.28285
0.4209
2.84972
9.93719
-2.16084
3.89877
0.00888
0.6239
1.2192
-0.60529
-2.7843
0.2013
-1.9972
-0.8387
-1.0883
-1.8565
1.0553
-2.926
2.7696
1.1454
1.3127
2.4832
1.6711
2.2724
1.2816
0.5937
0.0371
-0.4979
-1.0927
0.3579
1.3257
-0.5946
2.0888
-0.1734
3.2361
-0.3431
-1.4459
0.3287
0.085
4.8992
-1.2649
1.5389
3.1481
-6.8104
-2.629
-6.1658
3.3988
4.707
-0.8026
-3.8129
-1.2381
-0.0292
-6.0037
-2.6575
-1.9844
0.5328
-0.203
0.8534
1.5515
-0.3385
1.1105
2.40741
0.1162
-0.714
0.9887
0.9586
-0.4771
0.1476
-1.8225
2.583
1.16041
0.3444
8.97755
-1.7351
3.19813
0.0775
-2.852
0.29601
-1.4309
-0.1788
-0.1522
1.53431
0.4084
0.6676
-0.7184
-0.8133
3.4113
-2.3887
0.3256
-0.3599
-5.1979
0.3303
-0.3933
2.02385
2.47264
-1.0576
-1.38154
-2.1467
2.87463
1.8317
2.67694
-0.50175
-2.94899
0.9701
0.22638
1.23141
1.1145
6.1669
-1.0842
-0.12593
-0.5496
-4.03872
1.4692
2.13155
1.0588
2.3565
-1.5192
0.1081
-2.63792
-2.41305
1.3202
1.58158
-1.05388
5.9556
0.0776
1.1174
1.8943
-0.5179
0.3761
1.9452
2.0832
1.6644
-3.34254
6.5971
-2.1193
0.7834
0.3255
-3.0432
-1.7486
3.4194
1.6825
0.80713
7.7008
0.8818
0.3954
-1.8289
-0.7074
-3.0548
-0.43493
-0.695
1.277
-0.9334
-1.31282
-0.97121
-0.2218
2.9061
-1.1498
1.9444
-4.0491
0.977
1.4672
-0.85364
-7.8296
1.38751
-1.18984
-0.4925
1.39923
-0.45988
1.52004
0.2863
-1.8898
-2.3634
-1.7358
-4.19634
1.3229
-0.0646
0.385
4.3647
-0.8758
-1.999
-0.22963
0.03859
-1.0791
0.926
1.2805
-3.3535
-5.049
1.1843
0.1925
2.5652
1.50989
2.4833
-2.42453
-1.05865
-3.4628
0.6003
-1.9227
1.96485
2.3179
0.3592
-1.7417
NA
-0.946
NA
6.22178
NA
-1.84653
NA
NA
-0.52981
4.2057
1.14084
2.9034
1.43577
-0.9032
-1.9897
1.6771
0.0537
-0.43358
0.89334
-0.1135
1.4083
-0.1541
0.33526
-1.3246
-0.3265
-0.2578
0.2578
0.3225
0.9894
2.6756
2.54385
1.79462
1.1635
0.2661
-2.8537
-1.01123
3.79447
-0.2543
3.16705
-2.3594
2.19395
1.01858
-3.4571
0.75368
-0.15307
-2.7764
2.25809
2.85274
5.24436
-1.5503
-1.9288
1.83627
-1.51089
4.30361
0.2298
-0.1126
0.2022
-5.4634
-3.89025
-2.26144
-2.9846
10.4517
1.4938
-0.65832
3.78763
-0.94796
1.10062
1.5648
1.60527
-2.4278
-7.2548
-0.9321
-1.72646
0.3258
-2.424
-2.2352
-1.5273
3.0885
-3.2322
5.4291
1.5683
-1.91454
2.03547
2.9025
-0.1123
1.29419
-1.3609
-1.9118
-2.6804
0.07297
-3.1995
-3.7096
9.24739
-1.2333
-0.874
-0.34702
0.01879
0.10337
-1.85366
-0.8107
1.0932
1.9757
0.9776
-6.4584
2.8871
-2.09351
1.17549
-1.537
-4.7405
0.29273
1.32423
2.03069
-1.103
-0.92207
0.81595
1.36383
1.94914
-2.993
-0.3296
1.44551
1.371
-1.35428
-0.6703
-2.82435
1.26876
3.7734
-0.0638
1.01185
-3.3918
-1.5811
-0.4022
1.5296
-1.00866
0.0253
0.96813
0.73049
1.16272
-1.09886
-0.1016
-0.39066
-1.292
-2.76172
-1.153
-3.89947
0.76231
0.27976
-0.7198
0.3353
-2.2885
-0.93065
5.33953
3.98082
0.59348
-0.78868
-2.4995
2.5981
-2.71664
1.35635
0.5869
1.69462
0.14164
0.51007
1.71378
4.05926
-7.82411
11.59154
0.64481
1.47378
-0.86
-0.3787
-1.17783
0.6676
-0.05229
1.1472
-1.44037
-0.1805
1.53852
-1.03896
-1.1354
-1.9109
-2.32821
-3.5448
0.14711
-0.7075
-3.83668
-1.7594
-0.4621
1.96829
-1.0842
-0.8461
-9.9699
2.46743
-0.20175
-2.09856
-2.3311
-1.7966
-2.755
0.0365
0.7648
-8.26007
0.3505
-0.3009
-3.1419
-0.06957
0.2314
-2.3354
-0.1537
0.94257
0.62061
-0.8333
-0.54245
-1.85287
-3.18699
-1.8676
0.2677
-1.9852
-3.30199
-0.302
-2.1249
-0.1455
1.7884
1.1701
0.2304
-1.91058
-1.7138
-0.3223
3.6514
5.4632
-0.8343
0.7274
2.29729
-4.4654
-0.6912
-0.0476
0.44111
1.97687
2.1845
-0.4614
-0.5602
1.21265
-1.1657
-0.90401
-3.5703
0.0715
8.7495
0.3973
0.7513
0.27752
2.29606
-0.649
-3.70416
-0.86258
-0.7327
0.58597
-1.1145
-0.39954
-1.49176
0.39027
-3.1696
-0.9635
0.3314
0.9136
0.91897
-0.2636
0.0022
4.2407
-0.813
0.8597
1.95536
-0.5035
2.05256
1.28983
-0.4443
4.1619
2.5879
1.4184
2.0437
-0.7985
0.6223
-5.3715
-0.9211
1.6528
-0.4771
1.416
-1.12662
-0.2297
6.6842
4.99974
5.84863
0.34182
-1.3843
-2.3943
-0.9638
-0.81561
1.2277
-1.2161
-0.7405
-0.7141
0.2945
-1.118
-1.49851
-1.81626
2.93494
4.0818
0.5773
0.2507
7.27698
-0.55201
1.7803
1.3195
-0.56227
0.6285
-1.8152
0.98052
-1.9467
0.2591
-2.9859
-1.44943
1.52429
-0.00719
-2.4754
-2.1077
-0.9357
3.4276
-1.63031
1.9648
-1.92075
-2.3931
0.21353
-1.7718
-1.9746
0.7102
0.4634
0.22859
1.2465
-1.0067
-7.0365
-3.7258
1.62321
-1.9642
-2.78137
8.166
0.2356
0.7125
-1.13856
1.25002
-1.03932
2.2058
-0.2804
-0.5011
0.3118
-0.3118
3.8139
1.0115
-0.9683
1.0935
1.1049
-0.51926
-1.0055
-0.98547
1.63117
1.74219
0.32685
2.87533
-1.23151
0.42079
-0.5783
1.1625
0.6458
1.0125
-0.1473
1.79286
-0.7923
-1.44794
2.8316
1.7871
-0.3971
-2.4296
-0.3689
0.9598
-0.0146
0.2899
-0.1966
-0.4061
0.7337
1.3223
3.9852
0.313
2.2336
-0.578
0.4031
0.81628
-1.7852
-0.075
0.1292
-0.254
-1.2059
2.5441
-0.4703
2.2631
NA
6.6643
-0.63113
-1.0912
NA
NA
NA
-3.0973
0.00283
NA
-0.74955
1.8612
2.00011
0.82381
-0.5939
-0.8057
1.89194
-3.38447
-0.87216
1.1642
-0.05658
1.06649
-0.27474
1.9891
-2.27781
0.5665
1.80209
0.13388
-0.11765
-4.5171
0.4752
1.2335
6.3004
-1.7552
-0.73202
1.94069
2.095
-0.2994
-2.4864
0.2742
0.13333
4.82916
-0.9924
-1.2217
6.48657
2.60829
-0.32746
-2.902
-0.01635
1.436
2.14039
0.51449
-1.1733
0.8033
1.6501
-0.5679
3.7702
-2.7282
0.2646
3.0093
-2.24261
0.9541
0.1825
1.1679
0.0544
-0.3536
-0.6639
-3.9693
4.3276
2.3449
3.4926
0.5601
-4.2988
-0.5229
-0.5548
-9.6855
1.5138
-1.6273
0.6158
0.825
3.3515
0.0846
2.3189
-2.6741
-3.3482
-2.7185
-0.6149
-1.3375
-0.633
-1.478
-1.2039
-3.7382
-1.0392
-0.6193
0.1214
0.6927
-1.1227
-1.9385
-3.1682
-1.7186
-0.108
0.0861
2.8472
0.7004
0.3514
1.9083
-5.3615
0.2592
-3.5779
5.3538
-0.30244
-0.9267
1.2668
2.50873
-2.18323
-1.85839
1.146
-0.6153
-0.60158
2.99866
-4.4462
2.20289
-1.49191
-0.77425
0.34106
-2.88527
0.99108
1.2272
-3.86286
2.7691
6.68644
-3.08619
-0.04821
-1.9238
-0.15261
1.4131
0.9451
1.64025
0.6085
-1.39161
-3.33343
1.3436
1.7965
1.11808
2.57314
2.32309
1.405
-0.035
2.81805
2.4174
0.1768
1.4503
-2.0169
-2.8892
1.4177
-0.1514
-0.136
2.4853
-2.3855
-2.9894
-1.1464
0.4369
-2.1154
-1.1031
2.5506
-1.2288
-2.0052
-1.8297
-3.1979
1.6072
1.1726
1.2082
-2.0018
-1.0458
0.542
-3.9122
-5.2533
1.3169
-1.3765
1.7965
1.9229
0.3007
-1.8133
-2.4443
-0.33336
-1.11081
3.6952
0.5172
-1.0049
2.5521
1.9764
1.2402
-3.24434
-1.1315
0.18311
0.7501
1.1228
0.41701
-0.39064
0.6457
-1.1179
-0.5787
-0.7028
-0.7414
2.8903
-6.38
3.1029
-1.1605
-1.3336
-0.9678
0.297
1.1039
2.247
-0.411
1.2748
-0.6047
0.9753
0.8738
-0.8877
-0.2439
1.455
-3.9134
1.441
-1.964
-1.8869
-2.2939
-0.2239
-19.0008
-0.9959
0.0654
-19.0008
-0.6552
0.9975
-0.0929
0.6396
0.247
1.1067
0.1471
-1.3503
-4.1395
1.9387
-0.4484
2.3613
1.173
0.8703
0.51295
-1.0401
0.0881
-2.1422
0.3783
1.08465
2.14171
4.959
-1.97653
2.3235
-0.6436
-0.06513
-1.34729
-1.18384
0.80819
0.70798
-1.38119
1.53965
0.33599
1.65222
0.65536
-1.91432
1.627
-4.7181
-1.60215
0.0757
-0.4369
-3.9677
1.05699
1.6014
-1.6768
-7.27655
-17.4344
-1.2683
-0.0124
1.7972
0.0535
0.4556
-2.15924
4.6843
-0.3515
-1.3535
-3.1924
2.4348
0.1911
-0.1385
7.1769
9.2962
1.1692
0.2643
-2.6728
-2.812
0.5205
2.15
3.51563
2.2615
-3.84455
-3.184
-1.2052
0.64912
-0.9581
-1.1738
0.39736
NA
-0.40677
3.5343
3.4013
0.3873
NA
1.5745
1.73471
0.59078
-2.66144
1.97883
0.45782
3.4111
0.4253
-0.8882
-3.11312
-1.2998
1.73052
-1.93073
-0.83909
1.83378
-1.90289
1.13934
0.5929
-2.77053
0.31727
-0.215
2.5284
1.4924
3.25514
1.47443
-0.3919
-2.93109
-0.84451
-0.96419
-0.3482
1.02513
-1.0669
-0.9029
-1.25262
-1.2862
-2.1239
1.7141
-0.21721
-0.15743
-0.73355
1.62428
-1.8239
1.2854
-4.6993
-3.1441
1.9136
-4.2107
0.1691
-0.2778
1.4553
-2.0909
2.0024
1.6524
-0.5567
2.8692
0.883
0.8678
-0.5445
-2.82211
0.2187
1.60885
5.1719
1.99621
1.0178
1.2468
1.60178
-0.62357
0.14215
0.34028
1.98389
-0.08142
0.66398
0.05451
-1.87858
-0.9651
0.44897
3.4214
2e-04
-1.08834
-1.07145
1.82032
0.01179
1.61616
2.68947
0.00748
-0.784
-0.9369
-1.32396
0.0127
0.3226
-1.5928
-1.0068
-1.8831
-2.53046
-0.3584
-8.02671
-3.1169
6.11089
-2.68453
-1.0711
-0.22457
0.928
-0.3383
-0.3627
0.11589
0.54273
-2.15341
-0.62773
-0.5832
-9.4618
0.9481
5.3631
0.9175
1.15835
1.99227
0.49008
-2.0318
-0.33662
1.2155
-0.3451
0.3601
-2.51577
0.0554
0.47342
-1.5412
0.00744
0.67952
1.3849
-0.4177
1.2594
-0.9703
-0.7393
-0.61175
-1.5032
-0.9089
0.62842
-2.8372
-1.9909
-0.0236
1.54683
0.471
-1.34578
1.0813
1.39887
2.72789
2.2994
0.4513
1.407
1.0047
-0.57632
2.13
0.65971
2.09167
-0.73015
0.0404
4.71556
1.56013
-1.94236
0.5891
-2.18234
-2.5497
2.96878
2.3214
1.9884
1.075
-3.3167
7.1993
-1.20979
1.76094
-0.11656
-1.79922
-1.1268
-1.0152
-0.87598
1.21195
-0.9115
0.18871
1.34041
1.1803
-0.3414
-0.2921
0.4469
1.1305
1.17066
-3.16069
2.09255
-0.4755
0.1364
-0.9912
0.12708
-0.8114
0.08656
1.58941
-1.0387
1.3137
-1.5106
-0.4469
0.28267
-2.19733
-1.62092
1.8198
4.02876
1.2044
-0.2744
2.1017
1.2521
0.9559
0.1441
-0.2278
4.7292
0.15691
-2.1504
1.90293
0.5016
1.57447
-3.2594
3.8696
2.7344
0.9037
-3.58071
0.11218
0.0862
0.4788
-2.12688
0.792
4.1996
-3.37739
1.3203
-0.08966
-0.019
-0.1322
2.8984
1.67082
-0.16943
0.22908
0.6918
0.7258
-0.2504
-0.8706
0.4842
0.1741
-1.27784
0.21225
1.39744
-4.42326
0.1589
-1.3366
-1.6233
-0.26158
-0.16417
3.06706
0.7882
-0.14468
1.428
1.3
1.9991
6.5244
-5.8559
-0.8746
-0.14191
0.5623
1.10994
-2.31821
0.70315
3.0839
-0.3085
1.19195
0.4739
-1.1613
-0.4918
0.1949
-2.4149
2.1973
0.1426
-1.5001
-1.89303
2.08828
-2.15065
-2.37136
0.696
-1.3678
-0.9915
4.10873
-1.5417
-2.5294
4.2142
0.0338
0.422
0.1786
0.2392
2.9828
1.2402
-0.31923
-0.8797
0.16391
-0.30525
0.78788
2.77564
-0.6938
-2.06652
-1.8124
2.609
-1.5295
0.90172
1.81991
2.9374
2.366
0.75562
-0.8918
0.75965
-1.1023
-1.90853
-0.0794
1.9137
0.8384
-13.0582
-0.855
-2.6507
-1.9703
-1.8265
2.2578
0.3662
-0.91971
-0.35931
-3.6787
-2.6852
-0.94522
1.3645
0.1419
-1.1737
-2.2996
0.1822
-0.0803
1.8862
3.17793
-3.52244
-1.8995
0.1684
2.19192
-1.222
-0.3447
-1.0187
0.4866
2.2418
-2.9713
1.1032
1.2484
-1.1667
0.7357
1.0323
-1.5764
-0.0668
-0.0257
2.1087
-1.481
-1.5212
-2.4692
-1.7754
3.872
-0.677
-1.21373
1.2859
-1.10737
-2.789
-2.2924
2.37531
-7.7074
6.5983
1.8308
0.04461
-3.8706
-1.55916
0.397
-0.7004
-2.44163
-1.6124
-0.5307
-1.25912
5.1922
4.8134
1.16572
1.75212
-0.26924
-1.176
3.4165
-1.9519
-2.80386
0.096
-1.99971
-4.29383
-3.19177
1.9608
5.45908
NA
NA
6.20612
0.2061
1.37332
0.5028
-2.4395
0.53879
2.13687
-2.5335
0.1102
1.4804
-2.6764
1.7796
1.4223
-2.1311
1.862
1.2726
-0.5847
-1.0017
0.6577
0.6531
2.0081
-0.6333
1.8245
20.0676
-2.4924
0.2453
-3.078
0.4539
1.8721
0.5121
-0.4254
2.2062
-2.90772
-1.5881
-8.7495
-0.39986
-0.25171
2.5708
0.8866
1.356
0.5285
3.22326
1.10383
-1.82241
-1.9176
0.3629
1.10577
-0.7883
1.03544
-0.4221
1.022
1.1087
-1.8518
-0.3399
0.7164
0.32894
-1.79707
2.6798
-3.954
-0.111
10.2959
-9.1901
-3.4621
-1.2456
0.0801
0.4354
1.40764
0.5293
-0.8984
5.6067
-0.2071
-1.2653
3.92689
-1.1718
0.0187
3.1962
-1.4148
1.9012
0.7187
-2.235
1.02958
2.321
0.6758
-2.1112
1.592
2.5035
1.1136
3.1121
-3.2061
0.3331
0.1418
-1.3539
-2.2266
-0.9745
0.0049
1.3881
2.5865
3.4863
-3.0088
-1.8408
-2.4699
-1.8832
0.2228
1.0575
-0.9662
1.9903
-0.1095
-1.7143
-1.5049
-9.3954
3.6939
0.5675
2.4235
0.4671
-0.1441
-1.4475
0.3736
0.321
1.5529
-2.0151
-2.1899
-2.2088
5.6549
-0.831
-2.1097
-0.321
0.2827
0.8269
-0.2617
-0.1959
-0.2388
0.5029
-1.1318
3.5558
-3.74999
0.58339
-0.3836
2.34183
5.7762
0.26985
-1.13615
1.26627
-0.39369
-1.42112
-0.2019
4.4495
-0.8806
-0.27151
0.777
-1.2774
0.67194
-8.51575
-1.12534
-2.2611
0.3544
1.62596
0.7695
3.3009
0.7125
-1.39439
1.3881
1.72633
3.05249
-0.26416
-2.84213
-1.14598
-1.2557
-3.24905
1.90532
1.50712
1.1287
-1.0024
-0.4497
0.64951
-1.4434
-0.45482
2.19164
1.79815
0.11372
-0.37909
-1.88045
0.0516
-1.0416
3.5788
-1.4229
-0.67037
0.05093
-1.1158
-0.6434
-0.5905
-1.00639
-0.89425
3.0161
0.9339
-5.5601
0.53862
1.87076
0.6431
-2.5977
-3.02884
-2.6656
-1.8636
-0.0872
-0.06891
1.0666
0.3622
-0.05084
-0.4437
-0.81477
2.61047
-0.74963
1.0502
-5.3798
0.3823
1.0573
0.6124
2.19577
-1.5935
0.53264
-0.00205
1.1638
-0.28727
-0.63637
-1.43374
-0.99054
-1.5637
1.22331
-0.83224
-2.59711
-1.09187
0.53937
0.0351
-2.29758
-0.5668
2.3082
0.1727
5.86526
5.4412
-3.31436
-0.43192
-1.07
-1.9684
-1.845
-0.3184
3.97138
-1.70131
0.1389
2.2501
-1.15674
0.6356
-1.03518
-0.4849
-1.9217
-3.38877
-2.37613
-3.4637
0.3838
-0.2158
-0.94707
-0.4136
-0.75588
0.3223
-2.68004
0.4649
1.3743
-0.65278
2.77594
-1.4771
-2.05837
-1.6816
-1.7472
-0.4758
-1.56142
-2.3082
-2.0413
0.2736
1.15771
-1.4864
0.1096
2.1928
-0.9956
-7.51878
-8.86559
-0.70788
-0.2779
-2.7732
-2.44507
-0.15926
1.2958
-3.1483
-0.26677
0.3756
-1.1628
-0.21534
-2.34188
1.26081
-0.68438
-0.45122
-0.71786
3.52928
2.5396
1.2139
-2.051
2.4265
-8.2995
2.5717
1.13691
0.0694
-11.0032
0.57891
4.22301
4.52622
-0.4159
0.1384
-0.61349
2.2954
-4.1451
-0.4067
3.00998
-0.3343
1.4486
-0.39453
1.03269
2.2183
-0.1028
-0.6002
-2.9976
0.8159
-2.00757
2.0818
4.7071
0.0862
-2.4055
5.4372
-3.8102
0.3004
-5.2024
4.4841
2.0107
-0.3051
0.75694
-0.4482
-0.0463
0.341
-1.29779
-0.4958
-0.1815
3.87429
-1.481
-0.9927
-4.9051
-4.3979
-1.2751
-0.8919
-0.9679
NA
4.5215
-0.2273
2.33683
-1.6684
-0.8423
1.60497
-0.78637
2.0106
1.1851
0.093
-1.1573
2.20996
1.2665
0.8276
2.8989
1.28289
0.35438
-0.27827
-2.3452
-0.75209
1.4907
5.30307
-0.3377
-2.0513
-0.85586
-3.77039
0.3602
3.21612
-1.13925
-1.76782
2.1712
5.04663
5.29589
-2.54339
-1.883
-0.133
4.1859
0.4104
-0.6917
4.3483
1.8258
1.8339
-1.6914
0.8433
-1.4223
11.9723
-1.3197
-2.15654
-0.35437
-1.3285
6.1802
2.4432
-2.9371
-0.05401
-0.81116
0.6982
1.68446
0.7775
0.1805
1.07897
1.8542
1.3943
0.65435
-2.3653
-1.3438
0.44497
2.5015
0.02391
0.7553
2.49065
-0.8285
0.6351
0.8401
-0.81713
0.2099
-0.9295
-0.26146
0.6932
4.1058
-0.5286
4.7096
-0.3789
-0.7855
0.42411
-1.14863
1.35347
1.66778
0.7816
3.38559
-1.0471
-1.58676
0.6647
1.2668
1.37725
0.22
-0.4435
0.83469
NA
-4.60727
-1.4769
1.8414
1.11997
-0.77319
0.97025
1.32793
-0.4171
-0.65305
0.4487
-0.75334
4.29433
-1.80673
0.36092
-1.075
-1.5198
0.6383
-1.1358
0.337
2.88377
2.1543
0.3547
-1.26675
3.5703
-1.6539
-1.0851
0.5487
-0.0208
0.3277
-0.3787
-0.1172
-0.88623
3.0063
1.0379
2.32715
1.8212
1.48
2.3845
-6.18438
-3.1375
0.2274
0.34311
-0.9827
-0.04236
0.02846
-0.15151
-0.3712
-0.4215
0.4215
1.3013
-2.2152
-5.6439
0.4276
-0.023
-0.411
-0.3004
-0.3487
1.60444
1.1636
0.1376
2.3686
2.04754
0.3838
0.5257
-1.1732
NA
1.64097
2.5933
0.2404
1.75128
0.075
-5.8388
-1.1188
0.09746
-1.3997
1.54547
-5.7916
0.5373
1.6498
0.03643
-0.4802
2.12315
-0.58805
-2.9328
1.06771
-3.65602
-1.7048
1.1746
3.4438
-2.2291
-5.59262
-0.14786
0.9653
-0.41352
1.72217
0.00214
1.1841
-2.5469
-1.19688
0.5642
2.497
-2.1259
-0.1417
-3.2482
-2.60159
0.0157
-0.11905
0.13652
0.3182
1.0427
1.69263
3.3812
0.9547
5.6064
4.9881
0.9786
-4.7577
2.2372
4.0846
1.17365
0.40565
2.2899
2.8088
-4.0178
1.7132
1.9824
0.1767
4.2999
-1.6284
1.6258
-1.3156
-1.3291
-0.7244
2.5073
0.4596
-5.54196
1.7581
1.9483
2.1463
2.0313
-3.27851
2.45165
0.587
1.05731
-0.0041
6.8492
-2.96003
-1.04148
3.6898
2.7836
-3.1413
3.1386
0.90193
2.25198
-1.0498
-1.7604
0.6452
2.52837
-0.4412
1.37011
-0.994
-0.66
-6.6278
0.1017
-6.86102
0.8883
2.8079
1.0063
-1.363
1.8099
-0.289
3.4971
1.129
-0.3847
6.4159
-1.9278
1.59229
-0.0159
-4.70991
0.742
-1.6238
0.2806
6.9202
0.3616
-1.53002
-1.3764
-2.70897
1.2543
1.01675
-0.28125
1.49822
2.30562
1.5038
2.06974
3.3814
-0.3265
1.8246
-3.2392
-12.60289
3.49997
0.9766
-2.65347
-16.6067
-1.6158
0.7431
2.0172
-3.35436
0.9228
0.03596
2.6786
9.7837
2.5185
-2.5298
3.2644
-0.6937
-1.041
5.7077
1.9946
1.9079
0.64519
2.9729
0.1316
1.99357
-0.8142
4.8429
-1.97506
3.1922
1.29712
-0.32167
-2.2201
-3.12425
-0.8159
-0.42485
-0.59998
-2.17011
-3.693
6.9015
-1.2306
0.3829
-2.7111
0.2361
NA
-1.5799
1.80524
0.6923
-1.8755
-3.2602
NA
0.92607
-2.5868
-0.90247
1.8739
0.41775
-1.72399
0.5162
-0.41614
-1.72291
4.6778
0.3323
0.2915
-1.21756
1.9735
1.5634
3.402
-1.39287
4.0397
0.79601
-2.6139
1.5946
2.57011
1.0767
-0.704
1.50353
-1.8483
-0.20385
1.2781
-0.3471
2.8853
-4.1289
0.3623
1.0476
-3.12151
-5.59713
1.2516
-0.9665
-1.06361
0.5018
1.17007
5.97308
2.44604
4.0568
0.4114
-2.1303
3.61969
0.54517
-2.77192
2.7149
0.6889
2.26933
0.22973
-1.13738
0.17572
-5.3279
-0.8921
-0.0438
0.4597
1.8401
4.235
4.8264
2.376
-2.6233
-1.07447
-3.51703
1.5431
-1.54172
1.242
3.67124
7.2327
-1.8136
1.78293
-0.3407
6.17425
-6.38734
-8.9598
1.9582
-4.0531
-1.2289
0.203
-2.3442
-4.46439
3.6232
3.0175
-0.2015
-1.2924
-0.4143
-0.5965
0.06335
0.2419
0.5911
2.164
0.8987
-1.6285
2.09329
NA
-0.6679
-1.46298
1.63918
2.2811
2.1268
1.9867
-0.6586
-0.76525
1.00313
1.1217
-0.06556
1.38102
-8.7958
0.00648
0.5671
-0.3078
-2.2322
-0.785
-0.6449
0.7969
-0.06379
-0.3128
2.30397
-0.83998
-1.48
-0.54052
0.30752
-0.5575
-0.0758
5.6627
-6.5781
-0.5215
0.88477
3.88095
3.1723
-1.1961
-0.0768
-2.0559
2.5659
-0.772
3.43078
1.16841
-0.68697
3.54458
0.755
0.55085
-0.01203
-1.47075
-1.1159
0.0249
0.10388
1.3097
-0.21502
0.9267
-2.3249
2.01728
NA
-2.7097
NA
-1.59405
-0.1123
-7.06429
0.4673
1.0351
0.983
0.8239
0.712
1.49986
1.0559
2.6484
-2.91746
2.43909
-1.1307
-0.8319
1.0924
1.64836
0.3034
1.35718
-0.54216
1.2161
-1.11376
-0.90871
-0.8286
1.2763
-0.1416
-0.62879
-0.6874
-0.139
1.40761
-1.43
-2.5375
0.378
-0.76963
-0.28706
0.2341
0.02984
-0.44316
-1.96024
-2.7335
2.93051
NA
-3.13316
-1.1886
0.5035
-0.2213
-1.1037
-3.6386
1.1128
-0.7417
1.88035
3.0911
-5.1706
3.01415
-0.5432
-0.7693
3.6803
1.9959
-0.9354
NA
7.77242
0.512
3.9858
3.5869
-1.59053
-1.87376
0.1231
1.95546
2.02981
0.4203
1.78251
-0.9437
-0.9449
-3.6566
0.7672
0.67104
0.6129
0.41177
1.6595
1.1451
-1.9781
-4.23635
2.13749
-1.35583
0.2618
-1.14674
-2.151
-0.40408
0.40519
-1.8321
7.3144
4.00466
3.6756
-1.0833
5.07184
6.34429
-0.2666
2.6191
-0.5082
0.06355
2.7238
-0.26626
0.97353
-1.1333
-0.9926
0.15685
-2.8109
0.40366
-2.70714
3.4254
-0.0383
-0.3857
-0.5418
-2.12955
-0.7579
3.6286
-0.62087
0.6249
-3.0585
-0.66763
3.8799
-1.6991
-0.7741
1.14329
-1.49038
-0.85235
-1.5469
0.03538
-0.8561
0.3149
0.13667
-4.832
0.04069
2.4058
0.5439
-0.0732
-0.4008
-1.1568
0.6345
0.09564
-0.7923
-2.3024
-2.0324
0.35074
-1.81144
1.7248
-0.4262
-0.7861
1.8757
1.0885
-0.5095
-1.82237
0.3127
1.07516
1.1261
-1.643
-0.2548
-0.6664
0.82703
-0.9762
3.5964
-0.68953
2.4574
-0.01274
0.0433
2.56652
-1.3176
0.1111
-1.2232
-1.2129
-0.39684
0.2807
1.46767
-1.22503
1.6148
1.20841
-4.1268
-0.87457
-0.12693
-0.1994
-0.77552
1.5351
0.7976
-1.0481
0.7787
3.2472
-2.4437
0.025
0.6872
1.01647
-1.5689
4.31866
1.88944
1.2453
-1.1037
-1.4182
1.01411
-0.2437
-0.77962
7.4169
0.96112
-0.03558
1.8784
0.73384
-1.7063
-0.1238
-1.63656
-2.8344
-2.7942
2.6428
-0.0901
1.2125
1.72138
-1.4326
1.66135
-2.0036
1.37179
0.3983
1.3895
3.191
-0.4613
-0.2919
1.47686
0.4867
-1.7573
-2.3248
2.71136
1.2447
NA
0.1517
1.6687
0.1328
-0.4907
0.61184
3.62354
0.32558
2.20058
-1.92736
1.6909
-1.55275
1.6142
0.82058
2.2489
0.03321
-3.9394
-3.2515
-0.9695
-0.37868
0.6646
9.378
-0.8676
-1.3882
0.0125
0.56717
0.424
1.8834
-2.3901
0.1976
0.9036
1.6168
2.4856
1.71619
-0.06043
-0.5672
0.63741
-7.3541
-0.4487
-1.1582
-0.04823
-0.8896
-2.7011
7.44862
NA
1.339
0.4963
0.4077
0.6555
0.191
NA
1.0971
0.01801
2.67438
4.2144
-0.9208
-2.9046
NA
-2.49064
1.9259
-6.8533
-1.7128
0.3466
1.7775
0.3432
-2.09646
2.2924
-1.62958
-1.10694
-1.70946
0.4182
-2.4022
-0.9811
-0.3634
0.5773
-0.3015
-4.23399
-0.2056
0.77229
2.8426
-0.49741
0.14092
-0.70076
0.81862
-0.3683
-0.12672
-0.1467
-3.995
-3.01894
0.81589
-1.70038
-0.6516
1.05126
-3.9947
-2.27779
-0.75751
-3.0171
-3.9878
0.7269
-0.3738
2.0326
0.4665
-0.4316
-1.05307
-1.1586
0.2954
-1.62594
-0.6459
-0.7715
2.5432
-0.74582
-0.36126
1.1612
2.31796
-1.15151
1.5844
0.86791
0.3543
1.16814
NA
-2.10358
-4.3639
0.4542
0.07208
-0.9604
0.0659
-1.5286
1.1147
7.3528
NA
-2.9674
-3.0648
-0.07968
-2.399
0.04602
4.7717
-1.0752
-0.8022
1.4219
-0.97958
NA
-1.4244
1.2289
-0.31314
1.62004
-1.86979
-2.74074
0.55365
3.7538
0.389
0.4555
-1.20866
3.8434
-4.01182
0.1667
0.99679
1.6124
2.7716
0.6786
-1.07725
1.3068
-0.7864
0.3837
-5.8352
4.97197
1.15332
3.0045
0.2059
-1.69163
-2.3202
-1.9114
-0.4427
-1.10186
-0.4923
-0.2221
0.05676
NA
0.4196
0.76496
-2.4382
-1.1401
-1.74
1.7454
-0.8946
0.26695
-2.15962
0.3192
0.66337
-3.1957
0.4785
1.2615
3.0585
-0.4573
1.75602
0.44245
-0.6913
NA
-3.2705
-0.1257
1.79061
-4.4562
1.02961
-0.34555
2.79884
0.4504
-1.5389
-3.36973
-0.1365
-2.27718
0.49887
0.5608
-2.49727
3.6022
-0.38771
NA
-0.00395
-2.1383
-1.23879
-2.08608
0.7228
0.874
-2.7689
0.3795
-0.24489
4.88549
-1.25449
-1.4433
1.6665
-3.8739
0.7548
0.09707
-0.1312
1.6253
-3.6687
0.65276
-3.28932
0.7193
0.75257
0.6354
-0.42528
0.0416
0.58999
1.37633
-2.3544
-0.2815
-1.07479
-1.24493
-0.6586
-0.4711
1.34155
0.8231
3.7188
-1.6475
-0.5882
-0.3548
1.4206
0.7776
-4.3639
-1.2778
-0.43467
-1.23256
-1.41445
-0.6569
-0.0374
0.6559
0.9957
-0.50284
1.2101
4.64295
-1.53116
-1.9473
-0.27789
-0.23105
-4.1487
-1.5213
0.9045
11.0797
2.9013
-2.00197
-5.8699
1.5483
0.7658
-0.3697
NA
0.051
-0.04089
1.0031
1.89576
2.9059
NA
-5.10677
1.0548
-0.7201
-1.47856
-0.3085
-1.888
-1.9664
0.20244
-0.7364
-2.8617
-2.3014
-0.2011
-1.514
-2.59655
2.0976
0.36904
2.0813
0.94811
-1.84917
-4.0923
-0.4066
0.5716
-1.0531
1.8478
2.40313
0.8191
0.32618
-7.0502
-3.194
-0.9287
0.3324
1.41813
1.16071
0.15683
-1.56189
0.0659
1.1502
2.8038
0.2177
1.5424
-0.8909
-0.69602
0.71958
-1.6191
-1.4572
-1.93303
2.545
-2.35747
-0.095
-0.95912
2.43589
-0.20403
2.50053
0.3091
0.4564
-1.38597
0.3607
-0.8102
0.86016
1.6006
0.2079
-5.0408
1.66676
2.922
0.29401
-3.2716
NA
-0.52107
NA
NA
NA
NA
NA
NA
NA
NA
NA
NA
NA
1.8685
NA
NA
NA
NA
NA
NA
NA
NA
-2.47991
NA
1.3672
-0.8092
NA
NA
NA
NA
NA
NA
7.5541
0.62756
-1.61997
NA
-0.7687
0.47681
NA
-2.60275
1.06741
1.20171
4.346
-1.05532
0.1975
-3.30196
-2.403
12.36201
4.5947
-1.99829
-1.11159
0.8502
1.3859
-0.26141
-0.66894
1.10504
-3.3101
3.2941
3.3015
3.527
3.98386
0.89195
2.1929
-0.95326
-2.418
3.22175
-3.9093
1.0196
1.7842
0.261
-1.7249
-2.71581
1.72916
0.03
2.4844
-0.56727
-1.2447
-0.91445
-0.241
5.5697
-0.57144
-2.8961
-4.05207
0.06021
4.6405
-2.61366
-3.3734
-2.57259
1.58687
1.1986
2.69194
-1.822
0.732
1.32863
-2.4332
1.3657
1.69886
0.7026
0.0987
-4.6584
-0.2564
-0.4671
-2.7984
-0.932
-0.7927
-0.6317
NA
NA
-2.859
0.9967
NA
-1.554
-0.6327
0.1825
1.8138
-0.21429
1.14277
1.01415
6.4245
0.8558
0.4257
5.2534
4.0239
2.0294
-1.3532
-3.65687
0.5982
0.90385
-0.2267
-0.0687
2.0553
6.2193
2.6769
1.5109
0.81825
-2.07662
-6.9153
-1.2863
-1.56578
3.4936
-8.0579
-2.5113
-1.03892
-0.74562
3.54599
0.20624
0.1468
-2.6834
3.64987
-0.3912
2.5642
1.21875
0.8714
1.4011
-1.1769
-1.61765
4.0064
0.6872
0.97084
2.98277
NA
-0.14724
-0.98222
-1.1226
-0.5593
-1.9085
-4.1084
0.9746
4.0195
0.54262
-0.06494
-1.70285
-0.7937
2.06508
-1.5035
0.42557
1.0965
-0.70118
-1.90553
-0.32625
-2.8987
0.60751
0.15703
0.19
-2.6789
-4.50599
0.5946
-0.0359
1.79587
-0.87732
0.84674
-0.2158
1.34885
5.1341
-3.6909
-0.1171
0.6885
0.0287
-1.99851
2.56006
1.3663
-0.5409
-0.2363
-1.06764
4.941
-0.08054
0.2765
1.4696
-3.39684
NA
1.0471
-1.6693
-1.57297
2.12769
-1.67476
-0.5507
-0.4962
0.0448
-1.13988
0.65047
-3.3018
0.92438
-0.3787
-1.46186
1.55213
1.5751
0.93013
-0.0874
-1.9451
-0.97438
0.6211
1.5879
-0.8641
-0.4705
-0.087
-0.2789
-0.2017
-1.9848
-2.4243
-2.3934
NA
-0.65637
-4.80521
-3.0519
-1.87531
0.51017
1.12595
-0.3589
-1.99298
1.7203
-4.24648
-0.29414
-0.76594
0.8823
NA
1.1719
0.51082
-1.48059
-1.50671
-3.7777
2.4073
-0.9795
-2.4786
NA
-1.83251
-4.6529
0.7562
2.71263
-0.0381
2.7319
-4.5818
-0.5232
-0.2026
-5.5946
2.1698
4.4441
0.9073
-2.15298
-0.0365
-0.8713
1.7074
-1.47744
1.3768
0.7956
1.4729
0.82171
2.56472
1.39678
1.21753
NA
4.7499
0.19241
0.2458
0.82527
3.8944
0.18163
-0.7147
0.2099
-0.21905
-6.1098
2.2849
-1.4804
0.5795
-3.22344
2.3989
-0.105
1.3468
2.1285
0.6884
2.2182
-2.62228
0.0111
2.49382
1.1508
-2.0991
0.5145
0.6015
-3.1501
-2.03533
0.56333
0.8344
-0.0408
0.22685
-1.5929
-0.45094
-0.7079
0.9465
NA
-0.76098
-0.5215
1.9937
-0.6892
NA
-1.5049
-0.88251
2.5729
-0.4326
0.612
-0.9724
-0.5826
0.8836
NA
-12.6303
-0.249
0.1762
NA
0.2263
1.6731
0.3799
-2.0759
-4.4545
0.8705
-1.16346
0.07868
-1.01946
0.61685
-0.4473
-1.68412
-0.55757
0.51063
1.6699
-0.60087
-0.8123
-4.95931
-0.65367
-0.19639
-0.3983
0.9778
0.3961
1.95008
3.9021
-1.7242
-5.1892
-2.00108
-1.9018
0.36026
-0.70808
-1.0199
-0.7868
-2.51234
-0.9542
-2.1214
-0.1263
-7.5783
-0.1237
1.2482
-1.5503
2.3179
1.9857
-0.58145
NA
1.6176
1.87363
-1.05376
1.462
0.3993
0.60131
-1.88775
0.2404
0.90497
0.16211
-3.55788
-0.1654
0.7492
-2.0169
0.4526
3.5797
0.8303
-1.1443
0.0659
-0.67518
-1.2696
0.85029
0.86324
-0.7723
-1.6358
4.79556
-4.1908
1.93116
-0.62997
4.24348
-0.00419
5.9465
-0.33556
0.92767
1.5403
4.5582
-0.47461
0.1942
0.4005
2.2271
-1.23557
-3.8829
-1.86285
1.7543
-1.0783
-0.86611
-2.6832
6.8025
-4.24107
3.39474
-0.5617
0.0915
3.4628
-0.6177
0.8066
0.8147
-4.19215
1.63325
0.6604
-2.34152
2.50808
0.9571
0.6781
1.04251
0.1343
-4.0132
-0.0622
1.6433
0.38588
-0.1614
1.2835
3.2248
1.71931
0.83351
-1.614
NA
9.6932
-0.7287
-3.2086
0.59923
1.62886
-1.81196
-5.0512
0.07527
1.0682
-5.3808
0.5305
1.7802
1.225
-2.0878
-0.5142
-0.2267
-2.55648
-1.5366
0.13074
-0.6183
0.56834
0.7385
2.1815
-1.0386
2.22284
0.47578
0.5124
-1.05561
1.4797
0.168
5.26082
4.2144
0.3536
-0.66706
-3.07546
0.76102
NA
-1.0245
1.1486
1.7706
-2.50752
0.2848
-3.8462
-0.184
1.32377
1.4956
0.9177
0.4374
1.5093
-0.86866
-1.1457
0.09883
1.11349
-0.60717
-4.2159
-0.09441
1.00409
-0.917
1.28991
-2.7339
-0.7642
2.0239
-2.98673
0.72594
-4.3572
0.35099
0.66839
0.3419
-1.6602
-2.118
0.22456
0.0393
-1.20815
-1.7318
1.2348
3.11021
0.0278
-0.18197
-0.86885
0.3812
-0.61675
-0.7167
-0.61154
-0.4887
5.57224
0.4871
-0.7473
0.54324
NA
NA
-0.8081
4.1975
0.69943
-0.43577
-1.30424
1.2432
-0.5419
3.5703
-0.7492
-0.25674
-1.95155
0.49097
-0.095
0.6644
0.88314
-1.5779
2.89
0.782
-0.5487
5.633
2.2494
-0.14501
0.4476
0.7902
-1.9805
-0.2898
3.22519
-2.1573
0.9638
-1.826
0.4202
-0.5653
-2.9475
-1.2863
-0.7084
1.3605
-0.0633
-0.5427
0.62864
NA
-0.3435
2.27582
0.15765
-1.10515
NA
0.03892
1.71723
2.18306
-8.97882
-0.153
0.107
1.68549
-2.67992
-1.9744
NA
0.27831
-2.71401
0.8641
1.25529
-2.27382
-2.4015
-0.381
-0.05022
1.6358
5.117
4.344
-1.4573
0.5209
NA
3.2544
0.97098
-1.881
-0.2187
0.04543
2.32664
1.35528
0.1983
1.3336
-1.70118
1.6921
NA
-2.9019
NA
1.3564
1.69401
-2.8447
0.0231
0.277
NA
0.9196
4.1393
-1.1292
-0.7653
0.328
0.3693
0.03518
-0.48863
9.6161
-1.75154
4.5184
-0.02277
-2.1836
0.1525
-0.8438
NA
0.6817
1.47602
1.2555
1.7543
-1.26723
-2.7323
0.10239
0.9563
2.0826
-1.0495
-0.2608
-1.6946
2.2023
0.2307
-8.4659
2.2176
-0.1066
-0.04316
0.07842
0.97424
-0.2295
-3.4067
1.3459
0.2971
NA
2.3092
-0.44561
5.78827
0.211
2.51412
-0.0137
0.3866
0.555
1.8831
8.7484
-1.8824
0.39311
-0.40987
1.7742
-1.20742
-1.7067
10.39328
-1.0086
0.50772
0.0962
-3.1452
1.1615
0.11117
-3.054
2.9707
-2.4291
-0.40539
0.36455
0.44462
1.2942
-1.4413
-0.06672
3.5507
-0.11073
1.2947
-1.7166
2.0451
0.3935
1.3885
0.5633
-6.5823
1.7312
0.02768
3.53322
5.48025
0.5493
0.381
-3.5259
0.9663
0.98924
0.6152
1.71337
-0.1719
-0.0708
2.2394
2.92504
-0.77417
-0.3241
-0.9717
5.3141
-1.92541
-2.1958
2.4499
0.78342
2.15515
2.05073
1.71326
-0.3534
-3.22607
0.7948
-1.8548
1.1716
-0.18997
-4.26837
-2.8561
-1.6146
0.22546
-0.68941
5.5161
NA
-1.2346
-0.0408
-1.7154
1.969
-1.704
0.90433
-0.9232
-1.3584
0.4273
-1.12987
0.96706
-0.58
-2.46944
NA
7.48466
0.7027
-0.2742
1.2854
0.8193
-0.6812
1.0995
-0.62798
0.28527
0.274
NA
-1.5149
-1.71911
1.241
0.21175
2.2326
0.4521
3.1235
-0.5171
1.274
-1.0136
0.11679
0.7708
-2.134
-0.16477
0.80973
0.46099
-2.1986
-2.61941
1.4464
-0.16606
-0.1877
NA
-2.1052
0.8945
-2.10016
0.9148
1.64673
-0.2541
1.3461
3.3505
0.77541
-0.7846
0.209
-2.6604
0.16309
0.732
0.1311
-2.0685
-0.2677
-0.0741
1.10954
-2.8847
1.17059
2.88419
NA
1.0116
-1.7854
0.0184
0.233
-2.9105
-0.45642
-4.07746
-1.24859
-0.1322
-5.98226
-0.23086
-2.3491
-0.426
-1.3565
-0.0339
2.16816
2.63495
0.01935
-3.1139
0.0689
-3.17942
-1.05957
-5.3246
-0.5553
0.1718
-0.99867
-4.49371
5.95037
-0.3051
-1.33161
0.2576
0.1814
3.3877
NA
-1.0444
-0.4704
10.5617
1.7511
0.7745
-1.71152
-3.80418
-0.10229
NA
-0.9313
-0.1312
-1.43647
2.6749
-2.73278
-1.74761
0.171
2.0013
1.6926
-0.29783
0.57077
-0.0456
-0.5052
7.7559
1.2779
1.6264
1.207
-3.20414
-2.6501
-0.2924
-0.1222
-0.12393
-5.2281
-0.0183
NA
0.8682
-0.43385
1.402
-1.3692
-2.727
-0.1367
-9.129
1.7759
-1.4663
0.15452
-0.6679
-1.32423
3.29447
1.1984
-2.7366
-1.7836
-0.6835
-0.08223
-0.495
-0.04109
-0.0521
0.5099
-0.7152
-0.9346
NA
-0.1486
0.6145
0.7656
-1.7857
0.4238
-0.9788
2.7852
-3.60445
4.24575
-1.3238
-0.2886
0.8958
-2.72767
-1.5234
-0.3103
0.0846
-1.50205
2.1598
-0.0261
-1.0519
0.30266
2.28845
NA
-3.5653
1.9217
1.6284
-3.62794
1.4226
-1.091
-0.2555
0.45948
-1.7577
0.3621
0.91675
1.5111
NA
6.6265
1.3461
0.10951
-1.0314
1.6894
2.16485
9.7651
1.0804
0.78241
-5.61799
0.5426
0.229
-1.1294
1.4089
1.4681
-1.5121
0.23625
0.8551
2.00005
-1.1281
0.6269
-2.11766
7.86382
-3.1998
-1.432
1.5411
-0.7715
-0.1177
1.427
33.6469
3.112
-0.28573
0.68841
-1.3175
-0.87337
8.9455
0.7163
1.8278
-1.5426
-1.9217
-1.44571
3.9518
-1.91656
0.79689
0.4214
-0.3176
-0.10015
-0.8011
-0.28484
-1.2545
-2.5624
0.82065
-0.4135
0.89001
1.3461
1.16986
-0.2917
0.85991
-3.5653
0.5046
-2.8568
-0.8081
-1.3318
-1.9949
-1.1991
NA
-0.2109
0.07944
0.80206
1.71486
0.0475
-0.0285
-0.2781
-0.01497
2.2766
0.8888
0.1009
0.5363
-0.46099
1.18999
-6.26976
-1.174
-1.2703
1.56811
-3.2424
-0.94639
-0.2009
-8.2005
1.23972
0.69548
1.4501
1.8761
1.22034
2.10962
NA
-1.34457
-1.37508
0.4644
-0.54657
0.4133
1.8044
7.9326
-0.60841
-3.4689
0.13503
-0.65341
0.3389
3.92138
0.9095
-0.3832
2.74481
4.0261
1.33
-0.0471
0.7626
0.1161
6.4598
0.1883
-1.0175
-1.4854
1.1569
-3.812
3.1331
-0.2427
1.0153
0.60847
0.1475
0.2904
1.03515
-0.2873
0.7495
-1.53579
0.01271
0.2189
-1.5257
0.7225
-1.5433
-3.424
-1.1958
0.07575
0.873
0.28866
-0.54568
0.7105
-0.02144
0.0936
-0.71111
-0.7948
-1.3481
-0.5378
3.5605
4.0924
-0.09758
4.6334
NA
0.65048
-1.4098
-2.07583
-0.44062
-3.47402
3.7895
-0.2548
1.6346
-2.93742
-1.80934
1.7254
-3.347
-0.5648
0.06258
0.5334
0.00295
0.0994
1.1972
5.938
-0.3332
-0.66295
-0.37561
-1.5105
-0.02549
-2.1706
-7.5109
10.1365
-3.7157
-10.97288
-3.4669
0.4924
-1.0004
-2.00375
-0.7421
1.5653
-1.57253
-0.1386
0.4549
1.37
0.953
-1.8733
-3.1123
0.8101
2.41871
-0.6339
-0.1448
0.3684
-0.81932
-1.4062
2.30933
-3.9118
-0.8535
1.8342
-3.51569
-1.08556
1.8313
-0.90971
-5.42473
0.7604
-2.11034
-2.6253
-0.3531
0.06675
-1.2815
1.1163
-0.1496
1.7992
-1.7471
-2.1715
-0.5843
0.6767
-0.48542
-0.67164
-3.5387
-0.6215
1.0845
-5.13582
2.8171
-0.38108
-3.4416
-0.35177
-1.413
NA
2.69596
-2.60148
0.8259
-0.7238
-0.3262
0.79358
-1.0534
-1.7875
1.3436
0.37104
-1.24497
5.7582
-1.2659
-0.276
1.4206
-0.3833
0.69
0.3431
-0.1394
-1.5738
-2.79647
-1.1613
-0.0888
-0.1721
-0.18116
-1.21231
4.8797
0.8737
0.3114
-1.09772
-0.28045
0.2789
2.21688
-6.73399
-0.17761
-1.8046
4.54407
-1.2851
-0.6713
1.9941
0.8187
0.17443
2.36575
-0.6043
-0.2254
-4.907
0.7358
1.8179
-0.0956
0.85721
-2.2259
0.5854
-0.52939
-1.8106
1.84151
0.8243
-1.2946
0.27067
1.85141
0.7669
-2.30276
-2.48906
0.1238
-3.7266
0.7413
-0.2922
0.3453
0.2336
-2.365
-1.1705
-1.236
-1.2433
3.32499
-1.37773
-0.2754
-3.0787
1.9031
-1.0133
-0.57981
0.47179
-0.5449
-2.07835
2.1724
-1.33831
1.34343
-0.9408
-0.9579
-0.07014
0.3608
-0.0742
0.504
-0.47688
0.3986
-3.8175
0.09274
0.07657
-0.0561
4.70311
-0.82002
-1.15348
4.85042
2.04282
-4.89805
1.7826
-3.40103
-0.4057
1.8466
-1.07346
-0.9296
-2.3833
0.44722
-1.4527
0.5089
-3.33947
0.83857
-1.2605
-1.0614
-0.5321
-0.21484
0.6297
0.10922
-3.00428
0.4739
-1.0022
0.6298
-3.2248
0.01616
1.6112
4.5439
0.95465
2.5756
1.14678
-2.1897
0.07926
-1.306
-0.01817
0.2352
-2.255
-2.17033
0.65964
0.78855
0.6909
0.13374
-1.62146
2.2741
-0.8455
0.9559
-0.20293
0.85406
0.32582
1.84189
0.6779
-1.507
3.04255
-1.9204
-0.04027
1.354
-1.21873
6.40229
-0.95452
-3.14614
0.7248
-1.28492
1.25082
-5.85933
-2.6147
2.83718
1.6077
3.17438
-1.35223
-1.23734
1.54452
-0.25021
-0.29577
-0.2088
0.50555
-0.6266
-1.1186
0.1023
0.72319
0.2976
0.516
1.3461
-1.0169
1.851
-2.1102
-1.6232
-0.6308
3.4233
-2.8806
-1.39391
-2.31805
-1.5414
1.4109
-0.536
1.9063
-0.07077
-1.6742
0.5785
-1.0192
-1.33175
0.162
-3.4364
-1.13905
0.8558
-0.24145
0.0697
-0.7833
-2.7055
1.2148
-0.109
0.6085
-1.4717
0.0392
-0.0671
2.2159
0.03718
1.4328
-2.4676
3.0752
-3.1812
-1.1941
-2.4538
-1.2039
-12.6318
1.8272
-1.8287
-0.1558
3.0887
1.72878
-0.2966
0.43106
0.1259
2.8709
-4.3678
-1.0814
-2.6854
3.0817
-0.5298
0.9386
-0.4093
-1.972
-0.4073
1.1805
2.6472
-0.8976
-0.70616
-0.7755
-3.12949
-3.10383
-0.19824
0.18364
-1.8011
0.7758
4.75536
-1.53753
-0.00808
1.1396
-2.03915
-0.60017
-2.7701
-0.4584
0.27062
-3.34175
-0.02187
-0.61099
-6.329
-1.02405
0.13479
1.72704
-1.28149
-3.56797
0.99771
0.0466
2.31614
16.21072
0.10181
0.22447
0.87322
1.85543
-0.0564
-0.05907
0.66929
-2.06015
-2.4138
0.37486
-0.39417
-0.721
-1.68094
0.49129
-0.33425
0.2654
-0.23698
-0.457
0.76541
-0.87456
-3.59242
-1.97849
2.9691
0.29912
0.0982
-0.80053
-4.57223
1.00228
-2.25183
-0.46835
0.33654
0.5168
-0.34402
0.95568
0.31374
-1.3728
-1.47632
2.08146
-1.0754
-1.3971
-1.55505
-0.45875
1.43841
-0.01799
-8.3141
-2.04446
0.4603
-1.2068
-1.4713
-0.12817
-2.2979
-1.70173
-0.2112
-0.8517
3.96387
-7.433
0.5499
7.0102
-0.66115
-0.0676
0.3377
-5.06623
0.35255
0.7242
-4.49465
1.8945
-1.347
-0.4638
1.12202
-0.1315
1.7133
-0.24172
-1.77877
1.2098
0.2137
-1.20309
-0.94511
-0.5888
0.15367
-8.7228
-6.00154
1.8347
-3.50265
-2.31218
2.0953
1.2214
-1.6901
0.1822
-0.3395
-1.35128
-1.0195
-0.0622
0.59341
-0.5438
0.95453
-2.1572
3.10574
0.304
1.15215
3.435
1.0179
-0.747
-1.91113
2.1183
1.62137
-0.0126
0.3603
-1.3515
0.14242
-1.9238
0.51495
0.93365
-0.84037
0.18712
-0.747
4.75569
4.5796
2.91654
0.65202
-2.22268
0.2115
-0.79199
2.1581
-2.323
1.0768
2.8237
-1.2878
0.9287
-4.23649
1.46412
1.97107
-1.35467
-0.1945
1.23837
0.90511
0.4797
-1.25967
2.0102
1.07408
-0.542
2.31768
-0.6385
-4.3234
1.01932
-0.19351
0.317
-0.08785
3.92087
-1.7982
3.19378
-7.89488
-8.7958
0.36714
0.7432
0.499
-1.97229
-4.6878
-1.6636
0.579
0.58478
-0.57115
-0.6258
-0.6661
3.752
-1.05375
2.0429
1.711
-1.39969
0.6914
0.96657
8.1836
NA
-4.3826
0.09448
-1.35708
0.52412
-0.42062
0.1042
-0.6462
-0.5817
2.9436
-1.0776
1.0917
-3.5405
-1.0643
-0.83591
-3.03563
-1.8256
1.30702
-0.8205
-0.08665
0.56842
1.53321
-0.9898
1.8727
5.6435
-0.3597
1.64899
-1.5501
-0.9505
1.1871
-1.0591
-0.4917
-0.8974
-0.4953
1.0398
-0.6935
-1.2685
-1.0315
1.2878
1.8576
7.8416
1.4453
8.0428
-0.6095
0.368
0.2732
-0.11548
-1.04376
-0.7449
0.441
-2.2621
2.8225
-1.4546
-1.4147
-2.017
-2.5419
1.17791
-1.7749
-2.1399
-1.35399
0.6845
1.51848
-1.0226
-0.8974
2.3128
-0.8633
0.3327
0.3344
NA
0.3327
-0.3048
5.4548
3.0324
2.8025
0.2425
1.7124
-1.8784
-0.2988
0.3327
NA
0.19458
-1.024
-0.8159
-0.4243
4.5931
0.2488
-0.8905
-0.7907
0.76628
10.0552
0.0843
-0.8569
-0.448
-0.71481
-0.2477
2.9585
-0.9955
-1.4073
0.3315
1.7619
3.7131
-0.6057
-2.9329
-0.0147
1.2574
1.5756
-0.7737
-2.4489
-7.6742
-1.9264
0.3978
-1.92128
0.4721
-3.18153
NA
0.8924
0.84657
1.0078
-14.9945
0.1132
1.20454
2.4174
0.83333
-3.8816
-0.8611
-1.7403
0.74285
-0.5681
-2.9186
2.9306
-1.1256
-1.8913
0.8293
-1.378
-2.662
6.6313
-2.0282
-0.32942
0.666
3.5447
-0.5212
-0.4802
1.52886
1.2506
2.5364
-0.5803
-13.9813
1.3698
0.1119
0.7968
-7.00212
0.15363
-2.16353
0.8339
-0.25722
0.32929
3.70355
3.63878
-1.0183
-0.24854
1.6691
0.384
-0.24694
1.8294
-1.8458
1.72317
2.0642
0.13967
0.0075
1.7972
1.8361
0.895
1.9237
1.0706
3.35322
3.80106
2.86646
-1.4445
2.94884
-1.56703
2.1191
1.27707
2.9973
0.9464
-0.40197
-2.73887
-1.9612
-0.60389
-1.26492
-1.0662
-1.4818
6.8646
-1.02843
0.28307
-4.36432
0.81152
0.6951
0.36745
-0.4573
2.7371
-1.3384
-0.3658
-1.9709
-1.07312
-0.00462
-0.64469
-1.2174
-0.8909
-0.76638
-1.15971
1.3031
3.91265
0.7614
-0.07681
-0.31517
3.36585
-1.08165
0.6864
0.8165
0.3255
-3.6555
-1.5834
0.62545
-0.29495
3.8407
0.65693
-0.01751
0.74467
0.75525
-2.47931
3.89759
2.9176
-2.83945
-0.6271
1.17505
-1.8133
0.31069
2.4337
-5.4634
0.7744
8.38592
-3.6175
0.114
-1.8236
-1.82911
-0.1972
-1.2507
0.99911
1.20946
-2.43114
0.06235
-0.5726
2.0154
0.3369
2.76891
-1.1506
2.4774
-1.24158
0.6369
-3.88106
-9.22465
-1.1417
0.7387
0.2139
0.31433
0.24317
-0.3353
1.0637
1.0717
-2.1092
-1.4995
1.5218
-0.68543
-0.96546
0.4727
-2.2813
-0.9024
-2.6772
-0.885
0.4483
-3.01158
1.1397
NA
-2.132
0.5773
2.2828
-0.04928
0.0229
-2.4197
-1.5745
4.93178
-1.99468
-1.35222
-0.4616
4.30196
-4.7096
1.10091
1.4725
1.3459
-0.2473
-0.72404
4.6174
1.4128
-4.7096
0.27554
-0.64602
-2.1454
-0.5478
-1.837
0.1065
-0.55937
0.3911
NA
0.6148
0.65101
-4.7096
3.3102
-1.4171
0.13748
0.62853
2.4587
NA
0.36
-1.14802
0.46145
0.0952
0.8684
0.58823
-2.0405
1.1041
-1.3377
0.6695
-0.9956
-0.9543
-1.466
3.73397
-0.8417
-1.1622
-0.61634
0.7161
-1.1174
-1.0597
-0.395
0.57941
0.80767
NA
-1.0073
3.0916
-2.1464
0.26219
-0.38333
0.406
0.6518
0.68611
1.2887
2.16112
-0.98856
0.9069
-0.54984
-2.4461
0.21677
0.2989
1.5092
0.3644
NA
1.04201
-1.1544
-1.2796
2.4603
0.58317
1.1614
-0.80058
0.893
-1.2318
1.85833
-0.1998
-3.3421
-0.58979
-3.0594
-0.8894
0.0174
-1.9641
0.10788
3.7871
-3.00316
-0.6239
-2.44267
NA
-1.9496
1.4627
NA
-1.1175
-0.0241
-0.11636
-0.3863
-0.7373
2.09214
0.0903
-0.5598
-0.8223
0.359
-2.6098
-0.4872
-2.369
0.25099
1.228
-0.0936
-3.27576
-5.10788
2.36798
-1.1764
-1.724
-1.7504
2.05085
0.46463
-1.833
-0.3045
3.8792
0.45897
-0.8708
0.36451
3.58186
1.09173
1.71
-3.24426
-4.25342
4.5726
-2.46962
-1.1302
-1.02783
4.9249
-0.566
-3.18318
-1.6825
1.3497
-1.7148
-0.43207
0.9434
-2.0647
2.32499
-3.15019
1.9482
-4.7603
-0.2168
-0.50583
-0.05545
1.4222
0.1206
3.31403
0.6419
-0.34108
-0.1858
1.7087
4.54605
3.82407
-1.1087
-2.67107
0.8106
-2.1209
1.4187
-0.4218
-1.78428
-1.77154
1.5031
-0.07136
-0.4328
1.5122
0.7948
3.69475
-0.0433
-0.2473
-1.3116
-0.85395
-1.236
-0.81083
-5.06608
4.75448
0.92382
1.05639
-0.1251
0.4474
NA
-0.8416
-1.7851
-0.1443
-0.1046
0.83466
-1.1922
1.2423
-1.1175
0.78718
0.89966
-1.7526
-2.219
-5.844
-0.5724
-0.24
-3.339
0.3866
-3.31914
0.3154
1.0358
-0.98319
0.9215
7.1834
-0.18295
4.8833
-4.3055
0.5486
-0.4234
0.3652
-1.609
1.0371
-2.6732
0.17471
0.99874
-0.7833
-2.4786
0.3476
0.3213
1.91789
-0.554
-0.1415
5.3388
8.3368
1.2102
2.3374
-1.2288
-5.71742
0.2707
-0.2242
-0.74762
0.4683
5.7336
2.0706
-2.8921
-2.03861
-0.2465
-2.1238
-0.0826
-8.6709
-0.37524
-1.086
0.4244
1.0973
-0.3984
2.4011
0.9453
-2.74788
1.31779
0.33718
0.79837
0.7334
2.1228
1.41518
-1.4717
0.1225
0.7845
-0.8476
0.4316
-0.8041
0.6434
-3.77308
-2.5458
-1.63698
1.5261
-2.3864
0.48354
0.23283
1.30298
0.7274
3.1942
-0.55565
0.6724
4.5255
-0.07648
-1.63707
2.11258
-5.744
-0.1664
5.8161
-3.1723
-0.60948
1.71678
0.3326
3.5067
2.57733
-1.5429
-1.66672
0.8455
0.69249
0.7074
0.4962
0.52793
0.017
-0.4843
2.05501
2.7173
-1.1616
0.2685
-1.1483
-2.188
1.136
-2.6339
-2.2628
-0.7724
0.2437
0.803
4.656
-0.3605
NA
-0.6858
1.5507
-1.2569
0.64084
3.4568
2.4942
8.96818
1.4855
0.1621
6.01108
-0.1616
0.7858
-0.5998
0.074
-0.02755
-1.6246
1.2489
-0.4786
2.0012
-2.2782
4.4407
0.6101
2.81061
-4.61956
-0.3851
7.68337
-1.42614
-9.5696
-0.9103
-0.3941
0.56119
1.95308
5.90865
-0.5299
-1.804
0.0965
0.6857
-5.59606
-0.0096
-0.9804
-1.9217
1.19175
-0.64875
-0.4947
1.273
-2.0294
0.8736
-0.2388
0.9387
-1.03057
-13.0957
0.80365
1.5122
-0.95
1.04232
-0.32783
0.5322
0.51845
5.1556
4.40654
4.32938
1.93339
-1.70498
-1.8066
0.6437
-0.3879
-0.42312
1.7543
-0.4795
0.01922
0.47319
-0.6108
-3.8335
0.00939
-2.58962
1.14334
-6.0372
0.56436
2.5028
0.5714
-1.16426
0.0335
0.25989
-1.4408
0.74435
2.43784
-3.2541
-3.1483
0.4496
1.58374
1.4368
-2.66498
-0.37103
8.2137
-0.5628
-1.20879
-1.63394
3.0583
1.37919
0.8414
1.5533
0.2247
-0.47044
1.1318
1.8226
0.33863
-0.1655
-2.1715
-0.07408
-1.06979
-0.1791
NA
-1.00763
-0.50527
2.69101
-0.02407
1.2882
4.7874
1.4491
-0.5936
NA
1.673
-0.06258
0.45063
1.83901
NA
-0.01147
5.11069
0.85517
-0.01533
-1.1598
-0.4828
-3.4354
-0.03431
-0.02761
0.8254
2.04443
-2.16531
-1.05416
-1.438
1.56246
0.951
4.28244
-0.16481
-1.26361
1.724
-1.5013
-0.0368
-3.1726
2.7825
0.0954
2.18075
-3.3122
-0.66333
-0.08284
0.5672
0.2516
1.2276
1.19483
-0.8081
-0.2126
-0.71121
0.06843
0.61
NA
1.67453
-0.8081
11.99802
-1.0269
0.04866
-0.00265
-0.7385
2.1958
4.6264
2.15738
-0.80213
4.9455
1.1965
0.0875
0.6004
-0.26837
-0.4739
1.8179
-1.2188
0.03953
-2.56201
2.7489
2.2944
1.211
-0.49541
-1.2389
-2.6339
-3.04268
2.4566
-0.00335
0.2512
1.52746
-0.54359
0.5952
4.5944
-2.4062
