-1.1584
-2.3692
-2.16829
2.2058
-5.2366
0.9368
-0.5498
-0.9543
0.07961
1.2109
-1.82074
1.0581
1.01975
1.1148
1.7793
0.2573
-0.5464
-0.2193
3.4158
7.5311
-20.1427
-7.1554
-3.64797
1.5331
-1.0344
1.5006
2.6974
-2.5277
1.59871
3.0759
0.49214
0.93572
-1.0916
4.8616
-1.2164
0.516
-3.39119
0.5946
-1.41855
1.0177
-0.69311
0.5854
0.5526
-3.85502
-1.526
1.3079
-2.0244
4.6035
-0.3161
-0.1659
0.5207
0.4525
0.0231
-1.0816
0.3024
-0.7952
2.6062
-1.4189
-1.0321
-0.5797
-2.09274
-0.4149
0.0568
1.1963
-0.1425
-4.619
-1.2678
1.1015
0.3686
2.3867
0.32252
-3.14976
-0.9204
2.9647
-2.15151
-3.3867
1.0828
-10.7401
0.6208
-0.6064
0.2773
2.5472
-25.1068
0.8551
0.9906
-1.1783
-1.449
-5.4018
1.5411
4.2453
-1.03531
1.90858
0.6756
-0.6078
0.5879
-3.1293
-0.53238
1.19354
-0.1938
0.3985
0.8633
0.9622
-2.8004
-2.176
5.3786
1.5646
0.66
-0.803
1.2688
-2.0131
1.36402
3.0178
0.5813
6.6848
-1.5489
9.9388
-1.711
1.1955
0.2377
-2.5918
-0.4086
-1.3882
3.4006
1.7127
1.8581
0.3752
-0.46156
1.2085
-2.6565
-0.13452
1.163
7.7008
-0.4455
-0.248
-1.113
1.4278
0.1796
-0.1695
-1.5063
5.5391
-3.3537
-2.6281
-0.2833
1.4658
7.4268
0.2928
0.3711
-2.4504
-0.3357
-0.5453
-0.681
-5.5986
-0.9473
-0.9636
-1.106
-4.3269
3.5258
1.766
1.1314
0.3258
2.2716
1.7905
0.2636
-1.1066
-0.8046
-1.8795
-4.4799
-0.3389
3.9615
4.0207
-0.6284
-1.5995
-0.7164
1.1953
1.1226
1.583
-3.9436
1.4519
3.1559
0.3084
2.5798
-3.4622
-1.1897
2.3636
-1.1094
0.7987
1.5359
-2.3945
2.1
0.2207
3.8587
-1.3735
-2.1322
-2.6523
2.9613
1.8488
0.215
-2.3212
0.8589
-0.3172
-1.7171
-4.7651
2.5295
2.59
-0.1458
0.7981
3.234
-0.8579
-0.8328
-3.4673
1.0101
2.4425
-2.813
-2.1908
0.8548
2.2119
-2.6322
0.2918
2.3247
-0.0862
1.5539
-0.4884
0.5341
2.0994
-7.601
-0.6961
6.5884
0.0789
0.69989
-1.9273
-0.01264
-0.2561
2.4257
3.04573
0.08026
-0.08908
-1.2164
0.6814
1.77012
0.5031
-1.0261
0.4238
1.22429
-0.39382
0.98071
1.68355
-0.4083
-14.5921
-0.9095
0.4731
0.477
-1.4004
-1.6399
1.0752
0.3153
-0.9254
1.5674
-1.1333
1.7767
-1.3675
-0.8248
-0.3224
2.9649
1.6594
0.606
-0.2942
1.3815
1.4789
-1.5731
6.3455
-1.9969
2.0358
-0.2683
-0.6764
-0.8242
-0.057
-0.6362
4.7331
1.4299
-4.7503
2.6451
-1.7564
0.126
-0.7508
1.219
0.6588
-0.2712
-0.4118
1.2883
0.2348
-2.2947
2.5842
0.4451
-0.3615
-0.6766
1.4514
1.40386
7.98785
2.30455
5.93847
2.0787
-2.00155
-1.83389
-0.2435
1.51975
1.82889
-1.92836
0.19349
1.6027
-1.39299
-3.29428
-3.14009
-1.68278
0.99943
0.30272
-1.463
-2.2408
0.2835
3.6909
-1.1041
-1.1839
-0.3643
8.799
-1.0108
0.8558
-1.066
-1.6429
NA
0.6992
-2.4831
4.9971
0.573
0.9039
-0.6098
1.2643
-1.4062
-1.3676
-0.2934
-4.8255
-0.8592
-1.261
1.055
-2.4097
-2.5852
-0.6724
0.1669
-0.6969
1.5888
1.42795
-0.2868
0.18503
1.6503
-0.01765
0.80474
-2.47877
1.2066
-2.22393
5.22361
2.0289
-6.7947
0.4135
-1.67769
-1.3751
-0.92806
-0.60909
-0.5117
1.2201
-0.9145
-0.3211
-0.6423
2.2985
-2.0382
1.361
3.3325
-6.1658
0.7899
2.6184
4.4472
-0.88055
8.7484
0.10892
-0.0767
2.1817
0.1326
3.4327
0.48252
0.1713
-1.7808
-3.1797
1.4144
-0.82797
-0.548
0.9599
-0.4328
-2.5264
-2.9562
-2.2885
3.6574
-0.52073
2.1258
2.0684
-1.7647
0.3761
-1.85977
0.9371
6.5971
0.7761
-2.1904
0.70318
7.7008
1.9593
19.9609
1.5051
-0.2574
1.8248
1.5009
0.3065
-1.9905
0.0466
-0.0753
-1.54441
0.1168
-1.11822
0.89628
0.674
2.5465
-1.5615
-1.7608
-1.5585
NA
0.587
NA
NA
-8.3839
1.4465
2.9981
-1.795
-0.165
1.4991
-0.2474
-2.1432
1.2446
2.7096
0.5923
0.8088
-2.8644
-2.0596
-0.4735
-3.8005
-2.8274
2.87932
0.0055
2.9025
-0.6096
1.1516
0.1296
-0.7032
-1.8721
-11.6577
0.8482
4.9089
-0.1616
-1.8298
-0.34065
1.07992
-0.27087
-0.25695
-1.3384
3.7909
-3.2446
-1.3521
0.47442
0.8274
-1.292
-2.74732
1.1576
-2.4995
-1.1462
0.8829
-0.93741
-3.2407
6.9475
-0.3672
-0.3511
-1.0873
-4.1606
-1.4023
-1.1454
-1.1949
-0.4427
-0.9529
1.7097
0.8146
-0.5158
-1.7292
3.583
0.3547
-2.1804
0.3669
-1.8676
-3.9602
-0.5059
0.1764
-0.16076
1.1224
-1.7861
2.2753
-0.4254
1.8723
3.0733
-2.3572
-1.3461
-1.3605
0.45993
0.7795
1.4982
2.4865
-1.3611
-3.21474
-0.9938
-0.01887
1.631
3.4339
0.83918
2.38456
0.5563
0.0196
5.0658
1.6869
1.7622
-0.2504
-0.25796
-2.0906
-0.7618
-3.0063
-0.0479
0.4932
-0.5458
1.4574
-0.3544
-4.08908
-0.4309
-2.90298
0.30169
0.6301
0.2082
-1.9114
-2.4348
-1.34553
0.7125
-3.7987
0.0032
2.6898
1.0115
-4.273
1.2496
-1.9583
-0.1085
2.0134
1.641
0.6521
-5.2336
0.1048
0.8692
-0.4932
1.6605
0.8257
-0.4427
-0.1226
1.872
-1.0199
NA
NA
NA
0.0602
1.33304
0.72748
-1.5523
1.4428
0.7943
0.80096
2.47189
-3.973
0.3368
2.26655
2.17494
-3.134
-0.8823
-0.4555
-1.0141
0.6643
-0.4419
-0.46966
-3.81731
-1.2369
-3.98258
-0.8911
-1.18589
0.53033
2.1385
0.0544
0.7467
-3.4765
0.2216
-0.1184
0.5715
-2.5589
-0.05905
1.64417
-1.4258
-0.1202
-0.84279
-3.68731
-4.54818
2.559
-1.9374
2.0683
2.5539
1.28
0.0823
-4.4462
-0.76385
-2.76791
1.60837
-0.848
0.9451
-2.98805
1.879
-3.1915
-0.1932
0.0653
-2.4404
0.4828
3.4701
-2.2585
1.4447
-0.0397
1.0761
-0.136
-1.7406
-2.9734
1.935
-0.9837
-0.5904
-1.1899
1.7965
-2.063
-1.4364
3.6952
4.2066
1.631
-0.4343
-0.5994
-1.8731
-1.3782
9.2086
-1.6059
0.4104
0.2582
0.0804
-0.312
-0.2795
6.7063
-0.9959
-2.8836
2.3374
-0.76666
0.38578
1.24959
0.00543
0.12491
2.16522
-2.5113
-1.2522
-0.6369
2.2155
-1.1485
-0.9399
0.3529
0.4633
4.6843
0.313
0.0721
-0.8733
7.4262
8.4088
-1.0881
-2.7213
1.0001
-1.1738
-0.7988
-0.3324
-1.2838
1.0841
3.86613
3.4302
-1.1467
-2.22815
-0.3846
0.1424
3.945
-1.0752
1.77488
1.31205
-1.9658
1.2133
2.3758
-0.6613
0.1161
0.883
-0.2662
0.2316
2.2685
1.1338
1.26261
0.8365
-0.9651
0.43813
1.06575
0.36979
-2.3115
-2.5828
0.3932
-1.20621
-1.695
-0.4631
1.42143
0.55528
0.1344
-2.0717
1.9697
-1.717
1.3154
0.6229
-2.333
-0.472
2.12497
-0.9944
0.4045
-0.5425
0.5019
-3.109
0.6614
4.2625
0.6156
-2.4365
2.1004
0.084
1.6389
-0.0214
-0.882
-0.3761
0.1129
0.64634
0.7902
1.4646
0.9165
-0.6818
2.0975
2.1017
-0.8426
-1.98514
0.0573
1.0578
0.1103
2.24758
0.5612
0.35931
0.6349
2.232
0.555
3.4191
-0.9295
0.24358
-1.33858
-3.4931
2.6688
-6.7881
0.8609
0.5469
0.259
0.5835
-2.96087
-1.58105
1.3147
0.8066
-0.5719
-3.6439
3.7052
-0.3985
3.2879
0.63
1.14101
-1.268
1.315
0.5824
-1.8533
-1.0784
-4.522
0.1461
0.341
2.318
1.127
0.889
-1.475
-2.35
0.261
4.5365
-0.9326
2.89612
4.2946
0.6828
0.3118
0.8644
-1.5526
2.598
2.2075
1.7854
-4.7531
-3.7948
-0.1755
2.2427
NA
6.1702
0.0981
-1.2104
-1.3741
-3.8612
1.5692
0.103
2.2175
0.4179
0.2915
-0.5739
0.5911
1.9141
0.9658
0.1959
1.61575
-8.7495
0.52456
-0.39158
2.62253
-0.4221
-1.6712
1.1061
-13.8552
-0.2178
-1.1484
-2.825
-3.4164
4.1627
0.3265
-8.4206
-0.3314
1.799
-0.53064
0.2317
-1.2931
2.9532
-1.2141
-4.0498
1.3362
0.23
3.5912
3.9314
1.1416
-1.1675
0.1465
1.0236
1.1549
-0.5744
1.6614
1.0876
1.8341
-0.2281
-3.7349
0.9768
-0.3419
-2.004
-3.3434
-0.4896
-5.7405
1.9853
0.9841
1.08346
-1.1062
4.20709
-1.50859
-1.6514
2.9817
0.11565
1.7301
-5.8752
-2.0834
-2.0614
2.8499
-1.3978
-0.2314
-0.7732
-1.2037
1.1833
-0.3843
-0.6144
0.2012
3.6246
-0.6406
-1.4888
-2.07186
1.42824
-0.00228
-0.6059
-2.4019
-0.0311
-3.2587
0.0894
-0.50305
-1.79889
-3.4568
0.39848
-0.00899
-3.3677
-0.0409
-1.8527
0.4649
1.2062
-1.7499
-1.8325
2.55309
-1.28351
0.2562
0.1096
0.636
-9.8469
-1.50199
0.23786
0.16395
-2.69496
-0.1022
-3.3018
-2.6281
0.4728
-2.7017
0.9913
1.5626
4.4218
3.0198
0.1896
2.0295
-3.6271
0.2446
3.9554
1.3028
-5.2272
1.4047
-1.96855
-2.9164
0.3032
0.3018
-0.1561
-0.39818
NA
-1.12804
-3.71218
-1.5106
0.78624
2.1234
-0.8213
3.1528
2.6863
0.9078
0.5756
0.5534
1.6043
0.0998
-0.3874
0.73401
-1.3429
-2.4257
0.7246
-3.5451
0.68819
-0.5975
-0.3341
-1.5458
1.43211
1.8635
0.5001
-1.6267
0.4617
0.0995
-2.042
0.447
2.4027
-1.0471
-2.326
2.9024
0.1231
-0.0545
0.6791
0.9019
1.8521
-0.78
0.58763
2.9479
1.1122
0.5914
-0.71587
-1.0488
1.0014
4.1583
0.6664
-2.2102
2.3865
1.0752
-3.3549
-0.9869
0.0885
2.29074
-0.467
-5.3765
0.3567
1.178
2.8558
8.0101
0.5323
4.7171
1.1514
0.76968
-2.3571
3.6052
2.7007
-1.439
-0.38569
3.7117
5.7912
3.0103
2.3033
-3.1424
1.052
0.0641
-2.63369
-0.2507
4.4841
-3.78495
-4.5575
-0.65841
6.3482
-1.3244
0.8
-2.4476
-4.59577
0.79191
0.587
3.56659
1.9001
0.9672
0.569
-0.9372
0.6148
4.5264
2.2572
-0.9394
-1.0236
-0.4698
-0.3713
0.17662
2.2739
-1.8121
-1.3764
1.8666
-1.0159
0.4543
1.3309
11.6281
-1.5741
-0.6814
4.3924
1.4273
1.4638
-2.0993
8.2137
1.71408
-1.1544
-0.3549
-0.5322
NA
4.06976
-1.54995
-1.95697
-4.0957
-7.70008
0.3492
-0.19923
-0.7595
-4.1188
2.2373
4.5627
-1.7488
-1.14987
1.86248
0.21537
-4.1585
5.9441
-0.4675
-0.7099
0.435
3.4366
-0.3826
-1.8902
NA
3.8608
0.721
0.2147
1.11928
-0.4668
0.2306
5.3254
1.4508
-0.084
2.782
0.5072
-3.0047
-0.4979
-0.7314
2.7613
-0.82513
-0.92058
1.8897
3.3194
1.2764
-5.5819
-1.2458
3.2998
2.8945
0.2633
0.32417
0.7428
-2.01548
2.24532
0.3564
-1.6588
1.535
1.4327
-1.70807
NA
-0.7532
5.8016
NA
1.6532
2.6359
0.646
-0.8154
-0.04908
1.351
-2.507
-1.996
-0.30795
0.2202
1.4338
-0.79688
-0.2359
-6.4712
-7.85453
-3.7098
2.4763
1.9959
2.4799
-0.00903
1.1675
-2.2226
-0.5346
-3.5141
-0.3274
-3.8575
2.7027
-1.2272
1.6745
-15.117
0.6825
4.67719
0.2702
0.7121
-0.2666
-1.2574
0.2646
0.1165
3.4254
-1.0264
-1.96739
-3.5206
-1.66871
-0.6641
-2.216
-1.5337
1.25
1.5333
-2.8211
0.19731
-2.1092
-0.29206
2.0225
-0.276
0.9437
-0.42
0.95095
1.6342
-1.2848
4.7472
2.2165
1.05562
-0.8472
-4.415
1.51286
-4.9199
8.1496
-0.5343
0.87792
1.434
3.024
-0.1887
2.4565
-0.9081
-0.4613
2.06815
0.8693
NA
-0.9412
-0.0532
1.8335
-1.6798
-1.4348
-0.5327
0.9446
-1.0026
-0.8295
-3.2515
0.432
1.4334
-0.6034
0.99807
-0.23424
-2.3567
-2.3901
-1.0348
0.5597
1.4381
0.194
-1.0427
-1.6862
NA
-2.523
-1.3826
0.2341
-0.756
-0.9395
-0.3833
1.9357
-0.6781
0.5773
-2.0642
1.2021
2.758
-0.3015
0.03
0.71063
-0.8839
-0.0521
-2.9025
-0.5315
-0.1161
-0.0461
2.4537
2.1997
3.51799
2.0932
-2.5172
-1.3173
1.40384
3.1557
1.8652
NA
-3.27868
1.0416
0.94764
-3.0074
NA
0.9528
0.9376
1.5069
-2.7567
0.2425
-1.171
0.2511
-1.60022
0.9861
-1.00075
1.3649
1.044
-0.8459
-2.1761
-0.2663
1.1877
0.1791
0.6966
-0.8946
1.2589
3.8859
-1.3088
-0.6707
NA
1.8322
-2.1795
-3.6069
-1.6916
-3.25949
1.6218
NA
-0.8858
-2.2753
-1.2464
-3.7257
-0.4616
2.2426
-2.5309
-0.7189
-0.7108
0.1196
NA
1.3867
3.8555
0.8181
-1.71916
0.7892
0.1355
5.8594
0.65657
-1.6438
-1.2552
0.9279
0.307
4.2553
-1.2445
-2.2555
-4.2255
1.4961
NA
1.1222
-1.2867
2.0155
0.7805
-3.4066
-2.7061
-1.88544
0.2174
0.9216
-0.7417
-0.4661
2.0788
-0.6492
-1.0103
0.2943
0.459
-1.6908
-1.4574
-1.3664
-4.8921
1.8301
2.4073
0.4713
0.0885
1.4378
0.2977
1.3875
5.3483
0.6743
NA
NA
1.64366
NA
0.1229
NA
NA
NA
NA
NA
NA
1.2017
NA
NA
NA
NA
-0.2277
NA
0.8263
-2.74589
0.6408
0.7778
-0.0794
5.3416
2.3411
-1.83
-0.2508
0.45439
0.2343
0.3735
1.8556
2.76713
0.4464
1.1929
2.0317
-6.65329
-1.34192
0.4268
0.5015
-0.3675
NA
NA
-1.4137
-3.2599
-1.6755
-2.789
-0.27573
1.7521
1.5883
2.8694
1.3532
-10.9147
-2.4144
-0.3509
-0.8973
0.0698
-1.0162
-1.1537
-0.9743
1.5769
-2.53564
3.0979
NA
-1.285
-2.8973
-0.1572
2.9161
-0.98279
-2.0857
-1.8023
-1.9014
-1.9555
-1.35337
2.0228
-2.1484
-0.5714
-1.0122
-1.6305
0.4424
7.8442
2.3145
-8.2137
-1.187
-2.21598
-2.47636
-0.56621
4.941
-1.46977
-0.4899
-0.9083
2.7733
3.0994
0.8214
-1.5367
-1.217
-1.8914
-0.0847
1.0224
0.3355
-2.3934
NA
-0.7368
0.1363
-2.3827
0.583
-1.1331
-0.68148
-4.6329
-0.6038
NA
-1.0037
-1.1055
-3.7777
-2.0719
-0.274
-0.0886
2.4915
-5.5946
-2.01137
1.1735
0.4843
0.7143
NA
-5.9707
-1.611
2.005
0.5083
1.2948
2.1495
-2.62224
-4.9158
-1.3321
-3.2097
-0.1476
-0.8266
1.893
-0.4248
-1.2462
-0.4326
0.8775
-0.3507
0.94
-0.7094
-0.2271
1.305
-1.5997
0.76016
-0.055
1.26702
-2.2848
-0.146
-1.2567
-4.9158
0.98106
0.0242
-1.9241
4.0959
1.1422
2.0255
0.5773
1.9448
1.0908
4.6021
-1.0151
0.48697
0.3444
3.8859
1.3202
-0.014
0.1357
-4.1908
0.828
0.7744
0.8438
-1.60297
0.825
-1.2774
-0.0547
-4.1456
2.1398
0.0292
3.6079
0.1438
-0.4744
0.722
-0.6277
-1.0887
0.3014
0.5567
2.0795
-1.9744
NA
-1.3817
0.2269
-4.6318
1.9207
1.4524
1.7825
NA
-0.9743
-0.9534
-2.9526
NA
NA
-4.3723
1.3297
1.4345
-4.2233
1.2031
-0.9747
2.4432
-4.8714
-0.0465
-0.0713
NA
-0.1723
-2.8314
-0.77025
0.368
-0.19958
-1.4457
NA
-0.8081
-2.0214
-0.2346
2.3393
-1.8273
-1.5058
-0.3661
NA
0.8154
-0.903
NA
3.8515
-1.6725
-2.4285
-0.1477
NA
1.9382
0.8754
-1.0322
0.8447
2.8353
-1.5915
NA
0.9155
0.29525
-0.5785
1.6544
-2.6198
-0.4538
-0.593
NA
-0.4661
0.3055
0.3361
-1.93724
10.1254
-1.1787
1.2239
-1.9614
-1.0274
0.9139
-0.80268
-0.8384
-1.788
1.7334
-1.2451
2.2088
NA
-1.2186
-0.62761
1.5593
-2.2637
0.51
2.1802
-2.251
0.3063
8.7484
-1.1424
-1.384
0.5142
-3.45139
0.4568
0.337
2.3677
-1.4144
3.107
1.3214
2.0451
-1.08911
-1.3788
-1.5526
-0.5698
-3.1826
-1.7637
1.4041
-2.3885
-1.91568
-1.4496
-0.9387
0.0834
1.3404
2.1996
-0.3331
5.5161
1.8417
NA
-0.7249
1.1067
-1.2124
NA
-0.7195
-0.6365
-1.0528
-0.667
0.714
1.079
2.4547
NA
0.4947
0.7945
-0.1718
-2.59235
-1.6253
-0.6886
-0.871
1.7543
-1.5483
0.73306
1.03638
-0.2357
-3.8081
-4.5512
1.9746
-1.4179
-7.2454
NA
-1.0444
-0.9017
-0.51039
NA
-0.702
-0.1312
0.6164
-0.2488
1.9968
0.294
0.3035
0.643
-0.4065
1.0629
-0.1318
-0.2062
7.9268
0.1601
0.8253
NA
1.53764
-0.0565
-10.1146
0.2082
-0.9041
-4.7468
-2.7654
-2.7366
2.064
0.3539
1.7922
NA
-0.0048
-1.6208
1.0445
2.841
-4.66213
1.11082
-1.057
-0.9449
0.0314
0.0928
0.9485
NA
1.9217
1.6284
-1.223
-0.1716
0.1744
-0.8467
-5.34889
-0.366
-1.76146
-7.5215
0.731
-0.1665
0.2738
-0.9118
0.5171
0.8452
-0.96305
7.7008
1.5411
-0.0731
-2.3356
0.7717
8.9455
0.76923
1.9792
-0.7661
-1.54126
-0.8081
0.4412
-0.475
-0.4678
0.7177
-1.77747
-2.0174
-0.0018
-0.944
-1.88538
-0.1981
-0.4698
-0.6073
0.0203
-3.4768
-0.0993
0.2171
-3.5457
NA
0.8899
-1.3444
1.6043
-3.50195
1.5341
-0.3047
1.106
-0.82571
4.1179
2.6876
1.2678
1.55226
0.1161
1.4039
-2.8003
2.892
-1.9872
0.6528
0.6817
-0.0081
-0.1224
-0.8407
-1.7307
-1.26651
-1.63558
0.25243
3.3511
-1.7766
-0.0873
6.32973
-0.0315
4.6675
-0.6494
-2.9131
-1.6815
0.801
0.0891
-0.4411
0.64833
1.0319
-3.5122
-0.5207
0.7479
2.568
-3.6139
-0.00299
0.4924
-1.0004
-0.858
-1.5353
0.3855
0.2885
-0.3511
1.206
-3.6761
1.4189
-0.4222
-0.45494
-0.6695
-0.5446
1.4706
1.8283
-2.585
-1.5689
-0.7341
-3.8648
1.00999
-1.0231
0.2302
0.08123
3.8817
-1.4693
-0.885
-1.98381
0.3114
-1.6483
3.2654
1.8655
-2.8947
0.2646
-0.288
1.1931
0.95893
1.80788
0.57656
-0.5313
0.48653
-0.33082
-1.7037
-0.62112
-2.0151
1.17756
1.02249
0.43787
-1.75983
1.2141
0.56929
4.8833
0.99667
-0.99673
-1.10552
-0.3689
-0.07764
-0.1365
0.6779
-0.35251
0.0671
-1.40999
2.1666
-0.253
2.7319
2.02366
-0.1876
0.79412
-2.38133
0.6748
0.4207
3.2847
-0.08427
-1.129
7.52908
-0.4575
0.2659
1.03101
-0.6248
-1.514
-0.68185
-0.50594
-0.37792
1.20423
2.4957
0.4973
-1.1598
-0.8725
-2.37037
-0.19204
-0.9437
-0.60581
-1.58651
-0.4815
-1.13745
-0.9625
-1.03752
-1.24531
0.77603
-1.21658
2.2159
-0.85273
-1.1941
4.5019
2.9987
-1.1004
-1.07081
-0.19402
2.46891
-1.2445
0.43933
-2.152
-1.6906
-1.6548
1.3068
-0.216
-1.7421
0.2807
-1.4017
0.3061
0.2519
3.30245
-0.27329
1.52012
2.9711
-0.2995
0.24837
1.0834
-0.4974
0.19044
-1.94506
1.8382
0.32421
-0.21923
2.01789
-0.1396
-1.7265
-5.4901
0.1666
-0.7207
5.6965
-0.62326
-0.8517
-0.4162
-1.0494
-2.547
-0.7232
1.7061
-3.063
-2.1611
-0.7543
-0.6038
6.6576
1.5806
1.2098
0.5657
-1.38989
2.1914
0.4388
-1.0952
6.05703
3.8389
-0.3564
-1.4133
1.0768
-1.0472
-1.37148
2.0102
0.3026
-5.5229
-0.00975
-0.7983
2.8591
-8.7005
-1.2717
-1.6015
0.579
-0.3134
0.2148
0.627
8.0173
0.5243
0.4794
-3.1915
0.6944
1.5657
-1.9607
3.164
-1.76475
2.87053
0.3419
-1.5365
-0.3071
0.852
8.2449
0.5427
7.837
-0.3013
-4.0433
-1.9487
-2.2186
-1.4033
-1.7749
-0.8633
-2.32
2.2122
-1.0226
-0.8633
8.2137
0.6616
-4.0653
2.8025
0.2668
NA
4.7762
NA
-1.1355
-2.2819
-1.0895
-0.3275
-0.0479
-4.4882
0.0682
2.0513
1.3176
-3.81
-1.5899
4.8657
0.1179
2.9493
0.78449
1.282
0.4799
0.0273
-0.8694
-0.8377
-0.5681
-0.7285
-0.9018
-1.9723
3.1855
1.8425
0.7211
0.8909
1.6239
-2.4831
0.0511
-0.9808
1.5514
-1.3031
1.1267
3.3137
4.0952
1.4295
-2.5117
2.4122
-1.4529
5.8779
-0.0212
-1.5819
-0.215
-0.4573
2.4131
1.9822
-1.0996
-2.2328
-0.8909
-0.9376
0.7614
0.0828
-4.5623
0.9517
-2.5991
-3.4454
1.0032
-1.0404
4.2702
1.2587
2.5786
-1.5587
4.4644
-1.6388
-0.2271
1.369
0.6461
0.47158
6.5767
0.7387
1.98922
0.5324
-1.5953
4.2403
0.38276
0.0114
-0.89265
0.1017
-1.7062
2.2948
-0.15079
-2.5674
-2.6991
-3.0358
0.32543
-0.21
-3.702
-1.6895
-3.80937
3.0006
-0.0604
0.5784
-2.2461
-0.1482
2.8157
-0.872
-0.92236
3.0916
-3.62612
0.8561
NA
0.6963
-0.1998
-3.53691
3.038
NA
3.0574
2.1249
NA
1.478
-0.4771
0.0826
-0.2242
-4.41939
-1.1883
0.6156
0.7526
1.0613
-1.8492
0.7689
1.6927
2.0913
0.2113
-0.1125
0.6486
0.4643
-0.8041
5.4412
0.5566
-0.7668
-0.75973
0.5918
-0.1223
-1.96
-2.54912
0.8191
-0.2814
-0.9461
-5.3415
1.513
-2.2289
-2.0248
1.4263
0.578
-1.4243
-1.6248
-6.2103
-1.261
-3.9195
-0.80641
2
0.1672
0.486
0.3476
-0.087
0.1876
-1.2288
0.70287
-0.0898
-5.7744
2.6701
NA
6.2611
3.0705
0.0696
-0.98393
1.6938
1.08506
-0.1277
-0.2198
0.3024
-1.8137
-1.2366
-1.78064
0.5169
1.698
0.974
-0.3366
-2.1267
-0.72265
4.5255
0.4822
-2.063
0.3736
0.4962
-0.9838
-0.4054
0.1684
-1.1546
4.656
4.30202
1.8099
0.4934
2.2891
0.4859
0.1621
1.92555
-9.5894
-0.3941
1.16176
0.3107
-1.11747
0.4701
-1.8395
-1.3311
-1.2335
0.9043
1.3733
1.5873
-2.2565
-0.13077
1.7543
-0.1201
-0.1678
0.7006
1.6241
-1.3819
-0.48486
7.4328
-0.0447
-2.3084
0.6058
-0.51
3.1765
-0.01621
0.8303
0.2087
-0.19826
-2.33354
NA
2.3128
-1.2091
0.2277
-3.4579
-1.72992
-1.438
1.0051
3.71003
0.1271
0.1387
0.5428
-2.6038
0.6211
2.0125
-2.6137
-0.9534
0.2927
-0.5686
1.5297
NA
-0.8081
3.0658
1.0505
-1.2345
-0.0964
-2.1775
2.2805
-0.72544
0.24635
