1.5372
3.9802
-0.78508
-0.293
1.8342
0.5031
2.9522
-2.1218
2.6472
-0.5318
-5.842
2.188439
2.2067
4.22374
-0.8226
-1.1854
0.0414
-10.5828
0.21592
-1.0963
1.64343
-0.1048
-0.8292
1.3097
0.7663
-3.50807
2.03954
1.7095
-1.7866
2.193813
-0.2193
3.0374
-1.0279
0.6684
-0.9687
6.5077
-0.3577
0.27607
0.89433
3.51145
-0.90319
-1.7298
1.5006
2.11843
3.91
-1.3508
-0.4183
-0.0751
0.9935
5.3981
-0.8603
0.17595
1.07944
0.70358
0.3549
0.183699
-4.50436
0.95413
2.2678
1.2264
-2.116304
-6.6704
-5.9886
1.6619
NA
-1.6053
-0.20303
1.4952
-5.3167
NA
-3.5576
-0.6012
-0.6047
-9.9625
-0.3134
-1.411
0.7017
2.0128
1.36923
-3.7777
-1.0896
0.4993
-0.47363
0.9243
2.6619
1.5529
1.2779
1.34966
-0.7114
-0.7079
-0.8108
0.9645
-1.7309
2.48556
2.5391
0.7537
-0.1326
-0.51969
3.4545
0.8327
1.14814
-2.442
0.5234
-0.4574
-2.8379
1.1778
1.737
1.7907
-0.8465
-0.4542
-1.90088
-0.5053
-1.98995
1.05044
-1.2192
1.1066
-0.987
-0.6499
-0.1425
1.275
-2.01153
0.04396
0.26678
0.12737
2.3867
-0.0546
-2.2159
-1.4451
-3.1364
-0.9017
1.53889
3.457617
-1.0266
-0.3604
-3.74109
-1.48474
0.20792
-1.2984
-3.600803
-4.76814
-3.999
0.265429
-0.4984
0.04
-3.5698
-0.3157
1.09882
0.2934
-2.59657
2.43739
-0.03388
0.9553
-0.7071
1.0528
0.5245
-23.9865
3.0392
1.9738
0.7865
-2.2808
-0.5236
1.19272
-4.1968
1.13004
1.3995
0.6154
-0.7399
-0.144
-0.3082
3.1218
0.0795
-4.8997
-2.58244
0.7084
-3.53876
0.6573
0.9209
-0.1842
1.8366
-1.1723
-6.3386
0.1498
0.66
-0.803
-0.13625
2.4119
0.57292
-0.5721
-0.9306
0.72828
-1.92781
-4.41663
-4.37045
0.8923
1.347157
-2.6217
-1.13438
-1.25
-1.1406
-1.1632
-0.747
-1.0607
-0.6731
0.8219
-1.17316
1.6451
-2.6001
1.6083
-0.7233
-0.7298
0.29211
-1.27149
-0.3881
-0.64365
0.06902
-0.52036
-4.7138
-1.7157
-5.87284
-2.89066
0.061
1.0234
-0.9794
2.9467
2.8685
1.8931
0.3752
0.88512
-1.46803
1.8727
1.0118
-7.6661
0.8761
-0.9893
-0.4312
1.63923
-7.24992
1.0033
-4.1319
0.11087
3.8443
3.42904
3.1077
-0.63456
-1.3722
2.4288
-2.0704
-0.8155
-2.1716
0.7496
1.1991
-4.5985
-0.7413
-0.1912
0.5635
1.2883
1.0522
-1.5634
0.6106
0.271059
-8.9113
-0.8444
-0.31836
-2.586
0.30754
0.478706
-1.65416
0.6314
-1.5245
-0.5683
0.576
-2.729
-1.8272
-2.3444
-0.2314
-2.1304
0.4088
0.9318
1.1687
-1.1472
-2.30695
-0.0153
-0.3775
1.11228
1.12277
0.0262
0.59532
1.8399
1.0163
1.1849
0.00243
-4.3619
1.2751
-1.126049
3.832757
-1.5583
3.5891
2.6853
1.294014
3.34732
2.572531
-8.9172
6.1078
5.5929
2.696
0.1912
-0.8482
4.5526
-4.9158
6.7511
1.3528
-3.7273
0.2947
-0.9879
-0.8941
-1.1936
-0.6752
-1.4675
4.3175
-0.8238
0.0404
-1.8206
1.8679
-0.716
-5.2028
-2.9335
3.8299
3.9402
3.3886
2.9683
2.3889
-2.0546
0.5003
-0.5049
0.1629
-1.307
-3.355
-5.716
-3.1316
-2.1922
0.4068
-1.7948
0.2555
-2.4891
-0.376
2.6709
0.6874
0.5634
-0.7808
-6.1769
0.1258
0.9296
-1.5546
-3.0473
-1.7608
-1.1066
0.0535
-2.1284
2.1307
1.4969
0.2724
-0.3143
1.0436
-0.276
2.2121
-6.4135
1.6008
0.0931
4.5621
-1.6031
-1.0985
-1.8963
-0.7063
-0.5202
2.295
2.2538
1.356
3.3308
-0.8829
-0.7818
-2.9036
0.6373
-0.7656
0.7716
2.9034
12.8995
3.2485
-3.584
4.3066
-0.8018
0.7006
0.2334
-2.2552
0.1818
-0.3549
-2.9926
0.8548
1.6935
2.8493
-1.3289
0.8337
2.0335
-5.1498
-2.5835
1.0796
0.1235
1.4072
-0.8561
0.7143
-3.2787
0.5691
-3.2694
-1.8986
1.7392
0.7343
-0.2628
12.9324
-1.5125
1.5123
-1.4286
2.0086
-3.6186
-0.0918
2.0575
-1.3378
-0.2111
8.5148
0.1909
-0.304
-0.2874
0.1028
-0.124
-1.828
1.1446
0.5584
0.242798
0.395909
-2.827827
-3.9911
1.0589
0.011471
-1.1603
3.684127
-0.351786
0.4854
0.912677
-1.027208
-1.9273
-0.644337
2.159272
0.62021
1.34038
0.96664
-3.5615
1.365899
-2.6378
0.476171
-0.11025
0.7709
-0.43714
0.3428
-0.47168
2.84451
1.4856
2.66463
-0.64601
0.09786
-0.69737
-1.2506
0.11885
0.513
0.85292
3.0081
0.901
0.517
2.9025
-0.73901
0.67
0.19543
-1.23883
-0.44136
0.3758
0.578
-2.24091
-0.9393
0.79851
2.9187
0.4584
3.4388
3.61476
1.28645
-2.77522
0.12411
-3.4983
-1.1921
-1.9683
-2.1375
-2.755
-2.3303
-0.1715
0.1538
-0.1778
-0.6339
-2.7922
-1.2918
-2.5304
-0.8762
-0.2459
1.7481
0.5002
7.1705
-0.2851
1.9272
-0.997
1.4516
-0.6693
3.6177
0.6274
-7.7503
-3.7225
-1.7333
-0.0334
-3.1459
2.1962
-0.9401
-0.8028
-5.3607
1.3457
-0.2901
0.3949
-0.9802
-1.8509
5.9337
1.3521
-2.1569
1.3759
-0.6766
-1.2864
-0.4731
0.0782
-1.6261
0.3058
-0.9382
0.2315
4.438
0.3
2.1611
-0.0269
2.5634
3.6032
0.3828
1.9343
2.1463
1.1468
-0.6351
-0.12331
3.29521
-0.49358
1.38298
1.13996
1.94594
0.00661
-17.13367
0.1419
-1.00294
0.3652
1.16264
1.1133
-1.9333
-0.4583
-0.65665
-1.47101
-1.99514
1.5932
1.0479
1.5444
-2.1807
0.013
3.4446
-1.3091
0.4748
-0.44
-0.0159
-1.1165
-1.7641
-0.9025
NA
NA
0.1433
-0.037
-2.3888
11.2662
0.407
3.4172
-0.4574
2.8405
-0.8703
1.1174
3.4348
-0.3769
3.7609
-1.09865
-0.61095
-1.0379
-0.1905
-2.1377
-3.1898
1.68991
2.18914
-3.2908
0.88484
0.11189
-0.5
-1.2413
-10.73132
0.6652
-0.078
-4.1968
-0.00667
-3.33033
-2.35989
-3.976
2.12596
-0.49527
4.369
0.2347
-0.3622
-0.6006
0.7754
-0.1909
0.617
-1.68055
-1.3236
2.7665
1.9614
2.00925
3.858
1.31643
0.67443
-2.51753
2.74891
-0.505889
0.04621
1.26064
-0.18566
-1.2583
2.71716
4.9692
-3.11201
1.50316
-1.2254
-2.38333
1.70921
1.1347
-2.52645
4.090346
2.57322
0.6239
1.19491
-1.97385
-0.08959
-0.66149
1.9408
-1.6129
-1.1364
0.69799
-0.0697
1.8939
-1.77013
-1.4418
0.69569
-0.44178
0.07397
0.3579
1.3257
0.247
1.68547
0.63001
-0.5341
-1.2297
0.30359
5.4785
-1.27914
0.52287
2.974
-0.42237
10.9687
-1.61703
-0.1432
2.35379
-5.52296
1.85904
0.2196
2.67183
-0.5624
-1.1884
0.20715
2.4292
6.2437
-2.3765
-1.8345
-0.2006
8.0393
1.0306
-1.7351
0.0294
-0.37626
2.6949
0.3712
0.189
-1.4507
1.25487
0.74495
0.6676
-0.49338
0.0262
-1.6711
0.23342
-2.4739
2.9575
1.217
4.212
2.8784
0.9861
0.3234
0.4299
-1.4099
-4.7576
-2.1467
0.35683
-0.7831
-1.3807
2.783
1.7608
7.3638
-0.31491
0.4608
-3.231
1.80375
2.8525
-1.22752
-2.4596
2.0519
-4.37932
-0.5556
2.1258
1.9934
-0.0759
2.075
-0.92506
-2.5193
6.4456
-0.0216
0.71331
1.6048
-0.78461
5.10008
0.5092
-7.6661
9.3614
-2.7426
-0.18689
-0.5915
0.32569
2.21585
0.35304
1.35416
2.27984
-0.7247
-2.44905
1.02523
0.4682
4.9049
-0.35325
2.1119
-0.8758
-0.9873
-1.51571
4.5056
-1.0788
0.5633
-3.37597
0.9985
0.674
-1.0528
0.82354
2.6005
1.5209
0.3858
1.0103
-1.3024
-1.2147
-3.1071
-1.2126
-2.178874
0.514
-0.80917
-0.4078
-1.2804
NA
NA
4.3027
0.5743
NA
-5.9238
NA
-2.853
1.3644
-2.6363
-0.9032
1.2301
-0.5138
-0.7686
-1.2276
-0.4484
-0.0203
-0.6794
1.4991
-0.3565
-0.2474
1.7037
-0.9827
1.75612
2.35366
1.64951
1.9186
-2.489899
-0.069241
3.354047
3.3535
2.3053
-0.9635
1.6115
-0.0135
-0.9237
-3.3883
1.7286
6.7466
-0.3836
-1.4025
-0.2033
4.9922
-0.1891
-0.7586
-2.9846
-4.0105
1.4134
-6.837
-0.9321
0.52245
-1.969646
-1.45321
-1.0423
3.4269
2.13638
2.9025
-0.0151
-1.9725
0.3225
-0.61457
-0.21118
-0.7807
-2.2428
2.2452
-2.64534
0.12136
0.88053
1.23319
3.82169
2.07138
1.15802
-0.62133
-0.6434
-2.2313
1.3383
-0.1281
1.5261
1.0267
1.8667
-1.2108
0.4935
0.9
3.9061
0.87635
-0.6765
-1.6668
0.361883
0.5227
-0.3173
-0.3512
-0.8183
-2.09879
0.489
0.943695
-0.5721
-0.52482
-2.39
-0.710142
-1.9817
2.1077
-2.4995
2.0937
-1.3283
1.5676
0.2127
0.18831
4.7422
-0.3621
0.699504
1.771174
0.9982
-2.85437
1.7774
-1.37031
-1.790074
-4.9244
-0.197
-9.9241
-3.05879
0.7648
0.13792
0.79931
-2.6798
-2.40971
-2.13712
0.7905
-1.8692
-1.6548
-1.798123
-3.542791
0.0553
-0.2625
0.00511
-0.1358
-0.3171
-1.42293
-0.3434
-0.1328
-0.06473
1.1967
-0.9436
0.8594
-17.60503
0.3596
1.93914
0.294
1.9478
1.3954
-0.1244
-1.3828
1.2169
-0.67058
-1.3199
1.417
1.4385
1.24191
0.49067
-0.9777
-1.7186
-1.108
1.2664
-0.32408
0.5942
-1.7076
-1.6747
0.4553
1.3437
0.7961
0.422
2.0576
0.98224
0.7729
-5.9445
-1.04453
-0.14925
1.354
0.7464
0.5595
0.8073
-0.1236
4.34436
-2.53711
2.5879
0.07667
2.51493
0.1992
0.64639
0.32104
0.80305
-0.1734
1.6447
0.1863
0.94714
-3.00547
-4.71013
-0.7618
0.883
0.7843
-0.9099
4.8536
1.0083
0.6215
0.4997
-0.1444
-1.0283
0.2214
2.5548
-2.49945
0.78147
0.82377
-2.64825
-0.4075
-0.2494
-0.682
-4.28363
-0.63676
0.19027
3.1466
-1.34278
1.9583
3.8225
-2.4489
0.9837
0.80955
-0.07575
-0.85446
1.63363
0.4368
0.07908
-1.19578
3.47113
-1.3506
1.1156
1.49307
-0.85735
-1.54111
0.5706
3.7109
1.0695
-2.6337
3.7767
0.0637
0.37045
-0.48167
5.487
-0.7244
-0.5695
1.1225
-1.6079
-0.22969
2.9059
1.53683
1.3225
1.49708
-1.17371
-2.7826
1.28403
1.49936
-2.06599
-3.46245
1.73435
0.8257
-1.35665
1.872
-1.2059
0.9287
-0.1479
-0.1064
NA
1.0303
NA
NA
NA
-0.0734
NA
-2.1706
-2.1577
1.6305
-0.7702
1.5706
-0.6862
-0.4786
1.0274
-0.9195
2.0063
0.5196
-2.07
1.577
-0.6061
1.144
-0.3989
0.0827
-0.0714
2.78271
0.78318
4.36139
-1.7552
1.125
1.37391
1.53403
-2.2545
0.40633
-1.27355
4.567
3.2993
-0.8762
5.6105
-3.71917
0.7597
-0.4629
-1.9713
0.1381
1.0664
0.45417
1.39581
-3.14289
-1.2015
-2.7408
-3.4787
-1.627
0.4516
-0.0928
-3.6659
3.0184
0.8827
-1.4428
1.4368
-4.1966
-0.26985
-0.53584
-1.24695
-0.8301
3.4963
-2.44207
-0.24639
-1.86042
-0.0676
-0.3678
-0.0735
-1.9829
2.01299
-1.3072
-0.16782
-2.1043
-0.9648
1.3002
-1.3655
1.3068
-1.6486
1.5177
-4.4462
0.4169
0.5616
-1.5777
-5.6692
-0.3078
1.3513
-3.5597
-0.8458
-2.6995
-1.2023
1.5765
-3.2791
1.5807
0.6582
-3.5953
-2.4079
-0.9714
0.3422
0.186
1.4239
2.6627
-1.8876
-3.4068
-0.5465
-0.4702
-1.6877
-0.235
-2.4461
1.2054
-0.1743
-0.133
-3.9122
-5.2533
-0.677
0.1547
1.5537
-0.2468
0.11643
1.0904
-0.398699
-2.4443
4.9199
3.5359
-0.5365
-0.4437
2.2502
0.2646
-0.4894
-0.7414
9.2086
-1.11056
0.2582
2.91135
-3.6909
-0.23098
1.4377
-2.436
-2.79362
0.1624
1.04208
-2.77341
0.66785
-0.8509
0.81105
-10.71497
7.35105
-2.4247
17.23337
-0.9959
16.18004
-17.5838
-0.44394
-2.93905
1.5351
-0.91418
0.5709
0.52422
1.43877
1.3281
0.99147
-0.44557
-0.94667
5.25736
-1.37928
1.10858
1.54594
-1.35162
0.58719
-2.06272
3.1537
-0.1534
0.53226
2.51387
-3.0939
-0.51364
-3.17749
1.3499
-0.16871
-0.53619
-4.7181
-1.8463
0.73578
1.5236
-0.51884
-1.0266
1.21868
1.55277
0.4972
0.2618
2.21381
4.6862
4.6862
-0.77008
1.0549
-2.7185
-1.6624
2.4348
-1.1111
1.6577
-1.7263
-1.7931
0.70775
1.4385
0.8641
-1.1738
0.97884
0.71199
NA
-1.0816
1.9394
2.9272
1.5258
-1.382
NA
0.5374
2.36951
-8.7301
-0.0702
0.8427
3.4972
1.3381
-2.1698
-1.726
0.1616
-1.2833
-0.0501
0.29601
-0.38302
-1.82974
3.18584
0.69253
-1.15838
-1.22411
-1.23001
-2.4053
3.233
-2.1705
1.4164
1.8743
-0.9918
-0.8972
1.53546
1.26168
-0.72739
0.71258
2.01049
0.16587
-0.3119
-0.2818
1.2624
-2.0659
1.6369
1.9209
0.763
0.8485
0.6963
-0.5237
0.2927
1.9057
-0.9227
0.7657
0.7506
0.191
-0.9651
-2.2543
3.4575
-2.5402
1.5442
-4.0585
-1.0174
-3.0413
1.1207
2.2601
-2.214
1.7898
-0.5928
-1.3656
-0.2843
0.5316
0.6282
-2.0954
-4.7941
-2.0249
3.3351
4.7861
-0.2216
-4.5783
-1.5179
0.61459
-1.9335
-0.0945
2.5164
2.2992
-2.4037
0.4096
-1.9624
-0.119
1.29639
1.59585
2.9758
-0.9703
-1.3339
0.4759
-1.8798
-0.209
-3.3786
2.7519
0.23246
1.2653
2.7793
2.2365
5.4303
-0.11957
-1.6055
-1.20821
1.8743
-0.5158
0.9578
0.88409
-0.4245
-0.99674
0.3236
3.4894
-3.7126
1.7665
3.76308
1.684
-2.38767
-0.6162
-0.108
1.8726
-7.54719
0.1897
-1.0177
-2.4937
-0.6106
-0.5986
0.9599
-1.8287
-0.1142
0.5116
-1.3487
-2.3826
-2.7505
-13.04566
1.8198
-0.7688
2.3016
1.2557
-0.2682
1.1609
1.2964
2.3781
4.6794
1.26325
-1.0654
-1.9104
-2.07803
1.7438
5.3339
4.4221
-3.2996
-0.8921
0.6105
-0.7218
0.1757
6.22896
0.87931
0.6504
-0.4863
-0.1072
1.8906
1.9662
0.7968
0.0598
1.7853
4.3285
-1.7127
-4.5824
1.8174
1.6935
0.057
0.71114
4.4432
0.10494
-6.31196
-0.41979
-1.14702
3.3041
-1.8134
0.6901
-0.4111
-2.2465
2.1694
0.4728
-1.134
-1.7458
0.3362
2.1863
-3.01264
-0.5573
0.49455
2.714
-3.24751
-0.73654
-2.74601
0.93141
-0.0867
1.13682
-0.24204
-0.7976
1.94299
-0.3421
0.94593
-6.27904
4.42175
-4.04676
0.7417
2.3375
2.0313
-7.5329
-2.6394
1.5509
-3.52151
1.2473
-0.7795
0.1791
2.9027
0.7061
3.833822
-6.7696
-3.9021
2.6553
0.4258
1.0267
-0.1292
-0.2299
1.999
-1.6223
-1.2689
0.6374
-1.4715
-1.078
-0.3279
-0.023289
0.76717
2.38764
-2.638743
-1.576362
0.716784
3.035
-1.625
-0.7403
0.41579
-1.4383
-0.41094
1.94
-0.4193
6.4127
-1.8058
0.18478
-3.950176
-3.2852
1.651
-0.0905
NA
NA
5.998
-0.0152
2.4254
1.0864
2.7257
-1.0268
0.5356
-3.90417
0.81847
-0.27227
1.862
-1.0488
-3.60148
-0.649
0.81379
-0.14163
-0.83394
-0.46743
0.21124
-0.47469
0.40997
1.8994
0.9658
-1.174
0.45611
0.22181
-8.60355
0.68226
3.88452
3.18452
0.83412
2.29873
3.0879
-0.49775
-1.1316
-0.4273
-1.2211
-2.0614
-2.9626
-1.44604
-23.30843
0.676
-1.288
-5.7241
-2.68711
0.4354
1.6745
1.3563
0.0515
-1.2653
3.4227
-1.40102
-0.788
-0.3863
1.52065
-2.0436
4.679
-4.43973
-4.89553
1.38911
1.799
-0.77503
3.1121
-0.023
-0.8812
-1.3299
1.65515
-0.23944
-3.63533
1.01513
-2.1958
-2.74869
3.66291
-1.35287
0.36185
1.1294
-1.1294
0.67008
1.1821
1.20554
-1.063
0.3983
4.28215
1.67828
4.2159
1.6888
0.341
0.43432
0.7727
-0.39104
1.0977
-0.23834
-0.93507
-2.9487
0.979
-0.2573
-2.9127
-1.4636
-0.5228
8.2935
4.97948
-1.633
1.5553
1.2458
1.32776
-2.35575
2.6937
-0.2281
3.00956
-3.15477
-0.0562
-0.5473
-1.6189
-4.2067
2.7741
-3.3812
2.9128
-2.69563
-1.34853
-0.01874
-5.92158
-1.0527
-0.2133
5.51368
-0.4065
-1.165
0.5755
0.2761
-2.8342
-1.1004
-1.4544
5.2741
-1.4575
-2.54598
2.46615
-1.51314
0.3936
2.71039
0.78518
-1.15195
1.6857
-4.68121
0.9339
-3.47955
-7.34836
-1.5098
-0.1142
2.0559
-0.1395
-1.0746
-1.3107
-0.7021
0.889
1.1921
0.1882
3.0145
0.2201
-1.1388
4.5517
-0.144
0.929
-1.7835
-0.328
-0.5644
-0.4528
2.21551
-0.0897
1.3183
-0.5043
-2.242
-2.5939
1.6132
-3.6933
0.0115
0.889463
-1.0808
-3.4861
0.6277
0.4888
-0.3072
-1.4021
-4.9827
-1.1038
0.16
-1.36733
-0.6581
0.11789
0.5481
-2.7026
1.6109
-1.4771
2.7645
3.1472
-1.6816
0.7379
-1.6827
-0.1982
1.6894
2.1493
0.2736
2.6692
-4.52469
0.1096
0.4669
-9.3157
-9.9837
-1.0945
4.0659
0.2229
1.07472
6.9698
4.4574
-4.27659
-0.4921
-1.9992
-0.4352
-1.1628
-1.3661
-0.1022
-1.3005
3.4978
-0.8485
-2.9253
2.0029
-6.9169
-2.6284
0.5731
0.54378
0.796686
4.143303
2.939132
0.8551
2.32
-4.3681
-0.4263
1.4486
0.99796
-0.981
-0.1384
-2.148287
-0.4703
-0.4463
-0.1088
-4.7699
-0.7644
1.2876
1.7468
-0.8262
0.7713
1.2907
-4.09947
-4.0068
-0.6293
-4.9342
-0.4267
0.8224
0.43986
-1.8243
-0.7728
0.2422
-1.94261
0.66185
-1.7398
3.10451
-0.33001
-0.4025
NA
4.1452
-0.3453
-0.7966
1.09258
-1.5875
7.5416
-1.9836
-1.87634
1.143495
-2.1267
1.4939
-2.82686
1.48491
1.18798
1.9449
0.6374
0.1777
0.8276
1.04267
0.87632
-0.8827
-0.2035
-3.98737
-1.7892
-2.2753
-0.9258
-2.50004
-0.61426
2.54207
-1.1637
1.12152
-1.47452
-0.90291
-0.10692
-2.1287
1.96212
-7.1107
3.65939
-2.57038
-0.7936
-0.63082
-0.5009
0.6064
-1.146
-1.4682
0.7775
2.1191
1.2571
2.3068
-1.17415
0.0287
1.4245
-1.01857
-0.01846
-2.17434
0.1541
0.5463
1.05619
1.21552
1.8356
-1.0757
1.9235
1.7877
4.15051
-1.14918
1.4327
-0.8012
-0.1492
1.77204
1.1744
-3.62905
-1.0471
-1.9793
1.9043
2.9757
1.5854
1.8414
0.72522
2.79728
5.5019
1.1745
2.8104
-1.02563
-1.8481
2.0779
5.434259
-4.923365
0.466319
0.450429
0.7584
2.8774
0.37882
-2.13975
3.2692
-1.6715
-0.7382
2.1093
0.304336
2.2906
0.3192
0.732
0.790657
-3.4212
1.56011
-0.2027
1.1687
-1.5244
-3.024229
-0.9827
-0.1264
0.7289
-0.5744
0.0334
0.1861
-5.66072
0.91116
-2.94675
0.574089
1.178
0.0757
2.2144
0.776685
0.3838
-3.48018
0.3436
0.3045
0.0682
5.2342
0.09296
-2.13978
0.8598
0.4974
-1.5628
0.1028
-5.7912
2.20132
-1.6023
-0.96183
1.9964
0.5611
1.5264
-1.3712
1.828992
-3.4808
1.0391
4.0134
1.86115
-5.7337
-2.65587
-0.3398
1.5819
0.1042
0.35364
0.01004
0.8838
3.0339
-1.3838
-2.60825
0.6059
-0.5693
-5.4868
11.1286
1.86786
-3.3736
-1.9805
1.45363
0.14817
-5.58217
1.9243
1.2927
0.91637
4.60057
4.4841
-2.4197
-2.559
-2.69172
-4.0171
0.0937
9.4722
-0.1532
1.1051
-1.7622
-0.7383
0.60138
-1.56949
5.08892
0.3017
-3.0861
0.6264
-2.75623
-0.7708
0.587
1.0241
-5.4932
-1.466338
-1.14999
0.884589
1.0112
0.8854
1.0434
-1.2407
-4.8512
2.8901
0.97401
1.0336
-0.38765
20.7974
1.7617
-0.9997
-2.6496
-6.588
-1.1007
0.8247
-1.1061
3.4923
0.8025
1.3471
-2.6905
4.0452
1.89211
-2.3045
1.5962
8.5846
-0.123346
-11.6586
3.78624
-2.8084
3.5294
2.01151
-0.97523
3.977732
-0.2302
1.582
-0.2934
3.3289
-0.6243
0.8635
11.9317
-0.8599
2.9498
-0.93811
4.7874
0.5954
-2.729001
-3.2445
0.95932
-1.9473
-2.8308
0.9938
-0.9373
-1.80477
-0.3415
0.3466
3.20415
-1.15117
-1.4895
0.99994
NA
-1.8965
-2.2881
-4.0683
-4.3541
0.8854
1.0844
1.2111
0.49653
-0.74701
2.6184
4.4073
-1.0404
1.3153
-0.3935
-2.36032
1.3328
-1.7924
0.82669
1.0767
2.1048
1.48304
0.6029
2.8853
-4.0999
-1.6476
4.1563
-0.59917
-1.21223
9.64564
0.41249
0.717049
4.0599
2.3501
3.1186
0.006851
-0.8267
4.9023
-0.8473
-0.726
-2.54551
-0.47509
-4.8012
-0.52929
0.0677
-0.157563
-6.47758
-0.9928
0.07915
2.9412
8.2863
-0.5866
-0.0097
-2.0529
-3.1308
-3.103463
-0.46541
1.0254
-0.04858
0.551642
2.9657
NA
0.73997
3.01001
-2.2085
-2.7341
0.7371
2.682466
1.0426
-2.722295
-5.3516
0.7132
0.2157
0.4443
-0.3734
-1.39608
6.3247
1.0028
1.82092
0.5288
1.28551
26.958
3.445667
-1.21427
5.2729
-2.3352
2.8184
0.625915
0.92013
1.14298
0.5507
-8.0614
-1.1159
0.0815
-0.0222
0.7423
-0.2433
-2.015
NA
-2.7097
5.9692
NA
-1.5388
-1.17036
-1.46755
1.9288
1.98858
-1.9735
2.5836
1.72321
-3.2406
0.2802
0.649
-0.9544
0.6249
-0.0802
0.54205
-5.37865
-0.6356
1.8179
0.5826
-0.2433
0.4733
-0.793
1.814
1.4583
-1.46512
0.8559
0.77863
1.5351
-4.028
0.1823
-0.1227
0.7549
-0.0242
3.18909
-1.6617
-1.15847
2.4832
-0.5047
3.6803
1.9959
3.9061
-1.7689
NA
7.624412
0.5355
-1.84975
1.4054
0.2274
-1.7168
-3.7668
-2.0401
0.5381
-0.7712
-0.3758
-1.11673
1.7414
2.6389
-4.7785
0.2221
-1.4677
-4.7785
1.4478
-0.0778
5.157
1.2485
-2.111
2.2015
0.3562
-0.2666
2.6191
-0.8246
-1.5546
-0.3984
-0.4029
3.4955
-0.8234
-0.270576
-0.1161
-0.5418
0.12172
-4.7528
-0.5345
-0.7478
1.2725
-1.2592
-3.7445
-3.1218
0.9689
1.0419
12.2697
-0.29115
2.5407
-0.1291
0.6974
-0.832
-1.8106
3.4738
-0.51386
-3.5629
-1.8335
0.8163
-3.9307
-1.478
2.9137
0.1357
-0.1789
0.0102
2.4655
1.6933
1.4242
0.9658
-0.14139
-3.5703
2.944
-0.9875
-1.19592
0.5059
-1.1264
5.34813
1.2761
-1.72274
0.7108
-1.2657
-5.45727
0.025
-5.29297
-0.7579
0.7928
-2.1556
0.1476
0.351
3.734514
-1.6628
5.9933
0.5052
0.8295
2.246
-4.056076
-1.43638
0.4697
-0.6638
1.713336
0.7963
-1.010678
0.30469
0.05084
1.320998
2.25138
-0.556
-3.12023
2.96286
-0.79635
NA
-0.28421
1.6687
-1.47197
1.2213
0.9811
0.22858
-4.28198
1.19622
-1.0839
-3.2515
-1.0204
-0.0333
0.8779
0.79924
1.0704
-16.99
0.9105
2.4011
0.81295
0.9704
-1.44105
-3.6115
-0.6381
-0.2607
6.291187
-0.0628
0.00983
4.4678
2.1431
0.29923
0.25835
1.45659
-0.3466
4.69143
NA
-1.175794
-2.46903
-6.938
-1.7128
-1.7069
-0.8829
-4.4722
1.0005
3.104125
-0.6347
3.3162
-0.2279
0.25464
1.18192
1.8689
2.09685
-4.1854
-8.2744
-2.0368
0.56557
-1.8986
0.349
2.03572
1.133
0.88017
-0.1886
-2.8352
-0.0076
-0.1738
-4.0131
0.7269
1.47832
-1.7474
1.7716
-1.7332
NA
1.1582
1.8255
2.28932
1.4502
1.4475
1.26564
-1.36478
2.6217
-1.3859
-0.6377
4.6794
4.888
NA
-2.71124
-3.3784
0.13075
2.68655
-2.41173
1.6897
-0.11112
-0.5259
1.32231
3.7421
-0.55115
-0.2959
0.732506
0.1958
-4.53273
0.75164
NA
-0.01388
2.41512
-0.0629
0.9527
-0.407944
-4.1732
2.1836
2.59263
1.4143
-1.286674
1.2684
6.4265
-0.7864
1.92287
-3.35902
2.3546
1.13136
-0.05247
-2.11
-2.57269
-0.2384
-1.07136
-1.044
0.1041
-1.0444
-0.57594
NA
-0.124
-1.0676
-4.1238
1.7454
-1.1588
-2.97494
1.7899
0.564417
-0.817186
NA
-1.8427
1.40098
-0.7138
-4.687601
0.4504
7.32363
-3.3334
0.1981
2.3592
1.9234
-0.920213
-2.4582
NA
1.867
0.11287
-2.2968
-2.690231
-2.1025
0.6334
1.97127
0.9038
2.0787
-7.5674
-1.82248
-6.1702
-2.70861
-1.5222
-2.0075
-2.1
2.0441
-2.1052
3.8986
0.92853
-0.11132
2.026041
-9.8428
-1.08786
-2.29108
-0.6586
0.83462
-0.22582
-0.601678
4.0975
1.17521
-0.1901
1.6322
-0.3548
1.63944
-2.06247
0.7776
-3.45159
-1.2778
-4.2219
0.1913
-1.511
-0.694
0.54306
0.068218
-0.7883
-0.4062
-2.101867
-1.0091
-0.3529
0.31346
-5.8655
-4.18542
-0.4962
-4.0068
-1.93308
1.01438
-0.52261
-0.3963
NA
0.6284
-2.1023
0.1976
0.3744
2.9059
1.960741
0.6941
0.1652
0.2219
-1.87042
0.2235
-0.222
1.15694
2.937
-0.3602
-0.3277
-0.3746
0.394
0.0905
-3.3894
-0.5037
-1.5348
-4.33567
1.8468
1.7481
NA
-0.22615
2.4538
0.2943
-1.02129
0.71099
-2.8973
5.035
-1.6288
-2.5081
1.2017
2.4073
2.8256
-4.00175
0.9585
1.377
2.09646
-0.3057
-5.0408
-2.7148
0.30789
0.0448
NA
NA
NA
NA
NA
NA
NA
NA
NA
0.915241
NA
NA
NA
NA
-1.6704
NA
NA
NA
NA
NA
2.2435
NA
NA
NA
NA
NA
8.7626
-0.47359
-0.7897
NA
-2.67
-8.383578
0.6664
0.3011
-0.53816
1.72257
-0.69078
0.74712
-1.91504
3.4233
4.4678
-2.1362
-0.0858
1.5334
-0.0824
-0.1615
-0.71944
4.0794
1.3156
1.703
0.8667
0.8887
1.3117
2.60914
5.171
-5.09705
-2.3847
-0.6693
-2.6329
-0.3318
1.549
1.70362
1.5679
-1.3593
0.8677
-1.3519
NA
NA
NA
-1.0749
0.61247
-1.71133
0.2798
-2.3127
1.29549
2.27092
0.42846
0.50562
1.6222
1.7728
-2.5682
0.0977
0.2695
2.03547
-2.16542
0.6817
0.32581
4.0239
2.634451
-0.71694
0.534936
0.95773
1.0608
-1.52857
-4.1968
2.6769
0.83663
0.58096
2.2849
-2.662
-4.7637
3.346983
-0.56353
-15.1679
0.6902
1.12751
2.5728
-0.84904
0.18804
-4.4975
4.32981
-1.285
0.7184
NA
0.12907
-0.905
4.9833
-1.45821
0.602
-0.5374
-1.9461
-2.1054
2.25976
-0.0624
0.7694
1.4214
-3.1118
2.7436
1.5388
-0.7257
0.98961
-3.93629
NA
-3.65017
-6.0663
-2.4123
0.0287
-1.9983
-0.1532
-1.60038
0.7137
-3.5362
NA
-2.242
-0.82402
2.3263
-0.80685
1.5155
0.2899
0.355
1.3248
-0.4037
1.5874
-1.011
2.2787
1.9455
-0.8641
-0.7988
1.79418
-0.087
0.18864
-2.45249
NA
-0.684
-1.5789
1.935
2.2666
-0.1544
0.583
-1.6446
1.7203
-5.9252
-0.1606
0.1544
-1.07028
-0.48362
-1.9959
-0.7184
-1.1816
2.33872
-0.6742
-1.0462
-2.423
3.46915
-0.8587
0.000805
-3.06785
-0.1883
3.47424
-5.2995
2.34784
-1.6618
-2.04644
2.3091
-0.10075
-1.2751
1.80842
-1.0816
0.7527
-0.2869
1.58543
NA
-2.2145
-9.13863
-1.1059
-1.8691
1.50783
0.3728
-1.154
-0.9677
1.22863
0.8087
-1.2647
2.5544
-0.3468
-1.743
-0.63232
-0.17706
-1.4181
-4.0767
-0.7541
0.1022
-1.2287
NA
17.6243
-1.7078
-1.39772
1.9103
2.1846
-1.54702
NA
-0.9639
0.92776
-0.5083
0.4523
3.98299
0.70265
-10.6081
0.14793
0.4022
NA
0.2263
0.61672
0.888
0.91527
-0.5253
-0.4598
0.22407
-0.30793
0.6418
-4.9158
1.7543
4.5629
-5.06088
-1.9241
0.26653
0.5612
2.3539
-2.0523
-1.011
NA
-0.5149
0.71769
0.4476
0.2404
1.17186
-0.60619
-0.90228
0.72685
3.74575
0.7105
4.4516
-0.00651
1.3332
4.20757
-0.1392
-0.08066
2.3845
4.8483
1.4228
-0.11297
0.0778
1.1599
-2.5873
-4.0433
2.573
0.0292
3.2847
0.70473
-2.66674
-0.6108
1.1014
NA
-1.0887
0.7724
-1.31781
1.59535
-0.37275
1.861
-0.91573
5.4855
-1.9382
NA
-0.9905
2.0212
0.6207
3.4122
-0.42953
-0.80765
0.7702
-4.6573
-7.67927
-0.5092
-0.88515
-2.8849
0.699
NA
-1.0245
1.7226
0.2247
0.19334
0.2713
-3.13796
1.4436
-0.2933
1.6104
0.4374
2.0102
0.8744
-0.0695
-0.8959
1.1679
0.7655
-0.3736
0.20485
-3.1018
0.3361
4.9939
-1.0706
-0.60215
1.1158
0.7557
NA
-0.71512
-1.80277
-1.44477
NA
0.614
-0.0438
1.3738
-1.4457
0.84722
1.42886
1.6369
NA
-0.8081
1.0257
2.6419
0.1465
0.103
-0.33558
-2.7605
-0.4163
0.2048
-0.2898
2.2716
-1.12284
0.56879
-1.3081
-1.0435
NA
0.62302
1.2878
-0.77274
-0.34
NA
4.7311
1.7638
2.19154
-2.03792
-0.8081
0.3051
0.338
NA
-2.67
0.67019
-0.5042
0.2098
NA
-3.0242
NA
0.0703
0.41301
-1.8562
1.3466
-1.3671
2.04
-0.8651
1.6544
1.0644
NA
-0.4661
-0.41666
0.3078
-2.90657
-0.8452
9.6161
-1.4805
-1.1407
-2.49939
-0.8018
2.5276
NA
1.34498
NA
-0.05129
-1.33762
-1.4492
0.16067
0.0439
0.3537
-0.292
1.8447
0.26578
9.2779
-0.9725
-2.02184
3.157
-1.37618
1.3459
NA
3.59448
1.22064
0.4985
2.272888
5.8037
-1.9926
0.7404
2.369629
7.3883
-0.2752
0.5349
6.08168
-1.0412
-1.71371
1.2373
9.12628
-1.0086
-1.5136
-2.07138
0.307
-1.72334
3.1308
-2.84719
1.96362
1.3318
-1.76602
1.66259
0.30591
0.2642
1.7312
0.0643
-0.87331
NA
0.6269
0.3065
-0.2123
0.00109
0.90557
1.1441
-2.09163
2.63338
-0.3804
-1.6744
-4.33127
2.0456
-2.2129
1.5125
-0.7793
2.464276
2.53822
0.77944
NA
-1.69839
-0.2302
-1.285
-1.46194
NA
6.4634
-0.3899
5.3049
-0.83747
0.5327
NA
-0.0041
-2.4227
0.2538
2.90502
1.21581
-0.3924
1.66184
0.3049
-0.7851
2.3082
1.134
-1.2915
0.1266
0.8272
NA
-0.33166
-3.4424
1.4406
-0.36755
-0.19683
1.0526
0.1174
1.55955
-2.75617
-0.05323
0.2053
-0.5933
0.45254
0.30951
0.8833
0.52692
-0.62757
-2.0693
0.2215
-0.1897
-0.17826
-0.171
-0.34049
-0.74064
-1.4233
0.5807
-6.6565
4.08513
-1.3837
NA
10.5938
0.7837
0.38878
0.38034
-3.7433
NA
-0.5809
0.98387
-7.59935
-1.6819
0.5299
0.1146
1.64219
0.0268
6.34139
7.717
1.0573
0.7041
5.34495
0.10561
-1.2382
0.1601
NA
0.77394
1.0723
1.0238
0.5173
-9.44429
-0.6679
-2.7366
-2.5163
-1.8597
2.34163
1.771594
0.2468
0.1569
0.4683
NA
-0.8002
0.3042
1.29109
2.7852
-0.843
-3.92123
2.62569
-1.79241
0.11862
-3.1086
0.802508
-0.9955
1.1511
0.13404
-4.5587
-0.049866
1.26335
2.7836
NA
1.5006
-3.029
1.6613
2.01095
0.27514
0.72707
0.64489
NA
-0.513
-2.4844
-2.75791
0.433
0.8783
-4.7609
0.1546
0.03168
-1.1069
0.4501
-2.3884
-0.66608
-7.6661
-2.046
-1.4715
1.1468
1.67901
1.35352
0.367
-1.3175
-0.9904
8.9455
-0.16551
1.07212
1.15191
-0.7273
0.66935
-0.8081
1.82242
4.1051
0.21838
0.6445
2.34665
-0.2891
-1.633
1.431
-0.8081
-1.9891
1.3703
NA
2.0443
0.16539
-2.3844
-0.059
-0.4983
0.1678
-0.2633
-0.38112
0.4349
0.130984
-0.4194
0.6117
-3.29015
0.51062
1.01473
1.95318
-0.5102
-0.2885
NA
0.275
0.8899
3.7331
-2.9113
-0.2187
0.0695
1.106
3.8045
-3.8934
4.4342
0.4346
0.0953
-1.7963
1.1991
-0.33988
-0.1472
-0.3143
0.27371
-0.8605
-2.559
-0.08553
-1.7307
-1.20844
-1.4662
0.6328
-0.6994
1.5185
0.0936
-0.3867
5.7582
-0.15974
4.7527
NA
-0.626
-1.2418
-2.979
-2.0569
-2.993
2.9272
-0.6686
2.42976
-6.8263
-2.59107
-1.2174
0.0317
0.1163
-0.14949
5.397
5.3319
-0.10265
-2.1706
-4.1903
0.4924
-1.0004
1.3523
-1.7213
-1.22038
0.0018
0.8144
0.3572
-0.3332
1.4516
1.8494
-3.6761
-4.3723
0.77637
-0.036309
-2.4951
3.82891
-0.9473
-0.0414
1.1163
2.1242
0.8144
0.2936
-0.7402
2.054
NA
2.58338
-0.9852
-1.6559
-0.761754
2.17082
0.5652
-1.1121
1.20128
-0.1115
0.305
0.7456
-3.9861
-2.9927
-2.2859
-0.4484
0.72172
-0.3467
-0.6686
-1.8524
3.3203
-2.778
-0.2689
0.65384
2.78701
0.0479
-4.0928
0.247
0.4443
-1.8255
-6.2182
-0.1821
2.006465
-0.00663
2.4116
0.287
-1.1869
-1.6251
-0.7403
1.0522
0.3577
-1.0262
-0.7197
2.7968
1.4304
0.8412
2.0465
1.4377
-3.8175
-1.2666
1.2141
-0.2155
4.431
3.8762
-6.0578
-2.7725
2.423011
0.7945
0.6779
4.2716
-0.6716
-0.4256
-1.2365
0.4739
-4.4116
5.1351
2.1666
0.6964
0.9343
-1.7651
0.9356
0.292
1.2324
0.6779
-1.5976
-1.1426
-1.2223
2.5679
-1.7255
1.55426
-1.0043
-0.7844
0.1131
-1.7322
-0.9789
-5.9879
0.2805
-1.4259
0.02274
-1.36733
1.2943
0.6817
0.516
-2.8543
0.47652
-0.3171
-2.899
-0.18009
-0.78038
-0.6428
2.34823
-1.0192
-1.2666
-0.07144
-0.13138
0.703214
1.8414
1.63898
-1.5242
0.90428
-0.12069
1.0957
-0.60215
4.022
2.2506
-0.88099
0.15941
-2.03166
-1.1837
5.7582
2.39924
-4.58663
2.7067
-1.8682
0.1096
-3.27514
0.33627
-0.2382
-3.33523
-2.6854
0.7512
2.40232
0.1124
-1.38968
1.1805
3.9449
0.81217
-2.7776
-1.5367
1.3077
-0.0741
-1.202
2.7763
-0.7946
0.9965
-0.816
-2.8848
0.1524
1.2332
-1.0731
-0.0851
0.747
3.6623
6.8376
-1.8801
2.1264
-0.5678
1.2419
-1.9698
0.0176
-1.7051
0.3119
1.3441
0.7755
-1.4988
-0.2282
-3.0192
0.021
0.5848
-2.2263
-0.3887
-0.4371
0.275
-0.9442
1.3852
-3.8729
0.0827
0.7701
-0.0628
1.294
-2.1676
-0.379
6.7249
0.228
0.5867
1.9849
0.33
-2.0071
0.3054
-0.9838
-2.032
0.0917
-0.0839
-8.3141
-2.1842
-1.024
-0.7816
0.0658
-1.87099
0.2601
2.19035
-0.6339
-0.0639
-3.0045
-3.6163
-2.3487
-0.7232
-3.2611
0.3718
1.1654
0.3734
-2.7482
-1.0996
0.717
-3.4938
-1.4192
0.4034
0.1201
0.4328
-2.3307
2.2312
-3.3299
1.0227
2.88645
0.2548
2.128
0.7062
0.3603
-1.0833
1.088
0.6189
-1.4654
5.5727
-0.4527
-2.0649
1.9797
-1.722
1.0118
1.521
-0.7808
-1.3243
-0.8537
3.4044
0.85134
-0.8751
-0.0545
0.3114
0.5435
-2.3489
1.7855
-2.9202
-1.3671
0.4717
-0.26164
-2.4572
1.5867
0.3401
2.9025
0.0101
-8.7005
0.5158
-1.1928
3.5951
-1.6636
0.2016
2.8283
0.7313
0.7143
8.3308
0.0838
-1.1159
0.8085
0.1817
-1.3886
0.5057
-0.105
0.3627
-12.08659
1.0917
-0.30945
-2.9638
-1.8348
1.0099
-0.782771
-3.58398
-0.6143
1.0656
-0.6451
-0.9765
5.924
7.8349
0.2122
-0.8899
0.1793
-1.2085
1.484
-2.3688
-3.591
-1.7749
-2.6977
-1.0226
2.6445
-0.8633
1.9784
-2.33164
8.2137
2.8025
1.6101
0.3807
8.2137
0.0982
1.2784
-0.3987
1.7514
0.1915
-2.7268
0.604
-2.2885
-0.0279
-1.4771
1.8514
0.7431
-2.7574
0.7777
-1.07893
-2.4606
-3.0509
0.283515
0.1433
1.858
-0.9794
0.569
-2.4175
-1.9482
-1.349503
0.387
3.9452
-1.8468
0.1551
1.322094
-1.600616
-1.0044
0.7956
-1.229
4.9084
0.51211
-1.0719
3.851987
3.690306
-1.149704
4.2744
0.7413
-3.124027
-1.371726
0.543704
-0.2295
-0.6158
1.0275
4.2473
2.4122
1.340489
2.900956
4.990017
0.541679
0.5655
-0.103498
7.618786
-0.2195
0.2458
0.3445
-0.594968
1.573855
-1.3384
0.210319
-0.4573
-0.3952
0.836962
0.7614
0.865333
0.8145
-0.6327
2.66432
-0.639106
-0.902499
-0.039114
-4.660526
-4.09593
2.5416
-1.290211
3.3637
0.493838
0.7744
-1.593124
-0.2529
-1.2507
0.195142
-1.201996
0.67609
1.2326
0.3221
0.3862
6.9776
-0.8733
-2.3019
5.1481
-5.2109
-0.06042
0.4693
0.86921
1.0637
-0.0357
-13.2542
0.3119
0.20778
0.2018
-0.4434
0.7791
1.95644
0.191
NA
0.731
2.3096
-0.2077
-0.37292
0.3292
-1.48602
0.4008
3.4183
-0.95809
1.16374
-4.95181
-0.87683
3.07371
-0.41138
0.00962
-1.13306
1.1586
-5.29812
-1.55915
0.3714
0.2902
1.7296
-1.2382
-0.5544
-0.0954
1.119
-0.395
0.7292
3.1545
0.0748
-2.69154
1.2709
1.623
-0.8873
1.53204
0.53675
1.0912
-1.0603
-0.61781
-1.5073
-0.8387
1.005
-0.884
-0.93006
-0.2063
-0.4564
2.43185
-1.9438
-1.1601
-2.9356
-0.2559
-0.7001
-1.53319
NA
3.0574
NA
-0.01238
NA
-0.6932
-1.57076
-1.0951
0.47031
1.69626
-0.8425
1.995
-2.1279
-1.14703
0.17491
-4.49664
-0.05715
2.7609
-0.7569
0.9761
-1.9419
3.30713
0.261
0.8162
NA
5.74895
-1.41704
0.55322
0.0278
-1.09805
3.1276
0.9168
-3.41822
-4.57628
0.31218
0.0244
2.7287
1.7281
-4.7582
-0.0446
1.0148
0.90819
0.7985
-0.32285
-0.5653
-2.17511
1.2452
0.41445
1.28008
-0.9645
-0.835
-4.7063
0.2315
NA
0.2822
-1.1175
-1.3236
-1.03734
-1.3279
3.6652
-2.7684
5.1033
4.431
0.8013
0.013
0.3652
-2.6732
-1.7086
0.5032
-0.087
-0.86676
-4.8744
-0.0778
-0.138
0.6135
-0.3892
-1.2288
0.2976
-0.3877
0.4167
-5.6581
NA
-0.5821
-0.9026
6.0417
-2.1325
-2.7455
-1.700302
-8.6709
-1.5083
-0.5183
1.3183
0.4391
3.9195
-1.5242
-0.8476
-0.1845
-2.3864
-2.03986
4.4374
2.318
-0.1276
0.2072
4.5255
-1.3438
0.0713
1.5798
-10.9133
-1.8974
0.5594
-2.6202
1.5864
-1.7634
0.3256
1.70823
3.2037
-1.9845
-0.8441
0.4962
0.1973
-0.336269
2.164
-1.9098
-0.9118
-0.3035
0.63839
-0.3636
-1.5629
0.8226
1.0357
-4.9766
7.2962
NA
-1.1764
2.636434
-1.2141
1.323
0.1621
-0.9986
0.2709
0.074
0.2262
1.5243
-2.5849
0.2465
-2.034
-0.3319
-0.85817
-0.8334
2.5596
-3.11806
9.7163
-0.528711
0.2953
0.9416
-2.07817
0.3895
1.0727
-4.3478
-2.7289
0.7011
-1.4078
1.0129
3.1537
-2.9965
0.7196
-0.7705
1.1072
1.2839
0.9357
-0.2097
3.2265
2.26844
-1.9959
4.3088
-1.76628
0.09644
1.94913
-2.0303
-0.1339
-0.4267
1.5714
-0.6459
0.7593
-3.3896
3.18335
-0.909172
-0.3694
0.740929
0.669424
-1.28051
-0.3133
-3.9696
1.635
-1.9204
0.9607
-0.9837
-0.0112
4.0867
1.2646
1.317
-0.6712
1.3617
-0.9325
8.2181
1.5178
-0.78
0.0689
0.52611
NA
NA
1.4622
2.0469
-0.37926
0.1022
-0.2366
0.705651
0.951
2.46436
-0.8472
0.0992
-2.09
-3.47399
-0.8081
-0.75463
1.2276
1.1543
-0.8081
-0.5752
1.1016
NA
-0.8081
3.2528
1.07599
-5.1855
-0.7944
-1.03724
-1.63436
-2.02462
-0.55136
1.3005
-0.8221
-1.63614
2.5051
-3.6467
0.4443
-0.77934
-5.14689
