4.10564
8.5994
4.6904
0.2634
1.9133
0.9696
2.8702
-4.8955
3.92281
-6.12382
-0.37423
1.45754
1.6297
-0.5498
-1.12842
7.06028
-0.37
4.9411
-1.844924
2.6046
1.50639
0.20354
1.3097
0.7903
-2.95893
2.05209
1.14341
0.7765
-0.2193
4.68829
0.0401
2.5245
2.23087
-0.97721
3.62174
-6.20885
1.32508
0.1402
2.51569
-0.335
-5.4634
0.8392
-0.6853
-2.03376
0.44833
0.3
-2.908081
4.8484
-0.41778
-2.8545
0.3328
1.8984
1.09117
0.516
1.568399
0.01511
0.617794
0.2686
2.4814
-0.3687
-0.7225
1.11635
1.0363
NA
-1.2879
2.39705
NA
-3.4174
-0.6012
1.5267
0.66822
-0.0515
1.8167
0.39872
-0.07199
0.85638
1.3592
-0.5394
-0.89247
2.5416
-0.96162
-1.31679
1.75457
2.29794
1.84646
-3.16092
-0.23858
0.99145
0.25581
0.94
-1.1463
-0.40306
0.5234
-1.0321
1.5343
-0.7972
-0.8437
-5.08885
1.1778
-2.01684
-1.1942
0.714
-0.5053
-2.7047
0.3968
-2.9673
-0.1636
0.60334
0.7752
-1.18769
-0.39189
-0.23498
-0.2363
1.2547
-2.22167
-0.97181
0.88123
-3.055
1.21892
0.47253
-2.7048
-3.58325
-6.89501
-0.04404
1.6982
-1.964
0.0857
-4.2452
2.62204
0.9238
0.2935
0.04
-0.5892
3.7876
0.2574
-2.01743
5.16718
3.2639
2.61979
NA
0.5819
-24.11024
3.6373
0.8551
0.00765
-0.10231
-7.73326
-1.3645
-0.5006
1.63306
1.42679
-8.38082
0.296373
0.6529
-0.2929
1.20258
-0.5226
-0.3473
3.1597
1.06103
0.6049
2.20941
1.48114
-2.85809
0.6126
-1.19799
0.3476
-2.6374
-3.39498
-0.0286
0.48954
-0.15809
0.03537
1.2622
-0.3456
-0.803
-4.6878
-3.01605
0.6085
-1.296
1.81635
-0.9166
-0.21431
-0.438
-0.96442
-3.5094
-0.3006
-0.06
0.5861
-0.0501
-1.41978
-1.5896
-1.55245
1.8052
-1.3661
NA
-1.6557
1.63249
-3.43977
1.0478
1.16662
-0.01598
-2.2105
0.061
0.26931
-1.4903
1.5548
0.57528
-2.3342
-0.2161
-1.3618
-6.82356
-1.5901
3.4132
0.842939
-0.9891
-0.4312
-0.98031
4.5015
-3.351
-1.4933
-3.6279
-1.94962
2.90552
-0.6465
-2.5154
-1.7256
-2.85274
0.7194
-1.052
2.7907
-0.9905
1.9223
1.8193
-2.0211
-0.9396
3.1496
1.06042
-1.373
0.41864
-8.87562
1.33121
1.93754
-1.1777
3.9201
0.6658
-2.3311
-1.0796
-2.64922
1.31844
-0.527
1.59449
-1.1948
-0.8496
-0.38204
2.28692
0.4104
-3.36113
-1.4628
0.2999
-0.17032
-1.19379
-0.22928
3.97392
3.6795
1.3035
0.01836
0.023
-1.68226
2.7922
1.019
0.97595
NA
-0.30302
6.9256
-0.60177
-0.03187
-0.17328
-2.72599
-2.40291
2.1595
0.414
-0.42799
-5.0954
4.0749
2.7738
-1.0394
-4.0637
5.0179
4.309
1.4865
-0.9508
-0.9879
0.4035
0.744
0.6134
-0.5097
-0.4343
-2.185
-0.5552
-1.5375
-0.7978
-1.2661
2.0058
0.088
0.3155
2.5946
4.0289
2.9683
-4.3485
-1.1769
-1.2309
-1.516
0.1327
0.1549
-0.6142
-2.7562
0.9729
-6.8258
4.4098
1.6836
-1.7948
0.94942
0.9831
0.34001
2.7074
0.7166
-0.50304
-0.5537
-0.81257
0.5792
0.92252
0.9599
-0.06617
-0.0104
-2.56399
-2.7032
-0.618
0.7768
-1.117
1.2708
-0.6147
-0.5974
3.9078
1.1872
4.1351
4.2438
-0.091
-1.0104
-6.8788
-2.4937
0.5299
-0.4388
1.7706
-0.6408
0.1728
0.4455
0.4766
-0.1459
1.8169
2.2231
1.9317
-0.7776
1.2002
1.8597
0.9057
-1.2554
-1.9365
1.2482
2.2334
-3.15377
-4.29356
-1.18198
0.0576
2.28716
0.268
-0.22075
0.58467
-2.39009
-2.08756
1.12822
1.91637
-1.4979
0.8337
2.02473
1.06259
-5.29242
1.4384
1.4004
-0.1152
0.90966
0.25158
-0.0862
-0.734
-2.31315
0.8948
0.6108
-4.95981
0.5404
0.6128
0.6839
-2.8533
-1.2872
2.5893
1.5474
-1.7503
2.4257
2.1045
5.3021
0.5838
1.755
-4.1282
0.7884
-2.2582
1.61164
3.54758
1.1981
-1.16587
3.827
-2.25571
0.9417
1.3003
-0.30013
3.7275
1.2859
0.39673
-0.8262
-1.8193
0.18865
1.7558
1.08867
-1.87008
2.4786
-0.57014
0.2377
0.74122
1.9991
0.3306
-5.4634
1.16418
2.2302
-1.32522
0.7203
0.62824
-1.48003
-2.02568
1.42421
-0.0152
1.30417
-1.2506
0.513
1.67899
4.455
1.3324
-2.5862
2.954
-3.2461
-0.901
0.901
-1.17881
-0.35237
0.44062
1.12856
-1.4664
-1.90881
1.45745
0.7954
0.77509
-0.04629
1.28299
-2.736
-1.9683
4.1645
1.5996
1.522
-1.4928
0.5913
-3.4719
-0.2844
1.7291
-1.6858
6.93927
6.4633
-13.9813
-2.34494
-0.6693
-0.00679
1.1618
0.80969
-0.56354
-9.796
0.32843
3.08265
-3.3194
-0.838
-0.333
-0.2555
-0.00178
-4.08283
0.64231
-3.99963
0.52
3.6687
-1.9086
2.2651
-0.3059
1.735
-1.5454
-1.5037
-1.0077
-0.3755
-6.0679
-0.2499
1.4514
1.161
-0.613395
1.028329
1.005292
1.475389
3.076997
-1.529759
-0.7964
2.495656
5.9776
1.11787
2.012252
-0.8681
-0.9843
0.4338
7.6657
0.6817
-4.4726
-1.2678
7.725
2.3793
0.1414
0.3652
0.6717
1.7209
-1.3567
-1.3344
-1.0517
-2.263
-0.439
0.1402
-2.2658
5.1599
1.6111
0.59216
-1.77852
-0.3166
1.40467
-2.06858
1.8674
-0.09782
-1.748
0.44032
0.3346
-1.45184
NA
-0.41261
11.5108
1.95838
0.5166
5.96424
3.49913
-3.6095
1.607
NA
1.0003
1.1481
1.5739
4.66919
3.26
4.70043
0.5629
-1.7334
1.41423
-0.8096
0.09154
-0.55869
4.5726
-1.40259
-0.88905
0.12128
1.33877
-0.644
-2.13453
-0.3047
-2.577
-0.24536
-3.976
3.6634
0.7966
-0.86428
-1.81891
-0.2984
-1.25672
1.6343
-2.86351
1.9749
-0.54766
3.4284
-2.95953
0.9777
-3.3383
-1.99456
2.88535
2.35334
-0.00477
0.0286
-0.2597
0.4481
-1.3568
1.328
1.79516
0.38671
-3.03024
4.38587
-1.2605
-0.2177
-2.82337
2.74492
-0.65864
1.81873
-1.0763
2.04549
-1.0888
-0.7937
2.94038
0.13689
6.04271
0.6239
1.2751
-0.534
-0.69605
-0.22621
-1.38363
-1.97627
-0.70096
-0.3293
3.2664
1.13
1.2742
-2.66103
-0.15963
1.3257
-0.71855
0.3768
-0.02263
-0.97056
1.0202
-4.80094
-3.04024
1.57777
0.16485
-7.9659
1.05221
-2.3436
-2.27369
-1.01252
-1.25756
0.5335
-1.94501
-3.055
3.08042
0.64702
0.1263
-0.714
1.533938
2.72457
-0.8229
8.96598
0.0412
-1.7091
2.69034
-0.45655
-2.90698
-0.02811
-1.58795
0.84463
-2.382
-1.23762
-0.85204
-2.43392
2.0401
1.38698
2.034
1.4511
-0.92251
-0.34315
-1.8011
-4.4227
-1.18403
-0.3501
0.4471
0.9011
4.87974
-0.30981
0.24164
-3.354
3.1619
2.9093
-0.15512
0.41308
-1.542
0.3086
-2.666055
0.445
2.1326
-0.7031
4.1357
-2.0045
1.494
1.7411
-0.579
1.9616
1.4081
2.2195
-0.009
0.7761
3.31658
-2.2792
-1.5546
0.868631
-7.6661
1.00767
7.7553
-4.2643
1.9886
-0.22571
2.4479
-0.89013
0.2225
-0.7381
0.65955
1.6336
-0.6302
2.43482
-0.98734
-0.13665
-3.88976
1.27381
0.31383
-1.99488
-3.12129
-0.89812
2.3965
1.2018
-0.2472
2.2063
-1.9331
0.6313
-1.5284
0.65094
-1.40007
-5.049
0.49236
0.2445
0.50889
2.7994
4.5648
-0.2558
-0.3277
-2.9907
-0.2805
-0.2683
-2.552
1.2731
0.34927
NA
NA
NA
-0.50238
NA
-2.90226
NA
3.01016
-0.00508
-0.1518
0.13799
-1.8587
-1.04942
-0.469871
-0.25742
-1.068
-0.639
-1.07419
0.52018
-0.2474
-2.8513
1.75
0.4614
-1.0357
1.9374
-0.88242
1.4628
2.10032
1.3031
-0.5337
-0.6975
-2.868
1.6354
0.33627
-1.4855
-2.8252
5.4688
-1.615
3.0888
0.675
-0.5126
-1.0917
-5.18108
0.60828
-4.59201
-2.9824
-2.55277
-2.5589
3.2312
-2.07611
-3.32996
0.2205
-4.45571
-1.42528
-1.31934
3.0494
0.1609
3.2926
2.90727
0.70331
1.7099
0.30064
1.42187
1.1817
-2.5121
-3.79299
0.62346
1.9485
-3.1995
-2.42085
-0.25469
1.2692
1.1272
-1.06701
0.87363
0.25007
1.75421
-1.507
0.2277
0.5927
-6.1035
0.4919
0.455
-0.6061
0.1388
-0.9511
0.16687
-0.63679
-0.4826
-0.8301
-3.3252
1.1464
1.2847
-1.2847
-1.6146
3.96774
-0.0638
1.01865
0.0118
1.47972
1.22953
0.16398
0.58022
1.6005
-0.71645
-0.8183
-5.91251
0.2263
0.3353
-2.2796
-0.9758
1.8169
-2.4995
2.5981
1.5676
-0.0546
0.826239
0.21315
0.9496
4.7422
-1.30714
-1.2468
0.24612
0.9101
-6.39768
-0.18396
0.68446
-1.1354
-2.0934
-5.1553
-1.24543
-1.7725
0.8146
-2.4354
-0.21312
0.8833
-2.4894
0.6852
-1.66707
0.7415
0.3691
1.34078
-1.77389
-4.25588
2.56623
-2.89616
-2.78761
0.9076
0.7543
-2.457309
0.51277
-1.75994
-11.71427
0.67765
-1.38322
2.496
1.954902
0.0822
-0.361042
-0.3754
0.8372
1.60612
-1.7186
-0.84591
1.9121
-2.2027
-1.65066
0.1057
-0.683
-0.8377
-0.9005
0.3095
-0.8773
0.2707
-2.7431
-1.1755
-1.9677
-0.41051
-0.2586
1.346861
0.1371
-0.97405
1.0934
1.2678
2.2244
-1.633
-0.70815
3.597
-0.12306
0.74836
1.26788
1.5743
-0.2297
-3.2453
-0.3439
1.4847
-2.2561
-0.933
-0.5109
-2.88164
1.0311
-1.18342
0.1173
-0.8088
0.3084
0.3855
-2.694655
-1.45522
1.0141
-1.0811
0.3883
0.1359
-1.8505
1.0025
-1.5987
-0.12712
1.77922
-1.80203
1.39516
0.6465
-0.08276
-2.6095
1.4899
1.3043
-3.02626
3.4276
-0.0066
-0.59872
-1.71643
-0.23256
1.46286
0.2909
0.46479
-1.67585
0.7477
4.83397
2.1216
1.19171
-1.36308
1.3053
1.0695
0.1732
-2.2807
0.41971
1.64663
-1.02597
-1.68385
-0.13259
0.49806
-7.6452
2.32541
0.68333
-0.1473
-0.86469
-2.72227
3.2653
-0.3182
0.58633
2.369
0.4149
1.00833
-2.43388
0.198
-0.60085
1.38574
0.09849
2.66111
2.4766
-1.0922
0.8259
0.4231
5.64653
0.28221
0.00912
-2.97918
1.6131
-0.54468
0.76713
NA
NA
NA
0.1419
-0.623373
0.1772
1.620666
-0.8107
3.5952
-0.507
0.992696
0.970233
-0.4902
-0.0511
0.9814
-2.0876
-1.8232
-0.0402
0.3189
-2.8816
-5.55393
0.9552
0.3699
-1.7152
3.26865
1.3071
-0.429
5.1552
-0.2853
-2.8844
-0.99
-1.4968
-0.2492
-0.4916
-2.9044
0.0646
-0.4496
0.89401
-0.0311
1.0664
0.8033
1.76173
2.1379
1.46651
-1.6371
-2.7282
1.5255
0.204
0.5362
-3.5927
2.3449
-3.3644
-1.1185
-0.3994
0.43498
-3.5975
0.3315
0.3941
-0.5856
-2.5589
-0.7514
-0.9081
1.4736
0.2582
-2.3036
-0.7366
-0.1278
6.7693
2.3305
-2.4347
-2.0304
-2.1043
-0.9648
-0.47737
1.13837
2.7953
-4.4462
4.1549
1.677
-0.9244
1.9992
1.4018
-3.4998
8.0789
0.0721
-9.8477
-3.1256
0.4874
0.9008
1.85381
-1.26287
1.8946
-1.33075
-0.9612
-2.3307
-0.0365
-0.0237
1.94375
-2.56808
-1.52065
-1.8323
-2.8892
-1.02333
1.71152
0.261
-0.136
1.32613
-1.6877
-1.9168
-2.189
-3.22239
1.33965
0.63378
1.56576
2.80926
0.5898
-3.9786
-1.4895
-0.9409
1.8244
1.639
1.33442
-3.51319
-2.4443
6.734823
3.562537
0.1314
2.4938
0.14133
0.7501
-0.01219
2.26358
1.4078
0.9379
0.91318
0.94387
-2.9669
1.7579
3.14059
-0.9727
0.39887
-0.05988
-0.88357
-0.44283
0.48638
0.11667
0.0503
0.45635
-11.18293
-0.1485
18.5847
-0.9959
15.4389
1.3813
-17.9018
-1.15861
0.72529
1.25189
1.59231
0.81036
2.48274
1.3281
0.33733
0.94966
1.80866
0.1443
-1.51232
6.94414
-1.16252
0.52865
-2.55483
0.45825
2.02804
2.10122
2.7698
-0.96996
0.04716
-0.8536
2.36862
-0.5099
2.81788
-2.04034
0.19317
-4.7181
1.43309
-2.08337
0.68316
-1.7659
-0.8272
-0.0583
2.07616
-2.1477
-4.36367
0.77754
0.44968
4.6862
1.4423
4.29196
0.93958
-1.1415
2.0935
10.1152
-2.2328
-1.1947
-0.1413
-0.07081
2.4486
0.72467
3.22527
-4.30469
0.76961
0.46391
-0.19813
1.3581
0.88785
NA
-0.9576
1.98348
-2.2501
0.11814
-2.9258
NA
3.20956
-1.22425
0.084
-0.2783
0.1147
0.50205
0.67036
-0.12808
-0.15766
-0.14921
-1.33271
0.10279
3.44997
-0.42558
1.83461
-0.13433
-2.34404
3.3061
0.23556
0.8332
-2.081
3.9716
-0.6177
-1.6972
-0.2955
-1.2069
2.13046
1.3109
-2.2794
-2.12609
0.37312
1.52259
-0.5933
0.4768
0.7963
1.0424
1.6871
2.2022
-0.2281
1.0178
1.2468
-0.0619
-0.5988
-0.9227
0.778811
3.7473
-0.9651
2e-04
4.247508
2.5254
2.301121
1.443153
1.3016
-2.350524
4.4116
-1.755956
-1.8036
3.391297
-7.12733
4.46908
-0.22554
1.0575
1.5266
-0.3462
0.1767
-1.0671
5.3631
1.3405
-6.29968
1.014097
0.8358
1.7691
0.4536
-0.8869
-0.3353
-0.2865
-1.5798
-0.9703
-1.1356
-1.6131
-0.1387
0.2022
1.9839
1.37929
-4.1369
-0.383681
0.572
0.24823
9.716
-0.03393
-0.6428
2.1467
4.74699
1.9366
-2.1359
-1.4788
1.9884
0.0022
-2.6503
-0.4041
-3.0592
1.95697
4.23392
0.99616
2.2116
-0.475
1.1489
0.52721
-3.4354
-1.00106
-2.23478
0.06804
-0.49218
-0.37967
0.6823
2.15609
-0.72194
1.1305
1.93308
0.6823
0.60778
-1.02365
-1.50515
0.2202
-0.27491
1.49698
-0.0221
0.0123
2.83295
-0.9778
-0.0578
-1.4036
3.11189
0.9559
-1.30701
4.4063
-0.0676
1.5267
-0.4847
-3.2594
2.1182
-2.98951
-1.2656
0.49437
0.00615
-0.83733
4.89526
1.1392
0.8027
-0.0293
2.1558
-1.5229
0.6349
-1.5008
-0.9728
2.3227
1.7221
1.2158
-0.652197
-0.7619
2.0195
0.5194
-0.4871
5.2118
0.053
-7.01632
-2.32825
1.6748
1.31872
-1.66972
-0.6993
0.37824
2.8927
0.4739
0.1808
-0.3246
-0.83224
4.1534
2.0302
-0.33201
-0.1648
-2.0508
-0.87615
0.7251
-4.011
-1.49381
1.11584
-1.5351
-1.2184
-1.74993
2.68767
2.366
-1.5786
-5.6235
4.1327
-1.926692
-7.8357
2.62916
-0.42
0.6505
0.331
-1.9041
-3.9002
4.65521
0.72729
1.3645
-1.08685
2.514
-4.46869
4.06663
-0.244
-0.3807
-3.0407
2.6553
1.3691
0.5526
0.3363
0.9788
-1.2423
0.2936
-0.0129
0.0144
-1.0157
0.1508
-0.4353
-2.08937
-1.8768
0.44767
1.91445
2.64887
-0.49884
-1.6602
3.1545
3.339534
1.376
-2.3406
-3.15456
-3.8706
-0.99873
-0.4009
-2.1366
1.18722
-0.80331
-0.40478
-0.0935
-3.1267
-4.3829
-2.64781
-0.63532
-3.4562
0.09447
2.45221
NA
4.6904
3.75731
1.65637
-2.4395
-0.21073
0.05169
0.9064
-2.4944
0.797756
-0.03621
-2.6428
2.55223
0.71093
1.862
0.7334
0.18225
0.6297
-1.61763
0.82701
2.7615
1.93146
-0.30365
2.64773
1.1013
-6.92415
-0.06343
-0.7651
4.6818
1.40338
2.90138
-1.27869
0.17495
-1.8973
-1.75037
-2.25518
16.83474
-1.80819
-2.3479
1.8068
-1.2653
0.34473
-1.14279
-1.15189
-1.8884
-7.7801
0.8445
-0.7475
1.799
-0.85492
1.6333
1.8105
-1.3539
-0.9529
-3.1552
-0.85632
-0.0801
2.3491
-2.1211
0.2228
1.68595
0.27619
0.2983
-1.6763
2.74321
1.37125
-0.00187
-0.9773
0.3291
0.3316
-2.0151
-6.28268
-0.4856
0.34071
-3.5763
3.0614
0.8269
-0.2573
-2.94
1.0929
-1.8741
-1.5492
0.95072
0.1278
-1.6795
1.23511
1.3808
-0.2281
0.5459
2.51942
-3.3039
1.6138
-0.24111
10.28622
2.43789
0.9696
-1.36929
-1.42726
-0.53776
-0.4018
-1.0761
0.3249
1.48831
-3.88024
-2.7107
1.0166
-0.1547
-1.3766
-0.64931
-2.06833
0.5912
5.48178
0.05437
1.7615
1.7226
0.86029
1.75726
1.5426
2.6833
-0.1449
4.4336
1.059597
-0.8472
-2.4265
0.27915
0.47359
-0.47608
3.0656
0.4081
0.3987
1.2166
3.0041
9.5753
-2.051444
-1.50195
-0.396
-2.5444
-1.483551
-0.781
8.6657
-0.4877
-0.72867
-2.4322
2.40379
-0.1814
-2.5162
-2.029083
-0.1642
0.7435
1.176483
0.573919
-1.260688
2.6397
-1.765357
-3.394328
-4.5952
-0.64697
2.4722
-0.05721
-0.06583
-0.87648
-0.5806
0.8769
-1.88244
-3.0059
2.12747
-1.4771
0.2931
-2.43304
-1.7499
-1.7472
-0.4275
0.5661
0.1096
7.7008
-9.062786
-0.6895
1.9071
0.2793
-6.7369
0.3623
2.0934
-0.94411
0.1809
-0.8999
0.8866
-0.3807
-0.516119
-0.148843
-1.09782
-5.6061
-0.32433
-2.01995
-2.0807
-2.4918
-0.28104
1.43546
2.4312
-1.05576
-1.824
0.28043
-0.642
-1.1961
4.38321
2.24254
-0.00566
0.0021
-0.1698
-3.48406
0.4907
1.87898
2.41299
0.96967
0.1059
0.2838
-0.933369
-0.11787
-3.88895
-0.4463
1.97666
-0.5731
-4.03778
0.2308
1.7468
3.4568
4.7071
0.0862
-2.754
-4.8998
4.1642
2.0107
2.0617
0.10345
1.33013
0.1075
0.17901
0.15505
-0.58963
-0.5879
2.20401
-0.81866
1.1668
-0.8423
-0.5798
-1.86543
-2.0868
4.42916
0.8845
3.88455
1.4752
5.3921
-0.38727
-1.1038
0.52133
4.6613
0.03548
2.0076
-1.8392
0.0566
0.345
-2.3022
0.1539
-2.2753
10.32904
-6.1217
1.79316
-2.41095
-1.606
0.23838
-0.3683
-0.075
1.1292
0.5803
1.7146
0.72019
0.1913
-1.13168
-2.14955
1.559
-0.3177
0.34862
-0.69087
-1.80214
0.7775
2.0933
2.0933
0.2375
0.3562
2.8353
-1.7022
-2.0148
0.994
0.5463
-1.88412
-2.05511
-0.52791
3.20819
1.22387
0.82273
-1.97386
-0.751933
-2.3627
0.82795
1.3234
-1.7437
-1.0471
-1.849
3.1018
-0.96529
2.04423
0.3095
1.6741
1.6842
2.67864
-0.95751
-0.0723
-0.6456
4.94124
0.09121
1.84012
-0.09697
-0.37936
-0.0068
3.4015
-1.70553
0.70673
3.2692
-0.3868
2.2906
-0.89322
2.5746
0.8016
-1.0474
0.4959
-3.26582
0.32109
-0.3874
-0.0772
0.21
-0.4982
-0.0491
5.053
1.7045
-0.411
-0.4697
1.50751
0.62677
-0.99298
0.22623
5.05593
7.81989
0.3838
1.8901
-0.1849
-7.86982
-0.172402
1.8648
-0.6663
1.1892
-0.2762
-0.1931
-1.5666
-0.0462
-1.84275
-4.25053
0.16498
5.9571
0.802052
-1.3715
-0.67715
-3.5186
0.8359
0.75036
0.261
1.38723
-4.7889
-0.3398
1.5819
-1.628822
0.3469
1.0821
-1.16056
1.0229
7.672
-0.5693
0.8004
-3.634473
5.27845
1.41232
-3.1424
2.11567
-0.67191
1.4592
-14.52064
-0.7722
-0.08435
1.786642
5.1585
4.4729
-1.68735
3.8956
-2.049
-3.65783
3.6583
-0.77679
5.549834
0.9378
-1.1971
-3.4548
-6.3059
0.4833
0.5259
-0.1502
-0.38817
3.6939
-1.438752
0.4353
0.9239
-0.0462
-2.3535
0.9389
0.94187
3.1386
0.96868
-5.239717
0.2635
-0.2282
-0.4656
-1.2572
-0.072
0.732951
-3.12242
-0.23419
2.8419
1.0063
0.11022
2.29291
-0.7443
1.21597
1.10739
0.6843
-11.83678
2.4527
2.4468
0.742
2.2235
2.24416
0.24091
-1.4384
5.3626
-1.2078
-3.5573
1.056925
-0.8509
0.4916
2.32473
0.597535
0.1643
0.12044
-2.011265
-0.25979
0.1573
-3.2504
5.188
2.98754
0.60995
-1.3429
9.43471
3.4453
2.2591
-0.3437
2.2387
-4.25811
-0.41738
-4.70322
0.0255
11.9317
1.1079
15.0639
-3.0005
-0.8142
5.97272
-1.1398
-2.25821
2.3914
-0.0464
0.712376
7.66015
-0.54793
-1.5499
0.7703
8.208
-0.6297
-0.82817
1.13215
-3.10688
-0.8863
-1.18357
0.3246
0.0532
0.3466
0.46051
-1.44358
-1.8755
-0.52518
NA
0.2235
-2.828614
-2.5868
-1.0036
-0.20547
0.3958
-3.7895
-0.98
-1.4818
3.9579
1.62896
-1.6708
1.421104
1.75126
1.0264
0.1923
1.9222
-0.681739
-1.7271
0.23329
-4.0999
-0.32521
2.780702
1.6804
0.4277
0.3614
-0.11039
2.54591
-2.0756
2.58521
3.6852
-0.493
-0.7771
-3.70462
-0.19828
2.13228
1.6656
-4.0803
4.22042
-0.6749
-3.4224
-0.25104
3.7482
-3.63622
-2.7611
-3.73324
-0.2417
2.78813
-0.6635
-3.1793
2.5473
-1.43321
-0.5469
-1.3041
-0.25578
-0.4294
0.59339
-1.6294
NA
-4.12955
1.9261
-2.8692
4.17128
1.1558
0.2656
0.2459
1.6381
1.56
0.9186
3.17427
-0.6449
0.9476
0.4029
-1.1046
2.1519
1.08285
0.1255
-1.31253
0.22939
1.0046
0.80882
0.42044
0.99582
-1.1838
0.052
1.4578
0.9617
-5.1274
-2.5834
-2.1081
2.013
0.30855
-1.4978
-3.1826
1.00885
0.49411
0.5947
1.12701
0.4469
0.07827
-8.0854
-0.818
0.0249
-0.21569
-0.26657
1.4327
-4.2519
0.0759
NA
-0.1495
0.1714
-2.7097
NA
-1.882417
3.45617
0.4239
0.60308
-1.32897
-1.96049
-0.39209
1.0956
1.2071
0.88547
-0.8855
-5.55812
3.73798
-1.51276
-0.17135
-0.4289
-0.5169
-2.6911
1.9293
NA
0.08783
0.67159
1.5351
-3.6247
0.57607
-1.3527
-0.0242
-1.8891
3.3653
0.5067
-0.9057
3.5385
0.09017
-2.0941
3.9061
-2.3753
NA
7.6489
0.0401
3.89712
1.43561
-0.4698
-0.3109
0.6821
-0.732861
-0.594299
3.5046
-1.1981
0.4184
0.76957
-4.22684
2.7027
-3.08405
0.56511
-0.906
-4.0848
-1.18077
5.157
3.2401
-1.1209
-0.3249
1.978007
3.7479
-1.7017
1.4871
-0.2666
2.6191
0.75844
-0.8484
-0.21757
-0.25407
1.9821
-0.022
-0.51166
-0.00665
0.7486
0.7067
-0.5418
0.2076
-0.7101
-4.0148
-1.8584
-0.5804
0.00239
-0.9532
-0.6101
5.4624
1.8057
0.1905
1.2652
0.75188
-0.6217
0.10158
0.92187
1.07527
3.66292
0.4968
1.1675
1.7684
0.8917
-0.0333
-1.643
0.1881
-0.94165
2.3055
0.4324
4.215197
-0.4011
3.014484
1.098
-0.25663
-0.53865
3.36997
1.9798
-6.2737
-1.51408
1.2854
-1.4516
-0.10562
-3.4414
-5.2764
0.3037
-0.7182
4.656
-2.9848
1.40049
-0.529591
-0.6812
-0.2853
7.38792
0.6025
2.8566
0.202
0.0231
-5.46611
2.6146
0.81015
-1.72279
-6.10754
4.21242
-1.8544
-0.35446
-0.4613
-0.67295
0.02563
0.7089
-2.3248
0.1816
2.38
0.7154
NA
1.28505
1.05858
0.24824
-0.092962
-1.63113
-2.9475
1.10395
0.0677
1.4961
-3.08044
-2.6634
NA
-1.9174
0.38754
-1.19841
0.2801
0.31952
0.6699
0.647542
-18.8652
-0.4575
0.60337
1.61299
-0.21
0.10892
-0.6381
1.23561
-0.2601
-1.9174
-0.7293
4.4678
0.5223
1.03201
0.06769
-1.5284
2.602
0.491
-4.23278
NA
-1.0064
-2.15311
0.3187
-0.45116
-5.23697
0.1853
0.94963
0.4316
0.2517
-4.2238
-0.8897
-0.496671
0.0865
-0.4198
-2.5727
-1.09987
0.47024
0.5773
1.37082
-0.3015
-0.4136
-1.93048
-3.24473
-7.9592
-3.30757
0.52144
-1.8543
0.4292
0.6434
-0.9882
-1.8729
2.13669
-2.8664
-0.3156
-0.66849
-0.9579
1.3791
-1.18057
1.1657
1.25226
-4.03537
0.69024
0.7269
1.9302
2.2813
0.68458
-1.0096
2.45093
1.148
8.92214
4.17253
-1.2739
2.5309
0.10146
2.55776
-1.8197
0.354
-2.9985
3.15743
-0.87063
-0.47523
2.787
-1.3434
7.74159
1.367305
3.5275
0.4261
-1.95948
NA
-2.80877
-3.9772
4.14135
-0.19932
-0.97693
5.3016
0.55023
-0.33026
0.17974
1.04322
1.9161
0.52568
NA
0.02137
0.36408
2.14833
-1.6719
3.1352
-12.00648
1.3068
-0.39125
-0.4132
-0.0184
-6.096
1.69156
0.9267
-0.40276
-0.02667
-6.1248
-0.0967
-0.2663
-0.803
-1.1375
2.0893
-0.2789
3.82714
-0.00234
NA
2.71915
-0.3395
-1.8586
-1.7147
0.5086
1.30198
0.3744
-1.5775
-3.0465
3.14178
3.26439
-0.01157
-0.29508
2.34767
-0.90044
NA
1.68798
1.5227
-1.2873
-4.67742
-0.4704
-2.26007
-3.36254
-0.1365
2.5489
-11.8942
-1.42902
1.9234
0.9085
-2.243943
1.1906
0.58486
1.8469
-9.3406
-0.4508
0.79873
-1.4337
-1.50233
6.347
-0.4305
-1.2422
1.6073
-1.019655
1.8316
5.19007
-0.63118
1.40856
-1.3794
0.4752
2.6094
-1.8489
1.54137
0.4316
2.30888
-0.05997
-3.46423
-0.77135
1.614687
-1.00235
1.701
0.0094
3.2088
0.04396
1.86868
0.3216
0.3823
-0.208
0.7776
1.38912
-0.5983
0.5888
2.025
2.1572
-1.1825
0.9957
-0.69971
-1.8539
-2.68905
-0.14473
-5.8956
-4.1563
0.88708
1.8594
-3.8829
2.37448
-1.87512
1.37452
-2.40096
0.05429
NA
1.35842
-0.0956
-0.4573
-0.7201
-2.29243
1.5923
-2.66232
1.8088
-2.494
4.0227
0.3277
1.88482
-0.16058
0.91339
1.27847
-2.8617
-2.3014
-1.514
-0.63493
-0.10246
0.44633
-0.9091
-4.2267
0.4095
0.38753
-1.5348
1.8478
0.76586
-0.0992
1.4391
0.35345
3.7452
-0.5764
-0.39942
0.8412
0.2055
0.16374
2.98955
1.74358
0.8976
0.01664
-0.3373
-1.754
0.11558
-1.03293
4.35804
-2.84175
2.4073
0.2299
2.9364
0.49904
0.90784
-0.4402
1.21582
-3.41163
0.15438
-0.613
1.3636
-0.1951
-4.1634
1.98358
NA
NA
NA
NA
NA
NA
NA
0.7543
NA
NA
NA
NA
NA
NA
2.08808
NA
NA
NA
0.582577
NA
NA
NA
NA
-2.1343
NA
2.1903
2.98941
NA
NA
NA
NA
NA
-0.24465
1.1843
-2.67
0.4959
2.1045
-0.3551
3.4799
-4.53381
-4.81106
0.6664
-0.62488
-1.85854
2.81813
-0.38251
5.50996
-0.86768
-1.38069
-1.83
-0.97387
-0.04168
0.993459
-3.1649
0.17627
1.3117
3.9698
-2.32544
1.132
0.66893
-0.93063
4.3859
0.5005
0.4417
0.0608
-0.3318
1.031
-0.25213
-2.75957
-0.9558
-1.33966
-0.2601
-0.5172
-1.8827
-0.8169
NA
NA
-1.8416
NA
-1.88447
-1.4533
0.9395
-1.2716
-1.23608
-1.14575
-1.8823
0.6145
1.5264
0.9841
-0.0463
0.8031
1.20116
1.6372
1.366
0.8196
0.4257
5.3538
2.98005
1.591
-0.68
-1.7795
-0.52453
2.70783
1.15816
0.69156
0.68433
-1.8268
-1.52908
-0.61692
4.74758
-2.6834
-0.76625
-2.03084
-1.3435
-0.3767
-0.94172
0.7514
-4.04337
2.4265
3.98141
NA
-1.285
0.0511
NA
-0.8556
-2.8773
-6.5212
-1.4307
-0.1241
-1.00229
1.684
0.5906
-0.46721
1.1484
-1.8953
-2.62382
0.22775
2.2876
-0.9793
0.96457
-2.6774
-4.4897
-0.6349
-0.901
-0.2117
0.6726
-0.55876
1.645
8.12377
-8.2103
-1.4518
-5.18522
0.8279
-1.1741
-0.2363
2.5071
-6.35242
-1.99338
2.81321
1.70486
4.026844
NA
NA
1.0471
0.2403
0.6768
1.30174
0.04968
0.8214
0.201
0.4196
1.7245
-0.81303
-0.3109
3.069
0.5605
0.4001
-0.8641
-3.76884
0.09562
-0.02208
-0.17899
0.31892
-1.9848
-1.95351
-2.13449
NA
-0.78947
-1.4212
1.18366
0.583
-0.5166
2.11267
0.16684
0.4213
-0.47475
1.7203
-3.0543
-0.50674
3.85074
0.6247
NA
-1.50211
-0.9984
-2.2357
-1.24777
NA
-0.51221
-4.12762
1.39501
-0.61313
-0.0966
1.37107
-0.31086
-5.0423
1.07504
-0.53231
-0.88847
-1.6219
1.017
1.4805
0.7546
0.80607
NA
1.13187
2.3451
-0.0992
-0.2245
-0.12525
-6.02412
2.76023
-0.584265
-1.32634
-1.47649
2.10325
1.0126
2.9341
2.1242
-0.1551
0.3968
-1.2633
-0.9184
-0.7967
-4.66776
-2.00486
-0.2103
-0.64491
2.08768
NA
1.35783
-0.94133
1.8577
-1.63769
NA
-1.8521
-0.4326
0.4523
2.6893
0.4964
-1.07923
1.0274
NA
-0.4042
1.56143
-0.49372
2.15997
1.789682
0.11509
0.4653
-0.5398
0.47434
0.84295
1.6699
-0.24073
-0.3883
-4.7427
1.38157
-0.5364
0.42612
1.7543
4.44178
-5.20711
1.25561
-0.1578
0.32224
4.7467
-0.7407
1.04904
0.02249
0.2192
2.3539
-0.4299
0.64319
0.5673
0.1574
1.0226
-0.6543
NA
1.50145
-0.5149
0.70814
0.31818
-0.97577
1.32204
1.4416
-3.81404
0.8303
1.30466
1.8563
0.21765
-1.46924
7.48153
0.16162
NA
-1.3985
-0.9281
-1.49275
0.1942
-0.375702
0.5118
2.44152
-0.5648
-1.6468
1.19609
-2.6832
5.91446
-4.22516
-0.0205
3.22793
0.2681
-6.0395
-4.25042
-2.41811
1.4947
1.1014
-1.75268
1.65531
0.08999
NA
-0.9642
4.18985
1.15322
1.0061
0.1754
-2.10273
-1.588
NA
0.8343
-0.9437
0.17852
3.00031
2.9359
-0.31254
2.34821
-7.54873
0.03735
0.5682
1.744
1.225
1.7605
0.9798
-0.844
-0.6457
NA
-0.52189
-2.5019
1.5673
-1.30357
1.02073
-2.6455
-0.7795
2.602
-1.38575
-3.017
1.004
NA
0.4356
2.07868
1.22899
-3.38465
1.35644
-0.36577
-4.3723
2.0058
-1.2099
0.8891
-0.97189
-1.1457
0.58578
-2.0567
-0.2506
-4.06345
0.7529
1.07617
0.6859
0.8508
-0.8325
0.4001
0.15143
0.48437
-3.69776
-0.8967
-0.52012
1.16118
0.27069
NA
-0.5615
-0.0066
1.47338
0.6287
1.17897
NA
0.2075
1.27001
-0.0438
1.10125
-0.0984
-1.4616
-1.4457
2.21281
-0.03448
1.394
2.2715
0.184
1.1878
0.4076
1.6369
NA
NA
1.60889
-0.8081
0.44685
3.7944
-2.29111
-0.7492
-2.85089
-0.38283
0.97741
NA
-0.03847
-1.74751
5.5768
1.62488
0.17
1.789
-1.08608
-0.30612
-0.0097
-2.95543
-0.5183
2.4885
-2.3133
2.08802
NA
-0.158
1.2878
-2.3378
-1.17878
-0.7387
NA
1.5184
-3.24525
1.96169
-2.18261
1.28549
-0.8081
0.6232
-1.9725
NA
-2.6329
0.06728
0.5047
-1.299698
-1.2929
-0.202
1.6358
-2.638
NA
-3.4337
-2.51408
NA
-0.18894
1.3986
-4.2837
0.97049
0.2196
0.308
2.1242
-1.86364
-1.63306
1.47315
0.1179
1.3482
1.0334
-0.72398
1.6544
1.3008
-0.6465
NA
0.70908
-0.46681
NA
1.24766
-0.35614
1.639
-0.927
-0.14263
0.4587
-0.0935
9.6161
-1.0268
-2.22682
-0.1885
0.8478
NA
0.9093
3.9477
NA
0.1983
0.03726
-2.1891
0.81308
-1.6181
0.07347
2.2633
2.2023
-0.08291
8.30037
-1.1848
-0.32144
0.56536
-1.1843
1.1323
-1.51155
-1.8961
1.3459
3.6727
NA
1.4823
0.43856
3.6657
0.92283
0.9509
0.3565
0.88073
9.40439
-2.06535
0.9255
-1.7067
9.9538
0.21876
-1.0086
-0.57214
0.6106
1.3897
0.1762
1.4823
1.7931
-3.52024
-2.30505
1.34224
-1.0207
-0.84215
-0.0861
0.19035
1.78435
1.27582
-8.1318
1.41974
0.2459
0.8658
0.0764
-1.87486
1.9011
0.75106
0.5493
-0.46145
-3.09715
0.6269
0.6152
1.91672
0.05566
0.92718
-3.3581
3.4276
-0.61506
0.41908
-11.735
-0.30769
-1.17071
2.0932
1.4018
0.51216
0.6871
5.9102
2.43186
0.90904
-4.41792
0.4801
2.42564
5.5161
NA
2.6601
-1.59465
-0.96625
-0.8956
-0.9201
0.2359
2.4534
0.4564
1.0849
-1.8059
-0.6351
NA
8.1715
-0.2967
-1.6314
-0.9186
-0.40728
0.34
NA
-3.1957
-0.8919
-0.09375
1.6359
0.5911
0.016
0.96178
-0.7314
1.56886
2.79578
0.6469
NA
2.94316
-0.546
1.0283
-0.1909
0.9785
2.15522
1.3461
2.84589
0.53139
-0.5811
-2.67
0.42357
0.2837
1.00654
-2.11696
0.26054
-0.117
2.26459
4.3033
-5.6019
-0.96994
-0.041144
-1.6562
-1.89204
-2.3998
-2.0235
-1.9887
1.30021
-4.210596
-2.29695
-1.2287
0.32905
3.7033
0.3422
-3.1139
-1.00352
1.02006
0.61475
-0.59999
2.33834
-1.4493
-0.0873
-1.0396
0.27544
-7.3541
2.09169
-1.8282
NA
-0.6329
0.28571
-0.94891
NA
-3.79783
1.23668
0.9508
NA
1.22884
-5.10763
2.9
-2.04564
0.95094
-0.15531
-0.7015
1.60843
0.00798
1.75892
7.88253
-1.4203
2.0024
-0.8327
0.899
-1.78016
-0.4085
0.1601
NA
0.43763
-0.3172
1.3298
-0.0454
-10.1146
-0.6494
-0.86882
0.1255
-0.1998
2.9667
-2.7366
1.724
2.42
-1.8597
-2.8989
-0.11505
1.09653
1.2501
0.4759
-1.41418
NA
NA
0.44757
-1.2599
0.96695
2.7195
-3.61658
2.37567
-1.297
0.80174
-0.00955
-4.34417
-1.4391
4.3636
0.4067
-3.3869
2.7521
0.20007
1.0421
NA
1.69453
-1.21582
1.918291
3.96884
-0.00445
1.707
0.8245
0.78739
0.9825
-0.75396
-0.4792
NA
0.61371
1.0542
0.8687
-5.913
-1.9842
-1.15006
-1.1975
1.3225
-1.8723
0.8028
-1.77312
-7.6661
-1.9568
1.57918
0.08124
1.2596
34.23191
-2.548
0.5607
-1.61652
-1.73358
8.9455
0.81983
0.8094
-2.4384
-2.8945
1.0925
0.6136
-1.9217
-1.4244
-0.93392
0.05993
-0.8081
-0.32932
-2.5624
0.826
1.3461
0.244816
1.15202
1.1119
0.71699
0.67087
-0.8081
-1.11117
-3.9676
-0.944
NA
-1.9891
-0.24018
1.3276
0.71962
-0.2633
0.18739
NA
0.6192
0.4602
0.9178
0.15384
-0.68745
-2.30857
-1.174
2.20225
-2.8984
-0.26
-11.33513
0.83012
3.0809
1.73516
1.95872
1.40884
-0.6712
NA
-0.2553
1.3796
0.1944
0.8899
-3.128216
2.95402
1.2633
12.1283
3.8045
-2.4497
4.1393
0.178101
1.4978
0.000321
1.549814
-0.0924
-1.6809
-5.0211
3.0957
-0.91745
0.167
-1.9872
0.59697
0.42365
0.5122
3.3519
-0.194
-0.9403
-2.0795
-0.15062
1.48703
0.0826
-1.7307
0.2804
0.382
-0.1027
0.9445
0.15765
-1.6077
-0.8598
0.8957
-1.778
-3.7565
4.5759
-0.20237
4.6413
NA
0.0301
0.4859
-2.9542
-0.29024
0.3383
-2.993
-1.2365
-0.4308
-0.6686
0.212086
1.200606
0.20794
-2.87335
-1.0589
0.0317
0.0412
0.0535
1.06572
-0.6371
0.9724
5.5768
1.3868
-1.44937
-2.1706
-1.3469
1.1948
-3.5286
-0.6066
1.2324
-1.6637
1.0149
-1.7213
1.00979
-0.3558
-1.403
0.3572
1.305
-1.2637
0.6391
0.4878
-0.6339
-0.7604
-1.0907
-3.6761
-4.3723
2.8315
0.58293
2.1244
6.96785
0.3505
-2.4822
-1.38581
-3.59335
-0.42654
1.69185
2.2552
-1.9515
0.9344
-0.2576
-3.6888
-2.2606
-1.03444
-3.32295
-0.3353
-1.0558
NA
2.79679
-0.2392
1.60976
-1.1611
0.987
-0.2499
3.6496
0.23635
4.07966
3.2941
-0.7115
0.7206
0.2416
-2.2178
-0.311541
-3.43185
-2.8322
0.2789
-1.850816
-0.6686
1.7946
3.3203
-2.9131
-0.4495
0.9758
2.0302
1.85144
-0.93571
0.5239
3.8008
0.0561
1.8179
-2.1537
-1.1838
1.2635
-0.3536
-1.19943
-2.0524
1.1828
2.30289
-0.2137
1.6768
0.2769
-0.42721
-1.1705
-0.3136
-1.0047
0.9146
-0.1204
-0.533
-0.5069
1.2652
2.27705
-0.8118
-0.9482
-0.723
-0.73545
1.2876
-0.5284
0.8537
0.2284
0.0131
0.8973
-1.415
0.1144
1.2141
0.3935
0.7679
4.431
-4.824968
1.8714
-3.18423
1.0307
2.28719
0.7945
0.6779
-1.23023
3.0393
-1.1463
1.244777
-0.5321
-0.3162
0.6297
3.8585
-0.0116
0.4739
-0.892134
1.7464
-2.61976
4.7945
1.364403
0.6581
4.8429
-0.2363
0.207451
0.138838
0.9343
-1.761015
-3.067239
1.16012
2.840546
-2.318199
1.1058
1.706459
3.33033
-1.945078
0.1558
1.4662
-1.129
1.1938
8.575938
-1.3421
-0.1615
-0.30857
3.50304
1.996214
-6.169677
-2.463397
-3.459
1.8694
1.245598
1.591325
-1.4259
-0.5424
0.3204
1.154
2.2015
0.986
0.516
7.6516
-1.6959
-0.9551
1.4126
NA
0.296
-3.0466
-0.9852
0.8042
1.918854
1.2319
-2.1065
0.7702
0.46
-1.674
-2.1834
0.39944
2.0441
-0.3837
-3.4364
0.768
0.6713
-0.0909
0.79607
1.0763
1.0134
-2.195171
2.50764
-1.5242
-0.4168
-0.6359
-0.11
1.0957
-1.208
2.1745
-0.0437
0.3605
2.4599
-0.811
3.0909
-1.1311
3.7418
-1.0789
-1.2653
3.0887
0.85955
-0.5241
0.7512
1.6057
1.30586
1.5008
0.6627
-1.8011
-0.9636
1.18091
2.7691
0.37189
-0.97811
-0.99058
-0.13272
-2.34554
-0.0528
-1.1118
-0.7004
-0.5351
10.25239
-0.9971
-0.89724
1.92128
1.841
0.7387
-1.68257
-0.10035
-1.94643
-1.64591
-0.9771
-1.50264
-1.5428
0.455
0.2517
2.2635
-0.2727
-3.4692
-1.6192
2.7612
-1.2437
0.687
0.4292
0.0516
0.1446
-0.8548
1.4158
-0.9053
-0.4917
0.3289
0.5378
0.042
0.3119
6.3654
0.3188
-1.5655
-0.2623
0.9854
1.8197
-2.0082
1.1578
-2.65699
-1.75264
0.4603
-0.3951
0.1113
-2.2979
0.5693
1.31559
-0.9183
0.03211
-0.0858
-0.63751
-0.7613
-4.15501
-2.16879
-5.1544
-4.06282
-5.48714
-0.98521
0.03793
-1.78341
1.19124
-0.461266
0.7185
1.24285
0.10589
-0.2698
-1.7197
-3.8093
1.1361
0.18581
-1.3008
1.50955
-0.4484
-0.2357
-0.8916
-2.1231
-0.5442
6.4912
0.21867
1.5748
-0.6322
-1.01981
2.0922
-0.23255
0.0613
-0.5778
2.0934
0.9813
-2.09327
-1.23019
-0.91387
-0.32114
6.452
4.5796
0.1105
-1.41426
0.49988
-0.9361
3.5891
-2.50214
1.0768
-1.3718
1.0984
-1.93158
2.2628
-0.9202
-1.851658
2.0102
-0.67613
3.3942
-8.10144
0.4894
1.6981
1.3482
0.1948
1.582
-2.407
-0.67899
-0.3819
0.94065
-2.69124
2.90355
-8.34352
0.69902
NA
-1.1928
-1.5143
0.579
2.8283
0.2793
-0.9663
1.24755
0.25732
0.7143
8.49111
NA
-1.51373
0.186169
-0.6817
-0.9998
2.8404
0.7714
0.7932
0.12465
0.38251
0.12183
-0.8569
-2.2689
-1.527
0.1661
1.26279
-1.36894
1.08245
-0.3071
-0.46388
1.39147
-5.2004
2.7686
2.2827
7.82653
-0.3132
7.82947
0.02777
0.9273
1.09585
1.91487
1.8845
3.26129
-2.149
-1.7749
-2.6977
3.8244
1.88527
-1.0226
1.0661
-0.8633
0.4218
0.3327
-1.55047
NA
0.3327
-3.7732
-1.08828
2.8025
0.6804
0.2425
1.6875
-1.6767
-2.79238
0.3327
NA
0.11262
-1.7053
0.5364
4.6823
0.78539
-3.23853
0.9451
0.2034
1.0416
-0.3391
-0.9955
1.2066
1.63118
0.6625
-0.9012
-0.6804
-1.406
1.28946
-3.90224
1.1893
-1.31917
-1.15166
1.9652
9.378
1.03233
0.41547
0.02195
-0.5514
1.2574
0.20982
-2.2466
1.1546
-0.09562
-2.42695
-2.662
-1.8676
1.51257
-1.17776
4.0437
-0.58551
1.51008
-3.9573
0.2954
1.6098
-6.44135
-5.99474
0.28245
-1.8212
-0.4368
-0.15945
-0.98556
1.01116
3.39065
0.5856
0.7413
-0.92608
-0.74773
2.34054
0.44231
-3.06936
-0.2217
1.863
1.17709
4.0939
2.82406
-2.7694
2.52789
1.2376
4.0382
4.5818
-0.95452
1.81349
-0.41964
-1.37583
0.1689
-3.3505
0.9152
2.12259
-0.2195
0.52875
-0.34143
2.3417
1.54293
0.5188
-0.03989
-0.56996
-0.51435
2.89935
0.7741
-2.03954
-0.28613
3.98632
-4.1202
1.45753
-0.20721
-0.46951
-0.67052
0.5467
-19.56402
-0.55404
2.09724
-3.7522
-0.74399
1.1981
-0.5216
-0.40993
-5.4634
-0.36749
-3.2947
-1.6388
-0.19134
-1.2507
-2.4197
2.5326
2.051126
0.5659
3.1684
0.4087
-0.62681
-1.1417
-0.7426
0.7387
0.15317
0.5968
0.04478
0.4298
1.5007
-2.086
2.47054
0.8433
-0.4336
0.57814
-0.457211
1.3511
-1.89643
-0.873
3.8898
-0.3669
1.58269
NA
-2.1719
0.11008
-0.1833
-0.485543
-0.0286
0.07512
0.3292
-2.4197
3.41277
0.2226
-13.51593
-0.10731
0.2337
-0.4616
-1.21931
-0.53232
-1.3437
-0.2473
4.59673
-0.37143
-4.65431
0.0241
0.33229
-0.92708
-0.4273
-0.87236
0.3684
0.36329
NA
0.6031
-1.17833
0.0537
-1.62674
-0.066
-1.2382
0.37766
-1.48557
-0.4234
1.13427
1.94056
-0.0954
-3.70479
0.1517
-0.46075
NA
-0.8039
3.1436
0.13536
-0.37582
-2.1375
2.35403
0.8147
2.75265
-2.8859
-1.0234
-0.6025
-2.28553
-0.2233
0.5018
NA
NA
2.4831
-0.85431
0.20998
-1.8401
-0.8785
-0.6253
0.3005
-0.0566
-0.1998
1.4966
0.65869
2.8308
-1.3457
-1.8313
-0.3222
-1.4883
0.44489
NA
3.0574
NA
1.68444
NA
-0.4412
-1.1175
2.1996
0.49145
1.5295
-0.8086
1.8064
-1.29621
-0.717
-0.6202
-1.4563
-2.1279
1.6518
-1.6714
-0.23036
2.9363
-0.21535
-0.18743
-0.6491
1.28357
0.8787
-1.9419
2.4268
-1.0105
1.1079
4.5026
0.23004
NA
4.3205
0.51646
-0.315
-0.21297
-0.33838
5.3538
-2.5627
-1.698
0.47234
-0.6469
-1.47698
-0.6526
-7.0009
-1.5724
-2.2992
-0.24908
-0.6746
-0.2045
0.4733
3.17917
1.23088
-0.79094
-1.0882
-0.3721
-0.36792
-2.1933
0.75698
2.91461
-0.8217
2.87007
0.56948
-0.59835
-0.9645
0.33662
-2.3764
-1.3715
-3.8013
5.9524
1.32998
1.0152
0.00431
NA
0.97753
0.1846
2.9514
0.01006
-1.8536
1.9691
-0.5256
-4.5163
-1.994
0.04659
1.7747
0.9729
0.1777
-2.51262
-4.07092
0.7833
1.9258
-0.1133
-0.087
5.4094
2.7734
1.2413
0.1876
-1.2288
-0.7169
-5.6431
1.06145
0.5939
NA
-1.46331
1.11464
-0.7895
-0.1459
6.0566
-2.1006
3.619
-0.1214
0.44503
-8.6709
0.2203
-1.5083
-0.3984
-2.58311
1.3183
1.6002
-0.905
0.1822
-1.6424
4.950321
-0.8476
0.44555
-0.2041
0.3862
2.73766
-1.4773
1.0711
0.4668
0.0478
1.41964
0.55012
-2.77664
4.2217
0.0952
-10.86477
-0.3496
-2.2409
1.48647
0.4613
-0.5612
1.34123
3.2037
-1.3663
-1.5161
1.0848
0.73295
0.1973
1.1552
-0.6823
-1.0935
-0.3102
-0.9125
0.48486
3.416679
-3.6218
8.4367
0.88388
NA
NA
1.3459
-3.6656
2.35004
-4.5781
-1.2141
1.4795
0.1621
-0.9948
0.8721
0.2629
0.41955
-0.0077
1.5947
0.01901
0.4047
0.9367
1.96764
-1.03818
-0.8474
0.05728
-0.0949
-5.7778
-0.1859
-1.86045
2.804904
-3.68809
-1.60599
-13.5887
-0.8925
-0.799
2.1071
-2.22935
0.55541
0.24096
-3.1688
-0.11656
-0.74918
2.99585
-0.89867
-2.099152
1.1254
3.66685
1.6833
2.25761
1.336
2.00429
0.9357
0.3882
-0.1735
0.2311
3.4056
1.33641
-2.2357
-1.1944
-1.4697
0.64595
-2.3694
-1.56336
2.87094
-1.5654
1.3687
1.256902
-0.60773
0.196
1.49705
4.2267
-2.29881
2.17023
-0.2195
5.53604
-0.5033
-0.6832
0.11677
1.2926
1.17753
-1.5648
0.68859
-4.74486
2.94078
0.30546
5.4606
1.61708
-0.983984
-0.993087
-1.3177
0.26414
3.0583
0.739345
0.76149
0.8234
-0.75859
0.1181
-1.2999
-1.634078
4.95687
-3.35031
-0.83736
1.219958
-2.5628
8.2137
5.4865
3.3841
1.2441
-2.42799
-5.97518
0.0734
-0.45966
NA
NA
4.4116
1.06277
-0.43325
-0.2338
0.67427
1.58306
0.91379
-2.4073
0.9332
-0.7115
1.0051
2.3021
-0.4447
-2.1068
-0.0298
-2.1615
-3.3106
-0.41397
1.0886
1.1133
-3.9226
2.08101
-1.58188
0.9477
-0.8081
-0.984
2.9479
-0.78322
-0.8081
-8.60579
-0.8657
2.4958
-2.5117
0.73247
1.5411
-1.8526
-0.1821
-2.61625
3.2182
1.7839
-0.9227
-0.38255
-0.79904
-2.6339
0.47648
0.4951
-0.0438
2.1881
-0.8051
-4.0615
-0.2619
0.66191
