-0.6051
2.3911
-2.3935
0.61481
1.17659
-0.3493
-3.4546
-0.4658
5.9187
-1.1628
4.6994
0.6844
-1.1038
1.3341
0.5663
1.3097
1.1334
-1.72916
-0.5013
-0.183
1.6728
-0.2193
1.1736
-2.8569
-1.4004
0.1033
-2.1647
-0.4903
3.03154
-0.5069
3.2151
-4.7368
-3.8895
1.6118
1.883
0.7234
-0.4331
2.6974
0.3535
1.7064
-0.9228
4.3553
-1.2164
-1.9909
-0.078307
0.5162
0.255
-1.5575
1.560428
1.1012
-1.3809
-2.5989
-1.0431
-1.2879
NA
-3.22679
0.0739
0.0993
-1.4562
0.1205
-1.5331
-0.4885
3.7695
-0.66176
0.5378
-1.83303
-1.26028
-0.1998
2.334
-1.039
-1.7074
-0.2431
-2.10506
-1.5462
2.0788
1.3767
-0.4574
-4.8028
-3.6568
1.4186
-2.6256
-0.71188
-1.67
2.5141
-1.615
0.13864
-1.22755
-0.05565
-1.1307
-0.5053
0.025141
0.8828
-2.8934
0.00405
-0.1425
-4.596
-4.1188
-1.1328
-0.5618
-1.0323
-1.3357
1.3944
2.3867
3.8471
1.8809
-1.878
2.0134
-0.78719
-3.0175
-0.711378
-2.0624
-3.79899
-6.31142
-0.0944
1.3131
2.3337
0.9269
1.6616
1.366037
-3.89947
-2.2898
0.04
-10.2874
-0.5249
-1.0012
0.0518
-1.9599
-2.0855
-22.9241
-1.8979
-1.4877
5.1856
0.9635
0.316163
2.1324
-1.22274
-5.2533
-0.823
2.7495
3.8243
-3.4892
0.5958
-3.144628
-2.4118
-1.074691
-2.3754
0.8633
2.7378
0.3272
4.901
2.615
1.5014
-2.28054
-0.3756
2.2039
-0.1766
2.9581
0.6157
-1.8823
0.6641
1.3944
-9.2349
-1.3435
1.3035
-0.2108
-0.0313
0.7124
1.3554
0.52359
-1.04
2.597
3.5896
0.6179
-0.4164
0.0436
-2.5118
0.545267
2.447
-1.3661
-0.6932
4.17058
-0.558
-0.4598
5.6057
-2.3789
-1.8815
0.27639
1.2737
-4.05733
2.8086
1.9458
-0.86447
1.3247
-1.4258
1.6145
1.4957
3.5189
2.6449
-0.9387
-3.101219
0.1073
4.8959
-2.9356
-0.946
-0.2569
0.7439
-0.08675
0.79681
-2.5278
0.8278
0.95477
0.203
1.6984
-6.0314
1.8583
1.121
2.2953
3.128
-0.9735
-0.5286
-0.0786
-1.275
-8.75
0.4454
3.6205
1.1431
-2.1633
-1.2977
0.2545
-0.627
0.4298
3.0442
-0.8245
2.8366
0.4764
-0.6351
3.0861
-0.6684
0.1468
-1.6437
0.6358
2.2716
2.366
-1.57834
-0.3218
-0.2563
6.9256
-2.4455
2.4233
2.1595
2.689
-3.607
3.819
-1.421
3.316
0.885
0.601
-0.5
-0.716
-0.419
0.685
4.946
0.141
0.371
-3.12
3.424
-2.364
-0.706
-0.521
-3.528
-3.318
-6.826
0.226
3.1567
2.5693
-0.1718
-0.2888
0.001
0.51
2.831
0.4305
-1.0825
-2.1242
2.3704
1.5158
0.5861
2.9371
1.8488
-2.9097
-0.3001
1.3327
-1.8012
5.3694
-6.952
-0.9892
-2.3009
0.5584
-1.1907
0.9566
-0.1553
0.8797
2.5319
1.0509
-2.0976
-1.3379
-0.8678
1.2002
3.214
0.099
-2.1184
-2.813
8.51421
0.98626
1.03667
1.424
0.2334
-1.41985
-2.33122
0.8548
2.86385
2.0335
0.01868
0.05907
-1.5838
0.304
0.5341
0.26463
-2.4466
6.0991
-2.7919
-1.7599
-0.1209
-0.3765
-2.7856
-1.0428
-3.1485
0.5964
-1.5578
0.4161
-0.4388
-0.8344
1.1033
1.4133
-2.5494
3.8367
7.9455
2.6692
0.3446
2.2521
1.8245
-3.0386
-0.2407
-0.0246
3.7275
0.6026
1.718
-2.1822
-0.3835
0.3985
2.7157
0.4397
-0.3674
-0.5887
0.528
2.3481
1.2982
-0.3753
2.5645
-1.6891
0.7573
-0.278
1.7767
-0.277
4.8417
0.0186
-0.9125
4.6393
-0.7626
1.6564
3.2664
0.7547
1.2423
0.9766
-1.4664
-0.5717
0.0434
24.2627
-1.3865
-0.1228
-0.0821
0.7542
-2.7983
-0.4959
-2.2179
-2.2606
-2.2184
1.3305
-0.1078
6.966
4.1454
2.5269
1.4778
-1.5514
-1.3478
-0.6693
1.3806
-2.3825
-0.7147
3.2472
1.3842
-0.4973
1.2905
-0.245
1.0257
11.6676
1.2016
0.2122
0.445
-0.6766
1.4514
-0.76262
0.9041
-0.14885
0.58231
2.50385
0.39532
-0.06224
3.55497
-4.2933
2.51977
0.4877
2.6962
3.7497
-2.0318
-3.7887
1.824
1.6041
-1.8059
-0.2435
-18.5538
-4.4348
-1.0215
-1.3567
-0.5801
-0.575
-1.6606
0.5049
-0.8893
0.4532
2.97575
-0.12355
1.66095
-2.18777
0.3847
0.52827
-1.10175
0.11161
0.24497
2.22782
0.71547
-1.0452
-1.7311
8.7484
-5.13667
-0.3994
2.04044
0.41612
-1.09996
-0.17009
1.52097
-0.799
-0.5573
NA
0.6696
0.8254
0.3445
0.80383
-0.69764
-1.929
-1.2315
-0.8091
2.4936
-4.95163
-2.3337
0.5846
-1.3554
-2.067
0.1321
-0.6491
2.0739
0.0327
0.4432
-1.0752
2.3664
0.2196
-1.528029
0.8904
0.173706
-0.071376
0.7638
0.442791
0.7476
2.333047
-2.0954
-1.45593
0.0581
-0.595811
0.998291
1.9105
3.640253
-1.2561
2.0289
2.0289
6.0189
-3.208
-1.0888
-1.16435
-0.101282
-1.63016
2.0149
-1.3181
-0.6691
-3.2913
-0.1585
3.0153
-1.1018
0.8011
-0.3211
-1.4971
-0.8027
-1.147
2.0498
-0.4249
0.1096
-1.2997
0.1091
-1.2649
0.3017
-0.1244
4.889
1.009
-0.8696
0.7984
0.6337
-0.5479
-1.3183
0.9845
-0.144687
-0.778
-0.4033
5.8858
8.94989
0.5213
-1.566
0.2416
0.1713
1.5743
-1.3532
3.5858
-0.9784
-3.3448
1.1325
-0.574
0.4637
-1.793
-4.6549
-1.303953
-4.3003
-0.6977
-1.7562
-1.5933
3.7898
4.864
-8.4336
1.0452
-3.1898
-2.63021
0.7373
-1.2241
4.8622
4.1139
1.0982
1.1073
0.1109
-1.7667
1.55433
-0.7429
4.6474
-2.4955
-1.1073
0.2431
-7.5204
-0.0737
-0.4734
1.00757
7.8383
3.3035
10.7676
-0.066
1.4403
0.3368
-1.2209
1.7835
-2.7116
-1.6344
-4.2996
1.0468
-0.5678
1.2839
-2.0618
-1.7877
-0.0646
-1.6646
-2.6337
3.002
0.8596
-0.5773
0.7449
-4.54385
-4.3942
-1.0528
-0.01938
2.5465
-2.9435
-0.9077
1.1702
-0.4888
-0.5316
-2.037421
-0.0978
-2.3067
NA
NA
0.5885
NA
5.25618
NA
-4.0047
-2.663
1.07826
2.37777
3.0373
1.3
1.0917
2.3937
0.0189
-0.2474
1.008836
1.4594
-2.008073
2.740374
4.1534
1.2446
2.0421
-2.868
-0.4709
3.2863
-0.544
-2.0596
0.2806
-0.8711
0.5733
-4.6537
-4.703
-3.9371
-5.2298
3.0566
-3.5429
-4.2481
0.8235
-3.1952
1.0886
3.1341
-1.8157
-2.30834
3.36866
3.5196
-0.2072
1.470494
0.2423
-0.0389
-0.5493
0.135
-0.479
0.762
1.305
1.598485
1.5957
0.6587
-1.5127
-0.6703
-0.1392
3.7909
-1.6729
0.0061
-0.6494
1.1055
1.03524
-0.49234
-1.9916
-6.4521
0.9028
-2.4995
3.32244
0.8829
1.28782
-0.186423
0.1357
0.7985
-2.573
-0.6839
1.93076
1.5618
-1.5486
-4.891
0.3587
0.0169
-1.0226
1.5438
0.595
12.72785
-2.1665
-2.2522
2.5816
0.8146
-1.0634
-0.6966
1.62012
1.2288
-1.3689
0.7124
-1.5864
0.8017
-0.0228
-0.8774
-0.5483
0.9694
-0.5573
-0.023568
0.582323
0.539877
1.26875
1.5002
-1.8194
1.8218
0.294
-1.6279
-0.88116
-2.91089
2.2753
4.0795
0.9505
-0.4254
0.1301
-2.3281
0.1446
0.8722
0.4856
0.7969
2.787
-2.685
-0.166
-1.4575
1.0022
1.85515
-2.8838
1.3361
0.7891
0.2782
0.0196
4.4609
-1.1482
2.5879
4.3251
1.5675
0.473456
0.298945
0.6453
0.2294
-0.9638
0.7862
-1.295
-1.9547
0.2887
2.20892
-1.2513
3.4966
-1.63063
0.2146
-0.20732
-2.9274
-1.8445
-0.5041
0.175
-2.68287
-0.25104
1.725822
-2.0464
1.2571
-1.3396
2.23457
-0.50145
0.2527
1.8008
-0.1294
-4.7646
2.646216
0.7976
-2.1864
1.10268
-0.752391
-2.1593
0.7796
-0.5688
-4.8121
0.9271
3.7109
0.7854
-0.2473
-1.2522
1.7645
-3.3825
-1.0885
-2.5666
0.8637
0.6156
-2.285559
-2.0268
2.0053
-0.0652
0.8691
3.1159
-0.437
0.8448
1.0733
2.4693
0.2252
3.3277
-0.47196
NA
NA
NA
NA
-0.97187
NA
-0.03533
1.78083
-0.0584
0.2646
-2.2262
-2.2739
1.7305
1.1548
0.2378
3.008898
-2.632539
1.535698
4.6591
4.1419
0.1381
-1.5881
0.0646
2.370737
1.677316
-1.568397
-0.271038
0.889
0.0165
-2.7952
1.3138
1.6309
0.8326
-1.9838
-2.0875
2.3449
-4.2239
-1.5019
2.1557
0.8623
-2.1571
-1.0631
-1.0392
1.2574
-3.9477
2.559
1.2918
-1.0389
1.7946
0.9553
-1.8462
-6.0381
-0.1095
-1.6243
-3.5597
-2.4717
-1.1297
-0.5821
1.0905
-1.9767
0.48542
1.2201
1.6492
0.24748
0.0653
0.8931
0.13021
1.1362
0.14767
1.30513
-1.0688
-2.09318
-1.28299
0.3179
-2.6476
-0.136
0.2853
0.5002
0.0508
2.667
-2.8174
-0.9431
1.7965
-1.4364
-0.6015
1.7414
1.52263
2.5649
1.9253
0.1351
-2.8315
2.7717
-1.3175
-0.7414
5.2962
3.2603
-1.0581
0.4745
-0.6421
-2.1886
-0.4587
-0.7614
-2.3403
-0.0472
0.1014
-0.9959
5.319
2.699
-3.035
-0.1149
-1.5053
2.4148
-0.2366
0.4423
-2.9119
0.268603
-1.43811
-2.465599
-0.523263
0.284157
0.7527
-2.339053
-0.9293
2.273633
0.000588
1.77451
0.2969
-1.7659
6.0189
1.1991
-1.0674
2.2155
-0.9695
-1.6671
1.1083
-1.4464
1.6299
4.7267
-1.1169
-1.112
10.9168
0.8858
2.2849
-2.8111
-1.3598
-4.29927
0.8641
-1.1738
-0.90661
0.84553
0.27166
3.9483
NA
-0.31319
1.31463
2.406693
-2.66795
1.894
3.39084
-0.82067
-1.3091
3.2063
-2.892559
-0.9037
-0.1314
2.1392
3.4374
0.1665
-2.0835
-1.0752
1.7354
-0.9739
-0.2593
-0.3724
3.0715
1.6324
0.9343
-1.232
-0.8499
-4.5937
-0.1724
-1.4886
2.5799
4.0971
0.883
-2.644
1.2381
-2.1409
1.3008
1.2468
-0.4538
-0.9227
0.82557
-0.85408
-0.9651
-0.69397
1.5778
-2.7002
-1.3586
-1.84282
-3.2211
0.6632
2.403
-2.4868
-1.58475
-1.126
2.2584
-2.8065
0.8592
-1.8304
-1.89171
3.9954
1.9659
-0.237
0.6255
2.7081
0.5099
-1.0127
-0.73187
-2.0218
-0.1249
0.8799
0.630114
-1.088538
-1.083299
-1.3008
-1.7279
2.0256
-0.2188
1.3154
0.8623
-0.21027
-1.27027
-0.12281
-2.18433
2.0384
4.058678
2.0513
3.13924
0.6493
-4.2056
-1.3381
-0.8872
-0.3229
-0.179323
-2.9052
0.74466
-1.943
1.26501
-0.2655
0.162
-4.3368
-0.1666
1.2977
-0.30841
-5.17748
-0.4123
-0.461
0.815887
0.892
0.7584
-0.325
-0.0534
-1.399
-0.2339
0.0171
-1.0746
2.0117
4.1129
0.3052
4.3071
1.1182
-0.585156
2.02461
1.4695
-3.69177
0.0862
0.0817
1.10178
-1.1338
-0.1153
-1.0465
-0.9638
-0.1717
-0.2156
-0.2806
1.4126
0.9146
-0.3151
-0.9817
3.2494
1.7221
1.6701
-2.2175
-2.59685
0.2933
1.5439
-0.0069
-1.285
2.5671
2.2332
-0.2766
1.32293
1.3389
0.3053
-0.5428
-0.1406
-3.3922
-0.372289
3.010413
1.1874
1.3792
-0.3553
NA
0.1452
-4.3819
0.6999
0.63
-5.0724
1.725
-2.4054
-7.7808
4.5025
-2.2637
-3.6041
1.5319
0.6578
-0.636
0.85153
-0.5433
-2.5162
7.4931
-0.941
-1.275
0.5797
-2.4021
3.8164
1.8872
1.1094
-0.9813
-2.5109
1.0835
-0.6393
3.4547
3.9601
-0.8069
-0.15443
1.93918
0.7549
-2.80128
2.3074
4.801
-1.4293
0.2022
2.3782
-1.6682
-6.002
0.0694
1.3687
NA
7.25348
-1.3416
1.54098
0.5478
-3.8669
1.4964
0.829
1.1639
1.8436
0.9979
-1.1471
0.2915
-0.4366
2.3878
0.6297
0.7139
-0.1706
1.3842
-0.039
1.6415
-0.9965
1.33498
-8.7495
1.2684
-0.3369
-5.1329
-2.097411
-0.6216
0.205761
-0.839342
0.073453
1.8525
-1.8973
-1.9474
-0.3585
-1.554533
0.8674
0.1898
-0.5118
2.4011
3.5413
4.7254
-2.9547
-5.017195
0.979
0.4705
1.799
-0.133486
2.255275
4.4159
1.0746
3.1121
0.5401
2.3215
-3.749
-3.3655
-0.0128
0.6553
0.8424
3.3467
3.5912
-0.5092
3.9314
3.5506
1.0615
-0.1936
-4.2703
5.4838
4.8115
0.7438
0.5246
-2.0182
-0.3687
0.734
-0.85392
-1.3905
0.02318
-0.92236
-1.4103
0.0488
1.59926
0.5145
-3.1337
-0.3419
0.66994
NA
-1.29239
-0.00612
-1.74689
-4.4492
1.7217
1.8044
-1.165
1.6183
3.1685
1.0378
-1.4544
1.6704
0.2438
-2.0848
0.2878
-0.0141
1.7615
0.0772
-2.5676
-2.6701
-6.6737
-0.6831
0.5643
2.11
1.9753
0.86184
-4.1145
-0.1395
0.5869
-2.4836
0.7097
-0.1452
3.2786
1.0107
1.5303
1.70356
0.9265
0.1727
-0.3481
-2.2822
-0.0311
-2.8106
NA
0.1283
-1.82894
-3.94431
-2.87829
-1.95991
-1.1434
-0.9769
-0.1617
-1.315
0.4649
1.1789
2.7208
3.1472
-2.8265
-1.4297
-1.8325
-0.0431
-4.4851
0.0369
0.636
2.93282
-5.28725
-2.062
6.215
-0.85334
0.4275
-0.7535
-1.21515
0.5251
-1.71433
-0.61106
-1.8559
-6.03279
-2.4069
-1.5448
-2.6284
0.9152
4.0939
4.0292
2.3314
-7.14
1.4486
-0.1201
0.3522
0.24157
-1.5356
-3.6256
2.7622
4.2724
0.0862
0.3608
-1.01426
-2.754
-1.2969
-3.6253
3.8675
1.4319
-1.0924
0.9207
-4.6479
1.9075
-1.2751
NA
0.96316
-0.5798
-1.925368
2.6273
3.1293
3.3483
2.6863
0.9145
-1.9491
0.8183
-2.3245
-0.06311
-1.4767
1.2027
0.2606
-2.4257
-1.2545
-2.0825
2.1965
1.5693
-0.809171
-1.72063
0.8287
-6.5791
0.8408
-0.5975
-1.4447
1.1239
0.7775
-1.15395
-0.847
1.0133
0.3824
0.5754
-1.363
0.4617
-0.17709
-0.2857
0.0904
0.8519
-1.1888
-1.8733
-2.9814
-0.68469
0.6741
1.51213
0.2219
0.6791
0.1233
0.8994
-0.844
-1.174321
1.6057
-1.34979
0.7677
1.3867
2.331
-1.9832
0.93562
0.6053
-0.829364
0.7778
3.0414
7.6419
0.2452
0.5717
1.0466
-0.235179
-3.3549
-1.3293
0.01955
0.0334
-1.0937
-5.3765
-0.972617
2.4174
1.1636
2.8779
0.3838
-0.341
0.6533
0.1356
1.02826
-4.0571
-0.9346
0.6211
3.4431
0.3852
-1.2602
-1.061
-0.03103
-3.7552
-4.80358
-0.89201
0.5685
1.7658
-2.2394
-1.677
0.0088
-2.8028
1.1379
-3.129758
0.8754
0.02098
0.32365
1.854151
-1.0967
-1.7079
5.221
-3.6998
2.2668
4.0846
3.6975
1.62302
-0.338
2.97996
1.1984
-1.0922
1.0702
-4.22183
2.12871
0.9341
-2.1059
1.0728
1.2034
2.4172
-0.0762
3.0485
6.103793
-1.4367
5.3237
2.4232
-3.3913
-0.4177
1.2599
0.3105
0.92
0.3133
-1.06438
-0.5931
-0.2907
-5.50279
1.409
2.5249
0.974
-3.3458
-0.9394
0.9777
-0.1518
-1.5329
0.11024
0.0862
-0.7343
9.573
-0.8848
-0.88583
-2.509
-0.2168
-1.872
0.25072
1.8246
-1.3867
1.478
2.1777
-0.0904
2.01262
0.1794
2.8717
1.91267
-3.7732
1.4969
11.9317
0.9998
-0.6769
-1.8559
1.7384
1.8899
1.305
-0.84906
7.837
-0.2221
1.70087
-2.014934
-0.211
8.3996
NA
-1.0714
0.6863
3.5053
NA
1.3323
1.95835
-0.3545
-6.8167
-0.3791
0.3726
-0.1141
0.1923
-0.55128
-1.1718
-4.1289
-0.822024
-0.4465
1.2517
3.6259
0.9288
3.7482
-3.9642
0.6
-1.24659
-1.5027
5.0679
-1.504226
-3.4224
-0.8183
-1.3603
-2.17185
-1.6486
-0.0901
-1.5857
5.3898
0.4626
-0.100517
2.164
NA
-2.0661
2.3938
1.171765
-0.22469
6.72844
0.9793
-1.3399
-6.66264
0.78759
0.3599
-0.8149
1.935249
-3.01494
0.2961
0.6416
0.0719
-0.421989
-1.3607
0.9925
5.2729
-2.0493
1.2889
1.2674
-0.2202
-1.5599
-6.2063
1.776
0.1301
-0.0222
1.192
NA
NA
2.0354
-2.1636
0.8239
2.7442
1.3582
-1.9989
0.8174
1.2794
0.6456
-0.1525
-2.3572
-0.8449
0.514983
0.8205
1.8941
0.5141
-1.4804
-0.6505
1.3543
-2.2378
-0.2359
9.3616
-0.6311
-0.7619
-0.0927
1.9959
3.3477
0.8071
-3.2353
-0.157
-3.983
1.0823
2.6985
-0.62476
1.813
-1.3047
0.7085
0.4066
2.53777
3.951
-0.2666
1.01234
-0.1333
-1.5257
-2.8651
0.1165
-1.5861
3.0856
1.2414
0.4533
-2.8769
-0.496338
1.606823
-0.5449
-2.0914
-0.356204
0.0054
4.629
-0.497
0.9228
1.3066
-0.1151
0.80629
0.1876
2.4606
0.3331
-3.1766
1.406
-0.1875
4.2414
-1.4015
0.2361
-0.1778
-0.1793
-0.5127
-1.0231
1.2744
1.6342
-1.6296
1.4824
-0.1345
1.3837
4.7472
5.969
2.1491
2.243
0.3123
1.801
-0.4103
-0.3008
1.1975
-1.1911
0.025
-0.86617
-1.3791
4.3248
-2.247
-0.4376
6.576
4.0966
2.7511
3.5998
-2.8344
-1.8352
0.3548
2.3086
-0.4612
-0.8087
1.1273
1.847591
-1.2827
NA
1.6702
0.0676
4.2445
0.98747
-6.01382
1.0782
-1.0751
1.2997
1.021
-3.2515
-0.5272
0.32796
0.2691
2.58074
0.1249
-1.8655
1.1509
-0.6381
-0.1852
-0.872136
1.81048
0.1831
0.191
2.7295
NA
-1.82728
2.3442
-7.4972
-1.713
0.4569
-0.8747
0.6143
-0.2252
0.4776
0.3969
-2.37702
2.6467
-0.2698
-0.516
2.1523
-0.4929
-0.311
-1.067
0.7174
-1.8543
0.8272
-0.8839
-0.477
-1.171
-3.8393
-0.925
2.6642
2.1077
-3.256
0.31595
0.6309
-1.6962
-2.4831
2.7625
0.428
1.9374
1.1043
-2.0153
-1.4806
4.7171
-1.7979
1.8652
NA
-2.971
-0.6264
3.742
NA
1.2289
0.2425
-0.9533
0.3358
-1.7785
1.6576
-2.2793
2.1828
8.8993
-0.7706
1.3068
0.0658
1.3113
3.0585
-2.1761
-1.7144
0.1042
-0.4258
2.1438
4.7616
NA
-0.56459
0.3851
-7.1238
-0.8593
0.6514
-3.1957
0.8606
0.7597
-0.8478
NA
1.84622
-4.9438
0.0909
0.0175
-3.08383
0.0514
-4.0815
-0.96443
-1.22354
1.4349
0.4924
0.874
4.7422
-0.7893
-1.1886
2.2442
2.46678
0.2361
2.4923
-2.58133
-1.9222
2.054
-0.3469
-0.3349
0.061025
3.9873
1.3867
3.8555
-0.0381
0.0199
0.978
-1.0642
-1.2778
0.4993
2.1643
2.56213
4.04
-2.8537
-0.7343
1.486546
-3.4693
-1.011
0.4934
-0.272371
4.0923
-0.6469
-0.3085
2.7504
1.1975
-0.4728
NA
0.1031
1.2153
4.1638
-1.3696
0.0713
-1.02312
0.57211
-2.1222
0.0344
-2.4367
-1.8197
5.4038
0.8026
1.9761
-1.152
-1.5694
2.4538
-1.3278
0.5552
2.1744
-1.7022
3.0586
-7.3349
0.8402
-2.4628
-0.9208
-0.2779
1.72936
-0.7206
2.545
-2.93219
-1.0581
0.2114
2.19547
0.8184
0.7614
1.3636
10.8186
-1.7916
NA
0.2302
NA
NA
0.732795
NA
NA
-0.1127
NA
NA
2.472
NA
NA
NA
NA
NA
NA
NA
NA
NA
NA
8.2345
NA
-2.767227
-1.372
0.9469
-2.6877
-0.1613
-0.52674
-3.3015
-3.3015
4.4678
-1.73879
-2.752823
-0.05889
-3.1649
-2.90846
5.1661
-1.1056
-0.4506
0.78521
0.748
-0.9369
0.8075
-0.2053
-10.6561
-13.7467
-0.9167
0.427
1.7216
-0.2429
NA
NA
NA
-1.1818
1.61855
0.9022
-0.67438
-1.602
0.7813
5.1384
-0.65279
5.272
0.6127
1.1591
0.9618
-3.0159
-1.2863
-0.3509
0.9195
0.2195
0.69221
-3.5475
-0.5128
-5.21294
1.0818
-4.119
3.6494
NA
-1.5609
-1.4307
1.2289
0.430963
-1.9014
-1.9555
-1.249737
2.0228
-0.0853
1.4831
1.0082
8.2281
-0.8865
-3.0097
-0.4667
5.025
2.25662
5.8698
4.941
-2.4834
-0.3278
-0.3972
-0.2868
0.8214
1.3248
0.2381
-1.8338
-1.4457
0.404
-0.1353
-0.4785
-1.0027
-0.5476
NA
-1.1908
0.798969
-4.667
-0.6038
NA
-1.4582
1.0348
-0.8734
-1.15079
-3.837
3.5568
-2.8206
-0.785
-2.0918
-0.8978
0.9883
2.9806
1.1877
-0.17994
-3.4131
-1.5857
0.1037
-0.3695
1.339
-0.83498
-0.9103
NA
-0.029405
4.359394
-1.1517
-6.0037
-1.7795
-2.5174
2.9393
-1.0748
1.4509
4.9623
2.985
0.9279
-4.916
-1.3321
-0.212621
NA
-0.3111
-10.5138
2.1165
0.7432
NA
-1.0233
-1.2961
-0.9945
-1.5049
2.35262
NA
NA
0.7105
2.7964
-1.196295
2.11538
-0.1957
-0.9795
-2.6142
1.2252
-0.146
-1.1248
-0.4787
-4.966
0.3961
0.215
-5.1892
-1.583711
-0.7672
2.2381
2.3539
-0.0207
0.36522
NA
1.0271
-3.2831
-1.2019
-1.171472
0.482173
1.80441
-0.1917
0.74289
1.19413
0.91033
-1.6358
0.5633
1.4208
-0.1511
-0.1228
0.947
1.8941
0.8509
-3.6187
-0.0205
3.5379
1.8487
-5.2609
-2.4179
0.2171
-1.8595
-3.7184
1.124451
-0.9618
0.9185
-0.6063
4.6095
1.1705
1.0061
-2.1455
-0.9458
-0.2809
0.2085
-1.400899
-0.6784
0.1537
0.375
1.1283
0.1061
-1.7408
-1.99861
NA
-1.7907
-2.989
2.34
1.5056
-2.7059
1.847
0.3774
-0.9196
-2.1895
-0.51657
5.35485
-4.0519
0.38947
-0.8309
0.175
0.1787
1.1432
5.6999
-0.8967
-0.14978
0.8015
NA
-0.0361
1.319728
NA
-0.0169
-1.1329
-1.4457
NA
-1.4639
0.0516
2.0318
-0.92999
-2.841167
-0.4001
0.57897
-0.006953
1.7424
-1.4374
5.5768
-1.6463
-0.6419
-1.7384
-0.3348
-1.277683
-1.2863
-1.4378
0.0891
0.3184
0.6239
2.4162
-0.1222
NA
3.4635
4.0033
0.3328
2.2651
0.711264
1.6747
-0.8079
NA
0.8641
1.2322
-1.4862
-0.43304
1.10827
3.7794
-1.4636
0.1372
0.9155
-1.7923
1.3336
1.9935
0.485
5.0183
0.5415
-1.0632
-1.94312
-1.987003
9.6161
1.2724
-0.9038
-2.5755
0.5034
0.3245
0.73836
0.9638
0.29727
3.992975
-1.788
-1.6181
1.735
-1.6988
-6.115
1.9394
-1.6182
-1.5862
-4.8036
0.8732
-0.9247
NA
2.1865
-0.864229
0.7822
1.3553
3.9205
0.2193
9.32667
-0.8619
10.0694
-1.0086
0.1674
-2.5871
0.0449
-3.271644
0.653462
0.9418
1.9527
-1.3166
0.337
3.1071
-0.2396
1.8009
0.2826
-2.0989
-2.6978
1.7312
-2.1015
0.6269
0.4295
NA
-1.92058
-1.501141
1.325948
-0.7837
1.34
-2.5459
2.0318
2.093
-2.8192
0.069172
1.35
0.7544
-2.1312
-1.2389
0.866
0.9036
NA
-3.6123
-1.5612
5.41796
NA
-0.438458
-0.2474
-1.285
-1.004
-0.403
-1.3542
2.8761
NA
0.9007
-0.681
11.6785
1.6034
NA
-0.7194
-1.2028
2.0264
3.2058
0.0967
-2.21357
-1.4258
NA
0.4947
-2.608
0.08758
-1.5152
0.1835
1.601686
-2.682367
1.199523
0.9931
0.2152
1.0799
1.442646
1.615325
0.4526
0.6912
2.0038
-0.403
-1.401
-2.4979
-1.8692
2.6058
-1.4179
-0.9015
-7.436
-0.839395
NA
-2.808
-0.1388
-1.4101
-3.7433
NA
-0.9313
0.073911
0.7164
-0.7463
-10.2332
-2.5045
1.0719
1.4418
7.8241
-2.0978
-2.2584
0.5781
-4.1483
-0.0183
1.3375
-1.08357
1.5385
-9.793
-3.4052
0.5318
-2.7366
-2.6596
0.1282
0.5099
NA
-0.0915
3.8041
-3.2955
3.11459
-0.9511
-0.8444
-0.3664
-5.176
-0.9019
0.3969
-0.6813
NA
1.0285
1.76038
1.6284
-1.0958
-0.3729
4.710213
-0.2929
-1.4456
NA
-2.99176
-5.131
9.7651
1.1059
-0.00788
-1.2278
-0.9491
0.803
0.3091
7.8183
0.2427
1.5411
-0.0731
1.225
0.6889
1.8288
7.8802
0.7163
-2.1045
-1.4319
-2.5642
-0.7943
-3.7374
-0.6187
-0.9615
0.1976
0.0915
0.47345
2.0586
0.2596
-3.3452
0.6848
-2.4401
-0.5013
NA
1.3967
-0.0216
0.9769
0.0203
-0.471
-0.4318
-2.0726
1.5609
0.1632
0.0361
-1.9419
1.3059
1.7162
NA
-1.6116
-0.4988
0.641
-0.7141
1.4812
1.1973
-2.74321
-0.1617
1.106
-1.3344
-0.93697
-0.055
4.9886
3.0727
0.10814
0.1161
2.85359
-2.4198
0.09539
-1.99804
0.44817
0.7571
0.6817
0.12397
0.4916
0.9889
-1.7307
-0.2653
0.7539
-0.8833
-2.381
2.1217
-0.3861
-0.1113
-3.8311
NA
-2.8838
-2.6158
-1.8284
0.4493
-1.27697
0.0317
-0.1698
1.65488
4.8797
0.3153
4.2757
1.5539
0.0995
-3.649
0.9642
0.4536
1.2337
-0.4359
1.305
1.6543
2.4923
1.20771
1.9425
3.9687
2.2012
-3.2156
-0.4222
-1.4441
-0.50758
3.29865
-0.0414
-1.6077
2.2973
-1.97419
0.8199
-3.3961
1.813
-0.9623
-2.6854
0.5676
NA
-0.1619
2.4513
-0.7767
-0.1072
1.96913
0.5749
-2.3781
-1.4693
-1.6807
-1.21076
0.7323
0.0583
3.9587
-1.8284
3.1793
0.8717
1.3588
-2.9044
2.8541
-7.5228
-2.04743
-0.9497
3.2739
-0.50597
0.5052
-1.5987
-0.7112
-0.2754
2.9983
-0.6431
-0.9471
-1.8261
-1.2519
0.1331
2.2768
0.3182
0.55968
-0.5722
-0.9723
0.6863
-1.1113
-0.16167
1.0456
3.01418
3.5207
-0.1219
4.431
2.07898
-4.16077
-2.7725
0.3378
-0.2726
0.6779
-0.8728
2.3168
-0.7981
-0.3162
0.644
0.4739
-4.4116
-1.119
2.1666
3.38827
-1.6196
2.7319
0.65347
-1.2966
-1.3359
1.17685
-1.5964
0.89122
0.8713
-1.9204
-1.40527
8.28483
0.22671
-0.89193
0.6117
-0.6586
3.2702
3.14931
0.4778
0.16439
-0.26345
-0.7866
4.9561
0.6003
-1.508
-0.1735
-0.9437
0.0522
0.00186
-0.464
-1.8051
-1.2666
-4.5678
-0.00535
-2.2188
-1.5242
-0.4936
2.272
-0.0055
0.4906
-1.0359
5.0022
1.176
0.9214
0.3912
-1.0331
-1.7615
-0.6876
-2.6854
0.7934
3.8484
-0.9851
-2.4591
-2.0158
-1.223
-0.7828
1.1975
1.6525
-1.4511
0.2412
-0.408
-2.0158
0.218
-0.3575
-0.1398
0.3119
0.4762
0.8824
-2.711
-2.2199
-2.7872
-0.2995
0.6521
-0.9459
-0.1018
0.181
0.2822
0.2101
-0.2905
0.3662
-0.0136
-1.1957
-8.1383
-0.07085
-1.006
0.3591
0.37252
-0.8517
1.24726
-3.9893
-0.7232
0.3004
1.75261
-0.99757
-0.0773
0.5376
-3.1648
-1.4359
-2.08668
1.41797
0.7054
0.048
-1.0896
0.5478
-1.8396
-2.21725
-0.6038
-0.5869
-1.6331
-1.4182
0.348
-0.89969
1.2098
-3.503
1.9267
2.3368
2.128
0.6844
-1.1886
0.18701
-0.2339
5.8698
-1.84
-1.0173
0.6758
-1.92567
1.6334
3.5394
-0.22807
1.4823
-1.7805
2.0102
-0.3517
1.3775
1.040549
-1.1156
-1.0065
2.8664
-8.4206
0.1368
-1.6636
0.3747
-0.0344
-0.1284
-2.218
6.695
0.74603
8.156
-1.2098
-0.8871
-4.13087
0.5131
1.128
0.8241
-2.9638
-1.2376
-0.3006
-1.60532
8.4237
7.8375
0.712
-1.3097
-4.1893
-1.601
-1.702
-0.8633
-0.60623
1.1302
-1.0226
-0.80539
5.6164
-3.0953
2.8025
1.2813
-1.053
4.9062
-4.4544
-0.0301
2.0758
-1.9651
2.2996
-6.7099
-3.5431
-1.5055
1.5947
-1.2431
-0.0549
1.7442
0.08992
0.9425
0.6784
-0.7916
1.3301
1.2319
1.7422
-1.3116
-2.1222
-1.6111
-1.739
0.7219
5.5635
2.1886
-1.3826
0.0131
1.538
0.8853
6.1648
1.1635
0.6186
-0.2201
3.1192
-1.1816
0.3627
-2.008
-1.0763
0.3375
3.6402
4.5859
1.5014
1.879
-1.4529
0.2081
-1.5958
-1.7353
1.0168
-1.461
-0.2267
-0.4573
-0.9445
3.2761
-0.3155
-0.8015
-0.1018
-1.97105
0.7531
0.5108
-1.1898
0.0828
-1.1925
-2.8086
1.3091
1.2763
0.1493
-1.3266
-0.5466
3.1277
0.1283
-4.031
-1.5129
-0.2522
0.7258
0.5029
-1.5597
0.8227
2.1196
-0.5214
7.3345
2.457285
0.0114
-0.938
0.33573
0.2208
-3.0958
-2.437
0.3119
0.3377
0.3079
3.1958
-1.70038
-3.8113
0.8623
-0.2979
0.7088
-1.9181
1.05387
1.00086
1.3995
0.9832
4.6033
-2.5765
-1.6919
-0.5254
-0.4616
-0.23933
0.1817
-0.3839
1.4391
1.27837
-0.053395
-2.536267
1.98928
2.8694
-0.0954
0.021737
0.6854
1.1528
-2.41141
3.0916
-0.43495
-1.45246
-1.9209
-1.6802
0.04327
-0.5056
0.4642
0.6913
NA
-0.5354
-1.0779
0.85937
0.2002
-0.4331
1.71655
-3.5186
1.29
3.7871
-1.162
2.5939
NA
3.0574
2.1249
-0.7581
-0.83623
0.4167
4.635707
0.6953
2.093
0.3441
0.28679
-2.1007
1.2113
-0.658
1.3546
1.133
-2.0783
1.5044
1.2626
-2.4748
0.189
-1.5442
0.1983
0.4045
-0.5082
-0.3432
0.4225
0.8617
-1.7236
1.9316
-0.7668
-0.039077
-1.1087
1.224892
-0.8318
-1.3727
-1.1113
-1.413
1.779
-1.323237
-0.261
1.4759
-4.875
6.338806
1.535
15.2376
0.2184
NA
1.6791
-2.0127
-0.6394
-2.06456
-4.1665
-0.7402
-0.1824
-3.9507
0.7864
0.1418
4.431
-1.4509
-2.37058
0.1917
0.355
-0.1709
0.018248
-5.871
-1.5088
-5.6431
1.361
NA
-0.6133
6.4608
0.25586
0.8029
-0.99
-8.6709
0.6442
1.3438
0.5445
0.73809
1.3292
-0.8302
-1.5242
0.437
-0.0175
-0.4307
2.0924
-3.2644
0.2413
-0.0363
0.4889
-0.05398
1.7616
1.8914
-2.0762
-0.5009
0.5592
0.46431
2.4537
2.164
-1.1606
-1.0935
-0.9125
-0.7887
0.803
-1.2675
4.656
2.4682
NA
0.7394
-3.8853
2.0782
0.1694
-0.7873
2.2019
1.97257
-2.1084
0.3866
-9.5696
-2.5249
0.126
3.1952
-0.0491
-5.1961
0.8736
2.3894
-0.8673
1.6052
0.5639
3.2705
2.1943
-1.8861
1.470179
3.679832
-1.1686
-0.97893
-0.2559
-0.2267
0.9433
0.157
1.5692
-1.94237
1.75
2.7581
1.2093
4.97105
3.9247
2.62795
NA
-1.42217
-3.41801
0.4109
-1.416
1.0051
0.5827
0.19446
-1.8944
NA
1.74895
-0.8264
0.6594
-0.8081
-3.767
-3.64277
-0.9561
1.2292
NA
0.54187
-0.8759
-0.0935
0.2078
2.1128
4.0553
-1.5231
-2.4627
0.4129
-1.654
-0.77146
-1.8359
-2.1895
0.519913
-5.5187
3.0793
-0.4667
