0.484
6.80895
1.5282
-1.5893
3.9198
-0.935
-1.60898
-1.1399
-3.48
-2.5048
-2.06
-1.32
-1.0309
9.17e-05
-0.674
1.76292
1.6155
4.4962
1.6124
-2.31926
-1.596
-1.3849
-1.2905
-0.74708
-0.1177
-5.9737
-1.7739
0.4724
-0.00856
0.6
-0.9183
-0.5713
0.79144
-2.00066
-0.2876
7.1162
0.7407
-3.8578
0.21093
-0.99838
2.6046
3.5636
0.101
-0.81139
-0.4698
0.9351
-1.1273
1.04712
-2.5852
0.4384
-0.8292
1.5361
0.5161
-4.02
2.43
-1.73984
-6.3252
1.41961
-0.562
-0.203
-1.67
1.6462
-0.757
2.0774
1.212
0.7765
-0.42204
-0.2193
3.0374
-1.50969
1.4004
-0.43789
-0.14528
0.31491
0.36769
-1.47
2.3514
2.9244
0.8809
-1.31076
-2.27711
0.5621
-0.10072
7.6341
0.5832
3.61694
0.294
-0.45634
3.5182
-6.3
-5.55
-0.88
0.12357
0.6427
-0.937
-17.4344
-1.3643
-0.6957
3.8689
-0.19838
0.0824
0.1402
NA
-0.23849
4.14009
-1.4646
-8.1024
0.1547
-0.3582
3.46
-0.0195
1.5006
2.1651
2.554
2.4468
-0.3476
0.17325
-4.97787
-4.1533
3.59587
-8.457
-0.9454
-2.4412
-2.6504
0.9962
-0.77685
3.5509
0.1824
5.82734
-2.0513
0.1898
9.0098
1.8091
0.396
0.9357
-0.3383
1.3762
0.5947
-0.9761
-0.56688
2.72967
1.97157
0.0389
0.01397
-0.8343
NA
0.13378
0.4852
0.0928
0.93403
-1.43984
2.4936
-2.46647
-0.84096
2.8711
2.2968
0.6204
-0.1441
2.8215
1.34885
-0.3884
-6.7475
-4.371
1.2173
-0.07949
0.333
-0.2575
-2.58283
NA
-1.2879
0.434
0.4648
-0.5651
6.2943
2.8229
0.3201
0.7683
NA
4.8735
-1.6334
-3.5935
-2.4554
-0.6012
0.095
-0.225
-2.08
1.56148
-0.7367
0.8348
1.5267
1.3081
1.0102
0.6521
-1.9306
1.6601
5.30815
-0.29781
-1.92897
3.41841
-4.24875
-5.3355
-0.29036
-0.01552
1.12813
-1.2211
1.3606
-0.3987
0.73714
-0.26508
-2.54303
-0.12099
-0.36931
2.5416
-0.717
-0.9558
1.1812
-0.1998
-1.3969
2.60026
2.5391
5.3248
0.16653
-1.06405
1.02686
-0.3753
0.3224
-5.12
-0.25314
-0.2497
-1.51166
-0.1162
-1.03352
-1.364392
0.53395
-1.1463
2.4951
0.1936
-1.0212
0.35338
-0.3315
1.3536
1.347
0.1432
-0.0349
-0.87662
-2.5541
-0.5802
-0.04189
1.10742
-4.31555
1.1778
2.2352
0.256
3.1108
-0.172
-5.0052
0.87348
-0.19023
-1.0214
1.14447
-1.06115
0.999
-2.11639
-0.8239
-0.1432
1.33559
18.22394
-2.89157
0.45639
-0.05894
0.2038
-0.5053
-4.638
-2.6562
-0.48996
0.43839
0.7069
-2.4172
-1.4034
-0.55646
-0.9846
1.23752
-4.9481
-2.219
-0.40294
1.2892
-1.2838
0.83527
-1.2069
-0.32831
-0.05877
0.3712
-0.0881
-1.17222
0.23447
-2.24279
-1.43595
0.3167
0.7183
-1.251
0.3303
-0.32872
2.3464
1.5
1.06279
-0.48303
-0.33638
1.90527
-0.2144
0.8327
-6.4422
-0.09655
-3.055
0.0312
0.08619
0.8964
-1.9012
-2.1118
-0.5797
1.076
-8.3354
-0.4996
0.6659
3.9911
-2.33092
-2.134
-2.78986
-4.46052
1.13
3.7087
1.159
0.66161
4.27262
0.84461
2.78485
0.5591
-0.84168
0.10455
7.3315
6.14033
0.16945
-0.485
1.861
-3.233
3.13025
1.5758
0.24944
-1.4373
3.5155
0.00249
2.63346
-0.1343
-0.644
0.6208
0.0512
1.05823
0.74742
3.418
-2.4381
-5.03011
0.3356
0.28339
0.556
-0.00449
0.5391
NA
0.00739
-2.66252
-0.60129
0.26066
4.77
-0.56899
-4.04296
3.3662
0.93295
0.89
-4.25165
2.41481
-0.404
-6.4705
0.1319
-0.5236
2.49874
0.3918
0.9873
1.3493
-2.526
-3.8926
0.0741
-1.6964
-8.21185
0.6085
2.0081
0.3761
-0.8827
1.4184
-0.5533
-0.337
1.03911
0.6154
2.29754
0.3493
-0.32374
-0.03581
2.92186
-0.8118
0.7118
-1.5937
3.1893
1.2274
0.594
0.4816
-2.0139
3.9907
0.65868
0.8826
-0.343
0.3138
2.3806
1.5402
-1.60817
-2.70389
0.3196
-3
0.9512
-1.5224
-1.8901
-1.2816
1.3438
-9.7667
-2.674
-1.05415
0.71853
1.8924
0.4821
0.8633
0.3482
-0.3429
-0.1209
0.6789
-0.8357
-0.7355
3.4559
-1.6559
1.7248
1.77865
-4.6741
1.74231
-1.2869
1.189
-1.5725
-1.0831
-4.3343
1.467882
-0.6547
-0.03959
-0.3718
0.66
0.146
-0.803
-4.45068
-1.7064
-0.6551
-1.3389
-2.1909
-5.51468
-1.08189
8.11648
-6.57
1.034235
-0.34577
0.32481
-0.9858
3.0031
0.45704
-6.49269
-2.1885
-0.09426
1.31622
-2.9463
-1.061
-1.40818
-1.84045
-1.255
-1.59
1.74007
-3.96964
-0.7675
2.5087
3.40777
-3.19
-1.11527
3.47458
1.115
-1.67645
-2.84063
-0.02193
-0.1678
0.180042
-2.4278
-1.1752
-2.3985
-1.57297
0.7778
-0.1807
1.9321
-3.58
-0.541
0.8672
-1.73433
-1.83846
1.1423
-1.5026
-2.007923
1.2017
-0.81376
-1.6455
0.4448
1.95369
0.9586
-0.6691
NA
NA
1.6083
-0.6313
-0.7977
-2.8671
4.4747
-1.01577
-0.12742
0.93442
1.3997
-4.30764
0.8846
-0.7041
-1.60117
-0.1714
-1.4723
1.58
0.9401
-1.00439
-1.3681
-1.86
-0.4421
-1.0874
-2.38311
-0.8921
-1.45082
0.061
-0.5304
1.1903
0.27182
-1.3492
4.847
3.1654
-1.6082
-1.60066
-1.58325
-2.0429
3.1184
-1.4903
1.92181
1.7937
0.7745
0.64763
1.5545
0.2088
-0.686
0.6696
2.611
2.575
-0.6646
-0.3455
0.3286
1.0768
-7.19
-2.2297
0.0301
0.3381
2.0705
1.191
-1.3478
1.04942
-0.4312
0.47358
3.5614
1.8507
-0.3278
0.49848
2.5658
-2.90283
2.6568
-1.48905
-1.89
-0.0717
-4.53358
0.8234
-0.3444
2.0251
-3.3412
-1.35915
-4.3
-3.5
0.4123
0.7219
4.01037
-2.47342
1.4634
-1.3246
2.1504
0.2579
-1.0228
0.1014
1.76953
2.395
-0.88889
1.1035
-5.29732
-1.7171
0.03463
1.2261
-1.4635
-1.0467
-5.61292
-1.82835
-2.99527
0.667
2.5744
0.9929
-2.74982
-2.45645
-0.847109
4.00263
-1.6318
4.70641
2.3959
3.61485
2.50251
-0.35244
1.37542
1.8767
-1.0135
0.57167
0.5939
-0.033
-1.1671
0.95758
0.70864
-1.7256
-1.7679
-0.10668
-1.4835
1.6798
-3.56811
3.1496
0.2676
0.49623
-1.53389
-2.6892
6.7696
2.4937
-0.1994
0.86439
1.4807
1.12854
-8.9518
-1.8
-0.745
-4.92681
-1.1611
0.54699
3.5336
0.17521
-3.1432
0.2985
-1.0796
-0.65048
1.54373
-0.59642
2.35884
3.06135
2.25939
-1.1117
1.86
1.1
0.399
-1.245156
-0.52043
-0.8933
-1.2184
1.7575
-3.0173
1.6491
-2.4524
-0.811
-2.3847
-5.0961
1.63864
-2.31247
0.4764
-0.9636
1.13268
0.4088
2.24766
0.7369
-1.4917
-0.1244
-0.84738
-2.1459
-1.92939
-1.37532
-0.8207
0.5224
-1.789
-0.2176
3.60239
0.83784
1.49045
-0.91704
0.8741
-0.3568
0.46317
-1.8986
0.95325
-2.77757
4.87672
-0.07253
-0.04747
-0.91141
2.2716
0.24496
2.2451
-4.2834
-3.8635
-1.98437
0.63245
2.6071
2.8099
NA
-0.35524
-0.07878
-1.97667
0.12065
-0.18927
5.6395
0.20731
-2.0446
1.976
0.3105
4.6925
-0.8067
-2.3295
-1.9933
1.13989
-0.7166
0.45051
0.1639
-3.51776
-1.8383
-0.547
6.196
-0.882
-1.4657
3.9407
6.0374
3.5468
-2.2186
0.0287
3.7238
-4.1045
4.6789
-1.6357
4.331
5.9857
2.7707
-1.105
-1.7452
-4.7401
-1.3128
-2.0193
2.6059
0.3748
-0.6937
1.3004
-0.3366
-0.3518
1.597
-1.5807
-0.9231
-2.185
0.2146
-3.3058
-2.3348
-0.562
-0.0917
1.1953
1.6796
-0.467
-3.0769
0.1586
-0.9459
-0.8808
0.0802
-0.7812
0.8907
-2.9207
5.5313
2.1633
-0.4507
-2.7329
-1.0755
4.2314
2.8811
2.9683
-15.0143
0.6836
-1.3826
3.0285
-0.9586
-2.4048
2.5251
-0.952
-0.5049
-1.1197
0.0498
-0.5639
-1.489
2.6185
-0.6142
-3.2808
-5.3669
6.8265
4.2543
3.7749
-6.0011
-1.4764
-1.2277
-1.6798
0.45489
0.9571
0.59354
-2.1192
0.65359
-1.57464
0.25086
-0.52127
3.05789
2.7074
0.55566
0.79371
-0.56067
1.4208
-2.13141
0.40658
-0.16718
-0.0553
1.3631
-3.44644
0.1945
1.42587
0.15359
0.4396
-0.25709
-1.65608
2.42184
-0.27241
3.68301
5.10526
0.47942
-2.7032
2.21403
-1.17387
-0.43271
-1.19984
-0.85765
0.38559
2.05869
0.38172
-0.81119
3.876
-0.3098
-0.1057
-0.62293
-1.1694
2.90586
-0.18614
-2.00675
0.7536
7.2428
-0.13494
-0.44593
-0.49462
-0.65878
-0.276
-0.7175
-0.58792
-1.78707
3.26228
1.2286
-0.536
-5.95515
0.1122
-1.28344
-2.16202
0.4982
-0.34576
-0.15764
0.1938
1.541
-0.7102
-3.32525
-0.01071
2.5934
2.1176
1.0319
-2.2219
0.617401
1.494059
1.0509
-0.333025
-0.787596
0.833854
0.22629
1.202456
-1.84758
0.147755
-2.2054
-0.3529
-1.9743
1.9032
0.3508
0.4777
-2.1661
1.6695
0.6478
0.1989
2.2735
1.3288
-0.1594
-0.1391
-3.35231
-8.6513
2.74761
1.1928
-2.50839
1.3439
0.07
0.83645
-0.73455
1.8402
0.6875
2.42853
-1.20475
-1.02055
0.03266
-0.27846
0.1262
2.63797
-1.44612
2.36032
1.0754
-1.8758
-1.83
-2.14995
2.04512
1.064
0.65544
2.8493
-1.4979
-0.03368
0.61097
2.24192
-5.17593
2.20048
-1.40237
2.7349
0.19318
-0.19413
-0.80509
0.3047
1.00477
1.23753
-0.3994
1.57581
-1.4616
0.78951
-0.35016
0.9798
1.289
0.97795
0.5691
2.23328
4.79029
-7.9066
-4.56136
-0.7675
-1.35728
-0.83869
-0.56446
-1.949
0.7088
-0.5787
0.2336
-1.0945
-2.4465
0.9523
-8.5117
-1.1607
-1.9238
8.248
1.5474
-0.425
-2.836
1.0039
-1.2135
-3.6039
-1.4021
-2.9589
-1.15416
-0.90698
-1.8387
0.2862
-0.60331
1.26081
-1.0333
-0.95069
3.63824
0.8642
-0.06091
-2.8978
8.5148
0.0504
-0.1219
1.02788
2.65824
-1.13712
1.7779
0.19072
-1.31313
-0.57562
1.1728
0.2911
-2.5903
-0.81538
0.83511
1.59101
0.5573
-0.08545
1.11
1.14451
1.2587
-0.0304
2.68663
-3.4105
3.83797
-8.5769
-0.9189
2.3481
-0.41772
-0.68146
0.91844
3.7275
1.633
2.61779
-1.38421
-1.2964
1.96213
0.0548
0.69654
2.8521
0.71128
0.4406
-0.52408
-0.3403
-0.8262
-0.46868
0.0905
-3.6113
1.85436
0.0078
-10.26365
0.17993
2.31591
0.6263
1.81425
-0.9556
-1.99005
1.4027
1.33996
-1.48512
-3.655
3.1803
1.8945
1.3051
1.5769
-5.3898
-3.88659
2.542
-3.17358
-1.40339
-1.583
0.9475
-1.583
-5.27554
-4.11513
-4.761
1.08152
1.47018
0.3156
7.6387
0.559
0.667
1.83
0.369
-0.292
-3.12
-1.86
0.702
1.46
0.343
2.03
-1.5
2.01
1.56
4.9
1.96
-0.307
-1.18
-1.73
2.41
1.67
0.614
0.397
-1.25
0.904
-0.363
-0.0869
-1.31
2.05
-1.34
1.21
1.76
-1.17
0.838
2.32
-0.464
-0.441
0.675
1.52
0.805
0.631
-1.28
1.58
2.17
0.705
1.98
-0.372
3.4
-1.18
-2.49
-0.0842
0.52365
0.63434
-0.6926
-1.09613
0.15614
-1.0229
-0.22915
-2.3795
-0.44694
9.57174
0.57946
-1.99068
3.4388
-0.50321
0.12423
-1.07582
-0.2435
0.41242
2.9031
1.0593
-1.394
0.01637
-2.2569
1.2016
-0.9811
-0.96741
-0.68164
-0.3871
-2.10412
-0.39873
-0.6847
-0.2749
0.41288
0.7871
0.58167
0.46165
1.002
2.06975
0.50969
1.21425
2.33083
3.1799
-1.5101
-0.82187
1.29838
2.12189
0.79036
-2.0925
0.3016
-0.2459
-2.18187
0.6444
11.3569
0.3446
1.373
0.0454
-5.4362
-7.9558
-1.5394
1.1662
-4.6469
-1.3649
-7.4624
15.6707
0.1832
3.1118
0.4001
-2.0875
1.2783
0.2707
2.4093
0.399
-0.0856
0.2866
1.1177
-0.3089
3.7022
0.5108
-0.7446
5.5719
0.2338
2.902
1.7554
3.4218
1.1203
3.2869
2.1466
-0.197
-0.4831
-0.1632
-0.0571
0.0752
-3.2258
0.1934
-0.2956
-1.326
-4.2827
1.9191
-1.7428
-4.8052
1.0928
0.3411
0.5941
-1.4354
-0.9971
-0.3988
-0.0595
3.5319
-1.2729
-1.6169
-4.812
-0.644
5.4047
-0.9415
0.0979
-0.4403
0.2753
-0.3944
10.484
1.68
2.2722
0.4996
1.7197
0.4808
-1.6937
-1.2942
-0.0482
0.2034
0.5088
-1.6328
-0.7954
-3.8198
-1.218
1.4514
-7.5858
0.54718
-0.38661
-0.95718
-0.07562
0.9927
-0.2978
5.14651
-0.05566
-1.4226
0.7764
2.17684
-0.65096
0.69891
0.00371
-0.2234
-2.16498
-0.4695
0.3758
6.34789
0.5833
-0.7333
2.88123
5.2689
-3.6741
-0.33325
2.35925
-3.75815
-0.46865
8.6458
-0.2219
-1.68664
2.31455
-0.58315
3.2702
2.2405
3.4574
-0.6929
3.9931
-2.8859
2.7791
-1.1809
-1.2986
0.4809
0.6408
0.5842
2.2377
-1.5129
0.7557
2.0501
5.8967
-0.5926
-0.2435
-0.2503
1.5674
9.351
-1.1857
-5.8578
-18.2621
-0.4181
0.2062
-0.9663
0.202
0.2023
0.6645
0.9606
-0.046
1.1436
-1.3151
-1.5269
-1.8449
-2.4154
-1.2021
-1.0517
-1.1867
0.494
0.1589
0.1402
-0.1402
-2.0139
-1.551
-0.3129
1.9
1.2705
0.5249
NA
-1.1568
0.9039
0.7606
-0.4937
-1.211
-1.5241
1.6869
1.5102
-0.6885
0.7449
NA
3.1186
0.2064
1.2893
0.3657
-1.9993
-0.1643
0.558
0.8651
0.4536
-1.1486
-1.7641
-1.2697
1.1195
NA
NA
-0.0855
0.6504
NA
-4.5923
0.1081
10.6791
NA
3.6266
-0.2271
0.6551
-1.6977
NA
0.65
-2.2622
0.426
-0.3878
3.5534
-1.4822
1.4559
-0.3874
-1.5822
1.0937
1.9901
-0.1892
-1.3202
1.5435
3.3028
-0.3024
0.6502
0.5886
NA
0.69207
0.56079
-0.7961
-0.95334
-0.42246
2.34348
1.27864
2.3243
0.4814
5.9212
0.5181
2.18229
0.82521
-4.31432
-0.55811
0.45531
1.1176
3.00836
1.1834
-0.95381
1.21069
-0.66697
0.84127
-0.97219
-2.40687
-0.09772
1.6489
5.81529
-1.1828
-1.1828
-0.61443
-0.3595
-1.68664
-6.1394
2.43514
-0.2344
1.98586
-2.38324
2.11508
0.29618
-0.2157
-2.20509
-5.3037
0.4795
1.42143
0.37356
0.58438
0.2434
-0.09194
-0.4446
-1.21869
3.54055
4.369
0.1258
-0.62014
-1.7717
-1.36931
0.19695
2.89216
-1.58712
0.15976
0.6941
-1.68942
-1.6652
-4.95621
-0.37769
0.92413
0.4465
-3.0032
0.84443
0.7634
-1.05028
2.81573
1.0187
-0.3311
2.2874
0.6738
-0.3791
-1.1764
3.1502
1.0242
1.3199
0.184
-2.301
0.6839
1.4464
-0.9057
-0.4732
-3.5622
2.9694
-3.87
0.0165
-3.126
3.23
3.0887
0.1612
-1.9418
-2.254
-0.037
-0.9435
0.0939
0.5861
2.2899
0.6148
-0.8829
1.3164
4.1318
3.0668
2.4857
1.6338
-0.2714
2.3688
-0.5944
-0.1773
-1.2371
5.5198
1.0423
5.3694
2.6442
2.9199
1.4447
0.6618
-4.9768
-0.7418
-0.4203
-0.6863
-1.1417
3.0098
-1.1977
0.7768
0.6945
2.3389
2.0127
0.6589
-4.2668
1.0357
-2.3336
2.6645
-2.2965
-0.6875
-2.0409
1.6859
1.87127
-0.1658
0.6183
0.8562
0.6626
-0.02698
0.6239
1.2751
2.22158
-1.0195
-0.5771
-0.96283
-1.6069
2.49081
-0.9746
0.2551
-0.1044
-0.08264
0.75859
0.71545
-2.85
-0.09377
0.3934
0.3521
-1.04928
-0.21515
-0.4255
1.1298
-0.10256
-1.49607
-0.34386
0.65496
-1.0927
0.23097
0.52577
2.00778
0.09315
1.0514
0.56327
-0.2446
-0.3895
-1.76585
0.2947
0.1133
-1.71253
0.14267
1.00359
-0.8176
-0.3346
-0.73033
1.30077
-1.3004
0.7886
1.15308
2.33615
-3.9309
0.55714
-3.0462
5.01563
1.35164
0.4198
6.21393
-0.2323
-0.3077
-2.50322
9.7774
-1.93382
0.00679
-0.4525
-0.4525
-1.35888
-2.15732
-6.37497
1.14566
0.19045
-1.01129
1.72989
0.4803
0.504
3.2276
-1.0613
-0.714
0.96091
1.05013
0.2263
0.83993
2.30375
-2.243
-0.5136
1.23592
-1.252
5.3924
-0.99912
-1.4241
0.4549
8.7686
-0.3623
1.0286
-1.7351
0.061
1.0335
2.4246
-2.22275
0.64163
-1.528
3.1958
-0.9576
0.6713
0.2569
-0.9633
-4.4716
-1.4725
-0.2015
-1.0683
0.64914
0.6676
-2.4855
1.00824
-0.26206
-0.0271
-2.2229
0.21929
3.41824
-0.49165
0.61297
-0.3783
-5.3287
-1.80544
-0.92663
1.37949
2.83906
-1.0576
-0.7387
-1.06284
0.8534
-0.38893
2.7763
8.12153
2.0301
-2.9462
-1.41427
4.8457
-0.68618
-1.89119
-0.44415
0.6225
1.7764
0.0748
-0.1358
-0.7277
-10.96521
-0.86461
1.69456
-1.05386
9.20907
0.9701
-3.73812
-0.3189
1.07983
-0.7554
4.9747
-5.0929
-1.3231
-1.8679
0.5204
-2.54591
3.23199
-0.68085
2.05827
5.9634
3.41142
-1.6245
-0.03164
-2.6521
-2.7628
2.9205
-0.7308
1.1142
0.84299
-0.7211
-0.5715
5.0451
-1.0612
-1.6609
-1.8874
1.144
2.0685
-1.0324
-1.6972
-0.4593
2.22747
1.47586
2.45274
0.32819
-0.939
-0.564
2.2718
-0.2018
-3.5111
-0.33383
-3.4067
1.40466
-1.26827
0.9039
-5.6347
0.2985
-2.10111
1.4551
-1.1039
0.7052
-0.1774
0.70605
-3.0432
-2.49272
1.4289
-1.43111
0.75315
-0.20105
1.3589
1.2451
-0.54876
-0.1211
0.18938
-0.70671
-0.0845
-0.0281
1.132
-2.0505
9.3458
-3.09878
-4.1401
-0.7611
-0.4367
-2.29896
-0.9382
-5.52014
1.1436
0.3031
-0.59063
-1.32194
-1.07924
-3.3142
1.87517
2.83536
-1.1498
1.29441
2.24846
-22.9814
1.44803
-0.488
-0.952
2.78
1.72
0.14
1.27
0.543
1.06
-0.233
1.8
-0.219
-0.33886
-2.12779
1.207
-1.7449
-4.62
1.0392
1.175
1.08025
6.30422
1.6838
-0.229
0.1765
0.1289
-0.4157
-4.3667
0.2976
2.105
-2.12521
0.86944
3.3846
-1.135
-1.1901
-1.36539
0.2983
-0.5024
-1.2178
3.1531
2.1268
0.0655
-2.636
0.4982
-2.2305
-1.1072
7.0864
-4.63735
-1.4259
-0.0041
-1.1148
-0.21201
-1.92427
0.564
2.84282
-2.5486
2.6976
2.027
2.3102
1.0707
-0.3052
1.38573
2.58436
1.72433
0.22086
-1.27438
-2.00065
-2.109
0.78284
-2.14386
1.98026
1.33584
2.8608
1.3568
-0.15163
-1.60429
1.5666
0.9197
-0.1541
0.5547
1.56207
0.7722
-0.986
NA
-1.5898
NA
3.9101
NA
1.2498
NA
1.8219
-8.7449
1.3644
0.2133
1.4106
-2.1905
0.0387
0.964
-0.2604
1.7324
-1.04575
-0.86917
-0.16915
0.6211
-0.1982
0.397
-0.0435
1.0937
-0.8489
-0.24621
0.1224
0.8359
-0.8796
-0.3165
-3.3006
-0.2006
0.3565
-0.2473
0.9894
1.7037
-0.20354
-0.93435
1.4682
-0.10959
1.7176
-3.0258
0.9274
1.3795
2.3962
0.02363
-2.8502
-0.93195
-8.12363
-2.54642
2.19139
2.1894
-1.30072
-0.24972
0.01158
1.13431
-2.2376
-2.49512
1.8213
-1.348
0.5924
-0.26522
-7.175
1.48246
-0.83947
0.09289
-2.2561
1.83807
-0.54139
2.60701
4.35155
-1.4855
-1.4288
0.82697
1.9075
-2.0596
1.44207
4.48802
-11.28234
5.2974
-0.2594
-0.0337
0.1298
-0.0662
-5.52769
0.5481
-3.59417
-2.26939
-1.9
0.1004
-2.9846
-1.3038
3.2143
-4.2036
-1.2266
0.7572
0.8685
-4.6652
-1.31
0.36559
1.11673
-2.8274
-2.4538
0.6631
3.06202
2.05976
-0.72423
3.0809
0.2289
0.9867
3.2929
0.0055
-1.12
0.927
2.49
-1.6743
-0.0653
0.5013
0.59552
1.9793
-2.5121
-0.7162
0.1114
-1.7426
-2.84539
2.2313
0.10875
-2.77
2.3291
2.5677
0.59
0.142
-0.268
-0.187
1.23
-0.321
-0.7178
0.0147
-0.4545
-3.6655
-3.7496
-1.7675
2.2109
-1.7312
1.4868
-1.6187
3.7792
1.433
-4.785
0.0969
-0.254
-0.383
-0.691
-2.93
1.7
0.365
3.4053
-0.4826
1.8143
1.129912
-0.6434
-1.1903
0.0873
0.2932
-0.5721
-1.2758
0.8711
1.2301
-1.6028
-2.3811
1.0609
-0.6911
0.4908
3.9044
2.0593
-3.4305
-0.047
2.2221
1.04817
-0.85387
0.2779
-2.0242
-0.29
-0.6353
0.0444
0.7031
3.60031
2.55499
4.9498
1.2379
0.83544
-1.206
0.84105
1.67242
-0.5084
-0.38213
-0.2316
-0.8485
-1.292
-1.2563
-0.3787
-0.9858
1.00961
-0.7701
0.153
-1.8407
2.95069
-2.2688
-0.9048
-2.275
1.6855
0.04325
-2.5444
-2.8296
-1.8959
2.66076
-0.3575
1.6731
0.2937
1.2061
2.01793
1.37928
0.1104
3.14
5.9886
11.02494
4.28768
10.84511
0.84428
0.5305
-0.4906
0.6829
1.8247
-1.2468
0.3001
0.48668
0.57318
4.69336
0.2402
-1.93096
-0.6009
2.1991
1.4453
-1.17699
1.07064
-1.1651
-2.0227
-1.50728
-1.8713
-3.35039
0.4509
-4.9305
-0.767
-1.95233
0.57681
-8.76674
-1.0771
5.0511
-5.30991
0.12091
-2.13292
-1.2793
-3.65502
0.85445
2.31545
-2.1017
0.58101
0.7648
9.1126
-0.02366
-4.1671
-0.5702
-0.1166
-2.58924
0.174
0.45048
0.32254
0.09164
-2.5003
0.0267
-1.67885
1.17534
0.8583
2.43189
-0.7079
-0.00542
-1.81679
4.0857
-1.58997
-0.00461
-0.9082
-1.61944
-0.2418
-0.86311
-3.0054
0.10205
0.4796
-2.26041
-0.7284
2.3435
0.00645
-0.275
-0.3322
-0.6728
-0.7004
-0.2974
0.4501
-2.39674
0.1582
0.571
0.387
3.3119
1.7008
-5.81914
0.794
-0.5805
1.63
1.27
-9.42
-1.8941
3.9036
0.9078
1.6396
1.3609
-1.67451
0.17429
0.8941
-3.14802
2.11139
1.351
-0.09706
-0.47889
-4.99207
2.01747
-0.62334
2.52828
-1.73828
1.0239
-1.45436
0.3132
4.58527
1.4385
1.4385
-0.314
-4.74516
-0.98088
-1.4243
-0.95485
-0.38758
-0.8312
-1.0215
-4.6029
2.2545
-2.8168
-0.0982
-0.23889
8.16382
1.4471
-2.1647
-0.0784
-0.3156
-1.35184
1.1922
-1.7115
0.2834
-1.8551
0.9623
-1.4783
0.2344
-1.622
-1.1679
0.536
2.7888
-0.1079
0.4762
0.547
1.24
-2.55
-0.1715
0.5307
0.70031
0.8705
-0.74061
-0.21168
0.57526
1.03907
-1.8978
-2.22079
-0.91733
-0.71959
2.0211
2.2562
0.47359
-0.19113
-3.77243
-1.01816
-0.55818
1.011
0.96769
-1.140029
1.89664
3.41297
0.26596
-2.33723
1.53482
-0.0878
3.87267
2.22515
-0.90593
-0.72033
-1.43852
0.73366
1.9075
-0.5212
-0.1348
1.024499
-0.510017
0.7843
-0.1275
-1.6948
-1.3973
-0.2297
-1.8732
-0.54471
-1.0769
-1.16622
0.332528
6.6601
0.44757
-1.3803
-2.28438
0.3403
-0.3741
-14.9634
-1.5784
-0.9638
-6.48222
7.1063
2.23191
2.96326
-1.48194
-0.74225
-0.7141
-2.0831
1.210888
-0.38557
-2.29356
-1.4362
-2.86363
2.36877
2.2824
-5.0054
1.2074
-0.1427
-1.8456
-0.6283
1.1675
-1.07982
0.10971
0.89443
-1.16951
0.698
1.776
1.6728
-1.268
1.3022
-3.069
0.0991
-1.34
-1.06
2.14
-1.78
-0.853
-0.0826
-1.9773
-1.0176
-1.2115
2.0565
-1.2673
-0.7934
-2.6095
-1.3538
1.7452
3.1119
-0.0758
3.5696
2.3542
3.4276
0.3829
-0.2586
-2.4489
3.3683
0.53128
0.3435
-0.03125
-1.13067
3.1272
-1.51267
1.21626
1.24431
1.4399
0.3489
0.1664
-0.655
0.69139
1.2119
0.7649
-0.8625
-0.2861
7.8086
-3.5511
0.9574
2.8207
-0.8333
0.7125
2.3671
1.0834
-0.8356
-0.7882
-2.3579
2.2346
1.4436
-0.1311
-0.8405
1.1603
0.5591
-0.1871
-0.1328
2.757
1.0115
-2.4517
-0.2031
-0.295
-5.7671
3.3301
0.2733
-1.8266
0.963
2.01
-2.61
-0.807
2.28
-2.16
1.34
-2.69
2.33
6.2966
-0.107
-4.0546
-0.1085
-0.3295
-0.4336
0.6831
0.4212
0.573
0.03465
6.0045
5.24554
1.4598
2.5865
1.701
-0.407
-2.6156
2.11361
1.2962
1.37748
1.46328
-0.1152
0.60263
1.47112
-0.50088
-0.59198
-2.5173
-0.1966
-2.21828
1.02123
1.3223
0.24737
1.52932
-4.4971
-2.4766
-0.25538
-1.75189
3.20417
0.3884
-3.05278
-0.86187
-1.9036
-1.275
0.9397
0.51067
0.07205
5.57401
-0.9435
0.6465
2.28495
-1.43021
0.48349
-1.71283
3.09611
0.75427
-2.4022
-0.8307
NA
-2.0064
3.436
1.0033
5.9449
-0.759
0.5874
NA
NA
NA
NA
0.2306
1.6691
-2.055
NA
0.1419
-2.1703
0.6749
0.0602
-0.0365
-0.10723
0.7818
-1.04317
1.9117
0.80054
-0.7584
0.3727
2.80609
-7.34991
-0.879
1.87323
4.1215
-4.0574
0.51794
-1.93675
0.30326
-0.10571
0.2168
-0.1738
2.3636
0.484
0.5002
-1.5998
-1.9205
-1.3768
-1.7409
1.906
-0.9288
-0.6818
2.3875
-0.9989
0.1039
2.0231
-1.254
-0.6767
-4.05458
0.8396
-1.7183
-0.1792
-0.1751
-1.4426
2.1895
1.7912
-0.8034
3.4524
-1.1473
0.2177
-1.0734
3.99691
-3.8445
-2.10612
1.0233
-1.43561
-4.10658
-0.3189
-2.60679
-4.49295
0.32584
-0.27575
-1.08281
-2.9933
-0.02146
-0.7937
-0.9521
1.1669
0.0689
-1.8029
-1.1733
0.3854
-1.0049
0.8033
-3.2146
-0.2453
1.17344
2.30463
0.45856
2.36285
-4.8725
0.1371
-4.2959
0.6086
0.1023
-3.3436
-0.9224
2.8602
1.5095
0.7676
-0.6696
0.2735
-1.469
0.6587
-3.2225
-1.1328
-2.6342
3.4917
-0.5993
0.341
-3.3477
3.3187
1.2515
-0.1321
1.6869
-2.0837
-3.7819
0.515
0.6543
-5.4381
-1.4676
2.0293
-1.9148
0.9186
-1.06088
-0.8731
6.226
-0.6788
-2.6655
0.7365
-0.4247
-3.5034
-3.5301
0.6519
0.8314
-0.5954
-2.544
-3.7815
-1.2966
-1.0805
-0.8948
2.3693
-1.0392
0.6185
0.4118
0.0453
-5.217
-3.2632
-0.387
0.1627
3.6668
-0.8361
0.6679
5.0637
-3.4284
-1.6539
2.2202
-4.129
1.3709
-1.9231
-5.4259
-1.6077
-0.781
-3.2718
0.8527
0.3213
-1.2377
-0.1519
-3.2703
-1.6883
-0.57012
-1.23083
1.3002
-0.2366
1.2758
-1.12207
-1.40952
-0.189
-0.10304
-0.79202
1.4177
-4.4462
-1.3951
-1.727
-0.8982
-2.5732
2.5173
5.52
-0.3207
-0.8735
2.3387
0.9095
-0.858
-4.8091
0.4063
-2.5054
1.3851
1.6067
-3.7274
-3.9732
1.294
0.2734
-0.357
-0.9618
0.9932
2.673
-5.8958
1.2942
-0.6541
-7.9984
2.915
-2.6288
-1.5405
0.4843
-3.2179
-0.7543
0.9564
1.40527
0.01924
-0.1612
-0.7051
-0.30141
1.04924
-1.4302
2.39096
2.7349
-0.89647
-0.2969
-0.8292
-0.15233
-2.15706
4.24883
2.7023
-1.2217
-0.1655
0.9156
3.39266
2.4174
-2.73851
3.9511
-2.7165
0.8844
-1.8876
-0.5094
-3.1034
0.2251
0.3335
-0.0598
11.5914
1.9449
-1.3368
-1.731167
1.851618
-0.314973
0.7022
-1.2621
0.321
-2.5023
-1.861461
-2.228011
1.8672
-3.302
1.1584
-2.3782
2.7838
-1.9925
-1.892
2.648
-4.5189
0.9744
0.5508
-0.592
-3.9404
-6.5537
1.6446
0.0888
0.3158
3.6218
-1.3543
-1.2274
2.545628
-0.130375
-0.501498
-1.1729
-7.112
-1.207
1.2506
-3.18956
1.1919
-0.88684
-0.46578
0.77702
0.94752
-2.69262
-2.37157
-0.3365
-2.23226
5.25575
-7.5228
1.06987
0.0445
1.1154
2.4066
-0.74881
1.18747
-3.7994
-5.43296
0.49958
0.7501
-1.77393
-2.10964
1.4257
-0.34761
-2.4738
-1.07421
0.98092
0.60952
-2.9826
-2.9047
0.6737
-0.01085
1.49892
-1.53491
1.5984
12.1968
1.47537
2.5888
0.5946
-1.08604
-0.8814
0.31557
1.70373
1.24204
1.6543
-1.9997
1.32295
-0.0567
0.14985
0.37702
0.6194
1.0899
-1.22494
-0.76089
1.0474
0.74535
0.23113
2.63524
-3.46683
-0.28566
0.16455
-2.1764
-0.8751
-0.07939
-0.2729
-5.36504
0.993
0.63578
-0.1466
16.55686
11.01346
-0.6552
2.79748
-0.6552
16.10735
-0.9959
1.12129
-0.178
17.01289
1.36412
1.68056
21.60625
-2.92499
1.44638
0.95857
-0.54044
1.6598
-2.7937
2.09671
1.8975
0.6574
-0.28881
-0.12099
-0.6374
1.5763
-1.9338
-0.5281
-1.6697
0.91934
0.99707
-0.38856
-4.64812
1.52065
-0.79621
-3.6267
-1.85389
0.0881
-1.70887
-5.8097
4.73118
-0.4091
1.0876
0.7699
0.8769
5.5975
-2.0401
2.3235
-0.6436
-1.4843
2.0035
-0.8534
-1.2895
0.2307
-2.5166
0.7719
-1.0416
3.2091
1.7184
0.6497
1.9539
2.3939
0.2316
1.4421
1.7342
-1.1081
1.7917
-1.803
2.1819
0.4398
-1.6722
-0.151
1.4123
-0.8115
-4.5793
-3.0794
0.6504
3.6042
0.0757
0.5515
-1.32745
3.2299
-0.3274
0.6364
1.4845
-1.49325
-6.8529
-2.6399
-0.8877
-0.85847
1.911
8.7229
-0.4412
-1.057
-2.9045
-0.5582
-0.56496
2.2155
1.9876
0.02228
1.54798
0.0535
-0.37624
-0.5689
1.26311
-1.80605
0.37885
-1.15989
4.8255
-0.69312
4.72832
1.3398
0.8079
6e-04
-1.3254
2.7772
-1.0623
-0.9992
-1.4788
8.3929
11.4241
0.2193
-0.9435
-0.3952
4.2759
-1.894
0.7941
0.949
-0.5763
1.0682
-2.5634
-0.94289
1.1982
-1.18209
-0.4006
2.4694
4.7609
1.79224
-0.09843
-3.08287
-3.7024
1.05021
-0.1323
-1.1738
-2.3631
-1.8295
3.52137
-0.0694
-1.63005
-1.72946
1.7687
NA
-0.8738
-0.3144
1.5349
NA
3.267
-4.86707
1.66129
3.57089
NA
2.10696
2.293
3.0263
0.6475
-0.0737
NA
NA
-2.6615
-5.7759
0.9633
-6.4124
-2.7718
-0.4743
2.296
2.3045
-0.7094
0.3698
-2.6299
-0.4349
-2.6005
0.4568
1.4958
0.193
1.4958
1.4182
0.4121
0.9577
-0.458
-0.554
-0.965
-2.275
1.23
-1.52
2.03
1.21
0.44
-1.38
1.19
-1.37
4.4
-0.985
-2.38
-1.88
2.18
0.932
0.694
-1.92127
-1.66792
-3.87663
-0.02752
0.18106
-3.77348
-0.47743
-0.0886
1.7606
-0.02038
-1.58237
3.54407
-0.37957
1.60451
1.15579
0.00086
1.27822
1.9701
-0.50062
0.6028
-0.34197
1.49369
0.8731
0.53116
0.66648
-0.4774
2.0315
0.60568
0.62002
1.0052
0.07298
-3.20623
-2.30607
0.61187
-3.70816
0.44934
1.6871
-0.4792
1.00825
5.1719
0.1538
1.04563
1.2468
0.92166
-1.9097
-0.37011
-1.22999
-1.06529
1.98059
-0.61919
0.75587
-2.3287
-4.56799
4.5688
0.191
-0.9651
4.16387
-2.16245
2e-04
-0.47
-0.88187
-6.844
-0.00691
-2.21048
0.4249
2.7677
-2.04549
-0.76492
-4.04184
2.9453
-3.00098
0.36715
0.67744
0.25136
2.403
0.6289
-2.27213
-1.8242
0.45019
1.4703
0.4052
-4.18642
-2.58124
0.35402
-7.99991
10.02824
-2.45363
1.99091
0.83031
-0.3682
0.24349
1.11002
2.31308
-0.3917
-0.5928
-1.4446
-1.4509
0.4043
2.559517
-1.1082
-0.12033
-0.4407
3.129553
1.00369
2.97305
0.6282
-0.88292
-1.3943
0.4863
3.7328
-3.49298
-0.6079
-2.0376
1.2668
-0.8225
3.5632
1.14972
5.02529
1.35168
0.7335
1.2239
-0.64919
2.76802
-0.43266
3.18356
2.39349
-0.1129
3.95166
0.85507
-0.03546
2.07832
-1.9618
-2.759
2.00738
1.3827
1.2211
2.6531
-0.0832
-0.91158
-0.44558
0.51632
1.4459
0.5026
0.6036
-3.72101
-0.9703
-2.8155
-0.81129
-1.3145
-0.7286
-1.0216
0.05351
-0.7257
2.70671
-0.4651
-4.2773
-0.17269
1.8825
0.6288
0.3262
-0.7148
0.13511
-1.1864
-1.38723
-0.734
1.3577
-0.3372
0.8903
1.4308
-0.1453
3.3489
1.56209
0.3473
4.382646
2.0929
9.716
-1.76421
-0.09012
-1.6055
1.7093
1.17271
-1.2199
-2.61914
-0.01549
0.96393
0.57192
2.1319
-2.3342
-1.36348
-0.5364
-0.7049
-3.5335
0.6864
3.0028
1.8057
0.0022
-2.8019
7.1903
-2.27618
-3.74647
0.1228
-0.0741
1.04
-1.2527
0.50151
2.9463
NA
1.3606
0.6352
-1.62927
-1.45115
0.99294
-0.181
-0.87986
2.5453
-1.83977
2.8975
0.706
0.6297
2.8067
1.718
1.2752
-0.5569
-0.8162
0.1166
-6.56874
-0.93596
0.1533
-0.24641
-1.14755
-0.71463
-1.4563
-1.8976
-0.88844
-1.4514
1.31252
-0.70149
2.38861
1.3722
-0.3479
0.26294
0.31902
-1.31166
1.3394
-2.7771
0.03917
-0.49532
-0.6582
-0.8168
0.0051
-0.23518
-1.09376
1.233
0.855
0.2033
-0.2923
0.2202
-0.1499
-0.7008
-3.4157
1.2966
-1.84803
-2.53831
-0.366
0.6126
0.2858
1.05694
-1.4733
1.6261
2.7594
5.106
-0.0992
2.1718
-0.7181
-0.0165
3.029752
-2.35
1.2557
-2.73089
1.1722
3.06151
0.9559
1.22405
-0.371164
1.556
-0.51339
4.7786
0.77161
-1.95396
-1.3383
-1.8851
-2.76
-0.3791
1.8881
1.7554
-4.04571
-2.79124
0.2987
-1.07709
1.6088
-2.1967
-3.6177
2.69683
-2.0389
-0.88985
0.2875
0.693
0.11945
1.2646
-0.3673
4.8259
-1.3368
-0.644
-0.42
0.67159
-3.4007
0.8335
0.8027
0.28531
0.5891
-1.3868
-0.24867
2.46382
-0.55198
-2.10779
3.06404
0.78575
-0.9158
-0.61802
-0.64584
0.8269
1.4688
1.3458
-2.0217
-0.75284
0.1096
-0.73983
1.8897
2.79736
0.96337
-0.21733
-1.83163
-0.0595
-2.00904
-0.9799
-0.8921
2.61366
1.1057
-0.66364
3.156
-0.46983
-1.98368
0.46585
1.59947
-4.26099
0.03371
2.81378
-0.2131
0.19789
-0.4004
-5.24588
0.299
0.17581
-2
-0.329
3.3
-2.08369
-0.04923
0.31981
-0.99504
2.40742
-0.59598
1.23615
3.6861
-0.37916
0.4728
-0.25098
-0.4739
1.2693
-1.40566
0.21942
1.48506
-3.30907
-1.9391
1.14274
0.148
-0.0365
0.701
-2.01
2.1245
0.0715
-2.575
0.89796
-4.85314
1.6373
-0.174
1.1874
0.6717
-1.1
4.1716
1.1487
1.4578
-1.50989
0.51895
1.063
-0.053
0.69363
0.4315
1.66766
2.064493
-0.19114
-1.128819
0.81656
0.3001
1.3316
5.0735
0.275
0.148
-0.141
3.14
-0.56822
0.10312
-0.82913
-1.5295
-9.0842
3.2557
-1.40565
0.34434
-2.74278
1.85938
-0.9645
0.60357
-0.64377
-4.49592
-2.17969
-2.68173
-0.83667
2.56154
-0.1673
2.3932
-0.68938
-0.49666
5.5071
-0.18164
-3.0014
2.2409
-2.26229
-0.33123
3.28719
0.94611
0.86047
0.9719
1.8239
-0.1045
0.4355
-9.8525
0.01214
1.9628
-3.9983
1.66775
5.7512
-1.2248
-0.32955
-5.34937
-3.56323
-0.42923
-2.1372
-0.98393
-2.094
0.8759
2.1372
-0.7724
-0.8744
3.7722
3.76456
-2.17891
0.6302
0.8292
0.69127
-0.06781
0.6417
-3.24605
2.78054
2.56881
-2.02821
-0.1046
-0.80697
-1.1062
0.07633
-0.99147
0.0114
-1.26366
-2.39525
1.01026
-0.09208
-0.37231
0.36571
1.02811
-0.76692
-0.23485
1.64613
-0.95562
-1.14894
-1.95402
0.13323
-2.18142
1.479
-2.22702
-0.53213
-0.12478
-1.53336
-0.45793
5.2052
-3.09606
-0.29906
0.8124
-0.21073
-2.639
2.13502
3.5551
-0.0158
-0.52565
-1.04792
0.6434
0.8485
6.65273
1.54499
-2.70338
1.71687
-4.04305
1.6091
1.72574
-7.32272
-1.5132
-2.6177
-0.52864
2.30642
-1.29099
-0.7403
0.79228
-3.5709
1.0836
-0.72888
-0.332
2.6
-1.28
-3.74788
1.0423
-1.52941
-0.531
-1.04
-0.8423
6.3036
-0.01309
0.26989
-1.506
-0.05548
0.82947
-2.0617
1.21236
0.32347
-1.4003
2.8533
-3.2303
-2.2115
1.2188
-0.20838
-1.46
-1.13467
-3.03009
-3.2932
1.6935
-0.43983
2.0942
-1.5793
0.5611
0.0218
5.3898
NA
NA
4.8038
3.1688
-1.3272
1.55567
1.0723
-1.94979
3.77817
1.6125
0.4896
-0.61039
0.22496
1.62818
-2.4944
2.67195
-0.7728
-0.87764
0.57824
5.60269
0.17969
0.04848
-2.14765
0.03264
-1.10354
1.249
3.4517
1.89755
2.50337
0.80949
0.7334
1.59
1.13155
-1.18667
-1.06368
0.9341
1.00665
-3.17375
-0.07103
2.9213
-0.8176
-3.7609
0.6297
0.34836
0.22412
-3.34285
-0.8439
0.53899
3.0281
2.4124
2.43474
0.2557
-2.4924
-2.94155
-0.07385
-0.22877
-0.62728
-0.55948
1.42574
-0.0607
2.29878
0.905
1.1522
0.35171
1.0753
1.8647
-8.53998
-3.3752
-2.1647
-3.42
-0.3678
0.31641
-0.31545
1.1636
1.63128
2.6794
-4.6456
0.013
0.5649
2.7546
-1.2798
-1.9209
0.1341
-0.3383
-0.4639
0.8367
-2.30153
-1.66972
-3.931
-0.1941
-1.4289
0.4695
-3.2697
13.26691
-1.779
0.17071
-3.03558
-0.3681
-0.0995
-0.4351
2.0679
0.28641
-0.949
0.2226
0.0534
0.1383
5.7978
0.8708
-1.2653
0.3734
-0.9473
-1.1484
-3.1973
-1.4148
-0.788
-1.8884
-0.63914
7.0457
0.54892
-5.3815
-1.0632
-2.33249
-3.157
1.92061
0.8875
-0.8592
2.73023
-0.1107
-0.3261
2.0582
-1.4321
0.127
-1.6072
1.56827
-2.4331
1.28337
-1.6946
0.45487
-0.172
-1.648
-0.04538
-3.98154
-0.6192
3.1121
-2.5759
-4.09929
-2.0001
-0.5122
0.16141
0.1418
-1.3539
-0.28417
-1.4407
-0.58102
2.2625
-1.3501
0.46835
1.0553
7.82289
-2.4495
-2.4148
-3.59427
2.4845
-0.46136
2.34713
-3.9625
-2.78521
33.688
2.0905
0.1847
2.08346
1.1294
-2.08637
-0.57628
0.5082
-0.6887
3.4109
-3.62264
3.2333
-2.71938
1.04803
3.06183
-0.81357
1.2928
0.0648
0.3075
0.28149
-1.01647
0.53098
-1.84945
-1.5465
5.7109
1.6071
3.84868
4.75283
0.4359
0.4808
0.69325
0.57203
0.6823
-2.9631
-2.5849
1.3748
0.8269
-0.579
-0.5779
-0.2573
1.4424
-2.9029
-0.2692
-0.5228
3.4753
0.0217
0.0217
3.17459
1.53986
0.45659
0.74351
-1.35938
-1.148
-1.22568
-0.52749
-0.68433
1.17994
-0.76327
-1.37989
1.9414
1.57613
-0.24246
-0.74759
1.0984
1.4061
4.4595
-0.3894
-3.3039
4.56194
1.1186
-0.60026
1.0254
-4.7448
-0.33663
-3.3684
1.7954
0.9061
-1.2784
-2.2118
1.64
2.12
0.772
1.4164
0.96799
-3.8425
-0.52451
-0.98191
-1.03186
-0.8141
0.961
-0.818
-1.39
2.7
1.82906
0.0723
1.2752
-0.237
-2.43
-0.21104
0.7765
0.222
0.474
-4.3
-0.568
1.31911
0.287
0.11
-0.10702
-0.804
0.694
0.3624
0.13742
0.7026
-0.59066
0.23777
-0.12139
3.1634
2.3094
4.8204
5.15763
-0.24841
-0.30956
-4.47371
1.69489
-3.0269
2.78169
0.20669
1.97
-0.20148
-2.46047
1.01626
-0.9474
3.1088
-0.25143
-0.0061
0.633
-2.2
-3.73713
-1.6122
2.26085
3.0445
0.80168
0.17915
0.85067
-3.3283
0.5237
-1.22165
-1.5224
-1.2064
-0.98396
0.6333
2.40501
-2.24752
-1.13019
1.9525
-2.52784
-0.1928
-0.89855
1.7261
-0.12926
-0.6181
-0.78423
0.0812
1.1128
0.9368
1.4474
-1.1483
1.15442
-0.96187
-0.40405
-0.6451
0.05854
0.3987
1.2166
1.50015
3.75132
-1.8471
-1.14841
-0.7882
1.1397
0.55259
-0.01485
-1.7386
-4.42401
-3.2664
1.50651
-0.3081
1.82494
-1.06383
0.47634
-0.48302
-0.84262
-0.5978
1.10303
-0.68234
-1.52318
1.0534
-2.21298
-0.9555
-0.89255
0.99189
-1.1425
-1.1089
2.3736
-0.2203
-0.1911
-2.7793
-0.0601
-0.26229
-0.5818
2.12415
8.0242
-0.46515
-1.9927
-2.3277
-1.4028
0.975
4.57242
-0.1814
4.791
-2.56693
5.62351
0.26365
0.5804
-2.3754
2.01866
-0.31695
-0.7588
0.79861
-1.35803
-0.6761
-2.1368
-3.88168
-4.08842
2.7712
-2.09385
-2.69133
-2.02451
1.08238
-0.08781
-0.0858
0.3478
-2.66911
1.05
-3.354619
0.742
-0.9588
-0.9998
-0.1054
-1.3941
-2.8173
-0.0737
1.9157
0.50561
0.57592
2.323
-0.52264
-0.3927
-0.0197
3.6761
-2.77976
1.95908
-2.47186
-1.7472
-1.7886
0.0554
-0.738
-0.9474
-0.867
0.2554
0.26943
-3.1513
0.1096
0.3649
2.1928
0.0294
-9.8469
-9.8469
-0.9525
-1.1254
0.2919
-0.77965
1.26481
-2.2861
4.53
1.49
-1.4256
0.3559
-5.5406
1.6662
0.7687
-4.3885
-1.51083
0.2224
1.43306
-0.44551
-0.4308
-3.4863
-0.0862
4.9821
-5.6807
0.260545
-1.1478
-2.10109
-0.0831
-1.1468
-0.70169
1.250391
-0.01993
-0.1022
-1.3216
-0.83644
-1.36028
0.19209
-1.08219
3.2417
1.15314
0.4215
-1.8991
-1.07512
0.8175
5.7058
11.5914
1.9642
-3.94729
-3.2008
0.53611
0.0694
3.05163
-0.8747
-7.45644
0.6796
1.43826
5.17623
-0.06322
4.64299
4.30089
-0.06303
-1.2018
0.2926
1.74347
1.8796
1.4333
-3.6286
-0.1958
-0.3485
2.0749
0.82409
0.5297
-1.13169
-0.01373
0.73874
-2.1478
1.2048
0.2838
-1.02198
-3.1062
0.3374
0.975
-2.6707
-0.7317
1.6767
0.7398
0.0106
2.0768
-3.58712
2.42852
1.234
-2.2137
0.7992
2.11751
1.7468
-4.91611
-3.18752
4.6111
0.54412
-0.09704
0.40878
-1.99307
4.76672
-1.7954
-2.16967
0.56924
4.1913
4.44077
0.21756
1.81732
-2.1239
-0.5035
0.4731
-2.326
0.19259
-0.5822
0.332
2.41036
0.21227
0.3227
-2.7611
3.25962
-1.32817
-2.5141
0.74244
4.6458
0.44385
-0.6615
-1.297
0.8187
-0.5879
NA
6.1088
1.0691
-0.6026
-0.6111
0.221
-3.9876
1.332
0.9772
NA
-0.97472
-0.46444
-2.1372
0.5424
-2.1267
1.1202
3.84671
0.6158
-0.2199
6.8402
2.4483
2.13915
0.1777
0.0804
-2.3011
0.6253
0.8276
-0.0569
0.2406
1.4669
0.42831
1.83752
-1.8802
-0.65263
3.93208
-0.6344
2.3045
5.7321
0.2671
-0.4982
0.7047
-2.97397
0.77721
0.78589
0.03622
-0.78147
0.07282
-1.04522
1.47337
6.3509
-0.43376
-2.3707
2.68633
0.1573
0.61877
-1.6548
-0.17177
0.84801
-0.4987
0.70026
-0.0606
1.0874
-0.6176
-0.9527
0.32437
0.2865
-3.1336
1.4795
1.17804
0.0292
-3.68859
-2.4842
-0.2102
2.7468
-6.5791
1.44363
2.9773
-0.6549
1.0299
-0.1747
-0.4798
0.54167
-1.0808
0.7775
-1.7989
1.073
0.15492
0.5077
2.4721
-0.0641
-0.6977
1.4024
2.0002
-0.3514
-1.91471
0.32706
-0.3463
-0.15613
-0.23032
3.62
-0.5418
-1.38719
-0.133
3.54306
-4.3931
-1.07959
3.0416
-0.63457
3.0901
-0.94605
0.8377
0.7066
-1.16513
0.2866
-3.19576
0.21
0.1943
2.0898
-0.22616
2.3898
2.0832
0.94664
-0.0982
4.07406
1.79
-0.5583
-1.15186
-4.74181
0.96178
0.80504
-0.03154
-0.8012
-0.67649
-0.246
-2.3465
-2.51
-0.356
-1.83185
-0.9842
-0.597
1.99
1.7282
-1.0471
-2.25398
-1.2329
-0.3311
-3.26
1.5544
0.4149
3.1018
2.4156
-1.5038
0.2029
-1.6241
-1.1725
-0.5288
0.8571
-0.39337
NA
2.6668
-1.61859
1.2823
-0.50949
0.16054
-6.1764
2.18
0.9854
1.7784
2.27
2.48
2.7306
-1.7528
-1.81357
1.2835
1.9344
-0.9436
-0.7561
-0.3435
2.8526
-3.8377
-0.78
0.46112
0.291
-2.8671
-2.5122
4.45997
-1.51569
0.5327
0.21271
1.5093
-1.5192
0.3135
-0.2304
0.99867
-0.22655
-0.44467
-0.485
3.19825
-1.458
-0.8982
-1.25328
1.18949
-1.2026
3.26304
-1.68
1.6551
0.31981
-0.60439
0.83909
0.81174
1.0627
1.3218
5.0237
-2.2956
1.92
0.0956
-0.4034
2.3683
-1.0395
5.20761
0.2786
-2.17144
-1.75958
1.94722
-3.5387
-1.2213
-0.21721
1.8441
-3.14137
-0.7044
-3.40495
1.07341
-0.72097
-1.35997
0.0238
-0.0085
-0.15377
-0.6996
2.99845
-4.49622
-0.4215
-0.2995
1.5632
1.4894
2.6757
-1.28027
-0.97895
-5.3765
-4.7213
0.9134
0.0477
1.181387
1.71988
0.5584
-0.9473
0.37502
8.1743
6.9676
1.7891
2.3456
2.35724
-13.0875
3.217
0.48683
0.011
0.6904
-0.8747
-1.12951
1.5439
NA
3.6482
-1.4199
-1.86282
-1.0164
1.4475
1.3422
1.50105
2.37626
-0.1151
-0.2762
-2.42863
4.4952
0.1854
-2.8755
-0.56564
0.18967
0.3635
-1.4762
6.81906
-5.69536
1.0782
-0.7238
0.4511
0.62212
0.2592
3.78363
-0.48789
-0.24186
-2.3788
0.16861
-3.07253
5.9989
-2.59493
-0.5954
10.73354
-0.8439
2.06742
-5.27664
1.28513
-4.314
1.1011
-1.0825
-0.29161
1.56589
1.3335
1.632
1.4277
1.45953
3.7028
-0.8844
-2.07981
0.708
1.1966
8.4351
-2.8065
1.13
-0.96319
-4.22758
-3.86381
7.15804
1.14464
-0.3072
-2.5243
-2.9986
0.65517
-1.765
-1.6626
2.13916
2.01046
-18.39895
0.6591
-0.6103
-0.60499
0.3843
1.9243
-0.1315
1.783
3.33704
2.16
-0.84307
-2.3552
-2.06295
3.65483
-2.0611
3.0157
0.0906
-0.2039
-4.78854
3.963
-0.0115
1.58815
0.4234
-0.7087
-1.9806
-5.96567
-0.6318
1.89852
-1.0922
-0.92906
-1.0759
-0.7383
-0.9475
-0.46052
-1.76382
0.56566
-2.64092
2.84563
-0.85904
-2.734
-0.5139
0.85277
-3.88391
-2.958
0.7581
0.587
-1.7888
-1.7997
-2.98781
1.14832
-2.547
-2.3864
-1.1771
2.8355
5.384
5.8607
-4.3519
0.69793
-1.97259
2.7836
2.72515
0.9771
0.9948
2.4701
-0.3411
1.6255
-1.7181
-0.6647
0.6664
0.5936
-0.5308
-1.2906
0.2011
-1.0033
-0.63849
-2.89535
0.58015
-0.00632
6.24293
1.12037
4.34896
-2.66522
-0.476
1.36893
-0.2151
2.0423
-2.3338
-0.2817
-1.0802
0.2819
0.6244
2.3456
0.20104
-0.6337
-0.4725
-12.17793
-2.5036
0.9846
2.1948
-2.7378
2.2563
-5.86023
-5.50075
0.742
-0.2747
-1.0961
-4.83597
0.23631
-1.97082
-0.7426
-1.166175
-5.5748
0.3046
-6.6863
-0.4205
2.87459
0.8015
-1.11871
2.2848
-0.00635
3.20637
-1.2607
2.06913
1.01006
2.0547
-5.5748
-3.04692
0.39113
-1.94705
1.66102
1.20717
1.33603
1.93984
0.5814
-0.6687
-5.1189
-2.1518
-3.678
-0.196
-4.1774
0.4731
-0.1616
2.3508
1.8552
2.67057
-2.90467
2.9923
-0.6909
-0.1701
0.5851
-0.83642
0.1574
2.38299
5.80689
1.23252
1.0266
-3.0767
-2.11
0.5727
2.80955
-1.5874
-0.2845
-4.8047
1.5201
11.8808
-0.61972
-0.53689
9.8905
1.266
0.1977
-0.1645
-0.8142
-1.7203
5.6499
-0.32049
2.7217
0.3805
-2.53545
0.14587
-4.3666
2.45866
-1.08389
3.50021
-0.0063
-2.4392
-2.734537
-7.6835
-1.0865
-2.61229
0.393
-0.4531
-2.2421
0.06
-2.2929
1.41373
-1.35686
-4.0344
-0.6159
9.4113
-2.03544
1.8542
-1.8755
1.68727
NA
-0.4894
-0.974
-2.5868
-0.44149
-1.14333
0.94159
-1.1249
1.7003
-2.009
-3.3903
3.0193
0.1632
-0.01659
-0.5933
3.05562
0.10971
0.7034
0.2411
-3.85509
-0.35884
-0.8525
-5.00403
2.1698
2.03037
-0.7988
-2.15438
-1.4818
3.9328
1.3952
-0.85442
1.56
-1.7924
2.6943
1.5946
-2.07485
-1.83968
1.5252
1.5522
1.14336
0.72962
0.5183
-0.43001
1.09448
-0.0391
4.53709
-4.2159
-0.3163
-1.556
0.7588
-0.91898
0.71865
-6.43563
-0.2989
0.2401
-1.0415
-1.52416
7.32459
-0.9078
4.9084
1.2516
0.24
-0.1372
4.6338
1.7558
0.4914
-2.0756
-0.49028
-1.3793
2.65275
-1.9779
-0.159
-1.8523
-4.2332
-0.6199
-1.04033
-3.433
0.0769
1.84359
1.5302
-0.776
-2.6701
4.129
3.9328
-2.2348
-3.4389
1.698
3.15634
-2.4679
-2.4504
0.8275
-0.199
1.8136
-0.79303
7.5777
-1.8492
1.3034
-0.4675
-0.0868
-0.2285
-5.11257
0.36978
8.9975
-2.99
-1.62
-3.03828
-1.1135
-1.7054
-3.75741
0.1804
3.4605
-2.8487
-0.20473
-1.3798
-0.3844
2.2916
0.24915
0.5182
-2.82707
-0.32585
1.01712
-1.8
-3.2502
-1.74785
0.29532
2.374
-0.2902
-0.524
2.164
-1.4784
NA
-2.4478
4.2998
2.20163
0.3017
-3.47
1.4567
0.343
3.0887
-2.01103
1.9122
-3.91539
1.01627
4.24751
-0.28709
-1.4478
0.5549
-3.2686
1.3877
1.6654
-0.25974
1.77863
-0.21323
-0.4808
0.9656
-1.21835
-1.16726
0.90661
-7.12665
0.7132
0.2417
-2.80296
-5.9857
-0.89035
-1.11718
3.9662
-4.5861
-0.3324
0.2961
-9.1588
1.141
0.88409
-1.15
-2.2624
2.4321
-3.62698
1.0284
-2.52871
30.56978
2.50463
-1.2172
-1.8166
-2.73369
-0.14316
1.0219
-0.9003
-0.17129
0.7954
-5.4655
-3.0771
-0.4821
1.4833
0.15899
0.6064
0.3915
1.2395
1.01233
-0.03346
1.1311
0.00354
0.0664
-0.0604
-0.86874
0.18178
-5.7267
-0.5962
-2.03797
-1.7752
-0.26188
1.4327
-7.4904
-2.011
NA
-1.19436
-2.01
0.40911
-2.20963
5.79138
NA
-2.08767
-1.6011
-0.4963
-2.1115
-0.0313
2.78694
-0.0313
0.1861
0.7234
1.153
-7.51323
2.2071
0.2941
1.4154
6.5393
3.86597
2.7293
-0.4107
0.92788
-2.4325
2.1966
1.7442
1.05801
-0.3959
3.03839
-2.58452
1.0729
-0.33556
0.554
0.9826
-3.3286
-8.76248
0.6456
-0.15605
0.78139
0.00211
-0.6233
-1.3428
-7.14203
1.5912
0.07518
1.9716
1.8179
-1.2421
0.28154
-0.3
0.4041
0.66012
0.85242
-0.03047
-0.7696
0.09643
1.7472
0.2913
-0.4896
-3.3233
-1.134
NA
-2.6521
-1.08022
-0.41273
1.3357
-1.317
-0.6614
1.9293
-0.2213
-1.9646
1.3869
-9.3504
-0.5566
1.11
1.10193
-0.84762
-3.97
-1.0445
-0.42752
-0.9173
3.5022
-1.65764
-1.18486
-5.69593
1.0352
-2.0941
2.85149
NA
0.0943
-0.4517
7.77193
0.6826
3.7376
2.2361
-0.3182
0.9572
1.8189
-2.8944
0.15105
0.927
2.07639
-0.40421
1.8458
-0.7291
-2.6236
3.8565
0.5381
0.3117
0.47336
-0.2708
2.042843
0.9266
-4.39771
-4.6116
2.7027
5.2714
2.91904
-0.8262
-0.6346
-1.45811
-4.57221
-0.604
-1.14684
-1.54534
-1.0887
-2.5592
-5.86638
-3.793
6.0919
0.71366
3.68118
3.2625
-0.82802
0.1723
-0.2666
2.6191
0.77489
1.60561
0.04084
-0.32497
3.9025
-0.49321
0.3185
-0.8885
0.9572
-1.16097
-0.33431
0.26707
2.9887
-0.7861
3.3817
-0.5064
0.8636
-0.5439
0.45402
2.7092
1.00012
-0.551
-2.20189
-1.1495
2.5411
-0.06991
-0.25118
1.532
-2.8899
2.7006
-0.27961
0.0115
-0.3739
0.1386
8.5869
-0.7324
0.6782
-0.7809
-3.7676
-1.2237
-0.1598
-0.3226
0.5163
0.78184
-0.2487
-0.5389
-1.43842
-2.3289
-0.5466
-1.64378
-0.0604
0.24485
2.1895
-0.27226
0.0674
1.63664
0.1374
2.5407
0.34785
0.17423
-0.3039
0.04111
0.4878
-1.3697
0.7943
1.0008
0.1949
1.84924
3.5656
2.05806
-1.1156
2.08569
-1.3229
-0.36385
0.08087
-2.8577
1.47108
-1.2881
1.90315
0.9572
-0.434
0.1891
-0.9319
1.93468
-1.10253
0.62557
-2.2924
-0.2378
0.0659
-1.1243
0.0901
-0.7866
-4.08683
3.56
1.1192
-0.1164
-0.8595
2.3526
-0.3548
0.1789
-0.2104
-2.8174
-1.44674
3.8975
-0.37601
-0.6345
0.1471
3.7925
3.9996
1.6342
-0.1332
-1.2887
-1.21
0.3562
-1.08
0.758
-3.3157
3.58746
3.7925
-1.5517
-2.39
-2.99453
3.0158
1.45522
-1.5604
0.7125
-0.1014
0.44519
0.0653
-0.22207
0.852
0.3897
-2.63927
2.26566
-1.80948
-0.6165
1.60795
1.31618
2.23004
-0.51904
-5.8573
0.025
1.4575
-0.7975
4.72665
-1.54
0.8027
-1.2611
0.99328
1.4671
-0.4708
-2.1072
0.0862
5.5666
-0.0833
-0.60682
-0.74803
-1.4388
3.02046
-6.27292
0.51892
-0.9267
2.4662
-1.75048
1.721
-0.1646
0.6889
2.16612
0.38216
-1.04446
2.84
-1.5224
1.23555
1.0801
0.7105
0.9485
2.05968
5.0393
-0.32968
-1.12403
0.7839
-0.4613
1.2714
6.322
-1.14963
0.2203
0.61028
0.036
1.9479
-0.6656
-2.0277
-0.17721
-1.0855
-2.3248
-0.30473
0.2171
2.5803
-0.84583
NA
0.200924
-0.89608
0.41461
-3.3347
0.9277
0.9811
10.9051
-1.55152
2.1905
-1.6267
-1.67357
-2.1139
3.71474
-0.137
0.41548
0.0265
-0.0222
-0.6084
-3.2515
0.1847
-1.0486
0.6211
-5.2804
-1.0848
1.02189
-1.4183
-0.4864
-0.02276
-0.8309
1.0495
0.78882
0.7513
0.57398
1.8834
1.17333
-0.5749
-0.461
-0.68522
15.82039
-0.95523
-2.0286
-0.9502
2.2711
0.5731
1.12899
0.07828
1.00722
0.77759
0.25066
-1.44
1.32635
1.1371
2.2634
-0.6381
-1.7224
-0.60102
-3.655
7.2022
-0.2351
-1.9174
1.0027
4.80319
-1.8844
-2.5755
0.77972
0.47363
-0.4716
1.41692
2.92705
-0.6036
1.4018
-1.35
-1.1715
2.3903
0.44364
NA
-1.48506
-2.4267
-0.06096
1.6165
-0.06951
-1.471
0.52264
0.38754
2.98567
-5.5977
-1.7128
1.12486
-1.1322
0.52232
-0.25667
-2.1563
-1.29
-1.75
-2.69993
-0.0703
0.46147
-1.10039
-2.96178
-1.48316
-1.24598
0.5773
3.52102
-3.26567
-0.9142
1.50808
0.3824
2.73
-0.20362
-0.1506
1.5453
-2.82904
-2.7284
-8.2744
1.4271
-0.8076
0.40429
2.27082
0.61432
-1.06969
0.349
-0.1578
0.5773
0.3434
-1.47327
0.512
-0.0521
-3.15
0.46994
-0.316
0.6961
-1.2104
-0.58373
0.6958
4.86639
-0.54338
1.6995
1.76325
-0.61492
1.58277
2.6243
-3.9122
0.751
-1.0109
0.4207
4.2634
2.34274
-0.1416
-0.0767
-1.92864
-1.0158
-2.0451
-1.25464
0.9984
16.406
-1.39141
-1.8479
-2.04585
-1.269
-4.09677
-0.8623
-0.9135
1.8441
-0.39893
-0.15115
-2.9007
1.64
-0.1583
0.05712
0.8436
2.47367
NA
-1.6828
-3.63
-0.4315
1.99125
-0.64115
2.6217
-1.3859
-1.3422
-1.1038
4.5874
0.23248
2.05607
-3.0241
-4.2771
7.4542
NA
-2.96416
0.54895
1.0766
-1.7785
-3.0504
-3.9772
-1.1851
-0.7363
4.7109
-1.91531
-0.493
0.268
-0.37826
-2.4386
3.0578
-0.0444
NA
-0.82269
0.44134
-0.8183
0.638
0.7185
0.0923
-5.12363
NA
0.04381
-0.704
1.12752
-1.3
-1.14
-0.6947
0.24703
-0.9322
-1.1798
1.30851
0.24494
-0.562
0.25496
-1.0721
1.6124
0.1762
-1.0066
1.0859
1.22477
-5.68
-1.07079
1.09082
-4.52859
-0.2556
1.0271
-6.9035
2.3546
1.44348
0.4863
0.897
0.9107
2.4345
0.2047
-0.0843
0.32246
-0.7091
-2.11
-1.675
-1.2544
-2.17464
0.4455
-2.53379
-0.2663
-1.4953
-1.40253
-0.7767
-0.0551
1.8936
0.66673
-0.2221
-0.34313
-0.00928
5.3596
-0.874
0.55195
NA
-0.49295
0.4196
0.6679
-1.0676
-5.3755
1.562
0.11518
-1.72
1.758
6.3555
0.6037
-1.51411
-1.4307
-3.3568
-0.0366
-0.5067
-6.07002
1.1182
3.24523
3.94
-0.51876
1.31936
-0.0765
2.21832
-2.3512
-1.82228
NA
0.5535
0.9819
1.60019
0.37464
-0.4587
-4.01235
-1.41011
-1.14927
3.74393
1.96
-1.27
-5.57508
-1.5213
-1.39458
1.60918
-12.2652
-0.45707
-2.383
2.85228
1.78
0.4436
NA
0.6039
0.48618
0.34263
1.48
-2.1383
-1.78019
0.628
2.72836
-0.70131
-0.14429
-1.3904
0.087
-3.88315
0.187
-5.6797
-5.20567
0.67919
0.04334
-1.2256
2.4527
-10.24845
0.97165
2.1583
0.2422
0.113
0.03236
-2.269832
-0.1806
1.7153
-4.07961
0.57006
0.57421
2.56381
-0.8959
-0.37056
1.73655
-2.5575
-1.5662
0.2659
2.23606
0.7729
2.84316
-0.24856
2.15791
-1.6708
-0.0809
0.9072
-0.32982
-0.86037
2.46723
2.46866
-0.6586
-0.49251
-1.61652
-1.26009
-2.385
-0.2344
0.21371
-0.5937
0.33333
0.8742
NA
-0.7584
2.5204
-0.86455
-0.29471
3.8777
2.99723
0.99822
-1.87434
-0.383
-0.29228
-1.29
-0.38321
-0.35411
0.2635
0.394
0.4683
-1.44156
0.46836
-4.0379
3.0641
-1.76204
-0.7448
-0.63646
-2.11281
1.0011
-0.29462
-1.00577
-1.2622
-1.2568
-0.63803
-1.1553
-1.61895
-1.42318
3.72114
-0.46509
-1.011
1.2871
5.15642
-0.5151
-5.99364
-4.91579
0.2817
-1.13566
0.4063
-4.0068
-0.3601
-0.9682
NA
3.12995
-1.3324
-3.5455
-2.09
3.1115
-1.56883
-2.42466
-5.8699
1.06539
-0.2249
NA
0.5912
-1.0069
2.9059
-1.41546
-2.289
0.40956
-0.17573
1.1404
-0.55348
-0.022
-0.43001
-1.1171
-1.6265
-1.07822
-0.14605
0.29933
-1.5442
2.0346
11.2565
-0.4117
-0.266
-1.27471
-2.8933
-2.43897
0.64939
-2.8617
0.4079
-1.4684
-1.514
-1.18803
-2.0207
-1.3737
2.2885
-1.4823
4.058
0.7332
-0.4212
1.6718
1.38
-1.4717
5.01895
1.011
4.62
-4.3709
0.43838
-0.26094
-0.5037
0.1663
1.4607
1.5777
1.1078
-1.34122
0.3579
0.4564
-4.1008
-6.4118
1.7443
1.3782
NA
-1.3265
-1.0512
-4.2146
1.82233
-2.3748
-0.89494
0.2445
0.13552
3.0565
4.39484
1.6112
-0.70441
0.31515
-0.04212
-1.9326
0.22086
0.95476
1.21505
0.59894
-0.7907
0.0791
-0.0121
-0.5064
1.9433
-0.9495
-0.4913
-1.6273
0.23545
-0.70475
2.3631
0.7609
-0.5011
-2.1477
2.4073
1.18909
2.0861
-0.693
0.24561
0.4564
-0.1792
0.9901
1.12236
-0.21921
-4.27764
-0.5261
1.1444
1.6673
-0.3046
0.9585
0.57765
1.83038
0.2697
-5.0408
-4.14236
6.355
0.59536
1.39708
-1.5402
NA
NA
NA
NA
NA
1.2063
0.35195
NA
NA
NA
1.5234
NA
NA
NA
0.16511
NA
NA
NA
NA
NA
NA
NA
NA
NA
NA
1.84074
NA
NA
NA
NA
-1.5483
NA
NA
NA
NA
-2.1343
NA
-1.24798
NA
NA
-1.8468
-1.1323
3.1114
NA
0.9096
4.50459
NA
NA
NA
NA
NA
NA
NA
NA
NA
8.208
-0.77814
-0.09663
NA
-0.86569
0.59108
1.42566
0.79989
NA
-2.4792
2.33614
5.0638
-0.00341
-8.25971
-2.403
-1.0258
-6.18265
0.301
1.97
1.8701
-0.0794
-1.75
-3.77142
-3.2941
0.0519
-0.2676
-1.9248
0.1438
0.26913
-0.8619
-2.18144
-0.04
6.10778
1.0955
1.2906
-0.46027
0.0671
3.16
1.5564
-2.09952
-0.6765
-2.02
5.2765
2.78
1.12344
0.78065
2.75
1.0476
-1.4292
1.3117
-1.22
1.19
-0.72437
4.3388
1.4439
3.57
-5.36
-4.5141
1.53567
-0.91942
-1.9309
2.7306
-0.2999
-0.87554
-1.1166
-1.8543
4.1096
-2.5783
0.732
-1.0158
0.352
-0.8031
0.8811
1.5781
-1.92018
0.514
1.8731
1.41018
-2.03017
0.719
-0.5172
-0.89243
-0.3457
1.7074
0.33022
-0.7638
-0.000578
-0.1578
NA
NA
NA
NA
0.8505
-2.50533
-1.43181
0.17188
1.65379
-0.22747
-0.14551
0.1446
-0.6943
-0.2705
-0.7056
-0.87611
0.9784
-0.216
1.83
0.947
-0.656
0.983
-0.0108
0.02135
1.4616
0.6817
1.0957
0.8558
-0.23176
-0.7841
-5.3009
-0.1261
1.09
-2.213
3.9794
0.85917
-0.9619
-3.39447
1.309
-1.7633
0.5451
-1.7956
-0.89477
-1.2104
0.23059
1.29227
4.0466
1.5363
1.3
0.9537
2.9
2.06526
1.0766
-0.1801
-0.8487
-1.76591
-1.32829
-1.20335
-1.6154
2.229
-0.89447
1.64
-2.98164
-2.2836
-4.76086
-3.23398
-0.89193
-0.95219
2.64949
-0.62911
-1.275
1.1505
-0.0955
-3.83
4.13122
NA
-1.55953
0.33096
1.0679
-2.8973
0.1439
NA
-0.84601
1.413
NA
-1.9054
-0.9603
-4.0109
-0.7093
-0.74296
3.21279
4.9833
-2.67302
-1.54659
3.3202
-0.5233
0.15281
3.4299
-1.3954
-1.60536
0.67811
0.9237
7.2022
1.27147
0.01137
1.21159
0.81374
-1.7089
-1.86122
-2.6682
-1.5857
1.69
-0.6618
0.23064
-2.6774
-1.1156
-3.52085
1.6862
-0.285
2.74
-0.901
-0.49658
1.8132
0.536
-1.19
0.0533
-5.07
8.208
-3.4683
-1.14
-0.39472
-8.2345
-0.51243
1.86678
-2.6949
-1.63615
0.34558
-1.1741
-1.6332
0.6747
3.5306
-1.08
-0.2363
-0.2507
-2.1523
0.51789
-2.55643
1.1261
1.3624
0.3323
-3.15262
NA
1.0471
-0.4873
-0.7799
-0.466
-1.1752
-0.7825
0.82886
2.2738
-1.83889
2.5994
1.3516
-0.1532
0.9844
1.9892
-1.3441
0.4137
-2.07565
-0.59497
0.58643
-1.5343
-1.2363
3.7839
0.99886
-0.2533
0.4378
0.73486
-1.84732
-1.44302
-2.6236
-0.67763
0.88639
-0.8641
0.06042
2.5245
-0.54162
-0.64231
6.682
-0.01197
-0.07943
-0.69239
-2.0093
-1.73525
-1.04041
-2.3934
NA
-0.8909
-1.4196
-2.17073
1.9652
2.8885
-4.4925
0.7802
-0.5166
1.41588
-0.0717
-1.6228
0.2753
-2.646
-0.1763
2.99872
-5.0041
1.5009
-2.3513
-1.86641
3.0029
-1.1354
NA
2.4637
-1.6744
-0.83417
-0.9161
1.49
-2.2199
-2.0109
0.22253
-2.0235
0.478
-4.86486
0.2176
1.9684
NA
1.6847
2.9855
-2.423
-1.63
2.5051
2.6282
-0.36924
-3.42
-2.51
-0.298
2.71837
0.8817
0.66245
-5.0423
-0.63957
5.1906
-1.5857
-0.0379
-1.612
-1.5396
-0.9516
0.4714
-3.1123
-1.2674
1.4805
-0.1688
-1.1928
1.7037
2.22378
1.1373
-3.25413
2.0162
0.03665
0.67759
NA
-0.1795
2.8993
0.7079
0.78
2.0238
NA
0.503
0.92216
2.5432
-1.3679
-0.1439
-0.9357
-1.66358
-1.9797
1.1
-6.76912
0.9563
-0.61788
-1.30557
-0.68848
-5.18014
1.98
-1.84903
2.42
2.11464
1.66258
-1.43282
2.03
0.9795
-0.373
-0.575
2.0528
2.11834
-0.929
-0.11101
-0.51628
2.9311
1.2181
-3.0353
-0.79589
-1.4789
0.25317
-1.5479
-1.1493
-5.04
-0.7994
0.6487
-2.4243
1.57891
1.1179
-9.7667
-2.3211
-1.80335
1.8949
1.64028
0.45686
NA
2.22578
-1.0536
-1.16111
-0.90951
0.392
-0.4326
0.4523
-3.1793
-0.9502
-0.3202
-0.17193
0.76921
NA
NA
-0.0689
0.05605
1.67
0.123
0.00246
0.34761
-6.33
-3.7215
-2.10264
-1.5431
0.6747
-0.53997
-1.0213
-0.634
-0.2076
1.76307
-0.3662
1.34377
-0.25098
-4.1904
-0.52808
0.71949
0.76071
0.0205
-5.23429
-1.6695
-2.1739
0.35957
-0.13413
0.17356
4.6904
-1.38
-1.54
-0.4622
-2.54266
-0.4101
0.949
0.29385
0.99279
1.24877
1.84056
1.45267
0.22164
-2.20111
0.05423
-0.2189
1.7623
-0.94482
NA
1.6091
-0.4965
0.18467
0.41875
0.9764
NA
-1.73
0.19968
0.816
0.3815
2.1073
0.0577
-0.7079
0.86243
-2.0169
-0.6427
6.49419
1.5324
1.60953
-0.1348
1.42902
-0.4877
1.8563
-0.44313
6.83074
0.0514
-4.89751
5.8358
0.399
-1.1694
NA
0.9208
0.57357
0.7077
0.4397
-0.557
1.6235
0.2723
-1.2226
-2.4964
0.21533
3.8704
1.324
-3.7765
-0.85929
0.3817
-0.5648
2.46892
-1.89205
-2.6832
0.65965
-3.8863
-1.4013
3.3942
1.911652
0.0479
3.44123
-1.3176
1.47
1.41695
0.42307
-4.37
1.1647
0.74106
0.285
-4.67853
2.43339
0.3104
0.3708
2.6506
1.32472
NA
0.6427
-0.5673
-1.8829
-1.09
1.8644
1.58252
-1.91251
1.48421
-0.42028
-2.36
2.12365
-4.46584
2.13452
2.2062
NA
-1.0061
-2.443
1.5842
4.1513
0.95418
-0.13392
-0.37992
-0.1642
-2.32516
1.6817
-7.54668
-0.1157
1.31775
1.2596
1.3414
0.07032
-0.8739
-1.12085
-0.7991
NA
-1.52351
0.6485
0.40102
-0.07
1.6833
0.29669
0.1413
1.4818
1.81893
1.1351
-0.2901
1.24
1.43
NA
2.93
-1.05563
-1.75
-2.9557
1.36198
0.52809
NA
-1.0245
0.86427
-0.9544
2.0779
0.3518
-0.65686
-0.25042
-0.18867
-1.7698
-3.68665
1.8503
0.85815
2.33904
-0.55635
1.12811
-1.27524
-0.543
-1.1457
-0.4171
1.456
-0.98992
-3.9477
-0.6523
1.0658
-2.35636
-2.7082
0.6859
-1.99
0.84745
-3.6339
0.10728
0.0175
2.91604
1.08
2.02
-2.33123
-0.25902
-6.7596
-1.32352
4.1464
-1.25963
0.2361
1.6794
1.0815
NA
0.5239
-0.1674
1.8248
-3.2984
-2.31
-2.07
NA
-1.84574
-1.3181
-0.0438
-1.1494
-2.6701
0.56
-2.30528
0.75778
0.77963
-0.57278
-3.21
1.0299
-1.4543
2.2555
-0.913
-1.3431
-1.0365
1.94259
-0.7355
-1.9
1.43199
NA
NA
-0.38244
0.993
-3.13
-11.0813
-1.0153
-2.7733
1.2283
2.41627
-0.7492
2.6419
-1.39366
-1.4196
0.3474
-0.1093
0.18677
-2.0851
-0.7479
-9.21271
NA
-1.9985
0.4967
0.1559
-0.8918
-1.40732
-2.5899
-0.29341
-0.8
6.0911
2.01865
-0.34356
1.12524
-0.75418
0.54052
0.6052
-1.9805
-0.69416
3.72
-1.7332
1.5738
-0.565
1.6
-3.25919
0.13119
-0.4973
-0.8176
NA
0.60314
0.82963
0.42086
1.9198
0.569
-0.8248
-0.7576
NA
-0.93958
-0.61499
1.85633
-1.05556
1.9339
-5.1702
3.27138
1.1797
1.78
2.0918
0.5882
3.4026
-0.817
6.5887
-3.51215
5.8581
NA
1.19
-2.6832
0.8641
0.86966
0.767
-3.0569
-0.93892
-1.3746
-1.07373
-0.168
-9.4856
0.31477
-0.1324
1.6162
2.4909
7.4801
-0.4965
-2.84376
-3.0242
-0.06058
NA
1.8813
0.65
-1.3029
-1.4995
-0.7118
-2.18184
0.1867
1.2912
1.4598
0.1179
0.31184
2.7806
-0.8993
1.93826
-2.95542
NA
-0.6465
0.217
0.9785
1.53206
1.01228
-0.29588
NA
0.7864
-4.3993
-1.8233
0.8425
1.2981
-0.2733
0.20116
0.4587
0.58513
-1.1787
3.8763
-1.87702
-0.6233
6.75948
0.8796
1.8722
NA
-0.9638
1.1325
3.7404
1.2705
NA
0.0073
-0.423
-1.4529
-0.6202
0.5247
-0.75841
0.42863
1.04727
0.79933
-0.0272
-0.74898
2.0841
0.2047
-0.25801
2.40581
-0.4668
5.1026
-1.04099
0.93558
-0.389
1.1768
0.0281
-3.1926
-1.08443
2.6952
-1.39
3.643
1.3459
3.6573
NA
-2.92445
-2.8653
-3.0825
3.42664
-2.0693
-0.89825
-0.12496
-0.1572
4.0638
0.86965
1.05189
5.977
-1.50871
0.2193
-1.9905
1.92943
9.0015
-1.5295
-2.0998
-0.736
0.519
2.6047
2.46832
-1.35027
-3.03055
-1.61981
10.78433
0.46893
-0.67097
-3.41331
-1.28
-0.7879
-1.7266
0.1564
3.53995
0.3797
-0.24772
0.84588
-2.3418
-0.674
0.9419
-0.9218
-0.841
-3.1812
-4.53518
0.3319
0.894
2.1338
0.8789
-0.2194
3.1071
1.41
0.75007
3.08
-1.2792
-1.7166
2.1073
-0.6296
-1.66296
-5.38674
0.1338
1.4447
-1.2378
0.9719
-3.8683
2.9763
1.232
0.3631
-0.02031
-0.07393
-1.72
4.132
0.69119
0.6269
0.88467
1.14613
1.92
-0.3838
-0.47546
-1.4793
-3.3186
3.6632
NA
0.0269
-0.3793
-2.4273
-0.9757
7.5597
-2.6263
1.11235
11.9254
-2.2972
2.6079
2.81
-3.63
2.7251
-1.5029
2.1594
1.2374
0.012
-1.49
-0.0993
5.054
-0.5205
-1.2305
-6.04702
0.1743
-0.58083
-1.54
-1.01857
-5.56611
-1.04595
5.5161
NA
2.5218
0.12926
0.78358
-0.66842
-0.5739
-0.9663
-1.1854
-2.4023
-3.262
1.4598
0.4167
-2.9983
2.15169
-0.44016
3.1127
-1.3047
-2.48332
-4.12646
NA
7.7793
0.5705
-0.25993
0.8
-4.24101
-4.5621
0.65158
-0.35448
0.2948
NA
3.4997
-0.719
-1.5288
1.1568
-0.9844
-2.2745
1.27264
-0.6114
2.0579
0.8449
-1.09
-0.366
-0.679
-0.0172
0.81015
-0.9068
-0.2864
0.5241
-0.1611
-0.48756
-1.79
-3.0497
2.30404
-2.41261
0.3474
2.3446
2.23837
0.9994
-1.4081
0.2905
0.1266
-0.28185
NA
-1.1274
3.00233
-2.8831
-0.74098
1.5234
-0.48258
-1.13303
2
-3.1134
0.5366
-3.0293
1.4277
-3.3942
-0.3332
-2.6764
-0.7701
0.4007
2.5638
0.418
1.1146
-5.6508
0.6922
0.4397
-0.0571
0.02076
0.9384
-0.01854
1.0024
2.2904
0.4435
0.02301
-0.834
1.7185
-0.0576
-0.6867
-1.6562
-1.8396
1.1168
-4.29
-1.24
-0.10229
-0.11913
-6.4981
-1.46426
-1.2392
-2.58853
-4.9881
-0.4556
-1.27745
-0.5472
-0.4144
2.3848
3.9442
0.8326
0.08297
-0.58
0.9848
-0.85525
1.0428
1.6935
6.1544
-0.17059
2.52
0.6204
-1.24586
0.7218
0.5279
0.22515
-0.481
-7.347
2.67843
1.0251
0.2304
-0.09506
0.2946
3.9453
-1.4075
NA
-1.0444
-0.6311
0.9021
0.1135
-3.7433
-2.73818
-0.2937
NA
2.2829
-0.9219
0.7426
-0.542
-10.09873
-1.42763
2.9
-0.7722
-0.922
-0.2048
0.06869
-1.3188
-0.5109
-0.5674
0.3185
1.05481
0.48096
-3.8333
-0.0547
-0.7102
-2.8707
-2.108
-0.1474
3.00812
1.6519
7.2143
1.2779
-2.45
-1.1843
-1.19787
4.3766
-2.6501
-1.5338
-1.52628
-0.0873
-0.6545
0.0136
-0.8008
0.04307
-0.1223
NA
-0.3015
-0.1337
0.8682
-0.7352
1.0197
2.09
-0.00286
5.3712
-0.69245
-8.48238
3.2969
-1.55
-0.3524
-0.6679
-0.1998
2.02357
0.8014
-2.7366
-1.7547
-1.8597
-1.1297
-3.1232
1.36837
-0.96815
-0.0046
0.7803
0.4625
-1.07708
-0.23683
NA
0.19495
NA
1.83
-0.03347
2.7192
-0.97879
-0.724
-1.42453
0.171
1.92085
3.47652
-1.70956
-3.8834
3.4543
-1.3348
0.5582
1.6307
0.13414
-1.28365
8.5746
0.46461
-2.0963
-0.7317
12.75489
0.82305
-4.8663
-0.61315
-0.4334
-0.636
-0.6248
NA
1.2
-1.52072
1.68427
1.6284
-0.086
-1.62127
0.2283
0.75732
-0.3931
0.901
7.5084
0.795
-0.4409
0.0714
1.4277
NA
-7.1157
1.11638
-0.714
1.97
-2.4844
-4.11492
-0.22521
3.8366
-1.4375
-0.01245
9.7651
0.98988
0.2705
-2.4448
0.1654
0.557
-1.1294
3.55159
-1.57816
0.2411
-1.40018
-2.1287
-7.67
-1.42774
-2.1257
1.4517
0.108
1.5411
0.525
-0.0731
1.07234
33.688
3.23081
0.86405
-0.282
-0.72615
13.65923
0.5945
0.8094
-1.7447
-0.67165
-3.55293
0.1602
-1.8152
-0.8773
-1.71245
-2.1044
0.4353
0.4854
-2.5328
-1.8563
-0.29837
-0.808
0.198
-3.4038
0.0468
-0.0306
-0.666
0.85235
1.3714
-1.3543
-2.57271
-1.26
0.0975
0.518
-0.0182
-1.4265
-0.0756
-2.95
-1.7226
0.90647
-2.66016
NA
-1.0028
-0.5054
0.8067
1.8622
-0.79
-0.86821
-0.32081
1.68038
4.07997
NA
-0.8634
0.1009
2.52132
0.26958
2.66
-1.63236
-0.3379
-0.0263
-3.16
0.577
0.1682
-3.05794
-0.0914
-2.16908
-8.2466
1.0518
-0.6034
0.7383
1.13207
2.35207
1.77
0.565
-0.7631
NA
-1.42699
1.3362
0.8899
0.86417
-4.05114
0.128
1.7668
1.2346
1.8044
12.5431
1.14831
-3.32145
2.3676
0.15394
0.0627
-0.32689
1.0545
0.4081
3.49945
-2.5377
4.2828
3.0727
0.69584
0.8781
0.1161
-1.30806
-0.83774
-1.40304
2.876
-1.09755
-0.6296
1.2079
0.17544
-3.5713
-0.5371
0.61756
-1.0603
-8.3972
-0.23262
-0.25603
-0.2548
-0.3143
0.3085
1.6455
0.1085
-0.90701
-2.5752
-2.559
0.08361
0.3934
-0.0995
-0.7146
1.79778
-3.2484
-0.3958
-0.1338
-0.0717
0.37701
-1.6077
0.793
-0.7948
-3.7451
5.1068
-0.2676
4.6413
NA
2.59028
4.11639
-1.22333
0.3075
-2.94
-2.0061
0.13058
1.8179
-1.0855
0.507
-3.6518
2.43342
0.96005
-0.0348
-1.45815
2.9153
3.11155
-1.8364
-2.0821
0.3782
1.56239
-0.7289
-6.86228
2.3853
-3.49156
-2.45107
5.3164
-0.8292
-1.4784
0.0225
2.0342
-2.3358
0.65079
0.21443
-1.0561
1.32385
5.5768
0.4182
0.18348
0.55286
-0.8535
-2.1706
17.6242
1.9476
0.32634
-1.2567
-0.9673
-1.16487
-4.2792
1.1621
1.2651
0.4924
-1.77222
2.3005
1.0478
-0.858
-1.7213
-0.178
-1.44268
0.3572
-1.1674
2.0205
0.66778
1.6118
-2.15
1.1757
-3.594
-1.79866
-0.30852
-2.94483
2.8167
-4.3723
-0.23536
-1.1487
-1.6726
-3.77648
1.5814
0.1461
-0.82217
1.73533
1.5691
-0.0956
-1.34174
0.3505
-2.4233
-0.4037
-0.17337
0.9792
-0.96735
-0.0414
-1.7082
1.3884
1.0874
-0.57142
0.5038
0.267
-2.152
-0.8876
1.22191
-0.32983
1.6398
-1.9681
-0.4428
0.8622
-0.8641
0.3928
-3.1824
5.238
-4.7332
-4.9158
1.2968
0.44432
-3.4843
-2.01552
0.2508
NA
2.9861
-1.20086
-2.01566
-0.2915
-1.0984
-0.873
0.5772
-1.0179
-1.7875
-1.79636
-1.0227
-1.3812
-2.23228
-1.0025
-0.985
2.3896
-0.4271
-1.8096
-0.94253
NA
-0.5639
-0.0999
-0.6506
-3.9861
-1.73526
-3.00867
-2.15763
-2.17624
0.3436
-0.20672
-0.54569
5.6685
-1.5668
-2.9759
2.8615
1.1616
-0.24267
0.51612
-0.238
-1.33428
-1.18104
3.65395
0.0877
-2.88
3.6672
-0.6692
-0.38987
0.0595
0.8459
2.8458
1.72705
0.1144
1.742
0.7876
-0.1894
-1.8833
-2.6763
-2.31737
0.25176
0.4931
-0.0259
0.3119
1.33306
0.0906
-1.7149
-2.43527
-1.8106
0.48962
-0.87399
3.16442
0.61644
-5.26963
-0.2202
0.18429
0.07808
1.26182
-1.1705
-0.09
-0.44572
-0.9136
1.40651
0.09481
1.8677
-1.1569
-1.02443
-1.71149
-0.8778
0.6018
0.0787
0.14452
0.46713
-0.7403
-2.38735
-0.4809
-3.2501
-0.44895
-0.06984
0.3182
-0.43916
-0.4433
0.85088
0.5149
-0.54901
0.44
-1.6631
0.60275
1.42772
-0.5284
0.47175
-0.76109
0.2489
2.58913
-2.80312
0.2478
0.1951
-0.8251
-3.42024
0.87145
-1.8591
-2.02281
-3.6297
1.9633
0.84476
1.2141
1.93467
-0.1888
0.6983
-0.1578
4.43363
-0.73244
2.04576
-3.60725
1.7826
-2.91489
0.07833
0.4202
2.03888
-2.67694
0.7945
-2.5678
-0.97615
0.5162
0.0942
0.12083
0.6779
0.56826
3.2745
-1.6407
-1.72977
0.6938
1.45545
2.59375
-0.3277
0.5732
1.7881
-3.07131
-0.0716
3.0413
-0.9433
0.4739
-2.99321
-0.6028
0.9856
-4.44616
0.80088
1.6112
4.79292
1.7986
2.5756
-0.72584
-2.121
10.06916
2.7379
1.8192
5.21084
0.67
-0.53057
-1.46406
-0.52343
-1.6691
0.60706
-0.36529
-1.7379
-0.2678
-1.76798
-1.7975
-1.24352
-3.3903
1.12876
1.5877
0.66741
1.58068
0.7014
2.18671
0.86298
-2.1241
-0.13068
1.98951
-1.66975
0.1558
-0.52795
-0.7312
1.0869
1.3194
1.77065
2.5679
-1.91777
-0.92938
-1.43539
-0.5163
-0.8068
0.53061
-0.78459
0.20323
-5.02855
-2.55534
2.6417
3.48252
-1.22927
-2.80485
-0.49165
-2.8389
-1.20393
-0.5373
-1.3597
0.4999
0.518
-0.0893
-0.3897
0.7898
0.8093
0.516
-0.2012
-0.1837
-9.63915
-1.4463
-1.5601
1.8457
-1.0838
-3.4336
0.0177
-1.32199
0.296
-2.60811
-0.8364
-0.0705
-4.459
-1.4944
-0.5719
0.8336
1.244594
0.492
-0.4784
1.0935
0.8132
0.5816
-0.2762
-3.5063
0.6893
-0.5561
-1.6348
-2.28265
-0.6605
-0.5902
-1.5194
-1.3362
-3.1371
1.43
-2.257
3.1119
-1.6191
0.6755
0.0632
0.0764
1.0009
-0.6216
2.2159
-0.3252
-0.0055
0.5393
-1.1442
-1.0928
-0.3775
-0.4736
-0.16039
-1.76934
-0.19256
-1.5062
3.126
-0.7306
0.5542
0.1239
0.8767
-0.98211
0.2197
-4.4076
-2.9746
-0.3009
-0.5521
1.4516
0.6463
0.0584
-0.1324
3.4316
-1.3402
0.2506
1.1805
-2.25799
0.39664
4.0286
1.2715
-0.9635
-1.9257
1.8732
-0.7149
-2.24939
-3.2312
1.85666
-1.8011
0.53481
-2.9463
0.30971
-0.9636
2.7701
0.58268
-1.32705
2.7763
-0.81138
0.0108
-0.8265
-0.38636
-2.7701
0.3647
-0.9947
-3.16341
0.63055
-0.35431
-3.2207
-3.99523
-1.5395
0.04992
0.1685
1.9028
3.59747
13.14649
1.9022
1.6525
1.1801
0.11185
0.25398
0.2274
-0.3295
-1.99168
-0.23413
-1.40631
-1.45439
-1.8895
0.85505
-1.5375
-1.66822
0.32622
-0.1961
1.4806
0.5865
0.0737
-0.8553
2.26606
-1.5485
-2.8258
-0.3558
0.2581
3.02237
2.0153
0.9283
-1.9535
-5.5227
-3.12
2.9908
-0.0862
-3.183
-0.2995
0.9674
-2.3075
-0.8419
-0.3236
-0.1689
-1.8706
0.2012
1.0534
-0.7996
-0.1638
-2.6645
0.5168
1.5074
-1.5655
-0.5688
-0.0871
1.4443
-0.2276
0.9306
-2.1898
-1.5388
0.6061
1.2113
1.0481
-0.6809
0.7436
2.9998
-8.52892
-1.78834
-0.2666
-1.39119
0.0208
-0.6357
-0.67007
-0.0158
-1.52558
2.61849
0.2606
-0.19357
2.0728
-1.0569
-7.433
-0.2777
0.0185
-0.3292
-1.5018
-4.1766
1.0046
0.2661
-5.1498
1.39214
-2.70504
-6.1382
-0.07482
1.07
-0.59089
-0.0012
-0.72686
-0.65464
-0.76064
-5.25753
-0.7207
-0.67003
1.18164
-2.73027
-2.1724
-1.9619
-0.01362
-3.165
-5.67723
0.5415
1.7997
-0.3529
-1.8867
-2.4921
0.1328
-2.30188
-1.6798
-0.20061
0.4538
-0.8697
0.5213
-1.502583
-0.4484
1.6752
-0.8208
-1.23232
1.29181
1.9242
0.7693
0.00182
2.0922
0.7214
-0.9884
1.355
0.035
-1.3515
-2.36739
-1.6162
0.9937
1.05978
-1.18902
1.1739
1.0444
0.6051
0.84152
-0.40707
5.4318
4.5796
-0.476
0.48641
1.72053
1.7
-0.61491
-0.4232
-2.74998
1.2976
0.90431
2.0032
1.0847
1.781
1.0876
-1.23
1.4038
-1.19935
-0.3084
-7.8601
-0.1087
1.3328
-2.0779
3.26061
-1.7805
1.4716
-6.44327
1.808344
0.4075
1.8702
-1.00024
1.85766
-2.69263
-0.5029
-1.6177
0.1209
0.6655
-1.35208
-2.4749
1.92832
2.84
0.6847
-0.7216
-8.9776
0.6332
-2.0323
NA
-0.074
-5.08354
-0.7719
-1.6636
0.89044
-0.3862
-0.0344
-0.52947
-1.0981
2.83
-0.00309
-1.0217
-0.55781
-0.1585
-0.6338
0.39633
0.12291
1.04404
-1.2357
8.7142
1.8221
NA
-3.33751
-0.78878
0.1965
0.57262
0.4958
3.15638
0.7714
1.03715
0.30107
-1.6562
-1.0539
-2.5396
-2.5545
-1.701
-1.241
-2.9855
-0.73404
1.1844
1.3438
-9.0302
0.21515
-1.2471
-1.655686
0.603
0.225
1.0656
-0.8974
-1.3539
-0.6351
-1.8431
0.7305
1.14637
2.45745
7.837
-2.0137
7.9049
-0.9743
0.2889
1.02353
1.42341
-0.577
-0.94302
-6.434
-1.2737
1.484
-0.6104
0.41086
-2.1618
0.3726
-0.4468
-1.975463
-0.5097
-1.76869
-0.5727
1.5257
-2.34074
2.6344
0.2094
-1.477
1.0246
-1.4682
1.2408
-0.8292
-1.8583
0.22794
-1.03455
-0.9124
-1.3635
0.08632
-0.19593
2.1411
-0.8633
0.0396
0.3348
1.48051
8.2137
0.745
-0.1844
1.4187
-1.6668
4.7459
2.322371
-0.149
1.999156
-0.489338
0.6837
-3.0677
-1.13771
-0.58614
11.5914
0.1738
8.2137
-1.3793
0.52953
-0.78576
0.5364
-0.481
-0.12222
-1.29769
-1.05
4.5776
0.5702
-2.6612
-0.3565
-1.3078
0.604
1.96726
2.1004
-2.8862
-0.270043
0.855
-0.8569
-1.303
-0.60499
-0.163815
-1.3728
-0.351269
-0.65306
1.9668
-5.6988
3.09043
-1.3838
0.399399
-1.25323
10.2108
-1.99189
-4.7879
-0.845975
-2.24609
0.3804
-10.52092
1.4335
-2.4481
1.1893
2.42
1.2779
-1.1086
-0.8776
-1.1105
-1.5878
2.4166
-0.0171
1.1761
10.0812
-1.73274
0.4721
-1.1121
-3.77563
5.5456
0.8924
0.88491
-2.1979
-3.1531
4.3145
-0.4965
1.4978
11.9132
-0.7182
-0.25726
-1.8275
-0.392656
-2.7305
-2.3202
-0.5693
-1.751676
0.805394
1.8532
-1.1007
2.1175
NA
-1.780245
1.39455
6.331
1.9243
3.7836
1.57444
-2.31452
1.46602
1.014726
0.9039
-1.07967
-0.701749
1.16814
-7.9396
-0.78112
0.8558
1.4685
-0.2126
1.3076
-0.0304
0.71782
5.7277
1.64
-1.90825
-0.75996
0.32284
-0.50582
-3.41974
0.1634
-0.28275
4.30976
0.7329
-2.0642
0.7413
1.4176
-2.67799
-0.5221
-1.3434
-1.03933
1.05315
0.79918
2.307
0.6682
0.3492
0.5519
0.5136
-0.6567
-0.54793
1.413885
-0.4488
0.9658
0.484
3.41355
-0.53646
4.0939
-2.2835
-1.0569
0.59864
2.35123
-0.1019
2.78197
3.8603
-1.08947
1.78576
3.84073
-2.05845
2.7836
-1.9098
1.6519
-4.2771
-0.69586
3.8603
-0.60662
-2.37715
-1.2906
7.77495
-0.47722
0.11427
0.87715
-0.2624
0.3445
1.15287
1.74443
0.24267
-2.235
-1.19085
0.38463
-0.92428
-0.5244
-0.5914
3.50999
0.5188
3.8452
0.7614
-0.2556
-0.3538
0.05496
1.42035
-1.39015
2.65089
4.0857
2.4836
2.31348
2.3417
-0.31909
1.29949
1.29054
-1.60843
-0.0601
0.8539
-2.50345
1.75268
-0.2509
-2.6294
0.4191
-0.6479
-4.2642
2.5416
0.21947
-0.29045
2.18657
0.29837
1.3814
-4.89454
0.7744
-5.50422
-2.7634
-1.86132
-0.16564
-1.2507
1.62352
2.09024
0.25846
-0.7835
0.2642
-2.54205
-0.895
-2.4339
-1.1684
-1.73934
-0.30564
-0.1929
-1.2098
-0.5214
1.3803
-0.8833
-1.08521
-1.1417
1.5789
-3.986
0.22472
0.2137
0.32314
0.4298
-0.18097
7.5228
0.4035
0.82876
-3.0202
-2.5977
1.5218
-13.8087
0.0878
-1.7583
1.84
1.57433
0.4727
-0.58418
-2.6772
-0.1387
-1.168
2.1212
2.4309
0.42892
1.0232
0.93222
-1.10946
-2.97344
-0.4253
1.1978
4.6186
NA
-2.08353
1.3975
5.7066
-0.0286
-0.10166
0.7714
3.2457
-2.67933
-5.5811
-0.405
-0.4031
-1.05
-2.77867
-0.4701
-0.4616
1.74644
-4.7096
3.4234
2.223
0.36785
-0.01644
-1.44
-4.6654
-5.6511
-4.7096
0.03223
1.25
0.1717
-0.49483
0.0515
-0.0286
-0.75479
-0.6194
0.327
1.65
-1.79508
5.13557
NA
0.6031
3.12867
-4.7096
4.31706
-1.42154
1.335
0.5669
2.4587
0.9381
0.78122
-1.2382
-1.9805
-3.5385
-0.59719
1.0474
1.55646
0.85547
-0.1
0.56766
-1.9377
-3.7433
0.08653
-0.92613
-0.0954
1.2369
-1.1977
0.3093
0.07267
NA
0.89598
2.75786
-2.1464
-0.1766
1.60115
0.2271
-0.42325
4.19365
-2.189
-3.1272
0.65893
-0.2525
1.2423
-0.28369
-0.72924
-1.36358
-1.0569
0.0159
-0.2921
3.0614
-1.60818
0.38967
0.4843
NA
1.7068
1.8845
-0.15993
-2.3249
0.4452
3.0141
-1.4424
0.7559
0.61046
-3.71884
-0.9084
-2.9685
-0.665
-1.9588
-0.4202
-1.29043
-2.1
-0.869
1.37519
-1.25483
-0.65401
NA
3.039
NA
0.36375
-0.9395
2.11367
1.2533
NA
-1.86474
-1.1175
0.4403
-1.6221
-0.1184
1.47
1.6702
2.7412
-0.799
-2.29229
1.6136
0.1422
-2.334
0.15765
1.4868
-1.93778
-1.8037
-0.20729
1.80262
-2.05
0.28239
0.6804
0.0449
-0.745
1.1588
-1.8492
-0.24845
2.13359
0.781
-1.5585
0.4374
2.7491
2.2403
0.50192
NA
2.0935
4.17494
1.98058
-5.3009
-0.6951
-1.63681
0.27139
0.6461
-1.13
1.83
-0.7912
-1.2146
-1.85056
-0.8875
5.4813
-4.62
-2.8
-2.8978
-4.0677
-0.085
-0.7169
0.0564
1.51524
0.4733
3.543
4.58255
-0.0881
1.30154
3.9865
1.0079
3.05
0.71522
0.05128
0.7976
-1.84863
0.3225
2.0518
0.7985
-2.21038
-1.6813
0.0393
-1.5191
-0.579
-3.81
-0.3647
2.3689
0.6195
0.48933
-2.3336
0.4365
-0.495
-1.1302
1.88
-2.43
0.698
-1.277
-1.174
-2.9638
1.7612
-3.4851
-0.2367
0.3755
-5.1274
5.9524
0.9407
25.45778
0.36
NA
1.99
-1.7951
-1.1129
2.33921
0.3126
-2.63243
-1.1599
0.09791
-0.556
-1.7782
-2.1906
0.99711
-2.5516
2.16574
-1.20934
-0.5256
-3.96893
-0.7013
2.9979
0.7106
-0.295
5.62821
-2.4361
-2.4379
1.76757
2.2447
-0.5041
-2.08271
0.3859
1.141
-2.91993
0.76494
-0.4646
3.825
-0.75442
-1.858314
1.3416
3.6022
0.98084
-0.087
6.1358
-5.3009
0.2821
-0.5189
-0.40521
0.1876
-2.1392
0.88
-1.2288
0.0876
1.1021
0.01194
-5.09786
0.2707
0.93559
1.4609
0.7583
-1.3103
NA
-0.7075
-0.6069
3.345096
1.86671
0.35006
-0.4726
0.9869
-0.1948
-1.5913
-3.0098
-2.01095
3.8521
-1.16501
-3e-04
2.7676
0.25751
1.89114
-8.0945
0.0671
-1.5083
1.7098
-1.79858
2.1238
1.0973
-0.3984
-1.75454
3.5855
1.4868
-0.1684
1.3183
1.35096
0.22774
-0.4326
1.6857
1.9206
3.22199
-1.2892
3.4194
-0.8476
1.0287
0.9812
-0.50869
0.3669
-3.3252
0.486
-1.0946
-1.5343
1.5421
2.0422
-2.8154
0.12222
4.3562
-0.893841
-1.07
-1.6572
2.2312
0.89565
0.81515
0.7332
-2.2137
0.6724
4.5255
-0.0631
0.11799
2.30639
-1.3705
-2.6243
3.6043
3.6065
-1.1343
-10.9133
0.622
-4.9591
1.0489
-0.4557
-0.467
1.0708
1.01339
0.2112
1.7529
1.3736
0.57534
2.5624
1.7224
-0.1776
-0.1121
-0.9714
0.60412
0.0403
0.97834
0.93473
-1.6246
-0.2139
-0.73294
-2.94501
-0.8255
0.45718
0.04646
0.494
NA
-0.7795
-1.76857
-1.41
3.2822
-0.978
-0.7151
-0.4623
1.0955
1.3923
1.1063
5.94741
4.656
-1.923748
3.0326
1.7539
0.2777
NA
-0.11531
0.15225
0.53
1.5507
-1.01196
-3.6656
-0.276553
-0.15616
2.3675
-1.4728
-0.5337
1.323
-0.5905
-3.84191
1.26
0.9837
0.074
0.9889
-0.5748
0.67783
-0.63576
1.11752
-1.62091
0.4559
1.608801
-1.1272
-2.6853
1.38421
0.6893
-0.41613
0.6101
-1.0334
0.0687
0.7705
-0.7542
-0.41461
2.37491
-4.32
0.6406
0.41015
-9.7339
0.31126
-0.83282
-1.1388
1.9853
0.9177
-1.6206
0.2311
0.9394
2.50833
-3.4959
-0.00181
0.4903
2.9549
-1.7045
-1.1039
-1.9131
1.07107
4.15766
-1.0508
2.7569
-0.980614
-1.4197
0.82751
1.4746
1.2435
1.25387
1.30863
2.2822
0.936
0.7803
1.5566
-4.22875
1.3486
5.3575
-0.5297
0.4023
-2.40735
0.7498
3.051
-0.244
-2.2753
-1.69141
4.251
-1.4061
-1.6512
-2.1785
0.4657
1.7279
-0.576
1.7543
-1.5654
1.5762
1.59209
1.01142
0.23576
-1.82795
-0.67645
-0.22286
-3.8273
1.3474
1.1183
-1.8224
-0.29868
0.4843
-0.86239
-1.99087
0.22775
-2.98783
0.4288
0.6261
5.1556
0.1911
1.9089
-0.0998
-0.40554
0.0335
-2.0298
-0.7732
0.356
0.292
-0.5056
-2.867
2.14908
0.5965
1.1563
1.1049
-1.41936
2.168
1.73248
-1.50591
-0.67131
-1.3705
-0.8778
-0.7777
2.5983
0.5929
0.6196
3.57401
1.34037
-0.6579
1.84727
0.1033
1.1611
-0.04703
-0.3691
-1.5861
-1.2999
-0.2946
0.7094
1.14991
-2.684
-0.5439
-1.7255
-0.1595
1.4566
-2.3743
0.6498
8.2345
-0.00538
1.83311
4.5181
1.0283
0.1641
0.72547
4.4187
-0.67668
0.0384
-0.3588
NA
-0.91444
-1.2952
-1.1498
NA
-1.2059
2.00983
1.48892
-1.69192
1.08294
-1.43948
2.62938
-1.7526
-0.4066
-0.4488
-0.3268
0.461
0.88253
3.1405
0.2786
-1.7763
0.238737
5.40448
1.46323
-1.59092
2.1581
1.0051
3.66
3.50316
-0.0479
-0.36136
-2.77
-0.06841
0.679
-7.63904
-1.37912
1.2735
-0.5461
-3.3106
-4.89646
-1.0699
-3.05
1.0886
0.432
2.02
-0.697
-0.61691
0.799
2.08
1.64978
-0.808
-0.5064
1.2328
4.0335
-1.901
1.3416
NA
-2.29
11.5448
0.4452
-1.64841
-2.22624
-0.11797
1.6491
0.02198
2.7714
NA
-0.6264
-1.20645
1.50012
-0.1821
0.921
0.79179
-1.1747
1.8664
-1.2188
-2.6788
3.97604
2.208
-0.9227
-0.3585
-0.7144
0.43578
-0.93083
0.58299
-2.1591
-2.55899
0.0717
1.744388
0.34071
3.62053
-2.69834
-0.6622
-1.58348
-0.102
-0.68916
0.7001
4.5944
-1.8748
