-0.894
6.17434
-0.12537
-1.18189
1.8342
2.419
4.3757
-0.4932
-0.44282
4.83631
-0.98958
1.7968
2.3518
0.78791
0.8652
5.3713
0.3479
-0.9499
0.92362
3.09766
-1.0533
-0.4214
-1.4779
1.0316
-1.1059
-0.8816
5.3262
-1.18014
-4.59438
1.61373
-1.7944
-2.6737
-5.71386
1.6728
-0.0517
-11.58153
-0.80623
-0.47653
3.0374
1.1902
-1.06687
0.81171
-1.70595
-0.5071
1.95243
0.3195
1.1663
-5.4865
0.81536
0.66691
-0.2489
0.4507
-0.998
0.999
-2.58563
-0.68739
-2.5459
-0.7128
3.3021
0.49558
3.44391
-2.6191
-0.21844
1.34398
1.5006
-4.59727
1.73754
-1.7027
-0.63333
-0.36546
-1.1403
0.8483
1.6416
0.0537
-0.2333
1.01153
-1.4154
4.7945
-0.54567
-1.61427
1.45748
0.7278
-2.01458
3.02075
2.51451
-0.61203
-0.83039
-0.0971
0.36656
0.7272
1.61306
0.62708
5.768
5.12781
-0.8619
-1.5711
3.95223
-0.20045
-2.3635
-0.3373
1.71675
5.79412
-0.7213
-7.77703
-3.87356
-5.6
0.1443
2.6475
0.4358
-2.93084
NA
-3.78968
-0.8249
1.9123
-2.53989
4.9788
NA
2.22705
-3.4174
-3.26844
2.36557
-0.032517
0.5986
0.6571
0.2716
3.2165
-1.9306
-4.1396
7.49809
-1.18077
0.11179
2.4136
-0.3161
2.72046
0.8276
-1.9717
-2.2932
0.17921
2.4601
0.69212
-1.1931
-0.6235
0.58923
-0.5791
2.11282
0.12513
1.3074
0.53016
4.24289
-0.37377
0.7073
-0.18177
-4.11851
1.4034
0.2202
0.19968
0.7057
2.1352
-1.3651
-0.5507
0.441
-0.7045
-5.2646
-0.08571
-3.2296
-0.5297
-3.6684
1.20845
0.04595
-0.38499
3.7667
-3.2968
-0.2545
1.29671
0.93519
-2.05112
4.35699
-1.02162
-2.5403
-3.2429
-3.687
0.83503
-0.7385
0.28381
-0.96302
21.16946
-0.7548
-1.6086
-4.499
-0.5053
0.25154
-3.975
-0.4781
-0.1033
-1.6322
8.9614
-0.5737
-0.13334
0.46773
-1.0703
2.67783
-0.2571
0.65829
0.43999
-0.6207
-0.3778
4.78729
-1.0873
-0.0606
-0.11771
1.681
-0.39165
1.55338
-0.40876
2.3867
-2.0765
4.84013
2.3198
6.92924
-3.055
1.0561
1.2929
-0.2836
0.06699
1.55067
-1.7693
2.5837
-4.87497
-4.11981
-2.0716
-2.3965
0.4825
-1.577
0.9717
3.31014
-0.23609
-1.0645
1.65768
4.5449
5.42361
-4.1192
-3.14876
1.96517
-0.2304
-10.7095
-0.8542
1.3714
-1.2544
0.0812
-0.35248
3.3681
-1.06295
-3.88779
3.7903
0.24624
-0.6464
-0.20494
NA
-0.8013
0.1939
-0.9557
-0.72853
0.07762
-2.0756
-0.3636
-23.94683
-2.0558
2.6748
-1.167
-9.70257
2.78956
2.0831
0.52658
-1.29521
-1.19363
1.7554
-1.70507
-1.6113
0.7307
-0.56374
0.6435
-1.66062
0.27739
1.10681
-2.2232
3.62292
1.67872
1.36367
0.2338
-0.74008
3.21628
-2.7241
-1.2384
0.2881
0.6049
1.17749
2.76362
-1.20306
-2.8613
0.52823
-5.15945
-0.76304
1.6121
7.44609
1.8338
-3.46444
1.813
1.466
0.9056
-0.7447
0.8633
3.6564
-2.1711
-0.8628
-2.60363
-1.8745
-3.56063
5.79064
-0.3591
1.2437
0.5547
-3.74299
1.30571
1.89334
-0.5489
-2.87261
0.0438
9.9825
2.0072
0.3498
-0.803
1.87285
-1.74719
-0.2567
27.2433
0.15352
-1.05226
4.953
-5.2309
-7.78965
-4.54386
3.4336
-0.48144
2.73233
0.9463
-0.453
-2.21824
-0.5599
2.164
-5.6105
-0.32224
-2.3145
0.10488
0.00758
1.75504
0.83471
-1.8626
-0.39804
-0.205
1.74378
-2.96066
2.6404
0.916
-1.3176
-0.26242
0.85292
-0.4128
1.8807
-1.4265
-0.1728
1.10973
-7.77012
-1.40087
1.17271
0.47739
-0.7078
-0.8158
-0.4442
-1.319
0.03494
-0.1761
-2.3579
-0.3546
1.04822
-3.9474
NA
-1.6191
-1.6618
-0.83108
4.24415
1.00452
-1.12465
-0.42374
0.96879
-0.84278
2.9979
2.0908
1.67164
-0.8721
0.87162
-0.9063
0.65442
0.4294
-1.6416
-0.16495
0.061
0.25523
-0.19955
-1.22911
-0.34528
0.74407
2.8685
-1.3599
1.9208
-3.11655
1.0956
-1.79809
0.39553
-1.9475
0.9455
3.2978
-0.03604
-0.1508
2.106
-4.05041
-2.8842
-1.75503
0.5232
3.34215
0.2805
-1.59593
2.0445
-1.13895
-0.6465
1.11037
2.08828
1.99932
-1.0859
-0.528566
4.73977
-1.6354
-2.2153
-1.7607
0.1451
-1.59854
4.7403
0.67918
-0.76173
2.3767
-2.18235
-0.6243
0.7979
-1.14062
-3.68755
0.17014
-2.23657
-2.27166
-3.3827
0.23735
0.00843
1.07707
0.7842
-0.2365
-8.9518
0.2279
-0.85405
2.67039
0.0268
-1.86643
0.69701
0.6856
-4.1605
-1.4313
1.21724
0.99858
-1.7504
1.566
0.781
-1.3392
-4.27361
-2.191
-0.6559
4.53051
1.76972
-1.55366
1.4791
-0.10581
-0.8739
-0.7753
0.9076
2.40578
1.9271
-3.44414
-0.05945
-0.8979
-4.17427
-0.27381
3.5232
-2.4792
0.0953
2.31267
2.2716
0.5607
-3.40738
-0.6544
-0.0679
1.77108
0.21769
NA
3.32276
-3.3572
-6.8863
1.11835
4.41129
0.46776
-0.3793
2.1986
-0.2576
-0.0076
3.57346
-0.93821
0.5656
3.3768
-2.98735
-1.8795
3.07077
0.83132
-2.5396
-4.6718
-0.11766
4.13779
2.9794
-0.52799
-1.5789
2.73897
-2.71088
-4.34983
-5.17358
1.4865
3.3081
1.04561
4.3269
-1.20074
-3.14969
1.8997
-3.02718
1.32582
1.25636
1.59496
1.89924
1.5878
2.58621
-0.643
-1.95691
-1.70461
0.55962
-1.22754
0.41393
-0.45363
0.24996
1.9846
-3.3387
1.0855
0.44295
1.58102
-1.54687
1.0917
-2.98438
-0.4634
-0.72578
1.2389
-1.60162
-5.64626
1.52544
-0.9455
-2.69619
5.171
-1.9549
-4.1843
2.9683
0.60308
1.0474
-0.59217
2.2882
3.12361
3.74673
3.9632
1.48166
-0.5349
0.1327
0.5989
-1.71366
-2.2591
0.80705
-3.19567
-2.1083
2.7385
-4.53977
-0.9268
-1.2406
4.1572
-1.99224
-1.71087
-1.4868
0.37433
-0.12619
-1.5528
0.32559
-0.6501
-0.88224
-0.8566
-0.538
-0.0228
1.77384
-0.32494
0.7073
0.5634
1.12348
-0.9474
-1.59991
-1.31637
0.84121
0.6115
0.7051
2.14679
-1.5651
-2.44604
2.021
5.35368
-0.70602
0.0241
-1.9647
-1.1612
-0.3144
0.4567
-0.5319
3.876
3.0757
0.5064
-1.6453
3.3895
-0.0429
-2.2636
6.6653
3.3942
-1.2936
1.697
-4.1163
-4.5008
-2.035
-0.2911
0.2465
-0.2837
2.4011
-5.1065
-7.5199
-2.13
0.5509
-1.1493
1.3734
6.8186
-0.1402
1.8467
3.8404
-1.0033
1.5984
2.5465
-1.4493
-2.1599
-0.36775
2.0503
0.13278
-0.4309
2.0891
-0.1916
-0.0279
-0.6242
1.44541
-1.00387
-1.1467
0.174565
0.091775
-1.6143
1.078097
-1.921411
-0.5214
0.1378
3.424
-3.1216
-4.7137
-2.6065
-1.8082
-0.8809
1.1905
-0.1786
-0.3926
-1.1443
0.866
2.7188
2.1472
-0.7381
1.1044
-3.7493
2.5731
1.4979
-2.5522
0.6622
0.3209
2.4478
1.6858
-4.8179
2.339
-1.8856
2.9429
0.079
-1.5961
1.9773
-0.44
-1.6502
0.3985
0.8356
0.6196
0.4651
-4.941
3.2465
0.5821
-7.3528
0.6735
1.8325
-2.4669
-4.7485
-8.545
-1.9273
1.6366
0.2198
0.9609
-2.7859
-1.0354
-0.463
-0.3953
2.0485
-1.21223
0.44849
-1.74297
1.4241
-2.62796
1.08853
5.9098
0.36152
-0.42601
2.89295
1.59343
-4.30456
-0.73696
1.5356
-1.36882
3.4272
0.24168
-0.07167
1.2927
-2.17355
-0.6266
-0.15609
1.21035
-18.24939
-0.98457
-0.07849
2.11375
1.22677
0.0304
1.56631
-0.2549
1.56835
3.8452
-2.64201
0.3424
1.5923
-0.33511
-0.9243
3.1196
1.4833
0.34156
0.93351
6.5437
-0.46384
-1.87078
-1.2964
1.64971
0.7137
-0.8842
-1.40291
5.2914
-0.2424
1.07438
-0.3746
-0.4849
3.42941
1.16089
5.6828
-1.698
1.4212
1.78016
-1.4107
-1.4144
-1.8867
0.67308
-1.47651
0.12591
0.46667
-4.327
4.07988
2.46432
-5.3898
-1.23115
-3.9602
1.0371
-12.65541
0.66411
-1.87955
-2.53673
7.6992
-0.15229
0.74066
0.001
-2.18577
-1.95783
-0.2045
-0.0172
2.58785
1.2979
0.16365
-1.03814
0.10388
0.7083
0.78295
1.03394
2.20314
-3.40675
2.61239
-1.5388
2.02941
-0.8402
0.04494
-0.12679
4.92405
-0.13499
-2.09136
-0.42001
-1.4664
3.2592
3.62349
2.79649
0.1459
-1.17582
-1.27815
-0.02847
-0.66132
-0.99868
-1.2825
-4.29711
24.18309
4.01899
-2.12531
3.4388
-1.49993
-1.04566
2.7241
-0.80829
1.0738
-2.5219
5.0145
-0.7253
0.11949
-1.1057
-2.6987
1.03975
-2.02944
-1.86875
1.33347
0.64825
-0.90133
1.8198
2.3758
1.18243
2.77848
-1.6318
0.64206
1.79996
-2.3966
2.17222
-2.292
0.15669
-2.8508
1.49576
1.43353
-5.4162
0.0961
3.7885
-11.9125
-1.533
1.9369
-1.41523
2.42084
-0.1087
1.07877
0.81389
-1.11883
-0.63589
-2.8522
3.0176
0.6543
4.49878
-4.2423
0.50738
-7.75772
-0.38324
5.27656
-1.8941
1.8476
-2.6995
-2.31108
1.22786
-1.25491
-0.05887
-5.3607
1.1159
0.84287
0.9769
-0.9719
1.4519
2.7325
-0.6866
1.5898
-0.0289
1.1288
3.2672
0.1331
0.0813
0.8825
0.5786
0.0079
0.3085
0.0782
-7.32602
2.0649
1.7438
-0.2583
4.97293
0.8126
0.58732
-1.66077
-6.2035
3.10077
-0.83996
-0.88716
1.19109
-1.43683
-0.51705
0.7682
0.72782
0.80324
2.00673
2.95583
2.34133
0.4069
1.9662
0.73777
-0.30736
2.38413
1.74043
1.60211
2.78838
-2.11807
2.3086
1.4571
-3.15702
0.50292
0.71043
4.586
0.62177
9.26305
4.352
-0.31069
-4.3934
2.02046
1.4532
1.89573
-1.8733
-1.6721
0.0173
-0.53273
-4.46424
-2.8821
2.8858
0.1959
-0.39385
0.3652
1.1849
1.55062
-2.19231
-0.78971
-0.6053
0.00793
-1.06266
-1.19816
1.6933
3.61536
1.6285
2.9434
6.89183
2.0345
2.02753
-1.14267
-0.00189
3.7615
-1.7986
0.69816
0.3847
-0.32323
-0.04135
-0.33023
0.3346
-2.47982
2.85858
-1.9782
-0.11699
-0.9249
-1.7463
NA
-1.06127
-0.10627
5.5127
NA
NA
-1.3564
NA
NA
-1.2372
2.15539
-0.73539
-1.4822
2.18097
-4.07025
-0.49773
-2.35308
NA
0.173
-0.06785
-0.2139
-0.7665
-3.8322
3.8515
2.2919
0.621
1.0568
3.1363
-1.67
3.0136
-1.9346
-1.6055
-0.9133
0.9511
0.3136
-0.3602
-2.9679
0.9001
-0.0588
-2.5164
-11.8172
0.6475
-9.5336
-3.3334
-0.29135
-1.90306
-2.9291
1.40445
2.06423
2.5613
0.8098
0.6643
-3.5717
-0.675
1.7857
-0.22021
0.4527
1.69962
4.73704
-0.16814
-3.1033
2.32534
-1.3405
-0.64039
0.39117
-3.93186
-1.2326
10.07973
2.5605
2.7553
0.94315
0.92822
1.41422
-0.92
1.7834
3.1559
-2.42839
61.3342
0.02692
-0.03
1.86356
-3.1647
3.5478
-2.4837
4.00285
-0.847
0.18864
-0.34434
1.9105
0.3924
0.28413
-0.35485
1.1221
-1.4012
-1.377
1.6397
5.721
-1.07942
-0.42699
-1.1417
0.26074
0.8295
0.68712
-1.4141
-4.5031
2.1758
1.6528
-0.73619
2.64294
-2.59275
1.85881
1.4219
1.2192
-7.9801
1.27309
-0.42512
-0.9553
1.42203
-1.625
-0.3349
-0.24108
-1.1364
-1.03866
0.77723
0.4315
0.09555
-1.1623
0.97052
11.5539
-1.38414
-1.39374
-1.38912
-0.6859
-0.18223
1.11746
2.1421
-0.6743
-0.93833
-0.66516
0.47202
-1.0927
0.3579
3.86591
2.5817
-0.5946
-1.01146
3.3609
-0.4573
-0.35055
-1.57328
0.3868
-0.82881
-1.2649
2.43223
-0.29578
4.4309
0.32367
-1.9571
-7.12
-0.468
0.21513
0.0806
-3.21692
8.96984
0.24759
-2.5871
-1.7534
-0.27296
1.26841
2.2507
-4.5478
0.20101
0.76418
0.1132
-1.20499
1.87308
-1.53142
-1.28976
0.1607
-0.13941
0.94147
-0.69379
-1.74788
9.42944
0.65664
8.14178
-0.9612
-2.9983
0.5748
-0.2111
0.2106
-0.56873
2.5573
-0.63048
2.71346
0.19461
0.05983
1.48306
-0.71345
2.6902
1.5018
0.32791
-2.84637
-0.4255
2.1212
2.233
0.24321
2.24202
2.6916
-5.19
0.02592
-1.35681
3.5559
-4.6602
-0.25193
-2.01176
-1.4908
1.16789
1.0839
-4.35064
0.05814
-0.7288
-3.1233
-0.90782
-0.1358
-2.3216
1.8681
-5.33571
0.97752
-1.41281
-5.42725
8.28239
-2.22204
-1.33318
-0.48271
1.0355
5.1366
-0.7317
-2.6521
0.832
1.06877
-2.1425
-2.26951
1.445511
-3.789257
-1.833842
1.3979
-0.40264
-1.58889
-0.04422
-0.0452
-2.76456
2.32471
-1.79036
1.2821
-7.6369
-1.8178
-0.6034
-0.4734
-0.8578
-1.11972
-0.73027
1.1182
-2.6904
1.50528
-7.6661
-2.183552
0.8859
1.229
1.2085
-2.77809
9.3614
-5.6949
-0.5885
0.51022
-0.1038
0.8583
-0.66008
-2.8485
0.03124
3.655
0.94969
1.861
-3.3142
-0.70949
-1.1498
0.64723
0.3114
4.27904
-1.3405
1.7221
1.31902
0.01762
0.76878
0.1769
-0.3844
-1.9753
-2.14588
6.8475
-0.0646
0.969155
-1.61
0.2459
1.37014
1.1126
-2.25745
1.14247
-0.82418
-1.39037
-0.33922
-5.50472
-4.6895
-1.0851
-0.3211
-0.2177
-1.1104
-0.9816
-0.4012
0.4836
3.29333
0.3207
0.6131
0.0604
2.5892
-3.0128
1.6358
-0.3913
-1.6511
-0.9386
0.1903
-0.4686
1.83765
2.85625
1.47431
2.42003
-0.3031
NA
NA
NA
NA
-1.98697
NA
NA
NA
-2.89397
-4.63657
-1.56122
-1.8587
1.03566
-0.95054
-0.1728
5.38684
-0.34599
1.3918
1.531
-1.0762
-0.503
-0.565925
-0.59698
-0.9697
-0.1919
-0.40361
-0.1958
-0.75408
-0.2474
-1.09872
1.70425
1.4825
1.0592
1.9374
1.2239
1.35049
1.27491
-1.05524
2.17578
-1.3738
1.6107
-0.7752
1.2736
2.6373
2.8201
-0.1692
-0.9457
-1.5154
-3.0007
0.2041
0.153
1.2063
5.15699
-2.6143
-2.705
4.11981
2.22821
6.9135
1.5963
-0.0357
0.120159
2.7718
-0.2022
-1.7012
0.3563
0.65783
0.5642
0.73957
-2.9581
-2.1454
6.68414
-0.56429
-0.1945
0.61803
-1.9764
0.99587
1.4134
-6.8107
-0.9321
-0.061
0.93162
7.5932
-3.94334
-1.15927
3.0809
0.5537
3.96656
0.0055
-0.96636
2.8178
-0.053
2.4942
-2.06297
4.4106
-0.84834
-0.19357
-3.8725
-0.96286
-0.7162
0.7501
1.7426
-3.0847
-2.318
4.75444
-8.8585
-1.12662
4.1451
0.4463
1.0971
0.24465
-0.64768
-0.0177
-0.09097
-2.0877
-0.59007
1.846
5.94072
-0.1558
-2.48205
1.82826
2.9794
2.75418
-0.643
3.28765
1.33782
-0.79637
0.044
-0.112
2.09165
-1.63702
1.1866
-1.86596
0.32902
2.04738
1.94714
0.06455
1.75481
0.06597
2.5539
3.067
-0.6116
-1.6241
-0.3024
0.0721
1.6895
-1.3932
1.981
0.206
-0.5995
0.4935
-0.7089
-1.0737
-2.32694
-3.38084
-0.49187
-0.63816
-3.38819
-1.29367
-2.0607
2.33049
1.1051
2.68326
0.78488
1.42267
1.7476
0.54387
-0.1016
-0.05783
-0.1641
-0.5208
-1.3638
3.57587
0.2777
-3.00757
-2.75805
-0.0535
3.48078
-1.72571
-2.3055
-2.290118
-1.18729
5.71788
-0.11554
-0.6151
-1.7123
-2.5444
-1.3634
-1.37511
-2.4995
2.4521
-2.22666
-1.97484
0.6372
-0.01396
1.86407
-0.12412
-1.6445
-1.95687
5.90317
0.44528
13.4146
-1.6477
-0.59407
10.00539
1.2611
1.2579
-0.2044
0.12302
-0.38091
0.99165
0.6963
0.1409
-3.8611
-2.422
1.0233
-1.0154
-0.76
-0.3201
0.94392
0.88011
2.27718
-1.7436
-1.5992
-2.545
1.02371
-1.10845
-0.83641
1.26307
-1.60811
-2.90484
0.7952
-0.4353
-1.25565
0.5769
-0.4376
0.1643
19.1683
0.9199
1.5655
2.6474
-0.6168
-2.2851
-0.00155
0.7648
-3.3042
-0.8167
-2.4894
-0.4228
-1.23911
0.23153
0.65184
0.4664
0.7253
-0.6757
-0.71917
0.6734
-4.19716
4.2594
0.50698
0.24982
-1.50521
-0.19202
-1.47254
0.5193
1.4298
0.1637
-0.49691
-0.4936
-2.115
3.44884
3.28145
0.20712
1.03158
-0.7773
-8.93719
-1.56973
-4.37468
-2.1468
-2.8536
-0.6447
1.6702
0.6963
-1.5641
1.2365
1.43193
-0.96583
-6.0857
13.1294
-1.3009
-0.26884
-1.689
-2.1902
0.92062
-2.02343
-2.2027
-2.2027
-2.15634
8.05344
-1.536073
1.3437
0.781717
0.921558
-1.39221
-2.0758
0.00904
-2.54841
-2.05715
-1.21923
1.52777
-0.57506
-1.33814
0.50067
2.80093
0.81456
0.32023
-6.0249
0.7621
0.9136
3.88023
4.0167
0.15488
-1.95202
0.7891
-0.1339
3.723
-2.6393
-0.72629
-0.22708
-0.59631
-0.9369
5.93805
0.3723
2.45897
-1.5026
-3.76292
-1.80507
-0.70242
0.38321
0.2374
-0.01415
0.60362
0.28911
0.0735
-0.2297
0.914
2.7621
3.23083
-0.32544
4.63115
2.87228
-2.52293
-1.211
-0.7893
-13.3972
-2.55737
5.39876
-3.30274
2.21663
0.93893
0.6309
-3.50597
2.46996
-2.7041
-1.1388
-2.616
-0.8392
0.6998
0.366841
-0.9697
-0.1132
0.1702
-2.31082
0.3756
3.0452
-6.335
2.72639
0.78934
-0.46978
0.45711
0.1116
1.5917
-0.1256
0.32189
-0.34972
-1.68045
-0.06066
0.39856
-1.10565
0.5129
0.81965
0.76806
1.66914
-0.0712
1.7241
1.12073
1.30322
2.63555
2.10415
0.79838
-1.9039
-2.04168
4.19746
7.4877
-2.78173
0.62526
1.5187
-1.65218
1.1572
-2.1874
-2.28384
1.2007
0.4439
0.6116
1.2273
-1.7626
-0.4992
0.64477
-0.65435
0.02336
-2.31851
1.10228
-15.6236
-0.6103
0.47885
3.04186
-1.68117
1.2316
6.5887
2.1176
0.17769
0.64826
3.57315
-1.47848
-2.00165
0.84817
-0.37475
0.03494
1.122063
-1.363815
0.638564
0.937812
-1.4619
-0.91018
-3.401655
-1.85673
0.94136
0.40393
3.46248
-1.8333
1.6865
-0.22618
-1.9933
-0.86825
-1.93321
4.3843
-2.6651
4.3443
1.15072
-4.3475
0.11625
-0.8961
0.28914
1.14762
0.186
3.65077
-1.73675
0.0648
0.23585
1.74927
1.7622
1.87376
-2.1239
-1.3412
0.25962
0.5665
3.19088
1.43878
0.98164
2.6424
-2.9804
-1.3377
3.38894
2.08039
-1.21221
NA
1.4017
-1.85562
NA
-0.49264
1.68663
NA
NA
NA
NA
0.7192
NA
-0.9096
-1.9781
1.4982
1.47761
-0.28144
0.26495
2.0376
2.99201
-0.30478
-1.076
-0.12475
4.46429
-0.74063
0.6886
-0.0511
0.035
1.8933
-0.7331
-2.5179
1.5198
-1.7204
0.2458
2.1081
2.3007
-0.1526
-4.13373
-3.7375
-1.8125
0.66178
-0.1751
1.7834
3.20792
-0.24673
-0.91326
-1.14621
0.61893
1.8694
-0.3702
3.04463
-3.1094
-4.36287
0.3767
-0.17638
-0.80846
-0.21643
-0.63517
-0.54834
-1.2044
0.8033
-3.44483
-0.71121
-0.40277
-0.22829
-2.33183
2.94355
2.18437
-0.6907
0.3905
-5.7517
0.0223
-2.9677
-0.394
1.3118
0.6026
0.6876
-1.2253
-2.5952
-1.5792
0.2574
-1.4186
1.098
4.59194
-0.30712
-1.04511
-1.9106
-0.25585
-0.7093
-3.00727
0.54046
1.7189
-2.54517
-2.75082
0.4754
-1.0732
-3.9449
-3.57114
-1.0392
-0.2988
-1.06118
-1.724259
1.2334
2.30468
0.03758
1.05502
-2.1512
-3.05163
3.47546
0.78911
-1.05444
-2.6821
-0.56206
-1.8946
0.7032
1.21179
1.3002
4.8734
1.39669
3.6379
1.83965
2.52404
0.28837
1.9605
-2.909
-1.2222
-1.1135
0.6932
-3.6555
-0.3095
-1.817
-1.1812
1.0242
-1.1307
1.3431
-3.5482
2.0327
-3.4698
0.9858
2.1265
-2.0558
-0.6541
-11.0246
-1.3301
-1.5124
2.3946
-1.2879
-1.9881
-1.8145
2.2571
-0.1313
-0.0753
-1.8625
-3.5953
2.9427
-3.9409
0.5422
-0.7057
0.4061
0.9368
1.0344
-0.0237
1.16937
7.53913
1.471
1.79007
-1.9399
-0.5094
-2.52045
-0.8492
0.30866
-0.81604
-13.9266
2.79585
-3.3837
-0.37145
1.26938
-0.23483
-0.53526
2.1909
1.3994
-5.24301
2.436
-0.99248
-2.7589
0.92159
4.75305
0.02509
3.0607
-0.0557
-1.16434
5.0049
2.66839
-4.2183
-0.59099
-1.327
1.25317
0.00606
1.90894
0.3094
1.22251
-2.4443
-0.6779
-1.6613
-0.79115
3.5541
-8.02464
0.4413
-0.0676
2.4975
-3.1821
1.9157
0.03534
-3.10442
0.887
1.01833
-1.90791
-0.4334
-1.19323
-0.7288
-1.5965
2.00156
-1.1721
-2.78375
-1.62643
-0.55803
-0.18433
0.1283
-1.56816
1.8297
-1.9337
-0.92853
1.3478
-3.13643
-0.8749
-1.90662
-1.7349
-1.4834
1.27815
-0.0607
-16.88185
-5.10141
7.90527
-17.47534
-4.51704
-10.97498
-13.34328
0.6546
13.94799
-1.33103
-0.47101
1.3618
0.6176
1.4581
2.8319
0.85516
2.7986
1.62969
0.90042
1.8264
-0.1033
0.30015
-3.6267
1.3281
1.00577
3.50049
-0.83692
-3.2708
0.53036
1.56793
0.1293
0.3836
1.87033
-4.22161
-0.68057
0.10207
5.24871
-0.66083
0.07148
2.5166
0.71324
-1.08864
-1.08563
1.6831
-1.05999
-4.30788
-1.16363
-1.09571
-1.3252
-2.61553
-0.0124
-2.91163
1.26783
-0.5102
-3.17152
0.3529
2.33434
-1.1492
4.8255
0.4063
2.9431
-1.0623
1.3174
1.9054
1.5664
-0.1829
0.0891
-3.0871
-0.3078
0.6608
4.7609
1.7046
-3.1492
-3.0776
4.323
1.0499
-2.0211
-1.6538
1.5351
-0.0539
0.0452
-0.7114
1.429
-0.4897
NA
-0.6086
0.40154
-1.9479
2.675
-0.6181
3.0263
NA
-1.21306
-3.79588
2.46591
2.67725
-0.40436
-6.1636
0.7038
-0.6406
-2.6646
-1.74102
-0.45436
0.25924
7.47283
0.04755
-0.73149
-2.71924
-5.04586
0.2606
3.23748
0.33681
-0.75921
3.69515
1.72855
-3.36589
4.6211
-7.6871
0.9106
-1.28482
-0.82029
-2.32946
-0.63529
3.9633
0.02301
-1.16376
-1.34626
0.74791
-1.02607
1.3497
0.0835
3.04323
-0.02698
-0.51052
1.51483
-6.41695
-0.3255
3.5431
-2.3438
0.7964
0.7516
0.35397
-1.68731
-0.3617
1.9905
-4.54815
0.56955
-0.04705
0.45678
-2.0905
-3.58861
1.6871
0.3894
5.1719
1.3812
0.29147
1.02486
-1.76702
-0.1994
0.51262
1.90308
-0.6483
3.1336
-0.9227
0.12355
-4.58721
-1.75912
0.52687
-0.1701
2.34264
0.57616
2.55107
-6.7696
-0.17186
2.60542
-3.08301
0.4219
-2.0204
-2.5199
0.4052
3.89549
1.9943
-3.0753
-4.76477
-8.3285
1.07312
0.493145
0.98009
2.1272
2.2363
-0.8799
-0.39334
-3.359273
-2.3141
-1.21003
1.009
-1.573
-2.00816
-0.85303
1.24386
6.8475
-1.6721
4.46347
-1.56606
0.79323
1.021
-0.348818
-0.1417
-5.61625
2.21638
-5.53772
2.27128
0.6551
2.4712
-0.8662
-0.57096
2.846
0.2914
2.2183
-0.73876
-0.1204
1.02392
-0.9703
1.77275
-1.1558
-0.7594
-4.2349
-2.89398
0.1751
-2.66276
4.0992
0.1627
2.05384
-0.56275
7.34358
8.49168
-0.3704
3.1009
-2.2816
0.5068
-0.3392
-0.2618
0.7532
2.02902
3.1838
2.36826
1.21039
-5.3528
-0.6936
-2.5497
-2.4611
-0.2449
-0.39366
-0.000194
0.94912
-0.897573
-3.30862
-2.12432
-2.0723
2.56563
1.7382
1.2153
1.3803
-2.4027
1.2158
-0.5945
0.66075
-1.82863
-2.7865
0.57364
-0.3307
1.26689
1.3929
-1.8692
-1.96436
-0.10299
2.0662
-2.5964
7.51825
2.552
-1.14792
-0.2567
-1.2984
3.597
-0.3023
-0.6657
-1.3663
-11.04315
-1.96913
0.1617
-2.63295
-0.1553
-0.04304
0.9186
0.29222
-0.76049
-2.6183
-0.29132
-0.3899
-2.6331
-2.5013
1.4748
-0.662
3.73064
-0.4672
-0.3926
1.49451
4.99401
-1.62927
-0.13992
0.02602
-2.6321
-0.9584
1.85939
0.0828
-0.55982
5.50009
3.7985
0.7004
-2.589
0.62117
0.8814
0.1158
-0.18858
2.5747
-0.1737
2.52501
0.83591
-2.03467
-0.29394
0.39598
1.35381
-1.327
0.58742
-0.3163
3.2274
1.4614
-0.3803
0.8001
0.3829
-2.9179
6.43084
0.88074
1.2726
-0.6092
-0.6424
-0.2033
0.60068
3.93842
3.166
-1.47562
0.057
0.89899
-2.36414
-1.7552
1.1497
-0.0582
-1.1711
-0.04849
-1.3997
-0.3762
-1.3058
6.383
-1.8226
-0.71732
-0.2504
0.9238
-1.3271
0.5086
2.68986
0.4728
-0.0335
-5.9295
-2.2524
0.6491
-0.977
-0.32979
2.00777
2.2648
2.0181
2.0803
1.45133
-0.04215
2.2558
0.796
2.2545
1.4977
0.46293
0.92796
-0.63402
-1.91738
1.10838
-2.22963
NA
NA
2.3208
-0.51368
0.3984
-0.3421
-0.26672
0.30891
-0.37003
1.569
2.09632
1.19011
-2.1016
0.3494
0.3272
-1.0216
-2.92642
-9.3563
3.3688
5.0225
1.04918
-3.63236
-2.0769
-1.3217
-0.54532
1.99491
-4.162
-0.89946
0.9791
-1.3462
1.596
-6.29196
-3.44003
-4.30881
-1.54993
-2.6398
1.2891
0.59284
1.6716
0.7972
1.56533
0.2465
8.8485
-1.1287
0.71518
-2.75594
1.0955
0.4659
0.4267
-0.4729
1.3428
0.6505
2.5679
-5.93303
-3.40014
-1.6137
-0.244
-1.82761
2.10898
-2.88735
-2.04052
0.4921
-1.1259
-1.5803
-0.1135
-3.0285
1.5129
2.3732
-0.2731
0.9801
0.1908
0.1413
0.9852
-1.3377
-0.5634
-2.38828
1.014
1.0499
1.1091
-1.1426
0.9113
1.6699
-1.656
1.609
1.3389
0.8961
0.8415
-8.81274
1.9213
-0.6327
-1.04221
-0.8106
0.84474
1.76505
-3.86787
-1.6764
8.59054
-2.2924
-0.8429
-3.25138
-1.3055
1.5877
2.29345
1.6346
1.376
-6.85969
0.16341
1.45987
3.56412
-0.24107
1.1589
4.50198
4.06737
-1.4449
-1.48165
-1.47557
3.03847
0.3696
-1.51882
1.54573
2.4136
-0.78751
-0.65642
1.33753
-3.217
-0.04963
-2.4884
-4.8326
-3.47217
-3.2925
0.91174
1.87613
5.7235
1.3994
1.3994
-1.55848
-4.2697
1.6572
-1.9125
1.2668
-0.8915
0.4208
-0.0468
1.62292
-1.42404
-2.277
-2.5335
-0.0468
-0.26851
0.1639
0.97495
-1.86804
-0.6673
0.30114
2.59118
-0.15983
0.05482
1.9036
0.4784
-4.35984
4.19976
-0.3189
0.76782
-1.1269
-0.3635
-3.6803
0.24846
-0.71068
-0.99135
-0.83899
3.74185
-1.54163
-2.13816
0.8659
0.9761
1.6945
-1.67276
-8.7495
0.4745
0.4076
-3.75578
1.44467
-0.4266
-0.6754
3.03712
0.73585
-2.17867
2.69893
1.57723
7.6541
-0.92233
-0.35007
2.3914
-1.0154
1.13504
0.7468
7.27774
7.54457
-0.7051
0.1266
-1.32818
-0.1573
-3.1973
-0.22515
-1.21509
-0.14743
-2.6007
-1.56823
-6.3788
0.11838
1.235
-1.93137
2.1906
0.15304
-0.45009
0.7375
-2.8199
-2.1264
1.799
0.0918
0.2925
3.68766
-0.00323
-1.1546
0.3533
0.9372
-0.19136
3.76327
2.6203
2.13455
0.72052
2.0045
0.3301
3.43852
1.03933
2.14818
-0.11641
-1.22314
-3.55335
6.58999
0.2008
0.3057
1.02529
1.0286
-3.22843
-11.72135
2.38005
1.1294
-0.74805
0.8021
-0.5662
-2.2563
-3.9865
8.46354
-1.1042
-1.6357
3.9477
-3.4526
-0.81076
-2.0151
-2.1627
-6.42
-0.8933
0.4489
-4.5888
-0.6096
0.259
0.8714
-2.8943
0.2639
-0.6866
2.4309
-1.6029
-1.7059
3.0632
-0.9436
-1.5108
0.8209
-0.5787
-0.4754
-4.1104
-1.0446
-0.3901
2.3219
-0.5079
1.1269
4.4495
-2.1715
1.8806
-0.2999
1.07
10.2034
-1.5639
-4.33068
-0.77532
0.25901
2.95053
-3.0502
-0.4736
2.6295
-0.4896
-1.31244
-3.5731
-5.3291
1.75299
-1.68042
NA
1.1532
-2.18915
2.6223
2.40047
-0.74914
0.5668
-0.8645
0.77268
-2.6715
0.34687
5.57126
1.2988
-5.82162
-1.75328
0.90689
-1.28003
-0.16043
0.23455
-3.6898
-2.12558
3.26692
0.9339
-1.14843
0.7105
-7.5232
-1.5711
-0.07729
0.331237
3.7052
-0.3375
0.57447
0.01636
-1.41385
-0.59922
1.284
-0.6687
0.87641
-0.38707
-0.12364
1.1176
-0.34131
1.2166
-0.64817
1.49136
2.92095
3.3684
0.6862
-1.05
-2.03387
-0.7387
-0.9995
1.80904
-1.7835
1.05903
0.1571
-1.4416
-0.5662
-0.27832
1.4773
-2.68368
0.6975
1.0349
-0.9451
-0.4279
-0.9974
-0.36244
0.1136
-0.6378
0.664
4.5008
-16.8822
9.5189
0.69733
-2.2413
2.1962
-1.1211
-3.2587
-0.27573
-1.11387
-0.96295
0.90374
-1.0913
-1.15864
0.82679
2.1368
-1.73841
-3.46742
-1.524
-4.1363
-2.0653
0.3478
1.8574
-0.29573
2.62388
-1.4361
-1.1344
-0.0183
-2.5536
2.33507
-0.08567
-1.6113
2.323
-0.83987
1.7915
-0.3629
1.4872
10.6856
1.6423
2.2856
-4.0263
8.5574
-1.1935
0.9595
0.2561
0.1096
-1.2073
2.6849
-10.65351
-1.1048
0.2715
-0.0386
-0.89589
-4.12569
2.2029
0.1993
1.83492
-1.30014
-6.372
0.8588
-4.81904
1.0019
-3.1771
-0.1997
-0.49068
-0.14136
-0.5037
-5.1584
-2.8331
-2.43738
-1.14784
-0.8844
-2.8614
-0.56486
-0.62882
0.6615
-0.2277
0.63978
0.1227
1.7526
3.5349
7.4797
-7.61642
-4.1767
-0.85287
7.3074
5.0848
1.9333
-1.00001
0.9821
2.42718
-0.6119
-8.1492
0.01048
-1.33586
2.0758
1.44468
-1.48423
-2.86422
0.72132
-0.88716
-0.08771
3.18533
10.7456
0.6796
1.8449
-0.02216
1.57397
4.57286
-0.62255
2.29985
-0.92164
-0.63548
1.4333
0.57613
-3.76147
1.4486
1.14002
0.84158
1.16692
-0.10644
-5.2265
0.2002
-4.97991
1.47781
-0.7549
4.0754
3.4483
-0.2559
0.3448
0.8123
-0.69349
2.3695
-2.7896
-4.97896
-3.22655
10.9168
-0.4642
1.3034
0.4654
-0.47213
-0.44528
0.60837
0.25537
-1.1928
-1.055
-0.59249
1.45281
NA
-0.9891
-1.5295
0.94434
3.1793
1.94793
0.74569
7.958
4.01821
2.4578
0.42973
-1.00644
0.0461
3.97018
-0.66252
0.9731
7.35737
0.2219
0.6063
-2.19
0.8483
-0.50725
0.62875
1.72422
-0.8278
0.7129
1.6194
-1.7028
2.8214
1.10204
2.0606
-0.9206
-1.880713
2.28961
1.13936
-2.1022
0.6423
-6.2326
1.5358
0.5123
0.04768
0.3118
-0.0606
2.3993
-0.7848
-0.36803
-1.188
0.35863
-12.3692
-1.68224
-1.08962
-6.5791
1.2829
0.2148
-0.38709
-0.00299
1.561
2.62078
-1.0808
-1.4198
1.3838
-0.6469
1.1017
-0.34992
2.3252
0.60552
3.21444
0.4618
1.92762
-1.8534
1.27903
-9.8249
1.5098
0.27595
-0.8535
-1.3797
0.2099
0.1943
0.957
0.0682
3.6675
-0.5423
1.65162
2.0925
4.7096
-1.03923
0.53239
-2.5292
1.89553
-3.46446
-0.8012
0.66057
-0.00676
-1.9789
2.7605
-0.8994
-0.07592
-2.87143
-1.9348
0.70343
1.5018
-0.4446
2.5966
2.5043
0.22359
-0.8132
-1.5398
3.19267
1.2823
-0.61215
0.874
-2.4966
-4.82959
-0.6411
0.41856
2.73148
2.638
-1.39141
-0.1968
-0.78694
-1.07411
-0.692
1.9982
4.63401
0.4889
-0.1637
-2.46757
2.2015
-0.04626
-1.42028
1.90506
1.02067
-0.245
-0.3028
2.25835
-0.33256
1.57565
0.98844
-0.99853
-0.33107
-0.8655
2.5868
-1.59138
0.2969
2.2227
-1.8543
0.68996
4.02781
0.50267
-1.1184
-1.5905
2.2313
-1.42641
2.0965
0.8509
-1.1575
-0.62545
-3.1375
-0.40793
0.2185
-2.3508
-3.2518
0.75066
2.5082
0.11022
-0.4636
0.4982
0.90979
1.27193
2.1706
0.18346
-5.3765
1.8458
-0.45873
1.26908
0.6727
-0.1048
7.83731
-1.31434
0.52813
2.313
-1.81636
-1.1756
1.4176
1.1027
-0.52366
-1.7452
1.55045
3.8188
-1.0351
3.7807
-4.17465
-1.3112
0.1047
-2.24642
-2.1087
-2.30805
6.3484
-2.35597
-0.773
-1.0023
0.5114
1.287
-3.37776
1.6668
1.33448
-0.94737
0.1455
3.08074
-0.4573
-2.9815
-6.76816
1.7277
-2.74252
-4.7889
-0.0438
-1.2626
-0.63093
1.5819
-0.36244
5.80771
1.56097
-2.62397
2.54551
0.14881
-0.459
-2.6152
0.3167
-0.30252
1.59596
-0.55075
-1.3999
-0.4049
0.86502
-1.31821
-1.81138
2.19028
0.707
-2.05647
-3.66484
-4.0171
-2.22853
-8.99171
-1.6638
-3.81684
4.03642
-1.1113
4.09913
0.42069
-2.8889
-1.89128
0.105
0.6351
-6.3059
-2.00999
0.08453
0.647
-0.84549
1.22
0.9414
-4.1462
-3.63562
2.70686
-0.1997
-3.94102
-1.90289
-0.6939
2.661
-7.1941
9.62167
-2.0427
2.1684
0.76697
1.20833
-1.9774
0.6988
0.6988
4.80984
3.1386
1.17505
-0.39873
0.7648
-0.3169
-1.25822
0.9941
2.07454
0.7761
-2.38036
0.94022
3.6263
1.8602
-1.1758
2.37148
-0.15872
-0.2328
-15.86991
-1.9278
2.6503
3.41027
0.8051
1.0946
-0.928
-1.67644
4.86671
-1.62808
1.5573
0.4166
-0.56663
-1.7589
2.0853
-0.31002
12.63432
0.43941
-1.27927
-2.5756
2.21157
-2.9586
-1.95212
-1.9463
1.26775
-5.84542
-5.18011
0.84584
-1.06968
1.9907
0.07
-0.3298
-2.1413
0.7431
2.11293
0.00743
-0.4106
0.5474
-1.4148
-0.9938
3.16123
0.7471
0.8955
0.6737
-1.1369
7.83863
-2.6348
0.00251
-4.77855
2.1927
-2.6624
0.71713
-1.041
2.3264
0.71476
4.93368
8.118736
-0.27496
4.65459
-2.37997
3.44199
-0.18357
2.8307
-0.3891
-2.53199
-3.3919
-0.0464
1.5419
-0.29053
0.83322
-1.56672
-0.85684
0.53684
-0.626
3.43807
-0.5269
-2.1291
-1.9747
0.60866
-3.65213
-4.8435
-2.64223
-2.1444
0.3466
1.07122
-0.83444
2.61992
-4.608
-0.66554
0.41838
1.97487
-0.3653
0.01282
-0.79448
-1.39818
3.1336
-3.51362
0.73348
-1.34164
-0.9966
1.424
-1.76496
-3.73236
-0.37929
-0.13288
1.5634
-1.1977
2.28568
-1.07359
-1.4894
4.8508
1.3153
-1.2201
-1.15072
-0.67192
-0.59674
0.34308
2.28341
1.0767
-0.7381
0.19933
-0.44473
-0.10066
0.5885
1.7295
-1.01426
3.33675
-4.18499
1.90568
-2.40029
7.84197
1.30653
1.51139
-6.04874
0.27454
0.5439
6.08639
-1.63618
0.7965
-0.81439
-1.4576
0.63298
-1.3793
3.61885
-4.32252
-0.3208
1.77521
-0.1917
-4.74711
0.6455
0.02352
3.93343
3.9579
1.942
9.03874
1.75769
3.56469
3.44144
1.6841
11.5225
3.10748
-2.0522
1.27857
-2.51333
-1.4298
2.71206
0.86836
-1.6834
-3.1793
3.1823
-3.993
-1.3041
0.11566
0.82488
4.80939
-0.8541
0.8607
NA
-3.1034
-1.82791
3.28957
3.1994
0.45348
2.23024
1.2289
-0.65512
-0.6501
1.6302
-0.722
-1.15114
-2.36459
1.6298
1.2716
-1.86654
0.0939
-0.58118
0.7132
-0.5859
0.4608
-0.90101
0.2961
1.35956
5.17407
-1.0472
-1.16422
-1.4614
2.81636
-4.3541
-1.6732
-0.878
-1.80395
5.2729
-1.1956
3.24462
-0.5547
-0.24166
-1.94836
-5.05465
8.2387
1.3441
-0.00724
-0.4838
-7.5061
0.0815
5.98456
-0.0222
1.92499
0.11838
-2.011
NA
2.58208
-0.13946
-2.7097
20.7397
NA
-0.7481
-0.16519
0.4239
-1.2902
5.09879
2.4087
1.5215
2.1112
0.9543
-1.7524
0.61019
4.0433
-0.11089
2.82861
-2.494
1.19814
1.95036
-1.96888
0.3329
1.0729
-4.23613
-3.241
0.6491
-1.0443
2.587
4.52038
-0.28851
-2.6144
-0.1906
-3.45774
-5.6979
-2.2086
0.79952
0.5249
-1.7187
1.09679
1.4524
0.22847
-1.4251
-0.4557
2.84202
1.25833
-1.9909
0.6365
-2.2515
-1.7117
-1.1805
1.4788
1.1128
2.9427
-0.2012
0.1679
-1.6515
2.7559
0.4267
2.07592
3.85573
NA
-2.12436
1.73371
-1.4899
-0.2218
2.1157
0.2274
3.9049
-1.48957
4.2058
0.4215
0.5116
-0.18357
-11.23898
1.3466
-4.5146
-1.94407
-0.34685
0.3121
-0.1533
2.58261
-3.9193
0.2942
-2.5891
1.2173
-2.4152
-1.5972
-8.5931
-0.0808
2.6191
-0.30969
4.89933
1.8011
3.17632
1.26437
2.58733
0.3383
-7.19526
-0.2978
0.45202
-2.26271
0.26619
-0.6278
-0.3238
-1.70774
3.17859
0.8916
0.22645
-0.5418
-1.79458
-0.88578
0.5556
-3.33097
-2.40873
2.2333
2.72904
-0.0971
-3.3482
-0.7324
-1.68
-0.2065
0.99431
0.7361
1.5807
-0.7505
-2.92598
-1.59507
5.0925
0.0674
2.0719
0.32333
3.2499
-0.4825
-5.6806
1.0037
-2.65
0.7329
0.16089
1.1978
3.95302
-0.8213
-1.3705
-0.88439
0.244
0.85881
-1.02357
-2.2201
-1.96068
-1.0017
-2.51831
3.77415
-0.6656
0.5175
-3.5247
1.3703
0.7254
-1.71193
2.32807
2.0895
-0.35348
3.66303
-0.87684
0.115
0.43025
-3.99187
4.4175
-2.39
-3.2218
0.9689
-0.31533
-0.2329
0.59991
-5.0014
0.025
-0.86898
1.7605
5.06263
-0.41163
-4.99767
0.1356
-1.51281
0.5864
0.9258
-0.2667
-0.0335
1.23295
3.62179
1.1223
-0.35928
0.06065
2.4784
1.6557
0.1697
1.8161
1.33963
0.48162
-0.7139
1.50429
0.710948
-0.1226
-0.2995
1.0366
2.53156
-0.4613
0.08401
4.5657
1.24281
0.87006
1.94215
0.5531
-0.29387
-2.1193
0.46498
-2.12056
-2.65068
-0.78638
-0.681
NA
-1.0902
1.59789
0.21757
2.3969
-2.4437
-0.6152
0.72887
0.26909
-0.38729
-3.2515
-1.3198
2.87527
-0.73561
-1.93122
-1.02231
0.70818
-0.2872
-0.0736
0.43572
19.01663
1.16523
0.4979
-1.48049
-0.02644
2.5601
-2.2813
-0.5149
-0.69713
-0.21653
-1.4139
7.0755
7.9347
-1.00852
-2.0795
-0.0757
0.191
-0.8371
1.8138
4.2144
0.4839
2.64663
-1.01532
3.01237
5.7959
-1.87728
-0.95945
3.23772
0.30338
0.0807
1.00233
-1.28607
-1.63892
-0.5724
0.5773
0.1507
2.68595
-0.15277
3.03886
-0.61236
12.10761
-0.7021
61.1335
-0.20311
-3.85653
-5.87565
-0.03
-1.8149
-0.0464
-0.9894
1.5846
-0.9735
-1.6455
1.86748
1.10641
-1.01026
-2.8982
-0.16315
0.4211
0.60598
1.5361
4.80596
-0.0311
1.72022
2.6256
0.90838
6.53714
-0.5961
0.34849
-1.0749
1.7411
0.2059
3.29165
0.18697
0.30474
1.9374
0.67781
0.66552
-0.68069
2.6217
-0.88578
0.5923
5.10116
2.1142
-2.50176
NA
-2.953
-4.44555
0.2663
4.82317
-1.2071
1.28019
-1.5333
3.52918
3.7421
-1.11266
-0.59304
0.13768
0.00404
NA
0.0439
-2.3248
-0.85664
2.67325
-1.3482
1.99982
6.6046
-2.5779
1.3068
0.7527
-1.28879
1.044
0.8697
0.7419
-2.006
-0.3235
-2.5669
0.2105
-0.35392
4.5141
2.7372
-2.49018
-0.42987
-1.4953
0.818
0.2106
3.51121
-0.67297
0.6734
-2.24714
NA
-3.767
0.3851
1.7491
2.58371
-1.0676
-0.88764
-5.3701
6.40928
-2.06524
1.7848
2.1788
1.2811
-3.3277
0.89917
1.5106
2.7553
-0.4708
0.95243
0.19651
-0.0201
NA
0.25925
-2.51218
-1.34435
-2.48957
-0.4677
-10.05425
0.6908
1.6812
-2.9167
-3.1709
-13.6889
2.17711
-1.9228
1.46831
-0.8247
1.2124
-5.5753
NA
0.2464
0.36533
-1.8684
-0.2995
-0.09449
0.9186
9.5785
-0.7085
0.80174
-0.29322
3.32395
-2.489
-3.9842
-1.38332
1.367
1.40899
5.3134
-2.68418
0.5245
-1.65045
1.16035
2.1074
3.16991
-0.1915
3.2168
-0.419
-1.8913
2.0074
1.36863
1.63539
-0.3542
2.6068
-0.77006
-2.37714
0.34677
0.81057
2.29919
0.1241
-2.3901
NA
-5.7744
-1.54513
1.16427
-0.99076
1.8358
3.8777
3.0718
-0.13587
1.23285
0.9393
0.7776
0.33898
-1.4112
1.4391
3.53036
20.67789
0.9957
0.90929
-7.00555
-1.8606
4.6933
-0.3312
3.44635
-5.8956
-4.9079
-0.681
1.8161
2.7189
0.4469
0.5338
-1.09595
-0.52397
-1.9224
2.9013
-1.4821
1.48544
-5.8699
1.5159
0.4992
-0.23089
NA
-0.4573
NA
-0.7328
2.1263
-0.1792
-4.1928
-1.34287
-0.064
1.38204
-2.3511
-5.9784
2.50433
6.15763
-2.6188
-1.9775
4.72842
0.14469
1.60063
0.03579
-0.05751
-1.4804
-0.55308
-0.1574
-3.0131
-0.68126
-0.47786
-0.03297
0.45404
-0.26997
-4.49292
5.4038
-1.56622
0.4095
-0.5037
0.4937
1.485
1.8478
1.90576
0.90409
-6.5492
-0.9561
-2.46638
-3.64516
-0.9743
0.48456
-1.15664
-2.25149
1.09134
-0.86526
-4.90983
-6.01776
-0.367
0.0547
2.20994
1.88828
3.46729
2.1703
2.89469
2.8965
1.2219
-0.4402
-0.87728
1.7984
0.1254
-5.49581
1.08525
-1.3109
1.19582
-5.0408
3.30706
2.00588
-0.38071
-0.31069
NA
-1.13456
-2.52413
NA
NA
NA
NA
NA
-5.5187
2.14189
NA
NA
NA
NA
NA
1.86049
NA
NA
NA
NA
NA
NA
0.02962
9.19935
NA
NA
NA
NA
1.8685
NA
NA
NA
NA
NA
NA
4.33035
NA
-2.04268
NA
NA
NA
NA
NA
NA
NA
5.58071
1.4627
NA
0.04229
NA
3.3063
-2.67
-2.3224
-1.04929
1.39164
-0.92018
-5.67523
2.23604
0.95177
-0.72765
-1.1865
-1.31491
3.377
4.8264
-1.12479
0.9183
-1.0361
0.7596
0.7173
1.93119
3.0077
-1.1555
1.3117
3.2667
3.72576
1.13978
0.147
5.05645
5.18511
-0.5628
-3.7668
2.29247
-0.7233
-1.11743
0.3662
3.75259
0.0804
13.9531
-10.4626
-0.3318
1.0891
-1.67794
0.0686
-4.7457
1.7795
-0.2378
5.4996
-1.64285
-2.158
NA
NA
NA
-1.6174
0.82643
0.4222
2.6801
-0.54551
2.10059
2.1197
1.7798
-1.2896
0.3485
0.7638
-0.43199
-1.50958
0.68961
0.5528
0.55048
1.6219
1.74153
0.48157
0.30666
2.1125
-0.80862
0.04819
-0.5565
-1.40205
1.57868
0.643
0.3789
-0.73905
0.9841
0.3003
-0.0606
0.3199
-0.80729
0.4281
0.79501
-1.48205
-3.66119
-2.2457
-1.16477
1.40062
-0.22949
0.07198
-0.57212
1.26144
0.74355
0.0992
1.2148
1.218
0.4206
5.3379
-0.01024
-3.39365
2.7324
-1.88502
0.56531
-1.3416
2.47378
-2.7712
-1.5811
0.9481
2.68667
2.0911
0.53066
1.07979
8.1715
0.3374
-0.8271
5.23065
1.65551
-1.3493
-1.0093
2.50604
-0.1674
-0.56133
-1.29621
-0.41589
0.52625
0.7442
-4.41674
3.6259
-3.18049
-2.86976
NA
NA
-4.36589
-4.5052
0.52041
5.68234
-1.73067
0.11074
1.802
2.40468
1.4752
-0.37618
1.17641
-1.2808
-0.5914
1.86087
0.73199
0.95761
-1.9014
-2.0119
2.0228
-0.00504
1.96089
-2.6774
2.4236
-0.901
1.71
6.97672
2.2306
-8.2137
-0.83587
2.04483
-0.26718
-1.728
-0.2088
0.4063
5.9238
0.3823
-0.0263
-3.282
-0.29139
NA
1.0937
NA
-1.1983
-1.70484
-1.8581
-1.0903
0.4168
-1.03847
0.1588
1.442
-1.3241
2.1368
-1.3904
2.1466
0.31402
0.12699
0.17194
-0.29606
-0.01087
-1.6468
0.72622
-1.55474
0.583
-0.03097
-1.4517
3.34503
-4.8809
1.5949
-1.4141
-4.92728
0.32602
-1.35405
NA
0.49336
-1.91803
-2.46154
-2.47083
-0.47944
3.3647
-2.826
0.31335
2.1893
0.77614
1.22557
-0.6689
3.68823
-1.2267
0.36088
-1.6219
1.4516
1.5939
-1.8194
0.204847
1.6388
0.457
-1.1741
0.7143
2.72301
-0.45806
1.9423
NA
-3.5325
5.55535
0.02611
0.2099
-7.23155
-1.9138
-1.3312
NA
6.3702
-5.89894
-1.43311
-1.37234
2.18763
0.48002
1.5157
0.22123
0.41506
-1.06904
1.1611
-0.2329
NA
-24.287
-1.315887
0.5648
1.8577
NA
0.53927
-0.8657
0.4523
2.0642
-7.45837
-1.15869
-1.1403
-0.85277
1.6837
0.3302
0.708
1.54932
1.07932
-0.8261
-0.85895
-4.55783
-0.07949
-0.84756
1.32184
-5.20446
-2.444
-1.0154
-4.12386
-2.5386
0.6224
0.0514
2.53221
-6.71421
3.01534
-1.31522
-0.81505
-0.5199
NA
NA
0.2393
-0.0102
0.44561
1.3238
1.12011
-1.4355
4.07065
-0.5913
-0.6427
-1.15349
1.588
0.839
0.7105
6.48382
1.04199
2.3365
0.12614
3.67644
-0.95645
1.55184
1.47528
-2.6832
2.7466
3.44082
4.05111
3.56596
-1.16285
-0.69278
2.04074
-1.8001
0.17363
-0.79208
1.34786
0.4233
-1.0887
0.38296
1.8964
1.67958
0.76372
0.42371
-2.24966
-3.28381
-0.12574
-0.9437
1.9733
-0.24659
0.20129
0.6295
-1.46949
0.00293
-1.56747
-4.69087
-2.21844
-1.36833
1.8305
-0.5126
NA
-4.39087
-2.3488
0.8824
-2.41929
1.63778
-1.38796
-2.94814
-0.57243
NA
0.1097
0.56746
-4.65483
2.92829
1.6104
1.0533
-1.32098
1.2741
-0.20202
4.36884
-2.6043
-2.0216
1.2031
6.03554
1.12068
-2.28929
-1.49238
1.68529
-0.4476
1.1725
7.10467
1.24826
2.0192
0.6154
0.40162
-1.9611
-6.10155
-0.0731
-1.45598
-2.02627
0.27896
-0.42614
0.10519
-2.03695
1.44524
2.42824
NA
NA
-0.8081
0.32095
-9.33478
-2.72903
0.1465
1.3148
1.79773
6.3347
1.2992
-1.6439
0.19614
0.78421
-2.26727
4.48687
-1.80381
-1.4467
-1.0435
NA
-1.86381
1.6841
-0.71845
NA
-0.03897
1.8133
-0.118727
1.06412
-2.32972
0.27866
1.34231
4.5604
NA
0.50104
0.8037
2.02423
2.0766
0.989
3.33401
4.21368
-0.14154
NA
NA
0.0387
-1.9084
-1.3029
1.4539
-0.09629
1.4969
-0.8993
-3.6037
1.7115
0.32839
NA
1.34224
4.3346
0.3078
2.47519
0.757
-1.64437
0.60319
-1.93317
-1.92033
NA
-0.89227
3.6178
-1.23863
2.21286
-1.65166
1.2993
-2.25914
0.88618
0.78313
1.19619
-0.67461
-0.6871
-2.9806
-2.753
-0.5578
NA
0.282
3.57925
-0.4109
0.91884
-0.0301
3.14674
0.9685
-1.9678
0.0599
-1.7067
10.9763
0.332
0.78544
-0.5765
0.0804
4.1907
-1.92091
0.8106
-1.20231
1.36356
-0.08277
-0.71371
-0.0678
-1.186
-1.3142
0.24282
-2.73572
-1.05526
-1.62005
0.726
-3.73824
-3.2663
2.842589
0.7118
0.53916
0.6269
-0.9814
0.6152
-1.649
-0.253
NA
0.26726
-1.42147
2.9945
0.72179
1.01115
3.0924
8.8463
7.4014
1.39171
1.59665
-0.63853
0.81798
-1.68936
-0.0735
-1.10432
-8.69981
-1.62602
-1.96721
5.4184
NA
6.5971
-0.801
1.2538
-0.1633
-0.57272
NA
-0.8611
1.5827
-1.29002
4.63739
-0.5846
-11.1545
-0.0399
0.6438
2.17874
3.22127
NA
1.45131
-0.7872
2.23061
-3.212
0.84927
0.9785
0.3229
NA
-1.4035
-2.2399
2.689236
2.69307
1.3775
2.89909
-0.3739
0.44537
-1.03705
1.10586
NA
0.233
-0.84655
3.3021
1.176
-4.68455
0.5545
-2.27164
-0.2392
-0.6177
-2.0706
1.95862
0.7878
-9.22222
-1.18975
0.2388
NA
1.1496
1.1375
-3.7433
NA
-0.6784
0.10238
0.12774
-1.0154
1.0913
1.10544
0.3841
-0.46279
-0.96236
0.3374
-0.6071
-1.124
-5.6916
NA
-0.6333
4.38241
9.03682
0.9334
-1.686889
-2.2941
1.684
-0.0283
-1.2469
-0.68512
NA
-2.8372
-1.78792
1.58575
0.8742
3.1095
-0.27967
-0.49799
-3.2013
-0.3515
3.1989
-2.7366
-2.9874
-1.61232
6.86015
0.86116
15.5398
8.17102
2.74978
0.80153
0.5328
NA
NA
1.17956
2.937
-3.90857
0.98652
-1.66541
0.58573
-4.27279
0.31911
-0.6248
NA
1.25659
-5.8842
-0.39506
-0.58005
2.61274
0.31274
NA
0.26851
-1.3958
-2.22382
-0.0987
0.2581
2.97567
-6.8222
1.0678
-5.8475
-1.8947
1.2788
-1.0575
-0.06616
-0.20069
-4.11495
-3.93371
-1.04951
-2.4275
1.6071
2.6699
-0.40129
-1.6105
8.9455
2.4798
0.46946
-0.34216
-0.8544
0.74682
1.91744
2.985
1.27502
-2.4798
2.8372
-0.8081
-0.56295
2.03428
-0.24494
-0.35648
-2.06341
0.87331
0.5183
1.06729
-0.8081
-1.8066
0.35876
NA
2.30996
-2.0856
0.01281
0.6834
1.56131
NA
-0.7687
0.71545
0.72301
0.81733
-2.57757
-0.00796
-7.27226
1.648
-0.94864
25.7278
-0.7631
NA
-0.75413
0.8899
1.874
-0.74071
-1.4726
-2.0183
-1.97549
-0.9099
-3.0834
4.1121
-1.5116
0.0953
0.544
-0.16001
-0.03018
0.86697
-0.28394
1.6391
-0.52911
3.0957
6.56896
-0.1347
2.1333
0.8361
0.6817
0.507589
2.1449
-0.1402
-8.6761
0.88922
3.9182
-3.15969
-0.2994
-1.26673
-4.4073
-0.321
-0.72999
-2.60674
-0.5452
2.69059
-0.91984
-2.8943
0.0486
-2.993
-1.09689
3.4507
-2.0101
-1.6285
-0.8485
-0.6312
2.8155
1.3186
0.8488
0.23763
-1.4608
-1.7208
0.0478
1.9129
-4.0495
-0.3137
-7.45069
-4.2032
1.78194
6.7696
1.3592
0.3307
-0.4971
-0.9008
0.9448
1.9768
2.06969
0.8622
-1.0325
NA
-4.1946
2.72656
-0.4925
2.5711
-0.2499
-2.565
NA
-0.7489
-1.5605
-2.30659
1.0019
-1.85965
-0.53
1.415
-1.77032
5.5768
-0.7455
-0.1724
0.238
-2.237
-0.998
-1.1167
-2.9045
3.3655
-1.642
0.3591
1.251
-8.83332
1.8948
-1.8106
-7.60497
-0.4551
1.6768
-0.87536
-2.6131
-1.7845
1.4089
5.68572
1.2794
-0.41422
-2.0435
0.69465
1.03717
1.27399
2.2855
1.5888
0.3486
0.5496
1.02872
-0.0189
-3.0483
2.1949
0.9977
-1.48272
0.59181
1.3151
-2.63645
-0.00907
0.6297
-0.425
0.77735
1.31204
-4.4116
-0.38267
5.03411
1.78521
0.4011
7.71452
-2.70335
-1.2051
-0.7057
-0.4463
2.3867
0.62067
-1.02562
-1.25329
-1.39476
0.9814
1.9748
0.7014
0.0652
-2.79127
-1.9268
0.58553
-0.53018
-2.97728
-1.82001
-0.94143
-0.34877
0.2016
-2.6605
0.36587
-1.3215
0.7357
NA
-0.2363
-0.24242
0.1263
-0.62233
-3.435
0.435
0.9475
0.7504
0.81772
0.516
-0.73749
-0.0212
-1.6727
4.96164
-0.6011
0.61951
-0.41698
3.2339
1.11724
-1.674
-1.86617
-1.6582
-0.9596
-1.7623
-0.10752
-3.55846
0.38139
1.67406
0.6903
-1.16366
-0.07884
-1.55516
-0.104
-0.7354
1.00968
-0.7916
0.3735
0.56663
-1.14858
-0.89328
1.4779
0.1918
-1.1081
-3.9023
-1.69267
0.25846
1.10654
0.43888
3.0887
1.25828
2.2611
-2.82852
-0.5917
-1.3402
1.24472
1.29499
0.97651
-1.373
-0.6792
-2.39
-2.7987
-0.1453
-3.11531
-6.51585
0.22876
-1.81788
-0.66091
2.11875
-0.1453
3.4514
-0.15166
0.49103
-0.6308
-1.13191
-0.76935
0.2274
-2.14125
0.91602
-2.15956
-0.2047
-0.51229
-2.0777
0.77687
1.3351
-0.2006
2.0336
1.3561
-1.0728
0.3811
3.612
2.4859
-0.9459
1.9708
0.6883
6.2611
-0.0827
0.1169
-0.3731
-1.2124
-0.6531
-2.2964
-0.1227
-1.26836
1.62826
2.2287
5.7731
1.0514
0.9482
1.5018
-0.2849
-4.8482
1.3498
-2.9658
-6.50321
-0.6671
-0.60535
-5.9082
-0.6084
0.8833
-3.56457
0.30481
-2.4706
0.3886
-2.3002
-3.4938
-1.4677
3.0217
0.55777
0.7197
2.292
-1.3816
-1.35704
-0.5438
-0.5247
-0.479
1.0144
1.2282
-0.6483
-1.89306
-5.032974
2.5194
0.93441
-0.07473
0.27627
0.93162
-0.05407
1.5647
-2.96987
1.3336
-0.6088
6.7199
0.5421
0.5926
-1.4404
2.96438
9.38559
0.63397
0.06903
-1.1928
-2.349
3.4492
2.8381
2.956532
-0.0593
1.0577
2.1215
-2.2274
-1.5432
-2.2409
-1.261
1.2412
0.3478
0.4256
5.0451
3.1655
-0.4713
1.6704
1.55788
-0.8569
-0.5094
-1.0903
1.5561
7.90975
7.8408
0.94661
0.9273
1.1149
-1.3914
-0.4713
1.3542
1.484
0.79531
0.65697
0.49877
-0.12424
-1.601
-0.8633
-2.2696
0.75321
-5.0946
-0.2549
1.3663
-0.8581
-1.55658
8.00229
1.1358
9.378
2.8159
1.94641
0.89853
-0.71229
-4.49815
0.20303
NA
-0.59654
0.593
4.10809
-3.60449
5.22751
-1.08501
0.0937
-2.23783
0.2597
4.65052
-3.37648
2.0575
-0.36795
1.63811
1.71742
0.7151
2.8293
-4.5842
-0.92927
-1.24173
-0.2322
-0.90637
1.02185
3.9452
2.93041
-2.10546
-1.8196
1.29073
2.4385
2.88198
1.6416
1.09567
3.79926
0.29739
-2.65116
-0.2
0.78204
0.73516
-2.84686
-2.12344
-1.06637
3.60739
-1.97876
-1.24766
-1.0719
2.83889
-1.3954
0.59896
-0.46546
1.93341
2.67126
1.6636
1.4176
0.80711
-0.12754
-0.5631
2.29291
3.7807
-0.4022
1.6674
4.26437
-2.0445
-1.72354
-0.2313
1.67691
3.3856
0.9878
4.10803
0.9444
-2.5416
0.3694
-0.4573
-1.2572
0.47717
-0.38545
0.5746
-0.6681
0.3363
-0.3705
0.13968
-0.58149
-0.24365
0.23652
1.1252
-0.8142
1.39389
-3.8762
-4.5836
-0.39362
0.7735
-1.6613
-2.28933
1.7424
2.18451
1.41619
1.6801
-0.39256
0.7744
-0.82921
-0.19339
-0.99803
-1.6508
-0.88883
2.2657
6.68321
-1.3748
0.98568
0.485
0.6369
-4.1291
0.1283
7.1072
-1.03236
-2.5144
6.45779
1.0637
1.0983
-2.5317
-2.8331
-0.0892
1.60632
1.00547
-0.17959
-18.001
-0.44913
-1.47689
1.68509
0.08694
-2.07921
-3.84115
-0.4616
-1.4551
1.48377
0.148
0.04875
-0.78392
-0.829
-0.26736
-4.06016
NA
0.94974
3.17264
-0.24601
0.62454
0.1912
2.62347
-1.4946
2.56585
-1.9343
3.32688
2.36026
1.3847
3.035
-2.75827
-0.7618
2.3057
-0.20625
3.34406
0.6913
NA
-2.07422
-0.49058
-0.96676
1.17085
-2.9815
-2.52361
-0.73443
-0.01399
0.9395
3.0574
NA
0.45126
-0.46988
-3.514
-0.9662
2.0932
2.2127
-1.2134
0.34218
-1.69203
-3.38224
-1.73042
1.1179
-0.02002
-0.28541
1.8642
-0.1891
0.40875
4.9158
0.7632
0.66094
NA
-0.02486
4.21629
-0.34496
0.00549
-1.89601
-0.7595
-1.27117
-4.05576
-0.6692
1.96502
-3.4418
0.28962
0.80771
0.1726
-0.94244
-0.17116
1.26685
2.45872
-1.4012
-0.33652
-0.78685
-0.62712
-0.2725
-1.2838
-1.8492
-0.54688
1.21027
0.23207
-4.94197
3.44564
0.7823
NA
1.08445
-0.64439
-0.6386
-1.6478
-2.1906
-2.5187
1.0334
-3.9507
0.0615
1.3175
0.8004
1.2931
-0.54837
0.69306
-3.9057
0.7174
0.3652
-1.53093
-2.7657
3.4407
-1.02835
3.11969
-0.15272
2.041353
1.1958
0.42501
-0.53426
-1.2288
-2.04606
-0.23575
-4.2097
0.22765
0.53634
NA
-0.45492
-3.69979
-0.1948
-1.7879
5.33228
2.6475
-8.62498
0.2203
-1.96185
-1.0442
1.46821
0.548
0.562849
2.0772
1.34504
2.2117
4.5438
-1.4717
2.8249
-0.8476
NA
2.13355
4.316
1.55855
-10.55909
-1.30949
0.17685
4.4032
1.7935
-0.3009
0.5666
-6.32065
-0.2502
0.8394
-0.9266
1.03833
0.56348
1.819101
3.61756
1.5894
2.38451
1.7062
-1.4446
-1.07895
-1.0935
-3.05708
NA
-1.6065
1.25742
0.8556
4.677
-3.0485
-1.2796
NA
-0.3479
-1.2516
2.4942
-1.66589
-0.00774
1.5382
1.639
2.16904
0.13835
4.1917
0.1031
-1.64961
4.6235
-0.4769
-0.6163
NA
-0.7873
-0.38766
-0.8775
0.44903
1.2135
0.7347
NA
3.18353
2.4798
-2.27446
-0.1009
2.4309
-0.0508
6.77965
1.14777
1.7072
-3.908
1.64507
2.32801
-1.12761
-0.8792
-0.19
0.14487
1.6841
-1.2267
-0.82737
-2.0905
-2.1216
-1.5235
-2.4964
-0.46164
2.2807
0.0073
-1.6388
1.20237
-0.142486
-0.2144
-0.5876
4.07729
3.43155
0.2222
4.97737
1.6841
5.94378
1.16229
2.4049
-0.9327
-6.98593
-0.8055
-4.00703
1.1563
-1.6617
1.34312
-2.26274
3.0583
-0.4713
-5.0233
-1.83725
-0.2498
-1.2999
2.9918
-2.5086
-2.3639
-1.8106
NA
-0.4713
5.65433
1.4779
1.2882
-0.21944
-0.5798
2.25581
NA
0.8985
-1.36388
0.6639
1.05595
0.5596
5.9057
-1.438
-0.9395
0.951
0.1271
5.0049
-0.33277
0.2956
-1.22495
-3.4321
1.1246
-2.173
-2.80499
1.2382
-2.67428
-0.88202
0.90756
1.2276
0.47087
7.83237
-0.8081
-0.984
4.00801
-1.0345
NA
0.44738
-0.8759
-1.646
-0.15166
1.57477
-4.6238
1.63505
NA
-3.921999
0.9103
3.434309
-0.9227
-1.5158
-0.99752
0.19545
-0.7505
-1.0494
-2.35826
2.1255
-0.41504
-5.58028
3.2182
-0.3484
-3.61233
0.8924
