-0.56778
0.7636
3.9452
-0.9381
-0.40413
-2.29907
1.32452
-1.481003
-1.755966
-0.46188
3.627893
-1.36671
2.3518
-4.4527
-0.7204
-3.62488
5.9187
-0.58637
-1.201848
0.2868
0.82863
2.5481
-0.45533
-0.7767
0.0414
-2.68845
-10.5828
-3.8578
-1.936782
0.811736
-1.1059
2.4363
1.8997
-0.53297
0.78033
1.55969
0.25687
0.623619
1.214382
-2.7401
-0.073656
0.374493
-0.21141
-0.692977
1.7095
2.3244
-0.2953
-0.2193
-0.56964
-0.0859
3.98386
0.91545
-2.27802
-1.06036
5.44383
2.53092
-1.563
2.336136
0.46203
-2.3977
-1.0887
0.0468
0.5025
0.055303
-2.11368
-6.6283
0.57522
-10.7931
-0.8459
3.62188
-0.9405
0.1402
0.40258
0.8604
-0.7603
-8.6889
1.3345
0.7673
1.7375
3.02257
-2.85598
-0.728627
1.3159
2.5631
-0.4331
-0.3747
-0.9444
1.0638
-1.1259
-0.3243
-0.7436
0.09126
0.7692
-0.0132
1.7064
2.7237
4.07744
0.0899
-0.6115
7.8784
-0.4708
0.9198
4.0588
1.8091
1.722022
-1.4461
-1.1287
-1.4339
-0.19397
0.1312
-2.00472
4.5379
-0.9431
0.516
2.48711
-0.43047
1.49827
-0.2597
-0.2046
1.0177
-1.63568
1.32646
3.56099
1.306
-2.6796
2.77
-1.9218
-1.48827
-1.05722
0.52562
-6.1868
-0.532
-2.0612
0.01641
NA
-1.44
2.11246
0.6792
-2.66813
-11.6671
-0.97358
2.2782
NA
4.28175
2.99449
-3.7008
1.32425
-3.6548
-0.64
0.58543
0.28728
-0.5518
-4.45683
1.4556
0.622
0.2304
-1.884
0.2361
0.3904
-0.7621
-7.18548
-0.57836
0.68683
1.1578
-1.015
-0.6332
1.32492
-0.1909
-2.8443
2.5416
1.13703
-0.46686
-1.4554
1.00975
0.80317
1.1316
-1.71
2.1588
-2.12354
0.1371
-1.1806
1.4435
-0.4125
0.60523
-0.85971
0.54099
-1.73058
-0.4187
0.9669
0.91956
-0.65313
-0.88203
0.09925
1.05137
-0.62297
0.24752
-3.3035
1.1778
-1.2876
1.8854
-2.9771
1.4228
-1.3166
2.8582
-0.38573
0.80093
1.7056
1.89106
-1.1775
-1.36328
0.0124
-1.66385
1.4223
19.2493
2.4065
0.01604
-0.5934
-4.28017
-2.6558
-1.083
-0.60858
7.09366
-0.0201
-4.9481
1.727822
-4.0097
-0.56641
0.96166
-1.17402
1.91221
0.0494
0.68
5.02945
-2.5682
1.67703
0.7251
-0.99237
-0.163
0.7183
6.0877
0.3686
0.9277
1.90164
0.62929
2.3867
-3.552476
-2.93913
-3.4435
1.278
1.132
-2.9834
0.43087
-0.9115
-3.2844
-0.44644
0.5301
2.73676
-0.6727
2.13713
-5.10916
-4.8259
3.5555
-3.14064
0.7633
0.31579
1.269
1.08854
-1.27872
6.7696
1.9647
3.2577
0.17218
6.72869
-1.30257
0.1448
1.39026
-0.4473
-3.75657
3.49486
-1.63815
3.0654
0.08191
-7.96612
-2.0698
-0.6208
0.4551
1.512
-1.4121
-5.6948
-4.3238
-1.06372
-4.69276
1.7309
0.75382
-0.36146
1.1044
NA
-0.2838
-0.0342
-0.17497
0.57831
2.416
-0.9012
0.651355
-1.41271
-15.57768
1.1927
-1.4919
-1.57821
0.8551
-1.7767
-3.3662
-5.3118
0.75449
-7.2756
-0.1
0.3962
3.5467
2.46811
-0.2371
-1.52251
-8.61951
1.0629
-0.92282
1.5252
1.1923
-1.9155
1.1141
-0.6316
-0.0984
1.2583
1.48324
-0.5009
0.1724
-1.30193
-0.7003
1.1425
-0.6102
3.1597
0.14776
2.23924
0.38805
-2.7314
1.27547
-0.188072
0.17129
1.2499
0.90558
2.65291
0.93
-1.393301
-0.5154
-2.9442
-0.5039
-0.0921
-1.0122
8.0634
-3.1293
0.99892
1.0299
-0.0581
2.3937
-0.0135
0.791
2.4631
-0.3013
-0.32222
-0.3466
-0.67192
-1.1576
0.378
-2.2243
0.4418
0.04264
-3.39619
2.6578
6.38833
-0.194434
5.5521
0.6789
-0.9008
3.4559
1.771
-0.26885
1.5366
0.11404
0.099
-0.6881
-8.0086
0.7648
5.2487
-1.4065
-0.10784
-0.5631
4.7983
-1.1082
0.16955
1.3888
-1.83895
-0.29273
-0.9665
0.2639
-1.789183
-2.49482
-0.9788
-4.3251
-2.6823
-1.2264
-2.6473
0.7059
-1.36742
9.1717
-1.3645
-2.0213
1.6146
-1.8131
-0.73161
2.6296
-0.9653
2.92076
-3.4345
-0.25375
0.69421
0.7212
-4.9058
0.2909
0.89998
0.3576
-4.9191
1.47805
-1.4818
-1.24364
-0.14726
-0.5989
3.0753
-2.61856
-3.5094
-0.52849
-0.2441
2.7182
0.8571
-0.096828
2.9073
0.58102
2.1264
-1.114
-0.0754
-0.9011
3.5458
-1.18703
-1.59749
-2.2154
-1.5953
-0.2595
0.0567
0.8111
-0.149
3.3257
-0.9238
1.2434
1.7932
-1.3661
-1.6333
-2.06141
NA
0.7955
2.1439
0.78098
1.3107
4.7075
-2.3101
0.00936
-0.419
-6.8302
0.9547
2.1082
0.54721
1.74706
-0.36963
-0.4337
-0.8137
-0.39778
-0.05957
-1.173369
0.9401
1.81789
0.6417
-1.6416
-0.44805
0.87154
2.9493
-0.67844
-0.04708
2.4626
-2.30966
4.39
-1.59
-1.0867
2.33205
1.45817
1.11266
0.81656
-4.13013
2.8685
-2.5019
1.8581
-0.24357
-0.9143
-0.93403
0.32393
-2.61475
-0.2873
2.8202
-0.9756
0.0384
-0.25009
-0.43144
-0.5972
2.0116
-0.1783
0.99816
-1.48949
2.0141
7.83631
-2.6977
-1.78653
-0.04576
3.7614
-0.3441
-0.4312
-0.2436
2.3243
1.4241
1.72303
-0.796
-3.51307
0.29788
1.54676
-1.06435
-0.416039
-0.16604
1.4531
2.48427
-3.7607
-1.85847
-2.085
-0.11939
-1.4933
-2.1927
-0.5027
-0.08468
1.64022
0.48522
1.63802
0.3377
-0.3978
-1.0812
1.34405
-5.96621
0.06513
-0.30748
-1.8946
1.8231
-0.9684
-2.6355
-8.7908
-1.6735
-0.152
0.474
1.2261
1.103
1.0815
-4.6186
-0.7064
-1.4071
-1.9626
-1.1842
2.6857
-1.6572
-0.6205
-0.2067
-0.3134
0.43207
-0.0388
1.2883
1.9272
4.5061
-2.35777
-2.07712
0.981
3.1496
0.15652
-5.83711
0.16907
0.40079
-2.6303
-2.6892
-3.5094
0.8527
3.0643
0.25738
0.9793
-8.9518
0.559666
1.700771
-0.716
0.78848
2.50544
0.0268
-3.8828
-0.0148
-1.071
-0.30261
-1.0796
0.1834
-0.15858
-2.08295
1.53702
-1.56327
1.0316
-3.496272
-1.0343
-0.4546
1.7976
-0.6006
-1.5359
-3.02465
5.01724
-1.30425
-2.08444
-1.6531
-2.9092
-4.1865
0.4764
1.4406
0.4088
0.8638
1.8592
0.2832
-2.728
-1.1581
-4.0713
-2.5368
-0.36008
-1.20962
-0.0572
-3.5643
-0.25194
3.76427
-0.0271
-1.17983
2.2716
-1.2603
0.5997
2.1288
-0.3663
2.211
2.8819
1.089
-0.04991
-3.956
NA
0.11541
-0.04537
-10.17226
-0.31594
-0.3793
-1.4273
-0.4847
-1.4228
0.0398
-1.0686
-0.09405
-0.09518
3.29508
0.31784
2.23622
-1.2179
0.62232
0.8604
1.3683
-1.47076
0.0352
8.9172
-1.854
-0.9514
0.8111
3.5114
1.0948
-0.752
-2.0639
5.1775
-1.4332
5.321
-0.5313
3.4419
4.0926
-0.9834
2.2117
2.4843
-3.5033
-1.187
-0.9879
0.7532
0.2358
-3.1548
1.655
-1.4071
0.7706
0.8509
0.6256
0.0624
1.9987
-0.8216
-1.3666
-0.7164
-2.0261
0.4951
-1.4735
3.4388
-1.0847
0.1409
1.4951
2.0058
-1.0544
0.3395
-1.6614
-3.2625
-1.0959
4.5141
0.3637
2.6956
5.5313
-3.8935
1.3748
-5.5308
2.3058
3.2935
-10.4594
1.3444
-1.4624
4.5811
0.7233
-1.2526
3.1232
0.4632
0.9931
-1.0745
-0.5742
-1.4208
2.6185
-3.1902
2.6185
-0.43
-4.4465
-5.958
-7.0028
0.9268
-3.132
-1.8783
0.9544
-2.2766
-0.9677
-0.7841
1.4774
0.2884
2.7074
0.8937
0.922
0.5634
0.3579
0.5936
0.5883
2.6097
1.1277
-0.2425
1.6525
-0.1181
0.0742
0.2796
1.2699
0.1661
0.57689
1.2791
0.7388
-1.3907
3.2927
-2.1327
2.1174
0.1669
-1.9298
-3.2182
-2.7032
0.0747
1.8507
-1.3667
0.8357
-2.1645
-1.2647
1.2919
2.0544
3.876
0.3939
0.5211
-2.1161
2.5047
3.4889
1.8227
0.477
0.2343
6.32
6.6653
-1.3523
-1.5033
2.4168
-3.1426
-0.4165
-0.9755
1.2286
-1.3882
-2.3864
0.1122
-1.6334
-0.8957
-0.6176
7.1591
-0.4829
-0.6026
-1.0033
2.6098
2.0118
1.5781
1.3869
0.6109
0.3777
1.7745
0.7854
1.2071
1.0399
-1.3179
1.5275
-0.0279
-0.9524
-1.2429
0.1847
1.1417
-0.0048
-1.15
0.924
-2.44683
-0.702
0.39
-2.25
0.0957
-1.51
-0.695
2
0.00798
-2.66247
-1.0049
3.53037
-3.30574
-1.74729
0.0576
0.8531
0.3111
0.2334
2.06996
2.8467
-1.6445
-0.6354
-0.47375
-2.4377
-2.21594
0.8548
1.00557
2.06409
-2.35897
2.36992
-0.15167
-3.14134
0.58915
0.8337
1.39686
0.47466
-3.01921
2.68714
-2.0835
1.28618
-0.814
1.7426
3.86115
-1.1349
-1.3498
0.05505
1.35941
-2.00906
1.77963
1.95713
-0.14471
0.56289
-1.6511
-0.74785
-4.25047
-0.04107
-0.6822
-0.28383
1.5327
-0.5035
0.7114
-1.1242
13.1771
-2.038
-0.1293
-1.2915
-1.9212
0.6199
0.8837
0.8899
0.748
-0.1727
-0.83989
-0.35077
3.2793
0.43595
-3.5129
-0.9266
0.2686
2.28296
4.27525
0.51
-1.25955
8.458
0.90302
4.4369
1.8867
1.12667
0.9983
1.485
-0.0522
-1.8525
-1.47007
-1.04137
1.28027
-1.04986
-0.57441
-1.4638
1.12561
-1.62604
1.84155
-1.47457
-0.40223
1.08106
0.63227
3.66132
0.94028
0.65055
-4.92275
-1.49996
5.94601
-0.60575
-9.26426
1.22811
-2.68256
2.71784
1.5644
-0.00816
-2.67544
0.19863
1.00395
-1.80828
-0.4953
-3.37427
3.7275
-2.4911
0.38841
-3.21601
0.87108
-0.63195
3.44682
2.59078
0.2013
1.33722
0.1729
-1.00834
0.8898
4.5925
-1.5653
1.9189
3.30789
2.1029
-0.98848
1.21048
2.9016
1.7558
-1.41229
1.8283
1.4898
-3.7565
2.76028
-0.9354
0.1721
0.607
1.47562
1.3051
-5.61499
-0.9219
0.3306
4.71966
-3.10185
-2.0339
-0.54083
0.3156
7.6992
-0.379931
-0.322401
-0.024252
2.437298
1.108108
-0.250463
-2.9666
-3.188308
-1.2224
-1.1299
-5.01203
-4.310748
0.048363
1.160614
2.824754
1.095977
1.707906
0.086851
-1.2506
-0.2392
-0.898764
-0.4092
-0.188028
-4.242901
-0.578526
-2.4721
-2.480158
3.038737
-0.169055
1.973747
0.8533
0.880748
-0.9738
0.956613
1.039275
-0.909989
0.435776
-0.709538
-1.498097
2.654999
0.390739
0.5002
5.188411
-1.053628
1.2218
2.131835
-1.45752
3.739016
-1.8709
-0.9299
3.438282
-0.838865
0.82765
0.3758
0.90286
-1.45686
-0.17664
4.43743
0.1757
0.1102
3.37814
4.82098
2.28695
3.4388
0.2578
-1.6659
0.00239
0.9301
0.64427
1.47277
-0.9156
1.0057
1.3972
-0.9214
2.3303
0.9221
1.0506
1.1316
-0.1635
0.6456
1.2072
0.1538
0.3781
0.5139
-1.4809
-2.6303
0.5728
1.5024
0.2869
-0.0048
0.0835
2.3135
-0.597
-1.5694
-0.9999
-1.2835
0.3016
-0.2459
1.3961
0.8438
0.03655
0.819
-4.3284
3.7492
-12.32582
-6.8049
2.80957
3.4553
-0.13731
-0.997
-1.73545
-0.2459
2.19703
-0.3089
-4.9352
-1.2875
4.78823
0.43654
1.9567
1.13297
-1.2287
-0.6663
-9.865
9.7938
-5.4038
1.13344
-4.6035
3.3288
-0.838
2.0154
-1.135
-0.3449
-3.2259
5.2293
-0.91568
2.00193
-0.82384
-4.2827
1.43279
-1.96244
-5.3607
1.3457
1.9042
-2.31129
-0.7539
-0.3988
-0.8881
2.0876
4.4484
-0.443
-1.9107
-0.409
0.1368
1.7135
-1.9912
-0.1707
-1.4059
-0.3959
-0.067
0.6954
1.8828
0.97579
-0.0513
4.17465
1.0351
-0.18771
-0.7092
0.94731
-0.6372
2.2011
0.95757
-0.26805
-0.62713
2.4959
0.40038
-0.78396
-2.7163
-0.8338
-0.81573
-1.12012
1.68969
3.6851
6.36944
-0.1941
2.89548
-0.12312
-3.96275
1.01288
-2.34256
-0.2219
0.1479
0.1403
1.20964
2.3086
2.27114
0.48164
-0.19688
3.6145
-0.5245
-5.8607
0.40073
-3.54165
-2.8089
0.43446
-1.41298
-1.73
-1.4594
1.231
1.8733
-0.2435
16.55967
0.26292
-19.10453
-0.48665
0.48022
-1.8332
2.4717
-0.7285
-1.50017
0.5607
-3.84626
1.17082
1.93538
-1.3567
1.219
0.04317
1.5396
-1.0517
-1.15295
-0.79037
0.1402
-0.1402
-2.56418
0.0054
-6.0064
0.0296
0.04178
NA
-0.92793
-0.23129
0.631
-0.45036
2.81594
-1.4387
-1.3046
0.73881
-1.43245
-5.66231
-2.0199
2.50911
1.08308
0.34826
-2.9388
-3.3026
0.9775
2.7646
0.50738
-0.51016
-3.09446
0.7866
-0.5433
0.33084
-1.36855
-1.7641
-0.69019
NA
NA
0.24289
NA
NA
-4.5923
7.7498
NA
3.6266
-0.55397
-1.7948
-0.01944
2.9576
-0.39741
0.48468
NA
0.60301
3.4737
0.7084
1.4559
-1.2726
1.0937
-3.4887
-3.12269
2.05254
NA
0.2694
5.09564
-0.95162
-0.7948
0.665
NA
0.40975
0.2027
2.27216
-1.12579
-0.1633
-3.80072
0.38236
-3.29823
4.28082
-0.2144
3.17858
3.4007
1.4103
-0.312
-0.9
-0.28616
-3.47171
0.27598
1.7262
-1.57912
1.1142
0.06672
-0.5
-2.2416
-4.43157
0.1607
0.66143
0.80402
-0.99751
1.1566
-3.16245
2.24405
2.16873
-3.43882
-1.1544
-1.85347
-1.1619
0.87347
-0.77468
-1.06967
-0.42937
-2.5674
-6.0375
0.99652
1.24219
-0.8005
2.556
-1.237
0.4312
1.4881
-0.4193
-3.0035
-1.8361
-4.4662
1.4968
1.4186
0.223
0.5545
2.1424
-2.0833
0.9663
-2.5653
-1.5228
0.3499
-2.5119
3.6634
-0.6676
-1.6076
-0.2285
-0.1019
-3.1707
1.6927
2.6792
-0.9914
0.5966
-0.5744
0.4187
-1.0148
1.335
-2.5589
0.9199
2.5605
1.7615
-1.0379
-0.289
1.2722
-0.8398
0.901
2.743
2.26
1.6645
0.3654
-0.5376
-0.8734
-1.1449
2.2638
-3.4946
1.1551
20.0565
-1.4069
-1.0174
-3.3186
1.6752
0.07708
-3.0887
0.3717
-1.4527
-0.9636
3.1352
-0.7791
0.0841
-1.6504
-2.9383
-0.7555
-1.3568
1.2338
1.2211
0.7246
1.6358
2.1156
-3.3773
-2.4487
-0.5929
1.8003
-0.0395
2.0835
-0.2585
-1.3065
0.2449
-6.8162
-3.2802
-0.8238
1.5856
-1.1417
2.4369
-3.3406
0.2791
-1.0925
-4.205
1.4883
-0.4185
7.1912
-0.345
-2.348
4.49004
1.9063
-0.8761
-0.3778
-2.6347
1.5993
0.6239
0.7708
6.71996
-2.38386
1.2104
-0.9074
0.66103
0.3324
-0.87917
2.78514
1.93452
-0.61332
1.17808
-0.56565
-2.25075
2.62037
-2.85
-3.26903
-3.011
0.00667
1.4045
-1.3797
1.16988
-0.33573
0.95033
-0.53072
0.41267
-0.3521
-0.5442
-0.63549
0.3579
2.12475
0.31405
1.18325
0.34848
1.2821
0.91146
3.5569
-0.4573
0.84161
0.46508
-0.50234
0.27359
2.07761
0.56562
-1.329
-1.88556
-0.1136
-1.43245
1.60884
-3.59315
-6.1658
-0.76958
-0.97884
-2.21533
-1.42097
0.54884
-0.1877
0.5335
-1.03089
-1.7288
-1.71734
-4.99479
-10.0079
-0.8128
3.14677
-1.913
-3.44224
-2.811767
-0.4487
-2.0585
-0.4392
0.81462
-2.06192
-1.40399
-0.7232
-0.57132
-1.08866
-1.53576
0.85613
2.32329
-0.67361
8.51949
-0.9612
0.1346
-1.5259
0.15483
-0.2677
-1.78505
2.5867
3.2904
-0.0291
1.01393
0.36859
1.9625
-1.7234
0.2416
-2.2674
-4.4348
-1.8998
-1.57593
0.5954
-0.2515
1.9903
0.4649
-2.3283
-1.2432
1.2471
0.78475
-0.26477
0.19573
-1.09408
1.73876
-2.04783
1.31995
-0.9883
-1.36316
3.88583
-0.87947
-0.29031
1.0289
-1.2412
2.4399
0.3392
1.3167
0.9962
-1.1174
-0.477
-0.1676
-2.0454
0.9387
1.6382
2.6042
-1.0557
-0.4979
-2.04602
-0.5673
-0.9104
-4.3501
1.4188
1.2894
-1.8573
2.6789
7.63158
4.03634
1.1786
-1.28125
0.3652
-0.25323
-3.2674
-1.95719
-3.66289
-1.5192
-1.6337
0.29598
-2.70863
1.4848
1.6447
1.2235
-0.23473
5.89894
1.43
2.07
-0.744
-6.93
1.89069
-3.509
-0.26041
-0.7137
1.9452
-2.05101
-2.49029
-1.7002
0.9481
6.5971
-1.8446
0.30353
-3.20088
1.0169
0.6581
2.70004
-2.2792
4.7896
-0.273
-1.2999
1.1182
-1.1519
7.734598
2.0574
2.6615
-0.087
-0.41593
0.7482
10.6
-2.05
-0.5232
-2.3201
0.7922
-0.76
-0.8271
-1.5004
-1.2165
-0.7839
-1.3681
-2.2601
-2.49063
0.1063
2.778
-1.0905
-0.59164
3.58476
-1.144521
2.216014
1.394334
0.53482
-1.97626
0.7709
4.03946
-1.7468
-4.6211
-5.73585
-0.7995
0.18734
-0.10285
1.03824
-0.20056
-0.9229
-1.42375
2.28
-1.12
-0.972
-0.557
0.4479
-0.883
4.5112
0.06153
2.74633
-2.7413
-1.63864
0.80459
-1.3511
1.21059
1.6806
0.4408
-0.19491
0.2865
-4.98169
-1.1148
-1.42558
0.22344
0.1148
0.114856
-0.3224
-0.8284
2.6976
2.14546
0.5975
-1.1762
2.5465
-0.4421
-1.0788
-1.5692
-0.9077
-1.9413
-0.1417
1.507
-1.4408
-2.0316
2.7466
0.1424
-1.8832
0.26234
0.1212
2.9405
-1.9872
0.3592
3.0272
NA
-0.52124
NA
NA
4.217
NA
-1.55961
NA
-6.10011
NA
-1.29397
-3.50911
4.98899
4.75681
1.3644
-1.29546
0.83876
-1.42718
1.06922
0.48337
-6.36124
-0.19472
-0.20094
0.3699
-2.029
0.9428
-0.4512
0.2316
-1.45207
-1.3049
-0.29057
-0.7465
0.498
-0.821
0.447
-0.3348
-0.8717
0.1115
-0.2006
-0.29434
-0.53102
-2.97493
1.65395
-0.9032
-1.0357
-1.3364
1.4658
0.0216
1.1635
2.6439
-2.9373
1.15064
-1.39681
-4.0195
-0.2437
1.32858
-0.8308
1.6466
1.8444
-2.2323
0.0326
-3.3787
-3.2107
1.8213
-0.973
2.9728
-1.6578
0.1401
0.5773
0.9436
-0.5867
-3.6017
1.2923
1.8326
-1.84946
-2.9471
-4.4999
-2.3107
0.0464
-1.983
2.5223
1.9235
6.2425
-0.117
0.153
-0.62772
2.99762
0.48607
0.06582
-1.18703
-2.9824
-2.15432
0.5642
3.78121
-1.987468
-1.97262
-2.84827
12.9776
-1.4335
0.1359
1.4002
-3.8716
-1.2266
-3.316504
2.18507
-4.14433
-1.0849
2.4075
1.83999
0.47881
3.64923
-1.5295
-0.5557
3.24183
0.6891
3.6205
2.689701
1.583
-2.3879
1.7054
0.03829
2.08784
-3.26344
0.44249
-0.10107
-0.32507
-0.41275
0.15256
1.60055
-0.304
1.52546
-2.0899
1.853
-8.4206
9.0335
1.348998
-0.874
-0.697188
-1.246236
-0.2099
-1.4374
2.4876
-0.4744
0.3215
-0.5605
0.9908
8.1167
2.9008
2.65
2.3399
0.5843
0.7062
-1.0177
-0.282
0.672
-0.9089
4.7648
-1.5956
-1.660746
1.846
-0.4826
-0.9013
2.5086
1.0072
0.3215
-0.1257
0.6782
0.1161
-1.0835
-0.0278
1.5959
-1.2108
-0.6703
-0.0407
2.3612
3.5338
3.8124
-0.0638
1.0918
-0.47268
-0.00924
-1.4952
-0.2597
-2.33464
-0.05251
4.7281
-1.26932
2.43576
-3.4298
1.30172
4.6362
-4.5645
-2.5232
0.42725
0.3635
2.753
-1.0993
1.9361
-0.6187
1.575
1.6308
-1.4413
-0.213
-0.9915
-0.2316
-0.65337
0.22321
-0.58111
-1.153
1.64497
-1.22269
-0.315
-0.56817
-2.3
-0.84997
-2.9217
-6.32379
-2.1285
-0.1989
1.30103
-1.2392
-3.7734
1.01694
-1.55431
-0.8248
-2.4995
-2.85556
2.49593
2.5152
0.64539
1.42718
0.64924
1.2061
1.8801
0.0773
-2.5932
-2.0557
13.7425
1.93045
0.97292
-11.33628
2.19946
-0.5454
-1.17449
-0.18125
0.951
-0.3128
0.81649
-0.64836
2.00462
-1.4665
-3.8611
-1.2132
-1.41547
-0.93257
3.93307
-0.17684
-3.2785
-0.7251
-1.42668
0.72737
1.68741
0.3005
-1.95751
-2.55185
-3.2337
2.6872
-4.9244
-1.54453
-1.27532
-7.4367
0.6289
-1.3562
-0.80685
-1.79814
5.5207
-2.1017
-1.1676
0.96611
10.13306
2.6836
-0.694753
-1.05665
-2.49716
-0.98946
-2.57516
-2.4437
0.7415
-1.59511
2.4234
-0.09456
-0.8708
-0.07648
0.5415
-1.86354
-4.08452
-1.17942
-0.72662
-0.9082
-2.495
2.9766
-0.4959
-2.0615
0.67238
0.4397
-1.68017
1.0491
0.749
-1.351
-0.7492
4.4713
0.4787
1.86604
-1.2502
8.4291
-9.914166
2.03508
1.537
0.45042
-2.04259
-1.60932
0.2693
2.16614
-0.82652
3.18423
1.3404
1.297
-4.7903
2.00346
0.7398
2.4276
-0.08315
0.5543
0.526
0.777
2.15
0.5045
3.03756
4.1025
0.452
-1.44
0.0815
1.28694
-2.621
-0.9962
0.9502
0.79902
-0.2738
-0.34061
-0.5006
0.0152
3.9443
-1.8302
-0.8773
0.6458
0.5002
0.947857
-0.000828
-0.9018
-2.47484
-0.933
0.9136
0.5075
-1.1816
-0.07404
0.52238
-2.1107
-0.74481
0.8315
1.3327
-0.1209
-0.7763
-0.33003
-0.6943
-0.1236
-1.6539
0.1016
5.1845
2.48319
2.5879
-0.07285
0.15129
0.85372
0.88398
0.02243
1.3208
0.6946
-0.7101
-0.26646
-0.59086
2.76824
0.6808
-0.2297
-1.749
0.3092
7.1216
2.5919
6.6741
0.3614
-1.517
1.1795
-1.3347
-10.4626
0.5804
4.96152
-0.6963
-0.7986
0.1818
0.3872
-1.39533
-1.34889
-3.65768
2.3977
-2.8332
0.539
-1.13
-0.249
-1.85
1.0604
0.53689
-1.76497
1.59277
0.1598
-0.18369
0.37926
-2.04933
1.776
1.6614
-2.0894
0.32463
-4.04705
-0.279749
0.201204
0.0684
-3.3769
3.40437
-1.285
2.42968
-0.8521
-0.14244
2.01967
-3.1357
-0.3853
0.98937
1.23708
-2.6095
-1.3676
1.0789
-1.927
2.04624
5.30114
-2.31719
0.38728
1.9704
-0.3957
-0.4016
-0.238
0.6015
-0.34944
-1.8163
0.7102
1.0774
0.1709
-1.49847
-0.826
3.14383
-0.09978
0.64963
1.3892
0.71295
1.90989
0.7323
-0.128
2.3044
0.862
0.9284
0.725
1.6782
2.1917
1.4694
-0.1039
0.3491
2.1071
1.3136
-0.64087
1.7817
0.312
0.887
-2.76
0.271
-0.042
-0.0545
-4.51
1.07
-1.92
0.342
-0.594356
-0.772807
-0.953699
-0.049216
-0.148556
-1.63822
-0.865163
2.980738
-1.9933
-1.029764
-1.5573
-3.2773
1.2322
2.4967
0.1097
-0.5003
0.0816
-2.34377
-2.00659
0.728
-0.7189
-0.41535
2.1208
0.8112
3.0306
1.4554
-3.4127
-0.4306
-0.1646
3.2653
3.2694
1.90281
1.21923
1.75408
2.27307
-0.79508
1.0567
-3.63872
-0.611
-2.22384
3.58421
1.43461
-1.2833
-0.62837
2.75099
-3.68755
3.03023
0.5156
2.0081
-4.61177
0.8259
0.06042
-3.02651
0.30675
-2.74242
0.71448
1.872
-1.05246
-0.0246
1.1302
-2.31258
0.45245
NA
2.43862
NA
-0.0078
-0.2133
0.12788
0.0078
NA
NA
NA
NA
NA
-0.50591
NA
-1.6116
-0.8944
0.02798
1.59965
2.0275
-1.12159
-1.076
1.0398
0.182
-1.40516
-0.02842
0.231
-0.5083
-0.66023
-0.4157
-0.4956
0.3541
0.0236
-1.147
-0.6818
1.2995
-0.2905
-0.0641
2.1364
-2.904
1.68271
-3.11746
0.901
2.75934
1.02698
-4.81986
-2.1511
-0.1751
0.0494
-0.1751
-0.46
1.14
-0.1728
-1.0905
0.2939
-0.0077
-3.6974
4.7293
1.8178
-2.7119
1.3232
0.1747
1.5018
-0.5198
0.2384
-3.4427
-0.1293
0.2704
-0.3096
-1.2254
-2.9044
-0.4462
-1.3435
-0.4599
0.9079
-0.0311
0.9804
-2.1362
-1.2044
-13.4475
-0.2609
0.5791
0.7374
1.7472
-1.5067
0.7315
-2.5859
-0.8122
7.6057
-2.3014
-0.8244
-0.5776
-0.53
1.3543
-0.1205
2.5313
0.3464
-1.8284
-0.8675
-2.665
4.0541
0.1042
2.6571
-1.8576
-0.7075
-0.6966
-0.7828
2.0826
1.1352
1.70388
2.2984
-0.3415
1.96993
0.5165
-2.86387
-0.397
0.28941
-2.91582
-1.11196
-1.39938
0.60684
-2.61072
-2.53774
0.37811
-1.2303
0.76035
-1.1626
0.93511
-3.7884
-1.16446
0.4645
-0.3588
0.1332
0.77579
-4.3964
-4.41363
0.163
0.0559
0.2137
-0.605
1.68618
-3.41333
-1.9231
-4
-1.73
-1.25352
-5.4973
-1.14
-2.093
-0.641
1.3002
-0.5004
-0.6594
-3.8139
-0.6091
0.6234
-1.4885
-0.2312
2.1267
-3.4474
-0.9511
-0.2713
-1.9533
-0.2821
4.3271
-0.0044
-0.3046
-0.2748
2.9269
-1.2699
-1.3658
-1.7178
-0.5812
-0.6284
-2.1241
1.4047
0.645
-3.5947
1.294
1.3038
-1.3729
1.9015
-3.6349
-0.4965
9.1324
-2.9104
-0.4683
-3.0733
-1.6104
-1.7708
-0.8995
0.8068
1.7352
-1.2292
-2.9721
-1.52829
-0.55135
-1.75926
-0.93457
-1.19531
1.5106
1.59714
-0.15289
-1.42651
-3.977
-0.3014
0.83517
-0.80045
1.15104
-0.67254
-0.64497
-2.53742
-0.58753
-2.27763
0.25408
1.99695
-2.5441
2.54867
2.6627
-2.10593
-2.76888
-4.54763
0.19652
0.3289
-0.12368
10.6354
0.76378
-1.8027
-0.5843
-0.4319
0.2585
1.7067
0.0666
-2.7597
-0.3859
2.89333
-3.58879
2.19468
0.6663
0.79485
-0.01053
3.15433
3.14635
0.31051
-0.0557
0.68195
-1.98814
-5.2533
1.0831
0.13895
-2.80002
-1.064
1.8813
-2.63848
-1.44081
-1.25593
1.1167
1.6554
-0.73503
0.71139
-0.418499
-0.0488
-0.10812
3.45743
-2.4443
-1.02865
0.94642
-9.20479
2.24443
0.398771
1.692604
2.60686
2.823358
0.929703
-0.51968
-1.75094
-2.44929
5.2019
1.55667
1.06891
0.05874
0.33572
1.5121
-2.52233
-0.44819
-0.5442
-1.8829
0.41582
-0.19085
0.25577
1.5711
-0.0083
-2.30943
1.924
-0.22145
1.6862
-0.01327
-0.83716
-0.8814
-0.3866
0.63232
1.54084
2.21887
0.0272
1.57222
-4.4119
5.0059
1.56423
0.73129
-0.78006
2.7133
-1.25461
1.0474
0.21111
1.1509
0.05478
0.56316
-1.11011
-2.68801
0.17605
0.2729
0.9908
2.41973
-13.8307
-10.92221
-0.0106
-12.2703
-0.4358
6.25007
-0.9959
0.82245
0.6367
3.61406
17.1799
16.65469
-5.61287
1.2116
2.59701
0.6862
-0.40852
-1.2202
3.52319
3.22086
-0.4196
1.93772
-1.89554
-0.6125
2.31876
-0.03881
-17.15721
-0.1185
-1.88073
-1.2304
-1.91609
0.04688
2.3297
1.4547
-0.27386
0.0216
-0.8355
-0.0741
-1.7871
5.1888
-1.1851
-1.4381
-0.3607
1.5983
0.16
-1.3889
0.3629
0.3322
1.5608
3.507
0.7527
-1.3648
2.3062
2.7531
0.239
-1.491
-3.2238
-1.4158
-4.7181
-1.7308
-0.9148
0.4032
-0.3746
-2.1418
-2.058
7.1043
-2.9532
0.538
0.6707
-1.5523
-0.6743
-0.4008
-1.7458
10.6708
-2.8415
-1.7898
-1.7931
0.3303
1.3992
2.2155
1.3914
0.1319
-0.0583
1.551
0.0535
-1.8059
-0.4653
-4.3427
1.1313
-2.1619
-0.6718
0.3807
0.5086
1.6495
4.5028
3.7375
6.1219
2.7285
0.6749
-0.1696
2.5121
1.0592
-1.0996
-1.5018
11.4241
-0.5805
-0.3076
3.1615
-0.7661
0.9126
-1.8736
0.4701
-2.8512
1.36182
-0.89817
-0.06161
0.88468
-0.27778
-2.3513
0.81265
0.87383
-2.63627
-1.1738
-2.93826
-1.0232
-3.72663
-0.3889
-0.69222
0.59214
NA
-1.16155
-2.0098
4.4332
3.27159
NA
1.25755
2.2915
0.13719
0.53482
3.16963
0.78711
-0.09488
-1.80017
4.5972
-8.14633
-2.48086
3.1456
-1.75365
2.09775
-1.0819
0.617
-2.50299
-0.58174
0.32833
-2.8845
-0.90267
-4.00652
0.661638
-0.7888
-1.945269
-0.546167
-1.0928
-2.583262
2.906524
0.423684
0.585955
-0.513885
-1.543588
5.049187
-2.070917
-1.0752
5.932433
-1.461669
-1.233
-0.055802
-0.92066
-0.166
-1.7154
4.80813
-2.42304
-1.587
-1.14062
-1.02863
-0.60687
-0.9775
-0.0886
0.38755
2.18306
1.0603
-1.78142
3.82057
-3.76012
0.75083
-0.46785
2.4736
-0.83781
0.6401
0.26824
0.79976
-0.0116
1.7496
-0.61736
-0.2138
0.8678
-0.5445
-1.633
1.8304
-2.7661
0.0635
0.6524
2.3626
-3.6521
1.2446
2.2129
1.0178
1.2468
1.8043
-0.3048
-1.7048
-2.36332
0.1146
1.9937
-0.9227
0.58492
0.46015
2.45969
3.8741
3.6851
-0.4942
-0.9651
3.59485
-0.0396
1.872
0.97201
-1.2952
0.15223
-1.50383
0.57698
0.5695
0.04398
-1.16101
-1.5044
2.403
-1.1986
3.0291
0.69171
-1.03651
-0.0179
-2.3463
-2.51774
-1.90886
2.2924
5.6275
2.1398
-1.2371
1.253
-2.6152
-0.28664
-0.54323
-1.76877
-3.62175
6.32622
8.6025
-1.44
2.21694
0.633
-0.2639
0.643
0.6208
-0.3981
-3.8415
2.4747
-0.0984
0.26544
-0.7487
0.7907
3.4763
0.0978
-1.61692
-0.76135
-3.3531
1.34901
3.4074
4.8042
3.7497
-0.08774
-0.0443
-3.673
-0.0735
0.5666
-0.0794
2.2284
1.1131
1.4586
0.3656
0.7302
-0.6433
0.1347
-0.51387
-0.63883
2.2207
2.3553
-1.4078
3.1348
-0.1249
-1.6271
-0.5931
-0.6213
0.4263
1.6205
0.1206
-0.6714
-0.40222
0.8874
-0.1988
-0.949
-0.255
-0.6024
0.4068
-1.0205
1.5817
3.0045
-0.0155
-0.7807
0.52003
-1.4638
1.1917
-0.04614
1.4155
0.0651
-0.0399
-1.82688
0.5058
5.2608
1.2208
1.0047
9.716
-3.3706
0.43334
-1.6055
-0.14304
1.97849
2.18658
-0.7003
-0.6892
4.368
1.6138
1.9366
-0.925
-0.29875
-0.3637
-1.4509
1.02489
-3.97397
2.4012
4.6691
-0.50654
1.9884
-0.06569
0.154
-2.8019
-0.7132
-0.367
-3.7407
-1.00811
3.457079
-3.88539
0.00473
-0.6157
0.5338
-2.07744
-0.29283
10.5242
1.2888
-2.13887
-3.60564
0.0947
3.3387
1.4633
-0.00349
-2.1542
-0.32794
-4.6024
-0.33178
1.0687
-0.9995
-1.2698
0.728
0.40006
1.5966
0.3925
1.1315
-2.3487
0.64874
0.22661
1.92698
1.19157
-0.2309
1.13252
0.8738
1.00207
-0.4931
-1.4189
0.1517
-2.63195
-1.97049
-0.7065
-1.55779
-0.74624
0.82745
-1.1715
-0.9707
0.9673
-1.74518
0.9587
1.86109
-0.7189
1.23887
1.01959
5.02686
1.5626
2.9007
0.496583
-0.495139
1.22019
3.9018
-0.085
0.9559
-0.0887
-0.9009
-0.5307
-2.94318
-0.1472
4.08373
-1.2188
-1.4996
1.14736
1.34611
1.25033
3.533
-3.3655
-2.5341
0.660606
2.7036
-0.21105
-2.09192
-3.48565
0.9805
0.694312
-0.06792
-0.0048
-0.11
5.7195
2.72544
0.49735
-1.50069
1.5027
0.8247
4.3724
1.15115
0.44786
2.00163
-0.1502
2.0285
3.51966
1.25363
-0.3554
-0.7389
-0.2744
-0.51996
0.58152
-0.1422
0.8937
-0.1422
0.806566
0.028028
-0.948975
0.000356
2.9158
4.6836
-4.1972
0.12526
-1.441
-2.73549
3.51637
0.08526
-0.7728
-0.73853
-1.19509
2.45627
2.0195
0.00701
1.1352
1.4979
-3.4395
-0.3463
-0.2388
-8.8184
0.20316
0.62522
-1.81
-0.341517
2.580317
0.18224
0.89246
-2.1902
1.53565
0.9836
0.4728
-0.71004
-2.192523
0.669138
-0.3246
-1.54981
-1.466249
2.2771
1.30673
1.28383
-0.986885
-0.604822
-0.13565
-1.706721
-2.01918
3.98762
-3.7409
-0.00863
-0.35346
-0.5545
0.4315
-0.2266
1.4598
-0.9938
1.9727
-0.1413
0.9876
1.34383
0.9853
1.004894
-2.2715
-0.23523
-1.62777
1.1354
-0.5747
-0.20323
-1.367118
-0.6938
-0.80309
-1.02759
-1.53277
1.5074
0.84824
-0.58518
-1.23428
-4.45574
-0.77245
-1.88906
0.16705
-1.80274
2.4799
-1.93896
4.00099
2.93304
-6.20875
1.564589
-1.26189
0.17765
-1.0957
-9.09736
-2.1024
-2.34049
-3.53987
0.174952
-2.6912
2.178827
0.43457
1.714407
2.3403
-2.182844
4.1856
-1.0468
2.7861
9.8736
-0.54448
9.79719
0.0356
-3.3203
0.51806
2.0828
0.77063
-0.28922
-1.46821
0.98183
2.4059
-1.3077
3.1023
1.8298
1.6794
15.36
-2.04208
-1.6137
-3.5633
-1.6081
-0.12008
-1.7308
0.6909
-0.42675
0.3542
-3.140365
2.273213
-2.269541
1.4311
0.986984
1.0761
-0.916293
-0.189606
-1.81178
-0.61373
1.4221
-2.86063
-0.936707
-2.499345
0.947457
1.9241
-1.556957
-0.139595
-0.468502
1.45871
3.69446
5.45469
0.29781
-0.72113
0.5662
2.51011
-0.61643
0.05358
-2.9463
0.91352
3.1343
1.22152
-1.5754
-7.73995
2.5343
-0.77402
0.6971
-0.5449
4.03687
-5.27393
-3.0918
0.8394
1.21638
-4.0588
-0.5307
-2.379
5.7518
1.2663
-4.0975
1.16558
-0.07625
3.3975
0.50058
-3.41249
-1.67455
-1.15511
2.7469
-1.72374
0.93932
-0.12501
-3.6331
-4.7531
-3.2932
-1.94276
-3.2932
-2.31127
0.14507
-0.19112
-1.79744
1.50328
0.3895
-5.99488
NA
NA
5.42322
0.18468
1.3994
3.1688
-1.00137
-0.9703
0.39762
0.84533
-2.4395
2.90289
0.207
0.6868
-0.4324
1.0642
2.403
-2.4527
-0.2814
0.73884
3.921
0.9779
1.96616
-8.5803
1.23104
0.643
1.07038
1.7796
-0.83468
-0.6929
1.2714
0.81373
2.0198
-0.07552
-0.41998
-1.31679
-0.2349
-0.2647
-2.5286
-2.5651
-0.333
-3.14236
2.60834
-2.27837
1.8729
-3.50842
0.25882
-2.9841
-0.0775
-0.79172
2.7615
-0.08217
-1.5037
-0.0079
-2.53359
-4.14424
-1.1811
-0.18132
2.26782
1.71046
-1.9205
2.60694
1.6408
2.8377
-8.5808
0.8886
1.64993
1.79662
-1.32894
0.478
3.7281
-0.2245
1.3109
0.379
-0.051
-0.4273
0.1566
-0.5881
-1.8973
-3.1901
-0.9126
2.7818
0.2438
-2.7572
-1.3938
1.2161
1.8822
14.34299
0.3685
-9.48863
-2.88855
-1.321
-0.9361
1.5441
-2.14671
0.708
0.4354
1.8799
0.9772
0.0847
-0.6744
-1.1989
1.3421
-1.56861
1.94836
0.276
-3.4164
-2.1969
-3.353
-1.0681
-0.6782
-7.8131
-1.81253
-0.76178
-0.31123
-1.2561
2.3937
2.3365
-1.7437
-3.5087
3.65231
-5.4502
1.799
2.2565
0.2925
-1.0516
1.4889
-2.993
-0.2368
3.0499
-0.1302
-1.923
1.3685
-0.326
0.1969
0.0869
-0.5632
-1.5733
1.877
0.0821
-1.2837
8.5126
-2.3719
-0.2224
0.0049
-5.4066
-2.4148
-1.0423
0.30862
2.3491
-1.8119
-2.19
-36.2283
0.62
0.2228
3.2491
1.1294
-4.0191
2.3972
-0.3341
0.4849
-1.189
-0.4566
4.122
-1.27
1.26238
-0.46517
-0.6294
0.8241
-0.6072
0.3736
0.7939
1.6239
3.383
-2.0151
-1.5961
-4.3337
0.9325
-1.8597
5.7246
1.9918
0.4488
-0.4106
-3.6436
-1.0541
0.0508
-2.9131
1.0279
0.24637
1.0578
-1.7339
2.7451
-0.66901
1.61705
-1.41036
-0.82023
-2.54681
-1.4199
2.47337
-0.64359
0.238
-0.75112
-2.77367
2.39956
0.1727
-0.37311
0.70094
-0.4639
-4.7768
4.4248
-3.2889
0.49074
0.5791
-1.76712
4.8376
0.513682
0.220693
1.218366
2.724
0.0987
-3.4074
1.10266
-0.6169
0.151732
2.85726
2.24163
1.3675
3.991033
0.64302
1.13659
-2.106024
-1.3618
-1.46902
2.20433
-2.814417
-1.79519
-1.03254
-0.279424
0.4865
0.217317
-0.3381
-2.457108
-0.14939
0.20722
-0.0387
-2.45818
-1.0416
-0.4474
-4.76141
5.65699
-2.75802
-2.71182
0.971373
-3.116025
-0.4867
1.214031
0.49281
-1.377126
-9.0741
-0.38896
3.492696
-4.21705
2.19414
-0.92952
-2.18394
-1.03329
0.40605
2.09341
0.1156
-2.7966
0.9954
-1.24901
-2.1597
1.4145
-2.6285
-0.98379
-1.05
1.94989
-0.0995
0.0814
-0.6551
-0.0829
0.352
-0.737
0.8683
0.024
-0.14325
-1.1483
0.7886
0.6089
1.1708
-0.6023
-3.41837
3.88754
-1.12966
1.2166
-1.6538
0.8271
0.1065
2.9227
2.13536
-1.2718
-1.1391
3.9699
1.4487
-2.4399
1.9839
-6.1999
1.54477
-0.49259
-2.60191
1.7333
1.88033
0.77908
-1.03612
2.1548
-0.93
-0.603
1.095
0.9226
1.7799
1.19588
-1.3837
-0.8556
1.6438
-1.8446
-2.97919
0.60399
2.53648
2.846
2.4041
-0.3827
0.586
6.9051
5.5858
-14.3535
3.9789
3.24367
2.586
0.4095
0.1535
-0.1854
-1.252
4.88429
-2.2822
-1.059
2.19378
1.49897
-2.5628
-1.88086
0.0472
-4.54728
0.05318
-2.4596
-2.7962
0.4999
-1.1849
-0.53911
0.19338
0.1661
3.1707
-1.9217
-3.80075
1.38222
-2.20042
0.82022
-0.7494
0.3478
1.9991
-1.1059
0.073
-1.3949
-0.773344
-0.154415
-0.14445
-0.79529
1.174
-1.90445
-1.9286
-0.78948
2.15266
-0.72632
1.897
0.8945
-1.20616
1.27147
-1.6816
0.7912
0.17651
-2.9235
0.40406
1.1164
0.28533
-4.2131
3.27427
0.1096
2.1928
-9.7135
-9.9837
1.1273
-0.7256
0.2715
-0.5664
-0.68
-6.372
4.82381
0.8948
-1.0885
0.4768
0.7908
-0.3075
-0.3888
0.82489
-5.0726
-1.51278
-0.0291
-0.24241
-0.075
0.0708
1.7279
-0.78114
0.1541
-5.53377
-1.51227
0.5396
-2.4365
0.59059
-1.06945
-0.73794
-2.56132
-2.93776
1.8063
-0.4397
-6.8286
0.89423
-2.61178
-2.0758
1.53511
-0.57169
0.90229
2.95596
-2.093
-0.28838
1.06549
4.6983
-0.8726
4.30478
0.7048
0.64734
1.71858
5.26362
-3.6271
-1.2649
0.03996
1.54954
0.93641
1.26946
-1.95645
-1.4301
-0.46222
-0.47643
1.45537
-0.08363
-2.83962
-0.1004
-0.5731
-4.12356
-0.15179
-4.9326
3.70061
0.64446
0.63172
-1.27956
0.30756
-0.7295
-2.5784
-4.6777
-3.17659
-0.1549
-0.1747
3.76869
-2.59562
2.6506
-1.2826
-0.5822
-0.998565
1.063
0.3018
2.7057
3.5983
2.854
0.6733
-2.3779
2.9238
-0.30421
-0.869
1.0009
-1.0704
-1.8151
-0.61924
NA
4.56119
-0.78954
-0.4725
-4.10763
-1.8699
-0.9
-0.47879
1.2588
-2.5934
-0.8423
-0.5798
-1.96584
0.6183
0.0159
-0.74906
3.43424
0.87477
7.10977
2.5142
1.435
3.0895
-2.1522
-0.7743
0.8276
-4.41
0.726
0.6943
-0.0342
-1.9137
-2.8647
2.2619
-3.1081
-0.5538
0.2575
1.5019
-2.09265
0.00508
-0.08611
-1.2546
1.2923
6.1822
-0.069
-1.69022
4.6532
3.9847
-2.77929
0.24473
-1.6548
-1.774
0.4747
-1.5937
-0.6426
-1.0284
-1.83314
-1.4557
-3.4178
-0.2694
5.49616
1.3065
0.0292
-0.77812
-0.9132
0.36101
-6.5791
1.08933
-3.1434
-2.1822
0.4171
-0.2318
-0.40094
-0.00344
-1.0879
1.0568
0.7775
0.40061
1.46636
0.3723
-1.1006
0.4132
-0.89397
1.1748
-1.6901
-0.1633
-4.489517
0.86229
-2.50297
-2.3772
-2.83526
1.5334
-11.4503
0.579
0.59
1.5285
-0.6279
0.2866
0.099795
-1.24789
1.8356
0.53964
-0.93881
-5.022
-1.07604
4.1455
0.60477
-1.47208
4.7096
-1.654419
-2.9206
-0.993262
0.0951
2.19596
0.80989
-0.70535
0.018106
-1.2922
-2.0717
0.0982
1.59376
-0.26319
2.90353
0.239
0.4812
-1.001
-4.31206
-0.98106
2.56045
1.96234
0.97396
-1.17402
1.6444
-1.6958
1.3552
-1.2329
0.517277
-0.321
0.15326
3.5827
-0.6626
-1.9534
3.4716
-1.3529
-3.0409
2.8489
3.17125
-0.86924
3.2172
0.17113
0.4904
0.52358
-0.13285
2.38815
-2.2506
-0.161
-3.80007
-0.77075
-0.3588
0.85658
1.2746
0.6878
2.37561
-1.458
0.8095
-2.5587
-1.1235
3.6339
-2.173766
0.0608
0.105694
-0.80568
-1.0702
4.5069
-1.5019
5.1394
1.3835
-1.3042
0.7272
-1.7576
-0.0557
2.97804
-1.50688
-1.1239
5.7915
0.3938
0.2786
1.49006
0.07802
1.8212
2.06716
-0.74657
1.1997
2.41376
-7.7265
-3.57545
-1.21746
0.2333
0.5337
-0.5916
-2.3594
0.43271
-0.48655
0.91865
-0.8137
0.1766
2.675
-0.6265
-0.74862
-5.3765
-1.7587
-1.45993
0.4213
1.34433
-3.78994
-0.17116
4.33363
2.7561
2.57178
0.46696
1.7042
-0.1849
2.41073
0.5257
NA
-0.61214
-2.92908
-0.62606
1.7268
7.4298
0.1762
-0.2762
1.633493
-0.7046
-0.4864
-0.74182
-0.99451
-0.95
-1.6059
-0.1012
1.2636
0.14873
0.632
5.9571
1.1462
-1.6023
-0.3113
0.77138
1.23344
2.2825
2.16902
1.7716
-0.62861
-3.2373
1.3011
-0.032
-1.50346
1.7196
-2.1544
-1.84842
2.0321
-4.7889
-2.2097
4.0099
1.16674
0.56741
0.95683
1.34831
-4.74157
4.823
-0.1126
-1.7135
1.1761
-0.03797
0.9373
1.1076
-2.13569
7.3562
-1.8485
-0.03772
2.8379
-1.53255
-1.09529
0.6211
2.5613
-1.3157
-4.2336
1.8441
-1.53012
-1.4635
-1.70715
-0.2195
-14.5174
1.003
-0.1828
0.0119
1.576013
-0.1153
0.23903
1.7423
2.3376
-0.14676
4.47769
0.074811
-0.19693
2.10925
-3.1492
-3.0438
3.9598
-1.6476
1.9992
1.7055
1.0806
3.3431
0.20099
1.9496
0.8331
0.67258
-1.7835
-1.96022
-1.8439
1.779
1.6894
-0.7873
0.4222
-0.5192
0.662337
-2.3502
-2.327
-0.8951
-0.23364
0.1639
0.1592
-5.7461
1.422
0.444
-4.3886
-1.39478
2.5534
-1.648
-0.4249
2.5151
-0.15417
4.97098
0.7581
-0.53315
1.59361
-0.11366
0.91272
2.5967
1.7501
2.05661
-1.78264
-0.9091
1.45656
-3.38824
2.7777
-0.30058
3.14521
3.1386
1.8195
-0.37636
0.7884
-0.15304
-0.1281
-1.51427
0.1736
0.659
-20.8522
-0.61681
-4.81353
0.216
0.3085
-4.21473
1.0271
1.5704
-0.82294
1.0989
-1.19339
1.04485
1.44959
0.46413
-1.0581
1.97252
-4.91638
-0.71247
2.24421
0.7764
-1.7291
-0.3754
-8.74448
-1.9278
-2.5396
-3.49774
-4.54951
-1.05855
4.0581
0.08138
-0.6032
6.9438
-0.1518
-2.92054
-1.7054
-0.7974
5.3795
-5.42346
-1.06723
-1.2321
0.8015
-0.912
1.01453
1.3846
1.7056
6.38252
-0.0429
2.03984
0.34879
-1.27471
-1.50566
-2.27179
-0.37532
1.30083
-0.35891
1.28946
-3.43076
5.4615
-3.0872
0.73509
-2.1413
1.02447
0.911
-2.1413
3.5537
2.3055
2.31635
-0.01764
4.0737
1.6836
2.1633
-5.1932
-0.0705
-4.03
1.1707
3.34429
0.55
-1.35433
-1.0096
-3.6527
-2.1728
-0.36752
11.9317
0.033
0.93137
4.66
-1.5741
-0.8142
6.41677
0.93564
1.01534
-2.15582
-0.2358
-2.61884
-0.69984
-1.900346
1.5823
-0.47711
-0.3272
-0.5655
1.48529
0.2126
-2.62612
0.02202
-0.7211
-3.64775
-0.8511
-0.66357
0.04206
12.62001
0.31643
0.3466
0.7893
0.44357
13.1896
-1.5061
-1.57811
-4.37334
NA
0.78195
-1.50607
-0.01762
-1.45873
0.168
-0.6706
1.6999
-1.79702
-0.61934
-0.2933
0.94462
3.15718
8.114
2.86856
-4.0764
1.98924
2.282163
-7.20862
1.7905
-0.45793
-2.3019
-1.4894
3.935
1.3153
0.03988
-1.901
-1.7924
1.62383
0.13452
1.2035
-4.0199
0.59944
0.4537
-1.0693
0.80943
0.85
-2.1397
-2.56725
0.78
1.4653
-1.19861
0.73
2.5172
3.6323
-4.52451
0.30979
7.8518
-0.1207
4.1271
1.51124
-6.1367
2.3772
0.5176
0.3239
-0.6447
-3.64662
-2.5106
-2.7228
0.84604
-1.60887
3.20533
0.3344
-2.85488
1.991
-1.0641
-1.952
-0.2096
0.04676
-5.5957
0.3511
1.01703
-1.2471
1.5648
-0.129692
1.00852
-3.750801
-2.37114
3.59303
-2.7923
-1.86649
0.5798
-0.72585
-6.4983
-3.0976
-0.3691
1.784291
1.8136
-2.3123
-3.4441
-2.96556
-0.5165
-0.2285
-1.60018
10.0933
4.3273
-1.818654
-3.39527
4.1149
-4.17566
1.79031
0.08604
-1.7054
-3.83211
1.3812
3.6552
2.9767
-2.4916
-1.6021
-0.22314
-1.8823
0.1825
2.19043
4.9552
-4.45607
-0.8857
NA
-1.368
-4.693206
-0.19993
0.3428
1.27464
1.49252
0.53956
-1.74516
1.14143
1.95862
-0.4057
1.648
-0.63147
-0.2505
-0.89355
0.7687
-0.3785
1.0642
0.235
0.211
1.32393
-0.47706
-3.9847
0.06522
0.4443
3.865
0.5072
0.3497
-0.3324
0.2961
-1.1935
-0.52732
-1.3894
1.0576
-0.0609
0.5919
-2.3205
0.999
16.1004
-3.2766
0.94125
1.82658
-1.21127
-1.745258
-0.04416
1.268
0.7919
-0.6349
5.642
1.48233
-2.1369
-5.7496
-2.043
0.64255
0.398
2.32212
3.1808
0.4193
-3.9473
2.2594
0.0359
1.2659
3.98502
-0.2202
0.2231
-0.3721
-1.1159
0.17714
-0.66505
-1.58813
-2.011
0.24062
NA
-1.39101
0.98787
-0.6531
-1.67418
-2.4965
6.3121
18.4654
0.33883
NA
0.3612
-4.8471
5.4795
0.99734
1.48441
1.921
0.85467
3.53585
-0.5303
2.78011
0.52896
-1.129
2.3902
1.3687
3.2305
2.2121
-0.6354
-1.4503
2.08273
0.85423
-0.0289
-0.7648
0.9145
-0.1947
0.587316
0.88564
1.2026
-0.41202
0.18264
-0.6874
0.27509
0.812547
-0.354087
-2.68067
-5.6979
-1.38583
-1.8179
3.170439
1.4049
-0.6029
0.378
0.51821
-0.2433
0.7131
-0.083699
-0.06299
-2.03466
-0.7407
0.8397
-2.92983
1.5512
2.80069
-1.2223
0.79112
-0.5011
-0.2704
-3.419
-0.6208
1.0086
-0.450585
0.51609
-3.52048
0.9083
-1.632475
-1.8465
-0.4484
0.5601
1.9129
3.7033
1.5027
1.14365
-0.52472
0.8585
-2.5934
0.635
7.70283
0.7367
2.2805
-0.7117
1.2282
0.3259
-0.58378
-0.84233
0.2957
-0.60673
-0.6069
3.7565
1.51386
0.2396
0.3943
1.347279
-0.3101
-2.29306
0.7379
1.10357
-1.88082
-4.04096
-4.6532
1.6366
0.1725
4.15804
-1.43771
-0.2732
-0.79128
-4.64168
1.44873
4.0243
1.09452
-1.898736
1.01186
3.6789
3.2357
-2.1631
-7.7959
-0.2666
2.6191
-0.7279
1.5889
2.2057
-0.28496
-0.1676
2.4077
-0.07378
-0.1144
1.59516
0.6762
1.1025
0.8749
0.2194
0.12207
-1.0534
-0.19382
-1.9207
-0.46106
2.3162
0.1656
0.8636
-0.09411
-0.9987
-0.77743
1.9842
-0.047
-2.0572
1.6136
-0.9257
8.36786
-0.47548
-1.9775
-2.7153
0.5905
-1.7073
0.6049
-0.8507
-0.87939
-0.0868
-1.7116
-0.9532
-0.6101
0.6304
0.5685
0.21335
-1.69
-0.57058
-1.47452
-0.7878
0.6974
-0.244432
-0.22137
-0.1819
-1.1526
-1.5053
-0.1956
-0.1686
1.82561
-1.16749
-1.4591
1.96874
0.25766
-0.4262
-6.381
2.785
0.4206
0.42912
-0.9756
-2.51164
-0.27327
-1.6047
2.312655
2.2949
2.1593
-0.46937
-1.6038
-0.07568
2.6629
-2.33628
-5.0059
1.7948
-1.3541
-0.4357
0.078452
0.2333
0.71931
-0.2934
-2.3463
-3.1459
3.7842
0.49571
2.6805
0.9407
0.498457
1.0485
-10.34744
1.7247
0.27291
-0.3465
-0.63663
1.815687
-0.641861
-2.48127
1.23115
0.41754
0.1248
-1.51674
-2.4938
2.2074
-2.548
-1.6159
1.59922
0.1441
-0.144765
0.6072
-0.24056
0.1105
2.1279
0.28617
3.25093
-5.311
-0.3723
0.6585
-5.7185
-1.444
0.50024
6.9083
-1.76972
0.3391
0.67898
2.0161
1.4671
-0.946824
8.23911
-0.04766
-0.6342
0.6414
2.2476
-3.434
2.814121
0.4559
2.7113
2.1181
-1.6557
2.41
-0.43898
4.29222
0.4958
-0.20621
0.2726
0.43042
-1.66106
3.98
1.03042
0.8179
1.41452
-1.08045
0.806
-0.92359
-0.78669
0.59833
-0.03282
1.62731
-0.556
-1.1271
4.8078
-1.2437
-3.0818
-1.1056
-2.34389
1.0867
-0.42516
NA
0.56135
-2.7956
-0.6563
0.72248
-0.91437
NA
-1.2195
3.04094
4.55688
0.99834
-0.8743
-2.38889
0.95298
-0.2081
-3.3869
-0.0178
-3.2515
-0.56488
-0.781
-1.083
-0.7915
1.6997
8.2137
0.4595
-2.47786
0.1412
1.28152
0.638
0.0125
-1.04424
1.166
0.93203
0.41221
0.54468
1.8834
2.2971
-2.6957
-11.3061
-1.336
-2.1148
2.3011
2.5795
-0.4143
-0.4097
0.83859
2.3553
-0.5791
1.373425
-0.0874
1.1872
-1.31759
-0.6085
-0.3121
1.18238
2.1438
-0.6381
-2.1902
-4.56693
5.34577
0.000908
-1.9174
-0.2542
1.3814
1.9714
0.6793
-0.80247
0.98731
-1.4555
-0.98688
-0.1751
0.4244
1.3864
0.312553
1.2436
NA
-3.52456
-1.04955
-2.15519
-0.04169
1.60076
0.654
-4.6024
2.3872
-1.5477
-1.7128
2.2915
-0.59479
-2.31221
1.7892
-3.331524
-0.0796
-0.49564
1.63291
0.0288
-0.19832
2.8484
-1.74711
-3.26239
0.64047
2.8577
1.8184
-2.5375
-2.7135
-0.1506
7.2108
-4.1854
-8.1715
1.3211
0.1804
-0.0908
0.56102
-1.63905
0.1724
-2.85421
0.90294
1.77757
-2.1997
0.6539
-0.99049
-1.61877
-1.3927
-0.1472
0.1707
-2.8664
1.1026
-0.046257
0.5315
-1.3786
-0.02077
-0.0188
1.1268
-0.71866
-3.42827
0.53004
1.2345
-2.5309
-3.9786
1.60856
0.63447
2.04719
-0.5762
-0.63252
2.0326
-0.0442
0.33571
-1.3181
-3.3313
-1.96346
-2.38741
1.0427
12.9568
-0.5088
0.879452
1.160319
-0.26453
-2.6651
-0.9652
-1.16002
2.9435
5.28162
0.01019
1.7347
-1.3145
-1.40654
-1.06974
0.9156
NA
-1.3095
-3.617203
-1.8084
-0.79807
2.0507
0.3137
1.5289
4.43334
2.1753
-3.1817
NA
1.2184
-2.9614
-3.4321
-3.9772
-0.01
2.9642
4.594
-2.28277
0.829277
-0.7962
0.3861
-2.93754
3.7421
0.1065
0.09969
-0.04196
1.08309
-2.5691
0.594148
NA
-1.7275
0.216
-0.223772
-0.732151
0.68
-0.10588
-1.0452
0.8929
-1.6719
0.75773
0.64782
-0.75
-0.2909
1.3068
-0.7182
0.60024
-4.9367
-2.6316
3.86086
2.494
0.576873
-2.5899
3.24405
0.108
-3.38583
1.1653
0.872
-0.7367
-2.1761
1.2953
-1.3264
-2.9136
-0.2663
-0.89645
2.7025
-0.2448
0.53903
1.70404
-0.2347
-2.0965
-1.0965
0.21336
7.0254
-0.22359
NA
-1.42318
-1.67884
0.4196
1.36747
-1.6292
2.4357
-0.52629
-0.8595
-3.46704
-5.21702
4.269
1.1837
1.3067
-1.10269
0.559983
-3.3277
-1.9245
1.4876
4.53692
1.978538
0.2794
-2.0674
1.20077
-1.8455
NA
-0.58093
1.87251
-2.4352
0.0904
-2.2155
-0.73518
0.32121
-5.06043
-0.3818
0.45915
1.6812
-1.05929
-3.1922
0.0393
-2.73465
-0.97378
1.80646
-1.2458
1.2707
-2.1383
2.224437
-1.09018
10.29968
-0.386879
-4.63157
1.42169
1.282
-3.707
0.3058
-1.46652
-2.4186
-0.4756
-0.0362
2.5931
-0.5963
-1.9992
1.11506
1.82107
0.55173
-3.3346
0.634
-1.75098
4.8856
-3.6232
16.62479
1.8325
1.79223
-0.3923
-2.3524
-0.5035
0.6473
3.64432
2.09638
0.0881
-0.87184
-1.1533
2.18273
-0.50074
0.41099
-0.66545
-1.2056
0.68359
-2.29649
3.97867
-1.1219
-0.9738
-0.5264
-0.52297
1.097
0.8231
NA
-3.21321
1.836
4.2147
-0.39408
1.13251
-0.62988
0.9518
-0.3548
-0.7655
0.74256
3.9679
-4.824492
-1.20282
-1.8792
-4.607
0.6975
-3.6765
0.0549
-0.7394
-0.0767
1.0879
-0.9207
1.4109
-0.51966
-0.13913
-1.8539
4.1678
-1.011
-1.4947
3.38455
-0.1248
6.0161
-2.6435
1.8932
-3.60641
1.2316
-2.1525
-0.44626
-0.03467
0.19156
-0.812579
2.9013
-0.30056
6.31264
1.2632
2.1021
-0.9765
-0.22943
NA
0.0481
-0.4128
-0.4689
11.7119
3.4535
-0.64182
-0.7201
-1.996
1.7847
-1.57383
-1.05326
0.1652
0.6638
-2.0436
-0.72105
2.05328
6.8484
-2.10195
-1.3079
-3.21662
-2.7061
4.7418
-3.23458
-0.9784
-2.1021
1.3557
0.0871
0.4964
-0.59684
2.8677
-2.06603
2.7986
2.5795
-0.78646
-0.08209
0.543239
-0.8758
-0.2135
5.21728
-4.44113
0.30858
1.8957
-0.6074
-0.5037
-1.4851
-4.66205
1.8478
1.66301
0.8191
-0.9848
-2.0131
-3.19224
0.3223
3.2625
4.2194
-1.275
-2.62016
-0.57649
1.9082
0.2273
-0.53667
0.64388
2.97275
1.84541
2.12753
0.8402
-5.45238
-0.7057
-0.67208
1.83752
-2.00168
1.2499
-1.21017
-0.6135
0.25887
0.0639
-0.84354
-0.61773
0.2778
-1.54345
-2.66815
2.4073
0.8157
2.3635
0.73756
-7.6204
1.4745
-4.8816
0.3295
-2.99748
1.4091
1.9476
-0.3454
-4.8674
5.225
8.76539
1.0102
0.0448
0.8994
-0.4776
0.0199
-0.93676
NA
-3.2921
NA
NA
NA
NA
NA
NA
NA
2.2324
-0.53045
NA
NA
NA
NA
-1.9954
NA
NA
NA
NA
NA
-0.1287
NA
NA
1.8685
NA
NA
NA
NA
-1.46472
NA
NA
NA
NA
NA
NA
NA
-1.60189
NA
NA
NA
NA
NA
NA
1.4772
NA
NA
NA
1.5419
0.19858
0.77991
NA
0.7938
0.54789
-2.6916
-5.88698
-2.71955
4.4297
2.0182
-3.42633
1.2708
0.7778
-0.65907
-1.2345
-0.21183
0.744314
-3.2941
3.16
3.80173
-2.2738
-0.8611
-1.32069
-0.2991
0.39982
-0.74095
-2.6313
-0.3581
-2.196025
4.0794
-2.439936
0.2233
0.965
1.24843
1.908795
-0.219
3.19345
-1.8158
-1.1855
-1.640717
-1.315588
-6.256152
0.2875
-0.6618
-1.0576
3.7815
-0.6693
-1.7204
-0.86304
1.410133
-3.6054
-2.41
-1.02538
0.7006
1.34
1.54
-1.72319
1.2098
-1.506045
-4.17118
-0.9168
0.387
-0.771
-0.1578
NA
NA
NA
-0.229
-2.5542
-1.2488
-0.1912
-1.4533
0.0985
0.89779
-0.8949
1.4104
-0.4547
0.0724
0.5734
3.08152
1.9724
0.9521
0.6817
0.3356
-0.3467
-2.3205
-5.4973
-0.0732
-1.7725
-1.2886
0.78897
-0.68
0.38827
0.7199
0.58245
-0.84658
0.4887
-3.3802
1.2601
5.0616
3.41263
-1.5811
1.527313
2.983059
0.94264
0.616
-6.2181
-1.1288
-1.2863
-0.60525
-20.354
-2.6607
3.595607
0.6832
-3.9209
2.135302
-2.4551
-2.8249
-3.3934
0.38596
-0.8709
0.07556
-1.0706
-2.145753
1.2957
-1.1332
5.9201
0.02554
-2.8419
1.24948
0.8044
-3.421455
3.6155
NA
1.6001
-1.1409
1.4588
-0.12868
NA
0.0559
NA
-1.60361
-0.3324
-4.0109
3.64771
-0.5803
-1.42868
6.0702
0.9821
-1.5604
0.8953
0.431
0.87648
-1.5035
-0.31015
0.47696
1.0965
-0.5538
3.975903
1.684
-0.0578
0.73696
1.0642
-1.9014
-2.81719
2.189761
1.6952
-2.6789
1.67834
-0.809347
-0.73924
-3.318755
1.5388
0.453
2.0882
1.4334
0.419448
-0.2158
0.924
-1.86856
0.66196
-2.88328
-2.20772
-3.80908
-1.0044
-2.106597
0.146
3.21792
0.02347
3.6702
-1.00619
1.764
0.1764
2.1133
-4.7795
4.941
-1.54387
0.286166
-1.00725
0.30708
-1.7688
0.38041
0.4395
-0.0263
-1.35534
-3.2562
NA
-1.327384
NA
1.13226
0.055671
-1.4229
2.161055
-0.3701
6.322827
0.956
2.65339
2.7571
2.5994
-0.2101
1.45324
-0.36837
1.39182
2.24331
1.50122
-0.409
0.4196
1.8361
-1.5308
2.3227
-0.508
-1.1455
-1.3783
0.319
0.3947
-0.8641
2.5245
1.68216
-0.56148
-0.9766
4.56358
-0.06567
-2.45168
1.6692
-0.53085
-0.5538
-0.8772
-1.48
0.75123
-0.97597
-1.4211
0.583
-1.7246
-1.00315
1.2882
NA
0.4673
1.7203
-5.2003
-0.3761
0.47167
1.51314
-2.60187
0.5262
-2.21414
2.075932
-1.0125
-2.2357
1.06168
-0.89304
1.6968
-3.6199
-1.8283
-0.079
-0.5113
-1.093
1.14045
-5.2995
-0.1275
0.1648
4.4783
0.60222
-1.2104
-0.2099
-6.6459
1.4805
0.4584
-0.43886
0.79442
1.18524
0.91294
NA
1.634
-0.44796
-2.59283
-0.85323
-1.195
-0.478745
-5.9707
-1.0963
-1.3624
2.26805
0.4631
0.6841
-2.14806
1.4429
1.4235
1.2413
-2.30597
-4.2859
-0.065099
2.1084
2.6522
3.1871
1.29014
3.5099
1.49426
-3.7921
-0.57891
-1.894
0.44863
-1.07165
-0.4627
-0.4469
-2.562407
1.1741
-0.84
-1.2287
0.05713
NA
26.8339
-1.1169
-1.717
0.5573
1.84
0.54624
NA
1.5075
0.1642
0.16044
-0.4326
0.3019
0.1738
0.6455
3.1087
-3.0466
0.5784
-4.662646
0.1221
NA
-1.2986
-1.1657
NA
-0.02958
2.23932
0.098979
-0.8033
0.299848
1.58116
1.8645
-0.82128
-0.7527
0.35971
-0.34338
-1.51527
-2.4758
1.29823
-1.51407
-0.6483
0.6418
-4.726
1.285962
0.96046
1.5381
1.0576
-5.1892
-2.73223
-1.9241
-0.4534
-0.979076
-1.9933
0.60089
2.6654
-0.02671
0.318033
-0.30907
-1.7257
1.9047
-1.332252
2.13601
-1.2517
-3.384
-0.9649
NA
1.7997
-0.5149
-0.0726
-1.3047
-1.771877
-0.2905
-0.530535
-1.0862
3.7084
1.8248
-1.17801
-2.0169
0.1783
0.19409
0.6445
0.4211
1.22549
-0.26807
1.9783
1.30967
0.22688
8.75742
-1.1234
6.2913
0.476024
NA
1.4689
-0.809122
0.65549
2.4645
-0.5572
0.132
0.9945
-1.2819
-0.62092
1.8144
2.0754
2.83238
-0.5648
1.6422
0.22095
1.994241
-1.0077
-4.39114
-1.1572
-0.4339
0.0152
3.40436
-1.50225
0.4053
0.203
1.650371
0.3854
0.801107
-1.2523
1.74049
0.2647
-3.1761
-1.02532
-1.3529
NA
-0.3965
1.4609
-0.359072
3.9474
3.9852
-2.81
NA
-1.08
-0.1423
3.8306
1.4878
-1.3903
1.0805
-9.4614
0.7062
1.16017
1.50657
1.63
0.9444
0.0268
0.5688
0.112
NA
-2.21036
0.9747
0.54569
0.109
2.66
0.52376
0.46414
-0.82779
NA
-1.9391
-2.112575
-3.0367
-1.0796
0.4459
NA
-6.07376
-0.4421
NA
0.0699
1.4449
1.3835
-0.06112
1.6104
0.4374
0.921359
1.238937
-0.124
0.7622
-1.65806
-0.74598
0.9292
-2.7037
-0.54188
1.2031
3.20182
0.9537
0.09793
0.459
0.2558
0.60329
-0.22803
1.28857
0.1772
-1.56295
0.352188
0.47815
-0.69361
3.53148
-0.8731
-0.21753
-0.264525
-1.70201
NA
0.0393
-0.8515
0.699278
1.04
-0.49137
-0.1669
2.70824
-0.339
0.785944
-0.54076
NA
-0.3543
-3.8691
0.95749
0.20942
-0.078469
1.15
-1.1116
-1.509
-2.666157
-0.4887
0.5886
0.199545
0.6095
-0.0301
-0.1245
NA
-0.1809
-0.8081
-5.7038
-3.19802
-11.7
1.2283
0.195306
-2.5643
0.5425
-2.4371
-1.86568
0.111
0.23273
0.5169
-2.4316
-1.32185
2.5256
-4.453516
0.741
-0.7103
1.0203
0.302273
-3.0527
5.3808
0.43263
-0.6684
0.2434
0.5513
-0.9016
-0.3808
-0.33595
-2.2368
-0.2898
-3.439546
-2.0169
0.459
-5.628242
-0.5183
-1.64682
0.1286
-0.9592
-1.2818
0.6704
-2.52123
0.24855
-2.4657
-1.0783
-0.197841
-0.72406
-0.7146
NA
-1.0371
1.7296
-0.29765
-0.090907
1.4252
-0.784368
-0.2023
NA
0.099758
0.90325
1.766
2.2918
-0.292
0.09644
-6.573
1.16595
1.69085
-3.70215
NA
-3.13978
NA
0.9673
0.4749
-1.610906
-0.0489
-0.705
NA
1.12626
1.3105
-0.8824
-1.4514
1.4547
1.0334
1.7109
NA
0.48142
1.57454
-0.2632
-2.5085
-2.8302
0.0861
NA
1.42694
-0.57852
2
0.88846
-0.15202
-0.2733
0.36371
-3.3597
0.4587
9.6161
-2.5387
-1.12416
1.201385
-0.6696
-2.7012
1.14266
-0.7143
NA
0.812
1.14654
3.6178
NA
0.5374
-2.06211
8.297
0.1376
-1.22169
3.3549
-0.62309
2.1329
4.864
0.6837
-4.71327
1.977351
-0.52769
-3.1926
-1.06588
3.6589
1.3459
-0.39143
NA
-0.5552
2.92731
0.369
2.2094
-3.7478
5.3817
-0.230079
0.24329
2.76207
0.3139
-0.736
0.3498
6.322
-2.797039
-2.05739
-2.14762
-1.0947
6.10921
1.13978
-2.34015
-0.56762
0.852102
-0.4514
-1.8573
-0.7453
2.44745
-2.85109
0.9419
3.1308
0.2929
-2.9772
-1.6565
0.204663
-2.0169
0.18875
-6.0293
0.308503
0.890456
3.6575
-0.06361
-1.99979
2.295
-1.182489
0.53725
-2.96436
-0.273
-4.81036
-0.49787
0.30763
0.3514
-0.284
0.0643
-3.3323
NA
0.6269
-0.9814
1.4041
0.81755
1.499704
1.78243
0.30372
3.96137
-1.61897
-0.9757
-1.164
0.8683
0.4893
-2.5132
-1.74531
-3.8823
-3.286594
1.2909
-1.94373
-2.378289
-0.8217
0.97737
0.8531
-0.8487
-1.956357
0.270712
-9.87616
2.6654
-1.76123
-6.0222
5.5161
NA
2.61992
1.46979
-0.27798
1.05026
-0.70366
0.637757
-1.33855
1.7986
-1.1451
1.54835
-0.0769
-2.1398
2.6881
0.947999
2.344
-2.94674
0.6168
1.0815
-1.34
-1.3047
-3.02577
NA
5.4699
2.56581
-1.2224
-4.4808
-1.54445
3.80857
-1.7422
0.199
NA
0.1855
-0.0385
-0.8689
1.127019
-0.69522
3.1235
1.6
0.65765
0.4122
-0.5032
0.11463
-3.24564
1.9273
0.3373
2.14404
-23.94649
1.0581
-0.013903
0.06189
-0.011357
NA
0.9467
2.2719
-3.05939
-2.8182
1.31077
-0.544
-5.4249
-4.641934
1.6086
1.787663
1.50673
0.174
0.4171
-2.40046
0.7713
-2.6336
0.1761
-3.9098
1.41122
-0.44414
1.2532
-0.0571
0.723752
1.3597
-0.6192
-1.672
2.2683
0.9781
-0.0576
-0.37961
-1.6562
-2.5497
0.44543
-3.760305
-0.1322
1.18527
1.9946
1.2751
-1.66278
1.1548
-1.5179
0.40695
-0.3835
2.25143
2.5199
-1.59
-0.2867
-0.8464
-0.171
0.41245
-2.10573
3.594324
1.8823
-0.55711
-0.6345
-0.3504
-7.4143
-0.50665
0.74842
-2.77397
-2.3716
NA
-0.47215
0.13563
0.0208
0.0089
-3.7433
-0.0632
NA
-0.0306
-11.99052
-1.7929
0.7086
0.3279
-1.88555
NA
-0.4114
-1.834587
1.52462
-0.68252
-3.46432
1.610249
2.7842
3.72352
8.5769
1.33149
-3.18908
-0.68431
1.6104
-1.1565
-0.2071
-0.79
0.30048
1.56463
NA
1.19195
0.8682
1.3466
1.20282
-0.4288
-1.488689
-9.0401
-1.33633
0.05704
0.29053
1.6544
3.372
-1.68775
2.47854
5.8092
-2.6414
-7.21
-4.93225
0.45763
0.4759
0.58086
NA
NA
-0.141
0.6145
-0.3241
-0.04
0.4655
-0.55833
0.3703
2.6965
-1.7609
-3.6428
3.7356
0.96304
-1.80441
1.878624
-0.42657
-1.8024
-0.6572
0.5965
1.170801
-1.19
1.0465
-0.67052
-3.58794
9.6161
-2.593933
0.7332
-5.1595
2.16134
-0.76384
1.7054
NA
0.856135
2.34275
1.6284
-1.948201
-0.4439
0.5475
1.5133
-0.5211
1.71188
1.35529
3.202341
-0.1237
NA
2.27661
-1.5325
2.163726
-4.13524
-0.5814
4.5173
-0.5382
1.058588
0.3295
-5.6405
-2.7609
-1.55788
-1.0575
3.822
-2.053668
2.3744
2.832
7.772962
1.1486
-1.77041
2.1785
1.5411
-0.0731
-1.6071
1.0167
2.8047
-0.459
0.986873
-0.06666
8.9455
0.6865
2.5045
-3.32163
1.4246
0.7702
2.6348
2.3592
1.5142
-1.9203
2.3467
-0.97645
0.0255
-0.759362
-0.356718
-3.962174
-0.0295
0.68962
-0.4159
2.19391
1.12734
-1.834
-0.984904
0.08168
-0.273102
1.1789
2.11037
-2.377356
-2.9072
0.75373
-0.50189
NA
-1.9922
0.0048
1.3276
0.8741
0.3309
-2.37809
1.6318
-2.403962
-0.0285
-2.0819
0.21408
1.648
1.35432
3.3041
-2.7136
-1.7784
0.0209
1.904
-0.9046
-6.1248
-0.7056
-1.094248
0.4535
1.4465
-3.0516
1.840726
1.3119
-3.1553
-1.896651
0.89108
-3.6622
0.6498
-0.071482
2.1074
0.940597
0.339674
-0.7042
NA
0.3861
0.308
0.8899
-2.8466
-0.36367
1.9126
-1.89073
-1.29165
-1.8934
-4.0949
2.0667
-0.3033
-1.641
0.1842
0.09325
0.3035
11.3745
3.8045
-3.5848
3.58
0.39044
-1.0211
0.1161
-1.14435
1.82306
1.5546
-3.7682
2.0899
0.3493
-0.3244
2.90552
-1.29104
-0.3143
-0.1707
1.35595
0.6817
2.40818
-1.82239
1.15
-3.47425
-2.0769
-0.29939
-1.91463
-1.54072
-2.94461
-0.79359
-0.4769
-0.1338
0.337
2.7605
2.27316
-0.3473
2.12539
-1.48815
-1.4863
-0.7948
2.9153
5.91703
-0.1541
NA
1.17908
3.96258
-2.2859
0.41203
-0.4697
0.5594
-2.9131
-2.1174
-4.25359
-0.29602
-3.5441
-1.2818
-3.08068
-1.46699
0.7396
-1.22956
1.27969
-0.0272
-1.37327
3.97645
-2.17508
0.82507
0.06434
-0.2269
-2.5903
-0.7505
3.5795
-1.1889
-0.29213
-1.33453
-1.10764
-2.1706
6.3569
3.223
1.3036
-0.91308
0.4544
-1.0724
-3.8045
-0.2679
-3.7644
-1.39611
1.60377
-0.01
-1.4485
2.13024
-1.7213
-0.7694
0.1548
0.4549
1.37
1.98432
0.9003
1.1894
3.63085
0.4878
0.34514
0.3879
-1.3783
-3.6058
1.9593
4.33865
-1.91046
0.46052
-1.2158
-0.1327
-0.23735
-6.30453
-2.3283
1.7176
1.8136
-0.25948
1.36788
-0.6098
-1.12389
-2.06665
-0.904
1.8091
-0.442
1.2941
-2.7567
0.4267
0.8079
-0.5859
0.74661
-4.0337
-0.15287
5.7582
-5.2682
0.19708
-4.2674
0.9993
-0.59293
-2.7693
NA
-0.04923
2.4351
-2.33398
0.1501
-8.9518
-0.0058
1.2399
-1.2198
1.3436
1.5223
-0.92609
0.07932
-0.118
3.1033
1.4706
NA
0.783
0.0406
3.1111
-0.58757
-1.3669
-0.4225
-2.32321
-1.11972
-2.1368
0.9497
2.8615
3.82788
0.53916
0.23334
-2.81734
-1.76607
0.47897
-2.6391
4.03428
-3.5716
0.5667
-0.6692
1.6789
0.3099
-2.1261
2.44434
-0.4956
0.3842
-0.5312
0.8314
-9.17398
0.2626
-1.40585
-1.8106
0.26285
2.897
-0.07974
-1.5927
-0.18858
1.25138
0.7696
1.47127
-1.1705
-1.62877
4.30775
-0.20292
1.8647
-0.27473
-0.879
-1.58497
-0.71876
0.68827
0.52911
-0.13996
0.24733
-2.13822
0.41073
2.1281
1.1928
0.26362
-0.53764
2.12512
1.7963
1.77583
0.20062
-0.98472
0.7598
2.83527
-0.1312
0.13332
-0.74712
0.37032
1.0019
-1.3812
4.0663
0.15942
1.2141
0.18438
-0.2155
4.431
-0.2327
0.02506
3.13644
-6.00916
1.7464
-3.00997
0.16505
1.525
-0.8513
1.306
0.6779
-1.5105
-0.62206
4.3692
-1.0614
-0.3018
0.32793
-0.09717
0.3911
-3.00927
-0.93355
3.0413
0.4739
-2.1249
-2.33605
-0.7423
-4.4116
-0.13888
-0.10802
4.93138
2.29476
-0.44399
2.09566
-2.1897
6.9841
0.3486
1.46173
-1.04017
2.29744
-0.2901
-1.12668
1.59871
-0.3149
0.79258
-0.01214
-1.5483
-1.9204
-0.02366
-0.54631
-1.6451
0.9059
0.87264
1.40948
0.66809
0.5695
0.17087
-0.45574
-2.03821
-0.52417
0.68917
3.9877
5.30561
2.2394
-0.47476
-3.35427
0.06264
1.4491
-5.4826
-2.76367
2.74336
-1.02879
-1.02185
0.7357
-3.7088
-1.30551
-0.90167
1.39236
1.9466
-0.79094
2.907
1.4306
0.516
1.3451
0.35053
-0.20547
-1.5359
-1.7564
-3.4912
2.81173
-1.5388
-3.94766
-2.62352
0.61491
-0.52328
0.07272
-2.79797
-1.42385
1.8957
0.5591
1.62943
0.9638
2.2753
0.6817
-1.48316
-0.77426
-2.2037
-1.91689
-6.99666
-2.22515
-1.8867
-3.16673
-1.18469
2.14872
2.99996
1.9485
-1.45124
0.22587
-0.07602
-0.57821
0.4503
2.1745
-2.54101
2.3051
1.0423
-1.0477
-1.23533
5.34582
-4.878
-1.5462
2.1524
-1.8682
1.2001
3.0228
2.09698
-2.34358
-0.44908
-2.4361
-3.41771
0.5789
0.059
0.18509
-0.3227
-1.40133
-0.84067
1.9669
-2.78215
-0.02027
0.9386
1.1732
0.2506
1.92835
1.1805
3.47126
0.67401
0.51249
1.10656
-0.062
-0.9853
1.68771
-1.8011
-1.8888
-4.3378
2.528
-0.8945
-3.5097
1.3553
-4.0158
-1.0361
-0.0122
1.2332
-6.2881
-0.0658
-0.5542
1.667
-0.3584
0.7977
2.6902
-0.5307
0.244
1.7568
1.7074
-1.0906
-1.0328
-1.0807
-0.5851
-1.8428
-2.443
-0.7405
-0.9295
-0.1432
-2.4052
-0.1553
1.223
0.0645
-1.271
0.7397
3.9437
2.4171
0.5502
-2.252
-2.0119
-0.4109
4.0174
-0.1554
3.7701
0.3253
1.369
-0.2782
-0.2995
0.1058
0.0035
-0.091
-0.7907
-0.4974
-1.3469
0.2592
1.8222
1.801
-0.2546
0.3119
-1.7362
-1.1901
-0.168
0.0315
0.4019
9.2392
0.8799
-0.404
-1.4755
0.3239
-1.5489
-0.1476
1.1546
-0.9139
4.5899
-7.8603
0.35379
0.2265
0.17392
-1.24332
-2.1135
0.74
-1.48077
1.6092
-0.8517
1.8904
4.05937
-0.82475
-1.3174
1.3539
-0.11314
3.45562
-0.15204
-5.2522
-2.9252
-5.82718
-1.956
-0.00331
0.907291
-0.6583
-1.81492
-0.0894
1.3169
-0.19503
-0.74797
-8.7228
-2.4515
1.8157
-2.13836
-2.9323
-2.98816
-2.3316
-0.2593
-0.12357
0.4443
0.2353
1.03
-2.61795
-0.4484
-2.69928
0.04799
0.1103
0.1261
-1.70566
-1.28433
-3.1237
5.7165
0.4911
-1.41562
2.01179
-1.15962
2.34
-1.81738
2.2675
-0.836
-1.0619
0.273
-8.71193
-0.5778
0.8512
1.0775
0.0282
-0.90483
6.0649
4.5796
0.1105
3.77189
-0.96949
-1.08395
-0.6679
0.12869
0.41846
0.8641
-3.55506
0.9074
1.2458
0.843
0.9929
-1.1465
-1.3848
-0.21716
-0.6179
1.4128
-2.28661
2.02
-5.5692
-0.7376
-0.0337
1.3482
0.21154
-0.4434
0.965
-0.99057
-0.632
-3.8948
-4.4951
-3.651
2.8664
-0.4756
1.4226
1.34977
-2.8554
NA
-1.1928
-1.79848
0.1653
0.7463
0.22248
-1.1342
2.8283
0.512172
2.2086
0.2134
-0.9663
0.15119
-1.124
0.83579
1.0286
NA
NA
0.9959
-1.2112
0.1581
0.1042
1.0234
-1.02647
0.4309
-1.0726
-0.8942
0.7714
0.14611
0.49909
5.55231
-1.02435
-2.38189
-1.3054
1.3565
0.2199
0.1916
1.27872
-0.71797
-0.84342
1.079
-0.9405
2.0261
0.9273
-0.44266
-0.92809
-1.2631
-0.71803
-0.27503
7.97643
7.86376
0.53961
0.9273
2.4939
-0.91398
-0.8407
0.60642
1.111
0.23589
-0.34087
-1.57681
0.30612
1.18581
-2.56842
2.4039
0.2353
-1.7012
0.83878
-2.1632
-0.81792
1.4642
-2.70294
-2.12147
-3.25816
-0.1801
-2.19352
1.62637
-2.12727
0.50257
1.4742
-0.8633
-4.44111
-0.0108
8.1836
0.82993
-4.00819
3.9747
2.8025
0.6804
-2.8687
0.2425
1.93
-0.8892
-3.87734
1.10679
NA
-0.1702
1.3985
0.593
2.39559
10.97737
0.56897
1.5776
-0.1956
0.69422
1.6325
1.51272
0.604
0.103
0.0038
0.0569
-0.93033
-2.8687
-0.0824
-0.3989
0.7532
-1.38265
-0.7789
0.386
0.9336
-4.1175
-0.2471
-1.6049
-2.1796
9.998
2.4694
2.3989
-0.99281
-2.62751
-3.0789
-2.78994
0.9469
-1.29186
0.51404
1.23512
0.6271
0.04837
1.38511
0.603
1.8338
-0.22579
2.0167
0.76326
12.0055
-0.9931
1.44017
-2.32666
-4.26225
1.57632
0.28549
1.3001
-1.378
-2.10339
1.3979
-3.53952
1.2725
-2.072
0.0125
3.1045
-0.4802
3.2014
-0.2464
2.75069
-1.85331
-1.13352
1.0494
-9.36997
0.04655
-0.56746
6.22702
-0.59794
0.9587
-1.669904
-0.08031
0.8719
-0.15204
-0.7707
-1.77228
-2.11557
-1.0719
0.92526
-1.3979
-2.21566
-0.5864
-0.7056
0.7413
-6.36752
-1.45326
-1.3031
3.6244
2.307
-0.3711
1.8296
-0.397
1.28177
0.6622
-1.78433
0.6477
1.86093
0.0601
4.15221
-0.18739
0.2789
2.9082
2.81144
-1.43
1.11444
2.3987
3.39779
-0.71023
-1.27969
4.0382
-0.66182
-1.7575
-0.2152
-0.4689
-1.4538
6.82215
-0.03846
0.3445
-0.78088
2.3275
-0.14584
-0.20012
0.06889
-0.4212
-0.5538
11.36805
-0.4689
3.9445
-0.67462
0.7614
-0.7557
0.8145
-1.33889
-1.97173
2.3417
-0.32445
-0.69296
-2.7227
-0.59723
2.5416
-0.74887
-2.48802
-2.1895
4.07579
1.1981
-1.17184
0.7744
0.72459
-1.09098
-1.6388
-0.19551
1.64553
-1.63381
1.42614
0.80453
-0.1084
-0.75394
-2.01936
2.4979
1.42355
0.82163
0.8038
-0.7817
1.5288
-1.13046
6.6784
-1.0263
1.2565
0.0224
1.4419
-0.72443
1.6358
0.7387
0.2043
0.18164
0.4298
0.5434
1.5276
-0.7732
1.29198
-2.0382
-2.82878
0.29884
-0.4742
1.2808
1.491325
1.359
-0.12926
2.43967
1.7648
0.4727
2.73097
1.12886
-0.0299
-0.5706
0.0499
3.9449
1.301
-0.4434
-0.00615
0.7787
0.21611
NA
-2.04339
5.0834
0.112
0.3451
-0.5196
-0.4956
1.2484
-2.03644
5.9524
-1.4263
-0.4616
-3.7023
-0.4573
0.21158
-1.238776
-0.2473
-4.7096
0.0271
0.20474
0.3908
-0.336733
-2.095332
3.27858
NA
1.82748
-2.17863
-4.7779
3.7698
-0.5634
1.65638
-1.1293
0.2831
6.57908
2.4587
NA
-1.2382
1.151
-1.18705
-5.0864
-0.87847
1.0474
0.40953
1.12821
-1.3377
2.2907
0.9134
0.38664
0.6382
-0.1822
0.5311
-4.0909
NA
1.0261
0.2512
-0.82231
3.07893
-1.88688
0.406
-1.72714
0.2604
-2.13601
2.69166
-0.3411
1.83093
-1.66557
0.84571
-0.9532
-0.5665
1.04603
0.4843
1.111
NA
2.2321
-1.8622
-1.5703
-0.4253
-0.8387
0.92254
-0.1998
-0.3563
-5.0025
2.0688
-3.19088
1.35939
-1.1601
0.68962
-3.8746
-0.03461
0.3757
-0.3828
-3.794108
-0.614
-0.44607
-1.51248
2.17399
NA
3.0574
-0.8897
2.15167
NA
0.06085
-1.07669
1.91023
-2.2844
-0.57969
2.110259
1.4598
-5.86516
-0.6069
1.8193
-2.095
-0.0037
2.018997
-2.6419
-0.1389
-1.56717
-2.1279
-1.895
-0.0757
0.22741
-0.69193
0.4578
-0.5224
-1.5631
-0.809813
1.0432
-1.9419
-0.3054
3.2408
-1.459
1.1079
1.5893
0.2389
NA
-5.6
4.19705
2.24282
1.775
-5.4973
-1.883
0.71227
-0.494506
-1.4402
1.8415
-1.5625
-0.6745
0.6088
-0.2045
2.2294
0.4733
0.8899
0.5001
-0.239667
0.74444
-0.3103
-0.27965
2.582
-0.0775
-1.1087
0.5339
-1.1373
2.8795
-2.205585
-0.1261
-1.473263
0.9452
0.473
-0.303322
-0.9645
0.7234
1.7997
-1.6114
1.1277
-0.726817
-5.2524
2.5344
1.2793
19.0161
NA
-0.034168
-0.3479
-2.7761
-1.0255
1.336
-1.8622
1.359474
-1.6344
-0.1366
-1.7399
3.59518
-0.02683
0.1294
-4.0259
-3.9507
2.06897
-0.064638
-0.3
0.44725
2.1089
-2.66274
0.3859
-2.6732
-0.09464
2.6571
0.4292
-0.1615
3.5806
-0.087
5.3538
3.786
0.1876
-0.72513
-7.5389
4.9386
-0.719279
0.7219
-1.2059
0.704
-5.5802
-0.0847
1.40674
1.79866
NA
-5.3438
2.5667
-1.4593
-0.2844
2.0525
0.7022
2.4197
2.4133
-2.66135
-8.63261
0.24916
-1.3605
-0.1419
2.0534
1.75489
-0.398
-4.83
2.42248
-1.44457
1.3183
-1.9402
0.66633
1.4031
-1.162
-1.5242
2.6882
-0.97882
-0.7435
1.54216
2.5338
-0.42843
1.23118
-1.8137
1.66663
-3.87749
-0.513
3.7254
-5.5449
-1.52397
1.94459
1.47791
1.25337
0.17261
4.5639
-1.36228
0.3196
0.6534
-4.14379
-10.73579
-1.2
-0.47744
1.30331
-0.92991
0.0245
0.4613
0.2418
-0.12063
2.2755
-1.7636
-0.3682
0.4962
1.0432
-1.2819
1.93142
2.8334
-1.93
0.6296
0.886
-0.825
-3.93237
0.34129
-2.2417
-1.820304
0.13213
-0.56713
0.71849
3.9129
-1.7117
3.0326
NA
-0.74073
1.36588
-0.7259
-0.36312
-0.8451
1.32
-0.4487
-2.35604
-2.4579
0.0739
0.49284
0.6522
-0.9964
-0.4773
-2.40616
-2.18813
0.90787
0.6893
-0.766
-5.9238
0.761
-0.32681
-1.63163
-0.53724
2.18301
-5.125029
2.2224
-0.5266
-0.4415
-1.4061
-9.7339
-0.5921
-0.8182
-7.60371
2.1731
-1.43736
0.21309
0.08785
-0.43923
-4.4478
-0.0096
0.4903
3.9083
2.35626
-2.1561
-1.9217
0.8556
-3.9176
-0.53126
-0.495
-0.84185
1.0075
-3.2713
-2.78232
0.0546
0.8931
1.3528
1.560389
-1.027
1.0623
2.08414
0.00391
3.0924
3.2336
0.2286
6.44185
2.8281
2.152179
0.338
2.9927
-0.1735
2.8753
0.886423
0.27805
2.17354
-1.888
-1.7826
0.6183
-3.7557
0.2522
-1.6388
2.0929
-0.321
0.0168
0.1601
-0.5691
0.37262
-2.71004
1.07492
2.95523
1.5375
-0.149
-0.3694
-0.07
3.42371
6.3538
-1.2365
0.688
0.0335
-0.4336
3.6063
-3.81025
1.2611
-3.1237
-2.22476
0.32536
3.5156
-0.9303
-0.1108
-0.148
1.24144
2.47491
0.5508
-0.6579
0.649
-2.8942
-1.001
0.1856
4.38873
-2.4402
-0.52
-2.6201
8.2137
3.9289
2.80914
0.1333
0.4295
0.11112
-0.8337
-0.00469
0.3061
0.8493
NA
-1.67587
NA
4.4475
0.16799
-1.7328
3.70018
0.42426
3.2978
0.47163
-0.5631
3.1874
0.23179
0.9848
1.4662
-4.0976
-0.9735
1.7942
1.0051
1.8708
1.8244
-0.58298
-0.3236
-1.945932
1.6068
-3.3106
-1.4347
1.4147
0.81185
-0.325109
1.04116
1.1908
-0.096398
2.051855
-1.3087
0.89132
-3.294819
-2.41654
-0.708
1.8714
-1.0079
0.241
NA
-0.8081
-1.32
-1.304
-2.426
-7.715
-1.12523
-1.8693
-0.6698
1.2479
1.4167
-1.658113
2.77759
-0.8718
1.7454
-0.7944
-0.7819
-3.047
-3.0617
3.7453
1.6953
-0.9227
-0.2172
-0.999
1.3487
-1.95503
-0.411039
0.7502
0.4951
0.2512
2.5588
2.0128
1.6099
-2.76731
0.13827
0.4017
-4.0818
3.63127
-0.73449
1.54836
