4.11275
6.49985
0.60703
0.26112
-0.6696
-4.61139
-9.43246
-2.1437
-0.37446
-0.89894
4.96477
-0.4351
1.36307
-2.61426
1.0501
-1.1324
-0.9673
5.76747
-1.3933
-0.11268
0.60696
2.5481
-0.76789
-0.5347
1.315
-2.84578
-2.0024
-10.5828
0.25813
-2.43762
1.09401
-2.55795
-1.1785
1.70972
-0.8668
0.264
-12.03114
1.03555
0.31581
-0.3119
1.44192
1.4114
-6.99572
-4.7199
0.9172
0.76874
-1.67295
1.6728
0.7765
-0.2193
-1.22327
0.4567
-1.7108
-3.0211
1.9206
-0.7463
-1.122
-3.33821
-2.42704
0.9064
-1.31586
0.68191
-1.96265
-2.4873
-1.6202
-1.9523
0.75011
4.3843
0.4472
-0.4341
2.763
-3.09036
0.38777
-16.51117
1.93689
3.2752
-0.9405
0.1402
NA
-0.76112
0.39279
1.4157
-0.24198
1.1914
-0.67639
1.3039
1.33876
1.4821
1.3159
-3.5887
2.554
-0.4331
-0.3747
0.794
2.6974
1.89352
-1.9831
-0.3348
-2.73224
2.6669
1.34567
0.5176
-0.05801
4.5439
-0.7834
-0.972
9.68274
2.0932
1.7206
1.8091
0.47084
-3.80126
-2.0653
3.0553
-1.1287
1.6919
-0.6665
-1.6898
4.68737
-0.4794
0.42106
2.0112
0.00231
-3.57265
1.60983
0.75255
-0.5802
0.52742
0.50836
1.00521
2.4814
-0.9353
-2.5327
2.4556
-1.9154
0.81667
-2.75689
-6.19977
-1.3285
-3.37689
-0.27254
0.82553
NA
-1.3052
1.3176
-5.530502
2.3991
-0.3455
-1.36165
NA
4.6615
-0.8167
-2.98996
2.9207
0.2121
0.4209
3.02931
-0.3578
-4.59026
1.58354
-1.8713
0.6495
1.14093
-2.0128
1.69435
2.444102
2.13876
-1.62147
-0.6796
-2.1432
4.56739
-0.78104
0.66784
1.1851
0.3466
0.4675
0.3509
-0.3165
-1.36703
2.5416
-0.717
-1.09219
0.12776
-0.14281
-0.46914
1.08964
-1.0568
-0.3607
1.08412
2.31924
1.3711
1.6837
-0.4125
-0.34526
1.4989
-0.2062
0.4767
0.98137
-2.59463
0.7177
-0.26485
-0.9102
-0.82438
2.24128
1.1778
0.2218
-1.2876
2.3686
-2.1751
3.0999
-4.11657
0.0095
-0.9115
0.61272
-1.39548
-1.1942
0.999
0.4181
2.742
20.4559
1.16945
0.45802
-0.43546
-1.01949
-0.7152
-0.5054
0.72326
-4.1437
-2.7047
0.5067
1.1505
5.9487
-4.2457
-2.94265
0.15241
0.74047
-0.7924
-0.33875
0.53624
4.3492
-1.23489
-3.42052
-0.7207
0.0337
1.0177
2.136
0.24816
2.3867
0.7247
-2.1495
-6.0647
-3.83
0.0981
-0.4851
1.132
-2.99994
-0.2172
-0.0274
-2.16864
-1.4593
0.4421
-2.7685
0.47793
-2.8809
-5.73007
3.3734
-3.5284
0.81431
1.1837
1.269
-2.63975
3.34599
-2.00105
0.8543
6.04479
-1.0645
0.95778
-0.226
-3.46378
0.40295
-4.1752
0.94569
3.42112
-1.27219
0.0587
4.56559
-0.5949
0.0458
-9.29695
-1.3679
-0.6208
-1.48247
0.7438
5.9239
-4.3167
-0.22686
0.40168
-1.5111
1.21436
NA
-4.4504
0.6035
0.5807
0.2833
-1.7217
11.5111
3.0392
-1.587194
4.7409
0.68949
-1.72582
0.44126
-3.04913
-0.3963
-6.90992
2.49142
0.3213
-0.5006
-0.7384
-3.09787
-1.481
-8.5367
-0.6188
-0.673803
-1.556425
0.384151
-0.41019
-0.0669
2.36211
0.636
-0.3758
0.3975
-1.1184
-0.1344
-0.8527
-0.8326
1.1744
-0.1352
3.14299
-0.0804
0.5491
1.13134
0.4816
1.18783
3.2274
0.3748
-1.1287
0.44007
0.09688
-0.7812
-2.59293
-3.1293
0.4728
0.0731
-0.22632
0.45941
0.426
-0.0135
-0.3395
0.4108
1.37378
0.0177
-0.355
-0.1739
-2.8573
0.4418
0.839
2.6618
7.67248
-0.59024
0.6789
-1.73049
-0.0193
1.55609
-1.88619
-4.133
-4.2217
0.074
0.308
1.28581
5.2318
0.2701
0.15571
2.4065
1.45275
0.1562
0.0109
-1.2763
-0.8579
-0.083445
-1.05035
-1.41592
-5.07766
-3.08008
-1.83084
-0.73074
-5.4684
8.942
-0.4583
-0.793
-2.93784
1.1692
0.45942
0.15078
-0.70568
-2.85525
-0.9974
-6.22266
4.34236
1.10772
-4.1485
0.97069
1.2999
0.9749
-1.85934
-1.2572
-0.96393
-0.92797
-0.5092
3.0663
-3.5094
-0.55896
2.5221
-0.9434
0.51363
1.7649
0.5702
2.0126
-0.99582
0.5243
3.7969
3.493
2.133
-5.5487
-1.5231
-2.0109
-1.8215
-0.57489
-1.96782
3.37584
2.02131
1.90513
0.05724
2.59474
0.55899
2.04682
-0.7782
1.3234
NA
-0.1254
-0.23872
-3.1774
1.19369
0.1593
-1.17144
2.57663
-2.20219
2.1929
-1.4818
0.9547
1.8804
5.220982
-2.1864
-0.43579
-0.7579
1.87146
-0.2105
-1.87791
-0.0814
-0.7807
-1.2454
-1.88
-0.8794
-5.15322
3.413
0.04736
0.6819
-2.6937
-1.15628
4.7218
-1.4186
3.50048
1.26607
1.17933
1.68762
-1.9962
3.1184
0.4288
-1.83524
0.2505
1.8581
-3.0266
-1.5205
-0.4649
-0.1837
-1.4258
-0.1255
-1.95846
-0.1769
-1.7402
-0.21584
0.0937
0.4092
1.66635
0.17143
2.0705
-0.9983
-2.2428
2.0141
-7.61977
-2.6977
1.5846
-1.0124
-0.49574
-0.4312
-0.2436
2.47572
3.35085
1.92303
-0.796
-0.1354
0.9562
2.28667
-1.77164
0.00345
0.4526
-0.5247
0.7232
3.81762
4.0906
0.65949
0.2778
-1.55693
-2.3416
-6.74641
2.0994
0.26681
0.6434
0.6621
-0.4446
2.4378
1.4755
-0.366
-1.0228
-1.2571
1.18607
2.4043
-4.9975
-1.0879
1.43932
-1.1272
-1.6421
0.0667
0.9266
0.38726
1.2608
1.5899
-4.9322
-5.4273
1.524
-1.4629
2.5916
-3.3516
3.1031
0.412
-0.1566
-3.1033
2.3577
0.1448
-1.1594
1.1402
1.2883
-0.5496
-0.075
-3.4595
-2.3117
1.1539
-3.0914
0.2972
-5.20781
0.08746
6.19849
-2.6892
-6.10702
-0.27094
-0.7497
2.86634
1.3906
-0.412
-0.1443
-8.9518
0.35953
3.03462
-1.2761
0.0472
1.1459
0.30852
-3.056
-1.86751
0.9185
-1.0796
2.7069
2.07664
1.0316
-2.0007
-1.6711
-0.00549
-3.45466
-2.729
0.1907
-2.22876
-0.91486
-0.0033
-3.1538
0.4764
-0.7834
1.1736
3.4987
0.9765
-0.1085
1.10546
-2.16
1.7558
0.9076
-1.36178
1.20013
4.9061
3.2985
-4.39149
2.3664
-2.60424
-0.50428
-0.203
0.21401
-1.9008
3.41297
1.00789
-1.29118
-1.071
3.3488
-2.1522
2.2716
1.08037
0.30825
3.2796
-1.4213
-1.22671
2.38049
4.2049
0.9337
-0.82488
-3.96639
NA
-0.1138
-0.76128
-8.24939
1.207
-1.5899
-1.3921
-1.4345
-0.36339
-1.4228
1.22823
0.00566
-1.01179
-1.09175
-4.62
3.5661
-2.9158
2.9933
2.1595
0.2899
0.83735
-0.079
0.55517
-1.30667
-0.29057
-0.882
0.39993
6.0178
1.49764
3.4628
0.04643
-0.82617
-0.01775
-2.37642
4.9158
0.0047
4.76012
2.85168
6.46235
1.39523
4.82715
-0.9508
1.8997
2.91591
2.4843
-0.71522
-0.9879
0.81679
0.03585
-2.3103
-0.7064
-2.0762
1.6114
0.8509
0.6256
0.26024
-0.38556
-0.5958
-2.18914
0.21051
-1.34349
1.45112
6.79388
-0.17637
-1.3297
-0.10438
-3.47768
1.48242
1.20701
1.4596
-1.66511
-0.20451
4.5141
0.69493
2.52307
5.5313
4.2288
5.2032
-2.75812
3.02942
-1.80596
2.41195
-13.2208
-1.51147
-3.6379
-0.69202
-1.01591
3.3964
-1.66304
0.78654
-1.09247
-0.5049
-0.62399
-0.48534
-3.51669
2.6185
-0.4674
1.6925
6.50003
-3.78426
5.90015
-3.3387
0.9268
-2.52866
-1.90297
-0.8041
0.7993
-0.5883
-1.5528
-0.376
-0.9654
2.0994
-0.7218
1.4367
2.7074
1.0118
0.1312
-1.8525
0.7192
-0.7509
-0.0844
-1.495
1.2615
-0.7561
1.0356
1.3032
1.2699
0.1089
0.5793
0.9848
-1.5862
0.7749
-1.7678
3.8046
-1.4071
-1.4512
-2.7032
0.8918
0.0747
-0.7624
-0.8064
1.0615
1.058
2.2036
-1.0142
-0.8634
-1.7072
2.0719
-0.1988
4.4103
0.8981
0.6383
2.7837
1.6231
-0.3362
0.3034
2.9508
-6.8115
-0.172
-0.2708
1.7282
1.7086
-1.5394
-1.1671
-0.7683
-2.9256
-0.1209
0.5052
1.5657
8.1559
-0.7216
-1.2575
-2.6032
1.7475
2.0775
-0.2076
1.8169
1.5786
0.4836
1.85652
1.41752
1.3989
-0.2459
-0.73761
0.21231
-2.01726
-0.77688
0.9663
-2.36445
2.0266
-2.45299
-0.2295
0.7991
-0.2746
-2.3398
-0.6125
-3.135
-7.7959
6.5423
-1.3482
2.0682
-1.3909
0.9003
-0.0351
0.6887
-0.2736
0.5463
2.4739
-1.4663
0.7576
-1.7237
2.1195
-1.8949
-2.0035
0.3933
-0.7097
0.3624
-3.4918
2.3111
-2.1059
-3.9159
0.8337
1.7509
1.9005
-2.9606
1.9962
-1.7625
-0.6827
0.5301
1.7311
-0.6764
1.7214
-1.2402
0.4697
1.3724
0.3105
-1.1127
0.6108
5.2297
0.6158
3.6482
-4.5692
0.6929
-0.6822
-0.0365
0.7961
-0.723
0.925
1.0087
12.9324
-1.821007
-0.336674
-1.424289
-2.985946
-0.4822
2.972124
0.031474
-0.268667
-0.3285
2.1808
-4.9835
-0.9543
0.972
1.7077
0.51
0.5246
8.5974
4.3049
2.1565
-0.3572
-0.9936
-1.5665
-0.2942
-0.795
-0.0959
0.6734
-2.1993
-1.8825
5.8689
-1.3333
1.2596
1.4371
-1.8225
0.7518
0.68391
1.1625
1.032
1.265
-0.4456
0.04543
-4.56835
-1.269
5.8428
-1.01948
-0.3084
-6.73654
3.7742
-3.48221
1.8311
1.32143
2.65414
-2.09247
-0.18452
-0.62936
-4.5209
3.70295
-2.66632
3.09483
3.24531
1.29061
0.44029
0.46353
0.57797
-2.63231
-2.3127
-1.2964
3.00214
1.2859
-1.87789
0.24524
1.03969
-1.47635
-1.6193
-1.42848
0.39566
2.79313
-3.3565
2.5708
-2.2746
2.12086
1.9102
1.7558
-0.485
1.50619
1.39118
-3.4265
4.41998
-0.9354
0.2377
-2.01454
1.3051
0.8563
-5.3898
-4.77053
-2.02879
-3.6464
0.40661
-3.5822
-3.3505
-1.86515
-2.11884
-0.2266
0.0275
1.33
1.02079
-0.76891
0.12093
-1.80774
-3.628
0.08734
-4.6211
-2.24701
0.64378
-1.07683
-2.3536
-0.43442
3.28503
0.85796
0.97281
1.2113
-0.14679
-1.49004
0.513
1.0173
-0.12286
-0.04983
0.59817
0.06527
3.3225
0.1145
0.95059
-2.5478
0.12211
-1.8613
0.59205
0.88363
-0.3106
1.59952
0.8533
0.94746
1.26046
1.58402
-1.4389
-0.78404
-1.36877
3.08968
0.22277
5.90861
1.0659
1.3334
-2.0297
-1.47526
1.12565
3.7737
0.0638
-2.21858
-0.11154
0.681
1.0188
-1.3118
0.4744
-2.1478
2.8902
0.8359
0.1102
-0.1761
0.6755
12.8266
6.8674
-0.1791
-1.1341
3.4388
-1.1745
-1.5563
-1.8323
-0.5216
-1.9942
0.6084
-0.0461
0.1495
2.2083
-0.7619
0.05567
-1.58848
2.6987
-2.14292
-1.82161
1.1665
1.1558
0.47029
3.37729
-1.21777
1.5343
-0.9769
2.1462
0.46601
-2.86382
-1.24373
-1.5936
-0.54671
1.64601
-0.67239
-0.6734
-0.68476
0.217
0.3016
-0.2459
3.10509
0.80625
-0.05585
0.5083
3.10523
-9.1182
-2.76669
15.9696
0.99885
-3.1222
3.4709
1.69285
-0.9013
0.0515
2.46262
1.38251
0.23
-0.7233
-4.4422
3.32661
-0.47602
-1.60377
7.7938
0.51778
0.46064
0.4529
0.4788
0.3412
-7.7391
9.7938
-3.76853
4.05724
-3.94187
-3.3194
-0.838
-2.8894
-2.43323
1.43122
-3.2259
3.5862
5.1166
-1.20039
0.0708
1.32455
-3.40741
-0.798
1.02703
-0.76753
-2.43
2.25448
-4.19615
-0.8739
-0.4847
-1.4202
0.4734
-1.4509
-1.6297
-0.3944
3.9067
-1.106
1.4846
2.0126
0.9837
0.4126
0.4947
1.2393
-0.3755
-5.8666
-1.838
1.4514
-0.11313
0.74997
3.04469
0.9802
-0.2117
0.209
-0.72504
0.2219
-3.45672
1.57908
2.2876
1.17608
-0.62625
-0.28734
1.87086
-1.6807
0.40354
-3.19393
-0.61017
8.1691
-0.0094
-0.41547
-1.66742
-1.6726
3.50285
5.6752
-1.88294
2.61252
6.01205
-0.0788
-0.5231
0.1403
1.9628
1.1468
0.3301
-1.4571
-0.6869
-1.1109
-2.8276
2.3681
-0.8513
-2.526
1.1399
0.6275
1.525
-1.4594
2.198
-1.8653
2.0426
-5.5141
11.7655
-17.6284
-0.2073
0.3887
0.7175
3.0409
0.7181
0.2539
-0.2359
0.5036
0.7452
1.8321
-1.8276
2.568
-0.4295
3.4396
-1.2987
-0.1219
-1.1128
-1.3134
0.1402
-1.9231
0.014
-0.5487
-6.0064
0.8726
2.642
0.5881
NA
NA
1.21309
1.4008
4.125
-0.3166
0.7219
-1.5313
-1.3046
1.3094
-0.8802
-1.60994
1.30911
0.6199
0.39167
-2.9258
1.6112
1.0141
2.2856
1.52445
-2.03125
-1.3091
1.88562
-2.67288
0.72709
-0.1586
-0.77352
-2.80485
-0.0159
2.36425
-1.56403
-1.8182
-0.2892
NA
NA
0.88603
-1.17028
NA
NA
-4.3543
8.7484
3.6266
-1.20359
2.57008
-1.70344
-0.01487
NA
-1.97224
5.19753
-0.1114
1.4559
0.4718
-0.04294
0.569
1.0937
-1.33005
-1.4517
1.79906
0.8481
0.9099
NA
-1.9602
0.15191
0.49329
-1.85739
-3.46958
1.57819
-2.79561
5.7064
3.4013
1.4103
-1.605
-2.35643
-3.32565
0.21284
1.7262
-1.913
-1.0383
1.09066
-2.5792
-3.61089
-0.51503
0.0315
1.0488
-0.03232
-0.50983
-0.4106
-3.89563
-1.1828
-1.99023
-1.2611
-0.83443
-0.53408
-1.1668
0.88401
-1.7384
0.1827
1.6027
1.18195
2.46147
1.11615
-2.87974
-0.7711
2.31615
1.1543
1.56414
0.97145
3.635
-2.48872
0.4042
0.80223
-2.6473
-1.4688
-1.32932
1.0094
-2.31673
-1.8059
-2.57937
4.42779
5.5686
-1.7648
-0.36726
-0.50462
-0.22842
-0.34337
-0.78134
0.6941
0.8614
0.02185
-1.31939
1.59317
-0.09167
-1.40683
0.82027
-1.8343
2.5605
0.8562
-0.04223
0.92406
-1.97298
0.07694
-0.02194
0.9662
1.78946
1.5327
2.2128
0.3654
-0.46463
-2.24429
-1.8493
0.55678
-3.66826
0.28558
-3.0887
1.56088
-2.7304
-0.9642
-0.30399
-3.00703
-1.6706
-1.3568
0.52447
1.65143
-0.8781
-1.2763
1.00315
0.83081
1.22782
-0.7202
0.72835
0.16266
-3.67466
3.29627
-1.10356
-0.2995
-3.36392
-0.79797
2.19329
-1.1417
-1.0888
-1.1881
-0.97427
-0.23844
-2.7034
3.42869
2.94913
9.648
-2.5079
-0.1546
4.81849
1.5295
0.69695
-0.30798
0.6253
0.81222
1.9877
0.74231
1.13439
-2.46649
-1.6996
1.3583
-0.19448
-1.01365
1.63225
-0.9746
-0.57681
0.00786
-2.9015
-3.6929
1.8588
-0.7375
0.96836
-1.26682
2.0989
-0.82704
0.46897
-0.1093
-3.5431
-1.3406
0.24727
-1.38005
0.3579
-0.99426
2.11921
-0.5946
0.1787
1.51751
3.5569
0.11901
-1.56491
-0.15129
-1.51282
1.05629
-0.15323
-0.87835
-1.17404
0.5432
-1.2649
0.61995
-5.88318
-0.43155
2.92276
-1.50542
1.04023
2.26254
-11.64613
0.63712
-1.35871
-2.09518
0.28923
-0.1877
1.0152
-1.98611
-1.7288
-5.09303
-10.10535
0.4377
2.22392
0.7022
-3.0189
-1.8514
-2.68114
1.3104
-0.4487
-2.0318
-0.97365
-0.26058
-2.8843
-0.7232
-0.9075
-1.1201
-0.08677
3.10771
-0.91003
-0.38941
6.0188
8.53464
-0.9612
2.0568
-1.5324
0.0114
-1.0791
0.39254
2.6949
2.8482
2.0988
-0.03613
-1.6222
-0.5308
-1.7769
1.9805
0.2416
-2.4835
-4.67391
-0.49571
-1.4415
-1.256
-0.71151
-0.5307
0.65245
4.48491
-1.7015
-0.52346
0.07868
-1.6903
1.9883
0.1788
-2.5561
-1.819
2.0409
-0.0869
5.9047
-1.7104
4.83746
2.352
2.5504
0.7415
-0.7387
0.1066
1.0863
0.9914
-1.9083
-0.1055
-1.4578
4.4473
0.7288
0.9089
2.43711
-0.89142
-0.67605
-1.01491
-0.90254
3.1843
0.20117
-2.3299
1.8825
1.2818
-0.42156
7.74602
1.28568
-1.8974
1.0355
0.26234
-1.8679
3.2742
-1.18598
5.8965
-1.6989
-0.86938
-2.6521
-1.1017
1.1142
-0.3723
5.0451
0.2464
1.2953
2.0684
-2.339
1.2215
-1.4697
1.53349
-3.59598
0.4649
0.6287
-0.6802
1.9452
0.2059
-0.2579
-2.2098
1.18471
8.05967
-0.91582
1.80334
-2.02531
0.6718
-0.3236
1.86396
0.58601
-2.2792
0.4066
-1.1427
0.98566
0.65656
0.8869
6.77283
1.0387
-2.82117
-7.79826
-0.00667
3.7597
0.89096
-1.32617
-0.7489
10.7676
2.1022
5.6975
0.06476
-2.7951
-2.18648
0.0839
-0.7112
1.2276
0.41449
-0.8044
-0.86529
-1.7683
-1.41924
2.0768
-3.3142
0.1063
2.94935
-1.1498
0.44698
-2.0005
-2.28757
1.2917
-1.50046
1.1581
1.43572
0.87357
1.0811
0.8548
-2.2461
0.0459
0.3482
-1.0163
3.6125
0.09199
1.12267
5.21749
-0.24872
2.21775
0.136
1.9892
1.7069
-2.9423
0.5792
0.7043
-1.0073
-0.6697
1.64477
4.5415
-2.7413
-1.7935
0.4439
1.0788
1.6806
-0.58974
0.6523
0.76365
-5.049
-0.39304
0.6133
-1.88116
0.6839
0.1148
0.36729
1.95958
2.6976
1.78933
0.2079
-0.9982
2.6013
-0.9378
0.4768
-1.0797
-1.2877
1.4749
-1.2158
-1.1985
0.891
-0.13167
-1.33801
1.58198
0.27412
-1.1481
1.09238
1.26302
1.05394
NA
-0.946
NA
NA
4.2452
NA
-2.16477
-0.73673
NA
-6.035
NA
1.04636
-8.3189
4.2057
1.3644
-1.17083
-0.2459
0.41069
-1.25918
0.08885
1.6183
1.0054
0.85661
1.00736
-0.64362
0.02069
-0.5505
-1.3381
-0.4889
-0.7758
-0.4001
-0.725
-0.4741
2.3047
-4.8468
-0.8573
1.5026
-0.31732
-0.2474
-2.8513
1.7398
-0.9827
0.0399
0.53666
0.3837
1.97188
1.58605
0.04136
-0.1392
-2.8177
-0.50861
-1.29077
-4.2622
1.7491
-0.661
2.0542
-1.8394
-1.4447
-1.0338
-2.8087
-3.3576
1.8213
-1.348
-0.0403
0.3376
-1.086
0.5481
0.337
0.9784
-0.9825
-3.0003
1.8747
-0.4857
-0.234
-5.96004
-1.57133
1.5053
-1.48
-2.8252
0.6312
-0.1797
4.63588
5.2004
3.8958
-0.3902
-1.6672
-0.6492
-0.7586
-3.77171
-3.81481
-3.1416
-2.46908
0.5642
3.3226
-2.50464
2.04824
-2.5397
11.6543
1.6668
-1.4975
-4.474
-1.2266
1.2614
-2.3135
-2.74874
-4.91113
-1.0849
-1.5993
0.5588
3.63601
1.1209
-0.92246
-0.13682
3.0494
0.657
3.6205
0.0055
-0.87039
2.80302
-0.4451
-0.59643
0.599
-1.31695
1.31404
1.09743
-0.7162
0.1114
1.7774
-2.2313
-1.9577
5.2456
-2.0476
2.76023
-0.70722
1.94244
-0.23081
-1.59877
-0.1466
-0.15181
-1.0438
-0.58564
1.6844
0.38607
-0.5605
5.53977
2.7359
7.81009
2.65
-2.91929
0.5781
1.03601
0.41139
-2.66426
3.14688
-0.8157
-1.4565
-1.94475
4.54155
0.25527
-0.7336
-1.34436
-1.65829
-0.07159
-0.27292
-0.35075
1.32859
1.014
0.7547
-1.145266
0.549592
-0.73943
0.1161
0.901569
2.098729
-1.212169
-0.6968
0.4908
-2.9703
3.92247
3.93989
-5.27648
-0.0638
0.08977
1.71376
-1.49237
1.1692
-1.82401
0.50753
-1.74144
1.2913
4.57563
-4.5645
0.7577
5.44598
0.3635
-0.4136
2.8405
1.4567
-1.138
0.2763
0.6585
1.4778
-0.3022
0.2394
-0.43413
0.33924
0.6534
0.08552
-1.3638
-4.2373
1.85654
3.3175
-1.222
0.3838
1.1452
-0.22482
-2.9726
-0.9471
-9.1739
-0.715
-0.06229
-0.40935
-0.11868
-2.86915
-0.91494
-0.52468
-2.4995
-1.8959
2.42692
1.5676
-0.15946
1.0979
-0.2328
-0.03777
-1.7331
13.5213
3.05608
-0.21916
0.2555
0.6324
-0.4426
-1.0776
-0.38086
0.5014
-0.3128
0.0665
-0.4867
2.0086
0.9101
-3.8611
-1.1471
-1.382
-0.3636
1.234
-2.5302
-1.1354
0.7201
3.58622
0.97448
-0.5559
-2.5525
0.35014
-5.39913
-3.0495
1.2503
-5.48122
-1.7594
-1.9585
-1.3371
-1.0355
-0.18846
-7.4479
-2.923
2.4769
2.397
-2.19203
5.5207
-0.04066
-1.377
-2.04164
-1.1676
0.7648
9.7667
3.26342
0.3648
-0.4559
-1.88427
0.7905
1.71417
-0.3281
-0.44523
-1.15721
0.5948
-1.78634
-3.1375
4.12044
-1.41961
-0.461
-0.857
-1.9852
-0.38637
-2.2494
1.73871
-1.1107
1.47676
-2.65756
0.31393
0.79991
-0.7804
0.1393
1.18264
0.8099
0.21653
1.6441
-0.76986
-0.99925
1.56802
0.31334
-0.5549
-1.1622
0.3061
11.7738
-11.45788
0.00866
-0.10126
0.16983
0.30879
2.20067
0.2693
-0.9063
2.0712
-0.793
2.8946
1.7702
1.67982
-2.94538
1.578
-2.019
5.452
1.88737
0.61968
1.46769
0.3245
1.2773
1.9185
-2.25007
0.94148
-1.47509
-2.05156
1.6236
-0.5038
1.8433
-1.3562
-1.402
-0.9005
-0.01595
-0.36901
-0.37849
-0.54927
3.26409
-0.65132
-0.89005
1.12278
1.95329
-0.2664
0.01219
2.3374
-0.91985
-5.8518
-1.02928
-0.4075
1.1405
0.1303
0.0919
-1.0896
1.3946
-2.73167
0.19133
3.76792
2.8838
-0.9269
-0.5303
-2.1308
0.7217
-1.74974
2.52288
0.48552
0.68706
2.214911
-0.341219
6.22676
-0.9972
2.5879
2.41171
-0.5071
1.3471
0.1992
-0.82239
1.1211
0.5621
2.4973
0.53384
-0.2297
-2.0928
-1.05894
7.7803
6.6741
0.27884
-0.16817
-0.2205
1.2992
-3.35155
0.63859
-0.24949
-1.41787
-0.7986
-1.44212
0.04058
0.87257
-2.60072
-1.69837
2.3648
3.31475
-2.6579
1.7975
-2.9071
0.5595
-1.8966
-1.0389
2.38156
2.86729
-0.7206
1.4522
0.5726
-0.0192
0.2772
1.0147
-0.8853
-0.62664
-1.4588
-1.3804
1.5731
0.4475
2.2778
2.73497
1.1571
1.71144
-2.62366
-1.15074
-1.3155
1.085
-0.589
0.39848
-0.9019
-1.5598
-1.3586
2.1426
-1.4702
0.9219
6.69824
-1.21672
-2.4647
1.5484
-0.17076
-1.82788
-1.3379
-1.1942
-2.84
0.677
0.6412
0.3674
1.8605
1.6536
-0.48111
-0.8522
1.29111
1.62094
1.7629
0.96634
0.21903
-1.10773
-3.31394
-5.29935
-1.57468
-2.07158
5.9481
1.8067
0.74732
-1.7454
1.8109
0.5067
-0.2769
1.2861
0.3468
1.7429
1.0212
-2.6577
1.8243
0.3624
-4.5126
-5.6795
-0.4268
1.113
3.1767
1.7006
1.2256
-0.3793
1.7025
0.19893
-0.224
-3.80232
1.86891
0.34147
0.93324
4.485713
-1.6293
0.8001
0.308776
0.45657
-1.5663
0.34806
0.728
-0.2199
0.3768
4.5104
3.4098
1.3238
-1.244
2.8348
1.72184
-0.2742
-0.4306
-0.00787
-0.45089
-0.26575
2.4924
2.53
1.0941
0.1368
1.5584
0.355
-0.1776
1.5254
0.6764
-3.4398
1.2332
3.3194
1.3223
-1.4792
0.3847
-2.6266
-4.4971
4.214
2.6686
-2.8779
0.4456
0.8781
-0.9261
-0.3059
-0.2393
-1.2448
0.687
-3.671
0.6465
1.872
-1.2059
-2.2346
2.8092
-0.0252
-1.58711
NA
-0.36946
2.68619
NA
-0.0738
-0.94317
0.75108
0.0078
NA
NA
NA
NA
NA
NA
-0.93861
NA
NA
-0.23375
-2.3964
0.4967
-1.1912
1.05712
-3.10818
1.9117
0.4628
-1.0985
-1.5346
2.4681
0.1263
2.2469
0.24305
-3.57917
-0.74267
-0.77376
-0.7104
0.0477
-0.0892
-1.18984
0.1164
2.22777
-0.111395
-1.147
-0.399014
-0.6818
2.0945
0.466177
-2.730727
-0.3468
-2.35367
0.5485
0.45172
-0.4202
0.87911
3.301
-0.3662
-2.0991
0.61659
-0.3324
-0.1728
-0.9458
-0.377
-3.62655
-1.32996
0.0267
-2.63359
1.09449
0.61643
1.51512
-1.45548
-5.53024
-1.42103
0.33767
0.14921
-1.51669
-2.9044
-0.3455
-1.35929
-0.76822
-0.11008
-0.1796
-0.2211
-1.1733
0.1837
-0.71852
-0.88233
0.29377
-1.6321
1.82815
0.971937
-2.876859
0.802709
2.1525
-1.256897
1.0325
-0.7661
0.1117
0.5087
0.3268
-3.1174
-0.6009
-3.3477
4.0541
0.1424
2.164
1.6542
-1.4127
-0.7302
-1.5214
-1.606
-1.27119
1.9145
7.05923
-1.98117
-0.4763
-0.2624
-0.5318
-3.2926
-0.7052
0.0464
-1.7563
-1.7058
-2.5589
0.646
-3.7815
-1.0723
0.535
-1.2053
-0.4813
-3.6876
-1.0392
-0.5578
2.5629
-0.3431
-0.5105
-2.5298
-0.8473
-4.7933
-0.2215
-0.2696
0.1627
-1.2143
-0.0553
0.8004
2.3338
-3.9356
0.0991
0.7149
-0.403
-1.7255
-1.7142
5.3379
-2.8638
-1.1197
0.2913
-0.9648
1.8259
-3.4012
-1.3492
1.0223
3.6379
-1.888
-1.1853
-1.4389
1.9971
-1.094
-4.4462
-1.164316
0.6825
-0.586001
3.5939
-0.3046
1.512282
2.760773
-1.409128
-4.156922
0.930513
-1.640554
-2.1241
1.282703
2.140918
0.627414
0.016955
-1.336432
0.293634
1.048692
3.323159
-1.510942
-3.199575
-0.746921
1.95232
1.302746
-0.4628
1.6084
0.6538
1.2482
-1.0894
-0.5467
1.2273
-0.6085
2.2304
1.6111
2.4385
-1.6202
1.9093
-2.3658
-1.1249
0.6003
3.5541
0.9931
-0.7441
0.0615
-2.2863
1.9139
0.69436
1.7656
-2.4678
1.8246
2.6958
-0.01026
-1.87686
-2.53354
-5.2795
0.8566
-0.11096
9.89244
0.35152
-1.6877
-1.40524
-0.30289
1.17119
-1.74507
-1.02844
-0.74176
-0.48914
0.6693
-3.1979
0.98039
-5.04384
4.13662
2.88855
0.29555
-0.0557
-0.28427
1.11695
-0.03865
-5.09916
-3.03171
-0.89734
0.16832
1.65281
-1.5232
1.1844
1.29941
2.48843
-0.302
-0.69189
1.37705
-0.5938
-0.3137
0.0451
-2.4443
2.0491
2.8664
-7.5228
3.5559
1.1824
-0.5737
0.1945
1.2061
1.8467
2.588
0.4641
-0.94717
-1.00256
6.544
-3.0339
0.2315
2.01878
1.21345
-2.0633
-0.3069
0.5737
-0.58528
1.9654
0.27083
1.32788
-3.7052
0.99199
0.5946
0.61719
-1.16091
-0.92438
-0.3866
0.1608
0.70633
1.715
0.85581
0.54052
2.06864
-5.9861
5.14343
1.14415
0.69674
-1.7448
0.50212
1.74308
2.12328
-0.93858
2.1949
1.67377
3.03668
-1.13787
1.0474
-0.22112
0.59623
1.0771
0.42723
-0.1044
0.72284
-1.65597
-1.54963
1.2637
3.76709
-7.17502
-0.2846
-0.1466
-16.2688
10.8501
-0.1752
8.9425
15.37866
0.48826
-0.9959
4.27309
-0.1617
-0.6154
1.2995
18.6222
17.1546
1.5229
-1.27229
0.72929
-1.2043
0.61063
-1.3356
4.27987
-1.88852
0.5597
-1.19274
-1.33306
0.3404
1.8206
-0.97715
-14.6085
0.26798
2.98727
-3.05221
-2.7575
0.91792
2.46225
0.83237
1.99272
-3.86877
-0.1499
-0.28644
-0.8355
1.60358
-0.1325
-1.43584
0.4187
4.9321
-0.94445
0.53024
1.66421
1.14452
-3.047
0.46697
-2.26144
-1.35124
0.3322
1.08834
1.82954
-1.9009
0.92247
3.08306
-2.20212
-0.14134
1.3947
-0.0871
0.85448
-0.38004
1.9756
-1.2705
-0.02059
-1.39462
4.61354
0.41871
1.44546
-2.31779
2.92316
-5.19954
-0.49399
1.39347
-0.667
-2.8415
-2.49376
-1.78032
1.3606
1.25331
0.15168
2.2155
1.9876
-0.0124
1.09679
1.5197
-2.02726
1.38619
-1.71186
0.4972
1.2156
-2.12584
4.6862
4.71317
2.8142
0.67884
1.31981
-2.148
2.586
-1.2162
-2.9492
0.2053
0.1204
4.5161
0.7676
-0.2042
0.0638
-2.0455
-2.2084
1.8731
-3.052
0.1061
-1.5958
-0.60014
2.4486
1.82052
-0.3568
0.96503
0.71324
0.39458
-1.56701
-0.05404
-0.7114
-3.4112
1.99323
NA
-0.69081
0.2524
0.2889
3.4487
0.52171
-3.146
2.13674
0.1656
2.26462
2.79638
0.33816
5.3193
0.42202
1.5505
-8.7301
-2.34396
1.34704
1.02265
-0.2298
-0.1535
2.1446
-0.65852
0.00468
-1.6324
0.4568
0.20101
-0.75864
-1.36403
-0.32918
4.75366
0.39669
-0.86481
-1.89391
-2.63307
1.69573
-0.22824
0.4709
-4.16643
-0.006
-5.42362
-1.0752
-0.6144
-1.1104
-2.39232
0.2563
0.4927
-0.9066
-2.731
3.9633
3.3396
-1.587
-0.4483
-1.4519
1.5549
2.2753
-0.9967
0.139
2.0904
-1.356
-0.1203
1.2084
0.8138
3.8706
-3.2654
-0.3087
-0.7566
-0.2999
-0.1635
-0.2096
0.6635
0.3277
-1.786
-8.2174
0.1485
0.7541
0.4866
-0.2782
1.2729
0.0383
-0.2088
1.7496
-1.1351
0.6894
0.8721
0.8678
1.3534
2.84344
-0.28947
-2.98527
1.30843
-0.56557
1.6871
1.67665
1.43541
-0.52244
0.94996
2.30698
1.2644
1.0442
1.22651
-2.84281
0.46844
0.1146
1.48511
-0.87826
0.46684
0.4961
3.8741
-0.1433
4.95905
-3.59952
1.6317
-1.17498
2e-04
1.18307
-1.2952
-0.98959
-5.35226
-0.47179
1.987
-1.7744
1.58967
-0.07068
2.5376
-4.81725
-0.5614
3.0291
-2.9178
-0.2777
-3.73952
2.5376
-2.4891
-1.8149
0.76523
1.6136
3.8756
-2.1275
-1.504
-2.80654
2.71395
-1.9371
-0.3365
-0.1812
0.7528
2.46045
0.3301
0.65289
-0.9325
0.88309
-0.5316
2.2363
-4.69167
-0.0984
-0.67358
0.6342
0.5247
4.07725
-0.7212
-2.7337
-1.8015
1.05892
-2.0249
3.1561
4.9414
3.55086
0.3576
1.1155
-3.6381
-0.9644
-0.77321
-0.96073
0.18037
2.52973
1.1131
2.6259
1.2908
1.19209
-0.409
2.87447
0.2341
2.4853
0.5353
2.2183
-3.404284
0.7478
-0.0832
-0.89667
0.35644
-0.318
0.61782
-1.12511
-1.29113
-0.5036
-0.8241
-0.1656
-0.1988
-1.4038
-1.2973
-0.0105
0.7747
1.05144
0.0639
1.73474
-1.0438
1.31227
0.86475
0.45711
-1.2074
1.4239
-1.2277
0.2733
2.13926
1.407
-0.07375
9.716
-3.0957
-0.07663
-1.6261
1.17518
2.0657
1.84875
-1.00916
1.54017
-2.5
-1.6838
-0.339
-0.41048
-3.57069
2.40203
0.30543
1.9884
-0.77564
0.1551
-2.8019
-0.9206
1.0782
-3.6035
-0.056
1.76171
4.01748
-0.3507
-0.43181
2.9441
-0.6031
0.8791
0.5338
0.07875
1.0934
0.5496
1.2913
1.05986
-1.7536
-2.78752
3.1201
3.66796
0.26447
-1.88283
0.6417
-0.24129
-0.6316
0.75741
-0.43015
0.725
1.5333
0.7907
-0.1457
0.5424
-1.43427
-0.0292
-0.19816
-0.20332
-0.68092
-0.13139
0.216
-0.1899
2.76891
1.1505
-0.656
0.45308
0.75784
0.46473
-0.34396
0.8501
-0.96875
1.23366
-1.1428
1.885
-1.1517
-0.35543
-0.8188
0.0866
-0.6909
-0.6297
2.2512
-1.78837
0.574
-0.1937
-0.8246
1.5322
0.9963
0.4324
0.67628
-0.35092
0.7737
0.20166
-2.96898
-1.80092
0.09224
0.59808
4.43353
0.91655
0.90388
1.7448
-8.0502
-3.2594
-0.3337
0.59884
5.14558
-2.06119
-2.2258
-3.8335
-0.8033
3.841
-0.8921
0.64963
0.19921
-0.11
0.1871
4.8259
1.49751
0.5088
-1.71167
2.2112
2.1372
-2.22338
0.98701
-1.0447
-0.9945
-1.113
0.71031
0.881
-0.492
-1.2105
0.5523
1.3434
0.59308
-0.6566
-0.6915
0.9146
-0.3151
-0.8249
-0.0469
-0.9231
2.4294
5.0446
-2.0471
-1.6357
-1.06723
-1.4396
0.0974
-0.8398
-0.2856
0.8574
5.15624
0.47928
0.0475
-2.14718
-1.4509
-1.288
-0.8953
2.05471
-0.629
1.04611
2.91145
-1.4623
-0.43079
0.70614
3.19057
0.2864
-8.61694
-0.28206
3.3041
-2.0195
0.7384
-1.4487
1.3711
1.8489
1.2079
-0.40215
-2.3977
0.4096
-0.3246
-1.57936
2.4621
-1.4237
0.0666
2.119568
-2.31904
-1.4387
-0.05631
1.1874
-0.06142
0.0071
-3.0752
3.8696
2.8783
8.86656
3.787
-1.5365
-0.0241
1.2529
0.4565
1.64747
-0.33173
1.9533
-0.54825
-0.7527
1.31637
-0.2541
-2.1878
-0.11646
-0.72613
-0.84251
-1.22814
-1.33943
-0.50014
-1.3008
1.43457
-0.9088
-4.3803
-1.34565
2.5762
2.1437
3.0383
1.4926
-2.03264
-1.81855
-4.2046
1.2391
0.9766
-3.26811
2.1173
-2.43195
3.8366
4.1424
2.36378
1.83356
-3.0406
-3.0035
-0.0135
-1.56497
-2.2381
4.81723
0.2733
-1.8046
1.6659
0.4131
-2.8153
-2.7115
8.53091
0.2794
2.1215
2.15803
1.24154
0.27343
-2.747
0.1758
-1.8919
-1.9299
-0.76627
-0.2094
0.0372
0.0825
1.6766
1.2889
-0.1464
17.92256
-1.6515
-2.645
-0.1443
-1.58813
-0.99044
-4.1058
-0.244
0.84572
-1.7308
2.2761
0.89
2.0876
-2.5684
2.4517
-0.5247
1.4656
-0.2766
0.3184
1.0761
-0.789
-0.1721
-0.02281
-0.0112
0.8597
0.9478
-2.0479
0.4244
-2.3697
0.7617
1.3627
-1.92619
6.5111
-2.1193
-4.05695
0.7842
-4.3385
1.5347
-1.3389
-1.66151
-1.23613
-1.80943
3.02511
0.94601
2.07826
3.45088
-2.2581
-1.5754
-6.5805
-1.0017
2.6108
-1.4596
-0.23988
-0.6989
-3.7697
-3.5709
-3.0918
2.9966
2.02619
1.28444
0.5694
-0.5307
-2.32725
6.1189
0.31212
1.39919
-4.2104
1.19995
-0.30626
0.1138
1.8365
0.5032
-3.61003
-1.8993
-4.00247
2.8533
-1.9519
-1.52098
-2.28697
-4.83977
-3.22701
-1.1742
-2.94821
2.21521
-0.68603
-0.23732
2.07816
-1.27739
0.1154
-5.5432
NA
NA
5.7497
-0.2002
4.36773
-0.6578
-5.6357
-1.6946
0.4861
-1.2493
-1.9344
4.0703
-0.0368
2.5013
0.6322
1.0642
4.1414
-2.35941
0.26486
-2.4944
-1.4863
-3.12931
1.06591
2.79777
1.15996
0.47621
-0.40626
-0.1583
1.07876
-7.7781
-0.33876
0.62492
-0.6673
1.05974
1.991
1.6046
1.24517
1.09108
-1.26579
-1.1817
0.7334
-0.1268
0.18906
-2.58106
-2.9608
1.6613
-3.49834
1.6093
-2.44376
-0.52598
2.4077
-0.61785
-1.25601
0.3797
-1.27968
-1.77168
-0.0606
3.06277
-2.52553
0.14118
0.4099
1.62213
-8.7495
0.29497
2.22082
1.7585
2.44142
-0.03934
2.6794
1.0682
-0.6061
0.714
2.94749
0.35265
-1.35481
-1.15306
0.1341
0.11502
-0.093
-0.89954
-1.8973
2.23021
8.4055
0.5236
0.8156
-1.3679
3.37714
-1.672
5.0207
-0.95958
-5.14389
-1.71521
-1.23103
-3.53179
-1.2305
-1.5857
-2.3652
0.4901
-0.22175
1.5227
0.5679
4.7908
-2.1402
0.5087
-1.2653
1.2848
-1.8635
1.44286
0.42525
-3.4164
-1.91128
1.2362
-0.44715
-7.8794
-0.55934
0.1708
-1.33867
-2.4417
1.3407
-1.63716
-0.1922
2.3365
-1.76315
2.04484
1.9652
0.2925
0.36088
-2.45936
-0.1143
1.01309
1.3794
3.1121
-1.96974
-0.022
1.9588
0.20851
-1.03107
3.90742
-1.7802
-0.18495
1.64898
-1.91418
-0.75989
8.0963
2.89498
3.07837
-1.74673
0.0115
-2.09478
0.52311
1.51378
1.65033
-3.63493
1.27531
-2.42717
1.234
-2.39358
34.7114
2.3926
-1.48122
0.2228
1.42575
1.69309
2.14368
2.3972
0.7898
1.25401
-1.7565
0.54215
4.05502
-0.3524
2.2648
0.48606
0.72218
-0.1891
-0.2765
-0.6259
0.321
-0.1936
1.51791
-2.0151
-1.53583
-2.64922
1.0529
3.9598
6.42
1.58137
0.17832
0.27306
-0.86651
0.95629
-2.2852
0.1293
0.3415
-0.2527
-3.661
0.3095
0.5227
-0.2948
0.0599
-2.23437
-2.21386
0.38322
-1.20161
-1.3905
1.60455
-0.56401
0.99195
-0.81488
4.51124
-2.67744
1.182
1.90046
-0.35168
1.4061
3.89653
-0.2019
0.651
0.9023
-0.43775
-0.50097
-1.70541
4.38339
5.48671
0.92067
0.9061
1.35169
-1.85459
0.1955
-1.08683
2.34922
0.604
0.61841
0.89054
-1.77612
-0.6169
0.4379
3.65707
-0.8941
-0.26294
4.06801
-4.096
1.0001
0.35381
-1.237
1.1814
1.0632
-4.24405
-0.8735
-1.33762
-0.44803
-0.508
1.73391
-1.1004
0.2979
-1.0583
2.0432
-1.9806
0.5135
-1.143
1.9678
2.9667
-2.1027
-3.2782
-1.8035
1.5193
2.23899
-1.75148
-3.9803
-0.6846
-0.8375
-0.3072
-9.0741
0.4067
1.2113
-1.5467
3.1343
-1.332
-1.4181
1.3699
-1.5869
1.4205
1.69
-0.11465
-1.0808
-1.16518
2.5612
-0.8799
0.70787
-0.7813
-0.965
0.7812
0.2682
-1.0062
-0.88237
-1.6365
-1.2037
-0.7021
-1.26705
-0.17674
0.6498
-0.2762
1.4345
-0.3562
-0.5793
1.4204
-1.1292
0.139
1.19053
0.22617
1.3163
0.2864
3.43314
0.13353
-0.9571
-1.41071
3.66484
0.56421
-2.71064
2.2377
0.13833
0.7391
-1.96303
1.0433
0.20555
1.83854
3.30587
0.1246
-1.4631
2.7911
-1.2128
0.9251
-1.9412
0.948
-0.17465
-0.88094
-1.97909
-1.21139
-2.58669
-1.1479
2.24555
3.25947
1.9786
1.928997
-2.05646
0.1299
0.3917
7.1763
-7.029
7.0495
3.10831
0.773664
-0.63416
-1.36322
-2.3371
0.389064
3.10994
5.14481
1.5566
1.06538
-3.2587
-0.5934
-0.0193
2.3203
-3.30692
-0.33585
-1.35515
0.04513
-1.465935
-1.9217
-3.79403
-1.8014
0.7232
1.08028
-1.0207
0.3838
1.2884
1.74036
-3.91457
1.99866
-1.0585
-0.33873
-0.5806
1.666
0.0028
-1.624
-1.2587
1.0785
-2.011529
-0.9014
-2.20377
1.9193
-0.3567
-0.2204
2.686038
-0.937616
0.4743
-2.35048
-1.79427
-1.7472
-1.092596
-0.047192
-3.164
1.05075
0.2361
-2.4925
0.0496
2.0833
6.18817
0.58118
-9.08967
-5.68704
0.582704
0.0978
0.2715
-2.7504
-1.74904
0.0902
0.03783
5.8845
4.5977
-4.4542
4.7412
-0.4606
0.7405
1.0837
1.732
-0.3523
-0.4308
-0.2128
-0.715
-5.0726
-1.4011
-0.22233
-2.63748
0.96953
0.6506
-0.96756
-0.7301
1.5827
-0.44843
-0.6615
5.1298
-1.3859
-2.4365
-2.3578
1.6231
-2.46914
-2.8383
2.2555
-0.4397
-6.8286
-2.4918
-2.6604
0.8511
-0.18635
0.83633
3.61773
2.56081
0.69285
0.5085
5.15907
-0.9818
3.9056
1.61115
-1.42342
-1.5589
1.0627
1.90345
-3.61556
-3.75402
0.4907
0.34249
0.0062
1.63064
1.16691
-2.93685
1.26663
-0.6532
-1.4301
-1.69737
-0.13284
0.67118
-1.77163
0.95091
-0.27773
-1.93673
-2.2641
-0.5731
3.3814
1.06893
-1.006
-1.6786
3.5182
0.452
0.10334
-0.00651
2.31258
0.5802
-4.0068
4.2144
-2.7277
0.30439
0.2219
4.4729
0.20449
-2.05696
2.5045
-0.5822
-0.18862
0.62707
1.0864
0.15243
-0.92517
2.6743
1.2053
0.6641
2.95521
0.4574
-1.0166
-1.15761
-0.5879
NA
3.8635
-1.0429
-3.1955
-1.51765
-0.77261
-1.5259
0.90802
1.4993
-2.5465
-1.11467
-0.5798
-1.7134
-1.0899
0.61203
0.1185
-0.4491
3.66112
3.88527
-4.376
0.5101
6.9169
2.322881
-0.13329
3.0895
-1.27434
-0.1677
0.79102
8.3758
0.24532
0.3871
1.39902
1.65954
0.2011
-4.475845
-1.4691
-2.5475
11.8894
0.1545
5.77325
0.2323
-1.8116
0.6389
2.1705
0.787
-1.65081
-1.6971
-0.0535
6.52
-1.60837
-6.1217
-2.3707
0.44427
0.05437
-1.42075
0.45185
0.97714
0.34461
-0.0779
-0.4523
-3.5482
-1.4557
1.1335
0.16112
1.3065
0.0292
-1.31484
-0.88012
-0.01677
2.9046
0.2156
-0.22948
-0.35861
0.21385
-1.146
-1.5458
0.7775
-0.1639
0.7542
0.96843
-0.4315
-0.0153
0.762635
2.7868
-3.1158
1.7202
-1.60702
-0.2652
3.2065
-2.7484
0.76076
0.3716
0.1832
-3.3085
1.80347
4.65216
0.59
1.5285
-1.0123
0.15775
1.53185
1.260636
-2.6458
1.03813
-0.1058
-0.18623
0.88227
0.0531
1.35781
3.7704
0.1769
0.94399
4.48974
-0.90066
0.68441
0.9805
1.05575
2.5039
-0.40432
-0.8012
-0.95575
1.82978
-1.0471
-2.3813
-1.9228
0.8696
3.1018
-1.0478
1.60409
2.93233
-1.4421
0.0681
0.4812
-1.001
0.0716
3.034
2.1991
1.6444
0.1947
-1.43142
2.4229
-0.75758
3.48005
-1.86936
0.10978
0.3381
-0.28445
1.07008
5.534876
3.5128
-1.23536
-1.74362
3.36859
-2.81827
0.3602
0.06814
0.10751
-2.3517
-0.349
0.6199
0.26877
-0.60174
-0.84467
1.38077
0.1097
-0.34858
1.04287
-2.6494
-0.79815
1.93739
3.40005
-1.6439
-0.8079
0.94711
-0.32473
1.2451
-1.0702
-1.4317
0.3384
0.6083
-1.4328
-0.0557
3.13415
5.7915
-1.6885
-0.41774
1.13808
1.97803
2.03484
1.6079
2.7312
-1.0474
-0.08352
1.383
-0.22994
1.3451
-1.5727
-0.99594
-1.04294
0.5337
-1.5122
1.0357
-0.0772
-4.03399
-0.72069
-0.12254
-4.15427
-0.520485
0.005079
0.20609
0.34494
2.8397
-0.65123
-0.67497
-5.98537
-0.2232
-2.3963
-2.35845
-1.9988
1.22927
-1.67991
-0.91677
0.1376
3.2459
-0.4236
-1.21832
-3.369
2.24647
-2.17197
4.6402
0.3838
0.48801
0.80841
-0.341
1.4176
2.5663
0.7974
-0.0684
NA
-2.91058
-1.13941
0.49466
6.8999
0.35985
-0.2762
0.7046
0.95168
0.109973
-2.37435
0.92469
0.7102
-0.91667
-0.7304
-1.38329
0.632
-5.9989
5.9571
-0.66564
0.315192
0.62296
0.25624
0.45176
-0.7939
-2.9815
0.8359
-0.02847
-1.7268
1.16844
-0.00682
-3.3986
0.62218
-4.83015
-2.6818
-4.00998
-0.1073
-0.51815
-0.3018
1.5819
-0.565
1.3461
1.1341
-2.77066
-1.31166
1.09082
0.4355
-2.75835
2.52026
-2.1802
-0.31924
1.9916
-1.28786
0.22436
-1.0912
-1.63596
-0.73917
-0.32093
-13.6253
0.8504
-1.204
0.21587
-0.0898
0.53968
1.7423
-1.3464
-0.4408
1.91374
5.94903
1.20167
0.75735
0.15193
3.3202
-0.1804
1.2679
-4.25325
-1.8439
-1.24964
-3.15622
0.49193
-0.71702
0.97634
-1.60467
4.56826
0.68911
0.08535
-0.80842
-0.1995
0.9414
1.422
0.7595
-4.3886
-1.1252
-2.89823
2.7237
-3.8145
-0.935463
1.4572
0.372
-1.3969
-3.4107
-1.106
-0.93881
1.0166
0.837958
-1.551
2.23174
-0.84592
-3.6849
5.76624
-0.30261
2.7836
2.6288
1.04993
1.8735
-0.39864
0.7052
0.92348
-0.4655
-1.5101
0.659
1.04066
1.12898
1.83619
0.4067
-2.0786
4.957
1.5704
0.72177
-1.9524
-2.30763
1.75418
3.54911
3.49972
-4.1716
2.34245
-1.9075
-0.33338
-6.7048
-2.70975
-2.1454
4.27763
4.0581
6.9438
0.2255
-0.0293
-1.041303
-1.05174
-1.87095
-4.50465
-0.48855
-4.77188
0.20931
0.8015
-0.59889
1.60478
2.33911
1.51154
0.2793
-2.25125
3.0731
-1.50397
0.81155
-5.2879
0.5966
-0.9287
-0.998
-1.9636
8.6559
-3.9961
-0.2906
0.0465
-0.84922
-1.7155
-7.02984
-1.8598
-1.8458
3.4453
1.15972
2.3692
1.91359
1.2367
0.1791
0.6737
1.1983
2.0057
-0.60827
-0.13153
-7.1042
1.83538
3.3717
-0.1071
1.05418
-3.6527
-3.59681
1.4969
12.0339
-0.01418
-0.362
-3.0425
1.266
-1.51359
-0.4476
-0.8142
1.61402
2.3459
-2.36084
-1.4967
-0.0464
0.01821
1.06582
-0.8822
-1.1081
-4.14267
-0.379049
-0.1612
0.0432
-2.4719
0.0312
-0.8863
-2.21287
0.7651
-2.7634
1.05309
1.6692
-0.0309
4.1437
0.31004
12.2967
-1.48128
-4.8577
NA
-0.12425
-1.38852
1.03258
0.3184
1.6999
1.4271
1.8803
-0.2933
0.43866
0.11549
0.3672
-4.3593
1.28105
-9.3192
-1.8445
0.6087
-0.45544
-3.5306
7.2554
4.0062
1.6264
-1.34658
-0.0465
1.09575
1.68473
-2.0203
-1.91917
1.0767
3.29929
0.44686
0.21559
-1.21077
-3.9477
-2.8513
0.2178
1.0638
4.0557
3.47213
0.51621
0.2653
-1.1608
0.3813
-0.72044
8.2398
-0.1033
3.60549
-1.5367
2.94181
1.51127
-1.1079
-1.37881
-1.3793
2.281
0.1631
-1.4864
0.46767
-2.51453
-0.4623
-0.66106
-5.3279
0.4292
-1.6357
0.42026
-0.00173
1.0881
3.6202
-2.224
-0.01988
1.50977
-0.2347
-7.56024
1.8213
0.48673
-0.02063
2.9738
1.43245
8.1791
10.715111
2.1055
1.13961
10.1503
4.3273
-2.7611
4.0012
-3.47792
1.4567
1.15804
-3.8899
-0.77601
-1.3344
-0.3844
1.53864
-2.343
-0.63453
-4.8508
-0.71385
1.023
2.88605
-1.3008
3.45769
NA
0.2138
-1.23735
-3.59923
2.09807
0.3428
1.42121
-0.3702
2.5389
0.56121
0.7185
-2.5626
-0.4013
2.4549
-4.43014
2.18143
-1.528
0.3071
-2.669
0.603
1.56368
-6.07078
-2.4553
1.45721
1.7769
-0.15297
0.235
3.1472
0.60503
0.8198
-0.7172
-3.9438
3.09334
-0.084
0.4443
3.865
-0.4536
-2.1639
-0.3324
-0.8632
0.2961
-0.1332
1.1102
-0.1652
1.09477
0.82073
-1.56341
-2.58261
0.5399
-1.35373
-0.2499
1.49388
-1.2079
-0.29797
-0.1352
-1.4417
1.252
-1.15644
0.19833
1.111
-0.2413
-0.2496
5.2689
0.7577
-0.5007
-2.73718
0.48317
2.73755
0.48035
-2.03064
2.3919
8.61797
1.5554
0.3223
4.10982
0.5507
0.5302
2.47288
-1.1159
0.04437
0.6119
-1.20637
0.93397
4.33768
1.306
-1.9014
0.6183
NA
-0.698
-1.20402
0.1128
-0.04104
-2.56121
6.3555
NA
0.8452
-0.0512
0.4239
5.4795
-1.62555
0.712
-8.34218
0.021
0.1437
-0.04848
2.7293
-1.055
-1.93497
2.147526
-1.0634
0.30967
4.24852
-1.5803
0.56719
-0.00395
0.13896
-0.44984
0.5481
-6.1603
0.6456
-0.34754
-0.83656
1.5456
4.67081
0.28117
-0.6233
-0.0377
-1.57905
-6.09658
0.45553
-0.50699
-1.87823
-0.3546
0.28729
-0.39423
-1.38497
0.50552
0.1874
3.694
1.14602
0.3185
2.4646
-0.9965
-0.728153
3.4826
-2.21785
3.75024
-3.390022
-1.2223
1.25659
-0.5011
-0.20944
-0.2359
-0.8389
0.2513
11.843
1.4245
-0.5168
0.7494
-0.2423
1.52839
-4.41411
-1.8465
-0.9173
3.61931
3.82886
-0.538
-1.86237
2.00167
3.03338
2.8461
NA
-0.577
6.82799
-0.247
0.38
1.38779
-0.052761
0.6756
0.66266
0.3808
0.7978
-1.18079
1.19482
-0.6642
-1.6443
-0.5592
-3.48944
0.38945
0.361268
-1.5706
0.6549
-0.2901
-0.27217
1.17714
0.1827
0.85577
0.4655
-4.52274
-4.7137
1.54453
-0.58242
-4.7785
-2.17569
-0.3708
-3.5234
-0.952
-4.7785
-3.78732
3.885
-1.905
0.6769
4.05907
-1.8649
-2.7209
-1.0727
-0.2666
2.67893
-0.3963
0.7982
2.0025
2.424032
3.044
-0.25238
-0.20594
0.2524
0.09547
0.3228
-1.8591
0.251
1.1025
-1.5546
0.2194
0.14288
-0.6495
-3.5798
0.3697
-1.5065
-0.05965
3.2376
0.89818
-0.5649
0.4031
-0.5815
0.2599
-1.475
1.9842
4.3175
-3.2138
-4.2011
4.89237
-0.7693
-1.68
0.6049
-1.017281
-0.8213
-2.0914
-1.5729
0.5831
0.5867
-2.2175
-2.14037
1.4992
-1.9394
-1.3317
-0.41397
-0.7798
-0.3136
-0.4408
-0.1598
-0.15565
0.00358
-2.93744
1.0267
-0.1819
0.7348
-0.8019
0.8865
0.36847
1.1675
-1.4416
-0.4262
-4.4358
0.334
1.9654
0.2194
-1.23052
-2.3294
0.19278
2.0706
-0.3765
-1.71565
-1.4026
0.3759
-0.46668
2.2935
-2.3392
1.8074
-0.120603
-1.52589
-1.68379
0.0191
1.7869
-0.1956
-2.4944
3.8262
-2.42112
1.383
-1.06298
2.1123
2.18939
-5.47207
-1.6054
1.4703
-2.24332
1.12251
-3.29757
3.2059
0.82416
-0.00101
-2.3432
-2.0484
0.1441
-0.6322
-1.54499
2.44729
-0.9921
-0.7108
-1.05389
-1.3201
-5.2698
1.412739
0.6585
5.5623
-0.9096
4.68454
-0.9609
-1.9425
0.83058
1.02277
3.54617
-2.5887
6.77537
1.0341
0.8295
7.5228
3.27682
-4.56423
0.7307
1.3334
2.84
1.85458
1.6163
1.51332
4.88037
-0.2331
1.5983
0.60104
0.59063
-0.41314
0.8079
-0.41243
0.8143
0.56668
-0.61716
1.4303
-0.4613
0.56526
1.06001
5.00951
-0.97992
-0.49724
0.8576
-0.84289
1.79002
-0.30115
-0.399478
0.69221
1.2859
-2.86491
-1.4974
3.08075
0.0186
NA
0.82207
0.3276
-1.4307
-0.8925
-0.60534
-1.3704
-1.69959
-1.3345
3.15463
-0.90668
-0.60741
0.80801
-2.25428
0.7905
-0.2627
-0.65951
-0.9268
-2.69385
-0.01374
-0.84102
1.23122
-0.64477
7.47661
2.11105
1.72212
-2.482
-1.0655
0.2132
-0.76399
-2.07322
1.9992
1.37354
0.63949
0.56128
-0.8588
2.33468
1.4334
1.9505
-2.6269
-19.0358
-1.4818
2.4011
1.23392
-0.30252
0.1902
-0.5791
0.29103
-2.9562
2.514924
-0.90422
-1.35878
-0.12061
0.57449
0.9088
-0.13969
2.2265
-0.68331
-1.20557
1.1372
-0.6381
0.9676
-0.10556
3.21979
-1.9174
-0.7293
0.0197
0.68577
0.0457
1.07817
-1.4303
0.4369
-0.1982
0.2518
1.47523
-1.1827
-0.12742
-0.37698
0.8817
NA
-1.55001
-0.0293
-2.19966
0.61452
2.1853
-0.0931
-6.60514
0.391803
-1.5477
-2.05846
-5.09221
2.233
-0.86415
-0.80176
-0.4904
3.72012
0.50483
-1.50739
1.44668
3.07705
-2.5727
-2.5182
0.5773
3.7555
4.6182
2.28029
-1.31154
1.049187
-2.2793
-1.15417
10.53528
0.29252
-8.33904
-0.55025
-1.1072
0.69599
-1.6604
0.349
-0.9868
0.8078
-2.16932
0.87966
-0.81459
-0.6952
-0.1886
-3.24034
0.32525
0.02667
-0.3156
-0.62868
-0.4791
3.35637
0.716533
0.5875
5.5619
0.74831
-3.50872
-0.9773
-1.3312
-1.67544
-5.06691
-0.71127
-2.61495
0.7269
0.4203
0.2541
-0.9018
1.2471
2.2813
-1.0917
0.21606
-1.51713
-2.12489
2.31944
1.7716
2.8415
13.33459
0.66817
-0.45759
0.08639
-0.3594
-0.3691
-3.28865
0.150466
2.7451
2.37776
0.10726
1.9374
-0.521916
0.1673
0.59034
-0.62825
NA
-2.66473
-2.32133
-0.92405
-0.81169
2.6141
-0.0548
0.63711
1.03942
1.76383
NA
-2.40723
3.6311
-2.83418
-3.8555
-2.5229
0.04003
1.47379
4.7109
-2.4768
-2.6389
1.32522
-1.4157
3.0132
3.7421
3.82677
0.32674
-0.05652
0.6237
0.73877
0.0096
-0.53323
-3.0441
NA
0.2171
-0.41568
-0.27558
0.3125
0.68
1.7032
0.14684
1.29115
1.6124
2.06977
-0.737
-4.1631
1.3068
-0.5923
-0.6576
0.7898
-4.11322
-1.7634
1.8784
1.4979
-2.6419
4.1112
-0.1073
-3.651
0.6629
-0.7367
-2.1761
-0.05265
-1.2673
-3.29157
-0.4427
0.80634
1.15432
2.6135
-0.16696
-1.4953
2.1316
0.16313
-3.20987
-0.51025
1.5051
NA
-1.1729
-0.8576
0.3851
3.5502
-1.7378
-1.7052
-2.1321
-5.10502
-1.74
0.99328
1.71137
-0.3744
0.05345
-2.75149
0.6517
-5.01895
1.83334
0.1065
0.64064
-1.05196
0.36217
2.8458
-1.97562
NA
-0.253
-2.95258
1.84575
0.94349
-1.2316
-2.074
-0.92161
-1.00326
-5.29691
0.4504
8.2934
-0.95852
-2.9167
-2.0851
2.4489
-11.9839
9.8321
0.8624
-1.5756
4.43906
1.5
-0.8965
NA
-1.358
-3.37143
-2.1383
0.6393
-3.1801
1.34069
-1.66227
7.95003
1.4907
-3.97718
1.1463
1.5437
1.7683
1.2602
-1.82067
-2.08816
0.2819
-0.4756
1.776216
-4.7795
2.29434
-0.82317
-1.79016
1.3999
-1.98629
0.7261
1.7153
-1.90635
1.6881
4.8186
-3.86125
-0.93848
-2.60783
1.7257
-0.3004
-0.41146
-1.1069
0.6473
3.02388
4.38362
-0.6751
-4.8406
1.1484
0.321
-1.8128
1.50126
0.0988
2.8803
-0.6586
-1.2056
-0.01301
-2.1796
0.9957
-0.47936
-1.6164
0.0699
0.96364
0.2757
0.5304
1.836
-1.1941
3.8777
-0.39552
-0.8762
-0.220354
-0.3548
0.9073
1.35127
-0.17708
-4.03682
0.48778
-4.52524
0.0358
-0.387
-1.12567
-0.0442
1.28486
-0.9207
0.3635
-0.1518
-0.6282
-3.1308
0.22825
-1.8539
-1.0991
3.952
2.58546
-1.284
-0.407
-0.16802
-5.8655
-3.8389
4.5842
-3.89749
0.09677
-1.3326
-7.8391
-1.8556
1.29071
0.35337
3.05797
-1.7228
-0.44059
1.03596
-0.61877
-0.34475
NA
-0.2571
-0.5474
-0.0955
-3.4633
-1.25207
3.2256
1.25212
-0.21818
2.096
2.02018
-0.9516
-2.0436
5.6988
-0.2222
-2.4235
0.97637
2.05354
-1.8302
1.77434
-2.6188
-0.3285
2.14465
-0.11998
-2.3014
0.494
-0.4922
-0.07394
1.8159
-1.552765
-3.66113
-2.93216
2.4862
2.5795
-0.81791
-0.85395
0.18965
-0.43196
-1.6061
5.3463
1.35032
-4.2806
0.17616
-0.05023
-0.7262
0.0836
0.2285
-0.74866
1.8478
2.20203
0.65992
-2.11001
-7.5929
0.46231
-0.3773
-4.94952
3.7479
2.8415
-1.275
-0.3944
0.59399
3.2198
1.512263
1.1971
-0.72415
0.05888
2.3185
-1.01094
0.73354
-0.9495
-0.45221
-1.9329
1.68157
0.6293
2.3631
-2.38986
0.57625
12.19484
0.2778
-2.34152
2.4073
-0.2517
-3.46762
5.6026
1.6656
-0.80933
0.8198
0.7614
1.28953
1.1611
1.3663
0.9585
0.35113
2.69975
-4.2582
6.838
-1.95605
-1.81619
-0.16394
-0.81251
-0.85355
1.4952
NA
NA
-3.2921
NA
NA
NA
1.4765
NA
NA
NA
NA
NA
1.53306
NA
NA
NA
NA
0.3188
NA
0.15438
NA
NA
NA
NA
NA
NA
NA
NA
1.8685
NA
NA
NA
NA
-1.73139
NA
NA
NA
NA
NA
NA
NA
-0.595
-2.24227
2.66376
NA
NA
NA
NA
NA
NA
NA
NA
NA
8.2137
NA
0.47866
6.358
-0.0694
NA
0.5973
-2.57464
0.2603
-1.38513
4.8468
-0.4615
-7.12905
-4.4895
1.51886
-2.07482
-3.56405
0.0276
-3.6018
4.8908
3.8092
-2.6727
-1.04414
0.0141
0.0863
0.71087
-0.3581
-1.46447
4.6442
2.86108
1.3913
0.60326
-0.6795
0.56511
1.44029
-1.31777
2.73485
-0.27983
-4.82946
0.4211
0.4426
0.71731
1.1016
3.7901
2.1547
-0.7233
-0.2841
-1.142371
-0.3318
0.79615
1.304
1.2078
0.8735
-1.828
1.0144
-0.4761
-4.6584
-0.2808
-1.7386
0.0769
-1.71281
-0.8408
-1.4823
-0.4569
0.076736
NA
NA
NA
NA
-0.229
-2.2295
-1.2488
-0.31376
-1.4533
1.65378
0.5295
1.52122
-3.54834
-3.2101
-0.6126
0.35156
0.17503
-0.0662
0.5678
2.1962
0.951
3.1914
0.4206
0.12445
5.3807
-0.226
1.13162
-1.7236
1.49816
-0.44526
-1.52168
-1.98347
-0.4462
-2.0427
1.47106
-0.07
-2.62353
3.21109
-1.5811
0.4438
3.02212
1.2472
0.10245
-6.51319
-1.97631
-0.63952
0.23217
7.80295
-2.5113
-0.06308
-0.8973
0.663572
-2.42357
-1.94968
-3.52141
-0.65566
-3.85758
-1.1184
-2.91143
-0.30225
0.35519
0.63435
-0.78369
-2.72313
3.9318
NA
-9.2497
0.6978
3.15365
NA
NA
-3.6723
-2.88224
3.7505
-0.2296
-1.9542
3.49477
-0.51482
0.602
0.602
0.15546
-3.31
-1.5035
-0.5655
-2.7175
-0.5914
-0.88903
2.9677
6.16452
2.121
0.0118
-0.4297
5.06657
0.74222
-0.0578
2.39127
0.74903
-1.8213
-2.84167
1.05911
2.2876
0.61675
-1.8767
1.5106
-2.68712
0.30376
2.3638
-0.2851
-2.49717
-2.36585
-0.76484
-0.93161
2.0922
0.06409
-0.22247
2.50446
-0.2252
0.01178
0.2905
7.28835
-3.7913
-9.378
1.083735
-0.45929
0.8135
-3.00131
-1.7326
-0.11757
-1.11391
1.07391
0.8332
-1.0822
2.1133
-3.76524
-1.57904
5.1878
-2.104
-1.06591
-0.0984
-1.74475
0.37706
-0.636
-0.6552
-3.282
NA
-3.3224
NA
1.58273
-0.0351
-1.70511
1.99572
-1.48037
0.3971
6.94654
2.2738
1.3329
0.58687
1.9166
0.29633
-1.43401
-1.3484
0.035643
0.3471
0.5257
1.753782
-3.9956
2.4356
2.5253
0.3382
-0.0161
-0.2853
-1.011
0.4508
0.97099
0.911
-0.69587
-0.29577
-0.40978
-1.99579
-0.47506
6.18144
-0.06793
-0.27977
-1.08223
-1.27417
-1.7023
-0.86789
-0.12132
-1.33767
1.07892
1.02219
1.70815
-2.29559
0.583
-1.7218
-0.83087
1.2151
0.13434
2.33141
-5.04284
-2.3513
-0.97897
-0.42386
2.4637
0.52908
-0.2899
3.91094
-0.8734
0.1394
-2.2357
3.39251
-1.2699
2.9855
3.26381
-4.3243
0.87305
-0.54444
-1.2027
-4.68004
NA
0.17764
-3.35464
4.9228
-1.8414
-0.8471
-1.93248
0.47595
-1.2751
0.7143
2.350507
0.37334
1.25215
0.12154
NA
3.352216
0.97741
-0.51848
-1.11249
-3.82779
-5.9707
-1.19679
0.41213
-1.3624
-1.0693
-13.7097
NA
0.8076
1.22239
0.09614
0.3818
1.2794
-0.05349
0.99074
3.26275
1.75955
-0.2089
0.91252
0.53397
-3.71341
-0.25207
-1.75977
1.46986
2.9341
0.3014
0.5175
0.62956
-0.45369
-1.93005
-0.35604
-1.47116
-1.40284
-5.54173
1.385
-0.84
-0.1152
NA
26.8339
-0.5111
-2.36033
-1.70165
1.9075
2.10565
NA
1.8387
-0.23466
0.105
-0.7908
-0.4326
-0.6248
0.53421
2.3028
-7.26439
-0.10721
NA
NA
0.2263
2.28296
1.56663
-0.67614
1.0309
2.37395
2.5186
-0.4052
0.7428
2.59153
-0.89055
0.208139
-0.566
-1.21774
0.31613
-2.39713
2.06721
-0.146
-0.61287
-0.40242
-4.90128
0.7734
1.7543
-1.28273
-5.1892
-1.5857
-0.2137
2.02695
-1.27995
1.6441
-11.25369
2.3316
-0.9093
1.263
0.5773
0.60137
-1.2856
-1.9118
0.87545
-1.327
NA
-5.61027
1.47067
-0.54984
-0.01258
1.0849
-1.01492
0.52893
-0.2371
-0.91004
-1.92448
1.4234
-0.483
-0.7541
-0.48103
1.184
-2.0169
0.0988
0.71308
0.6077
-2.5701
0.44862
0.72391
1.3565
-3.1081
-9.7524
8.44916
0.07351
0.75923
NA
1.13356
-0.01673
0.0578
2.3388
-1.09604
0.38621
-2.26994
-0.66182
1.0722
3.12743
4.83671
-6.4987
-1.8599
-2.08071
-0.5648
-0.7559
0.63352
-1.0784
1.6001
-2.78092
-3.37258
-1.5219
-0.33839
0.15478
3.4407
-3.2013
-3.245
-3.92411
-0.22002
1.44084
0.9172
-1.2523
2.5522
0.4697
-0.96496
0.87313
-1.52446
-0.24541
1.06459
-0.5787
-2.37594
-1.42745
1.3461
-3.44141
0.3159
3.9852
-0.09837
-1.9725
NA
2.25587
-0.6776
1.2331
0.6207
3.8306
1.6041
-1.39261
-0.84043
0.18168
-1.0059
-1.40832
-9.4614
-1.2297
1.69068
1.225
-0.2606
0.40471
0.1557
-1.42713
NA
-3.35556
0.608
0.1091
-2.2883
1.05872
-1.8608
0.86603
0.8815
NA
-7.44912
-1.65739
-2.8653
-2.34337
0.64453
NA
-2.2525
-1.3315
-9.14483
1.2739
NA
-0.3317
1.50743
1.3835
1.71723
1.3659
0.4374
-2.4303
-1.8538
-1.19411
-0.6141
0.7622
-0.9454
-4.1188
0.2669
0.86431
2.85489
2.1706
0.93932
-0.0227
-0.0341
-0.1849
-0.61748
-0.41319
2.54509
0.0399
4.71575
-0.8967
1.29815
1.18437
-1.9733
2.39817
NA
-0.5349
-0.20637
1.6074
1.89648
-1.91197
-1.2578
0.42559
1.5957
NA
-1.3767
1.3837
0.6738
-0.08413
-2.13067
0.9221
0.6048
-0.21884
-0.4887
0.17043
1.7179
1.1156
NA
-2.3124
-5.47616
-0.5692
-0.3091
3.0947
-5.9707
-1.4133
-1.69144
1.36658
-0.12584
-0.3317
0.22323
-1.42831
-2.5368
1.61006
-0.7103
-1.69709
-2.28436
-1.41418
0.06476
5.5768
2.3246
-0.20763
0.28407
0.63632
-7.46159
0.16532
-0.78165
-0.4967
2.0504
2.2716
-1.26189
2.4574
-0.0348
0.04021
-0.370736
0.6704
NA
0.1198
-1.0784
1.9198
-0.37654
0.82017
-0.93716
NA
1.18628
-0.716
3.8247
1.68455
1.4252
-0.8081
-0.1707
-5.7397
1.83422
NA
0.61105
0.75239
2.90081
-1.1455
0.99646
-0.3409
1.45258
-0.1609
0.33861
-4.31015
1.7833
7.4013
-2.46002
NA
-2.6194
NA
0.26495
-1.0231
-0.09468
-1.3029
-0.7118
-1.57109
1.41323
1.2133
0.1179
1.3482
-0.16832
-0.96947
1.7115
0.0748
NA
-2.3719
2.00534
-0.31775
NA
0.84586
-1.11361
-0.4661
-0.83824
-0.27779
0.5786
-0.22324
-4.01477
-1.02825
9.6161
-1.0183
-0.6696
-1.80483
1.56408
3.31884
-0.906
1.49157
NA
1.07096
1.3963
3.2888
1.2555
0.42163
2.82284
-1.6181
-0.29314
3.30598
0.2796
-3.9642
2.0059
5.1026
-0.44801
0.78856
-0.71884
-3.80983
-1.1123
-3.1563
-3.4409
1.3459
-2.35187
NA
-0.88097
-0.33536
4.52826
2.36144
-0.061
6.86271
2.4632
0.19141
2.91406
0.23078
-1.46015
0.45465
3.5993
-0.23488
0.2586
-1.45734
1.27692
-1.76088
0.59718
0.5315
-1.1167
0.13631
2.62337
-0.70756
2.9665
-1.1436
-2.32774
-1.17404
0.9419
2.9561
-0.79196
-2.79697
-2.67458
-0.96827
1.32095
2.5512
-0.36532
0.61842
1.65351
2.6594
-1.7166
-2.0989
-0.18269
0.3207
-0.2733
-3.01941
1.7312
0.23098
-0.3992
-1.38333
-2.60335
-0.0167
0.6269
-1.3948
-0.44977
0.25283
-0.03214
-0.24953
1.09253
6.25638
1.6749
NA
-1.37214
1.0359
1.05248
1.71795
0.57995
1.25916
4.77223
-3.95081
-0.0579
0.33528
-1.10221
1.52337
1.1015
-6.8846
3.99838
-1.7149
3.69991
-0.19973
-6.5501
0.84269
5.579
NA
2.6233
-0.8343
2.6842
1.00568
-1.18829
2.86994
-1.1451
-1.90007
-2.1398
1.57749
0.6515
0.1255
2.344
-1.74836
0.2456
-1.3808
0.88942
NA
-0.86533
-0.86817
0.9041
-4.4808
-1.198
-3.3581
0.49366
0.7683
NA
-0.8611
-1.9796
-1.11466
-0.6768
3.1235
1.3886
-0.699
0.3324
-0.74143
-0.9401
-0.51321
4.3931
-0.04511
-2.4214
1.0581
-0.2507
0.45126
0.7411
-0.418
NA
-0.04045
-3.4424
-3.05085
-0.4947
-1.18482
-1.00648
-1.92793
-0.1389
0.33483
NA
-1.72527
-2.9202
1.25688
0.7713
-2.71831
-1.03929
0.9077
-1.22777
-0.0952
1.32682
1.93
-1.69639
0.4349
-0.75972
1.8568
-4.84584
0.1072
-1.1967
2.5506
0.0332
1.80034
-0.89682
-2.5497
0.60411
1.2174
2.246
0.76866
1.9538
-0.8874
-1.33491
0.3976
1.4767
-1.6616
0.12285
1.70387
-0.75692
0.1721
-1.4391
-0.25143
0.0409
-0.46012
-0.8141
-2.88988
1.73636
-0.5166
-0.053
0.3888
1.1106
0.2507
-7.66032
-0.2151
-0.12018
2.75109
NA
0.9021
0.1135
0.1475
-3.64854
-0.0632
NA
0.30341
0.01223
-0.252
-17.80078
-0.81003
1.111
0.4048
-1.7767
NA
-1.94816
0.14301
0.9164
-0.12082
-1.68032
-3.4944
1.92174
-0.09235
6.27541
1.1592
0.22008
-1.1565
-1.19576
-1.83345
-0.9075
0.1601
-2.47341
NA
0.17222
1.4759
1.1262
-1.3692
1.0194
-10.1146
0.915
-1.34975
0.1386
NA
1.64763
3.1272
-1.06365
-1.7227
-1.66814
-1.9552
1.96169
-3.08826
1.60427
0.4759
0.8615
NA
NA
1.4474
0.6145
-0.09295
-0.758288
0.94163
-1.1955
-1.0853
1.33496
1.97616
3.25758
-1.7609
-3.97215
3.93773
-3.8793
-0.3389
-1.297
-0.0043
-1.5381
-0.58155
0.26496
-1.2078
-0.3103
-2.9814
0.20632
-4.4137
10.3953
-2.39501
0.68055
2.6048
-1.87045
1.17859
0.02652
-5.08825
2.08563
-1.1094
0.06137
0.1262
-0.6202
1.99359
NA
0.4407
-2.52215
1.9217
2.04013
-2.49542
2.76984
0.68679
1.572
-0.2283
0.42088
-0.29801
1.8525
0.31521
NA
1.1297
4.3566
1.64612
0.5597
-0.0324
-2.39122
1.0291
-6.16518
-0.026377
-0.2984
0.2738
-1.1294
-1.7023
2.08556
-1.1226
-0.09216
7.51991
0.26403
-2.11492
2.1785
-0.58161
1.5411
0.4399
-0.192776
1.3461
2.15314
0.16723
-0.28978
-1.1369
8.9455
0.5495
0.62033
-3.63829
-2.1089
1.9842
0.7702
-1.9542
-1.94299
0.1372
-0.8081
0.22708
-2.5898
-3.08793
1.00438
1.3635
0.84053
1.3435
3.2515
0.28657
-1.58228
-2.38445
0.9571
1.22324
-2.57954
-0.71616
-1.164837
1.3703
NA
-1.751244
-1.48586
0.22944
0.7119
1.05301
0.89151
0.1594
-2.44911
-0.2633
1.9963
1.08025
3.44394
-0.8634
-2.5738
-0.3776
-1.02097
-0.81946
-1.174
0.815
4.63171
-0.05673
-3.10867
3.54241
-2.8984
0.40583
-0.19991
0.02067
0.84904
-0.7631
NA
0.64759
0.3994
0.711334
-0.9077
-0.00317
1.5968
1.7862
6.6248
-2.81619
-0.8382
2.1843
-0.4952
3.23429
1.0158
11.7818
-1.09161
-2.5918
4.1179
0.44496
-0.9333
0.0953
-1.69712
-0.26751
-6.645
-0.0924
1.7551
-0.4125
1.44217
-0.3704
3.55093
-1.04073
-1.5653
-1.79162
-0.3143
1.1117
1.0145
0.0384
2.11131
0.1085
-0.8466
1.1001
-2.524716
0.05871
2.54603
-1.92487
-1.3769
-0.42503
1.76896
-3.9415
-0.4772
0.2685
-0.201873
2.539
2.34938
-0.47425
-0.8201
-2.6647
-0.6301
-3.7535
5.6914
-0.18185
NA
-0.80618
-2.1955
-0.08273
-2.9131
-2.231
-0.238
-2.993
-1.6072
-3.72519
0.0479
-1.5789
0.33149
3.6937
-4.37167
-6.4359
0.30432
0.2497
-0.8904
-0.4411
-5.7623
-1.231392
2.23184
5.5768
-1.111
-0.30563
0.85191
6.6979
-3.5699
1.51147
-1.6217
1.3808
-1.1166
-0.31484
-0.4769
1.0478
-0.67244
-1.7213
-1.22459
0.1599
0.4549
0.74606
1.37
1.3697
-0.6858
-0.4296
0.7797
1.2795
0.4878
1.9394
0.18369
0.6448
-1.4037
-2.903736
1.5893
-0.47783
-1.49406
0.92701
-0.2355
-6.3219
0.8059
-2.4
0.0181
-0.79128
-0.0414
1.3347
-0.2741
-0.163
-0.8533
-2.152
-1.0537
1.3879
-2.7006
3.48571
0.651
0.3204
0.7508
-0.37505
0.5897
-3.58
-0.74017
5.7582
-4.7902
-1.58987
-4.18057
-0.02472
-0.65096
-1.3209
-3.27113
NA
-0.24775
2.67002
-1.4118
-0.2392
-8.9518
1.90673
-1.2271
-3.2253
0.8611
1.5223
-0.7746
0.1141
-2.9475
-0.06104
-0.5556
-0.7222
-0.1184
1.3879
1.0392
0.2627
-0.82912
3.7811
-0.20937
0.2139
-0.59021
-1.2298
0.3618
-1.6807
-4.8406
-4.1458
-2.17876
-0.47455
2.9107
-0.02936
0.42304
-0.67848
-8.5528
-0.8622
-2.29146
-0.7489
-1.3827
4.4426
-1.0972
0.4141
-0.6692
3.3655
0.32465
-1.64883
-0.5986
-0.1458
0.1547
-0.5105
-1.2138
-8.84116
1.3551
-0.5386
-1.46672
-1.8607
0.2983
1.70911
-1.5554
2.6001
-0.88419
1.311
-1.42202
1.3257
-0.07184
1.94347
1.4089
-2.8069
4.74
1.0046
2.0182
0.028
-1.0926
-0.5313
1.4895
-0.0635
-0.9471
-0.8149
0.11354
0.7955
-0.4061
-0.9738
-3.0141
0.6723
2.1281
-0.2655
1.2805
-0.059
-0.7663
2.1765
5.0597
2.7758
0.27267
0.9445
-0.9826
0.9579
-0.7806
0.30524
1.6473
1.2141
-1.5929
0.6339
-0.2906
4.42026
-0.3011
2.91691
-0.99409
-3.04731
-2.0151
2.0923
-3.3501
0.7945
-0.1431
2.61712
0.73109
-0.3814
-1.6407
0.0829
-1.7203
4.56605
-1.0278
-0.3345
0.0901
-0.5959
0.64256
-6.01629
3.2211
0.4739
-1.7204
-0.96474
-0.43036
-2.5891
-0.64038
4.5439
2.0544
0.07244
2.5756
1.91966
1.983
-1.1211
5.48891
0.22843
4.912
-0.7935
-0.4703
0.5329
-1.98406
-1.58837
0.3086
0.9343
-1.44685
2.14802
-1.67739
0.0577
-0.36294
-0.98054
1.94198
-0.9399
0.7048
-0.0539
0.33847
1.2909
-2.15338
0.485
-3.95369
6.48831
-1.6974
-0.8524
2.3286
-1.37763
-3.2744
-1.3618
2.05335
-5.28635
-2.51225
2.6654
-0.3626
-1.1537
0.6405
-3.7088
1.92459
0.4796
-0.1405
-0.01986
2.172802
0.6817
0.516
1.6242
0.4268
0.43
0.323469
-3.3357
3.2954
-1.6428
0.4964
-1.01728
-0.0888
1.2884
-0.3171
-2.52815
-1.1274
-1.8347
1.5767
-0.207
5.3996
2.0995
-3.02219
0.7617
-1.6344
-0.9596
-0.28278
-6.3301
-1.6348
0.40891
-0.5905
0.3045
5.23338
-0.6031
-0.7774
1.73553
-1.4717
0.5341
0.4159
1.0957
-0.8408
2.2159
0.6946
1.0325
-1.1311
5.4804
2.8513
-1.8287
0.8683
5.2914
-1.4894
-2.2159
-0.0362
1.3255
0.7454
-0.2367
-0.3227
2.3245
-1.0947
-2.6854
0.2812
1.4953
-12.1124
0.5212
-0.1339
3.7616
1.1805
3.9104
1.3093
-0.0187
-2.1376
-0.5233
2.0334
-0.9219
-0.9636
0.6804
-0.246472
-3.2316
1.2631
2.7282
-3.2119
-1.0051
-0.000861
-0.825
-0.5883
-1.1667
1.3083
2.9904
-1.21152
2.1896
0.5498
-0.2171
-1.9636
-1.721
1.5527
1.3371
-1.9388
-2.0491
-1.4185
-5.0897
-1.6782
0.593509
0.330954
-2.076
2.047571
-0.585638
-1.0517
-1.991004
0.7397
3.7336
0.3537
-2.188808
-0.611686
2.625719
3.098844
0.6284
-1.861436
-1.208423
-0.2741
-0.4371
-2.479
-0.8419
-0.07917
-1.755228
0.1563
2.3035
0.212317
0.3119
-0.446336
-1.3728
0.763
-0.1524
-2.598541
8.5117
1.017528
0.5867
1.2987
-0.1524
0.892118
-0.3487
-0.418721
1.207616
2.5218
0.056526
-0.50222
-1.0079
2.649047
-7.5689
0.5163
0.304
1.0798
-1.3816
-2.2979
0.9614
0.75813
4.9706
-0.3653
-1.3293
1.1457
0.129
-5.1498
-3.68918
-5.63938
-2.85655
-0.7232
-0.70205
0.939238
-0.7562
0.1963
1.8256
-1.9542
-1.4072
1.1562
0.4861
0.0383
0.6901
-8.7228
-1.259
-1.97427
1.9175
-2.2448
-3.3722
2.0006
-6.0792
-1.4265
-0.5622
-0.618452
0.00922
1.0935
0.4756
2.0288
-2.1778
-1.4943
0.812
1.06351
-2.1981
0.528
6.399
0.6028
-1.0097
1.8522
-2.5283
-1.1489
-2.053
2.0922
-1.7079
-1.44283
-2.734729
1.438
-1.78003
1.0775
-0.5782
-1.269
-0.2655
6.108378
-0.03859
-1.44935
0.3885
0.79773
0.0976
-1.9894
-1.1808
-0.9983
0.2675
-0.729
0.9939
-0.0848
1.0876
-0.8756
-0.4092
-0.4355
0.7312
-0.6093
-1.7805
2.0102
2.9933
-1.40994
-5.8205
-0.024
1.81937
-2.7316
1.14175
-0.2928
-0.02372
1.18099
-0.07222
-0.63348
-0.7367
-1.85913
-4.6395
-2.0303
-8.7958
0.69525
-1.1928
4.1459
-1.6888
6.8652
1.11165
-0.1298
2.8283
-0.673
-0.8203
-0.2999
0.8155
-0.34498
0.2467
0.7143
1.2929
3.98074
NA
3.45515
0.9959
-0.9228
0.540503
0.1817
1.0234
-0.6581
0.04524
-1.0542
0.1823
0.7497
0.2162
-0.384
-1.09429
2.037753
1.1433
-0.70329
-2.6607
-1.8256
-1.057634
0.6683
1.1815
1.1876
-1.49342
0.68119
-0.16684
-1.06822
-1.0825
1.5821
3.0496
-0.86092
-0.4366
-1.0591
0.7095
0.0388
-0.92233
-1.4741
-1.2448
-0.0038
1.9808
7.87295
-2.0137
7.84068
0.75928
0.7085
-0.4264
2.217
2.11453
-3.462
2.06874
1.73904
-0.963
-1.4147
-1.04152
-2.25142
-0.8633
-2.6977
1.3568
-1.6296
-7.61223
-1.282748
-0.88529
-2.2288
-2.52541
-0.8141
2.6548
-0.8072
-5.88922
-0.06715
-3.17709
8.22076
1.4279
-4.0653
4.6476
2.78063
0.70096
-2.9139
-0.35761
2.15776
0.59704
-2.94485
8.2137
0.87117
1.15695
0.593
-0.48744
-4.1129
5.1944
4.7874
1.0823
0.7711
0.39977
-1.113
-3.2095
-1.53441
2.6873
-0.93214
0.88004
1.0416
0.02147
1.2119
0.31931
-0.86749
-2.9139
-0.27206
-0.3386
0.2806
1.51861
0.8114
-0.1131
0.3276
-0.30967
0.7601
0.3276
-3.5513
-0.0662
-7.52731
2.42
1.32408
-2.2075
-2.35301
1.1646
-2.9139
1.0376
1.60439
-1.38391
0.05606
9.378
1.2389
1.2344
2.1433
1.55966
1.5477
0.3479
1.8924
1.20797
12.0339
0.5772
1.01856
-2.4099
-5.2367
-0.26173
2.8683
-0.5693
-0.48127
1.3001
-1.26587
-1.98986
-1.13141
-2.662
-0.13487
NA
-0.77508
1.885
2.71449
0.53125
3.2014
0.79021
5.51943
-0.63964
-0.64476
-0.7035
4.10198
1.0212
-13.9813
0.8558
0.1498
1.9452
9.378
-0.0304
-0.34454
-0.30623
-0.80576
-0.19978
-1.45351
-0.60741
-1.0719
1.47509
-1.3979
-1.77082
-0.08494
-0.39
1.3793
0.55381
0.437
-1.43406
-1.50563
0.20075
1.33096
-0.00383
-1.36616
3.01949
0.8436
1.85
1.37219
1.97265
-0.00384
-1.64211
0.4293
-0.31981
4.0939
-1.1096
-0.09606
2.64343
1.4562
3.01101
5.69765
0.84583
1.2149
1.4034
3.68389
-2.4262
-3.3668
-1.9098
-0.12076
3.01376
-1.32579
-1.36827
-0.2195
0.3445
-1.88265
2.8345
-0.36923
-0.074
-0.11555
-1.1908
16.64632
-1.782
-1.15341
-1.34925
4.0328
0.7614
2.0285
-1.1351
1.5279
-1.97194
-0.5714
0.3255
2.2973
0.33177
2.54173
-0.4444
0.23854
-1.1704
2.51355
0.9511
-0.39385
0.25411
1.34554
2.99389
1.42611
-2.74046
1.2149
-1.18732
2.25863
1.10104
0.7744
0.5446
-1.1592
-0.67637
-0.18466
-3.81792
1.13464
-1.2507
-0.737
-0.24132
-1.29504
-1.46937
-1.1673
1.12474
0.48216
-2.2825
0.4967
0.9964
-1.0568
0.3591
0.4214
3.246
0.3624
7.5579
-1.09073
0.32021
-0.6901
2.984
0.5165
0.4542
0.30787
-2.278
7.5228
1.0637
0.9348
-0.60519
-1.3135
-2.1092
-3.88278
1.5218
0.19841
0.323326
-2.0309
0.47147
2.111
0.4727
1.12517
-1.7898
2.242
3.5328
-0.7235
1.9504
0.7092
1.96931
-1.00621
-2.13307
3.70914
-1.1291
-1.4028
-0.71546
-0.64539
0.1169
0.3292
0.7128
-2.4197
2.09949
-7.00987
-1.1158
-1.83457
-0.4733
0.6491
-0.094016
2.5679
-3.85212
-0.6721
0.37735
1.3459
1.3459
0.2351
-4.7096
0.06633
1.01558
-0.60578
-0.22253
1.94436
2.45152
-3.15785
-4.81141
0.41433
-0.93629
2.5082
-1.2475
1.1628
2.4587
-1.2382
-1.43841
-4.7213
-0.48357
0.9914
1.82198
2.2907
-1.3059
0.10783
0.9691
1.46772
0.7161
0.6382
-0.1822
-4.07719
NA
0.6826
-0.91846
3.2493
0.406
-1.3642
-1.22503
-2.0035
0.97687
-0.66925
-0.2525
-1.0234
-0.8848
0.4499
0.04894
0.6913
0.06353
4.01708
NA
2.4738
-0.12837
-1.62474
-0.66789
0.26283
-0.40719
-0.1588
-0.1998
-2.5176
-3.36792
-0.38389
-2.9815
-1.5958
-4.4471
-0.319
0.61138
-3.58599
-0.95774
-1.2382
2.2915
NA
-0.8897
2.07711
NA
-1.5246
-1.1322
0.955
3.12683
1.47202
2.03306
-0.05558
1.97841
-1.1935
-0.0037
0.425
-2.6419
-1.2174
0.18091
1.14796
-2.35155
-1.6714
0.507
-0.60182
0.3082
2.94925
-6.5632
1.88236
-0.5992
0.81833
0.81289
-2.30018
2.38344
-0.1891
1.1079
-4.72594
1.4997
NA
2.4318
-5.59889
1.10276
1.36447
1.6273
-1.03337
1.5502
0.77843
-0.93152
-0.93868
-1.45695
1.3872
-0.24921
0.94232
1.92174
-0.74584
0.4322
-0.2045
1.79714
0.4733
0.47738
1.42778
-4.63924
0.4046
0.8222
-0.7668
0.689
0.72332
5.9172
-0.7357
-1.15676
1.28142
-1.96498
-0.4312
-3.11749
-1.32382
1.74685
-2.757
2.2972
0.1473
1.5857
-1.5225
-0.5393
-1.76457
0.4644
1.5366
-2.87231
-0.0504
-0.59421
-5.1176
4.5713
2.64191
1.11622
-1.77609
15.02367
NA
-0.5331
-1.81247
-1.2405
-3.78504
0.80177
2.9041
-1.1544
3.9852
-0.12933
-0.8161
-1.5686
-2.1906
5.54384
0.3866
-3.9507
0.0615
0.581711
0.64527
6.9838
1.5493
0.513654
1.57502
-2.4515
5.65354
-2.28777
1.9817
1.14725
-2.2312
0.3652
-2.8158
0.2397
-0.6544
-2.695
-1.58857
3.2711
0.3511
0.3276
3.6022
-0.12206
5.3379
0.322171
2.6929
1.2516
0.1876
0.16114
0.0024
1.36977
-1.2288
-1.03499
-5.7886
0.3013
-1.06462
1.1162
NA
-0.98172
-0.4422
4.4119
2.90193
-1.2677
1.4908
3.6816
-0.20428
-2.31017
-7.80331
0.6818
-1.3605
-0.249618
1.1265
-0.5013
8.0192
0.7334
1.1912
-1.8036
-1.3228
-0.8476
-1.4832
0.19129
1.56339
-1.01056
-0.0334
1.21149
1.5324
-5.3179
-0.19128
-5.5449
0.286149
1.3777
0.37428
2.9847
-2.7062
-10.03292
1.4521
-0.5746
-3.1121
-1.1162
-1.51321
0.4613
0.7781
0.839092
2.22863
3.2037
1.884745
-0.905106
1.97424
0.4962
2.20894
-1.0535
0.89966
0.30545
1.43587
2.0834
-1.0565
-3.651
-0.8794
-1.05287
1.03163
-2.6339
-1.065
-2.49483
0.84956
0.13191
1.03366
4.656
-3.14194
2.472863
0.60256
NA
-13.0575
-0.80355
-0.9615
1.6332
-0.7259
-0.727
-1.0532
2.0938
1.72555
1.323
-0.4756
0.567
0.37854
0.7969
1.1764
0.1529
-2.3008
1.5167
0.6893
1.0471
-5.9147
0.3586
-1.0075
-0.87363
-0.2307
-0.684
2.52479
-2.19696
-0.68325
1.24693
0.553061
0.52179
1.29954
-4.97208
2.36386
2.74805
-8.112
-0.5534
-1.4814
0.22995
0.9843
1.98341
-4.579529
-0.1571
0.4903
2.9228
1.6245
-1.8395
3.59732
-0.80574
-1.78128
1.8202
-0.5035
-0.4947
-0.82654
-3.0967
0.72521
-0.84578
-1.19523
0.34848
-2.1477
1.8946
2.0326
0.89899
1.85247
3.2336
1.060976
-2.07504
3.72583
-0.37591
-0.7348
-2.0717
2.67645
2.30665
-2.2357
-4.3858
0.714
3.03779
-1.13185
0.23884
0.1136
-1.683
-0.9062
0.81869
0.80936
2.19712
-0.68546
-3.1054
1.71462
-0.4214
-0.2981
-0.6525
2.097
0.28059
-3.8273
-2.1813
-0.0695
1.5375
-0.2195
5.17322
1.8744
-0.6106
-0.9149
0.55738
0.40153
-1.88804
-0.7855
-2.49968
0.0697
1.4467
-3.1581
0.2235
-1.88061
-0.89446
0.5202
3.0583
-0.1836
1.35823
0.13239
-0.26177
1.1984
-1.0298
0.1468
-1.45746
-2.34958
0.9214
3.5948
-0.6088
-0.1791
8.2137
3.32516
4.75714
3.1765
0.1651
1.0966
-0.8554
-0.8122
-0.47849
0.0734
-0.99963
NA
-0.60938
-0.38916
NA
1.98568
2.2146
1.07386
-2.4263
-1.7405
0.9966
-0.799
0.2798
0.41989
0.62184
0.36011
0.1744
-2.69897
-4.0916
0.93082
1.120721
0.94715
-0.49105
-0.05151
0.2173
1.9307
-2.0461
1.26921
-3.29708
0.1853
1.50334
-1.0699
-2.62045
-1.45102
-0.91552
2.24454
0.76936
-2.09968
-0.1413
0.8822
1.5053
0.20576
-1.22104
-1.0942
-0.9139
0.1721
-2.7561
NA
-0.8081
-0.77381
-2.0556
-4.8291
2.0782
-1.077
-0.37029
-0.3227
0.3447
-3.1957
3.0968
1.3036
-0.73887
-3.047
1.8196
-2.20477
0.102
-2.24177
0.1304
-2.71624
3.80717
1.867499
-0.9227
-0.2172
-1.56379
1.1799
-0.44647
-1.83682
2.4122
2.06551
0.22337
2.5051
0.8668
5.42247
1.57796
-1.9863
-0.2598
0.66587
4.5944
3.6046
1.97536
