0.17998
8.20242
-0.60701
1.4083
4.4648
0.58404
-0.665
0.1935
-3.12395
1.8342
1.41496
-1.45706
1.801
-0.8428
0.88486
1.32627
2.8641
2.353746
-1.045743
-0.390659
0.71177
-1.3284
1.08279
3.47614
-6.31166
1.2867
0.1018
-0.25232
6.07046
-0.59908
1.4127
0.486
2.0953
-0.66959
-0.82983
0.6843
-0.0274
-1.7096
0.706311
1.72313
-2.6252
-1.1059
2.6046
1.90976
2.9201
0.514
-1.965
-0.775094
-1.0706
-1.72175
1.3025
1.66536
-2.268438
1.41201
-0.78046
-0.42794
0.07822
-0.67135
1.6536
-0.1318
2.19422
0.10951
-0.36159
-3.2998
1.1886
-2.66915
-1.712684
0.38098
-1.7805
-1.03168
2.42702
1.51634
1.1708
-1.2679
3.56107
-1.01587
2.0656
-0.89866
1.19604
2.5994
7.8692
4.07849
1.4273
-6.61095
-2.6931
-0.3712
-0.22452
-0.07735
-3.5479
0.88537
2.3073
1.4113
0.1811
NA
-1.97412
0.9616
1.3684
-8.6889
4.43367
-1.65232
1.2924
2.211856
1.59307
0.74452
2.621178
2.191343
-2.81753
-0.96267
1.0092
1.06779
-3.93176
1.396067
-1.06893
-2.7875
-1.4714
0.5951
-1.00861
-0.0706
1.6997
1.3379
1.44811
1.4917
4.5663
7.92101
6.36161
4.2399
-0.08741
1.7812
-0.43785
-0.56145
-0.7516
1.06255
0.966
1.77521
-1.077925
0.069693
1.4941
0.35402
-1.51
0.291497
3.32148
0.441645
-0.566178
1.1914
0.6897
1.07389
-3.16002
0.4204
1.086749
2.199807
1.22476
-2.9556
-0.24545
-3.357
2.48442
0.4446
-8.6707
-0.8125
0.5673
1.98906
-1.80192
1.2325
1.0362
-0.2271
NA
-1.03034
1.99
-1.92696
2.3546
6.83401
0.5098
2.8284
2.5426
-0.54672
1.5559
-0.2388
-0.896929
NA
0.246154
0.5941
-0.1385
0.4699
-3.1258
0.45596
0.2228
-0.6476
-2.48008
-0.19874
0.18697
0.3127
-1.526
1.3734
-1.99497
-1.993224
-0.55127
1.4709
1.38375
-0.64226
-0.87598
-0.30589
-2.3856
3.7801
-0.3194
0.2845
0.9243
0.6687
1.3592
-1.0541
0.1056
1.94819
2.4348
-0.2739
-1.774
-0.3431
3.26029
-1.306
-1.9346
0.9325
0.3793
-1.799744
0.72478
-0.79277
1.46274
1.66259
1.74623
-1.76747
0.994342
0.842254
-1.2145
-1.303014
2.712
0.14057
1.4439
-0.14165
-0.61336
2.6571
-0.93829
-0.0102
0.4618
0.37569
-0.7819
-2.56759
0.3488
-0.7433
-5.985803
-2.4134
-4.287463
0.9973
-3.71094
-0.72415
-0.85501
1.554
0.689651
5.4486
0.1481
3.0075
3.15999
-0.579353
0.5865
-0.08419
0.3005
-1.0177
-0.8942
-0.9797
0.3203
-3.2787
20.53811
0.75579
-0.0665
1.9863
0.7088
0.04754
1.331718
-1.56269
0.15385
-2.679008
0.20621
-0.6067
-0.1682
-0.136079
-1.08813
-1.71713
1.23003
-0.61
0.7128
-1.3095
1.35809
0.4243
-0.06173
-0.63644
3.67196
-0.8895
-2.79
2.9226
-0.37633
0.18958
-0.62208
-1.13699
0.82224
4.17987
0.40022
2.3867
1.65309
1.80961
-5.8471
-2.7801
1.1952
-3.58339
2.2705
0.9486
-1.8561
1.4451
1.401758
0.5446
3.29914
0.8814
-0.1069
-0.897
-3.72361
-1.00742
-1.3114
-2.50554
-0.21388
1.5281
-4.858007
3.7716
-4.10167
-2.4596
-2.25842
6.71898
2.50714
0.7622
-2.50385
-0.200096
-9.36591
-2.6348
0.7326
-6.61171
-0.3806
-4.284
-0.6148
-1.3333
-0.58125
1.98696
0.56617
0.08727
1.3535
-0.622334
-2.9441
-0.3125
-1.00292
2.940489
1.2961
0.05661
-1.88507
-7.15672
-7.91283
4.7461
4.7486
1.36985
0.0281
2.77501
-6.12395
NA
2.31439
0.33637
-0.5652
-0.4792
-1.30143
-1.0146
7.3777
-1.1193
-0.553753
-0.11781
-24.16301
3.06905
-2.1554
4.05864
0.82103
-1.4571
0.34573
2.542613
-3.64739
3.36793
0.5268
-7.2172
-2.50195
0.120238
-2.87992
-0.10845
2.4637
1.5411
-0.568333
-0.420724
1.797801
-2.2584
0.2637
-8.84997
3.82461
-0.578117
0.56312
1.36794
-1.10609
-0.12832
2.003669
-0.50498
1.37478
1.3265
-0.63787
1.8194
-0.65337
0.81187
3.14924
-0.095
-1.59968
0.5025
1.53788
-0.30437
-0.12008
-0.17888
-1.82512
0.7534
-7.3166
0.70926
-0.671265
1.6493
-2.29166
-0.416332
-2.6513
0.582592
-2.29743
0.8183
-5.8996
-1.1642
0.30408
-0.9154
0.791
-2.562938
-0.89188
-1.9988
1.4575
1.2535
-7.4066
-1.1179
-1.80979
-0.38485
0.00251
0.71748
1.1339
-2.58246
-2.5329
2.89685
1.05167
-4.1305
4.6176
-0.9112
-0.106239
5.834782
1.216144
-0.4101
0.9136
1.264272
0.3923
6.72737
0.71208
-0.93798
3.83192
0.7201
1.21045
-1.1333
0.07917
-0.56034
1.77765
-1.363073
-8.07739
-1.23693
4.67981
3.0348
0.35842
-1.2762
-0.6758
-0.0251
2.7462
-1.00787
-8.9912
1.234858
-4.25656
-5.064003
-4.553
2.06043
-3.03242
-0.90418
0.6073
0.558
-3.76635
-1.2906
-0.1968
0.59477
1.5935
-0.04108
-0.313394
1.887112
0.13511
2.68535
-0.028123
0.5688
-1.0114
1.03278
-0.37421
0.748952
-1.040866
-0.0584
0.3884
-1.8418
-7.25398
0.92503
-0.69178
-1.57378
-2.0039
1.3601
-0.2975
2.7067
2.28681
1.7379
1.175208
0.923043
1.840655
0.50323
1.81375
0.78324
-1.4611
8.94908
NA
NA
1.04688
1.7456
0.21916
-2.92447
-0.68303
2.10028
3.279161
2.712486
-1.1983
-1.22015
0.87055
-4.48561
1.3458
1.0055
0.34452
1.17854
1.83758
-1.1518
-0.873
-0.1027
-1.30225
-1.8279
0.19689
1.4456
-1.13975
-0.8179
0.2508
2.495918
2.955297
-4.45029
-1.5261
-1.88
0.4797
2.1431
0.1733
-0.1257
2.3073
3.09136
5.51272
0.20699
0.061
2.0277
-1.7455
-0.34188
0.3178
-0.3366
0.18893
-3.22239
-3.13738
4.74195
0.293
-1.9895
-1.76766
2.98239
1.5086
1.86413
-0.07455
1.79989
-1.687368
0.694
-0.4207
-2.9877
1.3434
0.763822
0.900973
-2.426202
-0.760644
-3.192741
-2.281088
0.4484
1.08064
-1.77454
-7.70231
-2.13806
0.50089
-2.4996
-0.0857
0.48505
-0.17284
2.0705
-1.27864
1.6178
4.23279
-2.64414
0.20991
-1.1072
-2.877098
-0.4709
1.57233
1.53683
3.4151
-2.2059
1.8395
0.23727
0.7916
-1.3642
-1.79304
-0.4901
-1.6393
1.9289
-0.1322
4.5056
-1.85704
-0.33926
-1.07997
-0.557832
-2.016
-0.3873
-2.794575
-0.62799
0.94562
0.246858
-1.8834
0.2833
-1.25143
0.6724
-0.20065
2.34656
-0.0433
-1.1758
1.5994
4.7443
-1.7063
-0.322
1.517
-2.5178
-2.0136
1.313
-4.9908
-1.7132
-0.0787
0.8476
1.2805
-0.9236
-5.7721
-2.3895
-2.9926
-0.0938
-4.541
0.10658
1.59818
-0.56125
-3.39794
1.43166
-0.32631
0.06736
-3.32147
0.71861
-0.01808
0.96592
-8.9017
0.5911
1.55134
2.81974
-0.95066
-0.62955
0.4017
3.3461
-1.05819
-0.73797
-2.77025
0.73137
0.5386
-0.6339
-2.02713
1.60566
0.61004
-0.19773
2.32789
-0.87359
-1.27024
-0.61637
-0.87206
-0.58192
1.04494
1.64141
-0.48422
1.2344
1.0101
-0.8496
-0.8903
0.452432
-1.255797
1.32726
-0.5773
0.8465
-2.7775
-0.9239
-2.2361
-0.112
3.3109
-0.9976
0.68517
-0.17869
0.3534
-0.23272
-0.9636
1.43227
-0.63871
0.39611
2.45684
0.28932
0.91775
-2.87963
-3.3576
1.43539
0.93952
1.2697
1.49112
-4.80682
1.27031
-0.7021
0.18693
-1.6499
1.1773
0.66662
-0.214103
1.590066
0.727224
0.25999
-0.36228
0.34249
2.27561
3.16492
0.72643
3.0043
1.21215
1.33386
0.44645
-1.30244
-2.0562
0.039
NA
-8.4766
NA
NA
3.74482
-0.0952
-3.35796
-6.94656
0.34799
-1.91254
3.26042
-1.05075
0.1653
0.45311
-2.5087
1.24844
3.32249
-4.60229
-2.5338
-1.69198
1.5332
-2.45633
3.2586
0.83031
-0.7952
2.18376
-0.03483
4.04566
0.06576
0.11022
8.9172
-0.87924
4.79877
-2.47672
4.1297
4.29417
3.87706
3.85547
-0.86195
3.93331
4.1302
5.18162
-1.15246
-1.21585
-4.20092
-1.78708
-2.19845
-0.9879
0.29182
-0.30904
1.77641
0.13488
1.99236
0.26048
-1.72681
-2.21473
0.72448
0.68267
6.73868
0.01808
-2.13679
6.98455
2.25551
-1.33198
-0.05026
-2.50874
1.46899
-1.78498
-1.44586
-1.46714
-0.91089
-0.99912
0.52401
0.1962
-1.04259
1.4633
-2.91927
1.43721
3.9846
0.66573
3.51305
8.94307
2.36368
0.35366
2.65304
-2.09653
2.28576
-0.50038
-0.02142
0.5989
-1.48544
-0.09526
-0.63834
-3.41115
-0.2537
4.22316
-4.20478
-3.93251
5.74774
0.85691
-3.14287
4.3175
0.47729
-1.35836
-1.02034
0.71758
0.64473
-1.56617
0.9699
-0.9677
0.11314
0.27655
1.07646
0.36847
0.47942
-2.03338
1.4461
0.06321
-1.52072
0.21248
-0.06892
-0.2642
10.34473
1.13693
0.25675
-0.2298
-1.00739
-3.70931
-0.12154
0.05773
-1.05315
0.48171
-1.1622
0.93843
1.23309
-1.98462
-1.16651
3.40445
1.5988
-4.00037
-0.29397
-3.0363
-2.7032
-1.0987
-0.2993
0.0601
-0.2436
-0.211
-0.5933
0.4545
0.486
1.9666
3.1012
0.762
-0.7676
2.1877
0.8927
-1.4275
3.0029
2.1988
0.6434
0.4653
-0.6849
0.1498
1.7945
-6.722
-0.8534
-0.8002
0.4502
3.2966
-5.0386
2.6478
-4.2716
-3.0268
-2.1083
2.1438
-0.9297
0.2821
-0.6982
-1.0209
1.8907
3.8379
-5.5214
-1.1671
0.3096
-2.5417
-0.4698
-0.8697
3.7228
-0.4431
-2.011
-0.7063
0.6956
-0.1488
-0.6722
2.6216
2.2123
1.5567
0.1507
1.0471
1.4033
-0.7062
1.7054
-0.416
-2.076
-1.1432
-2.9257
0.5174
0.4685
-0.9642
0.52923
0.4687
-0.11201
-1.32445
1.62055
3.03681
-1.17416
0.92775
-1.59973
0.02474
0.01042
-0.60819
-3.17018
-7.90133
-2.45953
-1.50743
0.0576
0.1797
0.87737
-1.13477
-1.16345
0.8953
2.24967
0.13136
-0.35233
0.49207
-2.58863
1.65189
1.25565
-2.04815
0.8548
0.37883
-4.63967
2.36266
-3.04055
-2.74677
-0.05596
2.47624
0.80182
-5.14029
1.24816
1.70837
-3.59978
-0.28894
-0.23443
1.72147
0.31063
-0.0862
0.88407
-1.63129
0.6066
0.92904
1.9907
0.50687
1.98352
0.57477
0.8264
-5.21
1.33901
-4.51013
-0.10087
0.2149
-0.18686
0.39191
0.64759
1.0226
1.75333
1.00537
1.90194
12.9324
-1.34994
0.04867
1.59706
-1.20806
-3.5448
2.1145
0.09568
-4.29201
-3.87163
-0.08654
0.06596
-0.2683
1.63028
0.3008
0.0245
-0.90842
-0.12103
0.993
-0.5083
-2.50709
1.49113
-2.78097
0.61591
-0.33197
2.42148
-3.15004
-0.52254
1.78924
-1.73162
7.45841
3.40881
2.53787
2.65647
2.86329
0.25846
0.98198
-0.53014
1.78412
-0.27965
0.07926
-0.9912
2.83201
0.67585
0.92904
-1.01236
0.65365
0.5268
-1.60665
-1.3546
-0.71309
0.03845
-0.66907
-0.66483
0.12866
-0.6499
1.1981
0.47658
1.0242
0.36122
7.7535
3.90024
-1.91885
4.03757
1.69945
-2.78665
3.6331
1.73433
-3.30072
1.5923
2.22401
-1.41452
0.96945
-0.03701
-0.60253
-1.08438
3.6958
-0.23781
3.27279
1.16741
-0.03242
-0.61897
-1.30376
-1.9891
-1.29292
1.49099
-1.32333
-1.12008
-2.03626
3.5081
0.24963
-0.66766
-0.11974
-5.24995
-3.80885
-1.25407
4.52824
-1.75328
-1.22883
7.1228
-2.14319
0.99467
-1.1567
-2.22219
1.94385
1.37247
1.10341
1.60244
1.70963
-0.31758
-1.71748
-0.50773
0.47857
-0.00807
-5.5246
-3.4351
-1.154
2.15337
-5.3898
-0.34189
-1.3125
-0.1121
0.10626
-0.86389
9.36162
0.56867
0.4905
2.45662
-5.4634
9.39224
-3.43281
4.27745
-0.80755
0.2806
0.14342
4.02347
-0.18467
-0.09058
-0.07204
1.49517
-1.81092
1.06217
1.554
-1.2887
-0.47125
0.04947
-2.73039
2.37855
-3.03552
5.09119
2.14316
-1.41088
2.23102
-6.52336
-3.75055
-1.39795
4.45016
-1.27589
0.51106
1.37825
0.32606
-0.678
-0.43518
1.10396
-1.18322
-3.44734
-1.1334
-0.6378
0.48685
0.85131
1.16781
-0.48935
-1.04433
-0.97546
4.70285
-0.13157
-0.5096
0.70922
-0.11377
-0.53598
0.55046
-0.9336
-1.49277
3.7737
-1.85061
-0.66999
0.71685
0.3758
-0.76708
-1.21134
-0.88872
-3.86302
-0.3867
-1.46681
0.36989
-3.57227
1.50661
-1.19837
-1.90808
-0.85858
3.39193
0.68926
3.4388
-1.29072
-0.00872
0.93309
-0.86436
0.46732
0.6221
-1.0635
-0.2408
-4.78326
0.8472
0.17352
-1.94284
-1.1057
-0.36378
-2.48146
2.78461
0.36696
1.53616
0.22971
-1.46173
-0.38103
-1.67536
3.41105
0.2394
-1.04375
0.16537
0.33071
-1.34779
-1.21015
-0.80716
0.18768
0.1667
0.19131
-1.3781
-4.36612
0.0213
0.3016
-0.26615
-1.12725
3.59161
-1.2634
-2.8632
-3.7453
5.4848
-1.8423
-1.3308
-7.3076
3.5989
-2.6944
-0.3198
4.3915
-0.8259
-3.8756
3.1084
1.0389
-0.6396
-1.8406
0.5416
-2.1917
-1.4652
2.589
-0.0221
-0.0362
-3.9007
-0.7124
-9.5337
-5.1458
2.7566
-4.6547
-6.3545
-4.0251
6.6051
-0.8624
1.9738
-1.0569
1.4406
3.2272
-6.2082
3.1638
-6.2444
4.2481
4.2052
5.3334
-1.3303
1.1397
0.1878
-0.7943
-0.186
-0.3694
-1.3089
-3.0072
-1.8147
1.6104
0.2815
0.139
-5.6974
-3.9416
0.4443
-2.746
-0.1337
-0.9307
1.3812
-1.64973
-0.79568
-2.98428
1.25286
-1.2317
2.52496
-2.91218
4.75578
4.39097
1.60475
2.0606
0.30792
0.32871
2.18198
-0.9149
0.45498
0.48172
0.91795
1.6557
2.3273
-0.26231
-0.83003
0.26642
1.30111
-0.527659
1.625199
-0.469895
2.157519
2.354927
0.552884
0.886418
-0.395193
1.252776
-1.220035
-0.531967
-1.610428
1.0012
1.684235
-1.421391
0.706797
2.0489
-1.961971
-0.21775
-2.249049
0.5598
8.07
1.352169
-1.059808
2.655538
1.224814
-0.1941
-1.220713
0.910979
2.042705
-1.30385
1.169954
3.889822
1.2965
-2.262083
1.964195
1.153068
-0.8266
3.983
-5.5445
1.2272
-0.7908
2.5383
-0.3528
-1.5897
0.0813
-2.0795
0.2457
3.2071
0.6192
-1.2718
-1.8059
-0.253
-0.2064
-6.6385
10.1362
-18.0176
-1.6198
0.2036
3.6021
2.9694
-2.0543
-0.1584
0.7969
-1.5941
0.5607
2.6033
0.7101
1.8032
0.9284
-1.5343
1.9189
-0.9286
4.5016
-1.699
-0.2985
-1.024
-1.0113
-0.2815
0.1402
-1.9231
-1.2252
1.8307
1.1056
1.2738
-2.9928
0.2147
-3.1489
0.0816
2.4238
-0.0574
-2.6804
1.7918
1.0407
0.881
0.3494
1.3924
1.5102
-2.1587
-1.3641
-0.3476
0.2835
-2.9254
0.2824
-0.7767
-0.0653
-0.3304
2.0932
0.605
-2.1988
-1.4541
-1.0549
-0.9893
-1.6338
-1.0881
-0.5034
NA
-0.6808
NA
-3.495
1.7258
11.5108
NA
3.6183
-1.4
2.127
0.9174
NA
0.5271
3.6416
-1.2689
2.9969
-1.5397
1.1436
-3.1266
0.6616
-1.4593
-0.6675
-0.576
NA
0.5177
-1.7999
0.6762
0.1039
-2.8004
2.9971
0.1889
0.3876
0.1762
-3.5879
-0.4928
1.4762
-4.4887
1.6315
0.8917
6.3479
4.2254
0.7478
0.8207
0.7324
-1.8652
-1.0527
3.0814
1.0424
4.192
-1.7908
-0.4884
-0.215
-1.1025
1.3102
0.5969
-0.5444
1.885
3.6943
-1.0142
-0.937
-1.1673
-1.4963
-0.5057
-0.8091
-2.5976
-6.0906
0.6869
3.2266
-5.27433
-2.73354
0.32991
-2.62088
-0.2642
5.30663
0.1516
-1.28229
3.94024
-1.43319
-0.102
5.32689
-0.16776
-3.53242
-0.81029
-0.5541
0.47371
3.9596
0.6332
0.21178
2.43811
-0.72495
-3.9643
2.68811
-0.62597
0.47228
-3.14272
-0.00113
0.14102
-1.65227
1.3815
-0.42739
2.72077
1.38865
1.08963
1.3908
-0.084179
-0.202653
2.806094
-1.166824
-0.238121
-1.044522
1.716113
0.469716
-0.576011
2.002861
1.363879
-0.461323
1.699975
-3.505472
-0.350438
-3.816129
0.10438
0.472
-0.376383
-4.18428
1.771343
2.948946
1.144072
-2.507936
1.116986
0.938997
-2.631742
0.026818
-1.580718
0.38215
-0.081812
-2.371441
0.32385
-1.282958
-1.8993
0.540578
-0.818748
-3.371819
2.095925
0.420589
-0.4583
0.661448
-3.427976
-0.2291
1.884113
-1.170201
3.646986
0.273964
-4.813882
0.1107
-4.850036
-1.860425
-0.155127
-0.471645
-0.9335
-2.018684
-1.562102
-1.585472
-2.148148
-0.044098
-1.1417
-0.02926
-1.4186
2.371733
0.29453
0.114037
-2.488015
1.930039
1.919094
1.665016
-0.900991
-0.614894
-0.855098
-4.129365
-0.71484
-1.278051
-4.3365
-0.899171
0.58493
5.78323
0.754573
-1.5067
1.6539
0.6446
1.22063
-1.7662
0.30921
-0.86577
0.73063
-0.93266
-0.95639
0.54108
-0.98339
0.15005
0.1073
0.47518
1.17017
-0.93916
-2.92824
-0.05988
3.14322
-1.15284
1.90059
-1.7854
0.11638
1.88715
-1.23809
0.30811
-2.6512
-0.58123
0.66207
1.5517
-1.57458
0.95818
-0.83908
-1.14722
-2.82414
1.10238
0.02532
-0.13642
0.83692
-1.14694
-0.88187
2.11148
-0.5946
-0.83882
-0.74267
-0.25643
3.62803
-0.2246
-0.27415
0.3996
-1.24044
-1.9489
-1.88187
0.15754
0.37563
-2.8083
-0.103
-0.55888
-0.66798
-1.2649
1.66014
-6.80856
-2.58211
-2.78981
-4.709
-1.8054
5.00123
-1.21873
5.18335
0.96614
4.04965
-11.46192
10.57913
-2.14873
-0.21808
-1.63924
-10.8894
-2.16723
-0.2644
-0.93534
1.47308
0.74138
-1.76551
-0.54236
-0.31842
0.27434
1.45232
0.248597
-0.137403
-0.64039
0.94584
0.072938
-0.024597
6.994724
1.71059
0.78762
0.27818
-1.065263
8.32679
3.999571
0.0515
1.7654
3.51379
-0.1307
3.4694
8.7623
0.0239
-0.25813
-1.7091
0.7429
1.328
-4.6407
4.1707
-1.236
-0.72456
-0.39765
3.76402
0.74051
-1.44044
1.00366
1.1888
0.249707
0.762423
-2.6358
-4.422732
0.503454
0.31506
0.6676
-2.3794
-0.28219
-1.48997
0.20287
-0.92167
-7.4611
-2.43797
1.88862
3.95266
0.9637
-0.72256
-2.10862
-0.1339
-4.24466
1.7919
-5.16263
2.22486
1.89747
-0.8908
-0.5165
-1.0683
-0.941
-1.44768
2.45036
2.79944
2.59467
1.25843
-0.8447
5.44406
-1.14203
-1.48779
0.629018
1.25479
3.418857
0.548999
-0.151951
0.9745
-0.2541
1.65428
6.22152
1.05864
-0.9136
0.52488
1.12914
2.38946
9.022
-0.3446
-1.0024
-0.17326
0.34284
0.42213
0.30416
1.1551
2.3203
-4.5828
0.8162
2.7609
2.4387
1.62718
0.9562
0.04093
0.6657
0.2198
1.2014
0.4512
-2.640958
2.0298
1.24927
-0.6237
0.2739
-2.1111
6.0814
-0.4607
-1.02142
2.19594
2.07876
2.05636
0.09236
-5.60891
-0.19616
1.7631
1.8225
2.2887
-2.17708
0.3723
-0.0394
0.1059
2.0119
2.0832
-3.57218
1.48338
-2.53017
1.29684
0.4904
0.17432
-2.29498
1.2719
-6.4432
-0.78613
1.70812
3.69781
1.2696
-3.04574
-1.5491
-0.1601
-0.6268
1.4554
-2.28517
1.5528
-0.55467
-2.12856
6.55458
-0.5004
1.1182
0.290761
-2.524189
-0.075246
-7.68546
1.29357
-1.81787
-0.07367
0.19388
10.28463
-1.91857
-0.40204
-2.0715
-0.24784
1.53954
-0.2108
-1.34501
-2.00159
9.277571
-3.5741
-8.38477
5.34218
1.44486
-0.140399
-1.5818
0.8342
-3.73874
1.6526
0.22857
-0.73751
-0.4792
0.27815
-5.43902
-0.78765
2.40691
-2.08665
1.67378
3.2844
2.6895
-5.43767
-0.1352
-0.91392
2.8064
0.86992
2.3741
1.30795
-0.01359
0.83155
-0.84801
2.63639
-1.60346
0.74211
4.38228
1.09587
2.20337
1.5297
6.3319
0.36998
0.4177
-0.2833
2.0728
-0.251
-3.45342
0.38533
1.01237
-1.18049
-0.86406
-1.4373
-1.2314
5.4459
-1.1885
-5.7791
1.057
0.11597
-0.91806
-0.7581
0.9218
-0.0629
-0.5264
-1.109918
1.314941
-1.22724
2.415013
-5.049
5.66884
-0.0491
0.73475
0.37069
2.02402
1.589582
0.248149
2.14035
2.69903
-0.5828
0.926
1.1332
2.6113
1.7804
0.1937
-1.2831
0.0639
2.8662
1.3853
-1.3271
-0.9677
0.7969
-2.2737
0.2923
0.9673
0.2895
2.28099
-0.578067
-1.5653
1.055311
-1.334921
-1.09199
-2.6726
-5.30173
-1.671
NA
-1.187
NA
NA
4.1963
NA
NA
-2.0283
0.0976
NA
-2.8143
5.2806
NA
-0.7188
NA
-8.0043
NA
3.5789
0.7148
0.481
-2.6348
-1.7036
1.064
-1.4944
-1.4868
-1.4699
-0.3324
-0.6408
-1.0367
1.7085
-1.052915
0.084072
0.1275
-0.46912
0.23813
0.85563
-0.96753
-0.60895
-0.3849
0.67293
-0.8511
0.0609
0.2109
-0.3197
0.8336
-0.2474
-3.0363
1.01755
1.7037
1.62908
-0.6445
2.4848
1.9374
0.6291
1.486182
2.070107
-0.32324
0.53546
0.41559
1.2446
-3.24237
0.84972
4.51627
-0.80741
1.3151
-3.2571
0.4433
-3.6651
0.3819
0.2907
1.7394
-1.0399
-2.4938
-1.6594
-0.0216
-0.5794
-1.0551
-2.8202
2.0217
6.7466
-1.5236
0.7929
2.2227
0.3079
-1.25564
-15.52992
6.34311
-0.28133
-0.09352
-0.59845
-1.12054
0.02913
1.29072
1.58706
2.15439
0.30251
0.646
1.5113
0.28107
-3.51432
-1.40012
-3.39424
0.44648
-3.593122
-0.2641
-2.4506
-3.02675
1.07159
-2.632
0.30142
2.91079
1.68014
-3.43335
1.1707
-0.9321
0.66551
-2.8274
0.91059
1.49164
-0.6933
2.53124
0.62783
-0.93266
3.1168
-1.5308
3.6205
-0.25123
-0.59385
2.85295
-0.53031
2.54124
-1.33413
-2.0132
-2.4475
0.09599
0.61005
0.17419
-2.08121
1.82711
-0.263
-1.1533
-0.440772
-2.277613
-6.949182
1.1567
0.95966
-0.5301
-2.25067
1.56647
0.76033
-0.1779
1.42647
2.14308
-0.19022
1.00421
1.3712
0.84557
0.0924
-0.94985
-1.93885
1.3644
-6.26006
2.62624
-0.3769
0.34187
5.06756
-0.18909
1.89829
3.99364
1.38151
-0.80308
-0.03756
-1.7692
0.2709
-1.38548
1.27411
-1.97213
-2.41361
0.12593
1.33314
0.609388
0.600722
0.969281
0.767437
-0.944546
0.269445
1.442529
0.6577
0.7087
3.14663
-0.77186
0.85419
3.31137
1.26521
0.06825
-2.90336
1.25982
-1.23535
-0.52327
-0.50693
3.94061
-3.232182
-0.0638
2.511261
1.37747
-4.7474
-4.0286
-2.6979
-0.1831
-3.7556
-0.06013
-0.58989
0.7678
3.18477
0.26693
2.1952
0.80066
1.02005
1.25468
-0.35336
0.81042
-1.3303
-1.4713
-0.5736
0.56639
-2.6559
1.2521
-0.5495
-0.904239
1.24992
-4.27919
1.42185
-1.60947
0.8134
7.43505
-0.97598
0.9708
-0.2389
0.2366
-0.48714
-2.27796
0.45269
-11.66857
-0.2906
2.18408
0.66996
-2.89774
2.5981
-1.131
1.5671
-1.0648
1.9051
0.991
-0.944624
0.748812
-0.44915
-0.31458
5.97646
-1.34343
-5.8946
0.65952
2.2121
-0.80526
-2.462712
1.971424
0.79645
0.44338
-2.63125
0.00944
1.036
-3.72796
3.2806
-2.09363
-2.89627
-1.37698
-2.72981
1.72695
-1.19159
3.47817
0.5313
-1.92616
-2.6969
-0.155
-0.9461
-2.57899
0.5967
-0.1508
-2.09321
-3.95764
-3.0065
-1.1222
-3.70887
-3.23668
-0.5595
-0.3525
2.61958
-0.2281
-0.1671
-1.128
-0.44178
-1.24547
6.8332
0.7463
-3.5824
0.7788
1.94521
1.0508
0.48903
-1.82979
0.94397
0.1996
1.15212
0.0196
1.8307
-1.9566
-1.4655
-2.2913
-1.06007
0.8833
0.541918
-2.410258
-1.8601
-0.29092
-1.45469
-0.3636
-0.2155
-0.5312
-1.3019
-1.69308
-3.3545
1.69282
-0.30856
0.2677
-1.37126
3.6474
-1.735733
1.3217
0.1636
0.002019
1.285847
0.06233
-0.040501
-1.834246
-0.920495
0.8446
3.9288
-0.0749
3.1296
1.5845
0.99183
2.04003
-9.49793
0.294
-1.2086
NA
1.4989
0.7746
2.827
-2.24862
0.8723
0.80438
0.91192
-0.6085
0.8303
-3.4004
5.5932
-2.13278
5.66853
1.09572
2.782131
-0.447649
-1.59915
-0.95742
2.2905
0.8996
0.2058
-1.4048
3.3849
1.4748
0.9539
1.1395
-0.5452
-0.31146
-1.73058
1.108
-2.244
-0.94417
-0.15129
-2.73271
0.38846
5.1557
-2.21772
-2.49346
0.07561
2.62624
-0.28692
-2.25805
0.12544
1.03295
-0.27855
-1.3278
2.1341
-1.02018
-2.70065
1.196055
-0.01567
-0.28478
-0.70766
0.35889
0.53237
1.58024
2.57277
-2.7204
-0.42675
-0.76603
0.07205
0.618
-0.951
0.3333
0.90322
0.53434
-1.59625
0.0391
-0.778
-0.575975
1.4078
-1.8496
1.07325
-2.845602
2.06095
0.8273
0.50583
1.8769
0.56778
2.1224
-1.5865
-0.41417
-0.09492
0.0726
-1.5967
4.51602
3.7739
0.2382
1.7588
-1.51224
0.1753
-1.60096
0.66592
-0.70828
-1.4714
3.52632
-1.03097
-0.46845
1.36526
-1.62411
-2.9909
0.919
-0.2422
1.3363
-0.8104
-0.230219
-0.054122
-0.2297
-1.3813
2.73502
1.4454
-1.62997
-2.66315
-1.02741
7.791
4.996845
6.154787
0.114092
0.34018
1.50512
-0.76273
-0.2929
0.0766
-0.6765
0.3195
0.5698
-0.104682
-0.257025
-3.0639
2.3648
2.3977
2.63865
-1.81139
1.0108
0.95447
-1.12595
-0.28901
1.56796
-1.88692
0.603896
-0.2638
1.10595
0.67221
-1.0775
-1.02734
-0.92136
-0.09514
2.2635
-2.8731
-4.5176
-0.6787
0.1358
0.6982
-0.7414
1.2512
-0.11729
-2.40105
-3.51061
2.5507
-0.1475
4.3538
0.8611
3.1021
0.8268
-0.663163
-2.6029
0.1441
-0.123
0.6704
0.3956
-1.2734
-1.015
0.1982
2.5698
0.8927
-0.2992
-2.788
2.8432
1.9922
-1.5734
4.8726
-1.8488
-2.2317
0.3108
-1.3834
1.9341
0.72666
0.52061
1.45833
0.84667
-0.4032
-0.91941
0.1516
0.28404
0.76414
0.39237
1.60192
2.37129
-1.66893
0.61455
-0.40432
0.39187
-5.726232
5.061733
0.316411
-0.227398
4.981684
-1.005359
-0.019891
0.742937
6.589625
1.101407
1.6093
-0.548794
-2.098566
-1.961576
2.5158
-2.7258
1.9063
-0.5172
-2.45948
0.95523
-1.37626
-0.50058
0.21035
1.04808
-2.57867
-3.94846
-0.2031
1.60332
-1.99256
3.34872
-1.63776
0.01388
0.12996
-1.00792
-0.58807
3.09163
-4.66284
1.50082
6.15995
-1.03659
1.25883
-1.81899
0.00313
0.83146
-3.98092
0.55949
-0.11325
0.1095
0.9905
-0.0294
-2.3588
-3.222
0.45543
0.848574
-0.8961
0.45912
-1.6372
1.850111
-1.871424
-0.339599
-0.57287
-0.38114
-2.80869
1.12955
0.95682
0.62432
5.18378
2.19482
1.41755
0.15583
1.7701
2.69831
-3.38523
-0.84944
0.29158
-0.68363
-3.37837
1.50481
0.90777
-4.61051
-2.5882
2.80025
-1.4297
-1.25915
0.41898
-1.61643
0.70742
0.42395
0.73983
0.55329
1.38616
0.69743
1.872
-1.2059
-0.66386
1.3352
-0.0364
0.1988
NA
2.1377
0.123
1.1255
-0.6025
1.0293
1.454
-0.8812
NA
NA
NA
NA
NA
NA
-0.6569
0.1343
-0.0644
0.52318
-1.479772
-0.102575
0.420375
-0.116001
0.982603
-1.292413
2.006936
0.38525
-1.73055
7.35959
0.21948
2.0239
2.962291
1.315151
2.618728
-0.429867
-2.061185
-0.907427
-1.543237
-0.794944
-0.030979
0.56498
1.2838
0.69494
1.63027
-0.95856
-1.50935
-0.03069
-0.4838
2.41562
0.03367
-1.98202
0.48831
1.7393
2.0264
1.68209
-1.376
-3.06281
-0.80549
3.04156
-2.32364
0.97341
-0.33289
0.62595
-0.834577
-2.308478
1.926989
1.982902
3.821167
-3.062667
0.249
1.941664
-2.81645
4.57401
2.26299
-3.31208
-0.49718
0.4144
-0.76569
-0.50697
-1.57768
-1.35489
-3.38075
0.25928
1.07566
-2.9302
-0.59441
-1.562876
-0.776569
0.368198
0.417163
1.063799
-1.2061
0.775452
-1.149401
1.541414
0.648428
1.2704
-1.42004
1.634232
-0.90549
1.41634
0.4823
1.68202
-3.16909
0.21325
-1.50396
0.11568
10.42439
-1.49624
1.64279
1.17184
-1.47184
-0.02524
0.51209
-2.56826
-3.426
-1.54728
-0.31214
-1.7026
2.63367
-3.53663
-1.0408
-8.43664
-0.94423
-0.0632
-1.8844
2.09595
1.24632
-1.3717
0.1168
0.1981
0.1158
1.3842
-2.5379
0.9833
-0.7405
-1.202
0.5231
-0.1502
1.5811
-3.4224
-1.0038
1.2574
0.4118
0.1318
-4.6069
-1.8773
0.6162
-5.8646
2.3196
0.3181
-1.52387
-1.66845
-1.0636
-0.0941
-0.5366
-0.835
-0.3575
-1.6262
2.2202
2.5141
2.5056
1.8078
-1.3508
2.3165
-3.0693
-4.9833
-1.65936
1.5794
0.3822
-0.9762
0.47274
3.20838
-1.12283
-0.34608
0.0899
0.62562
-2.08565
-1.14335
-2.06735
1.82433
-0.08748
-2.17225
-4.4462
-2.8234
3.87114
-1.34545
0.19272
3.39678
1.1252
-0.92113
1.19004
0.22134
1.5954
2.36831
0.50353
0.00251
3.9583
-0.9323
NA
1.31144
-3.90084
-1.92359
-0.14978
-2.42727
-6.84063
-0.36091
-0.61843
9.77852
3.29257
-2.07785
-3.05274
-0.38299
-1.22416
-0.28106
0.90449
2.04458
1.55383
-1.75922
-2.11169
-1.55961
3.01098
-1.09442
0.16776
-1.0629
-1.5989
0.5264
-0.57485
1.89851
-3.98298
2.40065
3.27001
1.95027
2.13667
0.95567
4.79757
0.0043
-2.7229
1.1312
-0.045
-3.798
1.7656
-1.9786
-2.4652
-1.8448
-2.2767
2.1427
-0.9247
-0.2232
0.017
-0.4547
0.2442
0.731
-1.707
-1.5853
1.1788
-1.7876
0.3172
0.2644
-2.2798
0.0428
-1.3351
2.7528
0.6665
0.6047
1.7802
-0.0786
-1.9223
0.4727
1.0825
-0.3408
0.2775
-4.24
0.0742
-0.7627
0.1603
1.0983
-2.1466
1.1483
0.23973
0.46039
-0.33136
-0.962
1.70722
-4.2402
2.334
-2.37108
0.56981
1.1034
-4.656093
0.360067
-0.5179
1.6039
2.6606
2.0917
-0.3505
1.7142
1.4979
-1.67086
0.20689
1.5507
-3.5119
0.4212
-1.278829
1.81439
-0.76236
-2.3421
1.31124
2.31614
-1.06029
2.61814
1.95868
1.63533
1.85094
-0.75033
1.14411
-5.82203
4.534
1.36546
2.6199
0.0769
-0.5703
1.09789
0.25517
2.31692
1.56537
1.44287
3.4574
0.00263
1.21684
-0.5289
-0.5057
-1.09269
-1.41734
1.25744
1.24704
0.1044
-0.93814
0.33961
-2.9637
2.79848
-0.89927
2.91214
-3.27441
1.16651
0.2858
1.3942
0.0503
2.04187
0.57546
-2.59998
-1.86106
-0.807
-0.06609
-17.90647
-1.47536
-0.17891
0.3406
-0.11066
-6.38754
1.56826
-0.9959
6.0923
0.08594
16.30878
-5.06205
0.67651
-1.16856
-2.63349
0.69298
0.96995
-0.3447
1.1317
-2.21509
3.02022
-1.24695
5.06962
1.92051
0.92286
0.81643
2.80581
-1.29046
0.79046
1.56704
0.59626
-0.01056
1.73248
0.09507
-0.10798
0.72038
0.12205
-1.28728
-0.9546
-0.74467
-0.51145
0.07997
-0.61178
-4.74504
-0.873871
0.315562
0.337132
0.04169
0.68987
-0.776325
0.735108
1.556724
0.648687
-0.86063
4.620468
-1.671263
2.75949
-2.188739
-2.708879
0.402541
-0.5814
0.226369
1.588551
1.01173
0.459006
-0.829458
1.054286
1.835561
-1.887906
2.052679
-0.230703
0.843104
1.399655
2.056846
0.313205
0.2314
0.367643
0.776864
-4.713899
0.353535
2.195288
0.076977
-0.731263
0.855357
1.5431
3.623694
0.390744
1.602053
-2.03557
1.55859
-2.682055
-0.30137
2.07043
-1.29987
-0.3264
-1.9448
0.92027
10.63256
1.1343
1.10728
-0.5609
0.12969
0.40436
2.2155
1.9876
-0.05369
2.01338
1.15538
0.41518
-2.55207
-1.03581
-1.9232
-3.49768
-0.13756
-1.23432
1.54909
4.84915
-2.49711
4.24918
-1.87234
0.75885
-1.54467
-0.13142
-1.47142
0.65322
-1.1736
-3.48548
1.88844
0.36246
-0.318
0.57803
-0.90511
0.5647
0.36887
-3.52333
-0.55198
1.59814
-0.02686
-2.40428
-3.16961
1.6527
-0.704
-0.2191
-2.7946
-2.7194
-0.6987
-4.5605
-1.4835
0.8641
-1.3861
-0.6495
3.1668
0.3831
2.0114
-0.7337
0.6462
-0.3889
3.0042
1.072
NA
-0.9433
0.5134
NA
3.5569
1.5926
NA
NA
1.6125
-0.4868
-1.9314
0.6621
2.992
0.8979
NA
3.7347
-1.0784
-1.2384
2.2816
-0.7379
1.2128
-8.7418
-1.7973
-1.2215
1.0086
1.6998
-1.932
-0.3767
-0.2105
-0.2882
-0.9072
0.7291
-2.0103
-2.0629
-2.3656
-0.0475
0.7273
1.9969
2.04905
0.1786
-1.1186
1.1767
-0.96443
7.91121
2.16931
-1.7543
-1.17994
0.24564
1.4924
-1.49479
2.88379
1.37045
-1.29263
1.53273
-5.29521
-0.27108
-0.41601
-0.8018
0.30132
1.52258
-1.28626
0.19165
1.75682
4.18909
0.22528
-1.29302
0.50304
3.19547
-0.29672
1.78473
0.81103
1.8667
-0.03897
-0.74465
0.56741
2.03898
-1.8281
-1.60876
-3.26825
3.28004
0.57522
0.20857
0.60645
0.17522
0.59738
-0.4203
-0.14533
1.4673
13.91541
3.83241
3.61225
-4.28484
1.28931
2.4834
0.86868
-0.09387
-2.01631
-0.24895
3.38702
-0.29463
1.74151
1.09639
0.80391
0.86108
-0.33184
-1.87979
-0.86264
0.00338
-3.91953
-2.60172
0.30109
-1.19043
-1.84195
0.74765
1.6871
2.6381
-3.2906
-0.00341
1.65743
1.38267
0.24216
1.01037
1.49937
-0.55945
2.78439
-0.85091
4.3866
3.65951
1.72773
2.339417
-0.9227
0.896349
-1.866332
7.933224
0.40988
0.372999
-0.9651
-1.364257
4.438757
1.079858
0.559285
-1.282773
-0.103195
-0.383879
-0.2978
-0.774135
0.232456
-1.414927
-3.510392
-0.128546
-0.9369
6.810707
-0.030228
-1.335504
1.3847
-0.424643
2.490474
5.1979
-3.1802
-0.7336
-0.0378
-2.3776
1.144347
4.69823
-0.422128
2.553991
-0.836253
-7.37661
2.38723
-3.7211
9.26412
9.04045
0.53961
-3.4541
-0.2734
0.89806
2.13568
-0.347938
1.700397
-0.110593
-1.04321
-0.81594
2.48283
-0.320364
0.065138
0.38803
1.9546
0.3639
1.817071
-1.224919
-1.101
0.7972
0.0477
-0.373636
-2.39139
2.84259
-1.5875
0.4278
-0.40711
-3.72398
-0.96983
0.96068
4.71228
6.27323
0.4679
2.7626
-0.0305
5.05125
-0.2036
2.36827
-2.52545
2.73198
0.604802
-0.408021
-0.03627
1.179
-0.87575
1.02379
0.69768
-0.7127
-0.6049
0.80994
-3.60921
2.08725
-0.0451
-1.38184
0.32267
-0.13787
-0.62787
1.640724
0.362448
-1.058529
0.391791
-0.9703
-0.9364
2.8074
0.44182
-1.25292
-2.38144
-1.64044
-1.01246
-3.58047
-3.748
0.23919
-0.8555
2.1512
-0.1564
1.375358
0.81611
1.497028
3.794109
0.633539
2.329
2.223552
-1.1016
1.128007
9.783875
-0.6782
-3.447642
-2.2053
0.0564
-1.1681
-0.0949
1.11597
2.833248
0.7997
1.7443
0.67834
0.60312
1.0929
2.6853
3.86582
0.76138
4.627952
6.777054
-0.7633
0.470279
-0.02625
0.0437
-1.78956
0.6478
-0.562638
1.662793
-0.00927
-1.01426
1.2158
-0.05406
-3.61898
-2.22128
-3.1817
0.166
-0.67117
2.23802
0.0417
1.3892
-0.6157
-1.00713
0.9242
-3.4781
-2.84662
0.05716
1.26859
-1.6594
0.29597
0.2862
-0.34745
0.372277
2.723418
0.48258
0.1101
-2.1148
1.3816
1.1803
-0.7662
-0.40333
-0.37169
-2.68814
-1.10538
0.8196
-0.797516
1.6814
0.60677
1.52074
0.1303
0.84554
-1.78238
0.53468
0.53678
-0.67936
1.05511
-1.72161
-0.2502
-0.27
1.9198
2.5594
-0.674309
-17.21915
-0.53042
-1.22172
0.2835
2.1711
0.1053
-2.47905
-0.27
-2.1179
1.8448
-0.0892
1.0102
0.78042
-1.88528
1.3062
-0.39309
0.78453
0.61874
-0.07635
1.36571
-4.256347
-4.29175
0.3124
2.1116
3.19889
-0.04766
0.968
-0.54213
-2.0509
1.4728
0.2826
4.5464
0.36249
0.24695
-0.3822
-2.0021
0.68526
1.9312
1.76788
0.80907
0.1116
1.09506
-10.26311
-4.53881
0.06733
-0.316
0.0628
0.16811
3.56653
-2.79232
-0.966952
-2.71051
-0.855
0.51805
0.0857
0.8306
0.1506
7.91239
-1.059
-1.392224
-2.984838
6.316958
-0.91435
-2.23256
-2.6529
1.62021
0.2314
0.8413
2.2048
-1.67085
0.04956
-0.94832
2.51941
-1.65885
-0.10186
-2.4999
1.78459
-0.17843
-0.1557
-0.88599
-0.7886
3.2274
0.6876
-0.2585
-1.0742
-1.7006
0.809
-2.1913
0.54018
0.07025
4.791
1.7221
-0.03003
-0.26142
-1.60808
2.39906
-1.8404
3.696692
3.2515
2.1028
-1.17496
-8.58651
2.18839
-4.5585
-2.4896
0.43507
0.78125
1.6358
-1.081778
0.96127
0.01162
-0.36547
-2.83568
-0.66011
0.0245
-0.14058
-0.68814
-1.8045
2.517
-0.86662
-5.46213
-1.6446
-1.99924
4.13294
2.07506
2.42568
-1.98649
-0.78604
1.00398
-0.3085
1.6915
0.63987
1.64447
1.29491
0.49543
-0.06511
-0.7673
0.9956
0.8108
-0.3088
-2.0137
-0.0711
2.24132
2.6416
0.1262
0.4097
3.0315
-0.76721
2.05651
0.810854
-2.536211
-0.5387
0.021617
-2.587108
-2.95559
-3.184695
0.3828
-1.61287
-0.56242
-1.221845
-7.01128
3.445881
2.7755
0.699478
-0.11606
-0.77052
-0.84249
0.4315
1.941887
0.54889
3.03655
-0.67011
-0.03387
1.10522
0.4234
-0.89069
-0.716725
0.691245
0.83849
NA
-0.6913
0.94222
-0.3421
-0.1965
0.58388
1.56659
3.0809
-2.39401
0.438947
1.48015
-2.32451
0.160887
NA
0.25036
5.51888
-3.89519
-0.03906
-5.8238
-0.42914
1.10526
0.4049
1.73047
-1.01384
-0.94383
-0.24923
2.29651
1.8807
2.27124
0.6617
-1.29525
-5.175
0.0657
-2.0906
0.5661
1.8321
0.178
-7.54821
-2.1024
0.7527
-2.7958
-0.5311
6.447
-1.5435
3.196
-2.5821
0.5564
0.29142
1.9766
1.4591
0.9194
-0.03624
9.26687
1.98446
-1.66918
-3.55986
0.13471
0.97782
-1.53532
-3.72489
1.3155
0.4942
0.51844
2.0038
-0.7927
-1.67628
-1.3788
0.98943
-3.25617
0.85536
1.05375
0.54499
0.68794
-1.86176
3.14464
0.83184
1.4432
-0.80591
-0.52371
1.33621
-0.88275
-0.7972
0.67089
0.53222
3.60232
0.83038
-2.15209
-1.8405
-1.1259
0.1198
-3.1159
1.6182
2.6469
1.2505
-0.6987
0.0818
1.0091
-0.4388
0.1692
1.51714
-0.4986
0.4264
-1.6454
-0.0261
-1.1969
0.4482
1.1361
-2.008
-0.03671
-0.04318
-2.07791
-1.51396
-0.28436
0.79159
-2.3512
1.06604
-4.0656
-2.59438
1.2539
0.536
3.1545
-2.80675
1.31984
-1.28528
1.053752
-9.34023
0.17677
1.73819
-5.68137
-2.18402
-2.3871
5.1311
3.72751
-1.29271
1.37162
0.38584
-0.97379
-1.0771
-0.28697
-3.83419
3.73726
0.49563
-3.31868
1.69938
-2.12458
-2.6407
-0.03581
-0.25954
2.6382
2.24367
5.33498
0.43132
-0.3941
-3.55364
-0.34757
-2.725
0.276535
-2.2792
9.273
-2.2244
-1.9638
0.0888
-1.8421
1.28991
1.00623
-4.77499
-2.56214
-3.29009
0.511
-2.695
0.23717
1.8456
4.1912
NA
5.2102
4.77691
0.7015
1.2549
-0.67577
0.26236
0.78683
-2.32632
2.08357
-1.22984
-1.92138
1.06368
-1.63222
-0.883059
-0.000399
-2.483636
-2.498959
1.337948
-2.728146
1.475509
-1.22206
0.24327
0.07613
8.047
0.54846
0.68843
3.24929
1.01077
1.96036
3.75583
1.0502
-0.6404
-1.73521
-1.06593
1.13511
1.27735
2.36642
-0.86904
1.15277
-1.1223
0.72335
0.86194
-1.2477
-2.9608
-0.17059
-0.91773
-0.56655
-1.03771
-1.59754
0.51475
-0.217
-0.91507
2.2211
1.88218
-1.03617
-6.65937
-2.45436
1.41164
0.7872
-0.46405
1.05413
-0.05456
0.15195
1.15668
-5.94969
-1.05056
0.29314
0.9787
-0.17653
3.6484
-1.28488
0.5112
-0.0803
1.63824
-1.3092
-8.7495
-0.643647
6.4864
2.5361
0.20998
-0.6146
0.39755
1.713395
-0.508077
-4.704528
-0.78684
-0.031483
-0.50651
1.09645
-0.684265
2.617678
1.572257
-1.072816
1.694784
0.138295
1.263048
-1.178295
-0.203573
-0.424365
1.727823
1.77684
-1.83864
-1.508666
0.0398
-8.444767
0.639911
0.6747
3.273037
10.55606
-1.08215
-0.44293
-0.38028
-0.2627
-3.3821
-1.33849
-0.810985
-1.814809
2.1204
-2.972844
2.16829
8.15254
-4.74886
1.78802
0.13029
-0.95343
-1.4186
-1.24506
1.38
-0.5861
1.11077
-1.7087
-3.35501
-1.87413
-0.73938
-0.4928
0.09065
-2.13266
-0.95795
-7.883968
-1.93492
1.678329
2.4056
-0.83778
-3.694842
1.39043
2.018584
-0.6671
-0.1135
1.03165
-1.52626
1.799
-0.6925
0.2497
0.30738
-2.40451
1.90888
0.46782
1.9689
1.52856
0.66537
0.12482
0.16857
0.41817
0.89542
-0.46732
2.08233
0.46224
3.1121
-2.7601
2.31074
0.10276
0.03985
-0.18029
-1.70675
0.90319
-1.1522
1.99046
-11.07209
6.083519
-2.683488
-0.437413
-1.70054
1.43421
3.90635
-1.12413
-0.32452
-2.5387
-4.40972
1.1896
-0.03684
0.3808
-0.56358
-3.96854
0.99742
0.14862
-1.79761
-2.60487
-3.36366
0.2228
-1.32406
-1.17772
-0.54607
2.46645
-1.19641
3.90541
-1.36642
-0.3298
0.35211
3.94035
-1.23811
0.56293
-2.42386
-0.28968
0.37678
-1.38411
-0.9891
-0.698
2.39134
-4.16995
4.05141
2.08623
0.86629
0.87556
0.48039
-4.53953
0.80243
-1.11959
-0.70631
0.5327
-2.87159
-0.51371
3.18613
2.67604
0.47942
1.6919
1.714
-2.0886
1.4621
-0.5745
-0.1411
-1.5589
1.5026
0.0919
-0.4375
2.5115
-2.7832
2.6183
-0.2273
1.121
0.35843
2.5571
4.4287
3.9891
0.23685
-0.5485
1.952
1.9828
-4.8644
1.8181
-5.8348
0.3008
1.7313
3.371
0.9881
-0.988
-1.4594
2.8047
-0.38385
-1.22941
-0.35298
-0.2712
0.0917
-1.50416
-0.5181
-0.4631
-1.24762
-5.06803
-0.45954
-1.0922
1.1287
-0.61932
6.20436
2.35738
-1.26907
-0.1086
-2.30045
0.68532
2.16879
-2.08352
0.5203
-4.15633
-0.37903
2.35704
0.98397
-0.37543
-0.00675
-1.43955
-1.13348
0.2783
0.68626
-0.43052
1.42094
-2.08547
-2.11625
-0.1663
-1.08599
-4.50761
2.54039
5.66419
-0.26163
1.21932
-3.35055
0.1229
0.17818
-3.08919
-0.48147
0.52256
1.09248
-1.74083
1.1625
1.73492
-0.46489
-1.63985
-1.14484
-2.19019
0.713
0.62591
0.91035
-2.03801
1.76086
-7.56632
-3.3283
2.55626
-1.62372
1.5159
-1.56499
-3.8541
0.32146
-1.16453
0.57488
1.816296
0.3324
-0.969355
0.3054
-0.00208
0.05362
2.3815
0.0312
0.56642
-0.4151
-1.08368
2.79106
0.422
-3.10842
-0.83152
-1.03537
0.60589
1.67262
1.48239
-0.37035
-4.51301
0.38869
0.99471
1.88896
1.1269
-1.8795
-0.34012
-1.90206
6.22722
-1.8169
0.02034
-1.47982
0.35453
-0.29695
1.0833
2.98655
1.134624
0.880697
1.027883
1.4516
-1.62372
-3.55481
1.30685
0.36853
0.13537
-0.5662
-0.384304
0.6708
1.577002
-2.5866
-2.972389
-0.89271
1.8619
2.2445
3.0369
0.11251
0.353
8.78359
3.25847
1.68406
2.05713
-1.41237
1.6908
1.0669
1.79286
-2.2119
0.479824
-1.7653
-2.565633
-2.16328
-1.7619
-0.3431
-3.22864
1.55825
0.24956
0.67008
0.960044
0.311536
0.6244
0.231866
-0.663265
-0.33136
-3.911052
-0.73918
-1.67168
0.050956
-1.0153
-2.585142
-0.6561
0.3838
-1.6131
0.2687
0.26534
0.47357
-0.1216
-2.48463
0.13883
-0.63571
0.37299
2.2776
-0.1989
-0.95794
1.05065
-0.79267
-0.928122
1.58229
-1.13264
2.03988
-0.9984
2.46513
2.43013
-2.82655
-1.724436
0.605427
3.52285
1.614101
-2.4327
1.22901
0.21399
-0.44583
-1.3164
0.1114
-0.974394
-0.31607
-0.2566
-0.2445
-7.991792
-9.71289
-0.32966
1.44595
-4.324911
1.09514
0.25956
0.28984
0.232
1.7597
-0.0408
0.88416
1.52086
1.946
-6.21325
4.42482
-4.3885
-2.9201
-0.8472
0.7161
-4.69958
-0.00258
1.32407
-0.11435
0.1525
1.0512
-4.15606
0.63372
3.9742
0.052
0.1418
0.9381
-3.37174
-0.1223
-0.824001
-0.1517
-1.664816
-0.887482
-2.984441
-1.1313
-1.13427
-1.19286
8.275
0.52181
3.8528
2.23732
-3.75
-9.7774
-0.96407
-2.33081
2.49207
1.72555
-1.25018
-0.11677
1.27912
-6.5234
-3.00171
-0.7192
-2.69532
1.3189
-6.8582
-2.59127
1.8898
2.48206
-0.10511
0.26562
3.6359
-1.71159
0.30765
4.6983
0.34314
-2.11448
4.35928
2.41742
0.99484
-2.06713
-1.6711
-0.5502
-1.52751
1.4333
1.2933
-3.678
-1.4367
-0.6674
-1.27567
-1.74673
0.99876
1.9664
1.7188
4.834
2.4094
-0.50994
0.318999
-1.157559
1.50059
-0.9589
-0.4278
0.0791
0.0519
-0.7117
0.4691
-5.2339
2.0275
-0.3113
-1.70459
1.75486
3.4483
-3.92267
2.8755
-1.396358
-2.30318
0.00257
-2.87652
-4.20083
-2.847739
1.23135
1.212085
2.57962
-1.110211
-0.09236
1.3427
-0.72241
-0.411
0.51601
0.37448
-2.7835
3.4938
2.51663
-0.19679
1.22782
0.90013
3.62228
1.40872
-1.3801
0.03041
-0.764
0.17225
-2.70211
-1.3465
2.8116
-0.57526
-2.6361
2.54373
2.66831
-0.199
-1.230281
-0.05363
NA
-1.8151
-0.435346
-0.58539
NA
4.9575
3.13893
-0.35789
0.354
1.48854
1.16629
0.8144
-0.39314
-0.98605
0.5246
-0.2398
-0.6983
-0.8423
-0.38637
-1.6085
-2.86093
-0.0891
-1.08066
0.713709
1.8716
-2.463243
1.854872
1.30207
1.5187
0.80107
0.51709
5.8763
0.03233
1.40551
2.62716
1.69102
-0.18625
1.8113
0.8174
4.3909
0.765043
-1.1424
0.86031
-3.0568
3.25974
-3.46312
-2.1474
4.590034
-0.116244
-1.15099
-3.15435
0.78196
-1.8116
-2.8524
-1.373492
-2.2324
-1.75134
1.7218
0.67292
0.489
0.87144
-5.99974
4.6532
-3.61332
-2.02962
-2.8832
-0.874
-0.3519
0.3628
0.42459
-0.543
-2.1463
1.9508
-5.34474
-0.81545
-0.54696
-0.54606
-0.20554
-0.62138
-0.97038
1.33903
1.7718
-1.1912
-1.53105
-1.4557
-0.68062
-0.7118
-0.32438
1.84802
-0.685255
-2.654083
0.8015
4.55793
1.93004
-2.225348
-1.03927
1.0299
3.518102
3.280814
0.182362
0.90207
0.0204
-1.0975
1.2297
0.7775
-1.44141
3.53094
0.84493
-0.2421
1.2191
2.075
1.52205
1.129219
0.4768
1.43545
-0.5089
-0.14078
2.61556
0.25683
0.63361
-1.05341
0.3597
-2.53597
2.33628
-3.28947
-0.80416
3.459
0.4396
5.674636
0.5453
0.6058
-0.8923
0.2936
-2.70824
-0.75458
-0.76135
-3.357
0.4424
1.629829
2.0915
3.74542
1.29423
1.354823
-0.3049
0.76105
-0.065
-0.59151
0.6155
0.22428
-0.881378
-1.818
0.170958
0.94949
-0.31083
0.3932
1.15688
0.5702
-2.04975
1.41595
-0.47346
-1.2341
1.1075
-1.70578
1.66757
-0.6847
-2.0118
3.0302
2.371
1.7704
-1.3698
-0.5601
-0.17537
-0.34961
-0.6688
1.6714
-0.3316
1.7617
0.7206
-0.7295
1.6198
-1.63209
0.53867
0.1849
3.717068
0.35169
3.9779
-0.609383
1.21578
-0.78
-1.81034
-7.6727
-2.35272
-0.07828
1.59736
-0.34966
3.3266
0.17819
-0.7048
-0.581
1.44916
-0.57703
-0.3588
1.7406
-1.06165
1.325752
1.80454
-0.1188
-1.04454
1.77974
-1.206441
1.97804
-1.66805
0.18595
-0.1775
-1.234678
-0.14089
0.38902
-0.500876
-0.0461
2.63641
-0.15818
1.10501
0.73188
3.1475
1.237
14.36046
5.7341
-0.5108
3.5295
0.931
-0.19616
2.0869
0.9985
-0.6026
-1.2346
1.96047
0.04504
-1.00001
1.12561
2.81628
1.03204
-0.7798
-0.545101
-3.37748
1.117675
-0.7742
-6.92042
0.9016
-1.24808
0.7427
-0.117012
1.0814
-0.33853
1.5706
-0.4581
0.58293
1.97355
1.9663
-0.76945
-5.28006
1.66301
2.2104
1.4674
-7.1573
-0.090499
-0.7548
-0.667083
-0.29724
-0.53879
0.52771
-0.4665
-0.9852
0.18044
9.163
4.08832
2.1132
0.67926
2.30985
2.26752
-0.51678
4.6336
0.3962
1.88664
-1.00673
1.63542
0.460664
1.4238
0.66331
0.4105
1.613
NA
-2.5012
-0.99563
-1.53765
-4.2729
2.9783
0.014687
1.45351
-0.0618
0.7869
-0.473756
-0.56615
-5.309907
-1.055373
-1.263
-5.4916
-0.2762
2.02964
1.08229
-0.32569
2.45601
1.843639
-0.9434
0.7369
1.16203
0.9876
-1.385473
-0.501
1.33299
1.7335
0.3744
-0.8874
-1.032365
0.352375
-2.572
3.320967
-5.7912
0.692
-1.497163
-0.9136
-2.145
-1.00432
-1.991322
-0.538824
1.37932
2.31065
-0.7877
2.044
-7.04021
-3.61539
-2.990585
1.53705
-0.1375
-1.334902
0.89301
1.8323
-0.99775
-3.1806
-4.791434
-2.19158
-1.95427
-0.8101
-0.8734
-0.090291
1.660299
-0.660977
0.119045
0.735086
0.32663
-2.58897
-0.7474
-0.9053
-1.5636
0.710709
-0.5693
0.20516
-1.41668
-6.079235
-2.413444
8.74933
3.1916
-3.1424
0.1433
-1.20745
-1.15556
-1.46968
2.031155
-0.25011
-1.76045
-14.87956
-0.2165
0.057074
-0.7843
1.3215
-0.45701
-0.07588
1.963305
2.930811
-2.12178
-0.4539
-1.2266
-0.25294
4.90935
0.5139
-2.9183
4.448012
-2.42119
-1.0279
2.96572
-3.33207
-0.54291
1.19807
4.03245
-0.6004
1.297217
-2.56382
-5.14386
-0.55061
4.587324
-0.4654
-3.74895
-1.72822
-4.8398
2.764449
-1.46234
6.23549
5.4555
-4.08097
0.1155
-4.147825
1.3884
2.90683
-3.1716
-1.20511
-0.761714
5.7956
1.40379
2.78993
-2.01858
0.51517
-4.3886
1.6916
3.14141
0.89778
-5.85632
4.22995
1.35331
0.59229
-1.4591
0.9653
0.1237
2.065096
1.24644
-0.505
4.2929
-2.97353
-0.46379
1.66989
0.583402
5.20298
5.989441
-3.83406
-2.79742
0.04892
-2.8586
3.10158
0.20634
0.92151
0.98924
5.51579
-0.2449
2.1036
0.06445
0.75582
2.778335
-0.49288
-2.18978
1.37003
0.75087
-0.12328
-0.66
-2.89339
-0.10884
-3.77437
0.18148
-5.619183
-0.38769
2.935651
-0.84022
-3.24016
0.99862
-1.017
-0.822909
3.0028
1.9568
-3.35177
1.2538
2.85918
0.874803
-0.5389
-0.5459
0.09078
0.04093
-2.01391
0.69864
1.9949
0.1024
0.04548
-1.9044
2.508808
0.10699
6.894987
-0.3487
-2.22861
-1.996907
-0.12407
-1.9323
-1.31934
1.4953
3.231903
0.3852
0.205498
-5.528992
0.700153
-0.6902
1.4245
0.3659
-0.90662
2.4293
-12.7497
0.115342
-0.0429
1.0551
1.3886
-0.851741
-0.726291
2.683204
-1.27221
2.416995
-0.628
-0.06012
0.12816
-1.872
-0.69182
-7.1595
-3.1485
0.9354
1.9754
-1.09541
-1.892412
-1.30795
2.1337
0.54849
3.5097
2.33324
-1.31323
0.70156
-0.9429
-0.20827
0.41057
-0.3115
0.85887
0.18001
-0.3623
-6.213
3.08668
0.513595
-1.0318
2.754
-0.45983
-1.041599
-1.1302
1.54472
5.48914
-2.76242
1.56389
2.2434
-1.31254
1.4938
3.9532
2.30504
0.5821
0.92694
-0.48026
-0.0728
-3.10757
1.81073
-3.35875
-0.04637
1.577953
-1.4016
2.75852
-0.74017
-1.21904
-0.0366
1.1733
-0.9612
-0.20953
0.0372
0.304104
-0.28842
-0.1261
-2.5351
-2.452173
-3.7325
-1.63213
2.1256
0.2089
-3.8596
0.4277
1.54807
0.3602
-0.17878
9.2506
2.4651
NA
-0.52966
1.37596
-2.16905
-1.6371
-1.85378
0.2293
-1.5568
NA
-2.29492
-1.95149
-1.8545
-2.525254
4.74627
-1.56556
-0.710798
1.8555
0.3387
-0.65883
0.5934
-4.61123
0.9474
0.2958
0.495
1.45211
0.2095
1.0071
3
1.2854
-1.84529
-0.5451
3.17708
-2.23058
4.21916
1.343985
1.37343
0.710602
-0.38
2.2505
-0.6546
-1.661828
-0.75033
-1.21883
3.88065
-6.1691
-0.398889
-2.91466
2.75924
1.4746
0.651442
2.51721
2.3908
-1.3306
-0.7962
0.14957
2.47254
-0.24421
-0.830654
-3.92762
1.12144
-1.6903
-0.1571
-1.74593
4.35212
-5.7959
0.7745
0.66464
NA
-1.66114
1.5217
-1.22939
0.09487
-2.67823
0.3817
3.6744
3.21768
-5.933
-0.736131
0.8946
0.0308
-0.55997
-2.2626
3.85388
-0.89154
-1.810553
3.02266
-0.5566
1.454
-3.8364
3.22397
-1.66328
-3.9091
-0.738491
-0.05556
0.05328
2.4491
-0.2898
-0.24517
-0.07114
4.1422
-2.02668
-2.28544
4.2217
-2.7884
0.6466
-1.49057
3.1173
-6.183544
-1.29391
0.006132
1.21271
2.97598
0.51081
0.46751
2.8809
1.1255
1.4988
-2.5377
-0.91199
-4.71548
1.376
-2.52746
-0.50292
2.20828
0.95202
-3.1384
-2.13673
0.3431
-0.2494
0.7693
1.5764
-1.48626
-3.27333
3.1889
-2.4216
3.3592
-1.47453
-0.27424
-2.316095
-0.5965
6.64684
0.69662
0.09594
-0.758
4.0969
0.945853
0.8497
-0.6299
2.961
0.304633
0.05676
NA
32.7606
-0.47223
0.13279
1.72875
2.0283
0.8267
0.3428
-1.421691
1.5622
0.97871
-1.0897
3.0887
0.757169
2.48534
-2.4309
1.1202
-2.56558
-1.85105
1.29198
1.11875
-0.20494
0.32357
0.66516
3.58055
0.85808
0.14229
3.05685
2.2322
3.62499
1.20769
-0.61883
-0.1804
-3.88616
-1.09077
0.76172
-0.8235
0.564
-0.0478
0.4443
0.15441
-3.83953
6.362428
-0.01353
0.2961
-1.05882
1.45706
1.04355
-3.5682
0.10696
-0.800619
-1.15219
-1.3021
0.3541
-1.2083
0.0247
0.54017
-0.5684
0.42031
-0.70319
-3.45981
-5.13957
-2.43551
1.346833
-0.394
3.59595
0.5566
0.4212
0.98473
1.60729
0.21277
0.1854
0.4666
1.1215
0.37957
-5.2216
5.2133
0.55482
-0.75178
0.79831
-0.69374
1.0236
-7.3225
-1.39541
-0.100099
1.079
0.42916
6.34215
0.6119
-0.11895
1.4327
0.61159
0.98253
2.3307
1.88962
0.3667
NA
1.95706
-4.97036
-0.70352
-2.7104
1.427816
NA
-1.474844
-1.2371
-2.5045
-1.62377
0.4565
-0.70021
-0.8622
2.12601
-0.0552
-0.1695
-0.85615
8.47195
-0.91428
6.01432
-2.76871
-1.74223
0.6692
-1.0704
-2.73917
4.39874
-0.06235
-2.815034
-0.91974
0.77137
-1.48961
2.22887
0.260815
-0.3086
-0.5837
3.26839
1.05942
1.798385
0.49462
-0.122892
1.12968
1.84338
-0.096976
1.48769
-0.15192
4.02878
0.6446
1.91898
-0.37171
1.60906
0.03592
-1.07149
0.3462
5.87641
-1.217661
0.842
0.8613
2.7602
0.30004
-1.173744
-0.72147
-7.8054
7.46101
-0.07031
-1.473
0.9631
0.39888
2.33215
-4.34547
-0.73585
2.23649
-2.5824
0.22389
-3.79909
-1.68014
1.3664
3.36491
-0.53159
5.3121
1.5438
-0.36499
-0.804
-1.6961
2.3606
0.6208
0.58998
0.6691
0.16296
0.39979
-1.79624
0.15326
-0.544033
0.76269
-0.8751
-0.02688
-1.0949
2.30388
-2.6745
-1.402143
3.85229
-2.6162
-0.81157
NA
-0.46898
1.28352
7.66783
-0.8817
3.9617
-0.40513
0.347321
1.91925
-0.8069
0.19839
-0.54184
0.25952
-0.23926
-0.665516
3.486
-0.720571
-3.99172
-0.61807
0.21452
0.4533
-0.02537
-2.13048
-5.62014
2.01605
1.4234
-2.1447
-4.35963
2.43311
-6.48546
-0.86927
-1.38702
-0.73984
-4.99603
-0.56337
1.44224
-2.08213
-2.523
2.95978
-1.0325
0.884
5.7295
0.21599
3.613316
3.74113
-2.1877
0.2702
-3.24409
-0.27106
2.56714
0.74723
0.418275
-2.19883
1.937
3.71754
-0.9064
0.786465
-0.67354
-0.718059
0.13832
2.14858
1.63208
0.1346
-0.42771
-0.13812
2.66857
0.03411
2.9833
0.3403
-0.43793
-0.4029
1.02761
1.6305
0.20327
1.347
-0.47238
-0.94668
0.9605
-1.131074
0.50626
1.03557
1.2456
2.231493
-3.29239
0.123975
-1.05056
-1.28308
0.9023
-0.354851
3.9551
-0.37022
0.73989
1.7004
-2.36321
-0.956677
-0.743714
3.582594
0.29226
-0.87761
-2.34704
5.0212
-1.04061
1.8416
0.16337
-1.39855
0.89201
-0.8087
0.8497
5.2778
-0.8882
1.7837
-1.05023
1.226793
0.55817
1.58768
1.406454
-0.8798
3.1309
0.83355
0.4929
-0.98296
-0.872878
1.36707
-1.18895
-4.24188
0.5422
-0.3046
-0.51936
-0.9004
0.1893
-0.2963
1.2303
-1.40151
-0.620065
1.1545
2.14082
-1.55137
3.0441
-0.48134
-4.31324
-2.2694
-0.43264
-1.472424
0.6914
-1.64144
-0.60086
-2.48446
3.96844
-0.2103
-0.71567
-3.9215
1.09896
-0.74017
0.7468
0.00565
-1.61331
3.80562
0.8863
1.70683
-0.348
-1.3935
1.1534
-2.0516
1.3773
3.08068
-0.485104
0.84365
-0.6927
-0.61432
-0.04799
-0.59413
-2.8039
1.2135
2.60976
0.31343
-2.76654
1.2554
-2.54919
-0.05534
3.6652
-1.8737
-2.303856
0.7527
-0.7963
0.6386
-1.27665
-1.54498
2.1279
-0.70556
1.42896
0.156236
-0.3353
-2.61226
-5.0998
1.71448
-3.52094
1.87968
-1.71928
2.905799
-1.1037
1.55742
0.2357
-3.369952
-1.7438
-0.1892
-0.8296
0.9258
-3.79531
-0.4294
-0.43712
0.65652
0.5294
5.03857
7.7976
0.964
-0.74308
-0.0591
1.71496
1.23039
-7.1764
-0.21609
0.30708
-1.15731
-0.37994
-0.49753
-1.5549
-5.1585
-2.4346
-3.5177
-0.13553
0.34245
-2.29175
4.7461
3.02234
-1.6737
1.86527
8.17585
0.66835
0.37564
-4.15319
0.5211
1.2458
1.956
-1.5019
0.71486
-3.30775
-1.5247
-0.20776
0.598161
0.88397
-0.27617
-0.47183
0.222095
-0.064409
1.47225
-2.40836
-0.4613
2.36309
1.08057
5.215104
-0.6654
-0.81098
0.0339
0.9729
0.20317
-2.56761
0.1037
-1.14297
-1.35102
-2.95871
-1.48425
3.195092
-1.3576
NA
0.02402
-0.6731
-1.0492
1.4659
-0.72715
-1.6382
-2.090958
2.3048
0.9811
2.68455
0.15954
-1.6267
0.8398
-1.60897
2.065999
1.08898
-0.81222
0.09341
-1.97536
-0.2631
1.712
0.58254
-4.5131
-1.602842
0.88726
0.4623
-0.9578
-1.4852
1.69173
-0.96248
0.2135
0.33027
0.48583
1.404048
2.1009
-0.46382
3.36892
-3.83481
-18.48992
1.58737
0.0904
-2.256751
2.4698
0.09042
-1.79954
-0.337856
-1.02969
2.531354
-0.3158
1.6287
-0.420747
-1.7279
1.0902
0.7963
-0.36513
-0.6489
NA
1.0616
-0.26488
-4.33977
-6.06133
-1.00599
-0.4299
0.5394
0.07619
-1.56713
-2.13866
-0.90647
2.11399
0.74373
2.1199
0.3998
0.89978
0.47578
-1.3074
0.51783
-0.1559
0.91127
1.6577
4.2136
-0.51325
0.16554
2.60154
0.254
-0.57575
1.88583
-1.17125
2.566539
2.3062
-0.03247
-0.31375
NA
-0.933
-1.8643
-0.80532
3.8515
-0.5704
-0.9069
1.15544
-6.938
-1.79194
-1.53435
0.1639
-2.25474
-1.72697
1.91536
-1.05267
-0.944936
3.80393
-0.68602
-2.5727
5.96903
-0.22758
0.27266
0.57543
3.36789
-7.22617
1.33476
2.87536
0.90386
-0.0155
1.290806
2.28638
0.24944
-4.81615
3.0728
2.61733
0.89074
3.47991
-3.0454
0.3513
-0.0743
-2.04431
0.32633
-0.7225
1.25413
-0.8489
-0.86303
-0.30386
-2.92316
-2.7158
-2.07474
0.31818
0.0698
1.801358
-1.69828
-0.6591
-1.96354
1.948795
-1.63522
0.62071
1.73933
-2.3168
0.1988
-1.0837
-1.3127
0.67529
0.0474
2.37371
-4.1928
-4.3545
0.89266
-2.76238
-1.04916
-0.07648
1.1141
-1.1544
-0.24483
1.2645
4.4981
13.3734
-0.09039
-2.0529
-0.5307
NA
1.8846
0.96762
-1.31735
-0.4367
1.9374
-1.32937
2.01583
-0.0873
0.58597
-0.11908
-0.12156
-1.03877
-4.55529
0.81687
-2.84212
1.49969
2.610881
-1.38825
4.7164
0.60507
1.90428
NA
-2.909849
-3.98775
-0.95072
-1.171756
-0.54522
-0.20229
-3.93857
-0.98621
1.62966
1.485017
0.1083
3.1345
-0.0681
0.6989
3.7421
0.21634
1.20901
-0.15958
-0.43583
-0.2513
-2.0221
0.782984
0.84104
-3.78211
NA
-0.62158
-0.09025
1.4607
0.33592
0.2474
2.54248
2.02316
0.91076
0.02059
-0.095959
1.54456
2.52258
0.22911
0.31854
0.6176
4.25718
0.58091
1.65769
-0.08725
0.3416
-6.310168
0.1059
0.9214
0.65219
1.35849
-0.60328
2.5248
-4.65832
-0.52229
0.0387
0.18405
-0.27344
-2.15116
NA
-1.51172
-3.29042
-0.268486
-3.646548
0.5323
-0.73369
0.05868
0.67838
-0.3851
0.09692
-0.47031
NA
-3.0042
0.372
3.83613
0.76321
1.179
-1.54189
-1.0606
-4.1349
1.562
-1.1401
1.92051
-1.60985
-0.28368
1.0695
0.383393
-0.6883
-1.39756
-2.677475
-0.728804
-2.52317
-3.29214
-1.187203
1.32722
-1.48537
0.55243
-0.1318
0.16461
1.3068
-5.7592
-2.33574
NA
-0.39874
1.3306
2.4089
-2.36738
0.52644
0.1249
1.68241
-0.77632
-3.76127
-0.2891
2.419
-8.37374
0.36679
0.94434
-3.1793
-1.22387
2.66257
-5.6361
-0.48272
-0.2541
NA
3.21805
2.58348
-1.41148
1.91479
0.5259
-2.7214
-2.19984
-0.406187
-2.1383
4.28533
0.59706
-3.00564
-0.09339
1.93721
-0.1543
-1.3577
0.17183
1.18283
-0.42391
-0.02185
-0.3603
-1.66187
0.7656
-2.655
-3.88115
-0.60392
-3.6998
-0.133
-0.0637
1.5783
1.7146
3.786
-2.0124
-1.78299
0.1974
-0.8324
0.26957
-1.45473
-3.529088
0.9742
0.2337
4.77841
-3.34561
-1.45045
0.711589
1.890444
0.38477
-0.5582
-1.03536
-0.6866
-0.3754
-3.90849
-0.66761
1.05384
0.29798
-1.55262
2.50781
-0.413
-1.7682
-1.14193
-0.4104
-0.66943
-0.238587
-1.306
0.30423
2.71678
1.06034
-0.44053
1.74123
NA
0.1541
0.01225
0.832412
-0.02048
NA
0.02371
2.84818
3.9999
-0.69327
0.9233
-0.61219
-0.21546
0.38255
1.2165
0.7494
-0.52651
-1.19318
-0.7776
2.9569
0.46798
-4.55348
1.2124
-1.92282
1.31705
-6.9539
-0.97342
0.716217
-1.1486
0.52298
-0.51155
-0.17542
0.75371
2.6324
1.03258
-0.56911
-0.02724
-0.07502
2.02149
-0.45131
0.98586
-0.556936
1.582
0.50883
-3.37825
-1.1359
1.6035
-0.283389
-5.83019
-4.39215
-0.4536
3.4227
-0.2912
0.1484
0.79811
-3.9829
-0.2047
0.69099
-0.47273
1.76469
NA
-5.7101
0.8929
-1.9864
-5.20293
2.2273
2.48019
4.027314
-0.01477
-0.0707
2.14344
-1.7539
-2.5007
2.83038
1.17627
1.13914
-0.60475
0.3874
0.4522
NA
0.74626
2.3514
-1.16021
3.823883
0.2534
-0.93261
-1.79364
-3.5768
1.09821
1.918378
-1.5716
0.67511
0.3135
1.7854
-0.64702
-3.79526
1.1853
2.46724
-2.89325
-0.4127
-3.72933
-2.21551
0.25587
-1.8663
-6.63759
-0.2399
3.08826
0.82667
1.0275
1.0382
-0.46316
-0.4099
-1.9058
-1.93387
-0.35601
1.549238
-4.1953
-0.17495
-0.15633
-2.3014
-1.514
-0.5176
-0.79361
1.6422
3.0825
-0.92497
2.15809
-0.46586
2.4413
-0.1502
1.0348
1.79855
0.86101
10.50878
0.33047
-1.71609
5.30412
-3.41168
1.02241
-4.3709
0.4095
0.70216
-0.96404
-1.4851
-0.5172
3.1802
1.7715
-0.0385
1.72161
-2.92605
-6.43961
0.90194
-1.8243
2.4283
-0.1573
NA
0.3036
0.80785
-0.0558
-0.67435
0.15853
0.1205
1.08998
-5.527531
0.33661
-0.4941
0.57635
2.1474
NA
-1.089
-0.7795
-0.42698
-0.78221
2.493258
1.3157
-0.23198
-0.60618
1.37878
-0.97031
-0.9834
-2.19267
3.17796
-3.67647
1.1416
-0.4802
-0.3886
-1.4962
-0.4996
2.3564
1.0839
0.7128
0.56256
-1.98227
-1.315
2.4064
6.48236
2.5626
2.8734
-9.96106
0.3288
0.2722
-0.6963
1.9867
-2.22197
0.2883
-0.99613
-0.631493
-2.2253
1.5283
0.934363
1.24442
2.08174
0.32502
-5.02128
5.77764
-2.95258
-4.00515
0.4506
2.5253
-0.214586
NA
NA
-3.2344
NA
NA
NA
3.09973
NA
NA
NA
NA
NA
-0.5776
NA
NA
NA
NA
NA
0.505267
4.445758
NA
NA
NA
NA
NA
NA
NA
NA
NA
NA
NA
NA
NA
-1.1653
NA
NA
NA
-0.626
-2.1103
0.317373
NA
NA
NA
NA
NA
NA
NA
1.09687
NA
NA
NA
NA
NA
-0.47014
-0.2737
-0.75504
NA
0.1306
-0.1843
NA
3.48093
-2.684918
2.61785
0.147277
-1.40784
4.2545
-0.42371
0.39385
-1.11759
-5.79729
1.624944
-4.51455
1.03052
0.34202
0.68508
-0.38487
5.535
-3.7397
1.3331
-2.6828
-2.508338
4.17222
-3.76732
0.70421
2.8875
0.6673
-0.88979
-0.2568
1.78349
-0.24492
0.4527
-1.17608
-0.751003
-0.34606
-0.19333
0.29065
-2.3712
0.9819
0.93179
0.7947
1.16106
-2.95676
-0.38
0.6047
-3.18673
1.3117
-2.95254
5.04666
0.57876
-5.31735
4.85988
1.1507
-0.4713
-0.24903
0.12238
-1.1443
-0.5276
-2.0679
0.8907
-0.8255
-0.9716
0.7371
-2.378
-2.87291
-0.3318
0.5588
0.38056
-0.6597
-0.4761
-4.46948
-1.14977
-1.01922
1.54871
-2.06487
-0.5172
5.4996
0.9879
1.72067
-1.46985
-0.1578
0.95284
NA
NA
NA
0.39453
-2.74386
0.05772
2.50734
0.21723
-9.72243
-0.65598
1.037501
3.633774
0.704455
-19.54755
0.89533
-0.99554
0.16748
1.75961
0.65738
1.360791
0.45985
-0.531233
-0.249832
-0.155568
-0.844361
1.67485
-1.2896
0.3289
-0.92353
0.9698
-2.38622
-0.5402
-1.30179
-0.79247
1.25494
-0.12991
0.73643
-0.76133
-1.09846
-0.15402
1.6219
0.23783
-1.5407
0.11295
-0.5171
-0.62504
-0.248
0.49533
0.97928
2.1345
1.43366
-0.21247
-0.1026
0.77923
-0.81492
0.79012
-0.57957
-2.3071
4.85618
1.44301
1.4482
2.56821
1.90717
2.3541
1.6017
0.7364
2.67309
-1.93812
0.2942
-0.29717
-1.18097
-0.0185
0.0368
0.0945
0.11672
-0.10754
1.48848
0.64741
-1.2615
1.2921
4.8163
3.403938
0.0465
-0.2571
0.358423
-0.07633
5.272
-0.1359
0.81918
-0.693
-5.4682
1.79296
-0.77386
-1.7795
-0.69979
-0.717
1.49306
-3.56352
0.4354
-0.35038
-1.78296
2.7313
0.67302
1.85978
-1.51174
2.69559
1.66464
0.354504
-0.032065
0.495757
-7.8843
1.74059
-0.63295
-5.65386
-8.39134
-1.2863
4.76498
-0.1914
-2.47198
-3.05852
-1.22382
1.119305
1.51518
-0.6034
-1.16442
-3.14141
-1.07109
1.63945
-3.75705
-2.61296
-0.25239
-0.74451
-2.5517
0.322315
1.18771
-0.76754
-1.91244
-0.06107
5.08738
-1.63954
-1.34052
1.1293
4.65344
NA
-1.59261
-0.22215
-3.425243
0.30114
-0.1021
0.1202
NA
1.23385
NA
-1.9246
-0.24659
-3.55253
0.4708
-0.23437
1.5789
-4.0402
-1.0082
-2.75314
-3.4808
0.48199
-0.73607
0.52878
4.6433
1.61966
0.06862
-2.46052
1.03949
0.6226
1.81379
-1.4512
1.60762
1.39824
-3.7413
-1.59567
-0.51885
-0.97452
2.7247
1.688646
1.1484
-1.9014
-1.9555
-1.095574
-0.80537
2.2883
1.808
1.14581
-2.68925
0.0106
-5.23819
-2.6774
0.4622
-4.5257
-2.37489
1.9515
1.73047
-0.85008
-0.68495
-0.21827
-1.256052
1.3406
-0.98907
-0.34509
-0.9803
0.96044
-2.115839
-0.81483
0.451235
NA
-0.29013
NA
0.53903
-2.65929
4.98504
0.0287
-0.451941
-4.7135
1.28891
-1.63652
-2.4155
-1.44389
0.09151
-0.107721
3.07117
-0.3108
5.00989
-1.10678
-1.38607
-0.228217
-2.88943
0.041
-0.4226
4.27164
-3.172984
-0.73329
NA
1.58985
-2.5542
NA
0.7783
4.4206
0.0414
1.3201
-1.8987
0.54956
1.39102
-0.5798
-0.2357
2.2738
2.6656
0.55276
-0.534
2.0873
0.4113
0.6206
0.21107
3.7585
0.16012
0.4196
-0.28167
1.42743
1.2052
1.37977
-0.7347
-0.2785
-2.0503
-1.6694
0.8433
-0.33573
-0.1834
1.82088
-0.3404
-0.8531
0.1771
-2.50463
-0.9263
-0.41354
4.0594
0.70639
-0.087
-1.81799
1.07752
-1.77316
-0.71292
-0.3343
1.2982
-1.35059
NA
-0.6912
-0.56564
-0.458
-0.6578
0.2351
-2.0163
0.63748
-1.4073
0.2037
1.19003
0.2072
1.459
-0.7361
1.74909
-4.59393
-1.626
-2.348371
-0.49608
3.907281
1.405
-0.6431
NA
3.7689
-2.2386
-0.26402
1.9106
-0.1234
-0.906979
-2.2568
NA
1.2857
-1.0423
2.0797
-2.377
-0.4433
0.6675
-1.63688
-0.1191
-1.71272
1.49076
2.90532
2.30213
-4.12392
1.66852
-0.59925
-1.2978
-1.06716
1.00643
-0.11869
-2.03411
-0.014992
-5.17201
0.0049
-5.9317
1.8334
0.38952
1.67252
-1.537276
1.48675
-1.05983
0.91962
-1.01925
0.19283
0.79326
-1.7134
-1.858657
1.45141
-2.0237
-0.7473
4.14016
1.9822
-3.47812
-1.03136
0.78014
-0.47156
1.10776
0.46112
0.7493
-0.79088
NA
-0.8026
1.33604
8.58102
0.42591
0.85634
0.0368
2.8558
-0.40505
-0.00278
0.13892
-0.16309
-6.09425
-1.106235
0.10021
1.06609
0.21513
-0.20904
0.72605
-2.9946
-0.83076
-0.4852
-1.00893
1.0763
2.3272
-0.065653
-2.189741
-1.35965
0.185829
0.0019
-1.35478
-0.00979
0.772968
0.3594
2.6519
0.453789
-1.08712
0.2173
-1.2247
2.9341
1.005238
1.53933
-1.134
-0.435106
-2.96696
-7.4248
0.67662
-1.66392
5.34815
0.45281
-0.896
0.62708
1.4226
-0.67412
-0.37705
-1.79343
-0.80352
-0.20637
-0.40182
-2.08199
0.90562
9.81
-10.5553
-0.014
-1.55505
-1.32193
-1.3202
1.9196
0.59371
-1.22243
NA
-1.3832
1.66731
0.51591
2.626319
-3.17964
-0.4654
0.4523
1.95321
-1.05819
2.66095
-2.61363
-3.8519
-4.09028
0.963079
-0.7261
1.659
0.84473
0.4705
-0.6939
NA
0.22689
NA
0.23048
1.6953
0.6923
-2.23372
-3.01249
-0.28219
-2.982
2.7639
0.2367
-3.51642
1.68172
2.0753
1.087467
-0.99637
1.21953
0.4493
0.3632
-0.34811
-1.6546
2.1599
0.57018
-1.354002
0.85896
0.803816
0.64285
-4.84035
1.52594
0.9982
-0.52098
1.8768
-0.41091
0.0742
0.9832
NA
0.76838
-1.05405
0.19128
0.10999
1.752052
1.810515
-5.1892
0.9254
-1.786444
0.94902
-1.8372
2.03528
0.5829
-1.24078
4.71722
-0.04183
-1.175433
-1.82269
-0.03602
4.2747
1.622
-1.2247
0.15618
-0.07397
2.3539
-0.2307
1.01894
-1.2393
0.14434
-1.062
1.1256
0.10314
-1.0205
NA
2.38506
-0.03676
-1.25743
1.8109
0.55858
-4.38585
1.385754
NA
-0.3648
-1.52099
-1.19936
0.8059
-0.5606
-2.7255
0.478973
-0.43533
3.83853
-3.56356
0.140557
0.86916
-0.40913
-1.7445
0.987375
-1.9366
-0.24769
0.61
1.04731
0.12766
-2.7066
0.72361
-0.22905
-3.6446
-5.4064
-1.0599
-0.587825
0.09115
1.8226
NA
1.76877
0.92514
1.17148
0.225798
0.67134
-0.689464
-1.7807
0.84055
-1.861537
2.4363
4.1418
0.1888
5.05226
-5.8422
0.83163
2.360329
1.16733
-5.375898
0.533
-2.88961
1.11969
-1.00551
-4.13393
-0.075
-0.67681
-0.10147
1.15239
-0.7409
0.057282
-2.4034
3.51073
0.189904
1.1624
-2.2632
1.36357
2.97175
-2.16682
1.46645
-3.2655
1.11119
-1.0943
2.64201
0.25526
-0.7612
NA
-1.07655
-0.13218
1.65752
0.1733
1.77422
-0.919318
4.09302
1.5392
0.02871
-1.4321
1.94643
0.557945
2.67521
-4.07771
-0.3871
-5.37865
1.69368
-2.08167
-1.18528
NA
-1.20022
-3.72761
2.146306
1.87479
-0.97203
1.23216
0.566085
-4.49453
-1.7782
0.302156
4.15138
-2.46396
-0.8862
-0.90685
0.1444
-3.78829
-8.06134
-0.46971
2.67891
-0.11448
1.48556
1.35577
0.635852
1.48766
0.83868
-0.7238
-1.36553
-1.43818
-0.81888
NA
0.81313
0.54615
-0.48571
0.1883
-2.4533
-1.199304
0.92744
-1.2092
2.24257
2.25894
-0.6302
4.31788
-0.63155
NA
0.58025
-1.13041
-1.67319
-2.947
1.00039
0.4459
NA
1.45507
0.8158
-1.00641
-3.04995
-1.615
1.99085
2.19405
0.143
-1.64766
1.97201
2.36843
NA
-0.2601
0.32575
-4.68864
1.79774
1.58735
-0.742507
5.72284
-2.29706
0.4252
-2.88825
-0.056683
-1.35916
1.1192
0.7749
-3.98844
-4.0523
-1.94459
2.481173
0.42013
3.43655
0.137199
0.53215
-2.529471
1.2131
-2.93077
1.87109
-2.49633
0.75626
0.4494
0.47981
-1.03714
0.8852
-0.20829
0.7523
-0.22694
-1.9524
2.23708
1.7229
-0.8145
0.20167
-6.3805
-0.65203
2.35046
-0.133
2.544761
-13.21912
-2.2283
0.060837
NA
-1.9956
1.5496
0.81343
1.5822
0.845468
-1.66691
1.78258
-0.657
2.25462
NA
2.499568
1.82422
0.7227
0.44975
-0.66542
1.9023
2.89201
-0.7223
-0.62355
-0.29604
-4.94851
-0.611
2.63996
-0.4887
0.2629
-0.2942
0.29459
-0.5985
-0.3407
1.74183
-1.42234
-2.11356
NA
NA
-0.74387
0.84256
2.05238
1.02901
1.5397
1.13342
-0.12523
-3.58012
1.8727
-0.7874
-0.5216
0.36795
-0.33451
1.178486
1.5274
0.25702
0.8029
-0.39243
6.558503
0.18593
0.9879
0.19408
2.92565
0.0041
-2.0807
1.042836
1.8642
-2.1294
-2.1323
0.6223
0.8383
0.4946
1.763468
-0.03582
1.26583
5.57769
1.34636
0.30225
-0.33439
-0.2996
-2.2758
-0.6565
-0.2503
0.1434
-0.3808
-2.0011
-1.0372
1.0243
-0.58111
2.25103
0.67535
3.6829
3.25196
0.66134
1.46574
-0.37666
-0.66088
-1.0435
-1.2523
NA
-0.77681
0.03148
2.189305
0.44986
-0.38557
-0.33568
0.8635
NA
1.7917
1.6508
-0.161381
-0.22925
-0.551295
1.126005
-0.6254
0.3319
-0.88655
-3.166735
0.0251
0.56861
-10.08389
1.15827
-0.8081
-0.0574
0.21042
0.43756
-0.204579
0.8851
-0.8439
0.4634
NA
-2.545955
0.8496
1.34422
-3.2689
-1.43692
-3.1841
0.517963
-0.2084
2.0467
0.5271
-8.20051
0.83193
-2.389311
2.98736
0.830606
NA
-0.691
-1.8675
1.74139
0.4509
NA
0.57875
0.9387
0.4966
-0.7215
-0.036771
NA
-0.465
0.00124
0.48853
1.454706
-0.9945
-1.36352
2.267066
-1.097797
-0.8993
2.12515
-1.210573
NA
1.99118
1.08284
0.71494
0.48848
-0.749
NA
1.70666
0.55898
4.821392
1.0984
0.25711
-2.5493
0.90322
3.944264
0.792812
-0.1255
0.3078
-0.8033
0.2839
9.6231
-1.0991
-0.665
-1.2074
1.094927
-3.51383
-7.23672
-0.10325
0.181892
-1.79412
NA
-0.3142
-0.9638
4.4262
3.428628
-0.298307
NA
-1.1642
1.754298
2.63067
-3.16015
1.36417
-0.9611
1.96223
-1.88911
0.6393
-1.66766
-0.95382
1.33566
-0.02744
-0.5513
1.01465
2.22679
0.23589
-0.11696
-0.5845
0.502343
2.6793
0.7681
17.36775
-3.744
-0.05705
-0.765916
-3.46561
4.2027
1.79536
-1.11435
-3.43096
3.86385
3.28477
2.30371
1.3459
-0.85384
1.43672
NA
3.80938
-1.035906
1.42191
2.27417
2.27713
0.5699
2.32862
-3.3169
3.212655
-0.3438
-1.8985
5.87085
0.1784
0.2212
-0.36025
0.2193
-1.3988
1.52533
1.31871
2.54364
8.7484
-1.0683
0.75076
3.3044
-0.4334
0.13549
5.208213
0.26737
NA
-1.91433
-0.71955
9.6143
-1.01913
4.2786
1.5666
-0.1908
-0.03601
-0.91725
-0.0693
2.89635
0.9722
1.80019
0.046522
-3.829667
-4.11317
0.612706
1.44639
-1.10384
-0.6697
1.62927
1.199
1.86604
-1.3189
-0.2194
2.127
0.76
-1.17479
3.54503
0.95598
-0.382935
0.77677
1.51824
1.187967
-1.18165
-0.0567
-0.5761
-5.72191
-0.58701
1.13745
-2.1613
0.34686
0.30191
0.5474
0.2753
-5.83649
1.23478
1.66998
-0.151892
-3.91904
2.89572
2.235242
1.95014
0.7118
0.13926
-0.5208
-0.47201
-0.062
-0.73635
1.176426
1.53437
-1.26219
-0.8361
0.4435
-0.14698
0.6269
-1.40639
-0.456778
-0.2404
2.02115
-0.9944
0.5474
2.81959
3.4428
-0.1261
NA
-1.15294
-0.7417
-1.0108
1.8869
0.240584
-0.5858
-1.2767
-3.21212
1.15036
-1.05892
-3.6537
-2.16694
0.5221
-2.6387
2.70426
-1.26917
2.12445
2.364329
2.624957
1.365637
0.3854
-0.02355
-3.74462
2.8416
0.7996
-0.4458
2.1982
0.5233
-0.46258
-0.52522
-1.3337
2.55407
-5.8056
0.96765
-1.56529
-2.69715
0.81562
4.132292
-0.898845
-5.96
0.40631
5.5161
-1.29785
NA
-4.7353
-2.04234
-1.28115
0.76566
-0.9467
0.4284
-1.51412
-0.6119
-0.9992
0.3947
-0.170182
0.46991
-1.0082
-1.23682
-2.087066
0.973348
-0.46263
-1.52632
0.5301
1.358307
-0.13351
0.73943
-1.31
-1.90847
NA
6.56099
0.848
2.09237
-0.43948
8.0958
2.74165
-0.52393
0.3603
0.61116
NA
-2.21434
-3.9611
-0.7178
0.2691
0.47414
-0.888571
-2.3785
-1.29809
-1.3681
-1.6717
0.8607
1.3689
-1.22658
-1.05917
1.17563
1.39958
-0.8053
-0.2266
-0.8641
2.82875
0.0213
1.7327
-0.55606
1.34197
1.59988
2.592595
1.1642
0.8816
2.376
-4.43264
NA
NA
2.7958
-0.26116
0.1695
2.98018
-0.08353
-4.1393
-4.44387
0.38052
-0.4141
0.128
-0.81661
-0.851198
0.7151
0.317821
0.14435
1.54754
-1.19947
8.61967
0.3006
-0.86605
-0.5892
-2.52576
-3.7314
-0.186
-0.37362
-0.6671
0.81786
1.04249
1.0781
-0.2541
1.2089
1.769133
-1.501022
1.03647
-1.002636
-0.0345
2.2999
-1.1672
2.04463
0.0675
3.85826
0.70529
-0.05689
1.03231
1.418962
0.26238
-0.5035
-0.1914
-1.50805
1.17718
-0.95281
-0.823096
1.7194
0.2238
-0.5441
-2.95016
-3.71265
0.90644
0.19633
-0.39351
-0.20804
4.30976
2.6577
3.34544
NA
-0.76683
3.94093
-0.8241
0.13998
-0.5233
-2.83386
-1.5774
1.0136
0.594
-0.01057
-1.60925
-2.75351
0.57465
0.84528
-4.3002
0.0801
0.22438
-2.48631
-0.9687
-1.647065
1.04359
0.76351
-9.17301
0.01354
1.41796
-0.59027
0.57335
-1.17349
6.083406
2.57668
-0.19306
2.101166
1.8163
NA
-0.1332
11.7897
1.103
-0.9462
-0.03414
0.064694
-3.7433
NA
-0.94147
1.3323
0.50695
0.976
-1.286988
5.1794
-1.3298
-0.042101
-1.23284
-14.6005
-0.04279
-0.1034
1.27514
1.741891
-0.70977
-0.50095
0.0911
-0.01144
0.8205
-3.78708
0.69279
-1.1783
1.611792
-1.1112
-1.00831
3.778982
2.745
8.2097
2.25088
2.1834
-0.5937
-5.6528
-3.971675
-1.71427
1.4599
2.1246
-2.19072
-0.31644
-1.53764
1.5454
-0.38014
-1.33568
-1.271867
-0.94523
0.2182
0.517003
-3.53788
0.31828
-1.4657
NA
0.79852
-0.00526
-0.368338
1.3543
-1.17131
1.265
-8.0237
1.42766
0.4852
-0.3799
-2.249
-0.8842
5.7176
NA
1.19145
0.8014
-2.7366
2.4253
4.51349
0.62579
1.49016
-0.3706
-3.0964
-2.449413
-0.10901
0.28162
-0.13624
-0.35812
-0.19333
0.47424
0.499
NA
NA
-0.891
0.85466
1.0531
0.72998
-1.57299
0.4399
-1.1495
2.49281
2.9553
-1.2779
-4.23165
1.387199
-0.44345
-1.2926
0.7484
1.78659
-0.62805
-4.1169
0.0045
-0.06379
-0.03011
0.46884
0.5038
-1.58209
-0.3103
0.49796
-0.81816
0.92527
0.0531
-1.283129
0.4067
-1.3639
-4.59196
0.58737
-0.16164
0.27618
-0.47555
0.2786
0.3547
NA
1.49563
1.510373
1.48939
-2.4798
-2.36187
-0.31158
0.2283
-0.16579
-0.12134
-3.047
-1.37848
0.53399
-3.370029
NA
0.19206
-2.73533
1.51857
-1.1121
2.58933
-1.5627
-1.71634
0.245769
-0.97128
0.58331
NA
0.002132
0.95817
-1.09138
10.6223
-5.861369
-3.90636
0.816
-0.21127
4.488
0.03602
1.182
-5.94452
-0.1666
1.64207
-1.3191
-0.36028
-0.6501
1.885964
-2.36266
-0.267
-1.14898
-2.49782
1.88842
0.1026
1.80994
-6.18686
-1.81299
-7.72302
-2.38884
-1.1953
-0.314824
-1.22953
1.5411
-0.60576
-0.35614
1.34699
-1.480219
NA
-2.27162
-0.49632
-0.71931
-1.37453
9.85041
1.90039
0.8094
-2.10301
-0.02581
2.402278
6.00678
-0.67871
-6.38441
0.40526
-6.39898
-1.9443
-2.32917
-0.77939
-0.1388
0.6322
-0.70144
-0.7946
-5.4756
-2.730051
-2.481746
-3.37977
-0.13421
-0.97378
-0.8081
0.623
0.73659
0.16398
1.16187
-2.05738
2.08548
-1.0115
4.28511
0.942807
3.4997
-0.07937
0.25022
1.37627
0.46762
0.39725
0.1681
1.5608
-0.287388
4.0566
-0.84245
-0.55471
-0.67523
-2.04128
1.14816
2.19479
-1.00303
NA
0.9587
-2.83034
0.10005
2.15157
0.310229
-0.36115
-3.41869
-0.36606
0.7455
-0.5561
-2.111964
-1.74661
1.4997
0.28623
-1.0391
-1.08249
-1.85372
0.23561
1.647007
-2.1242
-0.199
-1.1117
-0.2414
0.65924
1.5313
-0.31184
-1.07714
-1.29459
3.267072
-1.3567
0.4572
-0.132104
2.90085
NA
-1.11452
0.427937
-1.99534
-0.39845
NA
-3.99031
0.80956
-3.13278
1.8072
6.30859
-3.0048
1.32326
-0.16839
-10.35304
0.692431
-1.6017
0.61176
0.3789
2.14776
0.5123
-0.10309
-0.7042
NA
-0.23919
0.6546
0.82945
4.57257
-3.0684
0.904
1.0479
-1.1168
1.08453
-0.4708
-14.08223
-3.487641
2.96055
0.5924
-1.5486
6.8268
3.83479
1.05505
1.01169
-0.2281
-3.6578
-2.87883
4.04801
-0.044088
1.00605
-1.62138
-0.40102
0.098909
1.5446
1.074122
1.0498
-0.09568
0.73145
-1.13092
-2.17723
2.235804
-0.3269
1.4879
-0.48833
0.0591
-2.70827
-1.9872
3.39838
-0.3143
-2.1812
1.252
0.48694
0.6817
-0.04582
4.5721
-0.27374
-2.36699
0.1709
0.5401
-2.3041
0.3562
-0.9042
-1.8256
-0.4984
-1.0973
0.38149
-1.731
0.3281
1.93456
0.1467
1.1764
-2.25815
-0.23315
-0.4577
1.4448
0.81705
-0.80967
2.54101
2.33463
-2.4364
0.6041
0.21362
-2.70017
0.98414
5.5976
-0.2173
2.5547
NA
-1.44646
0.26803
1.56495
2.7621
-0.05738
-1.1261
2.97113
1.10362
-2.90672
-2.16388
0.6997
-3.2655
0.83162
-3.07603
0.98781
-0.6686
0.4643
1.1685
-2.1871
0.85926
1.484
0.5496
0.30778
0.41585
-5.210185
-2.1117
5.260768
-1.39211
-1.56818
-0.51846
0.54204
-1.4379
0.0845
-2.34743
-0.1973
1.4015
2.0536
-0.9308
5.51667
1.4137
-0.7584
1.40451
-0.8535
1.32176
-2.1706
-2.34466
-2.88569
-0.7724
-0.42205
-2.0115
-0.2455
NA
0.9849
-0.94858
1.0702
0.41688
-0.58123
1.0603
-1.7213
0.91184
-2.9726
0.2697
-1.47353
-0.3572
-2.03401
-1.70736
0.6726
1.35073
0.94594
-0.10235
0.4558
4.09621
-0.0213
0.81215
-3.67407
-4.38323
2.6381
2.4286
-1.77134
-0.18379
-2.56
0.3204
2.60914
0.43333
0.90437
0.70235
0.8104
0.687
-5.92291
-0.3784
0.04136
-1.6172
-0.9673
2.4612
0.70391
-1.0368
0.8871
-0.9473
-0.0824
1.5578
-1.28532
0.3438
0.3813
-2.82861
-0.7095
1.627283
2.43602
-1.67374
1.31215
1.4325
1.6077
-0.35123
-0.9745
1.083477
-1.71918
-1.6212
-0.0289
5.7582
3.2532
1.5018
-4.65418
-0.4712
0.1204
-0.3728
-0.6878
-2.320876
NA
-0.57916
2.4267
0.9007
2.441119
0.84819
-0.34378
-0.21772
-1.6793
0.9922
-0.873
-0.08882
1.2553
-1.1448
-0.28355
-0.40085
-1.5492
0.05296
-0.4554
1.0316
1.6294
-1.02738
-0.9222
0.7277
1.3331
0.35829
3.4859
0.29521
-0.48917
1.2431
1.17246
1.981
-0.1631
2.7579
0.8628
-0.4577
-0.8814
1.11372
-1.15058
-0.43592
-3.92012
-0.1509
-2.2902
0.0257
-2.74388
0.4369
-2.25227
-1.312817
-0.276713
2.5413
-4.37662
6.61567
0.16376
0.329864
0.2276
0.067135
0.23427
-2.10496
-0.6686
2.68769
-0.912
3.33758
1.50066
-2.74888
-1.86594
-0.6692
3.54052
-1.2453
2.6518
-1.97292
-2.1171
-0.74099
-0.8449
1.25307
-4.04352
2.01658
0.98808
0.82706
0.8641
-0.48736
-6.633078
-2.2269
-2.712594
0.3119
-3.341862
-0.3886
0.16176
0.9706
-1.80838
0.07627
0.3331
-0.56128
-0.36847
2.7101
-1.8268
0.92272
-0.2717
-1.44322
-1.46644
2.5223
2.6961
2.89806
-0.25937
-0.21773
0.24512
2.96618
2.05871
0.1761
-0.99377
-0.4582
-0.147
-2.3212
-1.708214
1.79986
-0.62492
0.59426
0.5812
-1.1705
-0.63175
-0.8519
2.5699
-0.9786
1.11529
2.25675
-0.03876
-2.0429
0.0012
2.59962
1.09534
-0.4674
-1.17475
-1.14307
-0.1232
0.58372
2.09334
1.47769
-1.82051
3.622
-0.97353
-1.45789
0.38705
-2.19753
-1.39313
-1.0408
-1.092
-0.6195
0.06118
-0.8603
-0.61228
-0.6463
-1.02168
1.54644
0.46673
-0.45418
1.148063
-0.5284
-2.33644
0.14318
-2.3546
-0.20564
0.27117
-1.0714
-0.758638
3.28581
-0.5905
3.0023
1.6778
-0.8251
1.9554
0.4359
-1.63139
-1.22204
0.29072
1.26912
0.2942
-0.41593
4.90234
1.65904
-0.47039
-0.29733
1.78387
4.33715
-1.046
-1.1502
3.818261
0.1879
1.1798
0.076662
-5.597371
1.915129
-2.81273
-0.19257
1.60978
0.7945
-2.816127
-1.44442
-0.749
-0.7796
0.655154
-2.99537
-5.34244
2.81822
0.483529
-1.309303
-1.767697
-0.57306
-0.31616
-0.96075
-5.931147
0.02057
-1.104071
-0.293491
0.442775
-2.28872
0.4739
0.969528
1.191955
-0.613962
-1.17402
-2.662832
-0.06277
1.849098
3.61045
4.62447
2.149871
-0.37743
0.21358
0.5456
-4.69396
2.142348
11.156671
0.84046
5.051681
-0.01151
0.536731
0.281869
0.33026
2.547586
-1.509317
-1.937648
-1.310998
2.43837
-3.18573
-1.7379
-1.883074
-3.3348
-3.72169
1.11043
0.92972
0.541689
1.410932
-1.45417
0.12491
-1.611433
0.2456
0.79678
-2.48907
0.750499
1.193703
3.034364
-2.651274
0.12678
-1.164067
-2.94891
3.412799
-0.6464
-0.7359
1.047094
-1.9393
-1.759187
4.76727
-1.36147
0.649536
0.3759
0.102
-0.699366
1.4612
-1.13769
-0.06201
-0.204
1.4192
-2.064995
1.41
-0.39158
2.0244
1.0643
1.9245
-0.8867
0.545213
1.2195
0.5567
-0.7219
1.13667
-1.6175
-1.6229
-3.29149
4.5769
-0.6011
-0.4817
2.9596
-1.2995
-0.6599
0.0128
1.446
1.3534
-0.0877
-3.03701
-0.8962
-2.40368
0.364132
0.8041
0.6609
-5.4954
1.8189
-2.0342
-0.006428
0.6704
0.9641
3.0847
-1.12126
0.3107
-1.04938
0.12495
2.383752
-1.2756
-0.2719
-3.4267
-1.72332
-5.2438
-1.738154
-0.084674
1.3361
-0.51683
-1.2344
-0.0596
2.946954
0.8543
-0.06148
1.3172
0.3718
-3.025784
-0.22521
2.6266
-0.4557
2.35069
-1.517
-1.5629
1.68368
0.5298
-0.2534
-0.7427
0.9421
0.3068
2.0959
0.4963
1.0956
-0.9098
0.2189
-0.17135
0.05335
-5.1093
2.1745
-2.446
2.2285
2.37524
-2.5603
1.0325
-1.2176
-0.6759
0.6611
5.7147
2.96698
-1.29063
-3.0101
-0.9383
-18.58123
-1.8551
-8.7646
-0.1228
-3.8986
-1.62839
-1.8469
3.122246
4.07757
-0.3185
-0.4084
-0.48508
-1.1581
0.2958
-0.305751
1.693
-0.0568
0.31267
-4.4142
-1.1407
-2.7026
1.9207
-0.1771
0.9048
0.0968
-2.6434
-1.3338
-1.9553
-0.84172
-0.3931
1.14685
1.02403
3.9577
-0.2904
1.7648
-1.0064
1.59164
0.33877
-1.7168
-1.34719
3.19961
-2.2199
-0.6394
0.26442
0.4857
-1.1642
-0.9636
0.2274
2.7764
0.0241
-1.47653
0.4094
2.53089
-0.7946
0.9065
-0.05517
-1.80346
2.08726
-1.309
0.32918
-0.95083
-2.14399
0.05903
-1.23907
-0.26111
1.2808
-3.72982
1.33286
-0.94873
0.86783
2.58273
1.80134
-3.20277
0.26271
1.41146
2.2646
-0.93501
0.7578
1.71453
-2.03277
-2.11462
-0.55172
0.78306
-1.26765
0.22669
-2.01727
0.7357
1.47629
1.2155
-2.8274
-1.66564
0.53221
1.0272
-0.05592
-1.41938
-0.70127
-1.44963
0.40692
-1.9051
0.51534
0.44156
1.91521
-1.68344
-0.82228
-0.3319
-0.29911
-2.27003
-1.09937
-1.34373
-1.98261
0.45614
NA
-0.58976
-0.44071
8.87655
1.82589
4.81782
1.84601
-0.44678
-2.22638
-0.36075
-2.48509
0.36612
3.3703
0.44348
2.87628
-0.94626
-1.52889
2.26614
-1.168
-0.2193
1.03945
0.48793
1.0534
0.54013
1.294
1.64968
-1.58713
-0.84365
0.3696
-2.28189
-0.562
0.13725
-0.19379
0.65212
0.29849
-0.1579
1.91344
-1.5369
-0.581
-0.38601
-2.13244
2.5218
0.1047
-5.9072
-1.5902
-2.66584
0.81884
-1.18261
-2.16252
0.34709
-1.44178
-2.25907
0.7523
0.16843
-0.90275
0.49466
-0.44379
0.750871
9.07872
-0.61863
-3.7819
0.3402
1.1731
-0.432
5.84557
-0.79968
-1.4687
0.44616
-2.07275
-4.27695
1.17644
1.7538
-0.46659
0.3529
1.73228
-0.5609
-5.14784
-2.52849
-4.6693
-0.7232
-1.32449
-0.25447
1.63648
5.96146
-0.76329
1.12759
0.62989
-0.89442
2.25779
-0.3011
1.2191
0.8228
1.85343
0.36533
-1.51042
1.34034
0.83851
-2.095498
2.73512
1.3083
-7.11352
0.13848
1.79576
-9.55348
1.9854
-1.9344
-3.75462
-0.54948
0.3878
0.0633
1.56496
-0.59251
-0.3437
-0.7903
-2.01937
-2.49751
1.0824
-1.38984
0.44919
0.0093
0.07414
-0.54146
-0.05658
2.0507
0.4104
-1.31828
-1.23942
-1.8222
5.8077
4.3286
-1.0415
3.56272
-4.52855
1.0974
5.0271
1.39041
-1.1644
-2.797
-2.35205
2.1485
-0.04235
-1.4528
0.06384
-1.08237
-3.2323
0.70018
1.07096
-0.40181
-0.8945
-1.2683
0.8084
0.3804
-5.85173
0.89104
2.41525
-0.936
1.79215
-0.200341
-2.1474
-1.2167
-1.546397
-2.50786
-1.1383
0.22542
0.8941
-3.2144
-0.95534
-0.00935
-1.05754
-2.26033
0.1039
0.10657
-0.7606
1.5454
1.21463
1.19318
-0.63152
-1.1882
-1.50594
0.58319
0.92274
0.3604
-0.89936
-0.9389
-17.3349
0.42381
-0.50129
0.89935
-0.2199
-1.15865
2.43141
1.904836
-1.929806
-0.8228
2.0102
-0.39907
-2.36886
-3.0756
1.827
2.36041
-1.18833
0.021461
1.60112
-1.0015
0.56982
1.19593
-1.07371
2.02697
1.05726
-0.06401
-1.13042
2.8585
8.157986
0.16849
-1.1928
-6.74984
1.2438
-1.63429
-0.4484
0.305256
2.84125
0.0176
-0.4213
1.45353
-1.018
0.82788
-0.65191
0.53823
1.69978
-0.17228
1.95011
8.3676
NA
-1.57905
-0.27286
0.9959
-1.67698
0.1817
-1.3816
-0.00886
-0.99803
0.25632
0.00899
0.8846
-0.94268
0.76601
-0.1493
0.58841
1.27222
-1.8812
-1.09683
1.11459
0.18628
-3.0596
-0.82785
0.14311
0.06419
1.852882
NA
2.1844
0.425
1.4125
-0.8569
-1.2526
0.9874
-0.4832
-0.7372
-1.1275
-0.0425
-1.0347
-2.40691
-1.9009
0.9165
0.6387
-0.7752
4.15772
-1.5615
-0.8228
0.7478
-0.7314
3.8403
-0.5343
-0.52604
2.09642
8.0044
7.9076
-0.4556
-3.467
0.1805
-0.37255
0.9273
-1.5292
0.26436
-1.57766
-0.47302
-0.16743
-0.2384
-0.6166
0.0479
1.484
0.0389
2.6022
-2.1618
-1.5777
0.82392
1.2247
-2.4808
-0.9012
-2.1573
1.20475
-2.1654
3.599
-2.4111
-1.4861
0.17164
1.55539
-5.27755
1.0504
-1.0226
1.9429
-0.5998
1.14198
2.23069
-0.8633
5.3826
-1.86872
-0.4937
1.5217
NA
1.7558
-4.0071
1.3674
0.5949
-3.3767
1.0574
1.36776
1.6134
-0.6215
6.8288
1.9034
0.2931
-2.531
-0.1698
-1.5271
-1.7443
-1.35118
0.3198
-0.3105
NA
1.4304
0.0204
0.31775
1.4327
-4.1039
0.3413
3.3899
-0.4775
-2.2018
-4.1288
0.81384
4.6996
0.9626
1.5975
6.4363
0.1933
2.81244
0.3753
-6.6566
0.4358
-2.64313
-2.2876
-3.9187
1.7698
-0.8567
-3.1631
1.8793
-8.277
-0.6386
-1.0989
-2.2941
3.1563
-0.1669
0.602502
0.0755
0.2346
-0.4104
3.0031
-1.4654
2.0336
8.0182
0.5317
0.5368
-1.6005
-0.1438
0.41357
1.1226
0.1114
-4.4436
-1.5614
-2.2479
-2.1216
1.0111
-1.3646
-0.4505
-1.2318
-2.0264
-7.67518
-4.4176
0.6728
-0.3529
-0.2123
-0.0513
-4.5135
-0.3685
-0.7387
0.76246
0.50831
-0.80703
-3.3266
0.12926
4.116
0.892397
1.80166
0.9854
-2.3673
-1.9505
0.94419
1.48827
-0.40955
1.90989
-0.76857
-1.0091
-0.54282
-2.7705
1.1155
-0.81774
-0.5693
-0.9651
-0.8203
1.1177
-0.193
1.1863
0.82821
-0.8107
-4.39782
-2.5277
0.0249
NA
-1.8706
-0.22548
1.9915
1.17504
6.9314
3.2236
1.62489
-3.6115
0.9883
0.318
2.49
0.75008
0.42602
-2.7816
1.05026
-1.3863
-0.06593
-0.50603
-0.0964
2.85969
2.65092
-0.963
-0.18054
-3.8807
-1.0719
-0.94897
-0.1644
0.91993
3.9108
-1.1238
0.7329
-0.324
2.0956
0.7413
0.4223
-0.7446
1.01538
1.6477
0.72622
-2.274
-2.82402
-3.89339
-1.31409
2.94875
-2.01482
0.7383
0.6493
2.17141
0.117
-0.9671
1.8363
0.1996
0.8159
1.6055
0.5757
-1.1619
-0.0576
3.7807
-0.4022
7.2612
0.07111
4.09965
0.5507
2.46457
1.9952
-1.02588
0.64134
-1.299
-2.71269
2.43407
-0.7426
0.3698
0.05236
-3.96896
3.73011
0.55541
1.25596
1.0589
2.037041
3.73241
0.52897
-2.80034
-1.11808
0.00612
-1.15187
-0.484
-1.1999
-0.47334
3.01501
6.60052
0.48593
0.01753
-0.17656
-1.53942
-0.47647
1.72231
0.01068
2.26696
0.14325
-5.32842
-0.69249
-0.68046
-2.4884
0.816927
-1.239
-1.235
-0.2461
-0.4573
1.92726
0.73082
1.87721
-0.39541
-1.29628
-0.8542
-1.63846
-4.61059
-0.5006
0.65367
-2.691318
-4.13486
-0.784
-0.737
-4.00709
-0.27454
3.64213
-2.07234
-0.44286
0.84522
2.0502
1.95766
0.933
2.26779
-0.33113
2.4262
2.14211
NA
-1.11544
2.54168
0.58427
10.53043
0.58306
0.29095
-1.65152
2.1508
0.843674
0.53006
-1.6057
-0.84341
-0.58782
0.76036
-1.11097
-3.12764
-1.72776
-0.09309
-0.84603
-0.69342
3.71792
0.75282
-1.144
-2.4197
-3.48393
-0.94961
2.53838
0.12052
0.89063
-0.58996
1.31362
-1.5367
-0.89648
0.52989
6.94992
1.297
-1.1417
-1.0331
-0.59167
3.29831
-0.9197
0.7387
0.1639
1.419336
0.93317
0.4936
-1.3044
-2.2869
5.921587
1.39811
1.31532
1.03624
-1.2687
1.34826
1.802205
1.4629
-0.24096
-0.3369
-2.3977
1.5163
0.39425
-1.9721
3.15536
-0.8715
0.47835
1.2095
-1.17464
-0.8453
0.440624
0.521718
-0.79728
-0.5121
16.3557
-1.0665
0.521
3.9523
0.5551
-0.24
0.426647
3.90633
2.2416
-0.69561
-0.73495
0.50693
1.554798
-0.208873
-0.3643
1.0376
0.308676
1.63255
NA
-1.90104
0.4614
4.996703
-0.00517
-2.62289
-0.040535
-0.35248
1.75242
0.3398
0.396006
0.83782
-3.2671
1.3999
-1.97939
-0.7269
-0.1906
1.21734
0.3771
0.1915
0.8471
-0.35061
1.96649
0.5151
1.879609
0.07912
-1.0803
-1.78826
0.49372
-2.3773
-2.5275
-2.62248
0.0723
1.3573
-1.35949
-1.448397
-2.349686
0.19626
1.73591
0.4411
0.0997
0.2682
1.025075
2.6981
0.07482
-0.89352
-1.3942
-6.79965
-1.89962
-0.359039
0.979015
-1.02417
-0.48041
4.786887
-1.462
-0.55599
0.31941
0.72727
0.40472
-0.80871
0.0807
NA
0.7619
0.298199
2.1051
3.8739
0.6011
0.8609
-0.37128
1.89389
1.04975
1.49456
-0.4018
-1.25718
0.71705
0.719661
-0.88455
0.1698
-4.5057
-0.5455
2.85862
1.4541
0.98814
2.5345
1.1163
-1.39139
0.5961
0.240151
0.353217
1.2974
-1.7235
-4.540062
2.52906
0.0547
0.7045
-1.70682
0.7002
-0.51479
-1.25005
-3.49224
2.4491
-0.3168
-3.47758
3.5423
-0.9983
-0.5048
3.13537
-2.1464
-0.9448
1.3496
0.749016
1.675511
-0.4125
-3.26842
-1.40877
0.43028
4.1869
-1.39744
1.02577
2.04694
0.0901
0.4121
-3.154
2.09339
3.587
-0.59534
-1.0234
-0.60032
-1.30789
1.6239
-0.348639
0.16458
-0.0803
-1.30848
0.365162
-0.16085
3.110088
5.0704
1.95968
0.7155
NA
0.31043
1.32101
NA
1.08681
1.1462
2.9559
0.9144
0.25221
-1.85509
-0.8387
-0.5534
-1.53034
0.86293
0.8961
0.0815
-6.5931
-3.30935
1.1689
-2.984
3.54859
-0.0243
-2.09975
-0.63423
-0.9886
-2.7731
-0.6958
-0.9236
0.24761
-1.34898
4.50587
0.5257
-0.97712
1.22236
0.61635
1.4403
-1.11403
-1.26857
2.9243
NA
3.0574
NA
NA
2.018
-0.6298
1.79718
NA
-0.75313
0.77014
-1.15272
-1.0211
-1.55105
-0.5524
-0.40227
1.273211
0.71324
1.10123
-0.75292
2.07247
-1.34673
1.19803
1.52789
-2.29947
0.091
0.04532
1.337367
1.10559
-1.14362
0.4002
-0.396564
-2.29917
-1.57944
0.30106
2.7806
-1.27945
-1.1487
2.79417
-0.000294
1.38614
0.40019
0.64951
1.032827
-0.4665
-1.9555
0.1944
-0.27531
3.69307
-1.37357
2.9143
-1.33763
1.06202
-0.26218
5.07868
2.08752
-1.615428
NA
0.2989
2.76138
1.14076
3.0706
1.12496
2.1026
0.9031
1.08328
5.2853
-1.6038
2.10826
-1.70247
0.13294
-3.62775
-0.40939
-1.501563
1.0094
-2.03275
-0.6481
-1.28562
-0.83059
-0.08864
-1.25862
0.557678
-3.87186
-2.733395
-4.08799
-0.42128
-1.17921
-0.67857
-0.355561
0.64489
1.81723
-0.0537
4.09426
1.29071
0.3692
0.30995
-0.2242
-0.2771
1.39151
-5.03344
1.7536
0.37429
0.950992
-0.29457
0.65959
-2.84859
1.0875
1.371073
-1.1087
1.42636
-2.0268
-0.269262
-4.3343
-2.2219
0.57051
-0.83637
3.5185
-3.12318
-0.6745
0.63702
0.43499
-1.62547
0.8252
-0.4797
-3.75649
-1.12421
-1.33418
-1.92216
-0.39502
3.54306
-0.3554
3.200908
-4.93488
-1.1842
2.250748
-1.036822
-0.08695
0.81608
-0.51642
-18.996
NA
-2.58527
-1.00034
0.13422
-0.54662
-1.1175
-0.28223
0.43376
-2.39619
4.15773
1.46195
1.47146
0.1618
2.0562
-2.210334
0.232645
-0.87026
2.13042
-1.05615
-0.5787
-0.13889
0.50455
NA
-1.2666
-0.7968
0.7621
1.7683
-1.3194
0.1846
-4.4989
0.84094
4.28343
-0.9445
4.03782
5.13773
2.30187
0.5298
-1.6306
-0.08246
NA
0.881
4.41863
-0.6514
0.5355
3.30874
0.63615
0.38016
-1.3246
1.0684
-2.1356
0.64439
-0.33285
-2.9122
-0.99073
-1.0968
0.18153
-4.4711
0.7701
-0.14341
0.8068
-0.8556
-0.087
5.299183
5.4022
0.26463
-1.3474
1.1431
0.1876
-0.41966
-2.3082
0.1876
0.4474
-1.2288
-0.14003
1.1622
0.7677
0.03349
-5.53311
-0.56471
-1.3272
9.8228
-0.1259
NA
-0.426
-1.1717
-0.2952
3.8616
3.87238
1.75026
1.40644
-0.2525
-1.4352
0.95972
-8.93772
-2.6764
0.1057
3.75
0.58596
-0.4518
1.1821
3.40853
0.1016
-1.3376
-0.836101
-0.77859
-8.6535
0.31495
-1.32737
-0.08524
-1.65592
1.7098
-0.35655
0.9129
0.1865
0.5714
-1.3236
3.4693
3.01551
2.34929
0.1335
0.18335
0.95335
-0.24893
-23.65629
-0.4326
1.2859
-2.2308
2.01569
-0.2056
5.72059
2.28502
-1.4717
0.2993
-0.7979
-1.8683
2.2262
3.7979
0.73206
0.5955
-2.1139
1.4514
-1.4991
1.5292
-2.3864
-0.3594
4.3842
-1.1561
-0.46451
-1.9268
0.9366
-0.72618
-2.7381
2.3417
-1.9066
4.7868
-0.038
1.4436
-0.90191
-0.7214
0.6153
-0.32242
-2.511
-9.4316
-1.16767
-0.8918
1.09073
0.5721
-0.7573
1.3814
-1.5864
-3.436004
-1.24683
-0.19379
1.16494
-2.424302
-1.87599
0.2653
-0.95661
1.1645
1.151154
1.6552
-3.0067
3.2037
-0.41092
2.4937
-1.16799
4.84916
-0.99911
-2.371
0.55241
1.41543
-1.37328
-0.83855
3.23449
2.8058
-0.42989
0.7431
-1.11509
-1.18025
-0.6681
-1.5109
0.80765
-2.6778
2.5521
2.79117
-0.9125
-0.91987
2.1533
-1.2237
-0.3584
-1.41255
NA
0.4434
4.850909
0.3018
3.03532
0.1576
-1.14217
-0.07105
1.8169
NA
-0.10582
0.8571
0.651
1.87366
-1.24287
-0.7829
-0.65237
-4.00845
1.0855
-2.14715
-0.47061
2.34248
-1.0265
3.5859
1.25987
0.13788
-2.0451
-0.0931
-2.5005
0.31425
3.7038
1.864272
1.58616
1.5243
-1.8477
-5.1742
-0.1345
0.1813
-1.8922
-0.2445
-2.1324
-0.0731
3.4672
-1.07258
-1.0398
-1.3865
4.4
0.6122
0.03832
-0.8696
-0.8908
-0.45251
-0.3584
-1.0245
-1.535902
0.66659
-4.01798
2.56389
-3.45122
-0.96834
-0.26184
-0.49277
2.19745
-9.50831
-0.18716
0.01287
6.3324
0.8434
0.55728
-3.742
1.1708
4.1601
-0.9997
-0.1729
0.6589
-4.2959
-1.20201
-1.80575
NA
3.359
1.8624
-2.74691
-1.809646
1.56956
5.61761
-0.9304
-1.19957
-3.6881
-1.10689
0.3479
1.8147
-1.4197
1.4433
0.21993
3.9003
-0.1061
16.033
-2.03863
1.64762
1.6888
0.2053
-2.1029
0.63169
-0.19149
3.71622
0.68274
-0.2472
-0.2812
0.0162
-1.9773
0.87345
1.67889
-1.7538
3.09296
0.31095
-1.9589
2.5392
-0.5098
0.50506
3.9585
1.5212
0.244267
3.2093
0.88505
0.1481
0.4948
-1.888
1.9495
0.2701
0.309411
-0.25463
2.8249
-0.242361
-1.5654
0.00451
-1.7551
-0.56133
-0.07973
1.57047
-0.80059
-2.71889
-0.6018
-1.87599
3.282715
-2.6055
3.8018
0.3851
-1.19082
2.2824
-0.20473
0.7603
-2.95248
0.10983
-0.4273
0.75212
0.448
-0.1099
0.55592
6.9676
1.55638
-0.63794
0.47195
0.1556
0.0393
-5.60346
1.29125
-1.586169
-0.3155
0.113934
2.1848
0.2673
0.12164
0.2403
-4.2595
1.1049
0.19968
-0.17409
-2.39187
1.55835
0.4807
1.06904
2.74471
-1.883454
0.0929
0.855246
-0.84598
-0.2604
0.8868
1.4555
-0.85161
0.50438
0.8801
-0.21119
3.47095
0.91714
0.3353
2.9103
-1.6344
-1.4984
0.7063
-0.7632
1.22951
0.20772
0.42048
2.062919
0.34201
-1.2999
1.375466
9.20489
-1.035
5.28261
-2.2554
-0.29509
-1.39202
-0.2618
-0.33133
-0.203458
0.52751
1.3448
NA
-0.8295
-2.18107
1.88692
1.87591
0.9273
1.21558
0.8959
0.14345
0.07427
-0.33053
NA
-1.477237
-0.3481
NA
-1.93741
-1.4559
2.0154
1.31406
4.462084
2.34684
-2.0051
-5.36417
-2.3502
0.1825
-2.58253
-1.1173
-0.65674
-1.0408
0.0264
-0.1703
0.2366
-1.2291
-3.5274
0.76861
-0.4475
1.54052
0.6822
0.12738
-0.72538
-1.28697
0.2613
-0.81439
-0.226889
-3.867
1.520999
3.30517
0.7663
-2.1674
-0.88771
0.714929
3.641008
0.096583
0.229
-1.3886
1.45859
1.65367
-0.0368
1.45218
-1.04481
0.88103
-4.86356
-1.2974
1.72637
0.9256
-3.3106
1.00167
1.02007
-2.261939
-1.74989
-9.6054
0.50805
1.0886
0.6013
-3.50278
-0.78593
-1.501288
0.80449
-0.43326
1.2924
1.24609
-1.28021
-2.0575
-0.97523
0.60457
3.13077
1.08337
2.176
0.325195
NA
-0.35731
NA
0.8486
NA
0.3279
-2.84817
-0.6979
1.23313
-1.57643
0.40859
0.8369
NA
-1.02115
0.4218
0.55176
0.43053
0.4674
-1.02314
1.15931
1.30888
1.5411
1.13635
-0.17985
-3.5958
-5.05252
-2.0461
NA
1.09545
-0.906897
-1.00037
-1.768
-2.036496
0.31214
1.19282
1.073963
0.32932
NA
-0.58809
-1.787815
1.2031
2.352
-4.2424
-0.708685
4.09973
1.44609
2.3431
-2.66377
-1.3802
0.1138
-0.441703
0.2943
4.5944
1.11221
-1.08919
0.700272
