5.76522
1.82472
0.19564
-1.6464
2.85565
0.7238
0.1626
0.956
3.60139
-0.89373
2.3518
-4.676192
3.2752
-1.447361
0.6617
1.06949
5.9114
0.13825
1.1562
2.5481
-0.9261
-0.4702
-2.5756
-4.5146
-0.6267
-0.3257
0.7381
0.04286
3.2885
-1.1059
0.2608
-2.6878
-11.6141
-0.6366
0.0844
-1.7723
0.3535
0.4468
-0.63147
1.4472
2.7765
1.7402
-3.01685
-0.06299
0.344
-0.01796
0.1053
1.6728
-0.1268
0.3051
3.4591
-0.3539
4.1943
-0.2193
-5.1659
-1.2592
3.0153
1.0094
-0.9951
-2.41316
-0.32951
1.69645
1.40182
0.3186
1.39684
-0.16311
1.0639
-2.9359
-2.0121
0.47161
-0.7435
5.4225
4.8843
-0.25296
-6.6283
1.36092
1.29275
0.21385
0.33588
-0.87269
0.5609
-1.3149
-0.49022
0.15353
1.8285
-0.4889
-2.2578
3.0752
2.02038
1.3039
1.2149
-0.37858
1.3159
-4.6873
-2.345716
-0.3563
0.57345
0.2722
2.2203
-1.21746
-5.074501
-0.95124
0.26772
-0.2031
1.6669
-1.445
0.7653
-1.9656
5.0515
-2.4523
0.905514
9.0098
2.415
0.36573
1.6182
1.56721
-0.3042
1.34267
1.10862
1.6919
-1.49919
0.52229
0.4453
-3.7232
NA
-0.144
0.1992
-0.1031
0.0283
1.3662
1.4501
0.55814
-0.7745
3.1855
2.6588
2.14567
3.98882
-4.69919
-3.0193
-0.61445
0.54962
0.65328
0.978
-0.5568
NA
-0.10525
-0.195
-0.1183
0.88986
-10.5
1.22776
-0.5215
1.5527
4.9836
NA
-0.2597
-2.2023
-3.4174
-1.2164
1.834322
1.31167
-0.4598
-0.54147
0.0891
3.8305
0.1493
-0.597
-1.8558
-0.964764
-0.67486
0.6521
-1.922567
-0.3484
1.9109
-1.1325
-11.7
-1.2053
-0.2082
-1.1914
-6.6727
-0.4963
0.9189
1.3592
0.78632
-0.2818
2.5416
-0.7079
-1.1547
0.7187
-0.4652
0.090004
2.0367
2.4793
-0.36622
-1.432
1.5215
1.909856
1.2646
0.3495
-0.34765
1.57396
-0.2769
-0.75765
0.4697
-0.31288
1.17575
0.5927
-0.8346
0.0968
0.48135
-1.4822
-5.1941
1.0299
1.33854
-1.6599
-3.36097
1.10813
-0.923
-1.2876
5.36933
-0.5085
-3.0516
0.6753
-1.2378
1.0997
2.41672
-1.1581
-0.0603
-1.65
0.976
-0.6939
-0.96312
0.1373
2.2853
-0.67051
1.3112
-0.0222
-0.49137
1.9147
1.7076
-0.46828
1.71508
-4.1445
-2.6558
-9.49596
-1.54901
0.12378
1.1373
-2.89066
-1.2992
-1.3191
-0.4088
1.41777
-4.7978
-0.61021
0.3145
-0.0424
-1.2303
1.3633
-0.6622
-0.9064
1.6556
3.34453
-2.6369
1.3197
0.17891
-0.7105
-0.2298
-1.56646
-0.76137
-0.1355
0.0554
0.67132
0.83175
2.3867
2.46156
1.22269
-5.36071
-0.76379
0.3871
-0.39306
1.9229
-3.03973
-0.37602
-3.747
-0.7577
0.37486
1.7032
1.5558
-2.6168
-0.4096
-0.8362
1.05913
0.71101
-2.7048
-1.7637
0.75189
5.56017
-4.8259
-1.58392
-1.09221
7.0843
-1.83218
-10.1146
1.19045
-3.1616
2.0686
-1.594
3.0746
3.7269
0.1812
-0.8696
-0.4819
1.5198
-0.245885
0.06688
-5.3627
5.0023
-4.0167
0.89757
0.2903
3.112764
-0.07377
-11.21707
-2.40279
-0.22333
3.3681
-0.66921
2.5157
-1.8219
3.7903
0.04457
0.343
0.619181
NA
-0.2249
-0.9899
1.82351
0.48877
-1.23907
-0.7666
-1.0146
2.06403
-0.0369
0.12337
-1.96
1.3656
-21.06843
3.67
-1.99
2.2
0.8551
-1.8547
-0.44373
-1.40874
-0.3765
-7.2676
0.9508
-2.8685
-2.35596
-0.5006
1.183109
0.1181
0.953
-1.234
2.08956
-0.0236
23.0544
-0.26852
1.83
-2.05
-1.33
-0.52278
0.6026
0.6154
2.517
0.4223
-1.0771
1.20154
5.0285
-0.89
0.9234
-0.677
3.1182
-0.286
-0.5048
1.2242
-2.5547
5.2131
0.5543
-0.0271
-3.37503
-0.71221
2.87116
0.5736
-1.0253
-0.980153
1.98405
-1.26779
3.2983
-1.9959
-2.2284
-3.037
-0.750166
-0.956
-0.6304
-0.78188
0.791
-3.281862
0.27092
-9.7123
2.517
-1.0103
0.5234
-0.0286
0.4418
0.8633
0.7343
2.6578
8.6332
-2.1711
-1.29325
0.5982
-4.9779
0.6789
0.08409
1.53
-3.3458
0.6113
5.7992
-2.2324
-0.3498
2.4132
-7.8241
1.6585
1.1898
-1.6292
-2.786184
0.285
-0.816
-1.39567
1.28
-3.71791
-3.3645
-4.2783
-1.4251
-4.2648
-1.173866
0.425159
-4.6878
-0.67772
-1.562463
0.958
0.0393
2.4119
-0.9224
2.5612
-2.5781
-1.5043
-4.3791
-1.25597
1.41404
-2.1169
1.8676
-0.3398
-1.2143
-1.5722
1.2828
-0.64737
0.037953
3.1649
0.4835
-0.2523
1.0417
0.8588
0.4779
2.6313
-2.06301
-0.5888
0.02731
0.4592
0.87488
-7.7008
1.13866
-1.28998
1.3561
2.2558
2.2024
-1.8177
0.58956
-0.83
1.682097
0.2143
-1.8654
2.4085
0.81121
0.9586
0.51374
3.1103
NA
-1.51662
2.32702
0.03846
1.4642
-0.54015
4.7075
0.582535
-1.6167
-3.64784
-1.35306
1.48723
-2.56768
0.31341
0.6497
-0.8346
-0.22112
-1.0229
-3.17682
1.252
-1.88
-2.2594
5.0317
2.7149
2.18097
0.18534
1.16209
-0.6672
1.06091
-3.7928
-2.95537
-0.8702
-0.0471
-4.3162
3.0435
0.98208
-0.7361
0.4614
2.10641
-2.2611
-0.8097
-0.41612
0.59094
2.563719
-0.033
0.0295
-2.1164
-0.97526
-0.44261
0.9178
-2.07853
2.65609
7.71624
-4.2024
-2.6977
-0.68698
2.4776
-0.9891
-0.2436
2.7566
1.992085
5.5689
0.11443
0.9237
2.6095
-3.20581
1.11485
-0.71774
-0.20418
3.8984
2.5763
0.3987
-0.9102
-0.2376
-1.6185
-0.5027
-4.0889
0.4316
0.878
1.4229
-0.77729
-0.5659
-4.7268
1.481646
-0.94002
-3.248
-1.3713
-1.45591
0.33435
1.22273
-1.1684
1.6175
-3.78601
-1.96067
-3.23041
1.06375
-3.03309
-3.0289
-2.3457
-2.60836
-1.7434
4.0068
-1.76309
-0.93517
1.59017
-3.60266
0.5517
3.6694
-0.39398
2.8714
2.88372
-5.0938
0.268
-1.6947
1.2979
1.74506
-0.7113
-0.34881
-1.3382
3.4501
0.7078
1.4582
-0.12089
-0.0992
-8.89904
1.36865
-0.38638
-1.26577
0.3681
3.6205
-0.08184
-2.88
-0.727
-2.6682
0.03458
0.21603
0.30192
-1.64758
0.68505
-0.06723
-0.966
-2.86199
-2.95307
1.0316
0.9005
-1.6786
2.002
0.576
-4.663
-2.0804
1.0796
-0.33609
-0.97
-1.4519
-0.95962
2.03598
3.54309
0.63765
-0.83067
1.35224
1.00775
0.4088
-2.7757
0.874
0.9076
-1.337
-1.0525
4.3282
3.2985
2.5929
-1.4418
-0.3352
-0.18116
0.34719
0.282869
2.7707
-1.56174
3.2847
0.2255
-0.66488
2.1569
0.13725
-0.74502
2.30565
-1.28333
3.2796
1.4863
1.14607
-1.89852
0.1947
NA
2.24245
4.132
-0.82895
0.96597
-0.717
-9.13051
0.2332
0.66398
0.4689
0.1973
-1.58813
-3.6175
3.8186
-1.3491
3.6175
-4.3931
2.1595
0.3786
0.3194
-0.4947
-2.7348
-0.9467
-1.2443
4.9785
6.34
-0.4122
3.9432
-0.3204
0.0542
0.1811
5.7195
5.7801
1.1925
7.4571
1.0894
5.2889
-0.0624
-2.7496
0.1137
0.5072
-2.3394
-0.9879
1.3004
0.5122
-0.1394
2.421
-0.6924
1.6728
0.0197
0.4931
6.2578
-0.868
0.6256
1.0964
-4.932
2.1562
0.7731
0.9846
-1.4295
1.4387
-1.5006
-2.8923
2.0281
-1.3392
2.0774
0.707
0.9243
2.7189
5.5313
-5.0265
-0.243
-3.2125
3.6899
2.9644
4.4813
0.2657
-2.5134
-3.351
-0.7932
-0.299
-3.6204
0.5989
-1.7957
-3.1441
-1.2327
-3.2386
-1.3257
-5.1734
-0.9068
-2.6021
7.1535
-3.6879
-6.1354
2.805
0.9268
-3.0652
-1.7948
1.44763
-3.24074
0.36
7.14205
0.9473
-0.019
0.141
-0.10561
2.44134
2.8002
0.72045
0.70056
0.45384
0.5634
1.4208
2.88896
-0.02471
0.3054
-0.00876
0.001
-1.12278
-1.21093
1.58247
3.16296
0.42743
0.18615
0.3642
-0.062
0.08711
5.39284
-1.4071
-2.7032
0.8582
1.6219
-0.59461
-1.38297
-3.02738
-0.2394
1.5972
0.7115
2.1141
2.0719
3.876
1.2173
3.6269
0.90607
3.58158
-0.39406
1.1043
0.3332
-0.41927
-1.91368
4.3493
-0.98278
1.70621
-0.99664
-1.36234
-9.71066
-0.32615
5.08367
-5.22407
-5.82585
-1.5007
8.46238
-0.56456
-0.72028
-0.07297
-1.3116
1.541
0.74767
-0.15381
1.8169
0.01605
2.0427
1.9317
-0.8462
0.7163
-0.1681
0.2057
-0.7419
1.1868
-1.4479
2.0416
1.4469
-0.82915
-1.9195
-0.4559
-0.18724
-2.06459
0.3805
0.8104
-5.75326
0.85834
3.8266
1.18224
-3.06121
-0.79613
-0.69445
2.03893
1.38052
-0.3871
0.036
0.30018
-0.20654
2.769
1.35299
-1.13347
0.62349
-0.8029
-0.44403
-1.20922
-1.64429
-0.4059
-0.40468
-1.1557
-2.10401
-2.0161
1.20021
0.58615
2.8493
-1.2563
0.08516
0.67413
2.36194
0.96455
-3.30597
1.9962
-0.3952
2.5973
1.5603
1.76996
2.52259
0.82092
0.8901
0.31921
-0.94633
-0.01929
-0.31352
-0.33275
0.98713
0.12359
-0.16117
0.95599
-4.56632
-1.7942
0.18574
-0.6822
1.91442
0.69698
1.01
-9.88
-1.62
1.55
0.805
-1.65
0.867
-3.95
-0.998
-5.07
2.09
-1.38
-0.479
1.02
-1.319
0.2776
0.7041
-1.9291
0.8295
0.3363
1.7219
3.5355
-0.0475
-1.427
-0.2649
7.2756
3.9973
4.5071
-0.2477
-2.9816
0.3016
1.8018
1.122
-0.579
0.5801
-1.1325
-1.5452
-1.3817
0.8455
0.2654
-2.2582
-2.0537
0.5432
0.1759
-0.00599
-1.5186
-0.4715
0.4799
-0.5355
-0.3762
2.9522
1.1625
0.6005
0.9885
-4.8937
1.2982
-1.3178
6.1078
-7.6903
3.2372
-3.2986
4.0328
-0.4397
-1.8496
-1.0631
-2.733
-0.0759
-0.59
-4.4635
-1.467
-0.2103
3.2749
-0.3129
-2.6757
-1.0288
-0.6821
-1.4107
-2.732
2.1385
-0.463
-1.8085
-5.5009
0.5409
-0.6457
0.3477
4.5925
2.1739
-2.3586
0.832
1.4498
-9.1641
1.7558
-0.9556
1.3827
-0.527
-3.3342
2.0048
-3.3894
-0.3928
-0.6193
1.7726
-2.1226
-5.3779
-0.8561
0.4449
-1.4639
-5.4634
-1.4042
-6.5411
0.5498
0.0589
-0.1544
7.4849
0.51327
1.71368
-1.01597
-1.43003
0.74258
-0.0817
1.4293
-5.70343
0.49089
-3.4194
-0.33763
-0.31981
-1.457
-1.16301
-4.58066
-3.3761
-2.10242
1.3058
-0.37413
-0.06863
-0.2819
-2.45296
3.25391
-0.1967
0.4991
1.66111
-1.60131
-1.5667
-1.48067
0.37789
-0.5012
-0.69537
0.88304
2.32455
2.71632
-1.8613
-1.74258
3.22433
0.8533
2.05439
0.36237
-2.49181
1.38142
-0.3184
-1.8111
-2.24174
1.70134
-0.6807
-0.49904
0.07606
-0.45137
2.57748
-0.31807
2.32636
-0.44978
-0.9023
-0.9299
0.38869
0.3758
-0.46244
-1.44787
-1.09823
-3.54759
-2.09774
0.1965
-0.148
0.0441
-1.40959
-2.1625
5.2048
1.25259
3.4388
1.01092
-1.68354
2.7314
0.90284
-0.52297
0.156
0.72947
1.34004
2.457
1.9463
0.93582
1.41757
-1.30985
-1.7154
-1.69802
-1.0029
0.55161
0.96646
-1.18899
0.50562
-0.68421
-1.79902
-2.53413
0.46371
0.5381
-0.52934
-2.06766
-4.42027
0.3016
-0.60593
0.59411
-0.2459
0.8753
3.85017
3.62892
-3.7125
2.0343
4.3114
-0.2747
12.0933
-3.0084
2.9567
-0.0979
-0.997
1.7969
2.2432
0.23
-0.3089
-3.371
-0.5981
-1.0219
7.7872
0.3503
1.9221
1.5031
2.2327
-2.0472
0.9956
-2.0494
-8.7295
-4.0588
3.5907
4.114
-3.7695
-4.1415
-1.0345
3.084
-0.3593
1.0903
2.2912
-1.5837
-1.2927
0.7693
1.9761
-0.2551
-0.6814
-4.2422
-0.6422
-4.0507
0.9291
-0.0865
0.8985
-0.3301
-1.7746
0.2241
0.06873
3.15366
0.3061
-1.8192
-0.82138
4.76785
1.75078
-1.1816
-0.99781
11.6676
4.5132
2.2082
-0.28828
0.05395
2.56206
-0.99918
-0.42336
1.21043
-7.7768
-0.45263
-2.60867
0.7586
2.5241
0.692
-0.4082
-0.6272
-0.2595
-1.1781
0.5822
2.6729
1.5837
0.5717
-0.4093
1.9123
-1.8401
1.6039
-0.3708
-0.6266
1.5883
-1.1411
-2.0286
-0.4695
0.5598
-1.165
3.425
6.5338
1.5524
-4.2789
-0.0481
1.9513
2.1624
1.7015
6.1315
-0.1267
2.2421
1.6472
1.909
2.2203
-0.5064
-2.26879
0.59809
3.4733
-0.6595
-2.16134
-0.79656
-4.9886
2.62202
0.71645
0.58507
0.93552
1.8733
-0.2435
1.0974
12.46582
-18.2621
-1.0352
0.71066
-0.18233
0.87735
-2.37995
-0.49824
0.8316
0.4101
0.61845
1.1436
-0.67901
2.84123
-1.42102
-1.05247
-0.13047
-0.5928
-1.97423
0.1402
-1.9231
-1.31663
0.25808
-6.0064
1.98219
1.65123
0.90479
NA
0.79603
0.3752
0.01283
1.3094
3.12524
1.82084
-1.57116
NA
-0.1305
-3.4112
0.41867
-0.20536
1.20877
-0.38413
-1.1576
0.31525
0.48102
-0.70634
0.20453
1.70176
6.07531
-0.0159
-1.69543
-0.8857
NA
NA
-0.33036
-0.4215
NA
NA
-3.30598
8.76663
NA
4.29503
-1.76286
0.55855
1.05982
2.5338
-0.68263
1.0937
NA
-3.18637
0.73106
NA
-1.36587
NA
2.0485
1.40171
3.1011
-0.0998
0.23
-0.4879
-4.3623
0.5948
-3.354
3.4013
4.1266
0.7763
0.2999
-3.1118
2.973
-4.4654
0.2853
2.2738
-1.7334
1.4113
0.1453
-2.2718
-0.8292
-0.7256
-0.5494
0.0417
1.6992
3.1237
1.2296
-1.0274
-1.2413
0.6501
0.9064
-1.477
0.6475
-2.3386
-0.6375
0.7787
-2.5927
0.3095
-2.3444
-1.5559
0.8861
5.0221
0.9667
-0.3782
0.0437
-1.7613
0.778
4.7422
-1.4496
3.0371
0.1413
-1.6061
4.2582
-4.3191
-1.2768
-2.0512
-0.6233
-2.5852
-1.9151
0.7754
2.8124
-5.815
-0.0744
0.5978
-0.1364
0.6236
-2.9866
-1.8406
0.3938
-0.8936
-3.7459
2.5766
0.9818
-2.646304
0.329749
-0.678398
1.5888
-0.938705
2.581169
-0.926347
-0.142127
-2.97572
0.692887
-1.771066
-1.0373
0.000763
-3.5622
-1.170774
-0.0144
-3.331994
2.966452
-0.855787
-0.532685
0.6774
-0.261208
0.21
0.805835
-0.485052
-0.659645
0.59108
3.955741
2.1322
-2.048704
2.2503
0.6637
-1.580432
-2.5652
1.1385
1.706691
-0.8131
1.088407
2.0289
1.9313
1.762166
-0.36
-0.147623
-2.2094
-1.506703
-0.960929
1.3617
2.90679
-0.626356
0.9018
-0.7905
-0.772491
-3.12383
1.68606
-3.695902
-0.8898
-3.901527
-0.7937
-0.469818
2.9605
-2.5812
0.418714
-1.367
-1.1527
0.91536
0.47875
-0.534
-2.55125
0.22683
-0.8169
0.97821
3.7288
-0.41739
-0.9746
-1.3538
-4.06143
-0.52741
0.33906
1.63737
-1.1364
-0.59729
-1.75568
1.2182
0.4502
2.0338
-3.57322
-0.9435
0.4242
-0.559
0.33583
-2.51891
-1.46274
-0.2622
1.30157
-0.05179
-1.66456
0.4145
-0.08744
-0.27642
0.34603
3.8203
2.03789
-1.47337
0.1787
0.32485
3.5049
3.5569
-0.73213
-0.7008
-0.14952
-0.3359
1.51586
0.5708
-1.80618
-0.0884
-0.0108
-1.2649
0.72356
-3.68762
-3.0163
-3.6193
3.9314
0.31669
-2.5338
-1.86296
1.19752
-0.0543
5.6637
9.7774
-1.18484
0.62407
0.13787
0.8534
-1.12578
-1.97688
-1.5544
-1.47215
0.4377
2.19821
2.222
-3.21917
-0.575
0.1162
-0.714
0.2425
-1.6355
1.3485
0.1607
-1.88924
-0.53843
1.6677
-0.67208
-0.9094
2.2785
-0.66407
0.10923
1.30368
-0.72311
8.59376
0.34112
0.1346
-1.54487
-2.04328
-0.7663
-1.5263
1.3889
-0.10434
2.73948
-0.26611
-1.2307
1.89149
1.25159
0.2416
-1.8432
0.3531
2.05214
2.2194
0.074511
-1.250547
0.4466
0.6676
-3.0341
4.425
1.5739
-0.56431
-2.254
-1.43066
1.5669
-4.20379
-1.70326
4.5038
4.0259
3.8766
2.02263
1.96088
-5.1197
2.64441
-2.07867
1.75025
-1.6777
0.92843
-1.4908
-3.33355
4.4473
1.9563
0.9387
-2.733007
0.325283
0.95521
2.4719
2.757705
-0.8901
-0.894797
1.56967
-1.01697
0.80807
0.9701
1.51435
-3.7466
1.17401
-3.08119
8.2749
-1.1512
-1.4552
4.5307
-1.2721
-5.6359
-1.936
-1.5873
2.40351
1.29859
-0.4592
-0.02884
5.11424
-0.3473
2.43428
2.04442
-0.9142
-2.1709
-1.4161
0.9252
-0.2295
-0.0437
0.74821
-0.29445
2.194
0.6528
2.0715
-1.7409
11.9935
-0.7963
-0.5097
-0.10303
0.50935
-2.2792
-1.882
5.4227
-0.279
-1.4099
0.79
0.2795
1.1266
0.82807
0.7816
-0.04981
-1.2981
1.6316
-1.61711
-0.2108
-1.73683
0.7482
9.3614
-5.91385
1.03535
3.77449
-2.502748
-0.98403
0.4161
-4.63577
-0.51353
-1.98506
-0.7293
-1.85198
-0.4792
4.6277
2.05896
0.87447
2.58095
-1.1498
1.17671
-1.29709
-1.59052
-0.26313
1.4321
-1.11319
2.01006
-0.43217
1.38638
0.2863
0.76681
0.28593
-1.86433
-1.19191
0.37792
2.66516
-3.15566
1.8991
1.96247
1.3229
-6.3319
-0.0786
0.31928
2.3061
0.83213
1.9062
-1.4268
-3.2175
-0.5713
-3.33159
0.37797
-0.8758
-0.56642
-1.8233
0.7887
-1.1087
-1.0571
1.6842
1.4121
-1.19916
-1.89718
1.9505
1.18883
1.47181
0.72215
-0.0065
-5.2592
-1.34459
2.6166
1.6213
0.44695
1.5125
2.6976
-0.724128
-2.517
0.8925
-0.90531
1.95658
-0.87628
2.5465
1.0595
-1.13422
-0.7139
0.47924
-1.5713
-3.6203
0.33561
-1.37312
-0.05642
-11.03318
1.14432
-1.1472
-0.3563
0.049
1.122
-2.084239
1.770529
0.10341
-2.1515
3.0272
NA
-0.31792
NA
NA
-1.2521
NA
4.2701
-0.70075
NA
2.18485
NA
-0.30959
0.18467
-7.394
-0.37906
0.23125
1.4106
-0.63196
-0.28979
-2.29161
-1.18641
1.0906
2.46388
-1.8696
0.127963
0.6746
-0.8719
3.284
-0.6399
0.31377
-0.93721
-0.00789
0.30683
-0.7686
0.3277
-0.874
1.2574
-1.4214
-0.2608
-0.126
-0.4278
-0.2474
-3.0119
1.7037
-0.9032
0.148817
2.300084
1.086979
1.532556
0.7155
2.788886
-1.2323
1.2446
-1.4077
11.0901
1.6071
1.45464
2.4482
0.41651
-2.57033
-1.217
3.47672
-2.46173
-0.59721
2.2297
-0.113
-0.88957
-3.04338
1.18063
3.655
-1.05031
-0.00216
-4.3
-0.02391
-2.8252
0.221
-2.0596
6.9698
-0.2594
-0.1512
-1.4199
0.9092
-0.603
1.4673
0.4331
-4.3774
-2.8668
-3.3092
-3.3083
-3.2514
-2.5977
0.5642
5.0013
-2.6043
3.2222
0.02186
-2.13647
0.8345
-4.33834
-0.66323
1.2731
-6.5911
-1.37242
-0.2031
-0.2031
-0.7195
-1.48102
-3.42516
0.66445
-0.80086
0.6521
-1.2475
0.7978
3.1563
1.24017
0.93419
-1.1158
2.27762
0.78374
-0.73862
-2.4475
0.2337
-3.8725
-1.00868
-2.10961
0.58643
-3.1995
-2.2613
-4.1066
-5.8805
1.80754
-0.54389
1.8358
-3.8154
1.22179
0.00482
0.68962
-0.45112
2.94863
0.46648
-1.32244
1.8957
0.3215
-0.5605
1.6709
-6.4584
2.4091
2.8735
-2.0478
0.6944
-0.7396
1.4151
1.1588
-1.34
1.1765
-0.40203
1.2967
-0.53139
0.23586
0.18536
-0.721685
3.6323
-0.378264
-0.132827
-1.7786
0.6576
0.8808
2.72
0.301
-0.451
-1.43
0.116
1.02
0.788
1.18
-1.23
0.635
-0.27
3.8371
2.0766
-0.35741
1.2467
-1.8772
-0.7136
0.44225
-3.302
-3.3704
-1.0349
-2.3183
1.1361
0.06799
4.1409
-4.4883
-3.2773
-2.9793
0.8101
0.3402
2.8405
-0.1099
-1.5698
-0.6187
0.75856
1.5396
0.0422
-1.20216
-0.4784
0.2428
-2.0633
1.2409
-0.67101
0.9789
-1.5493
-1.96866
0.8378
3.2425
-1.1355
-2.391
-0.9471
-2.27317
-2.1285
-0.1432
2.1077
-2.3887
1.824
-2.4995
-2.4775
2.0937
2.5152
-2.47704
1.05856
-0.00103
0.2545
0.136468
0.4127
-0.082
13.6464
4.7312
-0.3621
0.8345
0.0803
-0.16687
1.2968
-0.3128
-0.1282
0.9101
2.10345
2.33339
3.43145
-0.00242
-1.7485
-2.82434
0.8797
1.84077
-1.1984
0.82323
-0.92734
1.47014
-2.6922
1.04266
0.2424
1.8421
-2.9358
2.25932
-5.2838
-0.39809
-1.1963
-6.96589
1.1818
-0.5054
-7.6652
4.67105
-0.75929
2.397
-2.5139
-1.82627
-2.4488
6.3041
0.6556
1.903
1.6738
-1.1676
0.8146
0.09887
0.7508
-2.5673
-0.65577
-3.70629
-0.9952
0.7905
-0.0543
-2.697
2.9903
0.22419
-1.8326
-0.02559
-1.9194
-3.3549
0.536
-1.77
-3.4334
0.0553
0.2677
-1.7425
-0.2418
0.0519
0.175
1.4414
0.60972
3.3807
-0.2893
7.61757
1.8045
-1.4568
-0.5129
-0.6883
0.276
0.067321
6.406015
4.6359
3.4864
0.4237
-1.1622
-3.5678
7.22394
0.2189
-2.56635
0.7011
2.1613
0.4941
-1.5117
1.7152
1.4853
2.0585
-1.28755
1.351
1.297
-4.32721
-4.0446
-0.00138
1.77
-0.4092
-0.3615
-0.13188
-3.91458
0.9505
0.21485
8.7891
-1.5693
1.3337
-1.52445
-1.9342
-1.13965
-0.5222
-2.95523
1.1998
-1.40095
3.08156
8.7495
-0.8663
0.683
0.23302
-0.69399
0.13518
1.7473
-1.96033
-0.5158
-2.0903
-1.0214
0.8112
-0.4813
4.5754
0.4115
-0.6046
0.6814
1.7981
-0.2664
0.1705
-1.90134
2.6244
-0.44471
1.05815
-6.52883
-0.9628
0.2117
1.0249
0.8935
-1.9593
1.9845
-1.6643
-1.87053
-1.1709
1.011
-1.5054
0.5961
-0.1758
0.1581
-0.0803
1.64
-0.824
4.17123
6.43288
0.91449
0.09613
-1.98602
-0.1179
0.4211
2.01705
0.24239
-0.4382
1.44131
1.1104
0.7843
0.49057
1.218631
-0.5258
-1.1584
1.6447
-1.6011
6.0789
-0.48527
-0.31796
-2.1541
0.6289
-0.3772
-2.28373
-12.1045
-1.6206
0.202
-6.8814
1.06509
-1.44582
-0.7618
0.236
-0.1312
0.7352
-1.1376
-2.0522
2.3648
-2.6579
1.00825
-3.2221
-1.4802
-0.2599
0.1702
0.6672
1.0057
-0.2632
-1.81038
1.2448
0.74053
-3.0155
-0.72557
2.7378
-3.33755
1.29323
-0.75934
0.18673
0.44726
-1.99587
-0.3853
-1.2741
-0.8258
0.6062
-1.73787
0.84171
-1.2772
0.58473
-0.70654
2.50148
-1.73291
2.19103
-1.13214
2.1335
1.97931
6.29431
-2.1333
1.27178
-1.64913
3.19875
-0.5674
-0.594244
0.9982
-2.33007
0.6116
-0.2696
3.0751
-1.16236
0.9193
0.61144
1.3892
0.56374
1.22881
1.0956
0.7975
-0.52675
2.1248
-3.815541
-4.9327
-8.4206
5.245132
1.093
1.832603
1.34978
0.689
-1.233527
0.875108
-1.333878
2.22938
1.48238
1.04305
-1.66488
3.0331
3.0441
0.5706
0.00212
-0.59173
0.84093
-2.7629
-0.47143
-4.69114
0.3523
0.11218
1.3699
-1.10012
1.24657
-1.71076
-0.30757
1.5424
2.0656
-0.21163
1.92795
-2.13757
0.2243
4.65
-0.371
0.481
1.1225
2.2915
0.728
-0.2927
-0.91092
-1.02847
3.977556
2.824477
2.517714
-0.101494
-0.579597
-1.34566
0.4306
-1.645417
1.343755
-0.51486
-0.88758
3.2653
-3.35572
2.2687
1.7798
-0.99883
0.74633
-0.6614
-3.3447
0.198
0.81179
-0.58336
3.40848
1.25951
-1.15157
-0.66343
-4.4542
-2.45466
2.8613
-0.8515
0.9929
0.0283
0.7405
-1.4721
0.17403
-0.30576
3.86058
-1.20703
0.29432
0.38962
-1.80924
-0.9424
-1.1102
0.8295
2.3928
-0.0863
-1.5724
0.8387
0.0078
NA
NA
NA
NA
-0.535
NA
2.7113
-0.72543
-4.7825
1.5303
1.7644
1.2772
1.9842
0.7021
-1.4649
-1.5983
-0.54154
-2.0554
1.141
0.7985
-2.1032
0.1042
-0.3003
1.99
-1.3
-0.737
0.376
0.656
0.0864
3.23
-0.604
-0.53
0.479
-5.76
-4.5065
-2.15195
0.0464
0.83574
0.90714
-6.99071
-3.73545
-0.191882
0.376815
-3.949855
-0.070734
1.6393
1.335455
-0.4643
-1.514843
-0.533347
0.266
-0.433315
5.91781
-4.08742
0.6908
-1.18702
-0.23789
6.0975
-0.98004
0.2001
0.0037
0.93079
-0.3437
-2.94087
-2.9044
-0.823
-1.172193
-0.750375
2.280001
0.823575
0.102911
-0.79873
0.2379
0.539
0.508482
2.185461
1.8282
0.4504
-3.06
0.278
0.62722
0.6668
-3.8871
-0.9565
2.332
0.9146
0.0299
0.0311
0.29905
0.0755
-4.09989
-4.18729
4.11402
-0.22866
-3.04904
1.61127
-0.86755
-0.66204
-4.4327
-4.2239
1.1493
-1.5039
-1.6002
-1.09725
-0.4052
-1.0744
-1.0447
-1.098
5.9253
-0.67525
1.03511
1.9973
-0.21639
-4.8351
-0.5549
-2.8531
-1.22694
-0.865
-2.20632
-2.544
-3.7815
-1.2303
0.0364
2.0611
-1.0392
-1.5093
1.70923
-1.37493
-0.43305
-2.08323
-1.23813
0.1627
0.05445
0.32057
1.375
4.11484
0.5603
3.83367
-3.44494
-1.1651
-0.511
-4.8744
2.01731
2.7933
0.18933
-1.38167
-0.6191
-0.49464
1.34776
-0.8586
-0.29046
-1.83161
-0.9968
-0.95716
-0.65747
-4.4462
-0.953
0.267
0.627
-2.81
2.33
-1.44
-3.05
1.19
-3.51
0.422
-4.23
NA
1.14
-0.48
2.88
8.4
10.5
-0.481
-3.04
0.0588
2.37
3.1
1.54
0.938
-0.962
-0.01238
-0.35701
1.26324
1.08183
-1.34969
-1.54263
-0.59447
0.839
-1.7667
2.2694
-0.56978
0.6827
-2.74407
-0.97844
-0.33353
0.09443
-1.29955
-3.51877
2.07944
-0.0365
0.0173
5.7501
2.04134
1.8246
-1.7602
0.8297
-1.9062
-2.2829
-5.4291
5.8241
0.0533
-0.1152
-1.6877
-0.7329
-0.347
-1.8154
2.071
-2.0914
-1.1658
-2.037
-3.1979
1.2067
-0.6647
0.2871
0.0993
2.4342
1.969
0.5508
2.4252
5.0049
1.218
-1.0634
-2.8743
1.2445
-0.9448
-1.5981
6.1129
1.0244
3.3286
1.0568
-0.5736
-0.6304
-0.1699
-0.85375
-0.0488
0.6109
-2.3487
-0.2145
-0.2738
6.3386
-7.5228
1.1835
0.3181
-0.17471
2.0528
2.60713
1.5454
1.76522
-0.018
-1.3999
-0.498
0.7769
-2.9826
1.5121
-3.386
2.1858
-0.5442
-1.1025
0.50093
-0.89119
2.0189
10.87632
9.81799
-0.24238
0.557
0.00136
0.05198
-0.50112
0.7024
-0.4208
-1.17188
-0.8814
0.2554
-0.31582
1.0432
2.16499
-5.07703
0.4729
1.6316
-0.05743
-0.11028
0.51916
0.18142
1.1294
0.3729
-1.63322
1.80398
1.58673
1.58883
1.304
-0.7451
1.0269
-0.30173
-3.5407
-0.1044
-0.30116
-0.4647
3.31712
0.4255
-2.0195
0.77362
1.43707
-0.57706
1.11262
-1.1951
-7.52315
-17.12706
-0.1466
-0.65211
12.51909
-17.94366
8.93339
-13.4436
-0.9959
-3.33279
0.6546
2.969
17.1546
17.1799
2.43219
0.64123
1.56983
0.97691
2.95616
1.38568
1.36892
-4.33446
0.06404
-0.0543
-3.1545
0.60829
-0.75337
0.9329
-0.8644
1.36958
0.91521
-6.40721
4.78521
1.2773
1.07968
0.0881
0.379
-6.29199
2.600034
-2.342014
1.619924
-0.0553
-1.729848
2.154495
1.314241
4.9321
-1.269496
3.8434
1.234899
0.2265
2.228977
0.209588
0.8515
0.3322
1.324327
0.7527
-0.918866
1.962725
0.236157
-2.5803
1.042434
1.3947
0.77135
0.756153
-0.0768
-3.714672
1.238135
-0.02331
2.6325
-1.5431
2.004389
7.1567
0.470843
1.6014
-0.06757
-1.4905
-5.2078
4.273
0.708512
-0.1427
-2.3303
6.7302
0.0396
-1.9957
-3.1831
-0.5548
-2.559
-1.3024
-0.1941
-1.4059
1.275
1.6792
0.0535
1.7472
-0.5102
0.7646
1.3375
2.086
0.5529
0.8976
1.1874
0.4914
-3.4463
-1.8824
-0.5529
4.6725
4.4432
-3.8294
0.477
-1.7567
-0.83981
-1.1962
-0.23728
2.4348
0.35503
-0.98598
-0.43037
-7.26079
0.53782
-0.4335
-0.2965
-2.37034
0.9811
2.66875
0.8729
0.6332
-2.19344
-2.6829
-3.00013
0.404
-0.1376
0.9953
-2.9811
0.8641
-2.3679
-1.1738
-0.6668
-0.7114
4.1789
-0.0944
1.7507
NA
0.14719
1.23266
0.68631
3.3924
2.3652
1.5269
-0.8419
1.1573
2.40791
NA
-0.83346
0.16009
0.338
2.769516
-2.7718
-0.4743
0.34301
0.9336
0.47482
2.45111
1.60827
-0.16481
-1.24338
-2.72641
-0.16569
1.94385
1.0476
0.76244
1.44593
0.5929
0.89716
-0.58719
-0.49822
4.75468
-1.7543
-1.91581
-2.32993
-0.30597
2.83627
NA
-1.19592
-2.98758
-1.34331
0.94277
1.18302
1.6993
-1.2429
-1.0366
-3.5538
-0.562
-1.2796
-0.5123
-0.7531
0.9704
-0.0337
2.7105
-0.3329
0.9634
2.0963
0.1526
3.8706
0.9343
1.146
0.42535
0.18664
0.58996
-0.79894
-0.1061
1.2895
1.04523
-1.08131
-4.09095
0.2504
0.8539
0.73617
-2.24061
-2.1425
-0.3119
2.62577
-2.01139
0.50951
1.7496
-0.7614
0.2674
-0.33
0.47203
-0.4885
0.70518
-3.57218
2.03126
1.55491
1.6871
2.54223
-1.0165
1.66424
0.061
0.40765
0.5323
1.0178
-0.11574
-0.37947
1.51723
1.4536
2.06482
1.8606
0.2187
-1.1404
2.6556
-0.7953
0.3106
-1.139
2.2511
4.7844
0.2939
-1.1844
2.6627
-0.3882
0.3035
1.2929
1.646
0.3323
-2.4447
1.0606
0.2387
0.56453
-2.975
-4.0414
-1.0174
-2.975
-0.6782
0.48343
1.724
-0.2142
-0.3703
2.2078
-1.42669
4.70339
-2.83674
-0.32738
-0.95334
-2.8065
-2.5106
-1.4073
1.73835
9.1786
-2.96923
-0.05029
-4.53884
-0.7106
2.8013
-2.4091
0.8833
0.6334
0.48841
0.7209
-2.1263
-1.0893
-0.1575
0.4562
-3.8415
-0.578754
-0.0809
1.4791
3.4013
2.26642
0.013805
-0.8826
-2.42558
0.90749
-2.0565
-0.0448
0.60978
-1.11936
-6.8475
-5.2332
5.005
3.82919
0.28159
-0.7312
-3.8787
-4.28317
-1.08349
0.3399
0.5666
0.1144
0.81854
0.29337
0.7723
1.20096
0.6598
-2.19
-0.53793
-1.35105
0.59891
0.0081
1.453928
0.3804
-0.645753
-1.791258
-0.98232
-0.1988
-0.7223
-1.18689
-0.87882
-1.18206
0.29223
-3.336
-3.7955
-0.96729
1.2823
2.9562
2.841741
0.07832
1.546008
2.4797
2.363804
2.5703
4.9209
1.601412
-3.284098
1.21367
-4.3843
-0.0846
-1.3437
1.322
0.9072
-0.9795
1.8213
1.8288
1.09586
-0.0885
1.87789
-1.09685
-0.8167
0.5421
-0.8924
-0.3949
-0.64652
-3.2903
0.642296
1.9884
-1.1478
0.1625
-2.99144
-0.635
-3.7481
0.9001
1.22516
-1.6044
2.39773
-0.6157
-0.64221
-0.30334
-1.939
-0.95734
8.365859
0.16368
-1.267
-2.160537
-3.2535
1.392354
0.084
3.10126
3.0236
1.712
0.07351
0.888454
2.04837
2.1411
1.5933
-1.64548
0.40535
1.11934
-1.0406
-0.1947
0.0894
-0.60187
0.6295
-0.8834
0.1252
0.20079
1.6935
-0.9053
2.0227
3.1166
-0.97766
-0.5507
1.2156
0.31745
-1.13801
0.5805
0.8503
1.1538
0.3946
5.4137
1.50395
-1.3246
-3.006601
-1.23677
-0.57906
-4.8021
4.5899
0.06583
-0.89863
-1.9848
-0.39653
3.6258
-2.072
0.8451
-0.2059
2.8237
0.1125
-1.9222
0.3426
-0.01043
-1.1717
-2.75409
-0.50589
1.7197
2.2708
0.37632
-6.91547
-3.2594
1.21758
1.736078
-3.8273
-1.5877
-0.33021
0.2489
-0.5175
-0.13565
4.308
-1.081169
1.3178
-0.1338
0.15585
1.8403
0.05491
-2.1131
1.82719
-1.75673
1.2966
2.87519
-0.0175
0.0602
2.0654
0.4163
-1.76753
2.4755
0.85013
-2.0659
-2.86
-0.3151
-0.8706
1.92855
5.09391
0.72192
1.787
-0.6716
1.846
1.7498
-1.19529
-1.1674
3.8741
1.0063
-3.2044
0.7608
0.8372
-0.36192
-0.3733
-7.34405
3.69365
2.54677
1.2803
0.774
2.8283
0.0967
-6.383
-0.3598
-11.3752
-1.5209
1.469
0.7193
-1.9246
4.0574
-0.9309
0.86002
-2.05376
-2.9464
1.6882
2.27904
0.6461
0.4728
0.5919
-2.5893
0.578
-2.2356
3.67094
-2.5907
0.00772
-0.3246
-1.5919
-0.5829
2.0707
-0.61759
-1.6968
2.07
-2.5988
-0.5573
-1.29787
0.98992
1.1874
2.421777
1.84822
-2.101515
1.7554
-2.5959
-0.0595
0.471798
1.55263
0.4829
2.9501
2.2666
0.88285
1.95202
2.2597
-0.8478
0.220428
1.31767
1.32928
-0.79914
-1.20304
1.3882
-0.93315
-3.84275
-3.26202
-2.13686
0.1514
-0.3187
-0.61909
2.1204
2.6402
-0.1873
0.43313
0.66
-7.7808
-0.1263
-2.02109
-1.06819
4.0768
-3.5924
2.54607
2.09283
0.331
-2.41317
-7.1819
-0.2937
-1.67
4.92
-0.44483
-0.07451
0.3705
0.25571
1.5185
-3.31
-4.34
0.59432
-0.37
-0.6887
-0.8667
-0.6729
-0.413
-0.5898
-1.21206
1.5851
1.2346
5.959
-3.047
1.5791
0.7061
0.07427
0.25816
0.86279
-1.7308
-2.2013
1.2501
2.3374
-1.1259
0.04405
0.48284
0.27591
-2.9318
-2.94663
2.6553
-2.51681
-0.47835
1.04298
0.17616
0.5017
0.8892
-1.58601
0.05555
0.9242
0.32672
1.11408
-2.275
-1.90697
-0.7465
-1.82457
1.25279
1.47088
-1.5378
0.23055
3.60036
-0.4973
-1.5334
0.7842
-1.6488
4.5719
-2.1182
-2.0207
3.0916
0.92
2.5079
8.3073
4.5046
-2.2581
-2.12613
1.7488
7.3559
-3.8498
-1.4596
0.4306
-0.3973
-0.0852
-0.6244
-3.8706
-3.6747
2.5861
-2.5366
-1.3162
1.8298
-1.6442
-0.5307
-1.9604
0.0635
6.3176
0.3542
-4.9855
-0.0916
-0.6131
1.1454
3.7559
-1.7406
-3.4762
-4.3829
2.8135
0.8596
-2.2694
-1.6582
-5.418
-2.21981
-3.5749
-1.412
0.7295
1.3308
1.9047
-5.5432
-2.5448
5.77999
4.0372
3.7264
-3.302
-2.53835
1.14602
0.93474
-2.4395
0.31389
0.02414
-2.30928
0.60204
-0.95039
-0.74486
0.9988
4.41322
-3.0333
2.7543
2.7238
0.9779
0.6838
-0.56832
0.49271
-2.7034
-3.8669
-3.50749
0.82418
0.3706
2.9162
0.52082
-2.13713
1.7529
0.31885
2.0198
0.871
-0.40496
-0.28412
0.9093
-0.50429
-2.61331
-1.05249
0.6297
0.1488
-0.63311
1.8729
-2.35512
1.5501
2.4077
6.45865
-0.68215
2.7615
0.74271
0.3797
-4.59184
1.61104
-0.2058
3.42644
-1.4478
0.75223
1.579368
3.22255
-8.67294
-0.119604
1.31703
1.09778
2.995251
-1.836594
-0.644288
3.28367
-0.168226
0.660042
-1.836063
-1.378009
-1.074342
0.104074
0.676573
-0.175188
-0.613549
-1.8973
-1.3886
0.452272
2.0447
-0.066086
6.01971
-0.402
-2.0812
-1.5602
-2.5738
-2.8797
-2.3652
0.414
-0.5226
1.8799
0.41531
0.8559
-1.4279
-1.659567
0.74434
-1.915
0.7183
1.28496
-1.4259
-3.4412
-1.5292
0.5166
-3.3538
-3.8083
-0.3945
0.0169
3.9993
1.83191
-6.09677
-6.5985
-1.4395
2.1906
-0.4643
0.35083
-1.6627
-3.8458
1.6929
2.1607
0.13
0.2254
1.8538
-1.7104
-0.253
0.538
-1.45306
1.2937
0.7127
-3.0932
3.1121
-2.8981
0.6781
0.3008
0.77954
-0.535
0.6062
-1.8298
2.5477
-1.3539
3.1293
1.0334
0.0119
0.9568
-0.281
-0.8495
-11.3801
2.6677
0.6854
0.77026
3.9153
-0.6945
-2.87181
1.082
0.0304
-0.6819
3.2491
1.1294
2.3972
0.07888
2.3296
-1.9653
-0.58434
-1.12771
2.8933
-1.43
0.1185
-6e-04
-0.84667
0.1206
3.0508
-3.7581
-0.4908
-3.3896
0.81752
5.6624
1.67563
0.8228
2.0454
-3.1174
-0.12862
0.75659
-0.49459
-0.32658
-1.10321
-0.49791
0.49502
2.20144
-0.2421
1.6432
0.844
-0.6374
-1.3905
-2.018
1.5952
0.4656
0.4661
-11.8172
-0.9097
1.56109
0.0346
2.23315
2.546
-0.2462
-1.12486
0.6131
-0.16108
0.16253
-0.2572
2.3686
-1.3833
-1.92124
5.1609
-4.6166
-3.1195
0.99269
-1.11579
2.90415
-0.99032
0.21466
3.1047
2.31615
2.2246
0.5518
-3.3434
0.3598
-1.19431
-0.4896
0.9588
-0.76837
-1.7365
1.0964
0.38739
-0.5502
1.522
-0.8693
-0.7288
-0.8761
5.0604
2.2866
-0.2872
0.5075
3.43623
0.0946
-1.40581
-1.1311
-4.18375
-1.8917
0.3178
0.7507
1.4963
-0.5476
1.5692
-1.4104
-0.3448
-1.1222
0.18336
-1.25645
5.4227
1.6936
1.70986
2.85401
-1.67157
0.5545
0.9304
-2.9791
0.47908
-2.39378
-0.34551
-0.0661
-2.28524
3.07614
-1.332
-1.96261
-0.55661
-1.28171
-7.5597
-6.3595
1.6904
-1.9066
-1.2024
-3.13048
2.617
-0.72236
-0.39704
-3.3424
-1.1994
-0.75427
-2.16288
0.7983
-0.1807
-0.03754
1.3317
0.56957
-1.104
2.0876
0.95033
0.9048
-0.44856
-1.1483
-0.12759
1.0547
-0.6343
0.80928
2.38727
1.2166
1.16039
0.19901
3.98382
2.0454
-0.7882
2.72279
0.56059
0.07914
-1.87615
-2.6473
-0.04542
-0.925
0.28129
-0.06383
-0.2916
2.5201
-0.5662
3.01294
0.1067
-0.1856
-2.6251
0.4051
-0.9946
2.24998
-1.03245
8.96516
-2.2463
-14.90924
2.7681
2.5882
-1.0363
0.568
3.47815
-2.20122
1.0446
-2.0149
-0.833
2.5865
-0.3431
3.236
-3.2587
0.10701
0.6971
-1.8805
-0.2076
-5.1848
-2.3125
-0.2613
1.8554
-0.3882
-1.9217
-3.6421
1.1899
-0.7806
-2.1334
-2.38
-1.3982
-1.4764
-0.8891
-0.113
-0.0403
1.5132
0.384
-4.97459
-1.2241
-0.728
-1.24266
1.8184
-0.94831
1.8685
-0.3647
-0.7918
-0.87247
-0.70609
1.0588
-0.6831
-2.3379
0.6551
1.4638
-1.12
2.15404
-0.78508
-0.0982
2.44
0.35101
-1.7112
-1.7472
-2.05
-2.55
-2.58
1.19
6.14
0.511
0.25254
1.67747
-0.24478
-1.62307
0.1096
2.1928
-6.01665
-3.97885
1.9776
-9.374
-1.57
1.17
0.271
0.0562
-0.8244
-6.9157
-2.3713
-2.0547
-0.7993
0.24795
-0.03982
0.39956
0.0262
-0.915
1.283597
-0.431
-0.09919
4.5567
-5.14
-1.90634
0.1785
-0.3883
-0.7763
-0.6249
1.3083
-4.6594
1.7306
-1.5075
-10.6081
-3.0307
-0.7205
2.8195
1.0131
-0.41915
-1.6871
-2.7556
1.09982
-6.8286
-2.4918
1.4191
1.9215
-1.7401
-1.1186
4.4008
0.9913
-1.824
0.3553
0.5085
4.6983
-0.8822
0.2539
4.2362
4.4595
0.8163
-3.1947
1.4333
-3.9716
-5.3438
-0.7051
-0.5998
-0.1975
1.4486
1.2862
0.6653
0.2446
0.71986
-0.0815
0.0162
-0.8578
0.8964
-2.2613
2.062
0.2455
-1.67662
1.07168
3.9233
0.24024
-0.9172
2.7399
2.2394
-1.4275
-2.9526
-5.2438
0.0939
1.2941
5.1055
0.724
2.17458
-0.8053
0.93622
1.5363
3.0412
-2.38389
0.6118
-0.6195
6.16752
-1.4707
1.29419
2.5894
0.6372
0.6733
-0.860352
-1.8151
0.3642
2.21318
NA
3.4071
-0.6936
-1.6248
-1.5295
-1.4533
-2.0516
-0.89374
-3.767863
-0.5457
0.1096
2.0023
NA
-0.9333
-0.829
1.9853
1.89438
0.7535
-0.095
4.57869
0.34539
5.6988
-0.0903
-1.46
-4.12
-0.414
-2.1424
-1.82565
-1.83773
0.8276
0.579077
-1.529814
0.115092
-2.54
-1.8694
4.2156
-0.69735
-2.491
-8.2583
-1.08449
0.6376
-0.36086
0.74626
1.10116
-1.7887
4.5636
-1.64952
2.273
-2.26
-1.19527
4.3495
0.327
-4.19477
5.96033
-2.7905
0.3509
-2.14499
1.6372
-1.3942
-0.1395
-0.1343
0.4747
-1.4087
-0.4997
-6.60613
-0.1559
-1.2623
-1.12
-0.76603
-1.71352
-0.62476
12.0518
0.42071
1.9449
0.0292
2.8534
-1.8152
0.0409
-1.8538
2.48341
-6.5791
1.32529
-3.570486
-1.44
1.03
2.6087
-0.283791
-0.3254
-1.1763
-1.03
0.7775
0.96932
-0.195
-0.2062
1.42
0.27036
2.7868
2.31481
-0.90396
3.995
-2.7484
1.4007
-0.226718
0.04481
1.440848
0.89264
5.606514
0.5463
-0.8535
0.1777
0.2099
2.48
0.03349
-1.4169
-0.4064
4.2491
0.09311
-1.4924
3.51821
-1.9949
0.1769
-0.0583
4.7096
-1.495997
1.8458
-1.3398
0.9119
-0.8997
-2.5167
-0.8162
1.03359
-0.4866
4.0345
-1.1931
1.44437
-2.13366
-1.65398
0.08213
2.4728
2.5869
0.6581
-2.493
0.25654
0.47296
NA
1.6429
1.2823
2.6104
1.6842
3.7125
0.768
4.59513
0.46493
-1.3975
-0.727826
1.5016
-0.78
1.01221
-0.606
0.00414
0.19158
-1.5406
0.3945
4.4921
-0.9032
1.165
0.0835
0.94472
-1.3757
0.1304
1.5575
0.281
1.6613
-0.9855
1.386
-1.3796
1.3229
1.2245
1.0886
2.7665
-1.59919
2.0312
-1.315
-1.01263
-0.33
-0.98344
0.31248
0.0938
5.2965
0.96664
0.9422
0.484
2.6906
1.4069
-0.2255
1.12283
0.2773
-1.5905
2.3819
-2.4942
-1.3432
2.0965
-6.7414
-1.0474
-2.0046
-0.07454
-3.3549
0.0856
1.6788
-1.09886
0.0716
0.2676
0.67728
-1.3126
-0.421
0.0873
0.0839
2.69259
-0.72426
-0.60337
4.8202
0.9134
0.351473
-1.2216
0.5926
0.8299
-0.7979
0.1872
2.2713
2.8721
-5.5303
2.313
3.7643
0.3838
1.8901
0.0327
1.4176
-0.953
-0.8218
NA
-0.687
0.1168
-0.4359
1.7922
2.0571
0.3471
6.2787
0.306061
-1.12452
0.1738
-0.0694
2.70474
-1.2728
-0.869
0.4352
0.1176
-1.27064
0.00974
-0.6638
-1.7318
-1.163984
1.91174
-0.4307
-5.7912
-3.7007
-0.988623
0.0794
0.18551
-0.9038
-4.2464
1.94566
-1.97731
0.49275
1.0175
-3.5193
-1.26785
-0.09076
-2.7043
-3.2165
-4.3865
-2.34551
-4.7889
-0.8057
-0.829
-3.9805
-0.79606
-0.02409
-0.531846
-1.2127
2.1452
-3.2158
-0.384789
-1.41826
-1.285459
0.4578
-6.56108
-2.5892
3.63776
0.47468
-3.14618
-2.0549
7.3462
-0.534254
0.5404
2.69192
-1.34128
-0.76462
-0.5834
1.4059
-0.45497
-10.93929
-1.204
-0.192607
1.0655
-0.3182
0.1271
0.8747
0.50022
-2.7925
1.08724
5.6511
-2.4637
0.45948
-2.4197
2.2655
-3.2683
3.9598
-1.7071
-1.7633
1.4329
-2.2242
0.38562
0.2472
-0.66445
-1.713
-1.8439
-0.246819
-0.6933
2.6198
-2.8695
-2.1157
0.5247
-0.9671
-0.9016
-0.0579
-0.6743
-1.888304
3.6939
1.422
-2.9739
1.63464
-1.9483
-0.8683
-0.6092
0.2557
1.82946
-5.3
2.83217
0.708
-2.5669
-1.8076
4.0593
0.8865
-0.01204
1.19323
-3.91
-0.9333
6.97
6.212439
-1.4882
7.44862
5.03988
-3.6773
4.1451
-1.35234
2.7851
2.61332
-1.70694
1.4838
-0.40686
0.9596
-0.1551
1.5132
-0.1656
2.0102
-0.4412
-1.5101
-1.4243
0.9257
0.5174
-0.4473
5.2056
-0.9705
1.129
1.22265
-0.9555
1.3128
-2.30162
-1.4589
-1.8407
1.3851
-0.7226
-0.6337
-1.1062
7.4997
-1.229
-2.02234
0.7878
1.3637
-1.6052
3.8564
1.3744
0.8101
6.9438
-0.2921
0.50685
4.1944
-2.9384
-1.976
-1.5
-5.5882
-2.4192
0.8223
-0.7343
0.1526
3.53463
1.7727
1.5369
-2.6643
-1.3243
-2.3762
0.9637
4.0304
1.20161
0.7235
-0.50421
-3.5617
-0.4365
-3.1852
-1.07122
-1.578025
0.3388
-6.3199
2.1722
1.609041
2.4249
-4.1576
-1.33428
1.30335
-0.14232
1.00778
1.0776
0.1541
-2.07651
6.52548
3.2644
1.0179
1.2409
-1.2882
1.239
11.9317
9.49168
-1.4044
-1.7537
-0.0189
-3.66
-0.2376
-0.63203
4.8429
-1.12372
-2.4386
0.0199
1.3563
-3.94067
-3.1466
0.0903
-3.3919
2.6707
1.9781
-1.5212
-3.68125
2.1425
0.1764
-1.9679
1.5024
-5.3505
-1.83
-1.38615
0.11441
-2.978402
-0.72865
0.4199
0.1429
-1.604
-2.1025
-0.78192
-0.2689
3.1326
1.4346
1.53336
-2.9797
-3.71478
-2.77202
NA
0.64993
-0.9833
-2.5868
-1.5423
0.7351
-0.32194
0.6302
1.6059
0.16013
-1.0526
-0.5928
1.6756
-1.07891
0.25
1.46606
-3.933
0.86913
0.9483
0.54544
-2.52253
-0.3726
0.45831
-3.3857
3.9328
1.203368
1.0528
0.0465
0.5169
-0.428
-1.7924
-0.0333
-0.43019
-2.3329
1.2694
3.5586
1.57871
1.22704
-0.50663
1.32205
3.2389
0.1229
0.6162
-0.58053
1.0309
-0.672
-0.3654
-4.28078
1.4838
0.92722
-2.1583
0.03191
2.852
1.5756
3.57
0.94561
-5.2248
0.5562
-0.66237
7.8357
-0.1033
4.3258
1.2547
1.83
0.3199
3.9478
1.4378
-2.0216
-2.7803
4.12
0.8614
-1.2062
3.6033
-0.5566
-3.4752
-0.458653
-0.3771
-4.9346
-1.02441
0.01155
1.14328
1.1676
2.45874
1.1275
0.3647
-0.49944
1.6544
2.24224
-6.544
0.60135
0.00146
2.8138
-0.3687
2.5232
-0.98812
10.2
-1.83744
7.97
-2.94397
0.54388
-1.74221
-0.714266
-4.0132
0.2414
-2.1703
2.4812
-0.6384
1.509
1.6017
0.22062
-3.3744
-3.86029
-1.15729
3.6718
2.14893
-2.3877
-2.4896
0.581
-1.1039
0.30258
-3.765
-3.1393
-0.3291
3.1632
2.5084
-1.4784
NA
2.6406
1.26
5.30784
0.3428
2.8801
3.950052
0.97747
-2.2965
-1.8164
1.625
0.20878
-0.4426
-1.4136
-1.4872
7.44396
0.47234
0.05927
-1.6785
-3.49496
-0.5685
1.47758
0.3205
-1.2292
0.0558
-0.7172
1.10041
1.4263
0.07255
0.4443
0.5321
1.275116
2.850943
-0.4245
0.2961
1.87461
0.0834
0.7772
-7.68501
-0.7729
1.7487
-1.18478
-0.6903
-0.3252
-2.2263
0.4361
0.9617
5.4723
-2.8163
-0.8669
-0.59156
-5.2682
0.29923
-3.344
-0.48872
0.61951
2.2763
-0.2807
5.2133
0.348718
-0.25576
-6.25
-1.12
0.0867
6.4653
-0.14745
-0.7119
-1.1207
1.8199
0.0759
NA
2.015
0.5362
-2.3455
-2.7097
3.5949
19.64595
-2.155
NA
1.128
0.5371
0.4239
5.4795
0.3681
1.5073
1.975
-6.1667
5.7988
-0.80065
0.4002
-1.8983
0.5104
3.3275
2.7293
-1.7856
-0.0176
-1.9735
1.65
0.7087
0.55099
-1.3616
1.5523
-1.00064
0.3034
1.80967
0.2802
-0.0016
-1.01
0.8859
1.83992
-0.19577
1.2732
-0.0987
0.0855
-0.1211
-0.95851
-2.00542
-2.4359
-5.8521
-0.81464
2.1302
-2.1774
-0.371784
0.3758
-1.1534
-4.9569
3.19476
0.23469
-2.0082
-0.53976
1.462413
-0.454
1.04898
1.49
-2.1253
2.472
1.6008
-1.56657
1.1226
11.9595
-1.9737
0.4856
-3.5302
-1.19559
5.5219
-0.557
0.85176
-0.3594
-1.94427
2.5495
1.02
-4.70008
-5.31162
-1.8891
-0.484
1.0469
0.8684
2.5666
0.8089
-2.6648
1.0352
-0.2669
1.9959
3.7494
-2.378
-0.4446
NA
-1.7773
0.77144
-2.5143
0.4925
0.40862
2.9048
2.9
0.2274
-0.9353
2.6827
-1.4631
-0.4271
-3.8639
0.647
0.2396
0.538
-1.57192
-1.15312
0.230893
0.14518
0.7465
-1.2991
-3.2978
2.7027
-5.1422
0.2329
0.2618
-0.73142
-4.19333
-1.1585
-0.1515
-3.9193
-1.71097
-1.81131
-1.5393
4.4139
1.8807
-2.09731
0.27
2.38
-0.75507
-0.2666
2.6191
-0.1305
-0.4132
1.9418
2.7808
-1.313
1.38484
0.441
-1.0944
-0.4365
1.1025
-0.6115
-0.4446
0.31773
0.15948
-0.07089
3.10364
-0.76235
3.78934
0.3358
-2.15845
-0.5418
-1.20253
0.2817
0.3845
1.4092
-2.9993
-1.1378
0.47832
2.14026
3.4246
-0.9057
1.94093
0.2164
1.0113
0.144
-0.2834
-2.0914
-0.9532
1.02
-0.4407
-0.1976
-3.658
1.0106
0.1523
0.0526
-1.6251
-0.1894
1.45745
-0.7534
0.2778
2.39151
2.44788
-2.08568
-1.64614
-1.17725
-1.4964
3.0938
-1.0709
-2.2482
-0.82319
-0.9688
-1.8824
0.16375
0.07134
-0.55366
0.29329
-0.2953
-1.3297
3.41102
2.60062
-0.6232
-0.1729
-4.60457
1.7655
2.77
-1.53154
1.69
2.3786
0.0433
0.07206
2.97
3.60408
-1.0048
0.3879
-1.8614
0.848
1.5107
-4.9389
0.3563
-1.7967
-2.6149
1.75091
-1.60316
-0.20998
-2.3288
0.40899
3.6901
-0.6867
-1.7462
-1.990841
-1.96
0.62774
0.1441
-0.2586
-0.4492
1.08616
-0.4184
-0.3215
2.0539
2.62716
-0.0977
-0.33136
1.7426
2.4437
-3.32452
-5.64257
0.0887
5.5623
-0.53033
4.7357
-1.12
-6.5228
-0.21693
-1.7416
0.65131
2.0999
1.4776
1.84575
1.38975
0.3019
0.06476
6.6888
5.2776
1.3869
-7.78725
1.984
0.992
4.22588
-2.6127
2.38893
2.5738
-2.8873
-1.5202
-0.07601
0.6333
4.1486
-1.4225
1.41515
-5.29676
1.25708
-0.10196
3.2722
-0.7268
0.364
-0.14893
0.5312
3.98704
0.95963
0.3035
1.68555
-2.04051
-1.6159
-0.7278
-0.682111
-0.6636
0.874
-1.02957
1.1977
1.23526
-2.40859
0.32139
-0.218
-0.9342
-1.07
2.1477
1.33533
-1.4472
-1.407
2.898483
-1.3117
NA
0.4903
1.8667
-1.4307
1.4529
-0.402106
-1.3107
1.1573
1.215
-1.0715
2.936
0.60682
-0.7589
1.6632
1.162648
-1.83003
1.52976
0.0265
-2.516
-0.8067
-1.2324
-0.1332
5.0324
1.49829
8.2137
0.8462
-0.37772
1.3617
0.6427
-1.2172
-0.82894
0.3136
-0.3856
2.3879
0.0317
1.02019
0.64938
2.29284
2.72178
-3.3408
-2.47245
-18.8652
-0.7409
-1.1844
0.94717
2.2498
-2.31439
1.4572
0.0521
2.61
-2.4331
0.31
-3.0129
1.4499
-0.21
2.2634
-0.6381
-0.0437
0.18003
-0.93667
-2.5698
-5.87463
2.1431
1.16727
4.3148
1.31935
0.9122
0.0736
1.4978
0.98742
0.4621
0.57851
0.349887
-5.72579
-1.36453
1.13823
NA
-1.0316
-1.0064
-1.4649
-2.2305
0.6938
0.2144
-2.77011
1.6577
1.51088
-2.5053
-7.5817
-1.67
-1.0107
-0.8829
-3.10781
1.38964
-0.85091
-2.0893
-1.0044
3.4133
-0.21204
-0.0867
-2.23256
-3.0959
0.5773
1.90721
1.2448
1.49982
-3.9226
0.7946
-8.0824
0.136
0.0916
0.4727
-0.01575
-1.3122
-3.68602
0.44616
0.2202
0.96948
-1.9866
1.9905
2.01199
0.702
-0.8908
-0.16603
-2.95061
0.5494
0.51255
-2.79433
6.10241
-0.37538
1.87
0.5875
0.3581
-0.85255
1.3877
0.39226
-2.539
-0.92815
-6.174168
0.7269
-0.3959
0.51108
-1.50077
0.1369
1.00091
-0.0767
0.2235
0.324
-1.4831
-2.0451
-0.3504
2.03462
0.5252
-1.068
-1.6873
-1.0653
1.27425
-0.4782
-2.17549
1.73
1.8174
1.3207
0.2201
2.38586
1.6823
-0.06721
-2.20786
0.8888
-0.3867
0.0477
2.09803
2.6953
1.13696
0.577806
0.301341
0.845
4.9826
-1.1059
4.7292
0.37351
1.8652
-4.2642
NA
0.00495
0.09448
-2.9731
-3.96125
2.7101
-0.7189
0.26654
-1.30572
5.1145
0.07762
-0.8536
1.43536
-1.34896
-0.2939
0.773791
0.77438
3.7421
2.68087
NA
2.9184
0.666
-0.7958
1.63313
0.07941
-3.4314
-0.60501
0.41414
0.00274
2.7374
0.3818
-0.6183
-1.0452
0.2472
1.6124
2.7556
1.56592
-3.8369
-0.701
0.61399
-2.6642
-0.50845
-0.1885
1.3068
-0.94345
0.19885
-5.961193
-0.87737
2.3546
0.00646
2.32743
0.75533
-5.72202
-2.73472
2.3658
-0.9335
0.77269
-1.50801
-0.749
-2.5464
-2.8736
-0.2663
-1.1099
-1.2708
1.23569
0.614
-0.34312
0.2438
-0.6679
NA
-0.72461
-1.6566
0.3851
-0.62664
NA
-1.0473
3.3178
1.3065
-1.13046
-2.3106
-4.11798
-1.74
-1.88101
1.7454
-0.8235
-0.74148
-2.55412
-2.1096
-3.1957
0.0177
1.0857
2.43411
-0.1493
2.0361
0.6837
1.6396
-4.976
0.74433
NA
0.54743
1.5904
2.3963
-1.2316
-2.074
-1.5605
-1.0431
-5.1592
-0.3841
1.3169
1.26408
-2.33586
-0.68859
0.7494
-0.7045
3.4961
1.83461
NA
1.28067
0.2452
2.57182
-2.1383
0.7142
-2.61
0.74487
2.0916
-0.3076
-10.6702
-5.2914
-0.3673
0.6106
-1.32983
2.02985
3.7823
1.6495
-3.5343
0.43893
-4.7208
2.3828
-4.58136
1.32654
-1.8647
1.4026
2.2426
-1.3645
0.19585
4.38559
-1.8573
-3.4912
2.706
-1.11
2.45234
-5.00008
-0.6751
-3.27235
1.7717
-1.74865
1.56088
2.1643
-0.90253
4.1221
1.8129
-0.6844
-0.8504
-0.08992
-2.2615
-1.1202
-5.44906
-0.11621
1.342211
0.8231
0.21558
3.09188
0.2156
0.02274
3.8198
-1.7915
1.24048
-1.70963
-1.1
-0.4209
-1.21023
0.7776
4.26464
-0.53594
-2.5738
0.4595
-4.0224
-0.84089
-0.047274
-1.55792
-0.6216
-1.80768
-3.365
0.18333
-0.98978
-0.0767
-8.91095
1.288174
-0.0427
-1.081432
0.796
-0.7978
-2.4378
1.14506
0.4058
-1.011
0.21421
-5.37875
-0.128296
-7.20007
-3.4987
0.23689
3.8597
-3.9193
0.4063
-4.0145
-2.1525
0.8929
0.4702
-1.18342
-4.2601
3.1115
-0.5093
-1.68424
1.06515
-0.15867
1.7859
-0.3573
-1.6168
NA
-0.93538
-0.4689
-3.065155
-2.14078
0.55262
1.6282
1.53178
-2.21489
1.30686
3.291708
-1.285671
-2.3091
-3.22173
0.1652
-1.9664
0.18291
-1.9288
0.09252
-1.1559
-1.61633
-1.51098
0.1551
-0.07772
-2.04
-0.12848
-0.79914
3.47388
0.3188
-4.5599
2.4014
0.6561
1.3467
-0.4818
0.33903
-0.9091
-0.63498
5.3423
-0.17602
-4.053
0.1887
0.2062
-0.5037
0.4937
-1.4851
-3.18457
1.8478
1.27667
-0.31641
1.2661
-0.45214
-0.0249
-2.1623
0.968
2.2482
4.0068
-4.81389
-0.75
-3.1457
2.914447
1.9
1.05914
1.09173
-0.33825
0.2803
1.9722
-1.3444
-0.6026
-3.01162
1.13004
0.5538
1.78394
-1.45449
-0.9495
-1.5923
-4.122
1.65293
-2.2157
1.83264
10.1714
-1.55893
-0.1562
2.4073
0.4058
2.19002
-11.34331
0.7975
1.05709
0.8198
0.7614
0.5392
-1.17454
1.51758
1.075259
0.750896
0.957132
-0.5197
-1.3619
0.08006
-5.0408
-5.0408
6.36477
0.15706
7.28143
-2.2579
0.82456
0.07594
-1.34342
NA
-3.3157
NA
NA
1.1643
NA
NA
NA
NA
NA
-0.8912
NA
NA
NA
NA
-2.24264
NA
NA
NA
NA
NA
NA
NA
NA
NA
NA
1.7424
NA
NA
NA
NA
NA
NA
NA
NA
NA
NA
-0.5339
0.5462
0.9658
NA
1.6589
NA
NA
NA
NA
NA
NA
NA
NA
-0.2235
NA
-0.117
NA
-0.271664
0.6134
-2.559924
1.27563
1.1127
1.06695
-1.1865
1.0792
1.02271
-0.5761
3.33571
2.1835
-1.1808
0.2475
-1.4398
-1.57038
-0.0858
1.47379
1.1372
0.07
-2.2131
0.2509
-2.2105
-3.1649
2.6062
-1.82814
1.22526
1.35
-0.6795
-1.2447
0.3221
2.73723
0.5929
2.0223
6.1458
0.1114
-5.34296
-4.5141
-1.65985
-0.0164
-0.3527
0.42639
0.7028
-1.77466
-0.671501
1.1659
1.2078
1.6852
-1.9216
0.63412
-0.4284
-1.91875
-1.5161
-1.5254
0.9287
-1.48
-0.158
NA
NA
-1.0289
NA
0.2492
-2.2295
-0.3284
-1.4533
0.5295
-0.6585
-1.0198
2.24302
1.914424
-1.4944
0.3546
-1.4234
0.1708
-3.1768
-0.9331
1.6219
0.5023
0.9841
-0.6625
-2.6131
-0.76523
0.3416
-0.66637
0.0992
0.2329
0.25493
1.46417
0.83962
1.20725
1.44447
0.3356
-0.5015
3.71816
-0.1359
0.8197
-1.2886
-0.5737
-2.46173
2.9
-1.2642
-1.2198
2.4488
1.2652
0.9537
2.96311
0.12015
0.163693
-3.5717
-6.15904
-1.0477
-0.56303
6.68809
0.1625
-4.4091
-1.0862
0.5084
-2.2206
-3.9445
-4.59663
-2.53415
-3.2421
-1.3435
11
-5.5403
-0.514359
-0.56263
-0.9753
-4.22692
3.8648
NA
-1.4881
-0.9675
NA
NA
1.1169
NA
-1.2563
-0.3324
3.52191
-0.176
5.2464
0.602
2.58983
-1.4652
0.9789
0.3304
-0.9281
1.2295
-0.0811
1.1484
-1.3033
-1.89793
-2.3892
2.28257
1.18549
0.7694
-2.6774
-0.2758
-0.901
-1.26787
1.9987
2.3607
0.38103
-0.26059
1.1847
8.2273
-3.93019
-4.0573
-1.65982
3.7724
-0.30454
0.412
-0.846
1.912391
-3.6821
-0.2363
-0.508217
4.941
-0.95592
-1.1417
1.14942
0.2287
3.3667
1.3364
-1.163623
0.0637
3.0966
-2.2515
-3.3396
NA
NA
1.4009
-2.8184
-0.2881
3.1632
-0.4465
-1.02639
0.12303
1.8002
-0.2247
1.32077
-1.9755
0.374
0.27945
-1.94
1.31158
1.79
-3.06003
-0.3009
2.01682
0.35204
-1.8056
-1.4382
-11.62917
1.25595
-0.4247
2.5245
1.29671
-1.51625
-0.8113
3.65594
-0.087
1.01138
-1.10674
-1.8288
-0.81133
-1.942
-2.08135
-0.5131
-2.21982
0.08836
0.583
-0.22798
1.1639
0.1201
-1.371056
1.7203
-5.1678
-2.3513
NA
0.834
0.73989
1.26492
-0.5921
0.1394
NA
-2.4497
1.38416
-1.5796
-0.62435
0.25283
-0.504356
2.0043
1.504707
0.10622
0.06324
-0.4527
-1.1129
-0.2967
1.8066
-6.5518
-0.4681
-5.6615
-0.71677
-1.6219
-0.12299
-1.79435
0.42787
-2.76648
0.7143
NA
1.343
1.58
1.0296
1.9423
NA
0.354529
2.23
0.0368
-0.0034
-0.5114
0.07109
-0.4133
-3.6914
-4.90472
-1.2021
1.3322
1.1576
-0.69015
-0.26373
2.371626
NA
0.35739
3.25427
1.52951
-4.030144
-2.335187
-1.69
-0.97657
2.5158
0.8284
-2.62196
0.64326
1.4901
-3.1362
1.17199
2.1593
-1.16902
-0.6669
-2.05554
-5.67478
-1.3478
-0.84
-0.60091
0.15087
NA
23.76804
-0.2568
-2.29513
-1.0779
1.9075
0.01774
-1.29145
NA
-1.10677
-0.36686
-0.87
-0.55635
-0.3277
2.73
4.654
0.0533
NA
-0.8752
NA
0.2223
-1.28158
1.397
0.239
-0.83256
-3.7215
-1.88859
0.708
2.95906
1.1289
-0.362
-0.6818
-0.70001
1.1389
2.61516
1.451616
0.6418
-4.901
0.5416
0.36259
2.3142
0.8427
5.1585
-2.32485
-5.1892
-1.8414
-0.3539
0.905
1.11437
-0.83762
1.049158
1.21354
0.9236
0.65472
0.0372
2.37077
-2.4853
0.75011
-2.29018
-0.00527
1.97066
-1.13452
0.5624
-0.5149
1.169438
-1.89146
0.5709
0.88852
-2.0169
1.76588
0.070073
-1.3723
0.2979
-0.4877
-0.09228
0.12247
0.86893
-1.6358
-5.51491
-1.0599
1.642449
-0.27705
3.50637
NA
-0.78415
0.060169
-1.48479
-0.63233
-0.882806
1.37268
0.45576
3.4788
0.56326
-6.53557
1.036581
-0.8899
-0.25197
-2.24793
-0.32186
-2.6832
-4.1456
-1.4836
0.0915
3.38357
-0.0532
2.10227
2.8162
0.2171
0.4955
0.19356
0.5588
-1.4413
-0.56317
1.11252
0.226058
1.6433
-1.14702
NA
1.077
0.92979
-0.4568
0.3159
-0.92516
-3.84276
-1.9725
NA
-0.82646
2.42933
0.617016
4.2031
-0.572254
-0.9869
1.68585
-3.3222
-8.01531
-0.1509
-2.24814
1.03195
1.225
2.5696
1.70385
-3.08889
0.2635
0.4757
2.34714
0.5791
-1.10821
0.7444
-1.74642
-2.9163
0.3231
NA
0.78207
-7.02885
-1.6217
-0.3742
0.5572
1.8177
NA
-3.8579
1.8114
0.98218
1.7055
1.06019
0.6975
-5.6125
-1.53169
0.7799
-1.0834
-3.9314
1.9126
1.0475
0.21297
-0.321
-1.44488
2.14812
-2.4156
0.31432
NA
-0.8967
0.84742
0.6584
-0.30349
-2.7165
NA
-4.07113
1.15597
0.63545
-1.5149
0.52715
-0.2833
NA
-0.65042
-0.1451
-1.24062
-0.51705
1.9023
-3.056734
-0.4017
-0.9501
-1.35007
-0.443
-0.80521
1.0595
1.4233
NA
-0.1152
-1.99472
5.75193
-0.3686
0.3006
3.68333
-2.8238
-0.561
-2.8947
-0.53574
0.1334
-1.16513
-0.706545
5.5768
2.29579
0.14473
-2.0921
0.67475
-3.47883
-0.2428
1.375
-1.11243
3.15424
2.4574
-1.35875
-0.2476
3.982
-0.1332
-0.132
NA
0.18837
-1.61832
-0.84412
-1.0487
NA
0.90564
0.0729
1.897051
-1.2488
-0.8528
-1.63594
0.4754
-0.86338
-0.80702
NA
0.55177
-2.67
0.6213
0.96323
-0.02644
-2.3529
-0.1609
-0.22494
-1.5631
7.3201
3.0202
NA
-2.1343
-3.0242
NA
-0.03641
-1.4659
-0.7118
1.3691
-3.377
-0.9422
-0.999362
-2.77811
0.53173
1.7115
0.68569
NA
0.0283
2.3169
-1.9779
-0.2765
-1.22884
NA
-0.85146
-1.0266
-1.31401
-1.107814
-0.20447
-0.19662
-0.068158
9.6161
-1.1787
-3.0422
0.9139
-1.423703
-2.3059
1.6942
0.8442
3.6178
-0.8384
NA
1.88741
-0.9725
0.2878
-1.788
NA
0.82192
0.15871
-0.50878
3.5128
0.24039
-0.4908
-0.20238
2.3371
-1.985
1.538
6.932608
-0.0333
1.83749
-1.42123
-0.7402
1.4985
NA
3.8956
0.803
3.2714
-0.14119
6.1417
1.73519
3.35396
-1.09989
-0.1901
1.896
0.3471
-0.4334
-0.1355
-2.07921
1.73035
-1.59832
-7.2788
-0.43397
-0.7862
0.05638
1.6579
-2.03005
-3.1317
-6.5257
1.53463
-2.2161
0.11791
0.988
1.856
-0.95402
1.66734
1.32716
0.61535
1.31949
-0.72789
-1.7166
-2.088
NA
2.9418
0.2733
-3.15906
0.0629
0.2202
2.9763
0.7118
-0.3992
-3.344
-0.0167
-0.8213
0.6269
-0.5014
-0.0911
-1.769875
3.4276
-0.449554
0.76157
-1.9572
3.7827
-0.3704
1.7843
1.4018
0.8815
2.186
2.96126
-3.9413
-8.42638
2.6654
5.5161
NA
-0.65739
-1.77415
-2.727
-0.78591
0.8873
-1.285
1.304308
-2.31
-0.96094
2.5696
-0.11556
-3.8941
0.12569
-1.88135
-1.3047
NA
6.5971
1.6392
-0.18674
-4.56188
-0.01313
NA
-0.68228
-0.39658
1.0707
-1.47
1.3674
-1.97922
2.10397
1.09883
1.57601
0.5423
-0.9068
-0.53
-0.93573
-2.1986
2.6654
0.9777
3.489168
0.6469
NA
-0.3333
0.57076
-3.95544
-3.48584
-0.47665
-0.546
-0.0932
0.00338
-3.22151
-0.521
1.1349
0.9785
0.2424
0.9231
-0.8608
-2.572474
0.401
-8.208
0.286528
-0.79634
0.87963
1.2688
0.4637
-0.2555
-0.25448
1.82136
-1.20826
-0.28
-4.31327
-0.77255
0.0332
1.91434
0.8084
-0.3136
-2.5497
1.38219
-0.14899
-1.4084
2.34964
-1.58482
-0.23358
1.8259
-2.559918
0.506237
1.0986
-0.4534
1.3132
0.5545
2.0169
-1.88369
-0.51642
0.65632
-1.48
-2.1769
4.2219
2.97058
-1.44824
-1.51768
-0.5072
-6.6194
0.192
0.50616
-0.97518
-0.29205
2.445598
NA
-0.0754
0.9021
0.2475
-3.7433
NA
-0.386723
-5.45675
0.80352
0.5023
0.3841
NA
-2.17479
1.528361
0.2941
-0.10988
1.13033
-0.485002
0.0825
5.34835
0.8026
1.2779
-1.14886
-2.6501
-1.36263
0.292
1.7884
-0.79535
0.02413
1.5766
-5.7069
NA
0.50366
1.36539
0.98521
-3.2531
-0.7465
-10.1141
-1.612633
0.8963
-2.94921
-0.305
0.7245
0.0674
NA
0.7405
3.466
-2.7366
0.289
0.2256
-1.759997
-13.35558
-0.3606
-2.2319
1.74885
0.9337
0.4759
-0.8991
-0.1099
0.19589
NA
-1.2126
NA
1.44705
0.4809
0.6145
-1.84223
4.3899
-0.9353
3.08036
-3.486049
1.854709
-1.61017
-0.1399
0.52125
0.3765
-1.4836
0.5038
-1.4301
-1.6193
0.138
4.51878
9.6161
-0.90577
0.6157
-4.5561
0.0248
0.30528
-0.9456
-2.15289
0.78011
NA
0.3244
1.5006
1.792
1.6284
-3.33711
0.8609
-0.02365
-0.179
0.59519
-1.9915
-1.3462
3.7147
0.0714
NA
-7.1157
1.593356
1.49075
-1.3958
-6.51641
-2.658
-0.0987
4.3179
-6.1239
1.07031
-2.8537
-1.4626
-0.3523
-1.1294
1.876
1.19027
-1.76957
0.4838
-3.64684
7.68018
0.8828
-3.01309
-1.49816
2.4339
1.654458
2.87287
-0.0731
1.7156
1.3461
2.9304
-1.06738
0.08629
0.16409
13.45593
0.7163
-0.0859
-2.28258
-0.3167
-2.21
0.9256
5.0825
-0.77506
0.478
3.52657
-2.5299
3.47027
1.1527
0.15931
-1.5411
-0.2654
-2.67406
0.40836
-1.79832
-1.2749
0.800115
1.6557
1.6764
-1.3227
1.1077
-1.41542
-2.7436
3.8096
-0.8081
-0.423
-3.44
NA
-1
-2.683133
0.2519
-0.578778
-3.1095
-0.2633
-0.5847
1.95511
0.44804
-1.5054
-0.7687
-0.8429
-0.4622
0.5269
-0.9114
-1.05532
-0.96157
-1.174
0.815
-0.4072
-3.1095
1.76712
-2.8984
1.27798
0.721
-8.2466
-0.0547
1.91811
-0.90056
2.64745
0.35996
-0.7631
NA
-0.25593
-0.4186
-0.607
-1.9619
1.9533
0.0757
3.136
0.34372
-1.1914
-0.0987
10.1889
-3.2299
-0.972
2.1995
-1.641
3.28956
1.8501
1.0545
2.149
12.1283
-1.1597
-3.22561
4.0474
1.57
0.1582
-1.42103
-1.7643
0.0953
1.0595
1.574
-0.0924
-4.93122
2.824273
0.3682
-0.2189
-0.423
-1.0466
-1.9872
8.61
-0.37973
0.59218
2.9758
0.6817
1.4668
0.4484
0.1085
-0.88625
-0.08005
-2.05
0.0105
0.0479
-0.9447
-1.4467
-3.62901
-0.3958
0.06773
0.101
1.5674
-3.77168
0.8739
0.834
-0.4516
-1.6855
-1.55127
5.07345
-0.1391
NA
2.45526
2.0008
0.25243
-2.94
-2.06
0.0307
-2.99
2.9272
-0.6957
-0.398
-1.1305
1.3822
1.6445
-2.6053
0.50874
0.0665
0.3223
0.79338
0.3176
7.13439
-1.06
5.86534
-1.7316
-0.82387
-0.8535
-2.1706
-0.65013
-2.67701
-2.3009
-6.10923
3.3187
-0.4831
-0.37217
-1.7386
-1.3916
2.45648
-2.59593
1.1165
1.3329
-1.24517
-0.2938
0.2005
-1.6408
-2
-4.3723
1.2885
-1.1012
-3.6613
1.9183
1.3887
0.000894
-1.2158
-1.2869
-6.3423
-0.7689
0.3505
-2.4951
-0.4347
-1.5885
-0.0414
-0.3574
-1.7082
0.8861
-1.59225
2.09386
-1.9836
-1.5411
-1.0616
0.4267
1.87068
0.2857
-3.24674
-0.9243
5.7582
-2.3918
-0.3854
-2.0921
-2.1845
NA
1.8417
-1.9453
-0.2392
-0.86178
-0.873
0.0613
0.673
-1.09507
1.63406
-3.9009
-0.4554
-2.5262
0.544
2.056
-3.1533
-0.03489
-1.67524
-0.01683
-3.9861
0.7939
-1.17
1.61
0.7683
2.669
-0.2157
0.2789
-0.238
0.8704
-0.6686
1.8609
3.3203
0.7362
0.56746
1.9971
-0.6692
1.0928
-1.920673
0.3569
-0.45131
-1.72546
-0.28078
-0.68437
0.568
1.403
-1.8106
1.6708
1.57983
-1.1923
2.6319
1.75515
-1.0933
-0.1775
0.5404
-1.1705
-1.1733
-1.2287
0.1303
-0.0463
1.8541
-1.05712
-1.2741
0.75988
0.7491
2.0369
-0.7403
3.94986
-1.7996
2.28665
1.4317
-0.0379
2.2809
-0.3576
-1.1666
1.1786
0.9445
-1.7403
0.1361
1.0673
-0.4662
-2.51765
1.0335
1.4298
0.1109
-0.644
-1.0263
3.8739
-0.3617
-1.0491
-3.1214
-0.06169
-3.3777
1.525
-0.8553
1.306
0.3978
2.9195
-2.4644
0.2181
0.4382
-1.26472
3.73632
-0.3162
0.5685
-0.4425
0.0117
3.2682
0.4334
1.4005
-4.4475
-0.1068
-0.3219
4.9993
2.2203
-2.8781
5.037
-3.4505
1.4853
0.1464
-2.3655
2.4758
0.9343
-1.8348
-2.0008
0.3984
-1.9887
-1.1209
1.0627
0.61503
1.71965
0.3524
1.2157
0.9315
-0.3491
0.2444
-1.9204
1.8516
1.4662
-1.6549
5.2659
-1.7124
-1.03131
-3.87019
-0.07668
-2.0983
3.3627
2.8764
-0.57397
-4.3205
NA
-0.0282
0.0513
0.9613
-0.137
-2.9727
1.73
1.06897
0.516
1.42074
1.58907
0.5591
0.68157
-4.65987
-0.84
-3.8328
3.69919
1.088
-0.1896
-0.5914
0.2499
-2.3606
-0.9437
2.20061
0.5591
6.0176
2.0006
0.9638
-0.98753
-1.0192
-0.3763
-0.9596
0.25599
-7.22113
0.3157
-0.0863
-0.3917
-2.86936
1.8694
0.22744
-3.1769
-1.5242
-0.89286
-2.05279
-1.18847
-6.36056
3.41625
2.1745
-0.2326
-1.05131
0.3111
5.7582
-0.48081
2.37433
-1.76264
3.018025
-0.6816
-2.3461
0.30112
0.551646
0.0012
-1.70556
-4.52513
-3.2699
-0.59078
1.3951
-1.53216
0.31612
0.59106
-1.2584
-1.23008
0.80629
-2.17511
1.1459
3.9555
1.16413
-0.09443
-0.55352
-0.41726
-1.4075
-3.17364
2.08031
0.77996
-1.6136
2.2435
0.81622
0.0466
0.58127
-1.14953
0.86924
1.2808
-1.0731
1.23963
-0.1453
2.45929
14.5381
2.3892
1.07375
2.42783
0.7387
-0.4541
-2.22301
-1.71247
-1.2806
-1.96
0.5266
-1.8744
0.186
1.3
-0.9732
-2.25
-1.8711
-3.20224
-0.53
-1.06
-2.08
0.962
-0.478
2.4171
0.354
-1.55
-0.451
-0.18
2.1158
3.34
1.94
0.297
-1.95
1.69
-0.187
-1.44
-2.1
1.23403
0.22
1.42
0.0845
0.312
1.2
1.62
-0.391
1.76
-0.107
-0.836
0.00745
-0.888
2.21
1.74
0.253
-4.65
-8.3141
-0.05162
0.93493
-1.2068
-1.6
-0.98029
1.547
-0.101436
1.7
-0.3998
8.99636
-1.0884
0.4075
-1.3293
0.45413
0.5864
-1.72982
-5.1498
-3.3024
-6.2484
-0.6671
-0.49174
-0.391
-1.1031
1.31356
-0.7494
-2.2076
0.52993
0.56359
-8.7228
-3.0327
1.31414
-2.1921
-3.49
-3.33637
-0.8788
-3.72963
0.09011
0.830117
-3.20339
0.2353
-0.34342
0.51573
-1.13972
-0.42682
-2.2605
4.70789
0.91744
-2.08524
0.904
1.7509
1.2098
-0.7149
1.7304
0.551
-2.154
2.1404
-0.88651
4.4284
-1.32
-1.02
1.0775
-0.2767
-1.47866
-0.2655
-0.196306
-0.9543
-0.1505
0.3885
-0.73871
-1.55075
-0.3174
-1.91702
-2.33087
-3.48343
1.0768
1.58699
-1.31141
1.16585
1.77226
0.4333
0.9879
1.6787
-0.86064
-1.5672
-0.2646
1.57922
-2.2058
0.6485
-1.3671
1.0985
1.35427
-0.293712
1.582
-0.15391
3.2717
-1.7011
NA
1.51954
-0.02898
2.92754
-1.58834
-8.7005
-0.60112
-1.47
-1.1928
-5.67693
-1.51668
-0.0344
2.8283
-2.22
0.2799
-0.9663
0.6664
0.95549
-5.3391
7.9803
-0.4095
-2.2201
-1.11102
0.407
-0.5119
1.0234
-1.55756
0.289
-0.17948
-0.45784
1.5332
-0.3953
-0.9394
-2.28
0.0734
-0.07883
-0.6378
-0.2162
-1.3682
1.3116
-1.69414
-0.3071
-1.1525
-1.2448
-0.1852
-0.9251
6.46187
1.52721
8.4212
7.8215
0.5784
0.9273
0.7384
0.47081
0.2049
-1.5821
1.29
2.2115
-0.27639
-2.3019
-0.0989
1.2238
-2.4167
-2.6977
-3.4225
-5.5209
-4.12
-2.7758
-2.4795
2.5087
-0.99579
1.7922
1.82629
-0.8633
0.526
9.378
0.3825
1.36216
-3.8432
2.8025
-0.1862
1.9527
3.208
-2.4041
-0.3453
1.5762
-0.0395
-0.8426
2.04198
-0.40573
0.5364
-0.17335
-4.2082
4.71158
-2.7861
-2.4367
0.0721
0.8429
1.4678
-4.22137
1.3079
1.3472
0.2273
1.3879
0.1754
0.86182
-0.61656
-0.8569
-0.3511
-4.9208
-0.2419
2.6606
1.9314
1.1135
-1.6836
-3.1038
-0.4065
0.301
-7.54858
-1.3117
-1.8046
0.7052
0.9452
-0.2388
-3.1396
-2.6912
0.71718
1.2597
-1.1445
-0.631
3.1215
2.7097
1.8467
-2.0491
0.5009
12.0782
-0.4604
-1.6471
0.22287
0.1135
-2.4269
0.9998
0.1383
1.3001
1.3429
-5.0377
-2.1605
0.73752
2.5588
1.6003
-1.7807
3.2014
3.3796
0.6014
0.2647
0.9039
-0.6727
-13.9813
-0.1827
0.7392
-2.0656
-1.4233
0.0394
-0.5914
-0.9138
-3.2582
-1.4759
3.0408
1.3739
-1.6616
-1.213
-0.0525
0.7413
1.4176
-3.3062
-1.4757
0.5624
-0.6195
-0.3449
1.863
2.0764
0.6401
1.6671
0.1865
3.7807
-0.4022
4.1498
1.4709
2.40499
2.8219
-0.3188
1.4955
2.1991
-0.6271
-1.4488
0.9464
-3.1539
-1.7575
-0.5287
-0.7385
-1.5101
6.8515
-1.2632
-0.1146
-0.98368
0.3445
-0.8321
1.404
-1.7211
0.9138
-1.036
-1.11951
0.152
-0.4326
3.9421
0.83963
-0.72572
-1.09349
0.8554
0.2239
2.30169
-0.2899
0.2361
-0.4311
-0.4403
-0.455
1.7773
2.5416
-0.63102
0.2118
0.4766
4.2338
1.1206
2.596
0.7744
-0.3775
-0.194
-1.2507
1.6151
-1.7588
-2.3877
-1.34452
2.31696
-0.3106
0.485
1.61
-0.97497
-10.31034
0.53146
7.85431
-1.032941
0.085016
-0.6215
1.78909
-0.792
0.8493
0.4059
-1.91147
1.06
-0.20628
-0.7924
-1.4995
-2.0994
-0.9252
-1.72197
0.472
0.70083
-0.8231
2.111
2.29106
0.9091
3.1018
-0.0915
-0.8739
-1.30175
-3.22046
0.66455
-2.50892
-5.6696
-0.462
0.7787
NA
-2.0934
-0.81634
5.0834
-0.550965
1.31765
0.83306
0.0811
-2.2602
-1.1158
-2.56635
0.32
0.1397
-1.51447
1.2278
-4.3954
0.17777
0.65632
-0.54225
-0.0286
1.45958
1.79681
0.6031
-4.3573
3.3102
-0.4285
0.71603
NA
-1.2382
-0.3647
0.9315
-0.617
1.4959
-0.6127
-2.28643
-3.8688
-6.3944
0.7161
-1.1977
-4.1217
1.0089
3.11062
-1.3355
0.406
2.9082
-1.4675
-2.25872
2.1972
-0.2525
-1.38802
-1.5059
-0.2759
1.61197
1.7499
0.5432
3.0887
0.705
NA
1.7591
-0.2636
-0.8387
-0.20343
-2.07792
-0.594
2.88929
-3.5272
-2.9685
-3.86354
-1.17172
-1.1316
-0.1054
-4.2776
-0.5493
-0.6239
0.98067
0.8512
0.8897
1.0849
2.2915
NA
3.0574
2.222
NA
0.3364
0.3591
-1.1175
-0.4305
NA
1.24965
-0.04153
1.30415
0.6626
1.8138
2.0599
-2.7098
0.03758
-2.1279
-1.22556
-1.6714
0.048
0.19576
-0.1284
0.1187
0.78613
0.9306
2.36142
-1.9419
3.0588
0.56472
-1.40035
3.7909
1.860879
-1.596176
NA
-0.5019
4.03284
-1.3728
5.4887
-4.8921
-1.80185
0.06453
-0.01056
1.08958
-4.6211
-3.95189
-0.931793
-2.17356
-0.9026
-0.422359
0.95217
1.475
-3.4418
0.34703
0.03794
-1.97409
1.4443
0.2831
-0.7668
0.178472
-0.68564
-1.1087
-0.276
3.96964
-0.5131
-0.50689
1.96797
-0.51458
0.4006
0.92944
0.1473
3.9852
-0.1976
2.2579
-1.3355
2.0777
0.226
-1.8492
-0.32566
-1.7456
-2.28561
-0.44783
-4.589
-0.7735
-2.3548
1.945063
2.318975
1.1221
-0.3128
NA
2.1829
-1.1986
-0.8244
0.2012
-1.92923
0.3485
0.0638
1.98708
2.4318
-0.5179
-1.44871
-1.6478
-1.6224
0.8747
0.38897
-0.6744
-3.38273
5.8453
-0.78031
-2.93951
0.224
2.2809
-3.0245
0.553
-1.17427
0.8789
0.365
-2.4345
0.4646
3.4407
-0.2815
0.69977
-0.1174
-1.74826
-0.0549
-5.3009
0.86
3.0533
-0.0437
1.673
-1.2288
0.57279
-1.05
-0.58782
-5.66968
0.8846
1.1285
NA
-0.7991
-0.2076
1.8554
1.6922
-0.1948
4.25417
3.1632
-2.7499
1.5316
-0.4239
-9.643
-0.9261
-0.03166
-0.824
1.7729
0.548
-1.7903
0.9453
-1.6806
2.47446
0.22703
-0.4326
0.7334
0.496
0.03404
3.9507
-1.31699
-0.8476
-1.56265
2.84
0.9982
-2.0546
2.0543
2.3864
-0.4821
-0.96601
-2.6406
-0.6302
-0.62656
-1.4953
0.17816
-0.4941
-1.5743
-2.06228
0.6724
4.3
-0.9013
0.36428
-1.3563
0.72723
0.8525
-3.3451
-0.1182
-10.9676
-1.19172
0.635034
1.17641
-1.1162
0.88238
0.4613
0.2418
-2.5365
1.279568
3.02259
1.07
-1.54
0.3183
0.4962
-0.33341
-0.15168
-0.558
0.85992
2.8116
0.1816
-1.407
-0.43465
1.09057
-0.8535
0.35278
-1.0535
0.3773
0.7853
4.677
3.99
0.3589
NA
-0.66777
-0.4207
1.5757
-0.93263
0.5432
1.44745
1.22898
0.113
-2.5585
0.3086
-1.0715
2.65423
1.7554
0.4462
0.1336
-1.0398
0.72734
1.2587
-0.58863
-0.1979
-0.41564
2.422
-4.67625
0.157
-1.8
-0.433
-0.40859
0.3623
-3.56
0.6443
-0.74282
2.21
0.0652
-0.82466
0.1641
0.6857
-1.89
-1.77316
0.4903
1.4222
0.8873
-2.3621
6.015
16.7579
3.9212
0.1347
5.16967
-1.6448
-3.7571
0.9983
1.30006
1.49705
-2.4514
1.06855
1.1601
-0.7308
0.544
5.7238
1.5189
3.3711
1.08115
1.58233
-2.2357
7.19221
-0.7138
-0.766619
-1.888
-2.4339
-0.0836
1.0954
0.751879
0.052
0.784
-0.0105
1.6461
0.16224
0.954
0.2127
-0.6459
-1.8175
-1.08661
-1.5074
0.53158
2.30752
-2.14
-0.07
6.93775
-0.6003
0.0335
-0.3828
-1.8687
4.86159
-4.0983
-0.2262
-1.0669
1.91955
-1.9038
0.6431
-5.125
-0.1907
-2.1092
0.3332
3.0583
-0.57497
0.5508
-0.1368
1.1318
-7.335499
-1.2999
-1.2454
3.37523
-2.43399
-2.77813
-0.31198
-0.8162
8.2137
-0.50982
-0.2998
4.2803
2.0426
1.18351
1.1639
4.48
-0.5914
0.6015
-0.026732
0.79967
0.5396
NA
NA
0.72184
4.70068
3.1512
1.60046
-0.8837
-1.7328
2.365
-1.7439
-0.9136
3.1554
1.0686
2.70502
-1.3171
0.9332
-0.0371
-0.05257
1.51
1.29
2.123931
6.30522
-0.5316
1.4737
-0.00632
-0.7529
0.1498
1.1142
-2.10513
-3.33238
1.5201
-3.54236
0.8358
-0.62531
1.0886
0.1587
-1.8311
1.46281
0.768
-0.69155
-0.96975
1.513
2.5767
NA
-0.77541
2.63299
0.78324
-1.2181
-0.7011
-1.6018
-0.345962
2.546
1.2164
1.20648
1.5411
-3.2468
0.37195
1.9803
-0.7944
0.59672
-0.72673
-0.18761
-1.981
3.65629
-0.9227
-0.8876
-1.95529
0.57168
-2.4983
0.514802
9.8617
2.1545
1.5193
4.25069
-2.3043
0.5085
-0.115325
-0.59404
4.5944
-0.919923
1.2804
0.60922
