1.8811
4.2691
0.9437
3.3682
1.8523
-1.0992
-3.09129
1.8342
-2.419
2.29515
-1.0411
-1.0727
2.80785
0.93003
2.029621
-1.512244
1.4168
1.6621
-1.5078
-0.2054
-5.842
0.21072
-0.38346
-0.3717
1.3774
-0.0867
-2.8799
0.4679
1.06367
-2.5981
1.2967
-1.54575
-5.6591
0.8618
-1.1038
2.5824
-1.1527
0.4724
1.11965
-5.1951
0.5324
-0.5721
-0.9116
1.5253
0.10515
-4.83998
-0.60845
0.3164
-1.40218
1.5952
-1.6647
0.35691
3.62557
-0.63879
-0.3648
-3.2557
2.5595
-2.09924
-0.1114
-1.7607
0.8269
2.3827
-0.9476
2.1446
-2.47951
-0.7801
2.5048
0.7733
7.1304
-0.93414
1.7357
2.5136
-0.6276
1.38487
-2.3795
-1.40182
1.173
-2.5459
3.08161
-0.7328
0.1402
NA
1.0532
-0.3951
1.6397
-1.14782
-0.24663
-1.0153
1.4821
2.4138
2.87699
-1.5447
2.554
-0.5481
0.402
-5.4634
2.59287
-0.031
-0.08271
0.675198
0.02074
-1.1144
0.51028
-0.4748
-5.09788
-1.614
-0.366
-0.0132
1.6123
0.66334
-0.4477
-1.49144
4.7945
9.0098
3.5847
0.9489
-5.4785
1.7188
0.23317
1.91145
1.8783
-0.025
1.6919
-0.994057
0.52645
1.80569
0.29042
1.07465
-1.156652
1.0177
-1.6163
2.8711
2.3238
-0.95454
0.7526
0.65206
0.2163
1.92019
1.9555
1.1104
-4.4776
-2.3077
2.4547
4.5339
-5.7663
-1.27195
0.72534
-0.2175
NA
-1.5147
0.900386
0.11069
-10.4964
0.6799
-0.7463
1.0822
NA
5.2869
3.1018
-1.0888
-3.6965
0.5526
-2.547
-0.4332
0.82816
0.53907
0.97517
1.1446
1.67453
-1.3265
-1.180019
0.45264
4.0231
2.452
-0.7113
-3.7705
1.8826
-0.398
-0.5764
1.4698
0.7187
-0.89428
1.3592
-0.9754
-0.3933
-1.1094
2.41842
-0.22906
-0.6235
1.1812
-0.3378
-1.1239
2.30987
-1.205
2.546
0.81296
-2.85496
1.3074
2.4024
0.263131
-1.044
-0.5114
0.27969
-0.5348
2.31136
1.1456
-1.5462
-0.3938
-1.97036
-0.2814
-1.0321
-0.8938
0.4078
3.1763
-0.4574
-5.22291
1.6044
-3.3035
-5.4784
1.1778
0.9313
-1.2876
0.96873
4.02357
-0.3547
-4.18799
3.6797
0.3505
-1.1639
-0.87779
-1.08576
0.999
-0.499
-0.9987
0.23121
19.31975
2.5139
-0.7152
0.22043
-0.5053
-2.738484
-0.9112
-0.8025
0.4819
2.8993
-1.0898
0.2799
-0.44325
1.0788
-0.6686
1.3707
-1.2888
-1.47562
-0.11896
0.1525
-0.87301
-1.02337
-0.6991
-0.2913
-0.03591
-1.0436
0.0695
0.9761
-1.7401
2.005
0.2446
2.06855
1.9105
-2.97451
-0.83845
-2.3907
1.3827
0.6892
-1.887
-2.48671
2.39644
-0.6983
-1.75907
-0.30812
-4.0328
-1.4447
-3.2152
1.333465
1.40887
0.3386
0.6107
4.11986
-5.50472
-0.2205
-0.3884
6.7696
6.55128
1.3287
-0.276046
-0.2486
0.1208
-6.23123
-4.292
-1.0556
1.45681
1.38402
0.01344
-0.7991
0.8836
0.0512
3.4236
0.2478
-1.0012
-2.6572
-6.019
-4.2451
2.3524
-0.7379
1.572
0.9449
NA
-1.80485
-0.7659
1.33269
-2.1435
-1.0146
2.71088
-0.58545
-1.1281
-1.50381
-21.6959
2.95806
-1.1192
0.46467
0.8551
-0.605143
-0.7551
-12.0903
-0.753634
-1.0396
0.425573
0.846359
-1.477353
-1.7549
1.698154
-0.92155
-0.33217
-2.8208
-0.8295
-1.7179
-6.774
0.29634
15.8944
1.3995
-0.46323
-0.364
-2.6157
1.8649
-1.0734
-0.6658
4.1497
1.2518
-1.0266
3.1218
1.5173
1.61343
0.5624
0.3831
0.56819
-0.8072
2.079077
-0.583244
2.988
-1.02993
4.526014
1.2498
-2.145246
0.50788
0.3005
1.8498
-0.0135
-2.291705
-1.4291
1.5844
-4.6049
-2.5426
-1.2137
-0.2668
-0.7026
-0.0286
0.0331
-0.4942
2.6618
4.85732
2.2416
7.7266
3.4457
-0.9534
1.9403
1.42058
-1.9972
-1.5329
2.146
-5.9151
0.1111
0.68414
-4.1303
0.9507
5.20775
0.6073
-1.3397
0.6648
-6.8575
0.0438
1.8408
-1.3254
-0.74053
-0.34324
3.0961
-0.7491
5.109212
-0.1131
0.85985
-4.55417
0.55456
1.1127
-0.49117
-0.00894
-0.46647
-0.9858
0.343556
-4.45133
-5.018208
1.76638
2.17622
1.8676
-1.14461
-5.7627
0.5812
0.8898
-2.69022
-3.1527
-2.83241
-0.7961
-0.4072
-0.0586
0.0563
3.00499
1.885383
-1.0434
-1.9548
-2.4278
-1.3045
-1.114
1.9566
-3.55051
1.2865
-1.0613
-0.088
-1.19737
-2.72334
-0.4442
2.2024
-2.8751
1.2462
0.801981
-0.6811
-0.90666
-3.9987
1.8052
-2.03386
-1.4776
NA
NA
0.5316
2.3902
0.7655
1.1903
0.1593
-0.7818
1.16591
-1.827294
-3.5891
0.95327
0.0255
-0.2372
-3.09967
1.738
-0.32941
1.0478
-3.79682
2.7589
0.5414
2.84908
-0.1714
-1.0863
0.8594
-1.4689
0.1758
0.04154
2.658
0.69485
-1.266
-1.88
-1.3981
-1.5751
2.6237
-2.81447
-2.93596
2.05319
0.34791
0.061
1.8687
1.0071
-0.10068
-2.7638
-0.4611
-0.6014
1.6407
2.9087
-0.2573
-1.66046
1.2236
1.8958
2.2804
0.77146
-5.0553
0.3389
-0.07906
0.1021
-0.4137
-0.6605
-0.286218
1.215051
0.399057
-0.41119
-1.7424
-0.1783
1.0497
2.2437
7.78131
-0.5642
-1.9998
2.60872
-1.8594
-0.9891
-1.5721
-0.1787
1.518341
-7.0409
-0.12289
0.52411
-0.52538
2.5873
-0.94212
-3.05483
1.16134
0.83648
-0.7272
4.0389
3.0409
0.2805
-0.6208
-2.00562
-2.75234
-2.97126
2.0994
-0.2521
3.7781
0.995
1.1991
1.28632
-1.0812
-0.5659
1.4658
-6.35487
0.94724
-1.0859
-2.296
-1.9633
1.0552
-3.2069
1.3325
0.55837
2.07119
-1.37634
-0.62302
-0.6952
-1.6435
-2.2645
-4.14944
1.3129
0.74038
-1.70537
-0.09649
0.33666
3.1496
0.38971
-1.4152
-0.04046
10.6338
-2.6892
-0.15849
0.46953
3.4699
-0.39769
-0.65634
3.9984
-1.08305
0.78311
-0.0591
-8.9518
-1.5154
-4.37
-0.9328
0.6544
3.6205
-0.1628
1.19296
-2.4436
-2.29745
-1.72168
1.24993
0.43505
-1.0796
0.5866
-0.2129
-3.8354
0.6751
2.4973
4.187195
2.28974
1.77788
-1.97493
-1.42586
-0.5016
-1.190312
4.134787
-1.9472
2.18828
0.576
-1.5485
-1.1369
-2.1327
0.1075
0.51031
-2.86118
-0.7668
0.4764
-1.33674
0.4088
-1.7403
-0.3245
1.482
-0.5683
3.1822
0.9076
2.8394
-1.3484
2.8674
4.1037
4.06334
-2.7062
-1.7192
-1.2407
0.023
2.39371
-0.75492
0.33265
0.42677
-2.53837
1.82678
3.02263
2.46581
0.98509
3.1223
NA
-0.7552
-0.2146
-3.25229
-0.794
6.0944
-1.7543
-0.6345
-1.07702
0.8797
2.30216
-1.0311
-1.30989
-2.3578
0.10969
2.04435
1.15623
0.3746
2.42575
-0.39044
-1.3582
5.1466
-0.2226
-1.3596
3.1453
6.1078
4.0749
-0.6124
4.3721
-0.1874
-0.5096
1.243
5.926
-4.8453
5.1689
2.1091
2.8605
8.4275
1.031
-1.1209
-3.7273
4.491
-2.1586
0.1137
-3.2262
-1.4535
-0.9879
-0.0604
-0.4016
-1.2479
-0.0331
-2.0784
0.3215
-1.0605
0.6199
-0.7207
2.1694
1.0688
-2.0269
-0.5992
-1.3356
-0.8535
1.1953
1.2466
-0.8753
2.0058
-1.3431
-0.4006
3.5483
1.0607
-1.7138
0.5605
3.3448
-0.0677
1.3859
3.7123
2.9021
-1.5579
0.065
3.5489
2.2878
-0.4573
-0.0549
0.0888
-1.5173
-2.6868
1.9986
0.0246
-0.814
-6.1735
-1.0823
-1.2997
-2.6642
-1.23119
-0.23099
1.5947
-3.38912
-0.33828
0.9529
-0.48797
-0.31341
-0.79892
2.22917
2.7074
1.16193
0.01627
0.5634
-0.67615
-1.0062
10.35545
2.37453
-0.69231
-2.86539
0.0724
0.49882
-0.29177
-1.64251
4.18424
-0.36
-2.12965
0.84535
2.0359
1.12953
-2.06184
1.0416
-0.22735
-2.2367
-1.2168
-0.61209
-0.85386
2.063
-0.52933
1.81867
0.97826
-2.07845
-1.11807
-1.2116
-0.54757
0.6549
3.07489
4.5368
0.78633
1.75007
2.24796
2.9334
7.2428
-0.95139
2.31282
-0.44218
-0.0178
2.02572
-1.1469
-0.7891
2.67901
0.61029
-0.25227
0.44071
6.07557
0.69189
1.08683
-2.99074
0.74429
-4.2836
9.7253
-1.6334
-0.1686
-0.78918
6.79418
-1.88555
0.7273
0.5124
-0.18614
-0.71713
-0.7102
2.61385
2.2231
2.39596
1.87767
-0.01766
-1.91828
1.45273
-1.15564
-0.48155
-0.7258
-0.30721
-0.92816
0.4199
0.7925
-1.0469
-4.0487
-1.6271
0.4546
-0.3203
-2.6738
6.1096
-1.554
-1.3063
1.1673
-0.1673
-3.33115
3.05747
6.5423
-7.02271
0.49184
-1.4213
0.07917
1.89413
2.81664
-0.0254
2.28411
-0.87071
0.21084
-2.9746
1.5007
-2.86567
-1.81401
-2.29534
0.92201
-1.4467
6.4336
2.19893
-1.82234
-1.50079
0.01167
0.8337
2.0335
1.3171
-5.2522
2.50901
2.08788
0.78607
1.50843
-0.0088
-2.75227
-1.3414
-0.0862
-1.19785
-0.17612
-2.19128
0.7143
1.67792
0.5691
4.13651
-4.85839
-0.14209
1.5599
-0.37179
0.6085
0.7661
-0.23619
-2.4466
12.9324
-2.29488
0.09363
-0.3432
0.0346
-1.46327
0.97762
4.1426
-1.25535
-4.15896
1.0884
-0.34841
-2.3386
-1.833
0.5816
0.6463
0.2863
-0.5982
-1.7704
-0.1013
0.6594
1.3155
8.5422
-4.5603
-0.1219
0.5034
-0.7872
-0.2942
1.6525
0.2204
-1.2671
-1.7952
-2.0337
2.7067
-1.3657
-0.45641
-0.2854
-1.472
6.18057
4.96486
1.26074
1.11494
1.71972
-2.54766
-7.56307
-1.269
0.17733
4.43959
4.5124
6.17169
-3.9911
-2.9362
2.16237
1.93206
2.19539
2.04246
-2.8729
-1.82183
-1.08908
-0.0759
-1.72596
3.2749
3.6501
0.04123
2.65978
1.95538
1.60318
-1.33644
-1.712
-1.283
-0.7059
3.51866
0.0685
0.0393
-0.17802
0.5652
-1.2915
1.02855
-0.4932
4.5925
1.1252
4.20006
3.53482
4.81225
2.4955
2.20241
0.91072
-1.67749
1.55916
0.92373
-9.10727
0.2328
-3.655
2.53533
0.2689
0.97848
-3.5643
2.6358
-5.3898
-3.6464
-0.3563
-0.76827
-5.4634
-3.4473
-1.17655
3.181
1.64942
0.0589
2.13864
-0.40152
1.8482
-4.0976
1.67265
3.0204
1.05037
-0.08744
0.46866
0.63272
-1.37339
-1.39436
-0.64411
-0.20111
0.6221
2.8865
1.48178
0.4905
0.37777
-1.72832
0.55613
-2.09451
-0.8048
2.52002
1.78985
-1.2506
1.08511
0.513
1.57124
-1.33554
2.03296
-3.3454
0.71331
1.52213
-1.04744
1.33923
0.5935
0.13967
-2.19754
0.10598
-0.8052
2.7331
-0.4176
2.78012
0.58046
0.58098
-1.76737
1.1251
-1.38874
-1.3237
3.4654
-1.34676
-3.33318
-0.94582
1.89614
2.2705
0.99111
-1.32857
0.3696
-3.18686
-1.43071
0.8113
-0.95057
-0.7642
1.8996
2.50497
4.77714
1.7617
3.4388
-1.6659
-0.0334
0.9496
2.664
4.47199
0.75351
1.21432
-0.1146
-2.2306
-0.18348
0.61103
-1.9146
-0.49075
0.09128
-2.0907
-4.16966
3.13504
1.44432
-0.2163
-3.76008
0.95865
-2.6434
-0.965
1.2132
-0.4322
-1.77566
1.3426
1.0298
-2.15736
2.516
1.19782
-4.60981
-1.08106
1.62404
-0.75863
1.1721
-1.5241
0.74064
0.10586
0.3016
-0.2459
-4.9634
-2.176
-0.1595
-1.5792
-8.2545
3.4103
-0.2149
-11.7846
0.6633
3.613
2.9748
-0.8609
-0.6857
1.4224
0.0538
-1.764
-0.0221
-0.0649
-0.3089
-2.7241
-4.6289
6.5744
-2.4711
0.0472
4.2665
0.3922
1.9575
0.3934
0.4788
0.879
0.463
-8.094
9.796
-4.1766
4.114
4.2595
4.1999
0.3735
-0.838
-0.0413
0.1804
-0.3696
-2.3225
0.2225
-0.1095
-5.1087
-1.5386
-1.3192
0.918
-0.6934
0.4919
1.1334
-2.43
-0.8501
1.7022
-0.0102
1.9096
-2.0912
-0.0138
-0.3741
-0.9805
-0.6355
-0.651
1.5901
11.908
1.9271
-0.1118
1.1307
-0.6511
-1.7999
1.4707
0.6619
-0.5865
-2.9959
-4.2754
0.059
-0.6258
0.24552
-1.19186
0.18902
2.1652
1.2246
-0.09347
-0.534
0.5685
2.18538
0.60689
2.6246
0.60173
-0.75879
4.59349
-0.8937
-1.50088
1.37895
1.30609
1.61621
0.7682
-0.24383
-2.2806
-0.2946
0.5598
8.2134
-0.73336
-1.0972
2.75872
6.41329
1.06595
-0.76221
0.70073
8.6458
-1.4834
1.3116
0.1558
0.24115
-2.79759
0.5599
-1.58479
1.80546
1.50687
0.69176
0.37586
-0.6393
-2.5639
3.24646
-5.8607
2.5482
-5.24749
-0.66292
-0.83304
1.4072
0.5621
0.98235
2.81416
4.97386
-0.0676
0.6893
1.45416
-0.74226
-0.2435
-0.2149
15.85635
-0.81386
-18.2621
-0.3999
-3.57539
-0.4128
-0.86217
0.16128
0.7007
1.1436
-0.90474
-0.26616
-1.43326
1.12072
-1.01164
-3.1752
-1.17161
-0.37773
-1.1211
0.1402
0.25649
-1.03684
-1.13602
-0.17501
3.0253
1.6111
NA
NA
-0.0392
1.2523
-3.438
0.631
-0.3954
0.7268
-1.897
-0.8802
1.5102
-2.0338
-0.8378
NA
1.9592
0.2082
-0.2148
-1.0938
-0.3375
0.3346
2.6025
0.8048
-0.0159
-1.6561
0.336
-1.9888
NA
-0.1353
0.0534
NA
-1.6176
NA
-4.422
NA
0.6935
-7.5013
NA
3.6266
0.6334
2.5853
0.1969
-0.018
0.3109
0.5477
0.8997
-0.6176
3.9171
-0.4574
3.9215
1.0937
-2.4561
-1.276
NA
0.52183
-0.0979
0.6136
NA
0.7633
-4.2606
1.2685
0.1003
0.9564
0.9214
-0.3255
-3.4785
-3.2388
2.2787
2.4819
-0.9454
-3.0206
-2.5712
5.7064
0.5181
3.4013
2.8332
-1.875
-5.0819
-1.3617
-2.1418
0.968
0.4152
-0.2201
1.4089
0.8644
0.2548
0.3574
2.2003
2.0623
-0.2281
-0.0648
3.3622
-0.8978
-2.0468
-1.2611
0.093
-1.3024
-1.4142
-5.1815
0.6475
2.3407
1.13409
-4.41287
1.2949
-2.5682
3.20927
-1.12802
-2.74337
-1.68191
-4.45505
-0.6826
0.9125
0.9841
1.10506
-1.56498
0.11582
2.9609
-1.5947
0.24617
-2.80704
0.83262
-2.93547
-1.03816
1.00424
2.56245
4.99654
-0.67629
1.51692
-0.93366
1.36372
3.88086
4.42834
0.8614
-0.0744
1.6214
1.1511
-0.56347
1.64171
-1.3951
-1.29209
2.5605
0.34053
2.257166
0.2449
-0.923066
1.127513
3.858
0.354655
0.193473
2.8546
0.394467
-3.720484
1.2381
-3.397158
-0.292517
-7.917204
-3.219
1.5289
3.207658
1.5754
-0.5735
-1.951725
5.0167
-0.14101
1.840835
-1.119802
0.0258
-0.1056
0.4481
-0.847
-1.00753
1.298231
1.95673
-0.267325
1.256847
-2.659317
4.3704
4.7646
0.802553
-1.0433
0.5612
-1.9681
-0.9335
-2.073619
0.0246
-1.858101
1.787551
-1.1417
-0.065141
2.3406
0.199352
4.6779
0.509687
-3.8921
-2.378237
-0.692139
0.167141
-0.485626
-0.910354
-1.505091
1.290053
5.72703
0.9325
0.823791
-1.241628
-0.936534
1.668932
2.672464
-1.1014
0.4967
-1.2467
-0.91545
-1.6482
0.4976
-0.5066
2.3215
-0.9746
-0.4465
0.8058
-2.4904
1.2268
1.701
-2.9015
-0.9731
1.7378
1.9332
-0.746
0.2076
1.8939
2.9247
-1.3108
-3.3528
-0.2063
-0.0151
-0.3603
1.13
0.5218
0.0371
-0.516
-0.5638
-1.1711
-0.8163
0.2105
1.8788
-0.6678
0.7909
1.4874
1.4651
3.5569
-0.534
-1.6288
-1.1662
1.5509
-0.4425
-0.3661
0.557
-0.5765
-0.3235
-0.6684
-1.2649
3.1352
0.9703
-5.6653
0.0812
2.7524
1.5121
2.7359
-1.9571
-0.3643
2.3705
8.2054
-1.7189
-1.2797
-0.5307
-0.1877
1.2861
0.8534
0.1994
-0.0636
0.4215
-0.8128
-0.3115
0.1137
2.1249
1.3104
-0.624163
0.17797
-0.42591
-1.56543
0.6353
-0.3636
0.989289
-0.3035
-0.39484
0.7654
-0.7651
4.1127
-0.5913
0.6392
1.5055
10.0968
0.9081
-1.7546
1.2639
-0.5303
-2.5867
-0.81256
1.48578
0.8396
-0.4959
0.165362
-1.5409
-0.5838
-0.66897
-1.557141
-1.3377
0.40128
0.6676
0.6196
-0.99799
-1.6428
-1.18176
-0.6025
-2.68173
-4.9794
-3.11471
0.41335
-0.44391
-1.07967
-5.3287
-1.55244
4.5038
3.63361
2.29308
4.32698
2.48372
2.7004
1.3362
-0.7387
1.00593
-2.62621
1.84934
2.89745
-1.75472
0.82486
-2.1343
-0.52631
2.057862
2.37443
0.9984
-1.011368
-1.758593
-0.912294
-0.474191
-0.876379
0.1596
-1.8434
-0.84616
-0.88706
1.5806
2.0261
1.12455
-1.09987
8.1916
-0.4545
8.208
2.9122
0.2359
-1.44418
-1.5294
1.2405
-3.354
3.437
-0.3309
2.8525
2.9093
1.2707
0.3154
-1.2173
-0.4382
1.2435
-2.01405
0.5275
1.42083
-0.41797
4.58005
-1.1886
-0.0174
1.5762
2.0684
1.7373
-1.4607
-2.6934
2.6057
0.3761
3.1255
-2.844
-2.47968
0.4044
-0.4648
-0.78546
2.34219
1.4662
1.8647
1.6473
-2.8975
0.4127
-2.9764
1.7292
-2.6946
0.96893
-1.4101
0.6893
0.7761
1.31409
-2.44393
1.63765
6.5589
-0.13878
-1.314
0.7482
-7.59921
1.724
0.666
-2.972
-0.7101
0.16789
-4.0429
-2.0783
0.7144
-0.2108
1.1081
8.908665
-3.9198
10.7676
1.41681
-1.9875
-1.8284
2.6659
2.66194
-0.08806
-0.75927
-1.51797
-0.97613
2.2839
-5.19235
-0.0129
-0.7413
2.2427
-0.2822
1.7061
-1.93707
-2.19135
-2.24661
1.7221
0.22054
-2.13649
0.1895
1.61234
0.90289
0.2863
-0.36581
-2.01253
-0.1716
-1.92603
-4.34633
1.239
1.6737
1.3275
6.81605
-0.0037
-0.0646
-0.31811
1.57437
1.00417
-0.18771
0.59834
-1.3603
-2.60785
1.9302
-0.8758
-0.4855
0.3748
4.66456
-1.2986
2.6118
-1.45672
1.10273
1.32076
1.70305
0.674
-0.5575
0.8276
-0.263688
-5.5368
2.5933
-1.0997
-0.5922
-0.40536
0.4836
0.75469
1.6997
-0.844
-0.47759
1.05792
1.71599
1.0595
2.6005
-1.1958
0.38849
-0.85232
-2.1885
0.90924
-3.1071
2.8635
-0.7115
-1.54396
0.40403
-0.179403
2.022787
3.0609
-1.9709
-3.5737
NA
-0.8163
NA
NA
4.2452
NA
0.5959
NA
-2.4577
NA
1.4693
-9.5191
5.6535
1.3644
-2.6363
-1.1658
-1.8014
6.8289
0.8774
-0.0806
-1.0905
-2.7193
1.886
1.4532
-0.89613
-1.84858
0.31714
-0.3635
1.0699
-0.2399
-0.7194
1.0901
-0.2907
-0.2119
0.9868
1.7037
-0.72656
-1.97507
-0.9827
1.8274
2.172317
1.2239
1.211255
0.723378
1.562907
6.88413
-1.4797
0.2661
-2.16143
1.2255
2.47909
2.15538
0.67501
-0.63231
0.03975
1.8213
1.6515
-0.65375
-0.0147
-1.83489
-0.78806
-0.41752
-3.48097
0.71597
1.46764
1.43534
5.5532
-1.2586
-2.09441
-2.0596
-0.2865
0.9692
-2.33543
0.2295
-0.1567
0.2043
-0.4738
-0.2266
-2.79079
-0.40448
2.6527
-3.30772
-3.1432
-2.74762
2.04726
-0.1945
3.97086
-4.37505
-2.7146
2.41216
1.1708
-1.64442
-0.5654
-1.7408
-1.98715
1.5271
0.6531
3.6112
0.82659
-0.9959
2.94648
0.53055
3.22693
-0.2728
-0.20501
2.9025
0.2094
1.8156
-0.5963
-0.0491
-0.2883
-2.4475
-1.2866
-1.3828
-3.9607
0.63909
-3.1995
-1.9577
-1.8887
1.73087
1.8515
1.80085
-0.36427
1.14671
2.6271
0.0516
1.3052
-0.3374
-0.6773
-0.5081
-6.28
2.4163
2.8905
2.4846
2.1528
-0.4685
1.4111
1.5672
-1.0415
0.0427
3.1764
0.1149
-1.95552
1.97899
1.2849
-0.000203
-0.4826
0.661622
0.8134
-0.81101
0.06882
-2.38358
-0.2787
4.4801
1.41237
0.88148
-1.27587
-0.21033
3.4514
-0.0508
0.04668
0.0118
-0.1781
0.0813
-1.9982
-0.2225
-0.24392
-3.96517
0.97344
2.21562
-0.7718
1.20028
1.47168
2.14925
-0.58116
-0.61785
-0.2316
-1.0022
-1.1988
0.2709
0.1238
-2.0174
-1.3638
-1.3638
-0.3785
1.55445
1.19946
1.67592
0.78603
0.7874
0.3981
0.3025
-0.4538
-3.24395
-2.5654
-0.9471
1.91149
-0.14862
2.74544
0.66228
-1.9212
-2.44908
2.31567
-1.2073
1.5676
-0.1897
1.25844
1.3746
1.68085
-0.068134
0.9319
13.7638
5.11875
4.74708
2.23519
-0.05091
0.69044
1.2345
-0.1323
0.51358
-0.028
1.02524
5.6102
-0.48323
-0.11769
0.59652
1.58075
-1.79332
0.9226
-2.0473
-2.6922
-2.0109
-1.62551
-3.0495
-0.2817
-5.6078
-2.62677
-0.9258
3.46614
2.58431
-7.06089
-0.973
-1.8426
-0.9568
-1.509
1.6745
-4.20397
2.52647
-0.9389
0.8146
-4.9407
-3.9547
1.7858
0.2434
0.1628
-1.9635
0.1209
-0.8401
-2.0564
0.6825
0.0891
-1.0241
-1.8692
-1.38191
0.7651
-1.86849
-4.10718
0.7192
-0.3553
-1.19395
-0.37337
-0.9082
-1.68872
0.23274
-0.2754
-0.665495
-0.88485
-0.7184
1.3122
0.28082
-1.30617
2.4621
1.4907
0.2007
-2.175395
-1.006247
3.818722
1.245076
-0.9084
3.4422
0.3867
1.404
0.3967
2.0873
-0.9358
-6.26181
-0.8066
0.3133
-3.9858
2.0585
-2.53409
2.33523
0.3898
0.50865
1.0611
0.1423
2.17432
-0.09899
-0.9191
0.9505
-0.45455
0.00759
3.629
0.4022
1.4091
-0.1473
-1.7186
-1.2002
-0.5253
2.3056
1.2757
0.1841
-4.6029
-1.6135
-2.1636
0.9673
8.7495
1.3437
-0.1169
-0.9606
1.1922
-1.4067
-0.2746
1.54196
1.6098
2.8882
-0.7044
-0.3992
0.9811
0.97874
1.2424
-0.08991
-6.0637
-0.9499
0.2623
1.0315
1.193
-0.2071
-1.74932
-2.7692
3.86384
1.7224
-1.9001
0.39125
0.67085
0.09001
0.50279
-0.3568
0.3568
-0.4237
-0.22368
-0.6597
1.918
-0.87039
-0.1825
5.6218
0.4312
2.3451
-0.2034
-0.9611
0.5726
-1.0899
0.3225
1.3247
0.80051
0.9198
0.43105
0.54655
-0.379439
-0.2297
0.743
1.6447
-0.67979
0.84854
-0.81188
0.56328
-1.9478
-1.2427
2.2704
5.4408
2.9957
1.6153
0.3255
-0.7618
3.2993
1.4524
1.94768
-2.1323
0.36774
-0.8923
-1.20384
2.3648
3.28015
1.7672
1.0419
-3.2778
-0.9742
-2.7986
-0.2636
-1.8736
0.19181
-0.53532
1.9265
-0.9174
0.8747
0.2361
-0.80899
-0.0762
-0.8511
0.5344
1.5649
0.9896
1.04219
-2.20504
1.56532
1.2566
-0.75064
-3.238
-0.8956
-3.5808
-0.383
-0.9019
-2.6095
-1.3586
0.46563
-3.53068
-1.90869
-0.4139
0.08564
1.69566
0.432
-4.0896
-1.094
6.1092
-0.4457
-2.7312
1.4989
-0.5132
-1.34172
0.7102
1.84249
0.61954
0.343
0.31398
3.0751
0.1758
0.1604
-0.1962
1.2145
-1.0073
-2.1455
-1.3453
-3.4069
0.1336
0.1784
2.363809
-0.812022
3.8019
0.657214
-1.385872
0.7125
1.719743
1.4694
-0.775172
-0.7882
-0.419
1.76433
1.86729
1.05537
1.19359
-0.6539
-1.86018
0.9271
-0.6358
1.0695
-2.3312
-1.9368
-0.4096
3.7036
0.2031
0.7097
-1.1487
-1.37208
-2.89873
-1.5385
-0.84097
-9.16077
1.58978
2.79945
0.53332
1.70142
0.44204
-1.53751
1.20824
-0.89375
-5.27811
0.5393
-0.1085
-0.5003
-0.7935
1.139
1.6076
-4.0923
-0.983
-0.1473
-0.95911
-0.5599
4.4172
-0.2496
1.813657
-0.518031
0.669038
-0.680063
-1.325847
1.73403
-0.97586
0.8729
-0.64647
0.665
-0.3585
0.70522
-1.13643
-0.92609
-2.30436
-0.1966
0.39181
-2.2399
0.7123
2.11767
1.3223
0.54816
0.26273
-6.0844
4.75543
2.59486
-0.1707
-0.7567
-1.7091
-0.53999
-1.88271
0.8259
-0.4807
-2.1826
-0.14717
-5.20861
2.21759
-1.15409
2.6704
1.33321
1.8821
0.8734
-0.5311
NA
3.0793
-0.0078
0.1855
NA
NA
NA
NA
0.8295
-1.7079
NA
NA
-0.5132
1.2164
2.2556
0.6321
-0.51812
0.6749
0.235
0.60112
-1.63376
1.934
-0.9938
2.4434
-0.8057
-1.4391
2.23948
0.53255
-1.73178
0.3204
-0.1738
-2.02018
2.06286
0.06535
0.48944
-1.31114
-1.7676
-1.2364
-0.6818
2.0945
-0.0566
2.57379
1.18954
-4.2684
1.0482
0.885
3.8039
-1.4824
1.586517
2.54006
1.105954
-3.3622
-0.113634
-3.026157
0.385137
-0.026079
-0.417478
4.7521
-5.37732
-0.0111
-1.49746
0.84948
-1.33908
-1.06118
2.91515
-3.07041
0.0856
-2.75384
-0.25802
-0.713397
-0.619975
1.89529
0.8131
-1.585564
-1.185194
-1.133063
-1.1222
0.8033
-1.4851
-1.110722
0.539
-0.665393
-0.75921
-0.2453
1.64713
1.59952
3.6853
-3.769
-4.16611
-2.23531
-3.6598
-2.3078
1.3207
-0.5693
-2.6275
-1.7557
-0.688
0.3464
0.1712
-0.297
-0.4637
-0.7228
-3.4202
-4.317
4.445
-0.3646
0.6611
0.9229
-1.4127
-1.6573
-5.8125
-0.9915
-0.9223
-1.2883
-7.1648
0.1261
1.789
-0.4196
1.67512
0.81175
2.7774
-1.2453
-1.4725
-1.6447
1.2466
-1.53792
3.3359
0.6631
0.23672
-1.074
-2.544
0.15508
-0.0768
-2.20246
0.09548
1.33134
-0.90436
-0.7028
0.0211
3.69233
0.0356
0.1627
-0.41384
1.5787
-0.7115
2.3712
-4.66805
0.9903
-1.4833
-4.9449
-1.3903
-0.5312
-2.2137
-0.40546
4.34979
1.4068
1.556
-2.1043
-0.47366
-2.15966
1.2989
1.29531
-0.97239
-0.698
-0.0371
-1.72167
-2.01179
-1.62043
2.40054
-4.4462
2.9654
2.72883
0.44893
1.26471
5.18646
2.50869
-1.92289
-1.47223
-4.18837
0.68199
-3.66438
1.48451
0.65174
5.07795
-3.59417
0.9845
-0.73243
-0.51474
-1.04812
0.50305
-0.6541
-1.3058
-3.06909
-0.0847
-1.601
-0.8917
-2.26849
-1.1798
1.3117
-0.5189
1.879
-1.59227
1.05296
1.50724
-1.1377
0.00983
-2.69988
-1.9761
-1.39603
-1.42872
0.42504
2.19197
1.45724
-1.0144
-0.9239
-2.88827
-1.73542
1.11139
-0.0237
-1.8884
-1.6408
2.2659
2.40825
-1.7602
2.1108
1.073
-1.7932
-2.2901
-1.4427
-2.0248
-0.1927
12.2967
1.6271
0.6491
-1.4209
-1.6877
-0.1446
1.06595
-2.187
-2.3856
0.492
-2.60488
-0.89173
-3.4252
0.5165
1.4745
-1.5502
1.8281
-0.3808
-3.9209
1.9787
0.5508
-3.999
-5.2533
5.0049
2.0658
-0.8306
-3.001
-3.48
0.6081
-0.7433
0.59122
-0.80243
0.22873
1.6819
1.35036
1.45281
-0.6231
-1.0171
-0.4549
-0.7506
1.78722
-3.18024
-2.66864
-0.5821
-3.94258
-4.86536
3.89879
0.763
-0.6204
0.0771
2.4687
-2.0815
-0.9626
0.0183
-2.28605
3.878315
-0.5605
-2.4738
-2.9826
1.5121
-1.945
5.6761
-0.603
-0.2218
1.9654
0.2426
6.8226
-0.3618
2.4544
-2.6001
5.9946
-1.1914
-0.8814
-0.6
-1.8905
1.0782
-3.7847
1.4146
-0.7886
1.7236
1.4377
1.0419
-0.092
0.1075
0.0948
-2.4924
1.2982
1.0474
0.4013
1.3501
-1.0679
-1.0548
-0.7121
-0.383
1.2581
-0.4459
0.3108
-1.5797
-0.2826
2.0506
2.7129
-1.7821
-0.5405
2.1043
16.5495
-0.9036
-0.1466
-7.9067
-0.8589
8.2746
-0.9959
7.6687
-19.0008
-0.6552
17.1546
11.6239
0.9489
1.5229
0.6385
1.4061
0.6171
-1.4709
-0.923
-2.7348
1.5657
-2.5693
-1.3704
-0.2051
-0.1306
0.1177
-2.2009
-1.5087
-1.2304
2.5613
0.5906
-5.8097
-5.0599
1.226882
-0.786399
-2.082217
-0.6908
-1.6826
4.9321
-2.195979
2.261924
-0.1934
-0.054718
2.038961
-1.250387
0.311037
-2.5166
0.3322
1.701681
2.319097
-0.4853
0.689
-0.927796
-0.534376
1.458679
0.902325
-0.370439
-2.603077
0.528618
2.565999
1.0519
-0.956216
1.260464
-3.457268
0.827463
0.363635
-1.56117
0.3745
0.075097
0.774679
-2.111698
-1.68172
0.05978
8.5655
0.57967
1.22787
-0.78504
-1.0266
2.2155
-2.06536
-0.0583
1.43952
1.70339
-0.2273
-0.70135
0.9226
0.47815
0.4972
-0.80095
4.65522
4.6005
4.63734
-1.72602
0.51303
-0.8141
2.5835
-0.3482
-1.3567
0.596
-0.1379
1.4544
3.557
-0.6668
-0.3065
-0.0725
-0.6552
-0.2831
-2.4281
-1.5671
-2.1973
-1.0543
0.2768
2.4567
-0.3476
-3.0908
3.3076
1.7574
2.9234
-3.7412
0.7517
-0.8389
0.8641
-1.9781
0.2088
2.176
1.6102
3.5179
0.8008
0.8755
0.5147
1.2351
1.5427
NA
0.3815
1.5635
3.4647
2.1797
-0.5887
-1.9406
2.2915
-3.3687
0.1904
NA
0.3173
5.81915
-1.6248
-3.5237
-2.7351
-0.4102
3.355
3.4254
0.0592
-2.2938
0.6929
-0.2832
-2.2682
0.6591
-2.6646
-0.2986
-0.8629
1.5691
-1.33
-0.5832
-0.7311
-0.4614
3.88044
-1.71106
-1.209301
-1.99296
-1.14076
2.52204
NA
-0.50901
-4.14301
-1.07718
2.99078
-0.2631
1.469
-0.7018
-1.4346
0.9224
-1.2733
2.6543
1.4164
-0.534
0.1305
1.972
0.1578
0.0207
2.1911
3.1863
0.5114
-0.4018
-1.81854
0.61728
0.55464
0.85309
0.6
-1.21168
-1.41236
1.4724
-0.77183
1.13545
0.82343
-0.3117
0.71604
0.58223
-0.2818
-0.24485
0.8678
0.88908
-0.5445
0.17351
2.0035
0.1556
-2.8211
-4.06407
0.11529
1.75676
1.25731
-5.32347
-0.03843
0.58721
1.0178
1.4435
0.23769
0.34441
-2.04747
-0.7527
-1.25217
0.2187
1.37935
-0.98144
0.70576
-0.6655
-2.45756
0.191
-0.9651
1.42214
2.61898
2e-04
1.24839
1.7939
1.30794
6.4063
2.0844
-2.70415
1.29444
-3.09308
0.64533
-3.21513
-1.1986
2.975
-3.0291
0.17092
0.76968
2.403
-0.671
0.22471
-2.65246
1.44422
-1.18259
4.49131
-3.3891
0.17478
2.04899
-2.35502
0.00734
-8.75785
-5.3737
6.15905
-0.1193
-0.43017
-0.5485
0.5621
0.4288
0.2252
0.95309
0.5274
2.5717
0.26471
2.8675
-2.305421
-0.5375
0.0885
-1.0893
-2.55313
0.22516
0.3495
0.4508
2.5029
-0.11354
0.96075
2.21561
-0.24564
-0.6463
4.05531
1.46237
-3.07161
-0.25107
4.95535
2.51076
0.54978
-3.07568
-2.0477
0.655757
-4.11224
-0.09
1.3559
-1.76041
-1.1373
2.1636
-0.47096
-0.9582
-1.4603
-1.76926
0.715
2.1842
-2.75347
-0.27746
0.01866
-0.5088
-0.2769
-0.3988
1.8317
1.176988
1.579852
-0.430289
-0.9703
-0.1988
-1.313
-1.0043
-2.1071
-1.6202
-0.4423
-3.7142
-0.0092
-0.03471
1.6126
0.9245
1.306637
0.3863
0.7011
-3.5088
1.524496
-3.1784
2.929655
2.4125
-1.5627
2.07439
1.24998
-2.03824
7.3305
1.214873
2.363
-0.7022
-0.3707
2.14826
1.6857
1.2443
-0.86555
1.26401
0.6913
2.060145
-0.2821
-0.51654
-0.0262
0.3127
0.2768
1.4829
0.852851
1.575587
-0.0283
-1.5315
-3.82348
-1.1834
0.33511
-0.7276
2.5351
-1.7152
2.611
-0.14311
0.641
0.5632
2.76287
-2.7273
4.675561
-1.3923
0.513
0.922
-0.7092
-1.493611
1.269661
0.3781
2.3358
1.5115
-0.3307
-3.80256
-0.1387
-0.40552
1.90095
-1.1439
1.76076
-0.78453
1.2693
0.54325
2.2003
1.124559
-2.631826
-1.225035
0.9372
0.7352
0.89119
0.0894
2.4412
-3.9365
-0.35773
1.814
12.82943
-0.80774
-0.19995
0.0051
-1.8195
-0.5344
0.2876
-1.7328
0.2202
0.4873
-1.7014
0.4241
-2.0268
-1.7224
1.2576
0.6694
-2.29328
-2.015473
3.0275
2.2393
1.7127
0.9512
1.2695
-0.18232
-3.2253
2.1017
0.9559
-5.8961
-0.23183
0.4514
-0.2755
4.7292
0.51074
0.16251
-0.05294
-1.1977
0.9861
0.504653
0.9696
-0.4162
1.0772
-4.37701
-3.67703
-2.6037
0.2093
1.0588
1.5368
3.4748
-2.3204
-3.70127
2.5807
-0.8794
0.61971
0.4252
-0.28816
4.519669
0.120008
3.1471
0.9061
0.6557
-0.6554
0.55755
1.6232
-0.38919
-0.00752
-1.6989
-2.3762
-1.1473
2.4206
0.6349
-1.5787
-1.80847
0.50759
-0.7886
-0.2692
-0.1721
-1.3614
-0.7588
1.8897
3.9765
1.7221
-0.5085
1.8494
0.2398
2.22504
1.0989
2.0543
-1.03378
4.168
-0.1726
-1.1665
6.93417
1.8295
2.56166
0.95278
-0.69324
0.4999
2.6309
-0.3463
0.2864
-5.3591
0.2491
-6.92499
0.6926
-1.6436
0.4933
0.69177
0.31596
3.61672
1.07829
-0.7147
0.90202
-0.57354
2.10129
-2.00849
0.2612
0.91238
0.4839
0.35063
0.1384
-1.3187
-4.0982
-1.5356
0.11934
-1.6803
-1.0245
-0.12435
2.17238
-2.5307
0.84807
0.3438
-0.73768
-0.3618
1.34516
0.9821
2.714
10.3385
-0.74204
-1.4312
0.4931
0.6632
-0.26117
0.661
1.89173
0.91332
0.73679
1.3627
-0.4502
-0.938452
1.09666
-1.1025
-0.3421
-1.16312
1.16601
-2.79885
2.81602
0.4937
0.85589
-2.9883
-0.4877
-1.2184
1.9707
-0.0207
-9.3563
6.19334
2.7243
-0.3626
0.9134
-0.1369
-4.1469
-2.103
-3.9006
0.2781
-0.7082
3.0479
-1.19511
-0.7317
1.8244
-7.4793
3.127
-1.3325
-14.0131
-2.6507
3.5994
-3.8743
1.8375
1.1904
-0.2657
2.94718
-4.2251
-2.8965
1.49713
2.34726
0.5099
0.03356
-3.3658
-3.0543
2.10917
0.47811
0.5004
-2.1372
-1.275
1.95959
3.79421
1.8162
2.6129
12.07255
-2.31196
-1.80601
2.37153
-1.20516
1.0191
-0.1892
1.4146
-3.59387
-2.5708
0.5467
-0.1622
-2.4481
-0.3869
2.6553
-0.4997
0.6082
0.8892
-2.1947
-0.1543
2.44528
-0.5103
-0.2069
-3.0263
0.0764
-0.5058
1.4136
3.54594
-1.0157
0.1741
-0.8019
-0.3169
-2.2809
-2.39343
4.55835
2.69978
-0.80749
-1.8543
-0.0035
-1.35825
-4.2126
-1.58444
1.39125
-2.80493
-1.0523
-0.58248
-1.432
3.1436
-1.9622
1.3831
-0.25229
-2.4161
1.7508
1.7782
-4.9794
-1.1467
10.74284
-2.6177
-2.3589
3.21031
-0.3809
-1.06834
0.3064
3.7332
-3.6224
1.61516
0.3273
-1.94467
0.70599
-1.40176
-3.2152
-2.0908
-0.5307
-0.9399
-5.2614
6.2138
0.2222
0.1992
1.3789
-1.26962
-1.07577
3.47458
-0.83247
-2.75927
-1.4003
-4.3829
-0.4414
-1.776
1.2188
1.3415
-0.4895
-4.7531
-3.2852
1.0794
-3.2875
-0.2501
2.4175
1.9116
-2.6035
1.87459
NA
NA
-1.4273
5.892
4.7509
1.3181
0.44546
-1.63526
-1.77581
2.403
-2.5335
1.40644
1.6714
1.0945
1.9327
0.9851
-3.7639
-0.5099
0.6284
1.9641
4.4276
-1.7131
1.8936
0.4049
0.7334
-1.3992
-0.2647
2.3983
1.4017
3.4774
-2.561
1.3527
0.1488
-3.4993
-0.9356
-5.2414
0.2249
-6.2833
0.5633
0.4242
0.7469
-1.3391
-2.0741
-0.119
0.7872
-3.4242
1.182
0.1746
-2.9656
-1.9333
1.8994
-2.036919
2.038
-1.5983
0.5997
-8.7495
0.250276
0.503973
-2.1586
0.4355
-1.3129
-1.5677
2.759155
-0.9794
0.5914
-1.2641
0.8841
3.656757
0.9025
-1.1202
-1.5827
-0.411888
0.178877
-2.0118
-1.7303
-0.309039
-1.6008
2.068
9.0556
-0.2178
-1.4001
-0.190377
0.3842
-1.25702
0.4901
0.9537
0.8488
-0.5461
-2.6397
-1.2653
-0.2243
0.80298
-1.11118
3.5413
-3.1591
-1.6019
-2.0634
-1.25908
-3.8416
-0.6835
0.0169
-1.4761
2.0091
-0.41308
2.1906
-0.7428
-0.19284
-0.984643
0.8875
-5.5352
1.799
-0.56458
0.4826
-0.2682
0.14791
-2.86194
0.2174
3.1121
-0.6183
-3.5304
-2.6103
0.0616
0.9475
-0.00908
0.61701
-0.41574
-1.03982
0.7628
-1.2926
2.77543
0.4094
-3.225645
-0.18532
3.56198
-12.04764
4.14144
-11.54199
-0.4087
-1.75802
-2.18769
2.9139
-2.1958
-2.474
-3.8505
26.16663
-1.69542
-0.02583
1.39
-2.84966
1.45093
1.0684
2.3296
-1.0377
2.20825
0.8752
-0.87049
5.61751
0.5207
1.3918
-0.1026
1.6911
-0.2012
0.2055
-4.4608
0.6549
-3.0752
0.3736
0.26266
-1.54173
-3.42477
-5.7185
-0.773
-2.71558
3.75428
0.4075
0.65585
0.84007
-0.9183
1.8772
-3.2003
-0.7374
0.385
0.2224
-0.3117
-0.04
-3.1507
1.991
0.1947
0.0785
0.2507
4.6622
0.6126
0.2768
1.4116
1.0742
0.6205
-0.3768
1.3024
2.1981
-2.1496
-1.1183
-11.8172
-2.0993
-2.3852
2.3327
0.0212
1.6596
1.4061
4.4287
0.454
1.1069
-0.5473
0.3466
-0.3346
-4.6625
-3.0658
4.2281
1.94
-0.6963
-0.5837
-2.8321
-3.0502
-2.2093
0.7509
-3.4074
0.9024
-0.50784
-0.5722
1.0843
-0.34146
-1.0304
0.0069
2.33331
-5.80139
1.43301
-0.7746
2.4304
1.0619
0.00208
-3.69998
-0.37018
-0.8374
-0.8557
-0.3351
-1.89236
-0.5264
0.3041
3.10189
-1.90391
-0.34451
-1.01238
0.5966
-0.138
0.5912
2.8741
-1.6545
1.0014
-0.4115
-0.39508
-4.1232
4.57216
5.77213
-1.6596
-1.5646
1.01134
-4.66419
1.85906
-2.16266
1.84614
-0.1339
-1.0251
0.2157
-1.12484
-3.05798
1.66532
2.92888
-2.2022
0.55653
1.09993
0.68661
-7.2767
-3.3283
0.22661
-0.5141
2.3303
-0.6107
-1.55202
-1.84955
0.0424
-2.48361
-0.84077
1.2314
-1.0174
-1.30464
0.14436
0.49965
-1.1188
-0.93276
0.303
0.767
2.3013
0.9368
2.09174
1.3569
-1.1483
0.6498
0.352
1.7535
1.83249
0.18086
0.45028
1.7627
1.2166
-0.74808
0.51485
3.22435
-2.0989
2.0454
-0.7882
0.37964
2.02209
0.03459
2.8071
-3.395
1.0998
1.0653
0.90385
-1.40571
-0.06617
0.19569
0.21771
-0.5662
-2.3363
1.48699
-1.07229
-1.99879
-0.72178
-2.78102
-0.30537
2.13146
1.79822
0.1727
14.6487
-2.7793
-0.04419
1.74382
-1.5728
-0.36492
1.6908
-4.576
5.0035
-2.2822
-1.7304
2.35615
1.1122
3.6896
-3.2587
-0.03703
-0.4087
0.43998
-0.0288
-0.7075
0.75676
-0.53736
0.12704
-1.9217
-4.10934
-1.73015
-2.06192
-1.0767
0.3478
-1.40089
2.4722
1.78468
-2.7848
-1.20486
0.36305
-3.79389
1.6946
-0.26044
0.03864
1.313
0.3223
-3.00688
-0.3901
0.08575
-0.57209
0.13266
-2.54773
1.42574
-0.8773
2.64949
2.6017
-1.90253
-1.7112
-0.44452
-1.7472
-1.88392
-1.4066
2.3555
-3.574
0.721
1.6894
0.2736
3.45001
-2.52797
-0.22413
0.1096
0.7037
1.39919
0.639
-9.15129
-9.49561
-1.36516
6.10095
0.38696
0.5691
-1.06661
0.32903
5.19458
-2.394
2.4235
6.4172
5.12146
0.2195
-5.00394
-0.61757
0.8592
-0.45246
-0.4681
-1.9992
-3.814
-3.31825
-0.38645
-0.44109
1.93356
-1.29696
-0.9249
-0.87803
-0.7121
-1.88442
-4.7932
1.929
-2.29755
-0.034
-1.6256
-0.7961
-2.03599
-2.57453
-9.4067
-2.20515
-4.72666
-1.36233
-6.1094
-2.2558
-2.6281
2.1348
-0.4397
-4.7784
-7.5389
-2.37748
3.0643
-2.55028
-1.14607
0.80934
3.26936
-10.37475
-1.49184
0.0188
5.14868
4.69189
4.23683
-0.0292
0.8551
1.4258
-1.1715
1.5607
1.8642
-3.6271
-1.017
-0.6405
2.43629
0.67364
0.49261
-1.55309
-1.10107
1.0951
-0.12757
-0.981
-0.9139
0.10308
-1.928
2.0302
-1.7336
0.196
0.7809
1.2209
-5.1665
1.9188
1.2833
-1.76407
1.7468
3.08039
4.6111
0.8427
-0.44149
2.57988
-1.07785
2.05626
0.94444
-0.2807
4.1913
-0.21685
-0.0646
-0.38128
4.35477
0.0752
4.5051
1.6288
-1.0026
-2.4371
0.2112
3.5782
-0.6197
0.33732
-0.2049
-0.5822
1.38899
0.0202
-0.6332
-0.32666
-0.1565
2.3819
-3.1005
0.6733
2.7878
0.392352
1.12322
NA
-1.349764
-0.266235
-0.5879
NA
4.72242
-0.920167
-2.5249
0.53552
0.597
-2.6348
-1.3908
-1.2149
0.5593
-1.198
NA
-2.5934
-0.9321
-0.5798
0.6183
0.293749
-0.1216
-1.3011
-2.0873
4.1262
0.7577
1.30886
-0.6419
1.86158
2.6721
2.8691
-0.01501
0.8276
1.6966
0.9581
0.06863
-1.4767
0.7025
-10.31124
-0.3874
1.8783
0.2714
0.213068
-0.8094
0.8548
-1.9902
-2.9784
2.1705
1.7706
-3.29728
1.67365
2.50068
-2.5023
1.2399
-0.934
-1.3801
0.3401
1.3956
-2.4148
2.14994
-1.7109
1.0271
0.09139
-0.86392
1.81035
-1.4557
-1.9163
2.0783
-11.0693
0.0292
-2.76036
-1.8777
4.3116
-1.9083
1.76485
6.1217
0.412
-3.3718
0.18248
1.927516
-0.262458
1.5493
0.2987
1.6136
-1.146
2.2213
0.7775
4.1923
1.41742
1.1066
-0.3552
-1.6582
-0.4398
-0.28885
0.28526
0.2778
-2.5874
-0.52186
-0.9268
-2.058539
0.7013
1.766358
0.8377
10.0301
-2.8378
-0.2872
-0.2189
-0.3713
0.5674
0.2099
1.67122
-1.09454
0.4213
2.4329
0.31169
-0.6793
3.85278
2.0417
-0.8012
0.10281
0.91031
0.2437
-1.1472
-3.5992
1.87157
-1.0471
-2.02007
-3.7175
2.301
-1.7019
0.0287
0.2045
-1.46536
-1.76637
NA
2.6668
4.0191
0.7887
1.6818
1.6444
-1.36699
2.727084
3.0013
-0.14861
2.8104
0.433402
4.6453
-0.78
-0.967501
0.23756
1.96921
-1.4034
0.73785
3.62854
-3.00769
0.37792
1.747
-2.1775
-0.16477
1.77044
0.44947
0.29562
2.9449
0.052397
1.1186
0.4985
1.3657
-1.227481
-0.52158
3.89087
-1.9561
0.31912
0.7778
-1.1956
0.1515
-0.41584
-0.11125
2.033475
0.21014
0.0304
2.9589
-0.3282
-0.8721
1.9863
-0.706
2.0642
-1.7294
0.0707
1.369
2.71106
0.667
-3.2549
0.746988
-6.564
1.6363
4.34419
-0.436
-0.9827
1.71486
-0.051
-0.21756
-0.8028
-1.3332
2.40375
-3.986
-0.46725
3.75959
2.7196
0.1851
1.10407
-4.9334
0.4901
-2.7869
-1.05585
-0.2926
-1.51183
1.81313
-0.30821
1.3744
0.3562
6.9962
0.68411
0.56961
2.34046
-1.2111
2.1536
2.4811
0.4366
2.00619
-0.8322
-0.1849
-0.2676
-4.5076
1.1805
0.5719
-0.68517
0.0682
1.306
-1.2873
2.55426
1.2985
1.7297
-0.2762
-1.74229
0.8274
-1.7029
-2.97122
-4.3709
-2.9923
-0.2555
-2.0266
-0.0462
0.6208
-0.617
0.1106
4.35842
-5.78101
-0.1428
-1.6023
-0.6686
0.56375
-1.04139
-2.33554
1.94645
2.9289
-0.26297
-0.30445
-2.71057
-3.6501
-2.893
-6.931
-2.00364
1.1746
-1.98579
-2.4663
-4.93331
-0.3049
1.5491
-0.48994
1.5819
-3.0743
0.5163
-0.97978
0.2129
1.4693
1.1076
-0.1278
-2.1873
0.75782
2.9759
-2.58165
0.5642
-4.47139
7.02779
1.9916
0.09463
-1.984795
-0.534
0.115
0.55728
1.5335
-17.57589
-0.186535
0.3119
1.58107
1.089
3.329
1.2055
-3.72526
0.0704
-0.8473
4.3942
4.1642
-2.4197
2.1773
3.91523
-0.34496
-3.76584
3.13582
4.06617
0.20853
2.651173
-0.26178
-2.84698
-5.58745
5.03161
-1.781
-1.8439
4.18627
-2.8889
7.40653
-0.9348
-1.6119
-0.17461
-0.9016
0.72922
0.65362
-1.99053
0.9613
-3.04799
-1.23045
-2.8698
-1.3154
0.2401
1.8791
-1.3509
0.587
0.4827
-2.7522
-1.8931
1.12133
2.1759
1.9004
1.98536
1.916
-1.3061
5.966453
2.25016
-0.68928
3.1853
-2.8951
-1.61002
0.94084
-0.093
-0.3411
-0.50222
-1.3113
-1.87651
-1.3299
-0.9469
0.8854
0.3921
-0.8145
-0.4839
1.9906
-1.0869
-0.37159
0.17443
0.4067
1.15895
-7.86079
1.06267
1.175
1.9533
0.3453
0.7568
1.2394
-0.9763
0.87999
-1.10999
1.65286
0.497
-5.7498
1.5358
6.63174
1.076
6.9443
0.30375
1.1336
-0.7752
3.89119
-1.66549
4.96714
-5.45652
-3.34736
-1.87002
-5.5882
0.95453
-0.82427
0.9058
-1.9406
4.03552
10.99582
0.6677
0.81954
2.5303
-2.5756
-2.16355
-0.86034
2.87066
-0.7138
1.90005
-0.8926
2.27744
-1.12288
8.4228
0.3736
-3.58851
4.3248
-0.1739
-0.1231
1.0131
3.6933
0.339819
1.2889
2.8244
-1.7421
2.64975
-0.5372
1.23164
1.1725
0.1574
0.6737
2.6377
2.52267
-2.2035
-6.54457
-0.91417
3.15896
2.7688
-1.1105
-5.1331
1.6611
12.78564
8.0816
-1.5741
-0.79629
-0.4432
1.6781
1.8853
3.03154
-0.06929
-1.80062
-0.0464
2.3607
-1.60903
-0.2704
-0.88103
-1.5093
-7.0153
-0.4907
1.2216
-2.901982
-0.65404
-3.748032
-0.9716
1.37566
-1.2837
0.81428
0.0144
-0.4555
0.35654
4.27174
-4.8194
2.6871
-1.07212
-0.1005
-3.82365
0.589
-0.30432
-3.8446
-1.5875
-1.02578
-1.0036
-0.92117
-3.9787
-0.8473
-3.8446
0.4942
-0.05916
0.79919
0.1659
1.2602
-0.39838
-3.1987
2.83651
0.8854
0.7019
-0.633
-6.54321
0.7994
-1.4717
-1.8445
0.50887
1.934
-1.4818
4.6267
1.034726
0.9983
1.8118
-0.7657
-1.6105
1.49358
-1.35784
-1.9268
-0.44773
5.58356
4.236
-0.598
0.0757
0.37582
-1.11421
-0.16275
1.687
2.6873
-0.4856
-0.68706
-0.8721
-4.3262
1.4147
1.46122
-4.62533
-0.05511
-1.9147
5.7923
1.1364
4.2217
1.298694
0.1235
1.65812
5.6915
-0.1218
3.27978
4.43549
-0.3777
-2.0756
3.3203
1.40862
-1.62071
2.6919
-1.233
1.8803
-3.8387
-0.001929
-0.553
-0.9747
-0.3847
1.47801
-0.1267
0.3314
3.70745
4.92287
-8.389677
0.18119
-0.66679
2.3969
0.1862
0.7846
1.02145
-2.10539
-1.18637
-0.9267
-0.7773
-0.5866
-6.81182
5.4825
-9.1324
-3.9421
-0.2099
-2.22186
-1.09398
-0.9597
0.18466
0.5793
-3.8167
2.9855
0.228
0.19765
1.1433
2.1295
-2.40645
-0.7787
1.5164
3.03078
0.35
1.05704
2.164
-0.7283
NA
14.59135
-1.27127
1.4661
1.35789
0.003
0.15592
-3.9066
3.079787
-0.46886
-0.4635
2.1096
-2.2965
1.3671
1.2277
0.77621
1.2806
0.1869
0.8392
-1.5485
2.37295
1.2276
-0.00369
-0.41856
-0.48962
-7.7703
-0.0207
0.12
-1.2292
0.62738
-2.68154
1.635
2.506
0.0892
-0.3324
-0.6409
0.34673
1.1867
-1.0766
0.45685
1.11985
2.89667
-5.58786
1.37913
-0.076795
-3.4287
-1.3607
1.1804
-4.46505
-0.1003
-3.5554
3.90627
-2.9741
-1.2338
-0.977
-0.6222
-2.2685
2.75947
0.4193
0.71175
2.6173
1.3079
1.6592
-0.130658
0.84068
-6.17875
-1.1159
0.0863
-2.0454
0.0916
-1.08123
-0.24898
-0.8823
-0.6527
-16.47395
0.71317
-2.011
0.6792
NA
0.1364
-0.477
-0.05282
-0.83817
3.85744
19.33653
NA
-2.18107
-2.1923
0.2486
0.4512
-1.8655
6.26063
0.8335
0.3178
2.2732
-1.4704
-2.190743
1.04082
2.2704
-1.88093
-0.3767
0.0987
10.6233
0.6879
0.9919
-0.1028
-0.0845
-2.7883
-3.52147
0.6971
0.5116
1.69056
-0.2941
0.2971
0.20998
-0.91151
-0.6233
-0.89839
-2.2796
-4.59808
-0.093
0.49442
0.1893
1.4251
0.378
2.09358
-0.2071
2.4616
0.3236
0.2507
2.242859
-0.73406
3.31754
-2.4569
1.94262
-1.5624
1.06642
1.3627
-6.8836
-0.26292
1.01993
1.3069
1.1177
-1.2806
0.9154
-0.61148
0.03284
-1.7543
-0.9464
0.4965
2.7128
-0.2821
-1.5631
-0.44
3.6177
0.3937
1.0352
-1.9452
4.28008
-2.24348
-1.917
7.43168
0.778
4.0645
1.48011
-0.5901
0.8297
3.3114
1.5179
1.30551
-0.3109
2.1806
-0.5125
3.8954
-0.26383
0.12609
0.80978
-1.68927
-0.4309
-0.4061
-0.124636
-1.64943
-0.0335
2.3394
-1.1136
-4.1151
1.41242
5.2714
-1.51012
-2.307
-1.19397
-4.7785
0.19213
0.26943
2.13
3.3085
-5.2973
-0.0507
2.0025
0.46674
3.6789
3.4418
-1.7604
-0.36512
-0.70469
-0.2666
2.6191
-0.76352
-0.9906
-0.1739
3.1034
0.0564
-2.5819
-0.6624
0.8403
1.0696
0.19553
2.51149
-0.9925
-1.2852
2.3155
0.3068
1.61908
0.18028
3.10472
-1.5878
-0.8069
0.8636
-0.375681
-3.40663
2.3263
-2.3784
-3.005
1.13299
-1.09231
-3.476869
-2.4245
5.8907
-2.7153
0.9826
-2.277631
0.84655
-0.28048
-0.0242
-1.90783
0.30505
-0.198861
0.61665
0.5739
-0.3842
-3.0159
-4.3591
-0.9681
0.1374
0.27071
0.3271
-0.5463
0.1004
2.0206
-0.5604
0.7014
1.75062
-0.33648
3.5541
-0.05872
0.1956
1.21338
1.3653
0.3329
1.53534
2.6761
3.0529
-1.7089
-0.66943
2.53785
-1.76855
-1.4169
0.66375
-1.73639
-1.8679
0.18796
-0.9415
0.0214
3.18571
-0.09664
-0.1317
-4.0022
1.7165
-1.0316
-1.39628
0.3397
-3.1459
3.7842
-3.3939
0.3401
3.2399
0.9407
-2.709
1.6342
2.39512
-0.1783
0.6581
2.12097
0.18885
-3.2921
4.68253
-0.506
-5.785
-0.73332
2.0704
-0.7919
-2.550192
-1.278012
0.31561
0.499
-0.1581
0.425
1.58682
-0.24951
0.5849
-0.3038
2.3011
1.474
0.46684
-1.20641
-4.38029
-0.3594
-5.19367
0.42091
1.2648
0.41854
-0.3466
4.656
-0.08016
-5.1922
2.19
0.23232
-2.14826
0.5786
-0.2555
0.50024
-0.0266
0.9417
0.0838
0.3872
7.6762
-3.0842
1.8829
-0.62309
0.3386
0.56095
9.19667
-1.4023
-4.5607
-1.1263
-2.72271
-1.6228
-1.6557
-1.1733
5.19491
0.24822
1.9324
3.23719
-0.714994
2.64329
1.6316
-0.4258
1.4277
-1.35887
-1.52572
0.588389
4.54623
-1.095
0.44875
-1.2974
0.1157
2.7868
-0.5509
-2.6032
-1.51016
2.121368
-1.1057
NA
-0.2755
1.4529
-1.661452
2.2055
0.64401
-2.7774
-1.17173
2.09711
-2.36444
1.107523
0.38866
0.8143
0.2049
-1.2479
-3.24215
-1.40168
0.63718
-0.974528
-1.0025
-0.249634
-1.2856
0.422
0.8904
2.65889
1.8772
1.74957
-0.6785
-0.72471
-1.1376
-18.9829
-1.421289
-0.33965
-2.2973
2.42728
-1.33703
0.132
1.5995
2.41755
1.38512
-0.63374
-1.2885
0.65491
-0.2402
2.4522
-0.6381
NA
-0.03084
-0.1262
-0.21
-1.5796
-0.3436
-1.9174
-0.8896
4.1547
3.700503
4.95512
0.16989
-2.0795
3.02009
0.3734
0.3678
0.3812
1.13463
0.0192
-1.0871
4.2144
0.1455
-1.0772
NA
-1.09268
-2.2893
0.9731
0.4231
-1.512
1.3588
0.6602
-6.938
-1.136
0.31914
-1.7069
-0.73268
-1.3771
0.51311
0.24753
3.71346
-0.101
-2.5727
-0.4862
-1.74571
0.5773
3.1332
1.2398
-0.08552
-0.71592
2.3774
-4.1854
-7.5608
-0.3711
0.7633
0.874
-1.63623
0.349
-2.8655
-0.60376
-0.2632
0.7255
-0.838
-0.8839
-3.8875
-0.18523
-2.9025
-0.3156
-0.09838
-1.700994
1.20749
0.78496
0.1081
-0.7125
1.4971
-0.8455
-1.2985
-3.5544
-1.7409
0.00698
-0.7972
-3.4664
-0.0442
0.7002
-1.0816
3.36536
16.0326
-1.7571
0.4757
-3.73779
0.92623
2.6632
3.035
1.31242
-0.32365
-0.3437
2.417577
-0.0658
0.792
NA
-0.5536
-4.3639
3.1763
-0.3037
1.631963
-0.78123
-0.0366
-1.1038
4.5455
0.03994
-0.2779
-1.75904
NA
0.2089
-3.141052
-3.8555
-0.5886
1.31931
-0.8428
1.3568
4.7109
-0.49383
-0.6906
0.3131
-0.2667
-0.10649
1.9247
3.7421
0.38587
-0.2959
0.63628
0.72963
0.2763
-0.54334
-0.71544
0.02035
0.3125
-3.6022
1.0974
0.30223
-0.3876
2.07016
-0.0177
0.6413
1.0859
-0.2302
-0.8754
-0.23203
-0.4974
1.3068
-1.11994
1.58142
-5.406336
1.07655
0.019
1.41236
0.7937
-0.349214
-2.4132
3.51224
-0.3235
1.99875
0.2059
1.21518
-0.10615
-0.9037
0.2331
-2.72458
-1.0329
-2.0642
0.87112
0.387
1.0187
-2.3248
-0.2663
-2.12977
-1.4953
-1.1018
0.4592
-1.05224
-0.949
-0.02288
0.5092
-0.41967
NA
-3.5155
0.23887
0.93597
-1.0473
1.8505
-1.0613
-1.45425
-3.8414
-4.07308
-1.4882
-3.3401
1.3199
-0.554
-2.03447
-1.5775
-3.032454
-1.0487
-0.2802
-0.5151
-2.648
1.88587
3.31996
3.943
0.5416
0.47846
0.96017
-1.12776
-2.15598
1.3242
-1.95433
0.2339
NA
0.19747
-1.3995
-3.9145
2.0097
2.74784
-1.85662
1.6519
-0.72981
-4.30627
-0.72711
-0.2891
-9.2463
2.42723
-2.9167
-0.038
1.8469
-3.2963
-1.0531
2.7503
1.71831
2.89524
3.7244
NA
0.76284
-1.2371
-1.35982
-2.1383
4.69
-0.92255
0.7404
0.62359
2.1082
-6.5001
-0.3061
0.279
-4.7155
-0.49033
1.282
2.33305
0.12977
3.8608
-1.5966
-0.8241
-0.9147
1.05379
1.9084
6.1558
1.87337
-2.1275
-1.3892
-4.72681
-1.70943
-2.37499
2.2374
-3.21505
0.0523
-0.09265
1.8948
4.71073
-3.4912
0.2382
-1.5811
0.94534
-0.18956
-1.0036
-1.5571
-4.5064
2.9402
-1.28421
3.5968
-0.6751
-3.39428
0.9101
1.5045
1.49156
8.5256
-0.70927
3.2345
-3.4857
-0.72409
-0.4383
2.2615
-0.848066
0.64265
1.4501
1.365663
NA
-0.7575
2.15139
3.92956
2.7266
-0.75005
0.41406
0.3823
2.0699
-0.15009
0.7776
3.35036
-3.4135
2.25208
-4.136
-0.311681
1.7911
-1.79817
0.2603
-0.50584
1.602034
-0.16553
-0.06321
5.3793
-2.09421
-1.8027
-1.55191
-1.05911
-2.1457
6.1762
-0.178706
-5.54274
-0.5535
-4.1425
3.2901
-0.1829
0.4862
-4.9695
0.8929
1.59476
4.1676
0.449649
-2.10647
1.4109
-0.8889
-2.603
3.40838
0.5299
-0.3897
-0.5528
-0.375
1.1815
NA
0.7479
-1.0069
2.9059
0.3592
0.3978
-1.82566
-0.47896
-1.3232
-2.145
-0.7829
2.37622
-1.9664
4.1337
5.1821
0.3969
-0.00351
0.1269
-2.6188
-2.1796
0.22202
-4.0401
-0.176
-1.35149
1.1338
-1.514
-2.9604
-4.5099
1.2958
0.7332
-0.2724
-2.4225
0.8227
-2.793314
-0.98687
-4.9277
0.8235
4.7784
-4.3709
0.4095
-0.34977
-1.45609
-1.0017
1.7254
-3.16153
1.5002
0.8191
0.7053
-1.55002
NA
-1.52656
2.40572
4.09832
-1.2447
1.5531
1.13381
4.350362
0.46004
1.126
-0.5686
1.2512
0.8402
5.4237
0.7717
0.7092
0.0793
-0.954
-1.5953
3.0856
0.8831
1.4713
-2.0206
-9.6135
-2.3085
2.4073
1.96317
2.0518
1.1634
0.4564
-1.91721
0.64417
-3.5294
-0.512732
-0.7246
0.9585
0.687
0.8308
1.925
0.40549
-5.0408
1.01534
5.95047
0.0448
-0.9361
0.2666
2.222932
2.5973
NA
-3.9534
NA
NA
NA
NA
NA
NA
NA
1.410876
NA
NA
NA
NA
-0.10934
1.37653
NA
NA
NA
NA
NA
NA
NA
NA
2.29004
NA
NA
NA
NA
NA
NA
NA
NA
-2.1343
NA
NA
0.13388
2.0619
NA
2.59537
NA
NA
NA
NA
NA
NA
NA
8.208
-0.459
NA
NA
-0.1677
0.6561
0.14238
NA
0.87875
NA
-2.574992
2.3173
-3.19501
5.70493
2.7786
-1.477
2.1979
-4.40306
2.30149
1.00483
-0.56308
-1.1865
-1.6756
-0.0407
-0.24852
3.5796
0.1332
0.3746
0.74258
4.6444
-0.1102
-1.2663
-1.21453
1.28947
0.31978
-0.2991
-0.20676
0.6233
2.20892
0.0757
0.4538
-3.1946
4.14504
-0.0022
1.5726
1.2771
-0.62427
1.37204
-0.51028
3.484
6.0486
-1.1931
-4.82239
-2.7541
1.13184
-1.5142
0.72488
2.6121
1.73954
-0.3089
0.7613
-1.3283
0.5192
0.7563
-2.4495
-0.8489
-0.4761
-4.6584
-0.2914
1.3637
2.15328
-3.2008
-1.62681
-0.1578
0.69526
NA
NA
NA
-1.0798
NA
-2.78815
-1.40416
-1.4533
0.06169
-0.0849
0.61256
-0.3403
-0.3403
2.5575
0.0475
0.43052
0.291
0.3803
1.22325
0.9638
0.4257
-0.1403
-5.3009
2.1125
-3.28705
1.305505
-0.9619
-1.2057
0.4691
-2.8399
1.2507
-0.2195
-1.2298
1.99983
0.7644
1.333572
0.31556
2.80654
0.7733
2.6769
0.78867
0.866232
-0.6427
-6.9153
-5.7003
-1.2863
-0.9507
0.79354
3.0393
1.4694
-2.23063
-0.5046
-4.39735
2.27442
-2.05619
-0.3292
-0.9117
-2.2206
-3.93031
-0.8174
-0.75887
2.3775
-0.93529
-0.3767
-1.22805
1.8326
-0.011
0.7442
-3.73839
-3.57719
1.6136
3.62403
NA
-1.35195
-1.1409
1.39018
-2.9587
NA
-1.155
-2.56834
-3.7971
-1.0082
3.05905
5.20824
-6.361407
1.6219
1.92087
0.406
0.5667
0.336031
-1.27986
-0.37794
0.66475
0.9237
-1.9248
2.7141
1.24775
0.22225
-0.69116
-1.2353
-1.9371
-2.1343
-1.5857
2.67716
1.5933
0.57819
-0.2486
0.2467
-2.6774
0.5946
-2.4112
-2.21637
-0.901
-0.28048
-1.95262
-0.84984
1.32012
8.208
-1.34202
-4.6733
0.5266
-1.35763
-2.45406
0.5026
-0.71835
1.13126
0.4767
-0.861907
-0.2088
1.4219
5.01962
-3.333
-0.3442
0.4471
0.3824
3.41779
-3.0028
NA
4.4495
-0.366
-0.9519
-0.7768
-0.29442
0.3943
-2.5278
1.4619
1.90995
0.42605
-0.4275
0.292
2.1909
-2.50591
-0.78686
1.69232
1.75168
1.8205
1.2366
-1.1444
0.6596
-0.8641
0.9559
-0.4583
-1.33078
-0.1262
-0.8367
-1.6516
-2.5603
-1.7312
-1.9224
-1.12086
-1.2871
NA
0.8519
-1.4212
1.935
-6.491
-2.5547
1.6684
0.72689
1.098551
1.2151
-0.5207
1.7203
-4.9114
-1.263783
0.0658
-0.1606
NA
-1.0805
-0.36897
5.4503
-0.895428
0.1394
-2.2357
2.1446
NA
-1.45468
0.2032
1.93
-1.347
-2.4119
-0.5113
-0.2304
3.3896
-5.2995
0.0714
0.5945
-5.9934
5.5497
-1.758851
-0.0379
-1.844008
-0.127994
1.9663
1.4805
-1.0115
1.4375
0.8008
0.7143
-1.01517
1.4371
3.89782
NA
-1.2572
2.58041
-0.0034
1.7424
-0.0101
-0.4417
-2.71384
0.77929
-6.9466
0.636639
-0.62825
-1.34704
-0.14579
NA
1.86815
0.6841
-0.137898
-1.03435
0.12826
2.79632
2.9341
0.2757
-7.2806
-1.578413
0.8863
0.420961
1.01979
-1.6363
-0.9781
-0.15043
0.2202
3.19928
-3.06956
-0.7994
-0.418529
-0.1392
25.99401
2.900935
-1.7588
2.19163
1.3404
-1.1963
NA
-2.19506
-1.10944
-0.9928
0.6501
-0.63307
0.41651
3.0749
-3.8195
-0.41011
0.5893
NA
-0.64165
NA
-0.25855
2.7661
0.1309
-3.8686
-0.3283
1.0529
0.7734
1.5353
0.69174
-0.6818
-0.7135
9.378
-0.5028
-0.2185
-1.203143
1.7683
-0.583005
0.0697
-4.9071
1.1481
2.343281
4.3942
2.3341
-5.1892
-1.5857
-0.28025
-0.2381
-0.26845
4.6849
-0.56337
-0.4515
-4.1027
-0.33201
6.35433
0.80974
1.94208
-2.794
1.26413
1.6895
-1.1026
-1.37394
1.6091
-0.5149
0.4476
1.132968
-1.3047
0.3147
-2.42467
0.54721
1.6701
-1.4186
-0.10522
1.6647
-0.5913
-1.74804
0.5709
0.967901
-0.3017
0.103
0.2979
-0.2751
-1.2696
0.7105
-1.56689
5.9754
-0.05743
-0.51776
2.22779
2.0556
0.3517
-0.6353
-0.5572
-0.677748
1.81436
-1.3647
-2.22556
1.1676
-1.3909
0.2616
4.2012
-3.8854
-0.1934
-0.513146
-0.5648
1.0836
1.57661
-0.548838
-3.95571
3.3942
0.40198
-2.9635
0.015342
3.16506
-0.10584
-0.5636
-5.711011
-2.3724
1.91555
1.71444
-2.7924
-1.332
2.62733
-0.7171
0.0202
-4.24425
2.0196
-2.0615
1.6433
NA
1.3438
0.1309
0.6427
0.7408
3.28725
1.12268
0.4667
-1.25136
0.1669
-2.5313
NA
-1.0989
-2.443
0.6207
3.5171
-0.777
-5.52149
2.259
-1.95566
5.5235
-7.2734
4.3299
0.69857
1.8386
-0.7238
-2.315
0.8614
-1.22008
-2.4392
-0.33933
0.43205
0.4477
-1.4226
2.00755
2.7438
NA
3.4166
-0.32783
-1.28291
-2.9879
1.4165
1.31714
NA
-0.1752
-3.083
0.7571
1.47952
-0.2855
2.22285
NA
-0.6121
-0.95994
-3.67322
1.5954
-0.2209
1.6104
2.226
-0.0331
0.3576
0.76599
-0.89933
-1.1457
1.28952
-0.1598
0.7622
-1.2963
0.936
1.2249
-0.7585
2.6985
2.54866
-0.25625
-0.78625
-3.1018
-0.6654
-3.0254
2.85959
0.5541
-2.8618
0.32048
-1.9801
NA
-0.0072
-2.9107
1.8248
1.509376
-2.3067
-0.96642
-0.20825
1.14862
NA
0.8828
2.3812
-0.1703
-0.05852
1.9023
-1.09906
-0.33284
0.2771
-0.6188
-1.01837
1.61655
-0.4887
1.6642
2.191
0.5116
NA
1.1902
0.10587
1.5923
NA
NA
-1.49603
-0.87713
-5.6334
9.286
-1.2712
1.2283
2.67687
4.18009
0.5752
2.3194
-1.456588
-0.36715
-0.1792
-0.1936
-0.0265
-2.0633
-0.2237
-0.0713
0.78948
5.5768
2.01602
0.13785
-1.47263
-1.00032
-3.01543
0.08136
1.77048
0.459
-1.33801
-2.0365
3.32853
-0.5653
-0.80641
1.8289
-0.4924
-0.83753
-1.01049
-0.2144
NA
1.1853
0.50467
-0.5567
-1.38977
0.5488
0.01565
-0.8335
NA
1.52295
0.2183
1.86558
-0.584646
1.858897
0.620965
0.20303
1.3808
0.7373
-0.8081
-0.1447
NA
-2.67
0.8641
1.20425
-2.4009
-1.1525
0.2014
-16.8432
3.267
NA
-3.0123
0.8705
-4.93754
0.0088
-1.3029
0.1867
1.26614
1.3336
2.1903
1.7115
4.290506
NA
-2.8388
-0.61318
-0.00239
-0.2546
NA
1.0399
0.345
-0.4661
0.9209
-0.1524
1.1788
-0.2086
1.600221
-0.4818
1.2473
9.6161
-1.0522
-1.0705
4.5184
0.5703
-1.49628
-0.4847
-2.09377
0.9771
NA
1.9231
0.5796
1.31474
3.7404
-0.55853
NA
0.112
1.7543
-1.53497
-2.2598
0.9252
0.2203
0.43494
-0.5804
4.48922
-0.21029
4.49896
2.0059
-0.4668
7.8132
-2.9494
-0.76521
-1.209
1.60788
-3.589
1.3459
3.828
NA
3.8956
2.3315
0.19912
5.34452
2.86006
6.48198
-0.2781
0.2193
2.7048
4.5564
-0.1162
1.6268
-0.5442
0.4778
5.3808
-0.31711
-1.47822
3.5984
0.27603
-0.2031
9.9538
-0.49308
-0.13421
0.8536
1.3676
0.4004
-1.28757
-1.1095
0.7309
1.7931
-0.838944
-3.349374
-0.36474
1.5031
-3.2155
0.91929
1.26863
-0.3872
1.03341
-0.8696
-0.62
0.0359
-3.5707
0.382
1.7305
2.0213
-3.8683
-0.276453
0.02585
-0.5068
0.9122
-1.96528
-0.13558
NA
0.6269
-0.4417
0.05801
0.9054
-3.6102
3.4276
1.642
-0.84838
0.985357
-1.7406
2.7068
0.24529
-3.07722
1.257192
1.8876
1.520071
-2.46528
-2.69326
-1.36837
0.21727
2.32412
0.5906
-0.2188
-3.9081
1.0782
1.5824
-0.8846
2.02502
-1.7579
-5.678501
-0.2792
5.5161
0.1763
NA
-2.1919
-4.58043
-1.1963
-0.7933
1.7154
-0.5295
-4.167392
0.178833
-0.4779
0.6741
0.9213
2.4534
0.1137
-0.6351
NA
3.2475
2.7535
-1.5871
-1.128
-1.53381
0.2618
1.3205
NA
-0.5368
-0.7194
-1.355279
-0.7778
-0.4433
1.2181
0.5746
3.1235
0.72682
0.43104
0.23312
-0.57281
1.4065
1.48544
-0.9068
0.104296
-1.654
-0.852
0.1091
2.16095
2.2955
1.12355
-1.287811
0.609
0.852823
0.6469
NA
NA
0.972992
0.13515
3.1346
1.1971
-2.0281
1.0842
-0.0932
-1.79406
-2.93765
-0.6527
-0.3469
0.9785
0.4233
NA
-0.0107
0.2791
-2.417544
0.013949
0.0771
-0.4118
1.49906
-0.3462
0.33751
-0.5929
-1.7543
-1.5063
1.0662
-0.0576
1.51482
0.5253
-0.643
-2.6312
0.3184
-2.7721
1.118127
2.0421
-0.70012
-2.5548
-0.64153
0.7044
-2.50221
-0.15679
2.5727
1.58833
1.8756
-1.8023
0.11158
-0.8464
-0.5366
-0.4913
-1.3429
1.8925
6.0051
-1.5927
-0.99213
2.90513
1.6678
-1.50786
-0.07837
-8.3583
-0.35256
3.660224
2.53957
NA
-1.0444
-0.6329
-0.7826
1.5884
1.662753
-3.752622
-0.8746
NA
-0.657
0.4024
-0.1312
5.2401
-1.7278
-0.22437
1.8638
-2.826751
0.4061
-0.01308
-0.7024
2.0013
1.0585
-0.188
-0.686358
-1.34096
-4.49774
4.0851
2.8984
7.6148
1.2779
0.7684
0.59113
2.8902
-2.0595
1.45248
1.5454
-1.1429
0.1831
0.8775
-2.30414
NA
0.9403
0.897
1.2554
-1.06458
0.828
-9.59754
-3.60284
-0.46263
-0.3964
1.15583
-1.55018
-0.6735
NA
3.55415
-2.7366
2.3611
-2.0098
1.4997
-0.12362
-0.65013
-3.4866
-3.0895
-0.4029
2.72048
0.98832
0.5099
NA
NA
-0.938039
0.94729
1.2431
0.95468
4.6749
-0.3359
2.04388
2.841
-0.6513
-3.2955
3.107283
-1.2193
-2.1781
-0.41
2.6739
0.2095
0.1459
0.14912
0.63369
-1.3114
-0.3103
0.41033
0.3238
-1.388
0.6193
0.69606
-5.2387
-0.17245
-0.50411
-0.6813
NA
1.5624
1.54746
1.6284
-1.13031
-0.4439
0.6983
-0.2365
0.81638
NA
NA
-1.71962
1.35966
-0.2272
NA
-0.32372
0.47421
-1.20829
-1.98787
-5.5364
-0.7986
1.6894
1.0563
-6.0091
-2.6814
-2.75249
0.2417
0.08204
1.60902
2.1307
-1.5121
0.7782
-5.5409
-1.5628
-0.467
-7.61605
-2.0073
1.5411
-1.4247
-1.34238
1.1761
0.8943
0.46727
0.55288
8.9455
-1.126502
0.8094
1.8278
-0.1791
-2.1643
-2.6691
3.5628
-0.69342
-0.012984
-1.1936
0.03416
-0.7946
-0.6877
-1.5411
1.1179
-0.94041
0.32309
-0.9485
0.696863
0.7153
2.38763
0.44423
-0.52755
0.62054
0.4037
-3.3201
0.815727
1.6077
-2.98611
3.69561
-2.22831
0.7398
1.3703
-0.9429
NA
0.12121
0.1532
1.4675
-1.092209
-1.25742
-0.2277
0.5122
-0.6559
0.98065
-1.3025
-0.11989
1.31766
0.724894
-1.13367
-0.4515
0.45703
0.46037
3.55612
0.4917
-0.1918
-4.21286
2.58432
-0.90279
0.3353
-2.8984
0.31476
-9.20539
0.812654
1.58959
1.9412
2.6769
-1.1764
1.32978
-0.6712
NA
0.05979
0.4742
-2.60422
-3.1664
-2.41662
3.2013
1.667
1.9146
7.9326
-3.25037
0.7539
0.09673
0.21159
1.0545
-0.808
3.7504
0.0677
4.0103
-1.41073
0.5886
-1.5656
-0.6848
0.0953
-0.9227
-1.1333
-1.95528
-2.3522
1.1991
-1.2441
0.9112
-3.181
3.1331
-0.4211
0.7012
0.22802
-1.0974
-0.4655
1.6782
-0.3143
0.1167
3.0717
-1.9431
0.27494
0.71252
-1.09811
0.1085
-0.8605
0.3352
-1.49116
0.0752
-0.9143
-1.9404
0.1262
2.2156
-2.10934
-0.88525
0.55603
0.23418
0.7238
-0.1013
-0.87412
-0.36484
1.3689
-0.1492
-0.2124
-2.3331
5.7582
-0.5057
4.6413
NA
-1.237
2.3779
-0.4894
3.68315
1.4155
-2.552
-2.0645
-2.87109
2.3277
-1.37058
-1.06
0.6764
-0.5235
0.7695
-6.8817
-3.2263
-5.0335
1.69876
0.1602
0.9919
-0.5928
0.33889
1.1972
5.5768
0.9589
0.0197
-0.4211
-2.0858
-1.725
12.1972
-3.6727
0.9565
-1.1108
-3.3757
1.073
-0.379
1.0264
-1.6731
-4.0161
-0.90613
-1.5809
0.4549
0.9129
1.3849
-1.8968
-1.3408
1.9391
-0.1802
-0.0295
-1.0593
0.061
-3.6761
-3.58969
-0.5012
-0.3225
-1.1972
1.4173
2.30962
-0.4535
-0.753
-1.1599
0.83218
-0.5406
-2.4
1.7176
1.4702
0.36372
-1.1862
-0.0414
-0.4924
0.6573
-2.0476
-1.0537
1.5075
-1.9472
0.651
0.8622
2.56647
1.4448
-1.0738
-0.3063
-2.9733
-2.61838
NA
1.982904
-1.2216
0.1149
-4.32071
-0.1858
1.2399
-1.1318
-0.71364
1.7378
2.05447
0.1495
-0.8225
-0.9963
-1.2211
2.8921
-0.83998
-0.0979
2.27276
-0.6506
-3.9861
-2.1294
-0.4544
-0.00184
-3.29728
-0.0309
0.2789
5.4098
-1.7583
-0.3298
-1.759
3.0585
-2.3008
-0.8349
0.9763
-0.6692
1.25104
-0.873728
2.8315
0.4548
0.0598
3.1563
3.4488
3.27098
-1.2182
1.4368
1.4635
-0.5022
-0.5898
-1.9288
2.897
-0.1185
-0.099
0.2916
-1.55789
0.9786
0.84165
-1.1768
-0.5524
0.1329
-0.4609
0.9146
2.4116
-0.2754
2.8564
1.8503
-1.1869
-0.3402
0.2473
-0.838
0.9262
-0.5449
-2.2762
0.2788
-0.4909
0.497
-2.0561
0.3182
-0.5442
-0.1477
-0.1085
0.7663
1.9354
1.4975
-0.5284
-2.5441
8.0374
2.818
-3.1995
1.3926
-0.3697
0.977
1.1655
-1.3433
2.2145
-0.2155
-1.4101
3.06648
-0.53358
4.39861
-0.0341
-5.03841
1.31776
-3.42846
-1.12449
-1.47462
-0.6908
1.97146
-0.7681
2.62227
1.34094
-0.1365
0.88745
-0.0352
4.14754
-0.4219
-1.94653
-0.3162
0.6297
0.4739
-2.35865
1.05694
-0.39128
-0.07655
1.2813
4.40233
4.7945
1.97006
1.9292
-2.121
7.69298
0.95155
2.7319
3.29384
0.4563
-0.0833
2.4758
0.4684
-1.0121
-1.80655
-1.59397
-0.62002
-2.69531
1.4758
1.5323
2.51169
0.7014
-2.3132
-2.0519
0.1558
1.354
-0.68143
1.6365
8.64547
-0.18255
-0.48213
-1.1408
-3.6018
1.1952
-6.28904
0.6287
-1.04013
0.3204
-4.5709
-0.4672
-0.73587
2.03323
0.6817
0.516
0.8942
-1.31689
0.47309
-1.5113
-0.7236
2.37409
-0.61026
0.25192
0.34836
-3.0466
-0.66987
0.2066
-1.4312
0.8042
3.80877
-0.1042
0.7984
-1.33552
-1.0192
1.8834
2.72295
-1.2666
-0.2762
-3.5063
0.0697
-1.6785
0.11494
-0.66791
3.0149
0.04467
-1.44269
-0.30102
0.74381
1.0957
-1.4638
1.417
2.02821
-1.70557
-2.7395
-1.57406
2.3051
-0.37032
-1.296
2.76218
1.9486
1.51873
-0.55714
1.37401
-1.4417
3.0228
0.514553
0.0729
-3.81595
-2.9916
0.9386
-0.62244
1.1805
3.9104
0.78884
-1.76841
-1.91733
-0.9679
1.79125
-0.36185
0.8747
-0.9636
2.909
2.79115
-0.7946
1.2396
1.61417
1.85777
-2.63181
1.37729
-3.2531
-2.99647
1.1777
0.49661
1.0015
-0.7146
-1.40773
0.00245
2.0308
-3.17175
-0.1453
-1.1706
0.80757
0.023
-2.4529
-2.26102
-0.8006
1.841
-0.17256
0.6334
0.80684
-0.19488
0.35865
-1.73947
-1.4801
-2.55793
1.32334
0.09812
-0.70734
-1.9578
-2.6971
0.49587
-1.9328
-1.4396
0.39218
2.27073
0.75312
-2.32183
0.48591
1.6381
-0.9025
0.04013
-0.949
-0.0862
-1.52713
-0.48871
-0.2741
0.36845
-1.9134
-1.49484
-0.76347
-1.6099
-0.58627
0.49924
0.15953
1.6018
1.98415
-0.18744
-5.06713
5.67736
-0.4981
1.27633
-1.4557
-1.39148
0.0315
1.54135
-1.911
1.63036
1.45047
0.7049
0.072
-1.09086
-2.00683
-2.2385
2.33531
1.50119
-6.22145
7.5777
-2.28781
-1.18147
-0.7991
-0.92526
-1.7264
1.85131
1.2983
0.73216
-0.9191
-1.53849
2.13523
0.4886
-0.3465
7.94359
0.5115
0.4075
-1.5142
0.86954
-0.78593
-5.1498
-3.055
-7.5707
-0.918669
-0.934
1.07526
2.7545
0.07585
1.02205
-3.0828
2.12038
2.73549
1.53471
-1.29038
-0.15025
-0.93284
2.5852
-1.32808
-5.22009
-3.17397
-1.4378
-2.75981
-2.4921
-0.13995
16.8822
-0.62657
0.4034
-1.6901
-0.17012
-2.6677
-0.31681
-0.2136
0.337
-0.4484
2.1124
-0.81963
3.1043
NA
-2.43807
-1.0137
0.46913
0.05965
-0.8719
-1.11064
1.1692
1.2191
4.3206
2.0985
-0.9678
2.128
-0.3245
-0.6225
-1.3515
-2.9506
0.4868
-0.8842
1.0775
0.70313
-1.62975
5.93804
5.14745
0.1105
-0.6106
1.5702
-0.501
-1.81954
-2.3578
-0.4886
-2.56661
-0.9983
-0.4851
0.50488
1.4474
-0.77898
1.7488
-0.4829
-12.5211
-0.4355
-0.42719
0.2511
1.8014
0.6673
-0.35966
-3.11627
-0.7465
1.7461
-7.433
0.07383
1.93653
-1.29178
0.202093
1.582
-11.35035
-0.03788
1.79168
0.97575
2.7887
-8.882091
0.9905
NA
-0.0962
-0.56138
-4.6878
-1.5143
1.6999
0.347663
0.73672
2.8283
-1.0323
0.96973
-0.6875
0.7143
-1.97476
NA
8.208
-1.00574
0.43882
-0.79521
-0.7391
-0.45396
0.41465
2.6138
-0.5806
-1.5659
0.1548
0.2613
-0.407
0.89028
-11.1653
1.0917
-0.63988
-1.66356
-2.55249
-5.2027
-0.0251
-0.63752
-2.13918
0.73538
1.0016
-3.0044
2.0779
0.726
-0.4909
-0.6369
1.36074
0.8636
-0.8914
0.48218
-1.0903
0.9273
-0.292
-2.02842
0.9837
2.07832
-0.88911
0.8733
-0.6447
1.72253
8.2163
-0.12699
8.5354
0.1838
-0.629
-2.25033
-0.7497
-0.0334
1.5341
-1.5091
-1.0457
-2.4085
1.2991
-1.76648
-1.7749
-1.3918
-2.40713
-2.9846
5.875
2.49394
-1.0226
-2.1124
0.9273
2.192
-0.8633
2.7342
-2.8466
8.2137
-0.1974
-3.8432
3.8432
2.8025
1.86866
0.2126
-2.7636
8.208
-1.6958
-0.3408
0.77088
-4.8272
0.53604
-0.83286
-1.7181
-0.90916
4.7514
1.52244
-2.0548
0.604
2.00046
0.8446
2.6946
8.801
-1.29943
-0.35302
-0.8569
-0.69308
0.0086
-0.97042
-0.7506
2.9439
-0.50018
-0.69224
-3.7654
-3.8632
-1.8136
-0.2193
-0.98952
-0.81214
4.5681
0.6799
-1.2306
1.2432
-1.36027
0.21278
-3.33119
2.1925
1.639697
1.83068
0.0273
4.24242
-4.6033
2.44905
6.65614
-0.3923
-0.12077
0.4774
-0.4273
-2.4269
-1.6659
-1.20008
1.56595
1.4176
-2.4942
-0.32986
-2.42443
-0.3991
0.9986
-0.64135
-1.1655
-1.0562
1.21707
1.2405
0.55237
0.52155
3.63209
-0.4802
1.47393
1.5712
0.9481
-0.17476
1.0494
-14.6601
0.6889
0.12856
1.3315
-1.66175
-1.8212
3.1585
3.98993
-0.38207
-1.17476
-1.0228
3.7512
-0.0525
-0.75755
1.5086
0.7413
-0.46728
1.4176
-1.58493
-1.48613
1.87161
1.26097
-2.1384
-0.8787
-1.9866
0.8666
-0.3697
0.33821
2.0427
1.231
3.7807
-0.29214
4.0939
3.01537
-1.84176
2.4902
3.8603
-1.03298
0.98406
4.0382
-1.36118
-1.7575
-2.59602
-0.2444
3.8407
-0.9376
8.2859
-0.26175
0.3445
2.3305
-0.38577
2.18926
-0.66889
-0.36938
-0.19278
-0.2076
0.3139
3.884791
-1.3384
-0.03944
-2.07472
0.53312
0.7614
-1.13535
-0.43235
-0.3538
-1.11355
1.31543
0.38459
-4.33894
-1.17357
3.59702
-0.40197
3.4926
-2.66899
0.04881
0.60165
-0.38574
-3.69181
0.49206
-3.37264
2.72155
-1.42634
-4.0857
1.1981
2.596
1.4005
-5.05621
-1.25116
-0.1936
-1.2507
1.79858
0.27554
-1.6146
-1.49241
1.4653
-2.4197
0.5378
0.21541
-1.0084
-0.3209
-0.065
-1.3261
-0.00668
2.72202
6.19942
-2.7379
5.16255
1.71
-1.1417
-0.44413
-0.14182
-0.65265
0.1821
-0.23541
0.4937
1.10177
-2.51403
7.51393
0.04883
1.40533
1.0717
0.2918
-1.9401
-1.8033
-0.43795
1.72437
1.80764
0.4727
-2.3931
-1.55623
-0.6636
-2.4771
0.499193
-0.873
1.8757
0.9647
1.96727
0.5468
1.991
3.8814
0.4246
-1.84203
NA
-2.1454
0.4823
-0.3855
-0.3937
0.97
-0.087518
1.8852
0.3292
-2.4197
-2.513229
-0.157
0.4334
5.19125
-3.77619
1.1099
0.236
-0.52295
-0.2473
-1.01687
-4.56765
2.102
0.04163
1.43966
-5.7655
-0.829
-0.439949
0.0345
1.4915
0.59266
3.8675
0.60304
-4.56038
-0.83418
1.9091
0.1107
0.9946
NA
-1.29291
0.5031
0.207
-0.5018
1.0474
2.5877
0.0874
-4.46784
0.9951
-1.5672
-3.8688
-3.12133
1.227298
1.5871
-1.1977
0.032
-0.6227
-2.0247
0.5245
3.0114
-2.1464
0.3555
-0.388777
-0.3712
-2.8383
0.406
-0.64954
0.9928
-1.7814
-4.7755
2.374
1.7444
-1.0234
1.0628
-0.1191
2.398791
NA
0.053
-0.23418
3.466985
0.5336
NA
2.4318
-1.14495
-1.0298
-2.5533
-0.786
0.126
0.0448
-2.0179
-4.09266
0.9778
-3.2373
1.6078
-2.26007
3.9026
-1.98208
1.1991
0.1222
-0.0955
-2.9931
-1.2067
-4.2849
1.0092
-0.8895
2.2915
NA
3.0574
-0.5978
1.7667
-2.51748
NA
-0.7008
-1.1712
0.1998
2.10306
-0.8425
2.149
-1.8407
0.53668
-0.95207
0.1851
1.5811
-2.4303
0.34174
-1.08751
-0.1042
0.8742
4.42644
-0.24984
-1.76597
-2.2938
1.06577
0.7644
0.0505
-1.9419
0.539026
-0.3008
2.60573
-1.5641
-0.518
1.1079
2.124534
3.8322
-2.2262
-1.3728
4.81252
0.5672
-1.7335
0.67393
-0.33439
-1.23691
-0.53587
-0.8041
-3.27961
-0.800145
0.59704
0.42245
-0.839
1.10791
2.99874
-0.39393
3.1809
-2.3517
0.8986
-2.62106
1.6834
-0.315
-0.2815
0.90067
0.6745
0.6314
-0.79489
-0.1754
0.7985
-1.3349
-3.0795
-0.7647
-1.5515
-1.18066
-0.1261
-1.90884
0.7579
-0.39454
-0.1634
-1.5395
0.337226
1.8584
-1.1302
-0.088237
-0.823
0.2029
-0.56301
-5.2593
5.302814
1.1174
0.49332
0.5644
NA
1.7358
1.024
-0.1898
0.8265
2.2895
0.174
-0.3633
-0.88286
-1.5246
-2.1906
0.00154
-4.01638
-0.5256
-0.59492
-4.0456
0.0615
-0.6031
-1.47736
0.17847
0.96004
0.55373
-0.21444
-0.44466
2.4866
-4.4727
0.80409
0.3652
-0.2112
-2.92656
3.2639
0.355
0.15276
-1.0646
-0.087
1.2419
6.253887
5.26545
-0.7976
4.1188
-0.27892
0.2201
-0.1647
0.7318
2.06885
-1.2288
0.4028
0.5815
-5.65846
0.3013
-1.04966
1.1162
NA
0.7387
-0.5477
-0.20959
-0.64064
4.78555
0.6404
-8.6709
-1.93884
1.5445
0.64855
3.2096
-0.3984
1.74758
-0.51952
-0.4326
1.3639
-1.5457
3.0082
-1.14361
0.0147
-0.8476
2.44287
-0.50884
1.1792
-1.4773
2.48857
-3.34565
0.0868
-1.1561
-0.08411
-1.24161
-0.411
3.41848
4.6066
0.07507
-0.1203
-1.31072
-10.1391
-1.1892
4.9878
2.802561
-1.1162
1.10861
0.58932
-0.1564
0.5269
2.97532
0.97167
-1.7669
2.521
0.4962
1.56654
1.65406
2.164
-1.3528
1.89228
1.36102
-1.1804
0.4868
-0.62631
NA
-1.3682
1.79754
2.84656
-0.90582
-0.4792
-0.27976
-1.1276
0.0947
2.58678
1.1735
1.327
4.656
3.0326
-0.69723
1.2862
NA
-0.8302
-0.9615
-0.706
0.29
-3.46791
0.57979
-0.8395
2.3675
1.88507
1.323
-0.84738
-0.9948
0.02157
2.25072
0.074
-1.37791
1.0466
-0.30985
1.5382
0.6281
1.7693
0.5426
-1.7314
-0.6748
-1.3495
-0.3554
-0.00557
-3.17647
2.22261
-3.19365
-0.222
-4.3833
0.7007
0.05982
-9.7339
-0.30442
-0.67378
1.1696
1.71074
1.1708
-1.5728
-1.2963
0.2761
-1.7759
-4.03372
1.00367
NA
3.7878
-1.9217
1.0129
2.7813
4.8061
-0.61179
1.0606
2.64994
-3.7571
1.08693
1.1045
-0.96836
0.74913
1.14589
1.0215
3.1957
1.11093
-0.11649
1.29526
-0.32258
2.03928
-3.1371
3.2265
-1.2191
2.07
-2.2357
0.6145
-1.66281
0.526021
0.5901
2.999524
-1.37533
-1.5654
-0.56616
-0.5497
-0.52003
0.1131
1.88183
-0.5691
1.5491
-3.41961
-2.9993
1.4597
-1.0807
0.84129
2.05056
-0.3694
0.50075
-2.2912
-0.503555
-0.6106
-0.19701
1.2888
2.0569
-0.037842
-0.10437
-4.8738
3.13646
1.14763
-3.80394
-0.2267
1.46002
-1.96437
-1.3207
3.78873
0.8575
0.6226
-0.33927
-0.0135
2.6092
1.3453
-2.551045
0.3957
-1.2999
-1.2454
0.05392
-1.8282
-0.2633
-0.6088
0.0033
-0.55192
NA
0.9357
4.347
3.2569
1.2882
-4.9591
-0.7129
0.0689
-0.3223
NA
-2.313317
NA
4.39422
1.39223
-1.6184
-1.1598
-0.48069
1.3759
7.21222
-2.1127
-3.6137
-1.3126
-0.14271
-2.1525
3.1392
1.3466
1.15845
0.96136
0.87034
0.9332
-0.53573
0.951
2.550809
-1.1093
-0.58774
-1.5126
2.41925
-0.54652
0.17522
-2.4631
-0.6537
-3.2103
0.08954
-0.34691
-1.33851
-0.88027
-0.31939
-3.42299
2.8499
0.3218
1.2276
1.09845
-2.40465
-0.81168
-0.3631
-3.8033
1.72124
NA
-0.69665
-0.4797
0.82132
-1.4222
1.4278
-0.02232
-0.91039
0.31854
3.543999
-5.1855
-1.4361
-0.3872
-0.9882
0.45538
-2.346606
3.0105
-1.25707
1.75938
-2.366466
3.2986
1.41421
-0.84486
-1.21042
-0.9369
0.5739
-1.4087
-0.0629
5.64573
0.69514
2.0368
-1.9507
0.6591
1.336
-2.8076
0.242098
4.5944
0.27804
0.2984
0.566937
