3.36949
5.98933
-3.71673
0.6685
3.3682
0.96182
-0.16352
-3.75483
1.8342
-1.30347
0.32461
0.14985
-0.40967
2.20804
2.16472
-0.25673
0.79578
0.91423
-1.174
-0.01366
-5.93
-2.60822
-0.779766
-1.21756
-2.11473
2.9697
0.45238
0.90876
-1.1099
0.13202
0.59134
-0.96915
-2.60952
5.50699
2.59563
1.15985
-0.97018
0.013172
1.00457
2.58371
0.67575
2.13801
0.80631
0.40777
-0.23407
0.52995
-0.612914
2.629414
-0.78285
1.33011
-0.0421
-6.49885
-0.96938
2.11771
0.1613
1.00908
-4.03171
-0.5892
-1.07266
1.7095
-1.7272
0.38437
0.418682
-1.6795
-1.04846
-0.1485
-2.81004
0.43231
0.0446
-2.37934
0.22467
-1.31416
2.8826
0.337
-0.92
-4.18216
4.36
37.6
0.48319
0.99894
5.56801
0.1602
-0.136
6.67754
-2.40098
1.60085
-1.3721
-4.528
0.24999
0.00544
-1.69217
-3.34
-8.28
-0.88502
-1.095815
-0.57783
0.46504
0.1402
NA
0.9672
0.79274
0.61432
-0.82075
-2.94453
1.290329
-9.66774
-0.0606
-2.79184
0.73172
2.944208
1.49
0.864469
1.38774
1.20482
2.4952
-0.619226
-0.822
2.32133
-5.46576
1.42139
-1.7137
-0.64022
-0.075
1.66532
-0.09183
-0.98249
-2.72966
0.346933
-0.12557
-1.94982
1.63787
4.565
2.1326
1.78515
-0.01826
-3.74914
1.19669
0.20324
-3.25
1.42624
-1.99834
0.24959
2.07141
0.33957
-1.02042
-0.10691
0.516
3.326932
0.884998
1.29411
0.288948
-0.07337
-1.0177
-2.43838
-1.1193
2.665809
2.55767
-1.40526
-0.171
-0.20487
5.47565
-4.19502
-3.94629
-2.600279
0.65713
2.259684
-6.43907
-1.5239
0.26182
3.9047
2.04019
0.67786
NA
-1.04081
-0.06699
-0.79768
1.59643
2.09797
2.47611
0.244
2.61992
4.89094
0.990334
NA
-3.45554
0.468825
-0.43771
0.2723
-0.42898
0.41017
-2.1981
0.17938
-4.286257
1.19121
2.18
-1.50279
0.834
1.18711
1.9019
1.68115
-0.60008
NA
2.02363
1.5585
-0.61668
-0.09298
1.83188
-0.871084
-4.16478
-0.05819
-0.24031
0.61627
0.9243
-0.24976
1.36245
0.22156
-0.55185
1.0468
-0.7717
-0.505
1.07339
-0.54833
-0.6235
1.27897
-0.2083
-2.05747
2.01206
0.0609
2.4122
1.2221
-0.95441
-2.0941
1.340038
-1.03881
1.10545
-0.90904
0.522
1.8125
-0.71813
0.60695
-0.43394
0.0231
-2.09207
1.264
0.52763
-0.84095
-1.78946
-1.36787
-0.36944
-1.21134
-1.11428
-1.19935
-0.57255
-1.59366
-1.21918
-1.02829
0.16012
-4.081101
1.014915
0.55532
-3.62714
1.19478
1.91325
-1.240014
0.4063
-1.5581
1.97912
3.0968
-1.258809
1.78663
0.17889
-4.34033
-2.7148
-1.51655
-0.65965
0.3505
-0.48478
-1.1775
1.12
0.999
-0.31039
-1.13394
-1.46475
-0.42616
-0.838
-0.6763
-0.54332
-4.835633
-2.54053
-1.70074
-0.17856
-0.33716
0.69528
0.5788
-0.602
-0.74889
-0.01113
-1.14794
0.0348
1.3
0.05412
-0.406731
0.96136
-0.313
0.68547
-0.37914
0.76548
-0.7405
0.25514
4.43157
-0.886
2.005
5.68
0.37326
-1.6077
0.1991
-1.76746
2.3867
0.5109
-3.14264
-0.8357
-2.98587
0.32271
-1.21787
2.4974
0.04452
-0.804527
2.70949
-2.71034
1.6971
1.09357
-3.13592
-4.8235
-1.28822
-1.08614
-0.24736
-1.02557
-1.755665
8.068981
0.5695
-3.9
0.75179
-1.6825
-3.32074
-4.321031
4.931294
0.88255
-1.72722
-2.44876
0.19729
-2.23
-0.86256
-0.43285
-5.048576
-4.19718
-1.55518
4.660776
-0.6257
0.164
2.31497
-0.21192
-0.506
4.05934
-0.31518
-2.30205
-0.91382
-1.10094
3.42489
0.19746
-1.44936
1.44403
1.74015
1.01707
1.6495
4.56735
2.822738
NA
0.020495
-1.5332
0.11941
2.35634
-0.9813
-2.50361
1.79422
-1.6658
-0.9573
-24.23345
2.57838
2.00534
-0.70949
0.1801
-0.5365
1.6914
-0.7771
-0.52738
-0.55904
-6.96922
6.25592
-0.76854
-0.18792
0.83953
-0.98442
-2.6393
1.6745
-9.0867
-0.42189
1.15913
-1.602869
1.4355
0.26747
-1.48738
-1.6348
0.372902
1.7046
-0.5605
-1.47579
-0.15655
-1.44213
3.12
1.50035
-0.694287
1.61674
2.16551
0.43546
-0.17878
0.86729
1.28803
-1.14589
1.34781
0.314
2.82332
3.88728
1.62332
-0.33142
-6.017841
1.75
-4.52655
-2.86091
-0.3335
-0.4724
-0.4785
0.2934
-3.06742
2.30274
-0.8046
-0.56044
-2.25096
-2.64837
2.4
-0.12213
0.1956
1.50085
1.093321
2.6618
5.4101
1.753139
1.7255
-1.94925
1.04537
-2.97707
1.40472
-0.539
1.02
-0.351
0.287905
-1.664591
5.337085
-0.10119
-0.3823
0.740244
9.98242
0.3738
0.0349
1.76108
-0.9179
-0.7965
6.76814
0.6658
-0.97914
1.95982
1.24139
2.09732
-0.80531
1.99531
-0.68107
-5.03631
-0.78441
8.3162
-0.617
0.91199
1.52016
0.22906
-1.27065
0.85162
0.7467
-0.502
3.79688
-0.93193
-1.53612
-4.24
-0.2087
-1.3583
2.14
0.70724
2.91675
-0.4953
2.7888
0.86144
1.862336
-0.733603
-3.23817
8.1691
-1.106812
0.88253
1.9
0.89852
-0.461939
-0.3475
-3.1649
-3.606025
-2.34367
0.3749
-0.061626
-0.2803
1.8866
-1.0467
1.52
1.35
0.40034
3.29422
-0.5344
1.87997
1.60644
0.41035
-3.71725
-0.59523
0.7702
-2.07315
-1.4742
1.00801
1.7957
-2.9077
1.36876
-6.71262
1.78385
-1.40891
-1.100344
1.58236
NA
NA
0.66562
-1.70533
-0.703
0.16606
-0.3166
2.60602
-0.7299
-2.81
1.51641
-0.81168
2.07265
-2.76
-2.94
0.3301
-0.1115
1.096152
-1.74
0.116
-0.63463
-0.275494
2.39963
0.21857
0.85845
-4.62365
2.2326
1.4073
-1.626083
2.85465
-1.12381
-1.83648
-2.2392
0.30121
1.9206
0.61527
1.0005
1.1454
5.22
-1.3
2.18749
1.59048
0.05928
-1.09289
-1.22104
-1.13476
1.6143
-0.51374
0.62396
4.171579
1.6407
-1.981776
0.47655
-1.37
1.8693
-4.05296
5.9923
-0.812722
-0.50963
-0.76721
-1.42578
-1.68948
-1.882378
3.63
2.04
0.43939
-0.3674
0.98541
-0.28191
0.25714
7.69433
-4.15371
-1.67057
1.634037
-1.54325
-0.96532
-0.88622
1.8507
-7.16872
1.82848
1.716102
1.41057
1.917
-0.9703
-4.107403
4.05208
0.2805
-0.9977
-0.38238
-2.054918
0.50894
-6.610562
-2.212802
1.77106
-1.60243
0.21756
0.34175
-0.35598
-0.93314
-1.0126
0.51946
-0.554161
-0.06892
-0.6476
-5.020574
0.378075
1.753349
0.23695
-2.647217
-1.3226
4.7432
-8.2497
-1.8846
-0.568
0.415
0.8006
-2.2399
1.8985
-0.8101
2.0366
2.3793
0.5751
0.1743
1.1748
5.5114
0.54276
-1.6435
3.42472
-4.1477
1.2951
2.6339
-0.03931
-2.40632
1.58538
0.8308
-0.388656
-0.11323
7.98932
-0.6772
-2.465192
-0.5133
-1.5533
1.04298
-0.5361
-0.04519
-8.87547
-0.18961
1.73156
-1.12331
0.661403
1.91969
-0.11534
-2.80603
-0.941
1.39907
-0.03204
-0.66753
1.49458
1.65375
-1.72765
-2.61344
-0.730378
1.4112
1.39158
-1.1955
-2.15
-1.4529
0.56023
-1.6889
0.175
0.319
-2.8173
2.59635
-1.52977
-0.05282
2.2481
5.66753
-0.29514
0.866
0.45
-0.9636
0.3665
-0.924
0.239
-1.13568
0.13598
1.3035
3.43895
0.7741
-2.52124
2.53227
3.30469
3.92
4.6
-6.25955
-0.20178
-0.15913
3.625572
0.205457
0.178157
1.175295
2.2716
-1.59029
2.02991
0.37023
0.99934
-0.17513
2.58269
1.64428
NA
0.12562
-3.354265
-1.20374
-0.8927
-2.27809
-3.72969
-1.90601
-2.16341
0.422063
0.112967
-2.125623
-1.811975
-2.34263
2.22687
2.2217
3.783637
-0.71737
2.1595
3.750036
1.298895
0.3074
4.098163
1.0867
3.620235
NA
-0.882
4.11942
-4.55658
3.968
-3.06889
4.2879
-5.37558
-1.03473
3.92567
4.88401
-3.47862
5.70837
1.87756
8.14132
-1.52366
-0.89211
1.10622
1.75226
0.1137
-2.74304
-0.01027
-1.66446
1.3004
-0.6029
-1.16619
1.57588
0.59525
-0.94672
0.60371
0.0606
-0.189
1.66011
-0.85348
1.4548
-4.0804
0.50004
-0.14656
-1.67978
1.36623
-2.04428
0.0985
1.89484
-0.85694
-1.43526
-3.53898
0.14185
-2.65376
-6.41931
1.77952
-0.6822
-2.06396
-0.73947
-5.20588
-2.38479
3.97034
3.0064
-1.83809
2.47574
4.55403
-4.38518
2.38705
-0.51482
-0.20047
4.12647
0.5989
-1.28264
-3.03874
0.18874
-6.9155
-4.09614
3.6181
0.51636
-3.79961
-0.43216
1.1928
3.8553
0.9678
-1.3443
-0.588
0.7794
-0.8581
0.7792
0.8185
-2.3342
2.9936
2.882
0.1314
0.1312
0.9093
0.184
0.315
-0.5477
-0.9992
0.0893
9.8331
-0.308
1.6666
-0.9597
-0.6668
-2.6964
0.2404
0.36851
1.1839
-1.7536
0.8201
0.2133
0.777
3.6499
0.8386
-1.6127
0.0799
-1.6556
-0.9648
-0.7266
1.5199
-1.931
1.4868
1.529
-0.0483
-0.5737
0.0625
-2.2252
0.5863
-1.4291
-0.9979
-0.5411
1.3096
2.0589
0.0368
1.5331
2.9713
4.2374
0.2678
-1.7429
0.9157
1.6019
1.1868
2.7701
-0.7503
-0.6031
3.0647
-5.1204
0.916
1.4785
-0.3381
-0.2895
1.4894
-2.2206
0.2234
7.1416
-1.7719
0.3938
-0.7016
-2.3679
-0.0485
1.4182
-4.7225
-0.7998
0.4618
0.6112
2.3779
-0.355
-0.7889
1.6925
-0.8484
-0.7075
-2.4283
2.2609
0.5295
-0.5868
-0.0215
-0.2835
1.1694
-0.4753
-0.7322
0.5701
2.2593
-3.2912
-3.03152
-2.16486
-1.6271
0.18056
0.61951
-2.02129
-0.54737
-1.65502
3.94043
0.23815
1.20628
-1.5986
-2.86776
7.68574
-2.04704
-7.54633
-0.60322
0.84531
4.07505
-2.76826
0.05258
0.3314
-0.45728
-2.16993
0.24591
-0.92548
0.7726
0.53413
1.25963
-0.48789
-1.3244
-2.22744
0.63554
0.4179
-1.32566
2.50452
-1.4979
-3.41254
0.25744
2.052
1.16933
-5.18492
1.35684
2.7023
-0.81417
2.93463
0.1588
-0.81377
-0.47759
1.2801
-0.08153
-1.49648
-1.28866
0.39724
-1.30469
2.00474
0.0961
0.12129
4.7246
0.08021
-4.4407
-3.75791
-3.44825
0.8674
-0.28182
0.65355
-7.4797
0.66718
-0.16901
-2.4466
0.73274
-13.74245
-1.81567
0.4919
-6.8057
1.38549
0.04876
-1.47989
-2.76723
2.70997
1.55811
-1.90116
1.59549
-1.8951
2.74716
-0.87715
0.77569
-1.07293
-0.388
0.51447
-0.03163
-0.50158
-2.27353
1.25359
0.68194
0.70703
0.28557
-0.13
1.47121
2.14866
0.24033
6.11907
-4.4369
1.27368
1.46062
-2.2489
-7.57541
-0.32004
1.77951
-0.55662
0.52955
-3.24896
1.72605
0.02993
1.79057
0.91884
-2.35631
-2.03144
NA
2.64735
-2.56685
-1.12615
0.05783
0.20829
-0.74059
1.67659
1.20748
-1.49038
3.083651
1.008544
-4.141325
-2.153406
1.429288
3.384885
1.616223
1.159765
-3.397667
-0.6442
4.19825
0.126057
4.0328
-1.083556
0.565498
-0.921801
3.247576
-0.829946
1.966
-3.101476
-2.875276
0.00568
0.186043
-2.725543
3.527836
-1.331577
-2.435109
2.374755
-2.354268
-0.832743
-1.710477
-1.26261
0.957471
1.333973
0.196951
-1.574774
-0.563417
6.645803
-2.490036
1.487778
-2.151119
-1.345959
1.706519
-3.417767
5.574344
-1.6884
1.468394
2.103092
9.367377
2.426534
0.698658
0.762559
-1.954778
1.676964
0.153246
-1.582358
-0.825293
-1.756789
-0.504688
0.935398
0.219324
-0.624947
-6.739212
-0.87819
-5.256553
-3.183423
-1.822809
-6.275993
-3.180788
-0.747238
-3.87227
-3.280551
2.921199
-1.5098
-5.4634
-2.632849
7.006554
2.389601
-6.5216
-1.021508
-1.369414
0.721808
-3.982109
7.4849
0.94606
-0.34786
0.75904
3.93489
0.76454
-0.9254
0.22438
0.46531
2.01911
-2.84244
0.41254
-0.22619
3.1709
3.61815
1.32916
-0.59454
-2.52668
0.3616
0.87963
-1.03391
0.46066
0.74294
-1.99941
-3.7763
1.345
-1.23315
1.02209
0.51399
0.39258
0.6357
-1.53946
-0.85452
-0.0201
-0.7862
-2.02687
2.23928
2.58739
-1.29751
1.11325
2.9815
2.44454
-0.87898
0.85787
-2.37529
-0.0904
0.18151
-2.10719
0.67083
1.7327
2.53797
1.28268
-2.9498
0.15736
-0.8373
1.30209
0.62727
-0.9299
-1.7516
-0.1338
0.61967
-0.238724
0.710054
-2.0032
-1.510729
-0.438263
-3.635077
-1.660375
2.768324
0.144201
2.845965
-1.300681
-1.882472
2.0408
3.308094
-2.269983
0.476627
1.827026
0.000979
1.255146
-1.547502
1.389022
0.7336
2.618074
-0.477993
1.15382
-0.220929
1.406262
-0.423854
-1.738234
-2.430203
0.742439
-0.825802
0.920737
-1.03526
0.89323
1.61639
-0.02756
-2.38849
1.60149
-2.74638
2.46702
0.75911
-0.5413
1.36049
0.39128
0.5279
1.04555
-1.45377
1.01552
-1.31254
0.6389
-1.57408
1.14554
0.03426
0.96226
3.86751
1.5586
1.78687
-2.00966
4.22073
0.47413
1.42021
-0.20712
-0.9533
-2.06451
-0.16322
2.63913
-0.2459
3.67199
-6.4148
3.4787
0.25449
-0.00919
-7.93973
5.79507
9.07984
6.08184
2.5843
3.40158
1.79747
-0.94019
2.85446
-1.28185
3.73987
1.49947
-0.02992
-0.3037
-0.80741
7.73695
7.19143
-2.94716
-0.61334
4.50117
-1.49006
2.71447
-0.25393
1.09118
1.94898
-2.64479
-0.83426
-1.4403
-0.7651
-9.12911
9.60895
-1.82239
-4.09099
4.114
-3.41592
4.272
-0.98646
-0.7147
-0.1727
-1.14679
-0.27192
-0.89485
-2.34796
-0.7092
0.2225
0.0542
0.84207
-2.35739
1.7468
-5.26706
-3.13187
0.24762
0.67726
-0.87114
1.581
-0.83644
-1.9606
-0.92296
3.90252
-2.12527
-3.32547
-2.03472
-0.0898
-0.42258
1.0182
-1.60366
-0.66073
-2.341
0.0625
-2.04259
1.11124
0.2793
12.33225
1.15773
-0.31509
4.18421
0.91178
-0.22152
0.64658
-2.1805
-1.44095
-0.76859
-2.0024
2.92798
-1.53018
-0.64873
-4.66104
-0.2541
0.065747
0.145252
0.196994
0.320185
-1.071383
-0.145212
-2.0806
1.067541
0.30043
-0.7381
-1.246167
-0.613872
0.5485
-0.571765
3.754215
-0.700217
-1.374093
1.471995
-0.026736
-0.08607
-4.010528
-1.806783
-0.2946
1.019442
8.132483
0.471289
1.231663
-0.299089
-1.649944
2.810829
5.767157
1.921404
-4.753966
1.769388
-1.461399
8.645801
-1.307503
-1.454696
-0.134619
0.493096
3.721252
2.36911
-1.095855
-8.26893
-2.53192
0.59681
-0.65004
2.15804
3.38446
3.52631
-3.89339
-0.81751
-2.0352
0.2675
-2.15347
2.90748
-0.52476
-0.85254
-0.23186
-0.07015
3.82745
2.67209
3.826
-0.5632
0.6204
-3.16673
8.49403
-0.2435
8.17967
-6.48927
-16.56792
-0.32823
-1.31141
1.39132
0.54506
-1.69635
1.12258
-1.43134
-1.17024
1.7067
1.2452
-1.0517
-1.04723
-1.00912
-1.22302
0.1402
-0.14585
-1.45231
-0.69034
1.08779
1.20875
1.4944
0.514
1.40529
-1.7637
0.22834
-0.24802
-0.90116
-1.87362
-0.90072
1.97792
0.31309
3.51973
0.99446
0.96763
3.72767
1.63814
-1.11903
-0.58895
-0.34385
0.08987
-0.06762
-0.317
-1.33664
-1.77366
-3.9864
-2.4792
NA
NA
0.58821
0.20179
-0.39592
NA
-5.17698
NA
4.43173
10.02801
NA
3.72528
0.02306
0.00379
-1.49838
-1.5587
1.84396
1.60581
-2.27708
NA
0.46372
0.4655
-3.8263
0.09173
3.04983
3.37855
-0.32081
-0.93259
-0.42623
-1.70954
NA
-3.34512
NA
-1.95729
NA
0.6096
NA
0.70427
1.2538
-0.17215
1.43146
0.55671
-3.08734
0.10318
-2.82808
5.17889
-3.4321
-1.63945
0.19609
0.41002
-0.63425
-0.71865
0.34225
1.62175
-0.82761
0.53117
1.18671
-0.34686
1.23067
0.18683
1.6628
0.01283
2.70832
2.95185
1.36898
0.32202
0.93524
0.8428
-0.99615
-1.31556
-0.21784
-0.9471
-1.30694
-0.69301
0.27409
0.6475
0.95814
-0.581
-2.16
2.06
-2.55
0.727
-2.85
-1.1
1.31
-1.29628
2.7
0.643
-0.754
1.18
-1.61
2.41
4.34
0.92
0.266
-2.2
-0.639
0.801
-0.588
0.622
-0.439
-0.946
0.508
-4.05
0.0827
-2.94
1.6
2.08
-2.18
1.39
1.27
2.97
-0.517
1.21
2.61
1.13
-0.19288
0.39569
1.3651
0.55359
0.5202
-0.95001
2.44256
0.99767
3.87766
1.22128
0.12894
-1.8893
-4.96628
-3.63617
1.63927
-2.83886
-0.4564
-2.45636
-0.81534
0.73187
-1.51161
0.040444
-0.7442
0.935094
-1.32847
3.33147
1.09432
1.98342
2.13341
0.33388
2.67173
2.25328
-0.14715
0.00833
-0.45311
0.31686
2.05113
0.4766
-1.32178
1.46221
-1.86244
0.53645
0.6637
0.70432
1.41341
-2.6642
1.4107
-5.03297
-0.08147
5.1613
-0.22457
-0.47871
-3.60687
0.45309
-0.11986
-1.15685
0.4998
2.06842
0.68896
3.25619
0.2105
-3.96726
-0.12352
-1.51747
-1.45562
-1.87612
-0.3015
-0.88255
0.26017
-2.1492
-1.09872
-0.92975
3.797026
-0.75025
2.43829
1.90501
1.28145
1.63749
0.622
1.24896
-1.08061
-0.25674
0.96947
2.16284
-1.28035
1.98188
-0.22837
-0.57291
1.4275
-1.28251
1.93982
-0.65732
-0.76871
1.12618
-0.50213
-2.053
0.48182
1.91478
-0.93241
-1.35875
-1.0998
-1.2807
-1.00081
0.99734
-2.3719
0.79321
-0.46949
1.14822
0.84176
-0.21519
0.03625
1.59972
-1.09031
-2.66138
-0.41651
1.3257
-0.5946
0.95761
-4.43255
1.60095
1.61572
-0.21937
1.72614
-1.25757
-0.14218
-0.23116
-0.10052
-0.41722
0.04905
-0.81057
-0.83669
-1.36546
1.79645
-1.20334
0.34965
-0.10986
-1.90581
1.02642
-1.58743
-1.2649
-1.69127
1.21415
-3.7036
4.7986
-6.15383
-5.71143
-5.02021
-2.17889
2.85865
-1.92074
-1.50228
-1.3399
-0.19466
2.0114
-9.8518
12.59788
-1.29735
-0.05084
-0.33554
0.37103
0.69428
0.925
0.4517
0.6351
-1.68375
0.41859
-0.46399
0.61097
10.4482
-0.38948
-0.0216
-4.94778
0.23343
0.10083
2.12063
1.27459
0.44535
1.31583
-0.468146
-2.95606
4.69
-0.658
-1.462206
2.640933
0.052496
-0.39187
-0.43654
-0.30219
1.74255
-0.46641
-0.76284
4.011327
0.69942
1.42117
2.89846
0.62293
-1.6556
8.77936
1.2213
-1.88554
1.14432
2.51853
2.75533
-0.03913
-1.29421
1.76986
0.5308
-0.2303
-0.3593
-0.59191
0.21533
0.2416
-0.25206
-1.56759
-2.16761
-0.68931
-0.640944
-0.58593
-1.06645
0.228
0.668
-0.06538
-1.29487
1.573901
-0.465159
-1.622445
-0.7614
-2.267104
-0.296692
2.20253
-2.766693
0.317732
-1.211383
0.268617
3.566786
-0.510121
0.922411
0.539177
-0.17838
-2.799588
2.0293
4.555
2.9841
0.5835
1.6993
-0.5727
-2.087
0.8822
1.2028
-0.6757
2.3444
-0.858
-4.5653
-0.6013
0.7026
1.04927
1.72763
-0.44264
0.00129
-7.2968
-0.27693
-0.8556
-2.04625
-1.16598
0.6314
0.57128
-3.89325
-0.43238
-0.80513
1.23464
1.30381
-2.46123
-0.06069
6.0389
-1.37792
7.82259
0.48604
-0.99427
-0.10344
-0.1015
0.58687
-0.32686
0.91268
-3.09802
-1.69997
0.46281
2.73297
1.79588
1.25958
2.60019
-1.58119
-0.6273
-1.96248
0.16586
-2.5584
-9.932449
2.35016
-0.17488
5.09667
1.1015
1.08755
2.0684
1.66914
-0.63937
-0.71992
0.37922
-0.52807
-0.10347
-3.324254
-0.21235
2.28013
0.02237
-0.48029
-0.41793
2.40551
-2.08321
1.76372
-3.37741
4.11848
-0.50357
-0.60758
-1.4075
-0.9958
-6.81331
-0.12617
0.103064
1.123552
0.99933
0.76874
0.502356
0.734383
-2.054037
1.83
1.54833
-1.4053
3.21
-0.805
0.792
-0.107
-0.477
-1.104113
-1.174586
7.71176
-0.63465
-0.69305
3.2
11.5
0.90568
-2.47204
0.53492
-0.01038
-0.2108
-1.64765
0.381
3.4433
5.33172
-1.7694
-1.3976
-0.42856
-0.19347
-0.69442
-0.83199
-2.32239
2.86716
1.49304
-0.5915
-1.03682
-0.4792
0.32144
-0.31225
-2.83638
-0.714
2.78684
-1.12359
1.66771
-18.45714
4.9615
-1.4605
-2.41896
-0.76287
1.02065
1.8507
-1.12548
-1.06978
3.48944
0.18986
1.45846
7.8296
0.71257
0.90585
-2.162692
2.4148
0.436996
-1.60575
-3.24809
-3.89879
-2.90235
0.65816
6.84243
-1.69179
0.0504
1.4214
4.39676
0.9938
0.16787
0.97328
2.05258
-1.18304
0.33107
-1.472721
2.02927
-0.8758
-1.05777
1.70908
0.2477
-4.37072
-1.65607
3.6736
-0.81318
1.03246
1.09272
1.411318
1.709849
-0.20268
0.80328
0.84501
1.23978
-5.049
-1.14064
0.25458
1.24823
-0.493872
-0.550887
0.456671
-0.47178
1.6997
-0.55415
1.70662
0.98352
2.42914
1.026
0.0571
0.8691
1.4292
2.5465
-0.2424
-0.5285
-2.8877
0.8845
-0.5276
-1.2183
0.5676
-0.4667
-3.321
-0.1439
1.7375
-1.2151
0.50796
-1.287877
0.916533
2.46993
2.2087
0.80752
-1.50039
-3.54151
-1.670098
NA
-0.35953
NA
0.46856
NA
3.96432
NA
2.38683
0.28026
NA
2.19006
-1.32023
-2.62249
NA
1.39987
-8.77559
-4.42333
0.31982
1.3644
2.3727
-1.217
-2.51477
1.02481
2.70731
-0.52996
3.73609
1.24
2.36138
-0.59989
-0.5138
0.45344
-0.10585
0.86031
0.40816
-0.66183
-0.38091
1.36658
-0.1541
-0.7221
0.0447
1.1027
-0.82247
-0.3535
0.78067
-1.755
-0.3837
-0.1938
2.02675
-0.78556
0.96771
1.709435
-1.328
-0.9827
1.93992
2.36098
1.59445
1.19813
0.47564
1.95327
1.860781
2.759575
2.82658
1.237075
-0.9113
2.6215
0.7475
0.1132
3.285
-1.0338
2.3866
0.3372
-0.1147
1.757
-0.0403
-0.1068
-0.8366
-3.2897
-2.0072
2.127
-0.0515
-0.9751
1.3581
6.196875
-1.54141
-0.049
-1.4012
-2.3234
-2.544
-2.15984
-0.25277
2.3901
0.02578
0.06039
1.02771
-0.21328
-3.296
-2.62586
-5.4634
0.268559
-1.29586
-0.568485
-3.682677
-1.832139
-3.114944
0.5642
-0.5237
-2.9846
8.79874
-2.02674
-0.45549
6.84957
-2.5117
3.0206
2.0187
0.1265
1.0777
-0.9321
-1.665809
-4.3188
-1.13019
-3.466627
0.995973
0.663103
-0.44222
-0.7912
2.684632
-0.662
3.26952
0.37085
0.39875
1.50352
0.84204
-0.60722
0.12254
3.18329
0.01118
1.96161
0.204502
0.0538
-1.58822
-2.41091
-3.87047
0.727117
0.533083
1.52529
0.15665
-0.48264
-3.1665
0.10381
0.68051
-1.16548
4.08868
0.21453
-0.91936
-2.49721
-1.0085
-0.39753
0.72633
-1.862571
-0.62522
1.74261
-0.69722
-1.88662
3.52411
6.51753
-0.47574
2.6129
2.5834
-1.89777
0.43545
1.79213
2.66625
-0.37698
2.14499
-0.36211
0.37696
-2.78572
-1.50381
1.39986
0.88459
1.38129
-0.22285
-0.41089
0.48548
1.59074
0.31596
1.39922
1.98504
0.23402
1.98963
0.8043
0.3444
2.55156
4.41298
0.74129
-0.43107
1.46936
1.86675
-1.1289
-0.64843
1.54151
-0.44954
-0.27258
3.88
2.097901
-0.04292
1.150204
-1.558059
1.596102
0.13386
3.23339
-0.93047
1.79516
2.44485
0.9705
-1.47037
0.8036
1.5287
1.0569
-0.5231
-0.36413
-0.50894
0.44514
-1.77278
-1.38654
0.96358
-0.45797
-1.263934
0.067
0.83515
-0.476651
-5.03964
-0.29254
0.26181
-0.3958
1.88394
-2.674445
-0.488722
-0.877859
-2.27692
-7.888571
-8.181375
0.616483
2.167145
-0.163321
1.917488
1.271175
-2.4995
2.5981
1.20907
-0.57992
1.5676
0.13799
-0.823136
1.93825
1.880105
1.05186
-0.19982
1.447786
1.73387
12.982268
4.7312
-0.09672
2.818173
3.341808
0.867008
-0.234604
0.6683
-5.396463
-1.53895
0.82507
-0.1945
-0.412499
1.912131
-0.9699
7.54332
-1.2076
-3.1242
-0.096219
-0.81795
1.054615
-1.75648
1.58826
-0.283507
1.415683
-0.39072
-2.0881
-3.008
-2.657278
-1.68387
-3.1895
-2.374138
1.77161
-4.9244
-2.327181
-1.9083
-2.36442
-0.06459
-1.38888
1.7534
1.341
-8.3094
-0.9345
0.5932
2.09332
0.24878
-0.0287
1.331597
-2.10484
-3.55091
0.81684
0.3699
-0.594
-1.29571
0.43149
0.6011
-2.3311
-0.0291
-0.276
-1.09
0.030193
-4.67918
0.07193
-0.9685
5.40522
-1.51276
3.31934
0.9986
2.0251
0.03644
-1.2561
-0.87119
-2.872196
-0.97363
-3.089795
-1.02541
0.57383
0.16347
2.37571
-2.0052
-1.04998
-0.48839
0.41153
-1.873032
-4.259186
-5.4159
-1.919522
-0.675315
-0.3781
0.2259
-0.30198
1.64848
-1.14268
-0.52107
2.63
-1.09
-0.945
-1.2989
2.96838
1.209872
0.534274
-0.096428
-1.94663
-0.33754
2.54962
0.88603
-1.62232
-0.44188
0.08776
-0.47498
0.23344
0.73962
-0.883
-1.20936
0.6893
-0.79076
-0.11363
1.33793
1.50322
0.35554
1.18075
-2.83682
2.61301
1.84641
-2.4047
0.3066
1.1934
0.686
-0.06773
0.326902
0.9505
-0.5513
2.9734
2.77623
1.92509
1.22037
-0.47757
-1.7186
-1.13266
0.92058
1.3928
-2.49894
0.5826
-0.27231
2.90051
-3.51497
0.59931
0.43678
1.2085
-0.222
-1.7067
-0.27586
0.02903
-0.13087
-0.528099
0.799301
1.63195
0.910214
1.10724
-2.57749
0.39044
-1.35048
3.94786
-0.69421
0.793
0.1305
2.18502
-0.11951
0.77436
1.21253
-5.8688
-0.93711
0.96024
0.9136
0.41386
0.83353
1.2859
-1.488202
-0.510686
-0.12503
2.86646
0.7751
2.31417
-2.16616
0.006344
-1.178696
-1.2379
-0.1103
0.915
0.8887
2.0661
-0.6649
0.92297
-0.9273
-0.1463
-0.0603
0.525
-1.31
1.3
1.67983
-1.26205
-1.25475
3.07977
0.34501
-0.65219
2.6312
-1.46669
-2.18572
1.8903
-0.64553
0.26631
1.34129
-2.07142
0.2031
-0.8677
0.00775
-0.084
1.72709
-0.45495
-0.01639
1.11582
-0.2297
0.16106
4.48234
1.6447
1.42351
-1.0457
0.94346
1.9537
1.0348
1.19812
-0.64236
-1.33016
-4.202315
-4.613025
0.300958
0.0265
-1.2667
2.14018
-0.76653
0.5685
0.761832
0.006048
-3.121134
2.3648
1.20315
1.00775
-4.11933
0.909
-1.75083
0.817996
0.98395
-2.946774
-1.115129
-0.856335
-2.08924
-2.03714
0.3478
-0.7856
-2.00391
1.6448
-1.32967
-2.3656
0.36605
-1.66149
1.11565
-0.11461
2.59049
-1.276
-2.0864
-2.53423
0.02738
0.9111
-1.112626
1.01649
0.6342
-2.60517
-0.22098
0.96526
-1.14522
0.47458
0.67922
-2.19344
-3.23908
2.3278
-0.1606
-0.9427
0.43276
0.27569
-2.08559
-0.95503
3.50821
0.94407
2.12296
-2.73363
1.43541
1.05865
-1.08128
2.17552
-1.18803
1.29543
-0.37836
0.09143
-1.33837
-0.09467
3.12228
-0.06763
-0.56902
1.6015
1.3892
0.35785
-2.19526
-0.31558
0.37224
-1.21229
-0.08
1.07777
4.76726
0.53181
1.28227
1.19807
8.31065
1.62797
-1.52497
-0.99427
3.88481
-2.03054
1.22621
-1.72661
-0.65422
0.71325
-1.13495
0.80702
-0.75965
0.69046
-1.12082
0.95721
-0.53249
1.0115
-2.61663
-1.3102
-2.53017
-1.58497
-2.04227
2.69061
-0.79493
0.6035
3.24981
-4.96679
1.6029
1.56672
-0.59933
1.09162
1.54246
0.91136
0.1053
1.65768
-0.10633
0.29098
0.58537
1.11234
2.84658
1.3838
-0.246
0.619
-0.349
0.75918
2.5093
-1.92857
-1.04682
-0.78478
1.83484
-0.39959
0.12024
-2.00201
3.17029
-2.241441
-0.03153
-0.417779
-1.098795
-0.252615
1.352065
-0.732663
-3.412057
-1.419446
3.148278
-0.186155
-1.645599
-2.711489
1.511663
-0.087011
-0.009694
0.916718
-3.144721
0.42443
-2.344808
2.573754
2.585495
-1.039625
1.130999
-0.88197
0.8277
0.28178
0.535297
-1.051664
-4.043334
-0.865666
0.913236
-1.790778
1.9106
-1.283489
2.925774
-0.560969
-1.49962
-3.04136
-0.1997
-0.94928
3.23902
3.16232
1.37611
-0.11711
-0.66711
1.1851
-0.20465
0.15057
NA
NA
NA
NA
-0.69309
0.07169
0.14247
-0.09248
-1.2094
-0.3671
1.137919
0.069459
-0.2448
-1.6569
1.977215
-0.51493
2.08568
7.3909
-0.04675
2.413617
2.165098
0.174053
-0.366581
0.289411
0.5735
-0.6784
-0.31165
-2.17637
2.04721
-1.14371
0.65884
-2.89056
-1.57682
-0.70377
2.73427
2.13097
0.95687
0.3189
5.11866
-1.09095
2.13264
-0.63231
0.3325
3.72401
-0.32418
0.7451
0.80771
-0.21739
-1.73868
0.59269
0.73306
1.74731
-0.84612
-3.11997
1.76687
0.6156
2.5109
4.70233
-2.97107
-5.07731
0.76147
-1.99353
1.3312
0.1501
0.56386
-0.4325
-1.7036
0.61411
1.14188
-3.56
0.21355
0.37366
-1.29383
-2.9044
2.57258
-0.82819
-1.34603
-1.05382
1.52999
1.42137
-1.97099
-1.25177
0.11103
-1.39108
-0.22567
-1.45777
0.24985
-0.34
1.25
-0.0984
-4.27016
-2.82628
10.0869
-2.35843
-1.7891
-1.63797
0.0672
2.8462
1.61734
0.48165
-0.30689
-0.49019
-1.87745
0.09102
-2.87293
-0.18211
-0.97021
-3.3477
2.29881
3.77675
-0.21471
-0.142
-2.93616
2.34865
-1.70948
0.02533
-5.4381
-1.9509
-8.06877
1.06391
-0.99139
-0.87737
-0.11585
-1.34694
0.434509
0.14264
-1.8612
-1.94342
0.5355
0.03611
3.56268
-0.70139
2.07936
0.71069
-0.85912
1.40064
-2.59557
-3.66843
-0.96062
-0.0768
-0.28455
-2.5371
-1.07474
0.27893
-3.0152
2.75609
1.88268
1.5768
-0.02471
1.59797
1.46239
-1.13662
0.89492
-0.26159
1.30975
1.05194
0.62117
-0.1392
-0.74391
-1.2058
0.20726
4.29827
-0.10969
-1.10879
-2.13281
2.32596
-4.73481
-0.62893
2.5056
-3.68477
-5.37835
-1.61459
-0.83981
-1.68423
-1.06976
-1.80926
-2.1043
-0.959
-0.9811
1.3002
-1.7869
0.9181
-1.1419
1.2124
-2.4666
-0.5687
1.089
3.2414
-0.1244
1.942
-0.1131
1.8011
-4.1264
-0.92514
1.12516
-1.1487
1.76321
-0.74521
5.13264
1.13311
-0.58538
-2.24226
2.98187
-0.98926
-1.96718
-1.10374
-4.73628
1.22008
1.50011
1.5662
2.81219
-3.67121
0.96601
-1.09385
-1.35921
-8.52603
-0.6541
-7.57744
-0.42069
0.29761
-3.09999
2.02089
-1.93753
-0.4375
-1.64953
0.6247
-1.22002
1.0839
-3.73833
1.84363
0.63062
-1.18661
0.24163
1.39781
-1.25443
1.5963
-2.26181
-1.89513
3.01793
-1.84521
-1.89795
0.17956
2.50083
2.45103
-0.32314
-1.2876
-3.89859
-0.9241
-1.47389
-2.31057
-0.04011
1.14154
-0.07138
-2.3443
-0.09379
-2.06516
0.84438
0.97739
-0.49121
0.98698
-0.69228
2.3706
3.00427
-2.7656
2.1629
-0.29242
-0.13654
-1.12434
1.40288
-1.33187
11.03952
-1.663
-0.1884
-0.4806
-2.4432
-2.6461
-0.5288
0.3707
0.51288
-2.28856
-3.08317
0.84324
0.93831
0.31864
-1.4642
1.15719
-0.7691
-2.20385
1.77764
0.37435
-0.49749
-3.80236
-5.26115
1.14667
-0.36074
3.93698
-1.9949
-0.3039
-3.8278
1.3635
-1.5022
1.79344
0.76534
-2.0509
1.1733
0.292489
0.713037
1.998505
-0.0439
-0.0399
1.486108
-2.411984
0.35141
-3.788678
-0.198793
2.939648
0.2039
0.936
-0.1613
1.8837
-0.8994
-0.912334
0.026413
0.257003
0.678364
6.52954
1.274564
-0.631282
1.99677
-3.03988
2.35408
1.282048
1.102224
-3.550175
0.38269
-0.59724
0.44375
-0.77118
NA
-0.1545
0.5946
1.0827
1.20132
0.27797
0.5556
-0.32519
-0.36854
-1.21636
-0.17904
-2.98187
-4.65848
0.16248
1.16602
-0.3827
-0.67461
1.78958
-1.03339
-2.43192
-2.29524
1.20707
-0.15396
-0.58428
0.16858
0.98891
0.5822
0.51953
0.78789
-1.75081
-0.4639
-2.4214
2.07777
0.13002
1.58862
-0.0082
0.65212
5.1522
4.90831
-7.40697
-0.11801
-16.3067
-0.64282
1.83983
12.7997
4.19931
-15.03299
-0.9959
5.97886
-0.71271
11.19889
0.27257
-2.32035
0.39196
-3.15071
1.62604
-0.21665
-0.3329
2.45941
-0.49566
3.63081
-2.48623
-6.29272
0.00173
1.72547
-1.44499
0.43775
0.56719
1.03143
-0.89451
-0.80091
-0.71328
0.65521
0.45562
-4.30279
-0.39599
2.23279
0.1399
-0.70737
1.0578
2.44486
0.42938
0.69935
-0.03294
4.95022
-1.83555
2.3575
-0.40906
1.66559
0.96519
3.27653
0.46227
-2.39644
0.3322
1.81376
-0.69868
0.91629
-0.87838
-1.58003
-2.50474
1.50892
0.66076
-2.08233
-0.1258
2.38228
-2.04576
0.47284
1.71899
1.27931
-2.42693
-4.10708
-3.46143
-1.02034
-3.94612
1.47579
-1.54
-3.15383
0.12094
0.70598
1.6014
0.3018
-1.75
3.65
-2.58022
-4.37919
-0.827
-0.419
-0.517
6.86
-0.664
0.592
-1.05
2.22
-0.0124
1.69
1.92
0.492
1.13
1.06
-0.0768
0.408
-1.83
-1.25092
-0.236
4.62
4.85
4.66
1.52
-0.706
-0.304
-0.544
-2.43763
-0.44037
2.24521
-0.73223
-0.45829
-0.11123
2.12547
4.61364
2.9221
-0.71793
4.06628
0.01358
-2.587
-0.76416
1.06165
-2.84713
-0.17379
0.86799
-0.00854
1.48463
-1.4003
1.69462
-2.61794
1.50181
-0.00501
3.73511
-3.78579
0.8641
-0.19139
-1.37085
0.20567
-1.17331
0.28702
-1.80841
0.17317
0.22457
-1.36955
-0.29708
0.82166
-1.9239
0.94879
1.23702
2.28558
0.94115
-3.15155
-1.00758
NA
0.98322
-1.36621
-0.8075
3.46802
3.48764
-1.0924
2.27601
-1.98231
-0.07408
-0.53308
3.02573
NA
NA
-1.39576
-1.1603
0.52682
3.23403
3.64806
1.73041
-2.5455
-1.30134
3.04241
3.44526
0.16918
-1.16306
0.51822
-0.71919
-2.88144
0.05502
-1.13334
0.94406
-2.58197
-1.32315
1.0476
0.77891
3.97506
0.07511
-0.14824
-1.1562
-1.32958
2.08624
-1.72299
0.76074
2.95833
1.63354
-1.87014
3.13678
-0.22046
0.1795
1.39997
-0.36465
1.1379
1.45806
-0.99185
3.07945
3.08339
0.28431
-1.587
-2.34863
-0.9277
2.8533
1.14299
0.3107
0.31732
1.18112
0.21953
0.78913
0.72581
0.07009
-0.63337
-0.76494
0.548487
2.005957
0.395027
1.055641
0.285355
-1.550394
1.527535
0.536125
-0.975166
0.838467
-0.250624
-0.212312
3.468951
-2.403539
-2.665026
-0.2491
0.06913
0.297595
-1.419593
0.893625
0.51304
1.664327
1.217296
-4.53388
-1.72828
-2.79295
0.1063
5.25877
1.70222
0.46851
0.46134
1.0263
-0.58379
2.63664
0.72924
1.81496
0.38425
-4.74241
1.0178
1.38374
0.47742
0.29355
0.00161
2.0751
0.71352
-1.823195
0.203561
0.6834
2.837548
-2.681567
0.693678
-2.233229
0.082165
-2.339099
-0.20302
-0.9651
1.386138
4.909657
2e-04
1.865603
-1.523931
1.224934
2.017507
5.651846
-0.183008
3.712
-4.057854
0.543521
-4.293897
-1.1125
2.666979
-3.066736
-0.600969
0.824608
1.5005
-3.306429
-2.670058
-0.0127
-1.608565
0.050012
-0.61825
-6.58114
-1.7734
5.6335
-2.1515
-0.173
1.3244
2.3077
-1.6775
2.27198
0.606501
4.047481
0.146884
2.100442
-9.10751
-9.17861
-1.03673
-1.53951
0.7667
-0.13372
-4.86662
-0.604293
3.1907
-0.52374
2.8013
0.791081
0.71308
0.0558
-0.52839
0.126359
4.27026
-0.23721
3.083366
3.55027
-2.23958
-1.28473
-0.513
-8.91371
0.27215
1.53
3.32962
1.52301
-0.1389
5.23296
0.81017
-0.05627
-1.7018
-1.718175
0.65678
3.223131
-0.61514
1.90626
1.0348
-0.05381
-1.04109
0.1837
1.46345
2.2572
-0.721
-3.00069
-0.10741
-0.52447
-1.44422
-0.34981
0.49275
1.8317
1.12318
1.37309
-0.40214
1.03867
1.15592
0.15716
-0.51861
-1.94127
-1.55081
-0.22105
-0.58598
0.23645
3.68118
-0.31175
0.59076
1.32577
-0.1485
-0.09082
1.73015
2.06115
1.35004
0.23155
0.66024
0.63688
-1.51151
0.4336
1.1115
6.8398
-0.3506
1.29045
1.56705
-0.891024
-0.23861
0.31348
-0.65995
-1.53021
-0.80218
0.549395
1.846988
1.9654
-2.616328
-1.03394
-2.36916
-1.71492
3.740425
0.927
0.4202
1.92354
0.23835
-1.89041
-0.438
-3.1465
0.9325
-0.66506
2.03979
0.32722
-2.05674
7.09549
-3.54055
1.16013
-0.90637
0.01511
1.3127
1.66715
-1.38619
-2.60419
0.03247
-1.6243
2.75945
-0.568
NA
-0.24123
0.44872
-3.58631
1.14875
-0.02539
-0.26136
-0.3791
0.78648
-2.47787
0.769
-0.10757
0.28121
0.28384
-1.41977
0.02881
-0.5277
-0.9945
-2.9605
0.52583
2.18564
1.41031
0.4806
-0.52473
0.23319
-0.59467
0.9817
-1.93613
-1.03
-0.814
2.96
1.38047
0.95061
0.44255
0.5477
1.41759
-0.16522
-0.968547
0.92617
0.7504
0.17391
-0.47082
-0.3433
-0.47221
-1.5177
1.9501
-0.8489
2.3919
1.4501
-0.4558
2.167354
-3.11167
-2.47191
-1.401371
0.079182
1.29677
0.0683
-0.36
-0.19964
-2.12991
0.68131
-0.64491
-0.23347
0.77707
-0.72453
-0.16012
0.7288
0.6531
4.17389
-2.19723
-3.62759
-10.93942
-1.23958
-0.1008
-0.95976
0.5422
-3.0571
1.53
1.96579
2.1
0.94339
1.7306
3.35721
4.75337
-0.347
0.0149
-1.29854
0.59282
-1.70385
-0.16906
3.8156
1.60428
-0.51229
1.98156
0.12807
-0.98136
2.042611
5.55869
2.09403
5.43329
-2.48897
0.0253
-2.2695
1.55902
3.63329
-3.81676
-0.8418
0.56415
0.10752
-0.24932
-1.17633
0.23078
1.1454
-1.93773
3.06467
0.007
-0.08583
-0.885
2.6611
-0.93057
0.096136
2.30539
2.5805
0.9051
0.280595
0.9526
0.05881
-1.1977
1.02283
-0.3687
0.1322
-1.626
0.63026
-0.285
2.37042
0.81673
-1.02056
-2.90824
-1.36188
-1.43874
0.0563
-0.3515
-0.8881
-0.17667
0.7006
-1.4253
1.8897
-1.36971
5.25104
4.0553
1.3564
0.58907
-0.60014
0.26154
-1.5023
3.08072
-0.77181
1.0322
-4.07525
1.56453
-6.236379
3.16171
-1.55659
-1.17847
4.27335
-0.1044
6.81793
-2.4643
-3.61963
-0.58613
0.517
-1.43482
0.957
-0.34
-0.344
0.926
-0.96346
1.11688
0.0421
-1.09896
-5.65
-1.70016
0.05997
-1.35554
0.78373
2.30014
3.3041
3.54297
1.84548
2.03231
-0.18459
1.7715
-1.21521
2.3641
2.38078
0.6614
1.1587
-0.7463
-0.3246
1.43296
0.3628
-1.35845
1.888673
-0.0311
0.3072
-2.41273
2.02215
-0.51844
-0.91265
0.66283
-0.65527
-0.61607
-1.85912
-0.37227
1.24016
0.74855
0.08706
-1.79933
2.65581
-1.833196
2.4762
6.85968
2.09167
-0.30555
-0.46321
1.72211
0.75927
0.223
1.146133
1.48
2.24
0.48239
-0.87186
1.7086
-4.78613
1.60917
-1.6603
-0.28901
1.81928
-4.90096
1.24665
-2.1016
2.32695
0.47395
-1.2184
0.68424
-2.99787
-7.43669
-0.63621
1.58
2.34138
1.68626
-0.78899
-2.44641
2.07251
0.60451
-1.48126
1.31959
3.24473
0.5364
-0.073383
0.3151
1.7
1.82702
1.1849
-4.90371
-3.5445
4.031
2.7603
-0.546622
-1.4641
-1.4977
-0.07469
-0.31546
13.82088
0.28266
-3.70558
2.86589
-0.9123
0.80892
-1.06508
0.02227
0.70812
4.3835
1.49444
0.47517
-0.964221
2.63205
2.04061
-2.09026
-1.024033
3.701826
-0.910696
-1.464336
-0.428158
2.74529
-0.80825
-0.34021
1.05041
-3.26056
-2.477533
1.52
0.2786
-3.0348
0.9836
2.6553
1.4502
0.999
1.0753
-1.5096
-0.1555
-0.2829
0.3266
-2.3341
-1.9538
0.8947
1.408802
-1.2235
-0.2138
-1.0972
-0.8226
-2.20317
6.6735
0.410463
0.482898
-0.262763
0.054198
-0.081898
-4.2126
0.852834
-3.029707
0.084829
0.767449
-0.367508
0.613798
0.194031
-0.126127
1.105918
-1.66729
-0.767122
3.22981
0.75991
-1.819174
2.74391
-2.22267
1.376
1.23203
-7.07049
-0.69906
5.67
4.21075
2.1948
6.53893
0.37674
-0.28371
0.1626
-0.7403
-0.28143
-3.86862
-3.58766
0.7254
-0.33521
-3.012519
-0.75467
-3.03632
-2.1366
-2.65762
-0.79374
0.2353
-1.99337
-4.2219
6.2801
-0.744
-0.433
-0.426
-0.22779
-3.163453
-0.476528
-3.30857
1.1236
-1.84746
4.3829
0.25284
0.91358
-1.9519
-1.08975
0.155328
-0.352091
0.78191
-4.7531
0.88963
-1.356862
-3.350184
-2.73423
1.80306
1.95311
-3.60807
1.1923
3.278641
NA
NA
-1.76733
4.65952
3.44436
-1.07146
4.3912
1.67598
1.82268
1.16935
1.37713
-0.41248
2.1742
-1.8461
0.31257
1.0813
-0.353928
-1.950702
-1.335801
0.526663
2.386162
-0.636885
1.61
-0.022476
0.376878
-0.10462
2.66071
-2.52294
3.24719
0.56951
-0.59414
1.7982
1.8436
0.91506
-0.98095
0.5175
-0.85864
0.7729
-0.563
-0.63729
-1.53996
-0.23689
-3.18102
-0.36517
1.33639
-0.10147
-0.62433
0.28035
-0.64923
-3.24033
0.15551
-0.9173
-2.94289
-0.6955
-2.96406
3.51981
-0.75943
3.33528
-1.32466
-2.50246
-3.31755
0.8012
-0.28076
1.37451
1.62034
0.83015
-1.51468
1.475
1.02173
-1.30379
2.038
-0.10389
-0.7581
-1.5411
-8.77109
0.54754
0.54611
-1.31125
-1.3356
0.87485
0.46582
2.94521
-3.58587
0.49846
0.07515
0.72126
3.15863
-2.00714
-1.75437
-1.28338
3.19962
1.26728
-1.29128
-0.16251
-0.45429
-1.29719
-0.22723
-1.9374
0.8309
-2.95962
-0.81615
-0.77267
2.3605
6.2571
12.57718
1.02562
-0.21871
6.58634
-0.2627
-4.20724
1.10251
0.36696
-0.63679
-1.01641
-1.24048
-0.24205
-0.7979
-1.60071
-0.15543
1.0641
-0.48442
1.49682
-0.02218
0.75689
-1.27
-0.47592
2.19793
0.85044
-3.25951
-1.4225
2.23
-1.49
3.54748
-2.26
-0.78809
-0.90665
0.29867
-0.612
-2.86
-2.6
0.51359
0.60924
-0.69255
4.30431
-2.31155
0.873
4.8038
0.8061
0.10502
0.425
0.727
-3.272
2.53
-0.79062
-1.38
-1.23
1.38064
-0.05753
1.8
-0.5723
-3.65
-1.17
0.109
1.66
0.72637
-0.214
-1.49
1.23
0.673
2.7409
1.74
-0.00629
3.1121
-2.13669
-2.72
-0.888
0.63532
0.90046
-0.601
-1.89
0.452
-0.156
1.4819
-1.22208
-1.04822
-1.11887
3.12
-1.45
-2.11772
-1.11963
1.4401
-2.20738
-0.0344
-2.82
-0.07072
2.68
4.68
-11
-2.99
-2.57
2.07
0.278
1.59581
0.03307
2.96
-1.24133
1.2432
0.137
-29.7
-1.43
0.212
1.82
0.0144
1.14
-0.209
0.0531
1.04155
-0.83379
2.08
3.2
0.28767
4.03178
-1.31299
-2.01172
-1.33791
0.13496
1.52111
-0.244
0.323
-1.67
-0.63
-2.02
-0.356
-5.71
0.294
2.93
1.1
0.775
-0.418
1.02
-2.88397
0.32271
-0.37761
2.03451
0.07757
-0.72607
-0.51354
-3.25877
-0.78831
0.45533
1.86127
0.0449
0.1103
2.17916
4.30382
1.81141
0.9271
0.15219
-1.69242
0.32642
1.1303
1.40225
0.35837
-2.72178
-0.96374
4.8156
-0.9433
-14.00415
-0.16706
1.20457
0.5145
-0.87275
-0.15529
0.74688
4.67617
-0.01127
0.54777
-0.53026
-1.27538
4.66933
-7.78194
5.16677
3.07809
0.29252
0.30749
-1.56651
-1.39966
0.37496
2.7741
0.90123
-2.22109
-3.26188
1.80529
0.77628
-2.2745
0.85968
-4.33252
-1.89835
-0.22665
-0.47505
-1.04366
-1.08795
-1.95248
0.85106
-1.44987
-0.49874
1.91099
1.1287
-0.32654
2.45277
-1.15177
-1.61088
-1.53163
-1.38965
-0.24291
1.69602
-0.42745
-2.14109
-1.34925
0.35689
-2.31233
-0.11708
2.17513
-1.62336
1.32056
0.82421
-1.1004
0.20218
0.5636
-0.22473
-1.24186
1.11151
-0.472416
0.18663
-0.1599
-2.74719
0.368035
5.717727
-0.31182
-1.295172
-0.396641
-1.723239
-2.265531
0.127361
-0.257392
2.391317
4.32038
1.014198
-1.52035
0.6661
3.029278
-1.612841
2.06484
0.308652
0.66001
8.094226
2.755443
3.34611
0.762095
0.9339
-0.100688
0.335595
-2.619343
3.605337
1.318704
0.9613
1.5954
-0.70541
-2.40185
0.1503
-1.19568
0.44252
-1.041702
-0.3645
-0.973922
1.6017
-0.0357
-0.72691
-0.2991
-0.0897
0.075
1.0039
0.8649
-1.0864
-0.20607
1.26526
2.4642
1.00351
1.4474
0.33196
0.64124
-0.01694
-1.64912
0.590459
-0.199237
-3.006931
0.497443
-1.1187
1.69483
-1.413834
1.90202
0.77712
-1.60194
-3.1687
-0.523158
3.18029
-2.6194
0.76084
-0.0685
-2.92607
-0.74268
3.432
-0.10409
-0.27297
-0.0347
-0.199834
-0.35227
-4.834884
0.758227
0.9807
-0.3833
-0.5123
1.3038
-1.0732
0.68932
-0.5662
-2.71788
2.57179
-1.269918
1.122208
0.76354
0.11502
-2.37752
1.06932
1.13474
2.16922
2.4122
1.08965
0.14182
-0.50678
-0.5919
-1.18224
1.2214
1.22683
-0.6991
-0.16851
-0.91975
4.7126
-0.59275
-2.17734
-0.7469
-0.48652
1.75329
-2.10044
NA
-0.575088
-0.16693
0.576946
-1.032559
0.357559
0.0547
-0.08234
0.786194
-1.524689
-0.388694
-0.744788
-2.500828
1.042874
-0.4849
-2.15769
2.5553
-1.797166
-4.446356
-1.36074
1.77892
-4.883846
0.33532
-2.071903
1.4622
1.7443
2.56766
-2.24455
-1.98576
-1.6874
1.05688
-0.72878
2.0054
0.1429
-0.159468
0.96662
-0.24218
-1.7985
-3.13878
-0.85999
-1.115365
-1.46009
1.372732
-0.96661
1.878042
0.94471
0.54165
2.49342
2.93722
-0.109463
0.55837
0.19739
-1.75922
-1.736273
-1.633627
3.12855
1.65206
-4.0572
-2.00973
-0.262632
-1.57792
0.2931
-0.0894
0.27749
1.0443
-1.0119
0.1096
-0.3774
0.768831
-0.62626
1.29613
0.19591
5.22206
1.111049
-9.692676
-0.62726
3.20703
0.42775
0.18656
2.96
3.09485
1.79294
-1.79509
-0.23619
-6.33998
4.473221
-0.25507
5.491423
0.424
-4.53808
-0.439408
-1.739895
1.256413
-0.526959
-0.86287
-1.93364
0.96421
0.3032
1.102816
-1.62036
1.47181
-0.3156
-0.156759
5.070564
-4.30661
-1.59862
-1.690358
1.04718
3.39997
3.49739
2.35669
-3.424626
-1.12392
-1.82545
-2.34222
-4.79583
2.45355
0.17494
-6.90273
1.29524
-3.120747
-2.564698
0.624623
-1.981914
-0.66136
0.977902
0.878462
-2.444831
-6.652554
-1.816258
0.115391
-0.095113
4.746934
0.37249
4.579137
3.94659
-0.7537
0.76431
0.59911
1.25221
0.31919
1.5607
0.89199
-3.38223
0.42341
-0.2456
-0.74957
1.504972
1.015352
0.94637
-0.24123
-0.214401
-1.96906
-0.8683
2.25263
-1.551804
-1.059905
-1.1529
-0.879847
-0.89684
1.82199
1.00229
-2.0405
0.82111
1.14814
-1.0063
-1.43212
-5.17743
3.08418
1.57709
7.4765
-1.90365
-1.63745
-2.84691
4.60335
0.94226
-1.548229
-1.4781
1.242421
-0.399456
4.329923
-1.669221
1.537395
-0.608297
-0.841
0.58
2.71
-0.893
0.266
-4.88
-0.698296
1.266266
1.900666
4.471573
-2.69742
2.48234
-3.69816
0.74713
2.80058
2.58489
0.67756
0.06945
-1.47424
0.9004
-1.8979
-1.1693
-0.329
-0.98804
0.157
0.3748
1.7175
3.7055
1.27
-3.15
-2.17951
1.76
0.67
-4.1
-5.8
-3.86
0.29167
NA
-1.86341
-0.6023
NA
6.10972
0.32337
-1.14602
-2.26618
0.0729
NA
-4.26513
-0.3101
-0.59844
-1.88575
2.54013
-1.26198
0.69296
-2.1302
-0.84137
-0.316246
0.06429
-1.37563
-2.1089
1.88931
-0.10545
-1.5039
-2.05021
-0.9674
0.5778
5.6988
1.4348
0.50121
-1.02649
3.55726
-0.820191
0.798
2.9459
-0.666836
-0.25265
0.58983
0.7761
1.7137
-2.3104
1.25292
1.55126
0.90485
-1.39
-2.73279
-1.4767
-9.7001
-0.4324
-0.32188
0.63842
0.39549
-1.72674
-0.73096
1.445376
-0.80345
0.78932
-4.23742
-2.7
-2.72678
2.20232
-2.34
0.84752
-0.95822
1.292303
2.035942
2.89276
-2.36169
1.35421
-1.89426
1.21659
-1.62558
-5.50014
-0.50269
1.39673
-1.55238
0.99
-1.18297
0.807
1.8976
0.801
1.78482
1.24446
-0.34723
-3.06487
-0.03311
0.15908
-12.43843
2.0711
5.18058
-0.13198
-3.762494
-2.0968
2.81991
1.35061
2.99834
-0.43941
5.94371
0.99568
-2.92919
0.12231
0.11889
0.09833
-0.42307
-5.88708
-4.18231
-0.72398
0.31876
0.7775
-3.67921
1.95803
2.10103
2.5705
-1.85
0.1841
0.48545
1.85199
-2.61039
-0.4015
-1.6267
0.87602
2.002724
0.818
1.76989
-0.219
-0.75662
1.54986
1.3108
0.77887
-0.68125
-1.70155
-2.82186
1.7229
-0.866184
1.443525
-0.3328
1.13897
2.57072
3.7365
1.786448
-1.32193
2.22
1.77888
3.5229
-0.364983
-1.72049
-6.5633
2.05979
1.65001
0.51679
5.76418
-1.24267
-4.92726
-2.40496
0.50494
-3.86522
0.39802
2.5206
-0.5522
-0.62871
-0.4411
0.16713
-0.6027
-0.35334
-1.12465
NA
1.4144
0.68209
0.12698
3.40638
-0.1762
1.37627
1.80824
-0.1004
-0.11541
2.4537
-4.79264
-1.328583
-2.73035
-0.7152
6.064242
3.55117
-0.24455
3.08836
-3.60336
-0.78
-0.5919
-1.31329
-1.23941
2.56345
1.89
1.438006
-2.2746
-3.578197
0.68747
0.062642
2.21787
-2.71239
-0.990678
-0.44175
1.153981
-0.040131
-0.2185
0.161604
0.953137
2.34127
-0.301564
-0.211
-2.587901
1.0482
-1.11277
3.5
-1.7002
0.878732
-0.0618
0.78112
2.95041
1.17
-1.00657
-1.7071
-0.81503
-3.4531
-0.42895
-1.83878
1.93891
2.84442
0.35745
-8.02346
1.06374
-0.43333
-4.125
0.92767
1.96387
2.34095
-0.029022
-6.73609
-2.398307
-1.27649
0.80934
-0.99749
1.25808
-1.203008
-3.36382
-0.16395
-1.419235
-5.17892
5.58601
-0.438036
-0.9827
1.7741
0.087431
0.2869
-1.19977
0.09953
-2.122599
-4.41
0.0334
-0.91548
-5.31559
-4.59809
-0.25572
-0.15582
2.86976
0.9912
0.061264
-0.75038
0.0903
6.71451
0.1298
2.223003
-1.03943
-1.1228
0.40331
-0.3734
1.89
-0.246
1.48136
0.6638
-4.60727
-1.78574
-0.5719
NA
2.801864
1.42122
-1.82351
-0.4258
3.818822
6.728775
1.6225
-2.59384
3.2289
-0.2762
1.17048
-1.51
3.25733
-2.98862
-0.75305
1.26106
-1.45268
-0.72869
1.84184
-0.41865
-0.07492
-1.49484
-1.2215
-0.63408
0.2286
-5.988171
-0.393966
-3.622387
-5.804213
0.44851
-1.48422
-0.98555
1.4116
-1.974748
-2.039379
-0.87939
-0.09769
1.42605
-0.778018
1.12065
-4.08603
-0.3796
-0.0916
3.77238
1.03378
-5.248708
0.2604
1.85017
-0.55616
-1.31587
1.481187
-2.947513
-0.415014
2.74
0.13717
1.50311
2.65
-3.47626
-0.54838
-2.01
-4.2137
-0.95594
0.46507
1.38487
-0.0374
-3.9881
-0.5693
-2.35702
0.51637
0.102748
-4.21494
9.06
2
-2.633
0.43131
-1.24444
0.125
1.536519
0.824902
-1.20862
1.1087
0.71201
-0.3548
1.9243
1.089
2.10652
-1.59
-0.49545
-0.19052
4.15
2.02177
1.3964
3.128695
0.2839
0.6695
4.65589
-3.8514
-0.686
0.04606
3.93
-0.4882
1.91446
0.663
-6.8183
1.010216
5.992028
0.6967
-1.4404
-0.79006
-6.512956
-1.101838
1.49392
9.34
-0.42585
-1.56371
-3.979
-1.838405
0.4603
1.45
4.27963
-0.8553
0.09734
-1.42332
2.28
-2.19797
-0.31993
-1.15
-2.31
0.82104
-4.4876
-1.18837
-1.97359
-1.63673
0.85983
5.58146
0.57649
0.60215
-0.29243
0.576
-2.97322
-1.5864
1.36892
0.7977
2.5156
1.1613
-2.3505
0.23967
2.197
-3.77717
0.955
3.69182
-1.673898
3.10603
-0.12827
1.871385
1.74
-4.14261
-2.86547
0.38819
-1.49993
0.937948
-0.1551
-0.3347
-0.431597
0.39646
-0.63324
1.86969
0.482
0.7646
0.344131
0.997
-1.2479
1.239663
0.085391
-0.20117
1.505149
-2.55731
0.90157
0.914
-0.122201
-4.371519
0.397
2.8079
-0.118679
0.608
-6.63109
4.26445
-4.02104
-0.0372
1.03
-0.51688
1.49662
-0.77438
-1.88
1.24681
-0.4444
2.2796
-5.513764
-0.841
0.68227
-8.60662
0.7872
11.08199
-1.85
-1.60781
1.71148
-0.836819
-0.85929
5.372011
1.548516
-1.76015
-6.50588
0.25502
-1.154235
0.27804
0.20553
-2.470748
-1.0681
1.15396
5.220383
1.4382
-6.685727
-0.420507
-0.415122
-5.391506
0.5308
0.11229
-1.34046
0.09048
-0.859
2.15345
1.57411
1.032477
-0.0131
-1.515283
-1.192741
2.634515
1.145084
1.73262
-1.00356
1.641187
0.661334
2.6565
-1.06221
-7.45909
0.50787
-4.77
-3.4364
-1.74571
-0.0083
-3.40223
1.871647
-1.34037
-0.169596
0.60045
-0.79222
2.1334
0.06489
-2.22338
1.904521
0.00493
0.25176
0.35571
-0.287
1.85361
-0.5751
1.4971
-0.784639
2.6707
-0.4069
8.88589
-2.54705
5.26
0.06
-7.55942
-2.41166
3.2644
1.63564
-0.6231
1.26202
4.200867
-1.060565
10.11153
-1.56365
-0.4069
-0.624967
4.99235
-0.6269
-3.15196
-3.708043
-3.2966
1.5419
6.048867
0.828819
-2.13496
-2.228963
-1.15629
-1.0188
1.78265
-7.9558
-0.22781
-2.51406
-2.01799
-1.06983
-2.01282
1.7146
0.80019
0.9593
-4.06208
-1.2787
0.005733
-1.2942
1.6097
-0.15056
-13.9435
2.84732
NA
-0.929
1.97468
0.67338
1.10604
0.31457
-3.223774
2.90619
0.71242
0.2581
-3.8526
-2.5868
1.345271
-0.90445
-1.08007
1.758846
-3.836332
3e-04
-0.82629
1.0961
-1.1873
-0.75408
-3.79348
-3.022468
0.23501
-1.36148
0.50174
-7.57
-1.3141
-3.121
-5.99
1.06961
-1.4717
-2.54828
-0.2101
-1.27437
-3.1812
2.30782
0.40168
1.89367
0.3197
-1.92724
4.47
1.3034
-0.10129
-1.15367
-0.278367
1.506923
-3.10081
-0.02799
1.08
-6.13673
1.03526
2.8498
-0.672221
-0.36961
-2.12075
2.800314
2.95741
-1.91557
-1.31
3.53503
-0.849966
-3.6952
-6.02181
0.17155
-0.04817
-0.8088
-1.91471
8.04
1.38592
4.487298
0.720699
1.01153
0.858
0.83898
-2.0756
2.72744
-1.23583
-0.576644
-1.398943
2.87659
-1.29112
-1.83198
-0.901822
-0.91608
0.7257
-4.08
-0.71613
-0.5761
0.327574
-0.5623
0.3314
4.14844
-3.98755
4.96
1.2481
-0.11186
2.23338
-1.2079
0.838
-8.95227
1.77
-0.83301
0.0059
2.3969
-1.06566
-1.13774
-0.187
-4.65622
-0.809
-0.00398
-0.9119
0.388
-0.6095
4.060375
10.80541
-1.74996
-0.69105
-4.30321
-2.37639
-0.46971
-1.87347
-3.18684
-1.0182
0.52234
1.6045
-1.35
-1.965478
-2.15749
1.29191
4.06156
-3.034669
-7.142
-0.762
1.31217
1.311419
-5.47325
-0.15374
1.891188
0.10093
2.79098
2.6339
-0.74424
-1.4829
NA
0.60507
-0.6503
0.53323
3.7523
0.33562
0.65595
3.14205
0.639001
1.64894
2.38844
0.06246
-1.6354
-1.8795
-0.38322
2.58249
-2.51979
1.98505
-0.462154
0.07874
0.59374
1.3362
-0.93331
-1.472677
0.37228
0.6057
-1.14254
5.40981
-1.05671
1.44402
0.9485
-0.38832
-0.3125
-0.694853
-7.15507
0.47028
0.76162
0.42087
-0.98764
0.12383
2.50317
0.817399
1.31456
-3.99896
0.297134
1.1497
0.06173
0.9434
-1.3588
-0.927
3.8
-6.4366
0.552
0.03915
6.172022
1.021218
0.263048
-1.35364
2.15236
0.05798
0.111994
NA
-0.32291
-3.231602
0.9719
-4.84
-2.61777
-1.53619
-0.622201
-0.4278
-5.752
2.99477
0.43469
1.98
-0.428852
0.07887
1.37496
0.68482
-3.29465
0.5047
-0.74411
2.6141
0.246
-3.15639
-0.95615
1.44012
0.2371
1.28867
-0.961455
1.4327
-0.6507
-7.49
-0.787264
-2.011
0.49014
NA
0.3998
0.14917
0.49729
0.14573
-2.729785
4.321901
NA
-1.448987
-1.24819
-1.66881
-3.0828
0.39653
NA
5.51118
-0.30055
0.164
2.62401
2.76335
-1.56244
5.53
0.40159
-0.8359
3.470778
1.26
1.07167
3.31976
6.00297
-1.494686
0.374
-0.3103
-2.71764
-0.797
3.23956
0.190172
0.83
1.6229
2.35127
0.144292
3.33889
-6.23983
-0.65088
0.3034
0.942819
-0.22912
-3.4122
-5.537272
0.9016
-0.413364
0.012
-0.1937
-0.60044
0.055396
-1.42132
-2.560589
-0.175415
0.31025
-1.00757
0.621
0.27149
3.2212
0.26691
0.378
0.308975
0.861038
-1.56741
-0.76524
-0.70623
2.926693
-1.869195
-0.683
2.00806
2.0822
-0.82754
3.6088
-2.63875
0.506923
-0.47231
1.54287
-6.91543
-0.4692
2.012505
-3.6451
2.1661
0.5367
-0.131
0.91593
0.2434
-1.64011
-0.5566
2.3912
-0.55706
-0.072
-0.42835
0.201878
-4.18948
0.81722
1.62973
-1.87156
-1.33564
0.1551
0.88068
1.95139
-1.03989
-0.5325
-0.6637
3.64696
0.822
-2.094081
2.02
-2.5264
0.287328
NA
-0.542
1.62915
7.672876
0.6826
4.02244
2.491222
-0.0107
0.06509
1.83504
-0.82977
-0.63663
-3.28987
-1.82237
0.1253
0.47779
-2.33187
0.876887
0.61983
1.79243
-3.24646
0.563134
0.2396
2.07738
-0.97586
0.0683
0.6316
-0.46394
0.06898
-0.22526
2.38283
-4.22307
-3.63758
2.50873
-2.17533
-1.936522
0.36071
-0.95371
-4.78669
0.62588
-0.87693
0.05287
-0.8631
1.11607
2.619
-1.63404
-0.54609
0.71932
-0.3846
-2.34339
0.2646
-4.20003
0.59819
3.67919
3.55444
-1.0625
0.08118
2.92837
6.35078
-0.2666
2.6191
-0.60527
0.09904
-2.613734
-1.64793
0.144
-1.00772
0.41699
1.19126
0.34139
2.637101
-1.0033
-1.60504
-1.913735
2.50986
-0.2997
-0.07725
-3.555303
0.41129
0.3092
3.1619
-1.136671
-2.2775
-1.27498
-0.2728
4.6559
4.3749
0.709
-0.0926
-0.729349
-1.02081
-0.48704
1.07791
-2.3495
0.126
0.4899
-2.862488
0.07981
0.4601
-3.54603
0.36567
4.18034
4.10622
0.83555
0.748628
1.7093
-0.57321
-2.0443
2.85505
0.727
-0.31848
-0.39099
3.46719
-2.16821
-0.302
0.90187
-2.0933
-0.9532
-0.67367
2.3569
0.4315
0.36523
-0.47634
-1.00076
-2.98802
0.71926
-1.46561
1.531
-0.1521
-2.538
1.63843
-1.03
0.67954
3.77838
-0.7432
4.53209
-3.59427
0.78432
-1.38266
-2.08408
1.62802
-0.63004
-0.44566
-0.43126
-1.60186
1.1267
2.7273
-0.56543
1.09781
1.85306
-1.299017
-0.66091
-0.84818
-0.5371
6.34338
0.070767
3.7146
1.81906
1.5872
1.01002
-0.78547
1.23271
-0.9915
-2.3912
-1.60602
3.5825
-0.04005
-3.135475
0.36053
-1.85433
0.48876
-0.54741
4.0501
-0.823
-0.8814
-3.893
-0.22424
1.7735
0.33334
0.00185
-0.76517
-0.659
-2.91725
3.8042
-2.645778
1.81829
4.5099
1.65811
-0.33369
1.658151
-0.39227
-3.30115
5.08634
-0.72589
-1.55281
0.38912
0.3998
2.3732
-0.03696
-1.15576
-3.2921
3.34803
-1.88776
-0.55336
2.41721
-3.14142
-1.51011
-0.44031
-0.2213
-0.02939
-1.405454
-0.38996
4.9056
0.353
2.1279
0.14243
-0.86312
-3.65448
0.0523
-3.7325
10.303699
-5.16444
0.05319
-1.08947
2.2533
-0.83756
2.15
-0.14507
4.557454
-1.25885
-6.66242
0.34864
1.86867
-0.547552
0.01871
-1.75583
0.36247
-0.10611
-0.35142
0.00446
-0.1012
-2.009231
1.487654
2.28061
-1.2389
-1.58984
5.47946
-1.6701
1.3993
-2.50453
0.82159
5.820104
0.45182
-2.2552
-1.97667
5.63474
-6.49
1.7667
0.544278
1.34972
-1.90219
0.09296
-1.6374
-0.688705
-1.6557
1.20533
6.755038
-2.662162
1.183341
0.864473
1.03975
-3.24319
0.27393
-2.343515
1.26983
1.61664
2.44184
1.18787
0.109681
-0.4613
0.908
0.374665
0.166354
4.98234
-0.67384
-7.52809
-0.66099
-1.711999
0.67989
-0.6537
1.72095
-0.5509
-1.0046
-1.8
-0.4
2.38326
-1.74093
NA
-0.74356
0.40852
1.52
1.06947
1.5276
-1.19198
-1.35271
1.82556
1.010297
NA
2.3969
-0.9974
-2.834417
0.19699
1.864
-2.57429
-2.19662
0.04781
-3.04723
-0.15612
3.25
-0.093848
0.11559
-0.9625
-0.78461
-0.34951
-8.02767
1.24334
-0.10618
-0.4047
1.31321
-1.749
-0.958
0.0279
-0.63514
-2.169129
-2.50015
2.544428
-0.221071
-0.535
0.4149
-1.7081
0.03044
-18.99504
-0.12582
-0.74431
-1.532311
-1.977621
1.1018
-2.05707
1.29987
0.37877
-0.22108
2.1212
-0.9476
1.29072
-0.7617
0.51705
-0.76694
0.38507
2.24384
1.87483
-0.6381
NA
0.4196
0.73688
-0.2601
0.609834
-0.11587
-1.9174
-1.87
0.05371
7.08097
4.4678
1.92997
1.296676
0.2422
2.57329
1.652877
-0.10597
-1.44234
-1.7003
0.1337
-0.53981
-2.224244
0.6398
-0.95742
-0.61341
3.99713
0.48964
-0.39419
3.050605
NA
-1.009997
-2.36775
0.25069
1.96459
1.15259
-0.6485
-6.94
0.69911
-2.34951
0.16461
-0.70697
-1.262814
0.51641
0.17745
-2.62301
-0.1192
-0.288352
3.277462
0.677315
-0.3878
1.6363
1.8548
0.65391
-1.42743
0.534706
-0.299559
0.5773
1.38532
-0.15278
-1.21579
-1.05732
-0.249453
0.9453
-4.189166
2.994127
-5.26433
1.3491
-0.3342
0.298764
0.71567
-1.89181
-1.79996
0.44691
0.332
-0.03611
2.2458
1.3517
0.91797
-0.7147
-0.9056
-0.57133
-2.88105
1.29828
0.36356
3.75038
-1.60987
4.91159
-0.724247
1.31207
0.40919
-0.17681
3.36579
-0.87596
2.06297
-1.741956
-3.60354
0.71731
-3.049672
-0.989
1.611381
-0.678289
-0.0108
1.73033
-1.16616
-2.101389
1.85746
3.34717
3.12414
-1.13921
-0.23199
-0.46799
0.17067
2.47262
2.08538
-0.00747
-0.5496
0.526656
2.64022
-0.05302
1.37517
NA
0.02403
2.04798
-1.25188
-0.67329
0.0855
2.21661
-0.06599
-1.48
-1.075152
2.3246
3.92022
-0.352281
-0.15062
-1.105054
NA
-1.4826
1.51441
-2.98638
-3.865963
-4.49785
-0.445658
-0.508231
1.1614
-2.3989
-0.13193
0.33045
-0.389201
-0.8536
1.68891
1.977578
1.163099
1.27
3.7421
1.61734
-2.187167
0.58222
0.45657
0.1201
0.22307
-0.365903
-0.28541
0.27422
0.378629
2.68133
-1.77
-1.008274
0.192009
1.077491
0.90549
-3.12111
2.4782
0.94438
-0.2302
-0.720734
0.98685
2.23061
0.352
2.4118
-1.57
2.2933
1.69779
-6.0987
2.3403
0.04212
-0.30478
3.72452
-2.15078
-0.426
0.00219
-0.0294
2.02356
-0.78988
-2.1437
2.96501
-1.24122
-2.067805
-2.26
-0.27527
-3.2536
-0.7767
3.26295
0.42028
0.623773
7.28205
-3.95216
NA
0.3716
2.026751
3
NA
0.0417
-0.50258
NA
1.79614
-0.8946
-0.92509
2.33475
2.37046
-3.01343
1.391778
-2.297008
-2.648
-0.34773
1.73
3.08998
0.483814
0.357034
-0.11657
1.58262
-0.72002
-3.2347
-2.113297
0.3424
-2.49629
NA
0.550905
0.28356
-3.9145
1.55512
3.575
-2.1359
-1.10952
1.653405
-0.456224
-3.416121
-4.269017
0.41779
0.70844
8.26617
-0.31696
-4.01225
0.19802
-1.0812
2.34439
2.2969
-0.28484
-1.93375
0.0694
2.32208
1.76194
3.704745
-0.57142
-0.65201
0.04409
NA
-1.59883
-1.50242
0.57885
4.5256
-1.16331
-2.232337
1.100844
-0.161631
0.84806
0.628
1.74207
4.95686
0.642
0.24821
-0.9914
0.80206
1.1953
0.67968
1.29664
-3.82511
-3.07541
-0.880808
-2.63462
-0.21
1.66306
-7.15161
0.725
-0.94126
-1.76923
0.5479
2.04385
1.31052
-3.711778
-1.43
0.5978
5.36932
1.7817
-2.276384
1.0213
-17.67451
1.957216
-2.32627
2.6547
-1.73573
0.511114
0.73231
-0.072461
-0.00246
4.93715
-1.4917
0.284
-0.17959
-0.127
1.810326
0.52111
-0.814813
-7.55269
-0.903988
0.83604
-2.18213
-0.6586
1.67828
-0.070603
1.34977
0.21361
0.38056
-0.03321
-0.88951
-0.03238
-0.7349
NA
-3.18187
0.846983
-1.10801
3.84268
2.45731
-1.25488
-0.02793
-0.051
1.72439
-0.908513
0.79151
-1.66201
-4.13037
2.7914
2.0407
2.19208
0.9209
-3.4681
-2.140085
0.05744
-0.53138
2.75652
-0.49777
-0.2632
0.9957
2.751398
-0.2192
0.86091
-6.46924
-0.27319
-2.48654
0.25692
-1.0588
-1.758
1.5694
0.2857
6.0751
-4.92
0.22912
-3.36283
1.2101
0.498954
1.2203
-3.99074
0.94009
-0.364518
0.8929
-3.341305
1.086244
-0.48474
-2.56707
2.28452
-1.102898
-1.9805
-1.52323
-1.95243
2.922352
-1.338868
-1.787599
1.22573
1.135966
-0.702
-0.02646
-0.2942
NA
1.0426
1.01793
-1.2025
0.45956
-0.906605
0.02126
-0.08218
1.8779
1.126291
-0.155305
-1.99017
0.60387
-0.949523
-0.628
1.3201
-1.25056
-1.8875
-0.2727
2.48133
-0.28632
-1.9664
-6.54655
0.23596
-1.513043
1.11756
-1.79391
-0.176
-2.30013
-0.6041
-0.58643
1.51222
-2.59969
1.39806
-0.45526
0.75601
0.8429
-1.48176
-3.298074
2.3556
1.11542
-2.0984
-1.116626
-2.34289
0.081298
-2.2368
0.8023
0.7894
-5.18757
-0.637272
-1.50198
-0.98722
-1.32682
-2.24144
-0.14626
0.8191
1.43458
0.68672
-1.1807
NA
0.8605
1.6998
-2.19742
-3.52757
0.378
-1.370505
1.56787
-1.01335
-2.4087
-0.00427
3.2
-7.02377
-0.71225
0.503954
-0.51019
2.52321
0.0571
0.2943
-0.70505
-0.7424
-0.65104
1.81144
0.85552
0.82232
0.25306
0.52823
-1.82401
-1.61316
2.22877
4.7156
2.213
-1.67513
-0.46874
-0.32255
-0.3704
1.11854
2.4073
1.757
2.5774
-1.52821
0.44469
-0.0802
-0.4564
2.124304
-0.2422
0.928153
1.5957
-4.91409
-0.8235
1.31794
0.61242
0.55581
0.783253
1.41992
-0.23452
0.25683
-5.0408
2.229
-3.858679
-0.12916
1.12457
-0.0952
-0.96088
-1.44148
1.35102
NA
-2.82302
0.799202
NA
NA
NA
NA
NA
NA
NA
NA
0.26222
0.41637
NA
NA
NA
NA
NA
-0.763677
-0.000353
NA
NA
-0.711941
NA
NA
NA
NA
NA
1.322652
NA
NA
NA
NA
0.413044
NA
-1.786484
NA
NA
NA
NA
NA
NA
-2.1299
NA
NA
-0.99741
-2.05697
-2.51101
NA
0.131217
NA
NA
NA
NA
NA
NA
NA
8.58457
1.328438
0.66737
0.75484
6.007
0.231754
NA
1.1843
-1.14141
0.29268
NA
0.785484
-2.64632
-4.04895
-1.88959
1.04513
-8.43779
0.1472
-1.474099
4.73429
4.03351
2.77097
-1.3916
-6.417934
1.022284
0.6664
1.12126
1.82985
1.36232
-3.10184
-0.5488
1.23952
0.84786
4.4678
-0.30107
0.64354
2.19884
0.02454
0.12444
1.637398
-1.2561
-0.452
1.605287
1.122508
0.1495
-1.27599
-0.408334
-1.33502
-0.35403
-1.96925
0.18219
-3.17054
1.8882
0.7453
4.6386
-2.89644
-0.7324
1.1489
1.33979
-1.64187
-1.00629
1.84233
2.25421
-0.56562
-1.82291
-0.2033
4.84548
0.01108
0.8299
-0.7948
-3.42628
0.97167
-0.66616
2.38463
3.458008
0.995445
4.33274
-5.24547
-1.95002
0.46379
1.2514
-1.9703
1.01
0.01087
0.86085
0.9149
-2.01924
-0.1331
-0.1615
NA
NA
NA
NA
-2.5
-1.56
2.6325
0.148
0.91117
4.2436
0.09383
0.79796
0.13592
-0.3471
-1.1458
-0.1244
0.05566
-0.61571
-1.46277
-0.56476
-3.35347
0.2891
-0.3403
1.8617
1.8335
0.4674
0.2025
0.0211
-2.31641
0.69714
2.7214
0.3356
0.896396
0.35353
5.21771
-1.99151
0.17056
-1.7236
-1.305862
-0.83068
1.3082
1.38859
1.14034
-1.85143
-0.1009
-0.09119
-2.95513
-1.17
2.02883
-1.2533
-1.88
0.42669
-1.2652
0.911491
2.6769
2.0436
0.72201
-6.56111
-4.16568
-3.08387
-1.2863
4.1767
-1.10661
0.5561
-0.36177
-0.2232
-1.77756
0.8076
1.17821
-0.20456
0.7666
1.09228
4.5624
-3.1261
-0.320461
1.56388
1.96515
-1.35
-2.43535
-0.153
-0.08023
-4.5863
-2.991913
-5.17
-3.17253
-2.81834
0.05315
3.42814
-0.10797
2.26786
3.62
NA
-1.29
0.17555
-1.076456
0.538
0.93881
NA
-0.3768
NA
0.094748
12.8359
-1.120981
2.22259
4.04061
NA
-6.88872
0.602
-1.1499
0.2092
6.705701
-0.81757
0.34105
1.79858
-1.546692
0.404484
1.2623
0.38899
0.196145
2.41481
-1.7221
-1.97932
-1.6618
-1.45787
2.29518
2.10681
0.3456
-2.83677
-4.135837
0.5946
-1.74652
-3.37577
2.75893
-1.00298
-0.125
-1.455736
0.42238
-0.64795
0.28295
0.29672
-1.59434
1.619026
7.94678
1.87249
-1.11862
NA
-1.88401
-0.0251
0.427893
0.392597
-0.8856
0.76762
-1.15426
-0.71247
-1.40946
-2.2894
-0.542075
0.646602
1.47223
-2.40614
1.65831
1.9954
-1.84716
-3.391398
-2.2957
NA
-0.43525
4.74671
-0.3972
-0.96678
-0.75679
0.02548
-0.23212
-1.72206
-2.44559
-0.38967
1.70156
2.2676
-2.14411
-0.81313
-0.71578
0.757763
1.11496
-0.08659
0.4283
-0.10602
1.53392
-4.7009
0.78197
0.98253
-0.24795
-0.70952
1.4779
-0.7238
-1.6963
0.3426
-0.7531
-1.956184
0.7745
-0.8641
-1.14915
-1.18463
-0.70566
0.73759
2.45536
-1.32
4.77942
-0.09542
-0.56443
-0.8217
-0.25077
1.51164
1.01873
-2.01799
-2.38895
0.6276
NA
-0.78789
-2.1984
1.74797
-0.57758
1.6088
0.60383
-0.451903
0.15626
1.30409
-2.4711
0.43632
1.12461
1.7203
-4.6894
-0.546
-0.99799
0.972344
-0.9841
-1.51522
-1.6201
NA
-0.91814
-0.49923
-1.01398
-0.644383
-2.25576
NA
0.46198
-3.23096
-9.66346
-1.32364
-2.58826
1.21521
-1.77376
0.1289
-0.4812
0.37293
-0.68665
3.26432
-1.10135
-2.284079
0.2679
0.75075
-0.216
-4.57
-1.60049
-0.7942
-0.5711
-1.09196
0.57976
3.39458
-1.23455
-5.185163
NA
1.7383
5.60317
-1.9938
-0.50703
0.49343
1.52864
0.92342
1.34436
-0.9849
-0.5881
-1.18226
-0.52641
0.024211
1.26931
0.7328
-0.3386
-3.77668
0.20927
0.38073
2.6034
1.52
NA
-1.85227
2.11187
1.6198
0.90135
0.99491
0.20261
-0.1307
-0.15053
0.704
-0.60197
-8.05635
-1.4405
-0.083875
2.49238
-1.34
1.11518
-0.82931
NA
2.59515
1.5075
1.4927
0.40518
-0.93943
-0.01921
-0.2286
0.79471
0.2046
-0.81045
-4.1234
0.9336
-0.75375
1.60458
2.9341
-0.64732
-9.0489
-2.89704
-0.30464
0.16867
0.598
-4.84454
-0.01825
1.5487
0.404
-0.73067
2.27409
1.50135
-0.79326
-0.2329
-1.23401
27.5894
-0.77569
-8.9352
-2.30173
-1.54
2.2165
1.46057
-1.827546
0.3698
NA
0.32247
-1.68479
-1.17256
0.50799
-0.2218
-0.257
1.71319
-3.44192
0.303
2.57496
0.78905
-0.7123
0.962
0.9973
NA
-0.483
-0.06282
NA
0.146739
-1.51846
0.5015
4.25733
0.034302
1.60429
0.8719
2.34624
-0.925493
1.24615
1.07571
2.33269
3.05446
0.34791
-0.65729
0.51596
0.86224
-0.11962
-0.05925
-0.21687
2.94886
-1.18212
-0.88025
-0.4711
-5.06791
1.7447
0.9379
0.25804
2.4369
0.046845
-1.6986
-1.68246
4.58
-5.163256
0.87982
-1.65077
-0.07573
6.93385
0.30037
-0.6131
-0.04307
0.98422
2.73504
0.83501
0.251544
0.519347
-1.87
-0.151
2.139915
-2.275
2.97
1.673103
1.09891
-2.46717
-0.5916
3.58569
-0.19301
-0.11584
1.13304
-3.09436
-1.0728
1.68504
-0.507223
0.46401
0.70648
0.45111
0.2258
-0.92992
0.3745
1.893272
1.80909
0.50032
-1.1662
-1.11913
0.08394
1.28658
-0.858583
0.98036
-0.38679
1.56931
-1.33509
-0.00845
2.5722
-1.302338
0.21741
2.36565
0.7105
-1.395946
-1.9278
-0.05233
1.9917
3.12823
0.05169
NA
-0.68349
-0.26446
1.9725
2.806371
1.298089
-0.94564
-2.14564
-0.54613
0.81407
0.27456
-0.11893
-1.76535
-1.3956
0.51424
-2.50291
1.27336
0.8002
-1.16574
-2.26171
-7.03172
0.53868
2.25189
2.05949
-1.07901
-4.17172
-0.9608
2.03102
0.99785
-1.09432
0.1932
1.16948
-8.2745
-4.161035
3.183268
1.1015
0.04896
3.402239
2.23109
-2.00654
-1.72653
-6.05635
-3.79327
0.988048
-4.34099
3.58896
3.15007
-0.3857
0.4144
2.3797
1.34484
-5.82
-1.2523
-0.91926
2.56321
0.63296
-2.20202
NA
1.26482
-1.0769
1.53688
0.03651
2.559
1.0741
-0.85916
NA
-0.26594
0.18995
-1.36896
0.23262
-0.97296
1.55
0.38168
-1.00358
0.2997
-0.03633
5.278591
0.07405
1.08234
-1.96876
-1.03
NA
0.388153
-0.95465
1.298079
-1.45953
2.96625
0.09114
0.61396
2.259
1.3308
0.640656
NA
-0.72169
-5.19556
0.03144
1.34791
-1.008261
-1.732245
-1.27276
-0.87352
-0.2822
-1.73506
0.3478
-0.67994
-2.8676
0.76501
-0.915
1.09577
-1.98558
-0.7632
-1.16969
-0.46635
NA
-0.4346
1.97472
-0.75
-3.1546
1.87654
0.72281
NA
-0.9946
-3.83
2.27258
-3.55772
0.14756
-2.25346
-1.32038
2.49562
-1.9656
-0.000601
-0.2135
0.80595
1.65
-0.35885
0.294
-4.19
-1.1096
2.0058
-2.245271
0.734429
-0.4489
0.34516
4.94093
0.502
-1.4808
1.470522
1.01571
0.61882
-1.52674
-4.16172
1.20462
-0.77281
1.029476
2.98611
-0.34813
1.1207
1.94
-0.234
-0.38198
0.1523
0.61109
0.94813
-3.96102
-0.8967
0.21984
NA
1.03063
-11.51611
-2.04642
-0.39084
NA
-1.1384
-1.21751
2.1193
-1.13957
1.34719
-0.80303
1.808622
-1.34201
-2.97796
0.35024
1.8869
-0.434
1.60755
NA
-0.09474
-0.08716
1.15323
0.46522
0.1552
1.97474
-0.40978
-0.342
-1.65679
-0.4887
2.3388
0.00224
NA
1.965013
1.72622
-1.51
2.03113
1.7179
NA
NA
-2.19168
-1.41528
1.3998
2.23979
-1.929575
0.396
-1.1011
2.6273
2.604
0.68647
-2.03335
-0.046833
-3.34395
-0.02965
-0.154
-0.41922
-0.623964
-0.84167
0.56111
-0.3792
1.09406
-0.98629
0.03905
0.67449
-0.42916
-0.18246
4.52811
1.71334
2.345401
0.32
14.6
0.06093
-1.6951
NA
-1.83353
0.45098
2.6113
-1.0439
-0.85528
-0.0139
-0.03282
0.096183
-1.24466
-0.9826
2.16847
-0.53576
2.25245
-1.5634
-0.1789
0.10012
NA
-0.19548
-4.72
-1.13561
-0.1021
-1.06418
NA
2.19071
-0.2752
1.2355
-0.43294
0.40071
2.1116
-4.51562
2.2081
-1.66817
0.94249
-2.18963
-0.10852
-5.7397
-1.03781
0.37537
-1.92072
1.3147
NA
-2.61675
0.63648
0.85436
1.3211
0.26872
0.407
1.52064
-2.53966
-4.43377
-1.11381
0.27137
3.05916
-0.241
-0.4783
0.9978
-0.77497
0.94775
-1.7506
-1.67532
-1.65452
-1.5652
NA
1.51855
-1.519
0.3315
1.48773
-0.0791
0.0088
-1.37
-1.14636
-2.56954
0.187
0.03028
1.34263
-1.02
1.4808
-0.55649
1.50617
1.70565
4.86636
NA
-0.124
0.80108
-2.84248
-2
-2.14
NA
0.23135
2.318194
-2.548148
-1.07338
-1.3766
-0.4769
6.59623
0.02377
-0.49892
-0.101996
0.28678
-1.14724
1.00485
0.43387
0.02008
-3.98044
-1.2624
1.147975
9.6489
-1.22695
4.52622
-1.2
-0.751321
-0.64
0.40572
-0.74809
-1.65936
-1.468
1.66
NA
-0.14721
0.49071
1.50701
1.46383
NA
1.86163
0.96769
1.90788
-1.97646
1.1
4.615484
0.37676
1.34498
-0.74652
2.10843
0.569382
1.88
0.87274
-3.7499
0.4168
-2.72415
0.182126
-1.0886
2.02058
0.07654
0.3075
1.5411
-0.33887
-2.28815
-0.18177
0.4304
-0.93181
0.964
-0.8026
-1.9959
2.1272
1.90685
2.00069
1.45302
-3.9924
-1.1687
-0.32891
-2.03266
-0.62993
-0.85063
1.77316
0.9642
1.3156
NA
3.8956
2.04506
1.39628
4.93448
2.91684
1.1107
1.16481
5.60341
-2.8003
0.8929
1.39885
1.11259
0.5315
8.87788
1.27532
-0.4276
-2.17985
0.27138
-0.97004
-0.73464
-2.99477
1.87383
0.2044
-1.7067
10.02236
-1.010898
-2.28
0.92221
-1.08515
-1.03123
0.225
-0.45841
-0.81909
1.37149
1.26524
1.78974
0.52412
-2.48135
1.4375
1.55039
-1.8352
-1.90204
-0.47814
0.78962
2.05232
0.45127
0.504105
-0.19301
-3.2742
-1.03465
-0.521
-1.787874
0.137466
1.76057
-1.12498
-0.98783
-1.55118
-2.29413
1.65484
2.47522
-3.72905
-0.5948
0.54424
0.1266
-3.06077
0.83022
NA
0.3929
0.4957
-2.4228
-0.281204
0.652169
1.376444
0.5009
1.667
0.55592
-0.8305
NA
NA
0.8919
-0.5735
-0.13941
3.4276
-4.61403
-0.121797
-0.57354
1.869901
0.56669
-1.50002
2.0552
3.8033
1.49614
1.201042
-0.71338
3.16261
-1.99959
-1.61985
2.29026
1.29161
3.11866
-0.67658
2.35591
-0.39283
2.0251
0.84642
2.752212
-2.82702
0.0421
1.275063
-0.86883
0.52118
0.47048
-0.64704
1.84835
-0.365
0.44396
-2.18
-0.0894
-0.2792
5.5161
-0.31206
NA
-4.11029
4.31422
-1.921997
-1.28293
4.667387
2.98041
1.37782
0.04158
-1.73011
0.86937
-1.30992
-0.22325
-0.90645
NA
8.0692
-0.18014
2.179449
1.59979
-0.02723
-1.20046
1.81736
1.109896
-0.6843
NA
-0.57549
1.28152
0.04752
0.13814
NA
-0.66332
1.86679
-3.19341
1.09917
-2.31677
5.49269
0.51658
0.4409
-0.63968
-0.36739
1.2664
0.32958
1.27079
-0.17914
-2.79
1.80198
-0.068337
0.7522
0.99252
-1.24083
-0.082
-0.49619
NA
-0.18381
-0.545967
1.95519
1.658
1.16351
-1.57967
0.57881
0.8335
1.03089
NA
2.189627
-5.23202
0.31999
-0.0265
0.26861
-1.27
-1.98551
-0.525071
-0.83334
0.46004
-0.03848
0.50352
-0.4082
NA
1.19
-1.90643
0.2124
-0.26749
4.3455
-2.67278
-0.07298
-0.66494
1.2
-1.7543
0.1819
-0.86815
1.72952
-0.675
3.65413
1.01651
-0.7737
1.0116
1.46909
3.01578
-1.3974
-1.46163
2.2951
0.4334
0.19937
0.419576
0.11429
0.2554
6.69025
-0.43546
-3.2874
-0.0664
-0.13775
6.54605
0.69138
-6.0858
-3.84302
2.53145
0.39861
1.42434
-2.727688
1.11
1.86031
4.776197
2.6212
-0.76458
0.47561
-0.38421
0.0178
-0.15892
-1.77563
-0.76486
-0.87513
1.51784
0.60888
0.29468
-0.16876
0.03093
-3.15589
-0.17159
-1.3714
1.0071
0.39027
1.31676
-7.07083
0.18566
1.33508
4.57991
0.38784
-1.56286
NA
-1.33281
-1.05931
-1.1807
9.1458
-0.77271
0.36013
-3.74625
-0.20435
NA
1.24245
1.04616
0.4154
-2.7871
-0.82836
-3.528
0.09468
-16.09214
-0.61244
-2.30512
0.5299
0.12313
0.4635
0.57213
-0.1653
-2.17787
-2.40449
-2.43294
-2.66584
-0.2862
2.0013
2.22917
1.16401
-0.787
2.842805
NA
-1.2232
0.35679
2.76182
-2.51467
0.020807
2.53632
4.50479
6.46278
1.1968
-2.2603
-1.1172
0.6594
-2.559278
0.84253
-0.4991
-0.97981
-1.22632
-1.18365
0.45212
-0.1222
-0.70385
-0.59668
-5.4
NA
-0.291
0.8628
-0.23843
-1.142605
1.32848
1.71034
-1.22
0.4009
10.1
-1.0801
-0.89874
-2.60627
2.18719
-5.88
0.08413
-0.34512
0.468
-0.899729
0.76551
NA
0.97308
-2.7366
0.452
3.39772
2.43888
-1.73847
-0.185
-0.67304
0.0597
1.45887
0.58095
-0.7409
-2.26
0.49505
0.0673
0.37452
-2.05
NA
NA
1.53653
-0.57262
-1.0219
0.846
3.86923
-2.72904
-0.65957
1.74
3.20162
-1.29
-3.38134
1.79653
-0.15864
-0.5194
-1.18588
-0.662
-4.5536
-0.29264
-1.079824
-1.36303
-1.00972
0.504
-1.45368
-2.48082
0.323
-3.00291
-3.32588
-3.67361
0.692
-0.433328
-2.13045
0.421
1.97
-1.57119
0.792
-3.97783
-0.12272
-2.69728
-0.642611
-0.337
-0.68395
NA
1.5006
1.60097
1.63
-5.07757
0.233
0.822
-0.15
2.0202
-0.98443
-3.53972
NA
-8.8007
NA
0.87313
-0.0397
0.65634
NA
-0.92
0.55102
0.4674
-0.242
0.347
0.8568
-0.0408
-1.424663
0.171
1.24379
1.22072
-6.64075
0.17486
1.017
1.27943
-5.93177
-0.223
-0.871
0.0855
0.21615
1.44
0.4724
-3.36623
-2.3408
1.75
-0.00891
-6.90077
-2.11744
-0.17393
2.81831
7.69754
-0.950701
2.13
-5.10488
-1.91583
-0.98539
1.50967
1.31
NA
0.2055
1.2955
-1.56904
-0.1044
8.942866
3.05714
0.83124
0.41978
-0.40493
-1.19069
-2.15253
-0.139719
-3.881173
-3.86847
-3.81551
-2.9351
-5.68
2.60727
1.51
-2.49455
4.29403
0.9412
3.21
-1.11952
-0.8187
-1.397945
-1.5411
-0.11485
-0.0218
-0.8081
-0.95275
0.17
-0.62131
-0.75496
-2.46
0.55955
0.527
-0.0656
0.458
0.287
1.57397
0.0529
-3.1051
-0.4582
2.93427
1.0579
3.49971
1.79829
1.01
1.35905
-2.19133
-1.910138
0.07265
-1.82222
-2.58216
1.3703
-5.04704
-0.44706
NA
-0.152
-3.64713
0.303
0.7119
1.06105
1.05343
1.1179
1.50646
-1.73
2.48863
-1.7128
1.29227
1.06
0.97753
1.59574
-0.48704
0.79308
NA
-1.75
-0.48408
0.655
1.510596
-0.79003
-0.89896
-6.1331
0.08176
0.6795
1.1165
-0.451
-1.07852
-1.385315
0.47478
-0.77165
0.94045
3.25746
0.3353
3.61075
-2.57
1.03393
0.0774
-8.21
1.61057
-0.88996
0.266
2.21068
2.31496
0.15794
-0.77548
NA
NA
0.684601
0.99056
1.28152
-0.75758
0.123
1.14708
-1.48168
-1.36407
1.63319
1.45368
3.061214
1.18842
0.22947
-1.77371
1.09599
-1.142
-7.62963
2.731901
-3.561054
0.75802
1.68345
-0.56693
0.265957
1.45398
0.289199
-3.67788
4.07944
0.394884
0.2322
0.42307
-4.651695
0.133238
-0.253573
-1.29385
-1.584835
-1.022038
1.42048
-0.25958
-1.61424
-1.37596
1.80472
-0.93129
0.2189
-0.38602
-1.72139
-0.19062
0.24299
0.59675
-2.99994
0.31771
0.43154
-0.08161
-4.2946
0.37131
0.54452
1.759323
-0.16728
-0.7486
0.656657
0.23656
-1.09966
0.24933
-1.64
-1.97872
-0.97988
-2.60649
0.96093
0.10214
-1.68762
-3.76479
-0.47388
1.58926
0.88774
-3.764678
2.402962
0.873
-0.25817
3.01434
-0.84229
1.55404
0.1554
1.54856
1.34998
-0.00577
-1.14748
-0.27245
-5.16471
NA
4.68798
1.6341
0.15478
3.16738
-2.93249
0.22425
0.4579
2.33364
1.44
-0.31379
-3.01365
2.23005
-0.6686
-0.59944
-1.20448
-1.05405
3.9712
0.671011
1.28978
5.837745
1.10881
2.54285
-0.73611
5.177001
1.69
1.49
0.01947
2.93006
0.5532
-1.0691
0.41768
-0.02996
1.07795
0.65362
5.58633
-0.23511
-1.30046
1.123
-1.45651
-2.436091
1.24035
-1.15815
0.59479
-2.1706
-2.31948
0.4449
-2.28865
-3.58751
2.36824
-0.42702
0.36928
0.80773
3.19263
1.36119
-0.3863
0.42506
-2.05458
-1.68824
-3.7808
-2.406
-1.17573
-0.57588
2.67237
-0.3623
0.91016
1.31163
1.6095
0.94106
-0.97659
0.40039
0.479742
-0.04611
-0.62067
-1.13402
-0.603
-0.22301
0.54894
-3.60347
-4.37
-1.77375
-0.11962
5.40399
0.3042
-1.23185
1.08547
-0.43744
0.118
-0.74672
2.150972
-1.58439
0.35969
-2.35406
2.64387
0.2622
2.60886
-0.23005
0.49831
0.03926
-0.0934
-0.05222
2.17357
-0.59954
-1.61915
0.94286
1.49697
-2.52692
-1.98127
-1.4429
1.82009
-1.91265
-2.65111
-0.42517
0.9479
1.13281
1.8779
-0.106721
-1.98251
-0.07422
1.0394
-4.15946
1.3045
-0.96279
-3.21941
-2.396382
NA
1.70819
-2.18938
2.04275
-0.25312
0.437
-3.2975
1.2738
1.13743
0.02834
0.56498
-1.16963
-0.92898
1.23208
-0.36197
2.25788
2.25919
-0.93104
-1.5778
-3.67808
1.3879
-0.00267
4.0768
-1.00841
-0.49939
3.1208
-0.57285
-1.36074
3.96485
-2.67523
1.0824
-1.38865
-2.37033
-1.462635
-0.3542
-0.5366
-4.70704
0.61115
-0.05864
1.02056
-0.6686
-1.83129
-1.0827
-1.10062
-2.93205
0.43603
-0.91769
-0.6072
-0.158
-0.32093
-1.03565
1.33285
0.34775
-0.31405
2.41391
0.1659
-6.051882
-2.05228
-0.5022
-0.0794
1.38828
2.60994
-0.69923
-0.08686
-2.09349
-1.81974
1.42785
-4.80608
1.69318
-0.44188
2.88891
-0.06367
-0.19881
2.964039
1.10254
0.2273
0.64384
0.74489
-1.45565
-3.12012
-0.187
5.45652
-1.1705
-1.36435
0.14658
-1.97227
-0.24858
2.2515
1.61815
0.61889
0.11462
-0.28164
-1.7038
-0.85382
-0.51344
1.03886
NA
-1.12265
-0.05856
0.50831
-0.79234
0.65505
-0.49264
0.87466
-0.30627
-1.50341
-0.71013
-0.31055
-3.17523
-0.69185
0.8759
-0.84633
-0.5284
-0.5301
3.09435
4.20225
-0.68213
-2.48196
5.44938
0.35218
-0.78291
-0.06927
-3.20571
-1.82018
-1.06119
1.01284
-0.7691
0.87481
-0.78931
-16.7073
1.50217
-0.62231
-0.79762
-2.72157
0.13446
0.21794
-0.5384
3.885294
6.264022
1.844207
-0.057481
-2.815475
-0.916699
0.165
2.82876
-5.414987
2.108658
-0.8648
-0.84348
0.23982
-1.358299
0.754035
0.258441
0.6779
-0.676045
2.43456
-1.5101
3.06324
-0.035681
2.004661
-0.49084
-0.3018
0.63168
2.851624
0.45991
-1.589513
0.1165
-0.427062
0.36884
2.921383
-3.0628
1.343724
-2.306319
3.327996
0.28941
-0.572069
0.396336
-0.128
0.8344
-4.004492
1.07298
0.89795
-0.2721
-1.565617
3.980637
1.57912
0.952667
0.087263
1.25138
0.3085
-1.20864
0.588875
1.078
-1.580867
-0.180725
3.268292
-1.925571
0.48665
-1.006995
1.1952
7.691344
-1.0204
-0.970482
-0.4845
-0.45339
-1.3609
4.22698
4.47283
1.194532
-1.050138
1.3528
-1.2725
0.98746
0.713764
-1.29943
3.464988
-3.708801
-2.0874
-0.080469
1.0781
-1.35835
-1.32394
0.39573
0.00547
0.23388
0.248097
0.71356
0.516
0.63299
17.63617
-0.35411
0.91909
-1.7113
-1.537561
0.73711
-2.480285
2.63559
-0.61965
-3.42281
-2.63734
0.02589
-0.38888
-0.32143
-0.9541
-2.714491
-0.96066
-0.32441
0.03661
-0.58651
-0.106671
-0.21897
2.27363
0.320494
0.287806
1.64693
-1.83315
-0.179021
-0.145445
0.8148
-1.80483
-0.431
-0.25477
2.50251
-4.00624
1.1169
0.71205
2.74716
-1.285
0.20727
-1.1642
2.241021
0.24403
0.3627
-2.04248
-1.52181
0.28218
-3.24785
0.30539
2.40521
1.00825
-0.78963
-0.39787
-5.0783
1.97965
-0.0199
-0.43963
-1.43476
0.9767
-2.59672
-2.96662
-1.22245
0.7067
4.923
3.42818
-1.08787
-1.6602
2.0287
-19.13034
0.65962
1.34938
-2.54388
1.8797
0.40134
-0.99094
-1.85084
0.24731
3.33117
0.536437
-1.1868
0.62747
-0.05887
5.28737
2.1514
-0.61719
-4.38715
-0.44284
-2.6854
0.78322
-0.28446
1.53658
0.39682
-6.3516
0.1064
-3.86386
-4.26408
-1.66592
-1.3402
0.2818
-0.97664
-2.21565
1.0797
2.42603
0.3672
2.4941
-0.2146
0.37396
-1.8605
0.0734
-1.139158
1.628
-1.6993
2.1461
1.0677
0.7463
-0.9636
3.0188
1.8311
1.6926
2.7881
1.2007
-0.7946
-0.2387
-0.5343
-0.68
0.77116
-1.6952
-2.347
-3.2592
-2.1745
-1.0594
-1.2681
2.3878
0.76961
2.9938
0.6171
-0.7193
0.5224
0.02893
14.5323
1.0242
-0.6716
-0.4982
-1.3065
0.5428
-0.8822
1.7195
0.6207
-0.2998
-1.2158
1.2363
0.381
0.3274
-2.0158
-1.4801
1.4825
0.0446
-0.7721
1.2115
1.6296
0.218
4.9574
-1.7178
-1.4639
1.26313
0.35313
-0.65653
1.46096
-0.51333
1.82633
0.52844
-2.5654
-2.23548
0.85671
-1.53483
-2.16505
1.40979
1.52072
0.9315
0.77642
1.06549
3.87709
-0.07933
-0.37042
-1.6188
-2.16805
-0.70452
1.18749
-1.636619
1.25069
0.27997
0.8022
-0.3601
-0.91421
-0.87463
0.06677
-0.51408
-1.44498
0.29098
1.05966
-1.8345
-0.51917
4.09017
-0.25936
1.28609
1.90872
-1.52565
-0.34772
2.7966
-0.97098
-2.68943
0.01172
1.01672
1.80298
-2.29886
1.19394
0.4051
1.05859
0.76996
-0.54424
-2.2385
-1.6363
0.52814
1.6351
-0.20254
-12.3015
-1.40427
-0.09115
-3.90048
-1.76035
2.0386
0.46774
-1.2068
-0.5367
-0.00703
-0.74042
-1.48095
-2.25432
0.92546
4.48311
1.38606
-0.42579
-1.3957
-0.09294
0.23723
-0.61165
0.25834
-0.87514
5.893978
-0.64072
0.407
1.20359
-1.23557
0.80904
1.53518
-5.23047
-2.2375
-3.38325
-3.39894
-0.94834
0.97585
4.71956
0.66624
-0.40278
1.19097
2.4975
1.00542
-0.439208
0.563322
1.49485
-1.499831
-2.24
-2.71345
-6.98207
-2.66
-2.25237
-3.52873
-2.62007
0.7289
-2.4003
1.2378
2.49756
-0.8831
-1.4889
-0.6236
-1.37384
-1.34054
-3.02236
-0.0464
-0.37557
2.64602
-0.4999
2.83215
4.00056
2.73712
3.07217
-1.25328
0.5484
-1.7747
-1.20638
-0.71797
0.88991
1.14525
1.89094
1.2047
1.11262
1.93885
-2.3142
1.38512
1.01174
-4.10297
2.2
2.08055
0.04265
-1.10851
-0.96174
1.10906
-0.3088
-1.44755
0.32669
3.26132
5.72988
4.62035
0.1105
-1.1914
2.27446
-0.31557
1.5382
1.04925
0.727
-1.32531
-0.679871
-2.31926
2.5723
-4.1167
-0.42729
1.6014
-2.650635
0.9874
-0.0192
-0.98993
-0.68888
0.773867
-0.92311
1.19807
1.97745
4.08815
-0.96261
1.04
8.94484
0.47332
1.79433
-0.57868
-1.60895
0.42819
-2.4012
-1.79781
1.42177
2.0184
0.00268
0.4934
-1.35
-1.90342
0.07787
-0.97438
1.5346
-4.3464
0.23117
-5.13024
-0.44528
-0.68756
3.4239
-1.47
0.03636
2.93277
1.462
-0.85758
0.22007
-8.64478
-1.08836
-0.75658
-1.1928
0.44665
2.91706
-1.58761
-0.02127
0.61531
-2.35804
2.8283
0.68567
1.62379
0.834
0.64872
0.35152
1.464015
-0.84311
0.74856
2.87
7.87061
NA
-0.69457
-1.19338
0.16246
-1.965754
-2.22
-0.50576
0.04386
1.57371
-0.0454
2.45747
0.917
0.7714
-9.58497
0.31657
1.27411
-0.944533
1.81105
-2.98918
-3.43833
2.2018
-0.60175
0.05285
-0.45774
1.509363
-3.273799
0.40874
0.03467
0.56441
-3.8637
-0.01828
3.3067
-0.41084
-0.56888
-1.02916
0.22766
0.9982
1.15424
0.09928
0.6805
-0.26044
3.1106
7.86933
-0.69385
8.26956
0.2363
0.66618
-3.23355
2.69429
-1.07107
-2.39711
-1.04999
1.484
3.84639
-0.45389
1.4328
-4.344459
0.30884
-1.8089
-1.7749
-0.45411
-2.24051
-0.32463
-2.65586
-0.13906
-1.74177
-1.06925
-0.7909
2.41229
-0.8633
1.30814
0.61882
-2.41048
0.406905
9.378
0.3327
-0.38684
-4.00279
-2.16142
4.62082
-1.23983
2.8025
-0.7069
1.893
-1.0065
-2.91703
-2.7425
0.54037
6.7991
-3.1363
-0.671
0.74399
-0.48357
0.72159
-3.9051
-0.0569
0.6272
7.6267
1.8373
2.1662
0.24151
-5.34492
4.73223
0.74949
-2.1073
0.3266
-0.62368
-1.29113
2.47782
2.61617
0.9426
0.30702
2.01756
-3.60082
-0.7477
-0.0135
0.172408
-0.8569
0.145
-0.9295
-0.7311
2.2967
2.95765
6.39996
8.75446
-0.3819
-1.1361
0.4898
0.6529
1.974
-5.14709
1.34523
0.839
0.45497
5.39064
1.95789
-1.03534
0.95019
0.12703
0.37234
-11.24302
1.74312
0.29119
1.1687
2.8681
0.85959
1.8356
-1.51169
2.7968
0.200639
0.153926
-2.042571
2.93591
0.82016
0.907026
-0.6798
-0.48819
-1.24731
-1.5857
2.92424
0.634585
9.055504
0.70869
1.16245
-0.5761
-2.57024
0.911727
1.434117
3.51425
-2.391576
-0.5693
-1.9116
-1.350097
0.0415
1.0626
0.610279
-1.0789
-5.93336
-0.87164
-1.3359
0.06663
0.888182
2.816402
-0.263597
-2.52503
0.653813
0.2214
3.1189
1.878702
0.973343
2.47044
-0.488646
-11.50185
3.629896
0.8151
0.0238
-0.0753
-0.38058
0.831291
NA
0.92262
-4.9708
-0.97226
0.31326
-2.131356
2.9575
-0.14971
13.2757
-0.2766
-3.265889
-1.0719
-0.969729
-0.3733
-0.44983
-1.281442
0.7855
-0.953314
0.2938
0.800022
1.1392
2.18948
-0.02685
0.723646
1.7494
2.2602
-1.626194
-0.7068
1.828788
-1.311167
-2.511824
3.968098
2.063226
-0.585259
1.676203
0.9913
3.239577
-0.26473
1.5702
-1.1478
0.54963
1.817865
1.154935
-1.29345
4.0382
0.33528
-1.159423
2.4122
-0.082795
0.612482
-0.7713
2.1596
1.258046
0.107898
3.105429
1.817321
-3.079392
-0.154719
-2.421833
1.036712
-0.9376
-0.816627
1.084601
-2.142353
-3.52545
7.761974
-0.0536
-0.206864
1.360299
1.458095
-0.49975
2.13518
-1.061795
-0.676369
-0.135888
0.593458
-0.149293
-0.70852
-0.40583
-0.036657
2.0196
-0.472987
-1.497409
3.861989
0.752798
-0.362649
1.459196
-0.5783
0.75581
0.6864
2.877003
-3.915037
-6.915425
-0.506149
2.2973
1.17153
1.062774
-0.596866
-4.70426
-0.090349
-1.850761
0.5467
5.49535
-0.233062
-3.848307
-4.00246
-3.269606
2.685249
-1.001416
-0.547463
-1.271146
-0.6163
-2.491828
4.761956
0.133607
1.221382
-0.13125
-5.464377
-1.06532
0.818529
-6.03546
0.981546
-1.65568
-0.20418
-0.21999
-1.6508
-2.221226
0.706312
-1.3775
1.04954
-0.22358
-0.332
-0.44515
0.55622
-1.3261
-1.63589
1.34281
-1.02074
-2.23663
-0.796
6.7997
-1.1417
0.3005
0.62796
-12.5309
0.2139
-0.10306
0.26793
0.39594
-2.1768
6.856663
0.02825
-1.0809
0.62853
1.08874
1.26
2.25898
-2.348
-1.3
-0.98115
-9.3951
0.04088
-2.99821
-0.77629
0.36257
1.40712
-0.353668
0.40544
-2.45599
1.280385
-0.664
-0.90404
1.6152
-0.72669
1.08222
0.9647
3.67711
1.9758
-0.3378
-0.62661
0.1976
0.1046
2.52955
2.0474
-0.46572
-1.76069
-0.455607
-1.7221
0.3237
NA
-1.69526
1.756519
-0.15026
-0.15818
-0.79899
-0.54034
-0.03108
-0.65253
-1.50035
-1.83221
0.962196
-0.0682
1.66798
0.406777
4.2758
-3.224257
-0.3027
-4.87213
-2.03147
-4.94643
0.662559
2.4104
-0.39575
7.680219
-0.73451
-1.81916
-0.0469
1.79565
0.533486
-3.358524
1.09212
-0.96511
-0.2473
1.67
-0.04252
-0.72898
0.92607
0.13248
-1.1937
-4.63
0.06213
0.39296
-1.7726
-0.88776
0.0041
4.78286
2.22442
-0.99437
-0.2522
0.0345
0.06299
-0.47278
0.4527
-0.44864
-0.16336
-1.5849
0.548649
3.34114
2.76955
-1.7207
-1.45
1.88812
-1.58636
-0.11114
2.21516
-0.3253
NA
2.01761
0.413
-1.3486
-0.25415
1.97468
-0.21744
-0.66833
1.06619
-0.6331
0.68645
2.08679
-0.0999
-0.66683
-1.55903
0.78397
3.87121
1.57072
-0.2979
-0.124
-1.27
0.1517
-0.0926
-1.34
-0.17465
-1.6194
-2.99
-1.99179
NA
0.73852
0.08933
3.119
0.90434
-0.81097
0.46007
-0.34964
0.38498
-1.95926
0.20569
0.60538
-1.423
-3.923
1.65336
1.89384
-1.07405
0.06107
0.1095
-2.18291
0.3789
-0.2462
-0.96765
-2.57135
1.79452
0.2647
-0.50547
-2.49
3.24267
0.42509
NA
NA
-0.21802
-0.311
-0.94201
-1.40247
-1.64913
-0.8387
0.34369
0.283
0.97816
NA
-0.3476
-3.45
1.99122
-3.92629
-4.28361
NA
1.13596
-3.26
-1.40523
-3.64946
-0.77734
0.11818
1.17791
1.56326
-0.78316
-1.7234
-1.93907
-0.3986
1.63141
-4.37
-0.676
-1.4732
2.05964
-3.3016
-0.86352
NA
3.07707
-1.255447
0.8292
1.08987
1.47346
-0.448
NA
2.11339
-1.14566
-1.62717
1.17464
0.26564
1.68024
-0.10728
0.23001
0.36408
-0.80236
2.16202
0.55567
-3.89777
1.91556
-0.92569
-0.127
-1.4147
-0.95254
-1.50566
-0.94081
-0.6308
1.44039
-1.79
0.11346
3.47941
-0.55305
-0.795
2.30209
2.404576
3.27538
1.83212
0.61922
-4.52132
-1.94729
-0.29579
2.44
-1.4101
-1.01203
1.1079
1.03861
-0.7044
0.4157
2.39441
0.66818
NA
-0.8723
3.10082
-5.60617
-0.4088
5.4492
-0.42203
-1.698
0.291827
-1.70851
1.3392
-0.04027
0.9706
-1.78987
-0.44825
-1.2029
-0.846
-0.22044
-3.08229
1.40828
-0.82423
-2.08934
-2.65816
-0.88545
-0.54229
0.11195
-0.0979
0.385
0.80766
-3.46794
-0.5109
0.43796
1.2135
-3.3807
0.36447
-0.86
-0.7704
1.77744
-0.4152
-0.6447
-1.08307
-0.38324
0.68541
-2.95856
-1.29626
-1.34172
-0.81412
4.156
-4.40888
-1.20693
-1.7145
-3.25158
-2.46854
-0.16551
-1.9459
13
-0.7707
-2.32524
1.121716
-0.19445
3.56357
-0.56169
-0.20095
0.71567
-1.171038
-2.6769
0.62054
2.35767
0.2053
-0.79533
-0.9152
-5.35851
0.6927
4.75384
-0.288
0.87606
0.98568
NA
0.94199
-2.1684
-1.9155
0.4907
-0.799
-0.19315
0.74566
-0.717
0.18911
2.33386
-1.12652
1.88167
-0.96011
-1.66827
-1.84738
1.11137
-0.3799
-2.6998
1.40651
0.45098
-1.39109
-3.989107
-3.9025
2.24981
6.20409
1.16896
6.41722
1.630314
-0.1826
1.2321
-3.86777
1.9433
3.07801
-0.46619
3.070127
0.7001
0.2528
-0.01834
0.99063
-2.81392
-0.02146
0.53297
2.05539
-0.6143
-4.3814
-0.14969
0.2535
0.5893
-0.7112
1.6907
3.0743
-0.087
0.1174
6.6535
5.18983
0.33613
-0.17488
-1.93434
0.92782
-0.10348
-0.33053
-3.57214
0.5991
0.21476
1.1079
-1.8395
-1.2288
-0.27632
0.46877
2.64334
5.53309
0.30903
0.68991
-4.07238
NA
0.19641
-1.51528
1.89433
-1.25278
-1.35978
-0.354
5.9895
-0.9791
-0.1948
0.27323
-2.36549
-3.1162
-0.82608
4.36167
1.343967
-8.6709
-0.98725
-1.0449
2.336686
-0.3984
0.1594
0.125
2.4011
2.7601
-0.69965
0.54011
0.12475
-0.4414
2.05692
-4.33685
2.3965
2.23826
4.4992
-0.83581
2.68302
0.9501
0.287099
-1.53262
0.08673
-0.8476
0.2328
-0.9687
-0.6901
-3.3252
NA
1.20789
-1.97147
2.60369
-4.53593
0.2074
1.8139
-0.0316
0.42481
-0.16794
-0.8107
-1.1589
-1.12325
4.19675
4.5021
-0.04512
0.0713
-1.63412
0.7658
-10.36671
-1.06484
0.4789
-4.58909
-1.7738
1.119727
0.2033
-1.65376
-0.14311
3.70601
0.7201
-1.28567
2.9263
1.4118
1.252
-1.12107
1.1932
-1.03365
0.53406
0.38348
-0.19428
-2.76171
3.654453
2.95972
-1.42969
0.2794
-1.81206
-1.301
-0.86947
0.85824
1.2942
2.25707
-0.33921
-2.42377
-0.31132
0.57063
0.1175
0.72649
-1.158013
-3.82698
2.35
4.25389
0.67453
1.15629
4.093322
3.19752
1.30741
NA
0.0809
11.2129
-0.92244
2.231979
0.88842
0.56107
0.47711
-1.527
-1.09997
-1.34724
-3.74
2.45823
3.7404
0.30179
1.77312
-1.71696
-0.18286
-0.1365
0.245
1.29559
-0.82461
0.696129
-0.1332
-0.1456
-0.42957
0.92305
-1.18832
-1.00817
0.548549
-0.12129
-0.13487
1.53323
0.48379
-0.03825
1.1227
-0.06028
-0.28347
2.54583
1.77937
-1.7397
-0.83966
-0.40102
1.4545
-1.37971
-0.68283
0.802114
-5.30721
1.841641
0.29884
-6.16105
4.504
-4.12614
0.9665
-0.1491
1.56329
0.4891
-10.03573
-0.400823
0.1752
-1.2619
-8.25318
1.31809
0.0369
-2.19845
-1.70818
-0.24809
-1.28101
-3.09409
-3.0652
1.74067
-1.0466
2.81206
-0.28767
0.40633
0.50686
-1.685558
-0.82109
-0.65543
-4.55243
-1.25
1.50151
-3.73609
1.741
-2.22555
-1.34821
1.052
-0.792376
-2.14811
-0.91069
-0.70713
-0.85232
-2.0336
-3.19528
-2.10192
0.61253
1.9611
0.30043
-0.53288
0.89619
2.25682
-0.37886
1.5015
-1.492789
2.59788
2.023945
0.0674
-0.14269
-0.92928
-2.170167
-0.35825
0.00726
-3.13009
3.27138
2.1946
1.68076
-2.25622
-1.80136
-0.81395
-0.60033
4.61263
0.17781
-1.888
-1.04341
-0.06061
2.25314
1.58498
1.23724
-2.747
-1.3228
1.79264
1.2
-0.48694
-1.08
0.194402
2.65679
-0.9929
0.6118
-0.20058
0.28149
-1.06197
3.74213
0.615
2.77695
-3.352261
1.53642
0.38545
-1.198798
-0.60779
1.62613
-1.7181
-0.36716
0.22571
-0.225633
-0.897
-1.93306
-1.0335
0.2583
0.000991
-0.74544
1.4918
-0.29729
-2.62264
-0.2286
4.584879
0.401913
-3.3907
-2.07334
1.27343
-0.06596
2.7915
-3.0555
-1.40341
1.603574
1.0638
0.5049
-3.6443
1.5393
-0.5362
-1.899915
-1.6102
-1.83517
2.70663
0.471
0.918208
-0.20438
-2.71312
2.074051
1.72145
1.13999
1.12363
-1.3
1.541584
0.12846
-1.116
-2.58359
-0.15456
0.82485
0.22858
0.9317
-0.01097
0.278
-2.116651
6.15392
1.98284
0.1333
1.28145
4.01472
-0.7142
0.09983
-0.87996
-0.3588
NA
-0.6862
-2.13476
1.93173
NA
0.7016
4.437
-0.00479
2.39854
-1.38721
-1.80545
-2.38993
0.53644
1.44567
-0.19032
-3.46422
0.11146
1.670498
1.45956
-0.0291
3.279103
1.69319
1.2812
-1.970151
-2.4073
-0.59594
0.232
0.93657
1.573139
-3.37301
0.69133
-2.105359
-0.8897
0.980292
0.62017
-0.50679
-0.02575
-0.37154
-0.3067
1.45
0.517
0.13454
0.6337
2.177777
1.06241
-1.98952
-2.6738
-1.9077
0.0801
-3.55733
0.482
-1.08504
-1.012
4.0164
1.526327
2.20363
-1.69774
-2.43885
1.28153
1.046329
-0.8081
-2.929244
-1.00714
-0.5226
-3.5908
-2.1269
-4.11
1.80206
1.5335
NA
1.44813
-0.2365
0.7711
-1.31386
-4.17051
-0.86256
-0.69363
-4.66379
0.31309
1.55508
-0.775067
1.896709
-0.61493
1.231998
-1.5
-1.2181
1.45881
2.07036
-3.9782
-1.9901
NA
0.1459
0.61801
-0.10028
-1.753
0.19254
-2.07002
3.2182
1.86949
-0.84711
1.8899
-0.745
NA
0.37902
0.74184
-0.4831
-0.39792
0.33036
-1.73105
-2.06934
-0.4719
0.45102
-2.88
0.77332
1.178488
-1.81164
-0.14686
0.0025
-0.46093
-2.0996
3.75083
-1.607287
0.4688
0.36536
