1.47979
-1.24244
1.06046
0.6473
-1.48389
-1.69072
-1.35619
-1.3165
-0.3302
1.3958
-5.9
-1.47004
-0.38637
3.19135
-2.6522
1.49426
3.63399
1.2693
-1.09678
-0.78554
-1.53613
-7.06107
1.4191
-0.26327
-3.03627
-1.88097
-0.17986
0.09102
-1.90722
-0.68687
0.99062
1.6728
0.2369
0.6013
-0.86407
0.2336
-1.35952
3.13276
-0.00176
-0.553
1.80972
-2.6903
0.103
0.07433
1.07633
-1.88387
6.17233
-0.4558
0.291
6.9675
0.81734
0.599
-0.6181
-1.82
3.12
0.2436
-3.21762
-0.09596
1.71167
1.5
-0.53513
0.47292
1.07089
2.33297
2.45
1.10847
2.4358
-2.7875
-2.49638
1.6416
-1.5232
-1.3672
9.02803
0.72659
-1.572
1.57105
1.57075
1.1946
2.352
0.516
0.43225
-0.9438
-1.77617
4.7076
0.88683
-2.64459
-0.4954
-0.66781
2.51351
2.30773
0.6908
3.77859
-0.1023
1.42
3.60104
1.8616
1.05708
-2.3758
1.21977
-2.18
NA
-1.64187
-1.12617
-0.466
0.898
1.9049
-2.84
2.01886
0.63696
0.53537
2.85097
0.1022
0.994
-1.2036
0.7277
-5.7479
1.74598
0.5895
0.0609
-0.1934
-0.97811
0.93417
1.3592
0.1612
-2.1918
0.9452
-0.93466
-0.2367
-0.63319
0.69735
-1.6119
1.07
1.9863
-2.52804
1.38226
-3.33026
0.3169
2.3209
-0.8991
1.5766
-2.243
1.59
-1.37
-1.62
-1.09
-0.94076
-0.7849
-0.2016
0.5684
-0.0486
-1.0454
-0.98106
-1.1981
-1.1775
-2.86851
-0.0382
-0.72913
-0.4814
1.9863
-0.0398
-2.7153
-0.00171
-2.02763
1.20576
-0.05129
7.1443
2.4947
-1.43498
-0.33063
1.47111
0.261
-0.172
0.4347
2.1694
-4.91648
0.965
-3.10112
-0.73302
0.04914
1.98958
0.2691
1.13
0.394
2.02764
-1.35
0.53811
2.3867
2.9644
1.4627
0.29352
-2.91161
-1.95975
0.342928
2.73077
1.18873
2.25996
4.58346
1.85499
-1.29052
1.21189
3.0415
1.0698
1.3166
-2.71147
-0.0833
1.21044
-0.39478
-0.154
0.79643
-2.2107
-4.18
-0.07646
-0.14532
-2.77
1.38923
-0.35985
-7.76972
0.0335
2.9965
-3.8574
1.97503
1.00008
-5.14282
0.5509
-0.695
-2.01127
NA
-2.4928
-1.2
1.76
-1.7521
-3.51481
-0.0385
-2.16097
0.84392
6.53
1.26876
-0.008
2.37499
0.54244
0.57611
2.77489
-3.73
-0.06967
0.6705
2.9
-0.50225
0.8796
-0.9624
-0.99403
3.0455
0.5317
-1.917
0.38095
1.48
2.4389
0.2134
-3.69776
-0.02008
-11.9121
0.26738
-1.03371
-5.04226
-0.925
-3.86231
-1.90893
-2.52374
-2.74
0.1595
-2.15719
-0.69607
0.605
1.50125
0.66976
0.96846
1.56257
0.22
3.84985
8.44309
1.59332
-0.35299
-1.17985
-0.5142
-1.87079
-1.53
1.07393
0.50499
1.7431
0.25879
-0.5738
-0.2777
4.31903
0.22307
0.66
-0.2007
3.4052
-2.19293
-0.58778
0.8653
0.7193
-1.16
-1.89444
1.1639
-0.0497
-0.981
3.31268
0.207
2.48466
-1.5
-1.49785
-0.8814
0.40178
2.85767
-0.90183
-0.30871
-0.60016
0.7436
2.10747
0.28075
1.96
-0.8924
-0.1807
3.6803
-1.6985
6.03984
-0.17397
-1.6338
0.2258
-0.0743
1.87383
-1.2471
-0.26285
-1.4977
-1.44367
-0.0338
-0.14598
-0.908
0.2599
-4.47343
2.43572
0.16423
NA
0.33258
3.84
-0.7299
0.25
2.07319
-1.54432
-0.1912
-1.5929
1.532592
-1.41241
-1.8949
-1.8014
-0.885
-0.24067
-0.77202
0.66647
-1.0288
2.6511
1.5801
0.6608
-0.0138
-1.6335
0.459
-1.36
-0.3222
-3.30866
-1.5
-1.13
-1.1
1.90294
3.15873
-0.2441
0.8437
3.20875
-0.84423
3.47187
-1.33987
2.05975
2.1778
-1.73
1.8581
1.3323
-0.4816
1.21652
-0.86687
-0.35784
1.55924
1.36853
-1.70072
-0.63519
-0.12233
-1.46
-2.70967
-0.08846
2.48
-0.187
1.13186
-1.68
7.67756
-2.28392
0.02765
0.27802
-0.65922
0.2414
-0.533
-4.61462
-1.38937
0.16825
1.20656
-0.06274
0.04978
-3.1936
1.36822
-1.1423
3.41965
0.48616
2.923
0.28278
-0.92766
-1.2711
-0.6465
0.552159
-2.50396
2.14878
3.1241
-1.70707
2.59007
-1.06592
3.46772
2.44487
-2.790786
-0.293258
1.461879
-0.332
0.5635
2.2553
-2.692507
6.065962
3.122231
1.809241
-2.627701
-0.053589
-1.5356
0.020259
0.94839
1.59893
2.947269
8.09191
-1.959529
-1.229912
0.62092
-3.01487
-1.91926
-1.092542
0.629128
-1.417731
3.12903
6.2101
0.30546
-0.4551
0.1506
-0.6106
0.17502
0.8356
3.01502
2.2227
-2.04
-0.46188
1.676
-4.4479
1.0848
-1.5447
0.19126
3.44936
-0.04911
-0.70554
0.54027
-1.9788
1.03
2.6184
0.43497
1.51875
-2.29456
-1.2952
-0.836
-1.5628
0.4764
-0.9802
-0.8016
0.4028
-0.8643
1.1883
1.326682
1.21922
-1.92
3.45
5.18
0.35794
-2.1002
0.46994
-0.77254
-0.71281
-2.0408
-0.04316
-0.9654
-0.9797
-1.75168
-1.75681
1.87
1.98
-3.5
NA
-6.8863
-0.76714
1.14606
-0.74043
0.3388
2.01048
4.20481
3.69116
-2.4677
1.2935
-0.90598
1.2344
2.95494
-0.39983
2.17749
0.78271
1.20752
-3.17713
4.71243
-1.11132
4.63509
8.53089
1.14923
-6.39066
-0.20909
-0.81663
2.05939
-0.468
0.3327
-1.11493
0.95784
-1.56785
0.98217
-2.46959
-0.01711
-0.56636
-1.19165
0.36793
-0.47769
-0.4439
-3.6756
-1.08549
-0.2589
-1.2757
-0.53734
1.16513
1.78609
4.41796
-2.21583
2.53371
0.9807
-0.60301
-3.99851
3.1559
1.12916
0.45178
-0.39085
0.42902
-2.05778
0.6317
-2.57696
-1.05658
-0.81092
-3.25754
-2.49499
-2.00023
-6.23921
-4.34948
2.6952
0.43974
2.1272
4.19955
1.4868
-4.0847
0.0566
0.1257
2.8149
0.7709
-0.0229
2.4207
0.9892
-1.2659
-2.9471
0.2783
0.3906
-1.479
-1.5588
0.9475
-0.1611
-0.2849
-0.8062
0.9141
2.0167
-2.272
-0.505918
-2.027283
-0.723219
-1.12954
-0.085893
2.373649
-0.10192
-2.955034
2.260857
0.963712
-2.94451
2.569893
-1.486007
-1.73563
0.726589
5.929526
-0.197258
-0.445315
3.195245
-4.258607
-2.788941
-0.188956
0.303179
0.283771
0.704492
1.8012
-1.1561
1.589032
1.283312
-2.991922
-2.280108
-1.802186
-1.231855
-0.764187
-2.780498
-1.52625
1.695445
0.337452
1.79666
1.5651
-0.56695
1.45862
-1.02732
0.71461
-2.34548
-1.91081
1.03561
1.11638
3.3187
4.83624
-0.75128
-3.239
0.5843
0.38928
-0.46182
0.76566
-0.211
-3.07649
-1.0754
0.62999
0.07633
0.72255
1.05897
-1.87463
0.51248
-1.34285
3.4018
-2.29262
-1.15765
-1.8025
0.8548
2.2119
2.9546
1.82368
-0.27975
-2.43525
-0.22603
-0.09375
0.88411
1.5354
0.66008
0.17274
-0.20515
0.94736
2.73176
-4.60884
-5.79481
-0.17621
0.8974
-2.05834
0.7343
-2.689
13.2955
-3.2824
2.3602
-1.3092
-1.9038
-0.4548
1.5308
2.929
0.4264
-13.3939
2.5097
-0.6118
0.5643
-0.0664
1.5314
0.1371
-0.8955
0.2156
1.2646
0.83
0.7093
-1.2308
2.6274
-1.0344
-2.9347
0.9891
-0.9462
2.8947
0.1385
-2.2489
-0.7244
0.542
0.5564
-1.5808
0.867
1.5295
-1.78592
-12.76313
-0.53268
-1.9528
0.09767
-0.73775
-1.63074
2.90421
-0.00137
1.12349
-1.40842
1.4482
1.6921
2.32916
-0.0759
-0.88057
-0.4846
1.96069
-0.33832
-2.14194
0.50159
-0.16422
-0.72651
0.32313
-0.43465
-0.21333
-1.31028
-0.37973
0.729
0.1528
6.7895
0.71698
-5.54923
-0.96762
0.18063
-1.14709
1.73218
1.768
1.74042
-3.42922
0.1076
-0.66459
-1.08194
1.89252
-5.3898
3.83388
-4.03386
-11.10095
0.68441
-3.68213
2.5516
0.20095
0.11728
-3.19463
2.6283
5.83544
-1.18132
1.17998
2.2232
4.93195
2.6698
-0.52589
-0.5517
1.32057
3.62143
-0.2368
1.08676
1.94967
1.63903
0.78437
-1.4309
-0.7217
-0.56984
0.7797
3.24023
0.24474
1.1102
-0.24305
1.40511
-0.1549
-1.30604
-2.98394
-1.26446
3.74814
0.37168
-2.65076
-1.28423
7.64915
5.98707
0.60959
0.77183
-1.28851
-0.68247
0.95485
-0.36607
2.23905
0.51678
2.20322
1.00065
0.85236
2.82352
2.02216
-2.94642
-2.67837
-2.40966
-1.24799
3.44014
-0.42694
1.52657
0.86478
0.36236
2.25557
-0.47982
1.88262
-0.81366
0.91469
0.18212
-0.18416
20.37433
0.9482
-2.04115
1.66777
0.14949
-1.00506
0.97487
0.84547
-0.5854
-1.30654
-4.19396
-0.40865
1.56298
1.73021
-1.71859
1.60421
3.9247
-1.03567
-1.03355
-0.478
-0.04681
0.75736
0.511
0.05277
-1.47403
0.06027
-0.2713
3.40234
-0.2459
-3.38102
-2.43707
0.18322
-2.65309
0.46978
-3.67985
0.0554
3.1698
-0.03653
-1.93257
-0.00433
0.40942
0.26363
3.54976
-0.24565
-4.52164
2.84542
0.7219
4.4063
1.77247
1.42972
-0.84952
-4.34659
0.35004
3.50326
1.28653
-1.05739
-0.40192
0.0263
4.05073
1.26598
-0.1772
0.9827
-3.0963
3.8715
-2.3119
5.6282
-1.4684
1.6865
-1.0275
0.9073
0.7291
-3.6037
1.7223
1.2883
-2.022
-1.8816
0.9063
1.5734
-0.5357
-0.6304
0.93643
0.38345
2.94124
-0.3564
1.26825
-1.01376
0.60002
-0.60937
0.37276
-0.72932
-2.655
-0.06315
-1.4783
1.39061
-0.8817
1.72785
0.09594
-6.94173
-0.55968
-3.07296
-2.0318
-5.8607
-3.2223
6.59741
0.44777
2.47293
-1.18803
-5.59886
-0.2435
0.66894
2.9489
8.07047
-4.54104
-1.61233
-16.265
-0.9503
0.00251
-0.30042
0.6695
0.51694
-1.0784
1.5381
-1.50305
-2.85326
-1.0517
-2.259
-0.64014
-0.68332
0.86248
-0.07401
-0.07362
-0.58487
0.41559
-2.43
0.0547
1.64
-1.15
-1.65
-1.67
-2.47
0.84
0.885
-1.72
-1.27
1.46
-2.42
NA
2.46
0.914
2.56
1.29
0.229
1.26
-0.703
-1.59
-0.619
NA
0.124
NA
1.13
NA
-1.95
13.4
3.63
NA
0.628
1.32
-0.783
0.86
-0.468
-1.54
0.401
NA
-2.95
-0.557
NA
-1.35
0.675
NA
0.777
0.25
NA
-5.2429
-1.2616
0.4636
0.4329
1.8362
2.2688
1.9327
-0.0928
2.9708
-4.0784
-3.3021
-0.7394
0.2213
-0.8182
1.3465
1.6426
0.2007
0.8437
-0.039
2.2477
0.0845
-0.5297
0.024
0.9752
0.5544
-6.3353
-1.0921
1.0463
-0.159
-2.14
-0.355
-0.0806
-3.68
-1.13
-0.0996
-3.03
4.51
2.56
-1.31
-0.61
-0.209
1.57
0.847
-0.467
-0.557
-5.06
0.924
-0.7
3.97
1.08
0.221
-0.712
0.256
0.524
-0.0871
-2.74
0.361
1.06
-0.48
1.11
-1.6
2.56
-2.09
0.295
-2.28503
1.76753
1.36408
-1.32609
-2.31046
3.90477
1.4172
-1.22868
-2.61391
-0.04654
-0.72234
2.70335
2.4133
2.76775
2.1954
0.24145
-3.07839
-3.0842
4.36635
0.50137
0.47311
4.3187
0.18931
3.77482
-1.96916
0.0581
-1.92756
-0.40532
-0.2523
1.3476
1.16882
-0.02515
-1.4172
2.0057
0.5442
-1.1221
4.49211
1.24291
2.74799
-0.53828
2.92315
2.0289
-2.21309
-1.19069
-0.52652
2.7819
0.08067
-0.16609
-2.10249
-1.41694
-1.5701
1.47639
0.19039
-2.487
0.61306
-1.3317
NA
1.10053
-0.2138
4.7153
1.2203
-0.007
0.6033
0.59701
0.6979
-1.09642
0.02929
0.9021
0.02277
1.76858
1.29521
-0.40441
-1.42613
2.36296
2.24841
-3.64677
1.25165
-1.05799
4.08717
-0.7393
-0.63367
-5.33265
0.69743
-1.2261
-0.5065
0.06071
-0.21568
-0.67118
-0.28262
-0.501
0.19178
-1.08772
2.85732
-0.5946
2.3135
0.33493
-0.8371
-1.15322
-0.31975
-0.62349
-1.60731
-1.4487
-1.46802
-4.12777
-1.2649
-5.05732
6.75527
4.98187
3.12809
1.7722
-3.17906
-2.26246
-4.68844
-1.88698
-2.2965
-2.58704
-2.12879
-0.46752
-0.41935
1.14507
-0.4464
2.5849
0.2893
-1.20984
-0.523
-0.62885
0.1607
0.3193
1.20263
-0.23349
-0.8873
-0.898
-0.285
2.59
8.75
-0.04983
-2.7903
-1.08701
2.17
1.9758
-1.0635
3.2795
-0.708
0.364
-0.5657
2.58039
-1.48865
-2.66748
0.2416
2.04307
0.1015
0.234
1.49
3.36468
2.06864
-0.1499
1.02722
-1.45448
-0.5398
-2.18537
-0.2668
-0.17097
-0.1889
-0.61683
2.46758
-1.6439
-4.8457
1.708
-0.8303
-1.7656
-3.4447
0.9547
4.8457
-1.9722
0.1975
-1.68013
0.33697
0.6726
0.8124
-0.8239
-0.9505
-0.1391
1.14061
-0.70695
-0.83671
-4.09392
0.66225
1.32951
8.70838
7.85957
0.3498
0.0714
-3.336
0.573
-2.2461
-4.2194
5.811
-0.701
-2.05059
0.1497
1.6048
2.01567
-1.02867
2.78366
5.1016
0.61479
2.1258
1.32326
1.1406
0.2537
0.427
1.0912
2.0336
2
-1.95741
-0.5511
-0.55791
0.7359
1.1261
-1.8208
-1.1623
1.55969
-0.89372
1.10529
-0.68873
-1.26954
0.57672
0.43145
0.36969
-1.32047
1.66614
-2.23247
-7.08701
0.70522
1.2954
-1.89302
-0.11243
7.7008
1.6288
1.52892
-0.357
-2.6885
1.2618
0.11109
-3.96261
3.0204
-0.1528
10.6479
0.07275
1.33
-1.20405
-0.76666
-1.59827
-3.73
-0.9279
1.39892
1.5051
0.11874
-1.13591
-0.4792
1.03179
1.91006
0.6657
-0.95107
-3.18791
0.5305
-1.25271
-0.4309
1.9944
2.75738
0.23938
2.53789
1.25296
0.76255
-1.47064
0.18543
-1.67629
1.39159
1.27692
1.99307
1.2854
-0.4487
2.34686
-0.35338
-1.32717
1.3393
0.2294
2.96518
-2.64058
-0.00921
-2.19933
2.82271
1.2986
0.75309
0.26204
2.42666
0.02563
-0.832
-4.43
0.7985
0.20959
0.43199
-0.56443
-1.061
-0.2735
1.6997
-0.69184
0.79296
-4.07668
1.75484
1.95085
-2.59837
-1.053325
1.532398
-0.38949
1.176478
0.34702
0.0443
0.3145
2.4778
0.4235
2.38945
0.28899
-5.45786
-2.4535
-0.766
NA
-1.12
NA
NA
3.45
0.813
NA
NA
0.833
-0.286
-4.3
1.36
0.457
-2.39
0.969
0.607
0.401
-0.87553
-0.0862
-1.50255
-0.55969
-0.8737
-0.4353
-0.0651
-1.2949
-0.6576
1.47861
1.6202
-2.18726
-0.82815
1.725
1.7176
0.76945
1.1635
2.11404
2.76697
-0.87606
1.2446
2.24106
6.88836
0.653502
-0.408703
0.940416
-1.209829
-2.399188
-1.421562
-1.467005
0.135997
1.716403
-0.026198
-1.33882
0.701331
1.644693
-0.905652
-2.013883
-0.804201
-2.743427
1.379628
1.0728
-0.914547
-4.69001
1.998606
1.896881
0.769829
0.076375
-2.105343
-1.02234
1.02297
2.10575
6.9135
-0.03094
1.7012
0.50688
-0.3862
2.07295
-2.52913
-3.72013
3.5606
-3.24348
-3.15777
-0.25341
-0.82069
-0.9321
2.0002
-2.8274
-0.37561
-1.33921
-1.0775
-0.74293
0.8148
1.23293
-0.6291
-0.593
0.72499
2.73911
-0.19968
1.1516
-1.57127
0.1114
-2.10929
-1.96397
-3.93042
-2.90505
-0.25702
0.25664
-0.25023
-1.73608
2.09444
2.5135
1.54067
1.9986
0.90228
0.15738
0.35207
0.4643
1.13318
0.01961
-0.04662
-7.35139
-1.26345
-0.19619
4.87244
1.95953
-0.03337
1.7835
-0.90234
0.53693
-0.0106
-0.49262
1.23541
-2.95802
0.12156
0.45262
0.35344
1.31647
0.81974
0.01831
1.9797
0.74086
-1.89214
-1.54119
-2.6174
1.3921
2.5602
1.5849
-0.5106
-1.3384
0.4138
0.1875
4.67
-3.3
-0.59717
-0.46786
4.6687
3.45426
0.38204
2.5587
-2.5587
-0.5901
-0.60724
0.6082
-0.5817
-0.6856
-1.5474
-0.1531
-0.77821
1.80638
-3.29758
0.54757
0.80957
1.95
-1.78229
-1.8947
-4.02887
-1.86669
-2.33612
-0.85041
-1.9788
0.40169
1.2379
-0.7689
-0.37572
0.79971
-2.4995
1.55
0.0645
0.36572
1.5547
0.6734
5.0739
2.48301
3.41928
-7.14808
3.91046
-0.19865
2.26335
-1.63294
-0.60949
0.987277
0.029788
-1.96709
3.0432
-2.4677
0.9872
1.82748
-2.3511
-1.96856
-1.01142
-3.5694
0.37686
-1.184
0.48155
-3.2694
2.10154
2.863231
-2.01719
0.703
-0.7606
-1.6
1.84
0.6099
0.7648
-2.8553
-0.3449
-0.15723
-1.38353
-0.75046
2.13387
-0.81916
-1.56216
-0.0416
1.53979
-4.2758
0.59162
-1.823
0.03096
1.75427
-1.70416
0.6091
5.08261
-1.35983
-2.8373
-3.00454
0.0996
-1.9237
1.20454
-0.97507
0.15319
-1.90223
0.24444
-0.8425
-1.54329
0.36831
0.4386
0.676
1.408
0.49992
-7.27359
1.76449
0.8908
0.47512
0.07678
0.3542
2.67717
-1.63222
-1.71126
-1.021582
1.409282
0.90206
2.25277
-0.8053
1.36168
-1.08935
-0.44412
0.23107
-3.36378
-0.31866
-0.869179
-2.386894
-1.7186
1.063
1.01244
2.47717
2.6312
0.06227
0.19856
4.3214
1.5007
-1.93
-1.412
-1.62522
2.08587
0.9623
-1.469
3.07178
-0.70283
0.37254
-0.01234
-0.27313
1.2694
-1.22409
-0.7845
-5.9445
0.7621
-1.489
-0.5249
0.8947
1.6682
-0.995
-1.53
1.29
1.44
0.769
2.4852
0.4754
0.0196
3.78791
1.39702
4.05873
-0.27576
2.19114
5.4041
0.5804
0.63229
-0.74338
0.56418
0.63795
-1.78218
4.425
-0.30871
1.06341
-0.21418
-1.21636
-7.679
0.4661
-0.08082
0.5303
0.02599
1.16984
-2.33393
2.02694
0.85459
1.4234
1.6378
-0.7253
2.694
-0.6697
-0.2609
3.19712
-0.10512
1.9968
-1.7407
-3.85013
-0.72351
2.22122
-0.99614
0.351
-1.5
-0.354
0.943
0.698
-0.0895
-0.72228
0.01747
-2.6095
1.06184
-2.83082
-1.47492
1.91436
-2.25316
0.115
2.39
3.43
0.3
1.29
0.699
-3.29
2.01
0.396
1.288
-2.43779
0.94815
7.1943
-0.42351
1.44502
2.04164
-1.42118
1.20017
-1.81124
1.6955
-2.19447
0.65643
-0.1022
3.32639
0.7125
6.65379
-0.1075
-1.86894
-1.76477
1.08871
-3.8
2.9
-1.03573
-0.84365
0.60308
3.2343
1.01714
-1.1105
0.69043
-0.86882
2.05623
-1.571
-0.92716
0.47909
-1.31069
-0.68826
0.83166
2.52979
-1.07159
1.1828
0.47859
-0.3788
0.94814
1.5233
-1.49109
-1.01794
-0.4144
-3.3759
-1.762
0.6622
0.6271
-0.1351
0.06257
-3.44212
-1.55134
-0.271
-2.66
5.30871
-0.30663
0.18426
-0.40773
0.37479
-0.7082
-0.71299
-1.0882
1.7042
-1.73719
-0.0652
-3.26857
-3.55735
-1.79469
2.22232
-0.26867
-0.35516
-0.27036
-3.01685
-1.36487
-0.89286
0.64725
-4.66923
-2.17455
3.16943
-1.52603
-1.99723
0.7801
-0.84329
0.7838
-1.47906
2.09003
-0.74873
3.35721
1.53071
1.12
-10.6
NA
0.458
-1.02
-1.65
-0.538
NA
-0.0386
0.181
NA
NA
NA
NA
NA
NA
-0.365
1.62751
-0.8645
-1.2652
-0.4111
-2.53762
-0.81112
0.13205
0.44914
-0.1883
1.0293
-1.8666
2.1762
4.2016
0.9971
0.7943
1.4104
0.1812
-5.1526
1.7815
-3.7796
-2.49617
1.1385
-0.61444
0.68234
3.55354
0.22628
-2.02635
-0.1982
3.65109
9.11189
4.02462
0.25713
-2.65366
-0.6909
1.46725
-4.1919
0.1507
1.16507
-1.43198
0.33938
1.72108
-1.28007
0.13287
-2.02975
-1.05579
-1.55524
0.06537
-1.0843
1.87753
1.4406
0.22576
0.73332
-0.77741
-2.5448
-1.4537
-1.06021
0.0893
0.133
0.103
-3.14
1.52
0.2666
-0.2917
1.3253
0.6792
-0.1146
1.1559
0.4516
-5.3325
-0.3139
0.6169
-1.1644
-0.4123
0.0708
-1.817
0.0459
-0.0804
-3.757
4.6905
-2.1906
0.8169
0.1147
-2.73
3.6896
-1.8024
-5.4381
1.2073
-2.439
-1.1107
1.2988
1.53599
-2.30406
-2.19054
3.23891
0.6662
-1.63696
0.74607
0.85084
8.79547
-3.15849
-2.85001
1.04461
0.19908
-0.99554
0.17157
2.90272
-0.00685
-1.18688
-0.07983
0.97587
-1.53884
4.65262
2.13038
-2.58733
-0.37171
-2.20049
-0.52802
-2.2794
-3.28674
0.27578
-4.00588
0.4103
5.272
-1.88863
-1.32556
-1.4338
2.576
0.0591
0.7962
0.9182
0.0512
-3.6654
1.5408
-2.5775
-4.2598
-1.1487
-0.4285
-1.6801
-3.8937
-0.9088
0.8367
-1.0003
5.2543
-3.5482
-0.202
-2.3397
-0.6189
1.0819
-1.3487
1.8475
-0.5196
-2.02305
1.01251
1.25382
1.76614
-3.76276
-0.44485
1.14963
-1.52319
-0.12862
-2.18367
-0.8252
1.46067
1.3359
2.42435
1.8852
1.45159
0.90826
-2.64855
2.25968
0.20993
2.1027
-0.41719
-1.93902
3.10623
-1.5089
-2.65348
-2.0689
-0.0173
-3.32308
2.62744
1.49131
0.05497
0.0508
0.06722
-0.59907
1.1538
0.64037
3.4693
-1.4364
0.7256
-0.3204
-2.41062
-2.40544
1.5532
1.9265
0.7501
-4.13684
6.54623
-3.11226
-0.748
-3.2105
1.63645
-0.48556
-1.14118
-8.38167
-4.1973
-0.2358
0.86599
2.52652
-0.76444
1.961
-0.7288
-2.20479
-0.3208
1.95619
-0.0922
0.27757
0.58106
1.13549
0.95665
-1.03103
0.264
0.16147
0.2035
-1.24043
-0.4277
-0.14762
0.99048
1.4612
-1.0799
-0.86118
0.74438
12.55226
12.66903
-0.1643
2.04776
7.40478
8.72833
-3.13679
22.13877
-5.57691
3.01365
-4.27328
18.5632
0.44782
0.89809
7.03769
-1.73024
2.0887
0.96785
-2.17206
-1.12996
1.67127
-3.56946
-0.63914
1.56904
-1.915
-0.5073
3.6495
-0.95465
1.79075
-1.46877
3.76189
0.31454
2.4568
-0.96841
0.64989
1.6352
NA
-1.5943
-3.46198
0.60215
0.44869
0.96504
0.92696
0.62411
5.088
-1.18046
-3.76262
0.08611
-0.56676
-0.40651
0.12834
-1.89153
-0.07925
-2.66597
-0.17798
0.7527
0.49034
0.41361
-3.47696
-0.3226
-1.04326
1.1378
-1.45066
-4.03126
-0.88571
-0.14095
-0.1798
0.5248
2.17
-3.04378
-0.40068
1.57296
1.3327
-0.903
-3.37
5.42197
-0.906
-1.34
-0.343
-0.0124
-0.47
2.73
0.347
0.545
0.234
5.03
-2.46
-0.0618
-0.0452
0.27
0.497
3.99
-0.0531
4.74
-1.89
-0.812
-0.974
-0.69466
-1.33
2.33
-0.356
-0.103
-1.13
-1.35
-0.208
-1.7855
-1.0832
2.3242
0.4089
-1.5136
11.4569
11.4874
5.0256
0.4403
-1.972
4.6048
0.2963
-2.7838
0.5104
-1.0235
2.168
4.049
0.8525
-1.5715
-0.1693
-1.5912
1.5741
2.9267
-0.7506
0.625
-2.3028
-0.3274
2.0766
0.3537
NA
-0.434
0.534
2.8142
0.4724
2.3106
NA
0.118
0.322
NA
NA
3.42025
-8.54
-2.83
-0.833
1.28
5.16
-1.05
2.56
-1.59
-0.493
0.629
-0.54
-0.438
2.29
-1.29
0.45863
-4.23
7.29404
-1.20097
-0.47068
1.36166
1.56153
-1.3485
3.66065
0.85493
-0.23345
1.80841
-1.35515
2.0255
-2.47222
-0.81891
2.10888
0.59928
-1.2408
-1.95257
0.6801
-1.6636
-0.9761
-0.679
3.3818
3.1311
-1.0105
0.683
0.612
1.3639
0.7983
1.7141
0.5873
-2.4848
4.9568
-1.4129
0.24069
0.55088
-0.35734
-0.21327
-1.92222
-5.31927
1.7345
1.8551
1.02333
-0.7583
-0.09867
1.03978
3.93506
0.92798
0.55007
-0.44886
-0.29314
0.29378
1.08199
-2.92737
-0.98066
1.43183
-1.56202
0.21184
-3.2748
0.70973
1.55282
0.55887
-2.31239
0.84664
-0.1759
1.13509
0.76124
-0.04677
1.81275
-1.01016
0.7362
-0.84472
1.54705
-3.1358
-1.03028
-2.889485
-0.144863
0.9272
-1.88655
0.98618
3.143295
-0.872095
-0.94933
-1.39305
-0.73611
-2.81388
5.57944
-5.2301
-6.57909
-1.7971
2.34081
7.83985
-1.22543
0.33466
1.88214
-1.90771
0.04382
-0.18711
-0.78733
-0.39573
0.32134
-0.55687
-0.7685
-1.18796
1.6412
1.32398
0.09862
2.13451
-2.9966
-0.79604
-1.53417
0.68888
-2.8474
-0.35017
-0.7241
0.207
4.36563
1.1956
-1.519
-1.9746
0.3886
-1.22571
-2.03028
-0.7744
-0.6734
1.75128
-0.8625
0.8463
-2.4028
-2.8203
1.84014
-0.58454
-1.4115
1.9524
-0.1376
-0.1583
1.4286
1.40523
0.60682
0.64244
-1.86128
1.7
1.48
-0.7985
1.2106
0.64236
0.3637
0.75432
-0.00903
0.65079
2.1524
2.37904
0.25074
3.27058
3.3024
-0.0355
1.85819
-1.7804
-2.0651
-0.17503
-0.1478
1.52314
-0.24142
-0.42737
0.5217
-0.3705
0.8562
0.6894
-3.47
2.05
-1.3538
5.7616
-3.0926
0.7807
0.47639
-2.3228
-4.07896
-0.12811
-0.3203
-0.0416
0.84405
-0.189
-0.2816
NA
0.87374
0.9095
-2.3712
0.8812
2.779
0.378
-0.5318
-0.534
-1.239
-0.4735
1.08232
0.28155
-0.696
0.87108
1.8669
1.13045
2.74637
-3.34843
-1.82076
0.97385
-0.73805
-0.12662
0.50098
0.0894
0.98278
2.61858
0.00697
-0.3201
2.42026
0.734
-1.97932
0.687
-0.52939
-1.4369
0.0997
0.10111
-0.1714
-0.904
-0.764
-0.413
0.3055
-0.4761
-0.64989
2.28541
1.39
3.1688
-1.7224
0.8224
-0.21316
3.05825
4.6695
0.85956
2.1
2.3711
4.58482
-0.49795
1.69582
1.5467
-0.03716
1.41
-2.0385
-0.44049
-0.3286
-1.0797
-0.1582
-1.5629
2.3144
-3.8021
0.17654
-0.1269
0.1007
1.27457
2.7635
-0.92372
-2.07712
-1.14803
0.2296
-1.68
-0.2996
0.35414
-0.8614
0.91175
0.1512
0.7493
-0.3151
-0.8553
1.8897
-1.6637
0.4995
-3.0918
-0.2216
0.8065
-1.68606
5.12
-0.32034
-0.114
7.11562
-2.16466
4.87793
0.83135
0.0864
0.734
-2.208
-0.187
0.9158
-2.24
0.2287
0.61107
-0.70895
2.4175
2.19208
0.3085
-0.7976
0.5469
-1.66956
1.36216
-2.091
1.0191
0.91027
-0.1795
-0.22484
0.39289
0.40182
-1.2413
-1.7166
2.1057
-0.08074
-1.7107
2.50403
-2.176
0.11044
-1.43274
-1.13644
-0.57934
2.714
-4.27
1.87946
-1.27403
0.80858
2.02
1.7771
0.14659
7.14323
-2.62547
1.5096
-0.65796
1.4249
NA
-0.63253
1.69647
2.901
0.433
-2.4495
-1.3052
0.80775
2.428
-6.30555
0.14213
0.1253
-1.4196
3.98462
0.7741
0.9179
-2.1859
2.4488
0.331
3.0437
1.8314
0.2851
10.28958
-1.305
0.45349
0.46086
1.39658
-3.5283
1.17452
-1.7113
1.00378
-0.3743
-0.581
-1.79869
-1.01287
-1.84779
-12.9492
-1.5566
1.24415
-0.90531
-2.6127
-2.80681
0.36275
3.00422
-0.84219
-0.53561
2.67
0.00786
1.8873
-0.2855
0.0907
-2.7236
2.6553
-0.2762
0.8442
1.6427
0.7
1.0761
0.19
1.30135
2.9466
-5.1266
-0.1555
1.0519
-2.67632
0.7498
-0.12823
-0.10183
-2.87923
0.58132
-2.14602
-0.38323
0.5027
-4.85405
-3.72174
0.30797
-3.8786
0.8309
-0.14315
-3.2152
2.2391
-1.02325
0.20027
0.18053
0.993
3.77887
-2.08385
6.19837
-0.566
3.1
-0.41824
-0.60934
-0.94707
-2.29435
-1.73251
0.09464
-4.7595
0.55292
0.82096
1.88212
0.11323
-0.3502
NA
-1.0217
-0.911
6.86
3.67314
-1.03455
-2.5992
0.53834
-1.58814
0.05577
0.68327
0.20544
-1.61923
1.30185
-3.83559
-1.3138
-1.44041
-1.27115
-0.603
-1.38571
0.0259
0.1639
0.63057
-1.45524
-0.02203
1.84511
0.43225
0.3884
0.28812
-0.74112
0.31468
-0.05892
-0.47305
-1.6956
0.58004
-0.59508
1.19687
1.05581
0.16287
1.09724
2.75837
-2.80334
-2.32275
-0.51046
0.29865
-5.89242
0.34032
0.98467
2.40617
-2.24313
-2.1596
1.67063
-0.34844
-0.17225
0.8593
-8.922
2.8348
4.6002
1.52148
-0.8359
2.85311
-0.75959
0.10903
1.04582
0.04861
-1.5926
-1.8973
-3.5713
0.04354
-0.7605
6.88244
-4.32257
1.1188
17.38234
-20.93693
-1.6272
7.83199
-1.13985
5.47412
-5.50826
-4.48295
-0.87647
-0.4402
-1.13243
-1.65247
-1.3905
0.8532
4.8346
0.2647
9.4858
-0.65388
-0.76423
-0.279
-1.3164
3.5034
-1.41
0.0169
0.7272
-0.6538
2.69721
4.77171
0.04605
-7.69276
1.5
-0.824
1.8
5.36933
3.5511
0.6164
0.124
-4.9947
-5.01464
1.87
0.0305
-0.29568
3.73
-1.8462
0.112
-2.0143
-0.376
1.18
-0.0597
3.1121
1.2585
0.528
0.91
0.882
0.3759
2.7404
-2.61
3.50553
-2.37696
0.8922
-0.75959
2.73
-1.82
2.37
0.163
0.3808
2.86
-1.48199
-1.9
-1.49
-0.671
0.871
0.0962
0.205
1.09
0.603
0.801
-1.1045
-1.86
-0.7257
-0.8134
-0.086
2.12
1.69
6.2
1.20987
3.34643
-0.782
-0.2397
-0.4418
-5.43
2.14
0.5704
0.492
5.28
1.43
0.511
-1.034
0.8269
-0.2573
-0.7386
6.8303
-1.3137
-1.1114
1.4019
-0.7007
-0.5007
-0.2453
0.5041
-0.9857
-0.5967
-1.2069
0.4454
-1.1102
-0.7027
-4.8822
0.3333
0.298
-0.2375
-1.1142
-0.2079
4.447
0.9426
-0.3419
-1.0056
NA
-4.2423
0.0119
1.15
-0.592
-0.2408
1.5534
-1.91
0.17279
-2.15965
-0.4857
-2.38
0.38484
0.93217
2.93323
-0.3775
0.706
3.10791
-1.1679
1.0042
2.51456
-1.64428
-0.55845
2.0127
0.8356
-1.0169
-0.5937
-3.2331
-0.0414
0.2558
-1.85791
2.51106
0.42526
-0.231
-0.55774
-2.68847
-1.6031
-1.5801
0.31901
3.61427
-3.85346
1.7045
-0.02892
0.93694
-1.8561
-1.79587
0.56683
-0.48683
-1.36403
0.58229
1.45053
0.79399
-0.0878
0.21067
4.67662
0.81504
-0.60054
0.00242
0.14361
1.42848
0.48451
1.65799
1.15393
-0.43684
-0.07473
0.51811
3.5187
0.39999
-0.42172
-2.86676
1.5347
1.1659
-1.42933
-0.18747
-0.3794
-1.07672
0.57316
1.21627
-0.90837
-1.4373
0.50105
1.5448
-0.9071
1.83849
-0.6859
1.1869
2.6393
1.2802
-2.44355
1.94096
-0.25059
3.95953
2.25261
0.28161
-3.78902
-1.17195
-0.0242
-1.72429
1.14634
0.72249
0.89529
-3.56083
-3.1447
0.04038
-0.43506
1.07392
-0.1617
-1.33207
2.81968
1.39883
0.18291
-3.0171
-1.5757
5.6075
0.27034
7.0601
-3.1198
0.7162
7.8216
-1.61876
0.608604
-0.0738
-2.643
-2.4344
0.40183
-1.94432
1.32089
2.127127
-6.8258
0.24367
-1.4683
0.06511
-0.35351
0.35043
0.3461
-0.39166
2.5088
0.7587
-1.01047
-1.45116
-2.97343
-0.01552
-1.448
2.97441
-1.14085
4.48519
-0.6962
0.09528
0.69451
-0.45181
4.02528
0.77426
-0.68759
-0.6893
-3.59625
3.42686
0.17816
1.22688
10.50575
-7.44875
-3.24551
-0.40265
0.88705
-1.8946
1.68369
1.68291
-1.94679
1.37074
-2.56798
0.0319
0.99606
-3.13478
0.6983
1.55857
1.11048
0.61071
-1.2818
1.10838
0.7696
4.1267
4.10034
0.54654
-1.02282
0.13651
-4.09678
0.458
0.53654
-0.57274
4.74149
-0.19677
0.28698
-4.4884
0.58327
0.74733
5.685
-1.6256
-4.2295
-4.06514
3.2223
3.92875
2.95764
0.17496
-2.5889
1.53132
-5
-0.28
-4.27
0.3689
4.46086
-0.2314
-1.2264
2.31
-0.53878
0.306
2.86
0.7824
-1.08
1.4601
-4.53
-4.18
-3.29
-0.7728
-0.24
1.56
-1.2751
2.06
0.87206
0.8907
-0.12778
NA
3.06142
0.098
-1.4354
-0.616
-3.8361
-0.78377
-0.34163
0.36609
-2.35599
-0.29351
-1.58759
3.0677
-0.68019
-0.13782
-2.65779
-0.0492
2.6525
-1.717
2.26
1.29
1.479
1.43869
0.5137
2.6578
3.12331
4.01
3.1438
-11.4054
0.1047
0.29821
-1.03452
-0.8134
1.23476
-0.14233
-0.9087
0.145
-1.5836
-1.37
-0.1762
-0.8429
3.22279
0.14558
3.16476
7.99657
-5.72499
-1.66991
0.0483
-2.0172
0.352
-0.26862
3.0409
1.9888
-3.74
-2.70118
-0.2435
6.31809
1.19224
1.4161
0.2205
-6.8913
-0.12853
0.17116
2.39578
-4.1244
-1.364
0.7775
0.34889
1.15776
1.66923
-0.19493
-2.00792
1.1868
-0.49135
-1.0133
0.17691
0.47394
3.90417
1.5959
1.4487
-0.4306
-0.8118
0.41944
0.7661
-6.05393
-2.96753
-1.61598
2.6952
-1.1175
-1.42073
0.56854
0.58828
-0.0101
0.827
-0.563
2.89067
5.3213
-0.93778
2.8731
-0.33494
-3.394
-1.65491
-0.0376
1.3677
1.0086
2.29235
1.2114
-0.73608
1.9322
-1.8668
0.69965
-0.5611
-0.7386
-0.91325
1.2333
-1.077
-2.6753
2.4682
0.129428
1.023
-0.0545
-1.38791
-0.50405
2.45488
-0.8333
0.5137
-0.8364
0.16142
-0.1945
2.54449
0.13028
-0.12563
-0.98152
2.91274
0.37101
-3.3936
-0.78
1.81479
1.77945
7.27062
2.83
2.69418
0.0304
-0.85109
1.66344
-4.07
1.3867
0.99502
-0.5429
-0.07989
-1.07508
-0.18624
-0.65365
-0.48406
3.28
-0.8732
2.11
0.66012
-1.34
0.1428
-1.10693
2.59402
-0.71608
1.412
-1.78863
3.19925
0.61454
-1.6719
1.0608
-3.66292
0.05327
2.22
4.4642
-0.17902
0.8316
-0.06509
-0.365
0.5645
-0.76535
-1.0435
-1.999768
-2.25
0.6251
-0.9789
-0.2899
-2.29811
-0.45188
-0.62199
-0.41799
-0.59747
-3.382616
1.15703
1.6295
-3.368118
0.5118
3.5419
0.3838
0.1512
1.1006
NA
-3.84822
-3.6949
1.15825
2.87958
-0.25523
-5.73558
-1.55
0.9772
0.26973
-0.964
0.29028
-2.12
5.7912
3.2002
1.00022
-2.436
-0.12074
2.21195
-0.3833
-6.2311
1.34843
1.12399
2.83899
-3.83
-2.2
1.68
3.2755
-4.7889
-1.7504
-2.1133
-2.14091
-0.38046
-0.61231
-1.1021
1.12039
-2.56858
-0.64873
2.59
-1.65
-5.97091
1.35
0.00622
1.11
0.30001
-0.00311
8.1027
-0.5753
-1.5152
5.17453
-0.93831
1.7
-3.09344
1.8557
-1.0184
-1.4
-1.1437
2.08621
0.3079
0.01771
0.1571
0.2345
-3.44817
0.852
1.64257
0.669
-0.1964
-4.7236
1.86
3.007
-5.29
-1.22646
2.66667
-2.48767
-0.59012
-0.4456
0.10127
0.26564
0.000773
3.89533
1.64753
-1.57174
-0.166
1.06027
-1.58818
-0.73577
-0.925
0.391
4.1839
0.92548
1.2047
0.848
4.03
3.5
-0.04313
0.7935
-1.0234
-2.61
1.4697
1.0328
2.51801
-0.0445
0.77181
0.7411
-2.0212
0.53663
1.5833
0.00958
1.00914
-0.05344
-1.76034
-0.6556
2.025436
0.66
0.4301
-1.21162
-7.3411
1.75063
-2.02297
-5.21
3.5864
-0.1741
-0.2662
1.1141
1.55
3.2939
-0.316
-0.396
5.33167
1.36331
-3.48502
-2.1548
0.3773
-2.34417
-0.51529
0.826
-0.634
-2.04
1.0619
0.84488
-1.61
-10.17853
-1.95
2.2744
-0.10926
2.1141
2.35978
-0.7878
0.14646
-0.21345
-1.3554
2.14752
-1.3226
1.4212
-0.2466
-1.1267
1.19814
0.77853
0.35261
-0.92884
5.15713
-0.2868
0.77724
0.7998
0.2644
1.3684
-0.45441
3.17682
-1.22
0.25865
-1.73501
-0.3994
1.8982
-0.74747
-1.94752
2.2243
1.4616
2.2545
1.07075
1.40046
-0.6243
11.9336
2.7388
-0.79148
0.40645
2.41248
-1.71364
-2.01377
-1.736
10.31491
-0.0792
-0.16974
0.72129
-0.377
1.57378
-0.614
-0.50682
-4.99146
1.01382
1.61243
3.62332
-0.43672
0.96468
-0.746
-0.86654
-1.6308
-3.73769
-0.73315
5.10286
-1.6
1.4783
-0.77813
1.15652
4.49676
NA
1.67727
-0.5243
-0.8804
0.78625
-2.5183
-1.69999
-4.61266
-0.74792
0.60482
-4.2
-1.46867
-2.25612
-7.02921
-1.65057
2.2927
-2.31512
2.8125
1.06983
-1.7559
-0.4675
1.1
1.67083
0.78079
1.84
2.94792
1.5344
-0.2764
-1.4474
2.1742
1.3958
2.36037
-2.95467
0.981
-0.19686
1.42835
1.2284
-1.0091
1.053
-1.43618
0.414
7.1
0.551
-1.96232
0.81016
0.1256
-0.71238
0.1094
4.6
-0.7448
-2.11998
2.8597
-1.6296
-4.38327
2.43
-3.67
0.81904
-0.4899
0.1928
0.43843
-2.25608
7.31288
0.63928
1.16
4.54694
-2.3067
4.04
-0.832
-6.9246
1.68845
0.741
1.63083
3.9257
1.366
0.30517
0.799
0.05284
-5.25361
1.9983
-0.15051
-0.63924
-0.7605
1.1946
-1.4069
4.34973
1.65973
0.0725
1.22938
-1.92491
0.85143
-0.9994
3.079
-0.9011
-1.27
1.9144
0.1028
-0.49411
-0.10971
0.8881
2.92362
1.10274
-0.41008
0.166
-6.23213
0.60297
-1.679686
-0.1526
-0.23982
3.88707
1.37708
2.14421
NA
0.285
0.26906
-1.12299
3.62501
0.7248
-2.67
0.4403
-0.04984
2.4589
1.1689
2.24342
-0.54738
3.87328
-2.15569
0.6664
-0.39897
-2.25392
0.46887
0.1982
-2.16103
0.0968
-4.48559
1.9784
1.16012
1.91
1.10426
3.65651
1.4561
2.4883
0.0417
-0.5972
-0.06071
-1.4172
0.10095
-0.25703
0.2961
-1.6361
-1.4704
0.675
2.63
-0.46432
-1.02643
3.18598
-0.511
0.80803
NA
-3.04697
0.1562
-2.4562
-0.236
-1.46523
1.66759
0.296
1.5462
3.58115
4.12007
-0.0635
0.48141
-1.38
-1.2382
7.1011
0.248
0.52353
-0.15335
-3.45624
1.1179
-7.49
0.78377
1.92
-2.1351
-0.8816
NA
-0.0243
2.73221
1.75264
NA
-0.904
-5.13218
1.2302
0.36795
0.33163
5.43445
-2.25
-1.11249
-3.21
5.46
-0.618
2.6028
-3.33289
-0.46385
1.03976
-1.85402
1.85127
0.3034
3.17737
0.6157
-0.55003
-1.5953
0.2058
-0.2052
-0.75383
1.0762
3.32
0.29806
1.73341
0.6963
1.6019
-0.2941
-0.938
0.8673
-1.253
5.56918
-0.8164
-2.1381
-0.5067
2.33331
0.47196
2.54922
0.94489
-0.8629
2.1802
1.3411
-2.79072
4.70887
-1.0461
0.00803
-0.25786
0.166
2.68465
-8.57324
1.49636
1.49598
1.9196
2.08321
-4.6035
1.4968
0.0676
0.07815
-2.2583
2.76839
1.04436
0.3429
3.41
-3.02541
7.6489
0.6273
-1.31126
0.67355
-3.1533
-1.8756
0.4267
2.1622
-1.18666
-1.09757
0.79868
1.35822
0.92471
-0.30677
1.33011
-2.4628
1.14723
-0.5777
5.02851
-1.20422
2.71194
4.337
-1.54676
3.5054
0.3546
0.9188
1.5894
0.2047
-0.9494
-15.07271
1.46555
4.496
2.6948
1.5532
4.6533
-0.2666
-0.99047
2.62571
0.80977
-0.94957
-0.8442
-1.8682
-2.14593
1.54803
-0.46475
-3.17562
2.1496
-0.650916
0.802
3.4254
-0.02315
2.09516
-0.60174
-1.66867
-0.14182
1.43
0.27293
-3.74067
0.3273
-0.5104
1.3893
0.484
-2.9412
-1.1117
1.6578
1.05
-1.98058
1.5651
1.3643
0.17015
2.1654
-0.8435
-0.203
-1.231
-0.000367
0.39775
0.40724
-0.64545
3.5541
-0.28116
0.82563
0.02782
-0.39086
-2.2699
1.99557
-0.202
0.0368
0.4623
-5.7761
-1.68537
-4.06365
2.52952
-1.58348
-0.71992
0.3677
-1.0607
-1.90157
-4.946002
0.0554
-3.1194
-1.4733
1.41469
0.0695
-1.1005
-0.20056
-1.49212
-1.6
0.3003
-0.61447
2.98227
1.61707
2.91708
-0.7598
1.45847
-1.74859
1.2891
3.1915
0.672
-0.06786
2.200455
-0.82778
2.19902
1.19286
-0.69199
-2.7817
-0.93542
0.025
0.7201
-0.768
-2.4036
1.17651
-1.90629
-1.94642
-1.7416
0.961
0.70404
0.57338
-0.0799
-0.9825
1.41
-2.0567
2.06
-1.0605
-1.5851
7.81958
-0.31722
0.7637
-1.88605
-1.5283
1.91875
3.0554
3.1122
-1.11768
0.28201
-1.2518
3.4282
0.20705
-2.26028
1.18461
2.23003
0.47103
-0.13067
2.35573
0.12187
1.04012
-1.28716
2.59703
-4.1947
2.3602
-0.96584
-2.97213
-0.4613
2.00827
0.49856
1.44032
0.0234
-7.41182
-0.4837
2.43787
-1.38936
-0.7535
0.2615
NA
0.4436
1.74766
-1.94268
0.29597
0.4078
0.97719
2.2962
2.77678
0.83409
5.22704
-2.15323
0.0366
-0.08664
0.08101
-0.73245
-3.25
0.80632
0.51216
0.38516
3.27005
0.33646
1.21
6.13
2.3795
0.8106
-1.98148
0.15606
0.17771
-1.6918
0.769
-0.81874
-2.92623
1.34811
0.0259
-0.38432
-2.3056
-0.6381
NA
0.6118
-1.31116
-3.4225
0.516
0.95039
-0.771
-0.89
1.7177
2.76665
1.58372
0.78499
0.8095
-0.1222
0.29858
NA
-2.58399
0.49799
-5.65186
-0.14227
0.14431
-0.97722
-6.05187
-0.0954
-0.58791
NA
-1.51829
-2.0729
0.93593
-4.18119
1.57298
2.2493
-6.94
0.06195
-3.1576
-1.7128
-1.36524
-8.13298
-0.01267
-0.67361
-1.1518
-3.00203
-2.2084
2.30642
-0.5259
4.8756
-2.74035
-1.91266
-0.0819
-0.17301
0.5773
-0.6156
0.35421
2.26638
-6.48152
1.22654
2.23167
0.347
1.15
0.727
0.89846
-6.27572
0.33944
-2.95407
0.1666
0.46602
-1.88916
-2.70882
-2.88314
-2.21412
0.37994
2.28309
-1.77
-2.46031
2.02477
0.25818
-0.5708
-0.70159
0.983
-0.513
-1.26241
1.02
0.1461
0.15011
-0.78989
1.18201
1.4291
-1.86838
0.91772
0.0146
1.57385
0.3897
-0.94357
0.0417
1.23801
2.20673
NA
-2.8568
3.1328
1.95184
1.36
2.6217
-2.11
-0.0453
4.70036
2.14948
0.342
-0.24109
0.4369
7.5226
NA
1.9302
-0.89735
-2.29291
2.533
-1.6189
-0.0875
0.46633
-1.54512
0.96819
-1.03378
0.96058
-1.75
0.29748
0.19471
-0.99083
2.04082
-0.40624
1.22628
1.94648
-1.9264
2.33495
1.05357
-1.55648
1.30025
1.81985
-0.57743
-0.62374
-1.28
-0.1922
1.12179
-1.8258
-1.99143
3.27638
1.1616
0.06901
-0.17966
-0.793
-2.12612
0.371
-0.21276
1.52941
-1.1148
0.27134
3.59293
-2.32
-1.26609
4.1224
-2.08072
2.33651
-0.32585
NA
0.273387
0.425
-0.9038
1.1149
-4.91
2.55207
5.49013
-2.6429
1.95101
-0.91411
-1.1977
2.6911
-0.04999
-2.14616
0.54
2.89784
4.55767
-0.14518
2.27395
-0.60172
-0.8647
NA
-1.99387
-0.64978
0.05691
1.23221
1.7526
0.70127
0.506126
1.33775
-2.28916
3.70973
1.18755
-2.74249
-0.01028
0.04011
-0.63068
-1.73155
-2.6475
0.4291
-1.40329
0.69868
-2.22724
1.5842
-1.30563
0.21858
2.9712
-1.81992
0.51
NA
0.2347
-3.09111
1.5903
0.275
0.510094
-0.1459
-5.6227
0.6058
-2.7251
0.178
1.12179
0.1128
1.47177
-1.3078
1.57178
-3.7772
1.09
0.249
0.58544
-0.6306
-0.8174
-0.7417
2.88722
-0.05373
-1.7158
0.72669
1.3
-1.67457
-3.34132
-1.1102
-1.19055
-0.95392
-0.9432
-0.6586
2.42773
2.3991
-2.76463
-1.68662
1.41
-1.7728
-1.8754
-0.1479
-3.65525
NA
3.88204
2.03
-1.6654
1.36865
-2.78114
-0.19701
-0.60329
-0.1136
-4.00237
1.36574
-7.0401
-1.32669
6.20224
-0.5333
-0.96396
-1.02861
-3.75403
0.22113
-0.4483
-3.152
-0.1443
-2.03859
NA
2.20567
0.29382
-0.1993
-5.88
-0.272
4.3337
-2.4093
-0.22818
1.60946
-1.34501
-5.82416
0.45462
0.63276
-2.0732
NA
-6.61927
-0.20208
0.49355
1.3199
1.6755
1.63398
-2.34062
2.96673
-5.9936
1.20157
-0.59
NA
0.0788
-1.0218
-2.85133
-1.2
1.8425
2.06924
NA
-0.557
1.36532
0.68914
0.6027
-3.29835
0.000213
-0.96684
-2.15
-3.32
-1.1025
5.40695
-0.9608
1.23751
-0.24
1.45624
-1.2365
2.2004
0.19229
-2.9
-3.2622
-0.2557
-0.644
0.698
-1.6866
-1.25
2.96
1.07896
-0.48602
3.6143
0.819
6.99984
-0.613622
-4.2721
-0.69829
0.9386
2.47
0.819
-3.09724
1.50863
-0.9945
0.8669
-0.459394
-0.1607
0.333
0.29302
3.72604
-1.72
-0.62406
-1.12837
0.55414
0.62844
3.929
-0.13562
2.28576
-0.834
-2.52
1.02669
0.348
0.452
2.49
-0.570579
-0.065541
1.8704
0.79989
1.44965
0.23147
0.7614
-0.8102
0.133131
-2.26956
0.00725
1.37177
1.33338
-1.33
-0.50315
1.48415
-0.44437
-2.98579
1.36227
0.35182
-1.98957
NA
NA
NA
NA
NA
NA
NA
1.27905
NA
NA
-0.0602
NA
NA
NA
NA
0.25416
-0.92602
NA
NA
NA
NA
NA
NA
-0.81501
NA
NA
NA
-0.2899
NA
NA
NA
NA
NA
NA
NA
NA
1.86606
NA
NA
NA
NA
NA
NA
NA
NA
-0.62628
0.73251
-0.21463
-0.26675
1.22734
NA
NA
NA
NA
NA
NA
5.00379
-0.58044
NA
-0.7018
NA
1.76537
1.4539
-0.4478
NA
-0.93837
0.9322
5.7104
-3.4112
-3.87701
-1.50489
0.78901
-0.39432
-2.28295
-0.5861
-2.8335
1.9262
-2.7579
-5.1996
2.3003
3.02115
-1.88352
0.83502
2.1929
-1.06502
4.56606
1.39301
-0.03858
0.582137
-1.1898
2.56777
0.49
-0.781
1.23847
-2.00199
0.17052
-0.25931
0.2343
-1.3756
1.11086
0.9599
0.16681
1.40277
1.2268
-1.93163
-3.1672
1.9311
0.12909
-0.06702
1.1016
1.3575
-0.72351
-3.5141
-1.75049
0.04
-1.3149
0.20059
0.99274
0.41909
13.50288
-0.99452
-1.16
-1.0733
-4.42975
1.37055
1.5649
-0.5069
-0.554
-1.50883
2.2549
-0.377
NA
NA
NA
2.35
0.619
-1.21
-0.275
0.232
1.04
-0.363
-0.0652
0.0359
-1.97134
-0.8999
-0.72317
-1.697
0.13345
-1.55764
-2.6236
1.17601
1.14978
-0.2966
-2.911
2.74939
0.23814
0.4206
5.26551
2.89872
-0.40012
-0.24557
-1.42594
0.53523
-1.67576
-4.07154
0.614
0.331
0.998
-4.798
-4.4
2.12535
1.21821
1.40096
7.27061
-0.20332
1.37741
-1.2863
4.71763
-1.36989
-7.67916
-6.5042
-0.35009
4.1522
-0.6418
-1.83542
0.0383
2.6156
0.03581
-0.52464
-0.8959
-2.62168
-4.15205
1.0121
-1.4751
-1.5371
-2.8949
-2.3894
-0.331
0.5214
-1.62735
4.18702
0.62695
1.21881
-1.2002
1.47247
3.88
NA
0.083043
-1.0597
-0.24269
NA
1.00403
-0.38993
NA
12.65285
-0.0601
-0.61686
2.74914
1.72
-9.12011
0.41283
1.3436
-1.110617
-1.12379
-0.33761
1.14929
1.09313
0.3699
-0.677
3.55351
0.137
-1.5613
-1.912737
-1.9555
-1.59871
1.96832
1.69
0.8374
0.387
1.20607
0.32711
4.34772
0.56332
-0.89602
0.58352
1.65212
-1.31301
2.67767
1.65095
1.1119
-0.575
0.6726
-1.82975
-0.75353
-0.52192
7.73899
-2.5609
-1.62785
3.43305
2.47089
-1.6753
-3.4886
-1.14363
-1.5017
-0.2363
0.92062
4.941
-4.08035
1.6613
-0.98651
-8.57656
NA
-0.95056
-1.1727
-2.5039
-0.889
0.05297
-0.05386
4.89899
0.2427
2.53282
0.2126
-0.2672
0.54236
0.63494
3.8046
0.751
0.793
2.7819
0.5066
2.1902
-1.5367
-3.211195
-1.12868
-1.5052
-1.513706
1.84227
0.87873
1.77518
-0.466
-0.65293
-0.08991
0.55854
-3.1168
-0.42509
-2.35
1.52381
NA
1.0778
-0.89933
NA
0.4345
0.36275
1.42722
1.16
0.583
-0.72778
NA
NA
-0.3923
-4.86689
0.505
-0.60249
-0.14509
-0.97967
NA
-0.8953
-2.40079
4.15
-1.11
-1.0037
0.83979
-2.23
-3.8582
-1.24
2.35
1.65499
1.6358
-3.94046
1.8389
-3.68115
-0.27937
-0.2967
2.63745
0.836
-3.48166
-1.9893
-0.6594
-5.54869
-1.8394
0.94061
-1.51275
1.6045
0.13047
-1.47494
1.23979
-2.65815
0.71282
-2.0995
NA
0.546
-4.11876
-5.53352
-0.74927
0.59502
0.1321
1.37952
-0.17185
-0.487
-5.74515
-0.6495
1.56526
1.33
0.1662
1.5293
0.572
0.372
NA
1.22
2.48759
0.73019
-3.88444
1.64591
1.9228
2.21546
-1.0136
-4.86642
-0.0392
2.5539
-0.33042
-1.3321
-0.30442
-3.22
0.86522
-1.48719
NA
0.35362
-2.13375
0.31866
1.927819
-0.10824
-0.9463
0.69688
NA
-0.82053
-1.03759
-0.632605
1.5946
-0.43824
1.92
-1.32157
-0.764
-1.5931
0.9994
0.889
0.07325
-2.03459
-0.42105
3.09474
1.46609
0.403
-0.8399
-0.88329
-0.00135
-2.80778
-1.39626
0.118101
0.376783
0.84497
-0.4499
0.676
-1.65
-0.94274
0.86099
-1.36121
-0.48424
-1.13914
3.2773
-4.68673
1.2435
0.7237
2.2282
1.7543
4.19
-1.59
-0.5356
-1.64971
2.2359
-0.66688
3.30098
-0.06343
-0.53931
0.20713
1.25956
-0.517
0.53147
-3.34745
-1.08699
-0.30369
1.09
0.131
1.07
-1.1347
0.5773
-1.68
-2.20987
0.530945
-0.38071
-1.3799
0.5643
0.64786
1.4085
-2.740183
-0.025401
2.22651
0.43848
0.4011
-0.9477
-1.32
0.85721
1.46
-0.52258
0.50672
0.52334
-1.09059
-4.1908
0.13549
-3.53921
NA
-1.33528
-0.84423
-0.5572
0.721506
0.36842
-1.37035
-1
-1.11
-0.34248
-6.24848
-1.48699
NA
0.07158
-1.0783
0.86961
-1.30218
2.12437
1.027517
-0.27286
1.57417
-3.89853
0.10747
3.75251
3.6079
-0.119
-1.23851
-1.18675
1.27
-2.3391
-0.158
-0.838336
2.50191
NA
0.45752
1.0048
-0.0856
1.29
1.38243
1.01721
2.40338
NA
1.23795
-0.95483
-1.9725
NA
4.6858
-0.9097
0.52583
3.02961
0.68941
-4.56609
-1.70869
-0.33514
-5.83218
0.7866
-0.9876
0.38927
-1.22628
-1.19132
-1.6993
0.75343
3.23069
-2.12041
0.50647
1.73501
3.71614
-1.47652
0.0533
0.21065
-1.663
NA
0.53858
2.04114
-2.903
-2.0232
-0.20114
NA
1.45139
1.01886
-2.62558
0.92198
-0.49862
NA
-1.4615
-0.7795
0.75354
-2.14563
-0.27779
-2.07696
2.07
0.75286
1.24
-0.24912
-4.36
1.02158
2.58576
-1.0736
3.64005
0.356825
-1.79894
0.00684
-2.86742
-1.12
-0.12526
-2.3674
-1.16584
-0.77343
2.5338
1.2
-0.59403
-0.79657
0.47488
-1.3756
-1.33676
3.42
-0.14896
1.6492
-2.467
-0.324
-4.33223
0.68786
-1.29
NA
1.21
0.3266
-0.207157
-0.93814
1.76165
-1.2372
1.4678
NA
-4.49689
2.5957
0.64897
0.16816
-12.43742
-4.30229
2.17603
1.3734
-1.45
-4.36207
0.9453
-1.42115
1.8494
1.89429
5.31
2.53461
-0.2018
-0.65969
0.43121
3.15367
-0.09015
NA
-0.1152
-1.70929
-0.80911
2.68796
-1.4691
0.62356
0.97869
1.96716
0.03138
0.537
-0.49206
0.7934
0.54585
1.41
0.71
0.5087
1.5494
2.19504
0.444326
3.01988
1.02149
1.70926
-0.815
1.8736
0.79477
0.305
0.89861
-0.81089
1.09172
1.4008
1.53786
-0.14704
-0.642
0.2437
-0.172
0.14975
-3.10284
-1.24962
0.636
-1.1456
-1.2049
-0.23105
0.36621
1.78537
NA
-1.23
0.82417
0.49575
-0.059
-5.46163
0.18898
NA
-0.1809
0.991
-1.03643
-0.35856
2.0065
-0.54166
NA
2.10256
-0.45236
1.12448
1.787768
-0.09426
-3.11051
1.6824
-3.717
-1.6725
-0.80364
-1.79934
0.402
NA
-0.8846
-1.125151
0.4015
0.91193
-1.07519
0.751
1.22718
1.85197
0.427
-1.58
3.0483
NA
0.5209
0.62609
0.675
0.9794
NA
-2.148911
0.7484
0.56366
-0.22911
1.37435
-1.33
1.08616
7.21
1.71222
-1.15977
0.36522
NA
-1.40467
4.49948
0.76359
1.40794
-1.41
-0.821
0.53779
-1.25
-0.355
2.78994
0.55675
-3.13452
-0.23592
-1.0632
-0.2157
0.53855
-0.15707
1.32
-0.736
-1.46374
-0.652
-1.2293
0.0308
0.25863
0.611
0.7645
NA
3.4
-0.23594
0.65705
2.24716
0.09214
-1.60352
0.353
0.97683
0.26196
-2.00441
1.68581
-3.69836
-0.8229
-0.92942
3.80582
2.27191
3.105974
-0.718199
-0.85332
-0.92032
-0.61984
1.0234
0.2533
4.72028
0.3434
-0.65116
NA
-0.93008
-2.063
3.21911
-0.14677
1.50586
0.4053
-3.71246
-1.44012
2.00795
-0.53548
-2.63792
0.61062
-3.32714
-0.018
2.1573
2.38166
-0.9432
0.2193
-0.89034
8.86
1.77
2.54246
-0.6365
-0.12831
0.17981
0.34296
0.29592
9.9517
-3.03489
-0.78288
-0.70339
2.6
-0.52906
1.43968
-2.2055
-0.55739
0.16831
-1.1121
0.14486
2.56259
3.04602
-1.60025
-3.36159
-4.67
0.40483
0.83381
-0.6863
1.02555
-2.4708
0.4691
0.02992
1.01825
-0.1864
-0.99669
1.23785
-0.05954
0.92821
-2.1426
-2.4565
2.24796
0.1267
0.46086
0.64169
-0.69441
2.50804
0.89824
0.1477
-0.17407
1.78812
-0.47125
-2.1331
-3.34
1.7
0.68352
0.6152
-2.41036
1.8253
0.7932
1.04
0.5591
-1.01538
3.05613
0.39304
4.25
NA
-0.672
1.54003
-1.72677
1.0272
2.8605
-3.38043
-0.2567
2.2283
2.33927
-0.13195
1.05674
-1.2062
1.0111
0.87004
2.10727
1.01997
0.3482
1.01838
1.0565
0.45229
1.6415
-3.67125
2.27228
1.50449
-0.92558
0.39556
-0.8699
0.23308
1.56907
1.1031
0.57538
-5.86814
1.63
NA
-0.283
0.154
1.9226
-0.974
3.3588
1.81013
0.09005
0.99887
-3.4297
-1.69869
-4.90276
0.91027
-1.6025
1.45114
1.81
-0.1448
-2.30233
0.46745
-0.6878
0.54413
0.727093
-2.5585
-2.3981
-1.29151
-3.77411
NA
6.49883
1.05665
-3.69194
-6.86097
-0.6812
1.1206
NA
0.39724
4.687
0.3327
NA
0.98676
3.73204
-0.68521
1.51897
-1.78048
-0.85129
-0.85513
2.01609
-0.7541
0.3488
-5.71109
-0.37397
-0.7487
0.3116
-1.62008
1.70134
NA
-1.0231
2.03219
0.391
NA
-0.38301
1.4543
0.45065
-0.105
-0.4493
-0.13009
0.51
-1.1251
-0.683
0.94151
-0.12451
0.035
-0.33907
-0.0843
-2.53102
0.326
-2.21889
-0.96058
0.94012
-1.2402
0.993
1.46019
3.67431
1.69169
1.204
-1.87
-2.16
0.41255
-3.41
-1.213807
1.7151
-0.19051
1.17
1.51377
-0.68029
2.479
0.24595
0.1618
0.1372
0.0475
0.87154
-5.7059
-0.985
-1.60151
-1.42568
0.7455
0.959
2.5568
3.07633
-2.75423
-0.21581
-0.7864
-0.392408
4.7084
0.27
-0.4014
4.90169
-1.5588
0.87829
0.5496
0.08264
-0.09488
1.59132
-2.01652
-2.42584
0.1578
-0.37544
1.3236
0.52631
0.55962
NA
1.277
4.61778
NA
0.43512
-0.50165
-0.35463
1.36398
1.369
-2.5541
NA
-4.31
-0.9864
1.3188
-1.24
-0.1312
0.2092
-1.1794
-0.1569
1.27366
-0.79432
-3.7062
0.54037
-0.40856
-0.4565
0.9776
2.61538
-0.16058
0.6984
0.01469
-2.51002
0.80378
-1.0955
-1.33159
-5.6528
-3.65593
-0.04378
4.32393
-0.34294
0.230951
-0.36984
-0.297
-0.39908
1.12708
-0.0807
-0.1222
0.7102
-0.3142
-6.31
-0.108
-0.76562
NA
1.11094
1.7518
-2.8401
-10.1
-0.96814
0.0759
-4.48925
0.72025
-0.116
-1.34773
-0.9879
-0.0697
0.58328
2.40485
4.67684
-2.16
2.24842
2.18753
3.85636
-1.34983
0.5001
0.298
NA
-0.189
-0.83741
0.0162
-3.47622
0.779
2.2541
2.43648
0.04866
-1.55688
1.79582
-1.23686
-0.468
0.02377
-1.48889
0.00786
-1.02607
0.897
-0.78843
-0.4107
1.07661
0.2854
-1.31533
-4.07315
-1.0373
0.53758
0.07624
1.37599
-0.53404
NA
0.91147
1.49771
1.63
-1.22
-3.66471
-3.90355
NA
-1.67
1.71558
-0.00272
2.82
0.616
-1.07266
1.8873
1.5131
-0.0648
4.205
-2.8801
0.6024
0.9261
1.91465
-0.869
0.229
-1.1
0.45821
-0.4597
-1.3768
7.7008
-0.88913
-0.54758
2.41315
-2.32426
1.5411
0.40008
1.2
-7.46
-2.37405
-1.98405
-0.19316
-1.53447
1.8288
8.103
1.3578
0.08087
-2.1149
-0.81682
-1.41176
-3.4859
-0.699
-2.17793
-2.2581
1.37931
3.03565
1.6154
3.55
1.11072
-0.85839
0.0669
-0.344
-0.972
1.13
-0.7106
-0.95146
2.82
-0.450129
0.458
1.80097
-2.30263
0.0569
-1.12911
-0.77004
-2.0023
0.7634
NA
0.99
0.6237
-0.29994
1.10799
0.37664
-0.15012
-0.55102
0.521727
0.292
-1.41
NA
-0.37222
0.1959
0.0613
0.604
-0.6141
-0.99312
-2.1613
0.23972
-4.6
-0.826
0.10858
1.08595
-1.0923
0.11527
-0.08365
4.31617
1.6935
0.539
-2.20971
NA
0.403
-1.5226
8.09555
1.37222
-0.3998
-0.93688
0.11552
0.2221
3.9699
3.4906
-4.7317
2.7319
-2.17128
0.43603
0.96254
1.53576
-7.41445
1.1103
-0.15168
-1.2475
-0.3809
5.1855
0.9203
3.0242
-0.563
0.2126
0.2702
-0.30438
-1.07257
2.7771
-3.5537
0.90698
0.1803
0.301
1.61
-0.61306
1.47378
0.7399
-0.21359
-0.712461
0.76339
0.96347
-0.22364
2.6192
2.86107
-0.4353
0.1262
-1.4596
-2.01574
-0.86177
-1.6862
0.7272
-0.11894
1.3681
-0.9962
-1.1117
0.0747
0.08041
-0.5331
-0.9467
2.2215
0.4427
-0.1098
0.0524
5.7165
-0.3242
-3.80909
2.9096
-4.3403
3.2536
1.9308
-2.80765
-2.8955
-2.485
-1.75
-0.1329
-3.1242
-0.9225
-0.7729
-0.6156
-0.73701
-0.2372
0.1382
0.4405
0.4431
1.7189
1.1884
-0.095
0.8746
1.0913
1.66
-2.5935
3.8757
-0.3334
1.9125
1.1373
-1.39923
1.7262
-0.3453
-0.2578
-2.1706
0.6117
0.6157
1.6261
-2.706
-3.8883
0.2672
0.7912
0.4262
1.92662
-0.988
-0.858
-1.0803
0.7217
-1.28
0.7942
0.874
-1.8108
0.2128
1.6874
-0.1829
4.5061
0.2891
-1.7712
4.39
-2.0369
1.5107
-0.9129
0.4003
-0.4222
2.8023
1.1943
-1.4294
-0.9738
0.2529
0.3948
-1.2143
-4.26965
-3.0341
0.4341
-0.3756
0.5565
-0.9473
-1.8533
-0.4851
0.52351
1.0086
-1.0843
-2.5136
-1.02846
-0.52609
1.5283
0.8203
1.5443
-3.6803
0.3116
0.3104
1.4491
-4.0474
-4.70779
1.38446
-0.3696
-0.6829
-0.9083
NA
-0.10778
-1.0231
-0.1356
1.91119
1.0222
-0.9452
7.66455
-0.9914
-2.59
3.6515
0.9451
-2.92254
2.4782
1.0849
-0.14174
0.8827
1.2834
NA
-0.7229
-1.8609
1.44
3.9393
1.25288
-1.4693
-0.7654
0.31354
-1.7641
1.7001
0.2973
0.0248
-0.93836
0.78138
2.0536
-0.1693
0.2211
1.0094
0.1246
6.197
1.4702
-1.7214
3.35952
0.5954
3.8818
1.2047
-1.68788
-0.37795
-2.8007
-0.5106
-0.7585
1.8859
-0.0395
3.5302
-0.5668
-1.0889
-0.2377
-1.5523
-0.4651
0.6576
-2.19066
0.08476
0.1459
2.0953
1.4048
0.294
0.6508
-4.25
-2.0412
-0.7948
0.0296
-2.3511
-5.0938
-0.9922
3.4486
3.0201
1.4196
0.82599
-0.2377
-0.6872
-0.169
0.60505
-1.6512
-1.0697
-2.0639
-0.6285
0.9931
-0.792
2.3647
-3.7625
-1.7533
-3.7232
-0.8744
1.4112
-1.0742
2.6059
-2.2271
2.68619
0.9356
3.2449
0.3692
-1.2795
0.4538
1.39114
-0.4586
4.89619
-1.48844
2.33277
1.99692
1.1605
1.2034
0.7779
-1.4295
-2.1415
1.4533
2.78772
-0.48772
0.04916
-1.96366
1.71027
3.39326
3.74729
-0.30357
0.91764
0.0666
-2.69423
1.02028
-7.163
0.4739
0.85636
3.4928
1.40289
1.56756
-1.25047
0.00689
2.7319
-0.88512
2.39039
-1.79772
0.51531
-0.877
-2.0587
0.9018
0.9361
-1.8261
-0.27213
-0.54313
-0.14128
0.50307
0.7623
-0.41388
-1.65911
-2.374
-0.45261
0.0697
-0.62795
-1.129
-1.19
-1.9805
1.05041
-1.9719
2.7404
-0.14488
1.45621
0.8619
-0.37072
0.3758
-4.00221
-1.04113
2.1069
0.75191
-0.2932
-0.60183
-0.69839
1.1911
-0.77321
4.9594
2.50741
2.21876
0.58167
-0.9437
-0.0681
-0.92855
-0.6945
-0.9908
0.13269
0.19313
1.72804
-1.0192
-0.2851
-0.98512
-1.28067
0.681
1.3582
-3.5063
1.76931
-1.5137
-0.2895
-1.84513
0.09099
0.82908
-1.81
-2.2405
4.46607
0.86478
-2.1715
-1.5242
0.09666
0.34447
0.72348
-1.10679
1.15666
-1.45191
1.2948
2.2157
0.97429
-1.9873
2.2709
-0.1684
0.80064
-2.01412
1.88262
-1.9764
0.83042
0.09869
-0.246
-0.07607
1.0677
-0.0022
1.7887
1.03447
-2.28963
-2.9395
0.76817
0.53458
-0.0799
3.89694
1.4388
-0.5222
3.93238
0.433
1.0293
1.4451
1.04714
0.6315
1.0182
-2.0174
1.3095
-3.0333
1.5367
-1.0018
-1.9774
-0.964
-0.7598
0.2944
1.5502
-0.29636
-3.279
-1.4145
-3.2859
-1.2005
-0.9445
-3.47407
-0.2276
-0.7856
3.29703
0.555
-2.3904
2.5027
-0.1653
-1.925
-2.5447
-1.0515
-1.6091
-0.9389
-1.9434
-3.0481
-1.4906
-0.1828
-2.9294
0.3357
-1.49203
-0.2472
0.4193
-1.465
0.96103
-1.6508
-1.2456
-1.445
-1.0689
-0.8278
-8.96869
0.1752
-2.8381
-2.6477
0.2876
-1.0901
-0.3032
-0.0509
-0.8688
-0.9104
-2.314
1.7316
-0.6956
0.4182
0.1134
-0.9459
-0.3698
-0.2807
0.719
-1.5655
0.3774
2.2658
-7.0658
0.5867
-1.6092
1.44
-0.1842
-0.7964
-0.1197
-5.5051
-1.30835
0.04761
-1.05003
-2.31457
1.72038
3.48225
0.363
0.3627
-1.4819
-1.9512
-1.5731
0.37462
0.84676
0.99289
-1.40871
-0.2257
-0.0249
-1.9129
0.0778
-1.65334
0.635725
3.71939
-1.05207
-5.29651
-0.85094
-1.44147
0.85285
-0.7232
-3.19096
-0.76825
1.1672
-0.7784
2.89814
1.12129
-0.11834
-0.19915
-0.012
-1.22734
2.62303
-2.73
1.7062
2.19261
0.4181
-0.07117
-2.1629
-1.4967
1.0329
-0.449
-0.7543
-1.65694
0.88708
1.67608
-0.66977
-0.5438
-4.48
-0.56482
-0.08421
0.6303
-0.24065
-0.31721
1.0225
0.29646
4.9448
-0.4043
-0.84548
0.02781
2.1
3.66612
0.3162
0.54868
-1.3515
0.09483
1.09342
0.6534
-0.77504
-0.2316
1.93
-0.81577
0.3262
1.85858
-5.8487
-0.07494
4.6584
-2.18861
0.1105
0.8371
-2.3985
-0.7421
-0.6754
-1.93742
-0.82285
1.4101
4.19402
-3.85736
0.97299
-1.08627
1.49579
0.36625
-0.88075
0.709
-1.94528
-1.11828
1.8754
4.52108
-2.6753
-1.9746
2.80866
1.73426
-2.12978
1.7845
1.75059
-2.0113
2.0102
-0.81445
1.53058
0.807
-1.47889
1.2012
0.54851
1.582
0.76828
-0.7343
1.3806
0.35763
1.77056
-2.82578
2.86053
-1.50418
-0.51426
0.51021
-8.7005
0.12951
2.8779
0.499
2.39451
1.91365
1.649
2.08508
-1.5143
9.38238
0.49905
2.02203
-1.0651
2.8534
1.09
-0.9899
-3.3108
0.76402
-1.03821
-2.1525
2.064
0.9959
-1.84741
0.6421
-2.04273
-0.4252
-3.1915
-0.90304
1.57043
-2.83
-0.9477
-0.5194
1.6109
1.0119
1.67068
-0.29545
0.90437
4.30986
-1.55308
4.0274
-0.98448
-2.15771
-0.3599
-0.77479
-0.90953
-0.06361
-1.79924
-0.46373
0.6733
0.852
2.9989
1.4544
-2.41285
1.01621
0.52988
7.82411
-0.6139
7.8241
0.17638
0.67506
1.44323
-0.09407
2.75841
0.2605
1.64283
1.46876
0.00792
2.0597
-4.36744
-1.8089
-1.7749
-1.25301
-2.6977
0.92327
-4.2244
1.36147
-1.21102
-1.44968
-0.97589
1.97021
NA
0.91342
2.82268
1.55875
0.424
-1.36261
0.00988
0.07566
1.17142
0.2839
2.55877
1.02889
0.88358
-2.63545
-1.71636
-1.3424
0.71366
0.15153
5.0693
-0.80518
2.70654
0.10662
-0.49889
1.6771
1.36017
-2.7445
-0.56949
2.8341
-0.27328
-2.15129
-1.15452
-0.77635
0.77384
-0.80626
1.0847
-2.77405
-0.71875
1.71576
-0.95326
-1.5899
-9.17205
0.2865
0.6835
-1.26023
2.49111
0.84568
0.70942
0.8474
-1.58637
-1.06406
-2.9145
2.78014
-10.38329
1.2344
-0.95487
-1.31622
3.5816
-2.032
-4.0292
-1.76674
-0.12217
-1.48421
2.64548
1.10059
11.80323
-0.99628
0.5064
-0.58456
2.2686
0.5712
-1.73684
1.5751
1.77202
2.6735
0.60755
-2.56625
7.77144
NA
-1.67785
-1.30718
1.69195
0.2865
1.91491
3.2014
1.6488
2.7586
-1.1407
0.47415
-1.52563
-0.25571
0.3223
2.91466
-15.10586
-0.40292
0.18567
-3.25091
-0.92775
-0.20815
0.25284
1.05902
1.3065
-0.51155
1.59339
0.53631
0.99441
0.23894
-0.1946
2.36273
1.2408
-1.3213
-3.12179
5.5006
0.33262
-0.1736
-0.94317
0.0098
0.5299
-1.11396
4.08291
1.77995
-0.76788
-0.9813
2.44652
-0.5655
-2.4642
-2.59565
3.12318
1.97524
2.15066
1.01866
4.03157
-1.31917
-0.0994
-0.22742
-0.97399
-0.75636
7.68849
-1.46244
-0.4573
-6.63396
1.22428
-1.0621
0.69752
1.41118
-2.157
2.63413
-1.3161
-0.60129
-0.9777
-13.02517
-0.79065
-1.15623
0.06104
1.3031
3.12204
0.7614
1.59235
0.52954
-1.07301
1.83385
-0.10791
-1.81018
1.10425
-3.35571
5.05874
-2.53301
-2.19127
-0.17036
-6.05592
-1.5613
-3.11242
-1.88695
-0.84071
1.74391
0.4187
1.92831
2.54201
-2.52843
-0.24
-3.00266
1.32841
2.27395
-3.61038
1.76571
-4.31
-1.27232
-0.6271
-4.0857
-0.3829
0.82739
1.92781
-3.2297
-1.2325
-1.51777
-0.09075
-1.5524
0.6335
-0.99018
0.98535
-0.4098
0.52128
0.87
4.22287
-1.4038
0.1031
-0.7638
-0.46719
-1.05106
1.2673
-3.6895
-11.5892
-0.574
-0.76852
-1.5137
2.30821
-0.0108
-0.32755
-2.2502
-0.59785
0.6629
-0.2584
-0.1572
-1.81735
-1.1715
1.03822
0.3185
-1.3097
0.5024
0.4727
0.9672
-1.96
1.098
-0.08594
1.8151
-0.715
1.85857
-0.03519
-3.22941
-0.3218
-0.03892
-1.43
-1.4842
NA
-2.00606
0.44747
5.25133
-0.5563
-2.3365
-0.39
0.0532
0.1646
2.2201
0.5638
-0.4882
-6.64255
2.59
-2.63839
-2.62931
0.27985
1.76924
-2.6054
-2.90899
-2.0971
-1.26823
3.51336
-0.4616
-1.34108
-0.22349
-0.0515
-1.30234
-0.24829
-0.10977
0.544
2.41124
0.10575
0.7468
-5.14446
1.1844
2.319811
-2.6127
-0.56198
0.59969
-1.07606
0.637
0.5468
-2.02
NA
-0.797
-0.541
-1.2628
1.7288
-0.6426
-1.67372
2.7031
0.6853
-0.2299
-2.51
-2.212
-2.96
0.35013
-1.9038
-0.5567
-1.67
-0.5
-0.247
1.3682
-1.28
0.478
-0.2383
-0.5795
-0.36058
1.0248
3.0916
-1.66
2.8279
-2.42636
0.8174
0.406
-2.41
-4.1353
-2.4333
0.9592
0.79309
-0.2204
-1.17103
-0.4133
2.54194
-1.52
2.3939
-1.04159
-3.1
0.69721
NA
-0.3395
-1.6
-2.529274
-0.3798
-0.746
0.715
4.53
0.9315
-0.0255
NA
-1.13517
-1.6173
-0.8894
2.1487
2.26
0.179
-3.49635
-1.08349
0.073
-0.4073
0.374
1.6026
0.3456
-1.6413
-0.89333
NA
3.1
-1.20146
2.76121
NA
-1.1193
-1.25405
1.14
-1.26
-1.12
1.47
2.06837
-3.00991
-1.27916
-1.51175
2.0932
-0.6327
-1.4097
2.82711
0.86076
-4.07696
1.1179
-1.43178
0.939
-1.71417
-4.6077
-0.76086
1.90472
0.173
-0.747
0.2673
1.15314
-0.74869
-0.06655
-2.40713
-0.0908
-0.9898
1.85663
0.37083
-1.56648
NA
1.65389
0.72903
2.95632
0.969
-0.79736
1.5
-0.94316
-1.55
5.272
-0.9283
-0.9463
-0.2816
-0.16781
-0.0252
0.0414
-2.37561
-0.88235
4.27411
-0.1658
2.05
1.42387
-0.61737
-0.6863
1.12876
0.229
-0.90352
-1.16199
1.39083
1.49
2.5046
-0.7926
-2.67226
-2.40877
3.23
1.04317
0.98197
-0.42747
0.01096
-0.79097
1.8858
1.00993
-0.00845
-0.35333
-0.92592
1.56281
-4.44598
0.99956
3.80156
5.22771
-1.63
0.77932
5.01
0.36788
NA
4.94464
1.51429
-1.1
-1.1597
0.0126
0.7232
-1.1175
1.6
-0.3228
-0.64419
1.45063
-1.6677
-1.44169
0.9529
-1.0776
-0.94113
-6.55
11.5111
-0.93743
-0.6633
4.56
0.63041
1.46325
NA
1.2719
1.2327
-4.035507
-2.27793
7.5823
2.54018
-0.39085
1.8082
-1.72999
-1.03076
3.43585
-3.6089
0.9287
1.59151
-2.84358
-0.08398
-2.45675
1.6351
0.533
0.2556
2.5173
-0.09473
-0.88675
-3.54803
3.06132
-1.1496
0.4656
1.36559
1.28989
0.0388
0.15282
-2.78576
1.689
-1.2288
0.08934
0.3941
-0.69227
-1.26656
0.52036
-5.86214
-1.11507
0.87402
1.0322
-0.406701
-0.29702
NA
0.37823
-0.6137
5.9723
-0.59951
-1.68826
-0.3106
-4.11234
1.24182
-0.22407
-0.875
0.1852
-1.14441
-0.27143
1.47632
-1.04218
4.71823
4.58237
-0.541555
0.77155
-2.2411
-4.297822
-2.27017
-0.5502
2.13944
-0.74257
2.63937
-0.8476
-7.32717
2.709
0.042495
1.55601
-1.25324
3.88195
1.64452
0.1735
1.7517
2.091743
-1.7889
-0.261
2.422
-0.2464
-1.58766
0.6724
-0.92441
0.64488
0.06829
-0.62894
0.1679
-2.5318
-1.375106
0.65732
-1.07172
-0.49556
1.0509
-0.12072
0.64983
2.10644
0.65582
-1.36154
-1.6757
0.7143
1.29394
0.4822
-2.063
-2.38053
0.9369
1.98913
1.00425
0.98716
1.72071
2.76523
-0.65254
-0.0136
0.22256
-1.15985
-0.8286
-0.75378
1.3452
0.8083
-0.86737
-0.60226
-0.17975
-0.08387
-0.804
1.38703
2.7171
0.3845
1.296281
NA
-0.89578
1.06013
0.9389
2.6853
-0.06971
2.3675
-2.41092
1.2962
0.6639
0.1129
3.29819
1.88824
-0.3839
-0.1788
0.68493
1.28424
5.2621
-2.3895
0.18854
0.7119
-1.15723
1.06698
-0.87683
-0.52781
0.37151
-0.10547
-0.05414
-2.76117
-8.21421
1.13066
-0.01602
0.29713
-10.5644
0.47081
0.715
2.28552
-0.52937
-2.0478
0.22342
0.3128
-2.7236
1.11933
0.019554
NA
3.1931
0.70081
-2.4833
8.7026
3.01
-0.33852
1.91122
-1.49949
0.6298
0.8736
-1.743
1.57609
0.2707
-1.69668
1.56
1.54977
1.05273
-1.6633
0.9357
0.26354
0.41158
-1.4495
-0.5492
-1.52153
0.63085
0.562
2.80287
0.93146
-7.55705
0.25061
-0.24408
-1.03216
-0.261533
-0.7814
0.34685
1.7543
1.86775
1.85704
1.12186
0.6445
-0.82694
0.27476
-1.67715
0.37604
1.95974
-1.2882
-0.82736
0.34699
-0.9053
4.70112
-2.5281
-3.80327
1.00059
8.55
-0.7025
-1.66056
0.7774
-2.97929
0.0335
-1.4054
0.05845
-1.04158
2.30392
-0.7428
-0.47749
-1.9964
-1.3387
2.18344
0.065
-0.475
0.46108
-0.71879
-0.42865
-1.0228
-1.15613
1.57659
1.3453
0.6348
0.3248
-0.54295
-0.67781
1.42045
-2.27456
-2.5711
-0.2202
5.10548
-2.68882
3.1765
0.95558
-0.29217
NA
0.63519
-0.12558
NA
-1.58718
-0.39986
0.38724
0.6592
-0.8736
0.418396
2.0404
0.59958
-1.44837
0.40839
-2.2547
-0.23968
-1.6861
0.60113
-2.92137
2.0949
3.43778
1.0266
3.51917
-0.9367
NA
-0.0352
-3.13666
-0.95645
-2.19
-2.48171
0.35827
-0.486
3.09509
-0.43778
-0.6307
1.1
0.4823
0.45099
1.1543
-0.92838
2.95856
-0.851
0.18553
1.08
-0.99295
0.8576
NA
-0.98878
2.6348
-0.06765
-0.03374
-0.203
1.306092
0.956
-0.92185
4.0474
-1.63353
0.9863
-2.01853
0.57834
0.4739
-4.28425
-2.1086
-2.34964
4.8634
1.38014
-0.0142
-1.0145
0.81907
-0.0748
-1.32667
-0.35963
2.426
-3.93
-1.6202
1.8396
-0.181
0.2929
5.31557
-0.86955
