6.116
4.6904
2.2689
-0.85859
-2.2335
2.419
-0.9394
3.8105
-1.3251
0.71446
0.8154
-1.33853
-1.18211
2.3043
5.93
-0.7693
-0.9507
0.41515
0.1042
0.6499
0.2624
-0.4592
-0.35774
-0.05002
-10.5828
-1.478
-0.1665
-0.07526
-1.1059
2.6046
-0.8668
0.68637
-0.5823
1.56755
-5.9657
0.7988
-5.53627
-0.64303
-1.3478
-3.4956
-1.4997
-0.8214
1.7095
0.61965
3.66825
-0.3539
-0.46748
-0.21089
-4.20067
3.0374
-0.3589
1.80932
-2.08529
-6.0194
-1.8302
1.09267
2.0674
3.2228
2.1705
-1.0238
2.7
1.5351
0.9712
-0.84188
-2.0093
3.7232
1.8727
-1.6182
-1.639
-1.3007
0.94503
-0.1897
-4.5704
2.417
3.2447
-0.33983
NA
4.2585
0.1538
1.88959
1.5
-3.89141
2.13993
0.7559
-5.14425
-5.58413
5.08958
-1.3508
0.04885
1.7064
1.20358
4.7945
0.06202
9.0098
1.8091
-0.228
-0.64566
1.65941
0.55189
-0.24007
-0.41907
0.38575
-0.8343
0.30519
0.55691
-0.2597
1.06438
2.4217
3.06153
3.1098
-2.7163
1.1458
-0.171
-3.474
3.91138
-7.47122
-0.3567
-7.16174
2.6475
0.86944
NA
-1.2879
0.00481
-0.05673
-0.1605
-0.23998
2.1304
3.0176
NA
4.4749
-0.84733
-1.34611
-0.6012
-3.0332
-0.6076
1.5267
0.293
1.2809
-0.40481
4.1415
-0.48966
0.9243
-0.9583
1.3592
-1.9717
-0.79275
-1.3081
0.2522
-0.2739
-0.84404
0.12335
-0.6085
-1.11178
-0.873
0.98748
0.09969
-0.5847
2.61
2.5834
-2.0479
-0.558
1.16598
2.8967
0.94224
-0.759
1.35038
-0.61053
0.4867
2.74102
0.07032
-0.7683
-1.2525
-0.5326
-1.9244
1.2884
-1.77679
-2.3579
3.602
-1.84526
-2.6098
0.16479
-0.90554
-1.1775
-1.55
0.1939
-0.9987
20.4559
0.61284
-4.499
-0.5053
-1.67953
-1.3924
0.5785
1.8551
2.0217
-4.9903
-0.499
0.9038
-1.44352
1.3633
-0.0057
-0.8462
0.7183
-1.251
3.0193
-1.74
0.0108
3.0118
-0.317
-0.945
0.2545
1.88883
0.64231
-0.0743
3.9817
0.9806
0.1683
-1.0912
1.076
-3.92269
-3.9421
-0.70243
-4.4973
-3.9007
-2.43269
-4.8259
-4.9622
1.35117
-1.4649
6.7696
1.212
2.78105
-0.7115
0.0772
-1.1796
-0.4957
3.41039
-0.00562
0.0971
-5.4979
-3.05722
0.26179
-0.22185
-2.4893
4.74007
-0.0462
-2.854
-3.7405
0.0889
-0.64885
3.3789
-4.0798
-5.96
-6.3235
2.5042
1.3245
0.64162
NA
-0.978
0.0448
-0.2488
2.0697
0.40055
1.0489
-22.9814
3.0392
0.8551
-1.167
0.25759
-7.95927
-4.50161
0.80492
-0.2037
1.57615
-3.0203
0.206
-2.22
-2.44103
1.4355
-1.04616
1.04631
4.25361
0.42287
1.24083
0.168
-0.9392
-0.1726
-0.95855
2.21
0.8423
2.44143
0.2881
0.494
1.54078
2.1162
0.5428
3.605
0.1772
-0.14325
-0.9997
-2.1171
0.9092
-1.27249
0.7825
-0.0135
-1.14906
0.50389
-1.5224
1.04
-8.71035
1.5719
-1.01
-2.21577
0.32245
-1.28705
2.39901
-2.76942
-1.08
-1.12844
0.29489
0.65615
-4.2741
1.5885
-1.71
0.85
0.65302
5.5957
0.13922
-1.30504
-0.0309
-1.0396
1.9965
-1.4063
0.66
-1.8234
-3.7306
-0.803
-3.985
-1.37225
4.58307
4.7269
1.0409
0.93998
1.4308
-0.716
3.6442
-1.02666
1.60751
2.9073
-4.74
-2.11675
2.45116
0.4049
0.51541
3.1734
-0.365
-7.8772
-1.17974
0.64611
-0.8302
-0.9626
-2.41691
-0.206
-3.0572
-0.29352
-0.4267
-0.9055
0.4043
1.8866
0.3297
-3.16071
-0.8998
-0.66181
-2.40782
-2.2587
0.7492
0.5934
2.2024
-1.2293
1.1471
-0.767
0.1283
1.7932
-1.3396
8.92218
NA
1.6083
0.26071
-2.53
0.905
-3.2483
-1.0643
1.0478
-1.8582
-0.333
-0.36911
-1.7421
-2.8323
-0.6615
0.964
-1.89109
-1.68091
4.52
-2.89
0.061
1.04774
0.058
-0.36744
-2.0919
-0.7762
-3.88869
-1.61895
2.8685
-0.6969
1.47
1.9055
-0.8171
1.2877
-2.2463
-0.72326
-1.45888
-3.17847
0.4094
0.2442
0.9074
2.1668
0.7513
-2.3781
1.0314
-1.3933
1.4748
-0.4312
2.6833
-7.2916
1.22347
1.1559
-1.1649
-2.2733
-4.1074
2.93391
2.3617
1.5124
-7.32898
-1.44992
-0.64626
-1.4933
-3.5319
-2.0795
0.73662
0.6714
5.26353
1.989
0.51142
-1.4772
-1.07976
-1.0142
-5.5957
-1.7913
-1.4635
0.3922
-2.0213
0.7846
0.5812
0.4931
-0.171
-2.6896
-4.8117
-2.142
-0.19878
0.5377
-1.6325
4.0068
1.2883
-1.7342
0.2626
-2.11
-2.3155
-2.2666
0.7434
3.1496
-4.0211
0.11804
-0.5614
-2.6892
6.7696
1.889
-0.3007
0.37102
-8.9518
-1.0577
-1.44605
0.6605
3.0405
0.7144
-2.4504
0.592
-0.267
-2.61898
0.2464
1.3299
0.51228
-3.91869
0.88185
2.06992
-1.0905
-2.5627
0.451
-1.1251
-0.061
0.3378
-2.0564
-1.9575
-2.31639
1.0892
2.34
0.0312
2.5447
0.6063
-1.5215
1.449
-0.3164
1.0307
0.0459
1.076
-3.0561
-1.2074
-1.6821
0.6135
-2.5644
0.70724
-1.6844
-6.02363
0.0735
-0.23869
-1.2116
-1.1661
0.023
0.0953
-2.3261
0.2888
2.2716
-3.53356
-3.47298
-0.6645
4.1735
1.10213
0.88744
1.83248
2.19392
1.7755
NA
1.57183
0.39061
-0.2146
-3.64038
-1.1915
-6.8863
0.0955
2.97142
1.17922
-0.7776
-1.4228
0.6276
0.3875
2.7123
1.2353
1.95536
1.3219
0.57844
0.1305
-0.89063
0.67721
-6.348
4.0749
-0.66143
6.05902
3.60429
-3.08603
-1.1388
0.3707
3.54324
-1.65186
4.77116
2.86474
1.32311
-1.105
-0.9508
-4.7401
-1.9565
1.4075
0.60978
-0.42749
-0.9879
0.88138
-0.29716
-3.1548
-0.643
-0.59304
0.2342
0.5188
1.47605
0.52032
0.50079
-1.9082
7.79753
0.34392
-1.38503
0.46158
-0.74988
-0.62691
1.1953
-1.32613
-1.9478
0.84226
1.97993
-1.615
2.83489
4.14723
2.14914
-2.77688
-1.34452
5.171
3.21241
2.9683
-15.99851
1.56433
-0.21118
1.068
4.9025
2.2959
-0.11467
-1.83738
-3.25323
-6.8505
3.23255
-1.89025
-4.31842
-1.7948
-0.8041
-0.15
-1.793
-2.1192
-1.3575
0.7709
-0.1336
1.94
1.237
-0.3812
1.0764
0.2159
0.6551
3.1108
-0.0134
9.1883
-4.3029
-1.4368
0.2632
0.62578
0.8072
-1.6297
-1.9131
-0.033
4.1867
-3.1538
-2.7032
-2.2431
-1.6808
1.4551
1.9968
0.7667
-0.3367
0.7983
-2.1517
0.6271
-1.7072
1.926
-2.8344
3.876
0.8782
2.8489
-2.1779
0.7278
-1.9442
-0.19
-1.1768
-0.3259
0.3068
-2.2111
-0.3413
2.1549
2.5064
-8.6782
-2.3012
9.5005
-2.3528
1.9707
0.206
4.4412
-1.4599
1.8463
-1.2992
-0.0704
2.3346
2.2046
0.4243
-0.362
3.3796
2.0891
0.0535
1.2978
-0.2677
-0.7583
-0.6793
0.1385
-1.6993
0.7971
-4.2319
0.4533
1.7226
-1.6816
2.295
-1.2173
0.1041
-0.4661
0.1663
1.5831
1.6761
-0.34379
-3.17392
-4.957
-0.65064
-2.04836
0.0576
-1.78338
2.28004
0.0106
0.83463
-0.40894
2.20759
-2.11348
1.03078
0.4589
3.08742
-1.9969
1.14991
0.61782
2.02874
1.58795
-4.67337
1.9962
2.6457
-0.079
-1.5961
1.11744
4.26355
0.32492
-1.53323
0.54484
0.7143
-3.0753
0.78716
0.4963
0.37946
0.71572
-0.35454
-4.99107
-0.6822
-0.7523
-7.12147
0.6128
0.6214
-2.4466
-9.6675
12.9324
-1.88436
1.5474
-1.2915
2.30668
-0.66188
-0.9975
0.44312
-1.72674
-2.0517
-0.1372
0.6814
0.1673
1.3324
3.642
8.5528
-2.1851
3.516
-1.0261
0.7283
-0.2942
1.7881
-1.9955
0.3912
4.5742
-2.1173
7.6161
0.4807
1.5108
0.627
-0.16553
1.11
1.20803
1.01216
1.3867
-1.60108
1.93932
-0.59083
-2.66915
3.1335
2.20342
0.63503
2.65892
4.09159
-2.06441
1.12978
-0.0759
-0.15482
3.7275
-0.5809
-0.88162
-1.76743
3.54598
0.0042
-1.4562
1.83902
-1.99912
-0.20699
-0.3053
-0.8039
-0.4849
2.63192
-2.90517
-3.5272
-4.61353
-6.5113
-5.37965
0.75481
-0.27824
1.7558
-0.92633
-1.5949
2.46707
1.14467
0.40273
5.79942
-1.01293
-0.5215
1.56536
1.3051
-4.65438
0.87302
-2.21044
0.7586
0.4668
-1.25838
-5.4634
-2.52612
-2.30299
-0.13454
0.11624
7.4849
-0.0493
-0.6028
-1.1389
-1.8526
-2.202
-0.4591
0.0711
0.3428
0.2505
0.5923
-1.7687
-1.8828
-0.7294
2.1233
-1.5384
0.7625
1.9724
-1.5667
0.1573
-0.4699
-0.832
-1.7783
1.3736
4.6033
-3.5427
-1.3847
1.974
-6.63
2.6731
-3.2461
0.908
-1.4478
-0.2277
0.1013
-0.4176
5.0373
0.6307
-0.7373
-1.2508
-1.4484
-0.908
-1.054
-1.59722
-1.48116
-1.24433
-5.0736
-0.44302
3.76722
1.34743
-5.52188
0.12403
3.4388
-0.58669
-1.5601
0.37703
4.14405
1.36179
-0.7452
-0.02015
0.0734
-1.392
-1.95253
-1.7889
-1.57833
3.0552
0.60905
-1.80916
0.695
1.30844
0.97208
1.5343
-1.7526
1.8638
1.1712
-1.21438
0.55065
-0.41872
-0.9999
0.09339
0.3016
-0.24591
1.475
-1.31995
-0.30072
-4.2844
-0.58948
-9.3059
-8.2545
-0.32085
-11.726
-1.36353
-1.48753
1.68555
-0.019
0.52234
-0.3089
10.65259
2.55056
0.647
3.90745
-7.75072
9.52036
-1.60897
2.82581
4.114
-4.06561
-0.93788
-0.3573
0.2841
-2.203
-4.3414
-0.00562
0.14015
-4.12928
-1.12079
-4.19329
-0.69956
-0.38624
-0.78616
-0.39123
-4.551
2.35614
1.10985
2.26594
0.0556
-0.91159
-0.7405
-0.96096
1.73301
2.25007
-3.76807
0.08809
-0.9845
0.46947
1.53873
-0.31101
-5.77868
-0.85081
1.4514
0.0782
0.783
0.61163
1.4214
0.1099
0.42599
1.0329
1.93594
1.161
-0.2699
1.36733
1.8045
0.09312
1.66562
8.1076
3.13638
5.3217
-0.3947
1.25144
-0.0516
8.38232
0.79322
1.1097
1.8562
-0.102
-2.34874
2.50842
2.49146
-0.6506
-0.0911
5.1393
2.902
0.8144
0.428
-0.5329
0.0482
2.4178
-3.6747
-0.2435
6.9815
-18.3698
-0.4181
-0.5323
-0.2894
3.0722
1.215
-0.981
0.0827
1.1117
1.1436
-1.162
-1.4285
-1.8449
-1.0517
-1.2142
0.1402
-1.9231
2.503
1.2705
-0.2785
NA
2.6935
1.5444
-2.35528
1.00989
0.2194
0.05434
-0.57205
-0.43756
-0.3898
1.38366
-0.75311
-3.46134
0.07416
-1.7641
-1.9787
NA
-0.03681
0.0735
NA
NA
-3.65535
3.31092
11.07973
3.82627
1.55321
2.87433
-0.01112
3.4121
0.4754
1.0937
0.92723
1.8779
-0.8109
0.3782
0.58821
-1.45792
0.60547
-0.14029
-0.1251
-3.00084
2.2787
2.7131
1.6369
-1.24439
5.912
0.64931
2.76375
0.59463
0.00383
-1.23604
1.4398
-1.13355
1.23749
-0.38296
-3.1946
-0.46466
-0.74784
-0.98613
0.3136
1.7271
-3.20194
-6.2181
-1.18909
-1.42485
0.84624
-0.8941
-0.2187
-2.4088
1.96241
1.68774
-2.47
1.86
0.988
-3.11
-1.23
0.552
-3.77
1.931
-0.083
-1.82
-0.124
1.81
-0.362
-0.942
-1.47
3.84
-1.27
0.367
2.39
-2.16
0.0503
-0.27
3.85
-1.23
0.769
0.922
0.435
-0.0744
2.56
0.165
-1.98771
-1.15449
2.12682
3.53903
3.52646
0.30338
1.125
0.0462
-4.10509
-0.46359
0.5076
-0.73075
-3.52046
-3.2564
-3.18566
1.91617
-2.8934
-5.0167
-1.00705
2.67
-0.8257
0.0286
-0.2597
-0.60329
-0.847
0.68179
-1.3568
-2.39019
2.15049
-0.82382
-0.8696
5.46647
2.1162
2.88384
1.41645
1.99117
-0.39876
1.94855
-3.76235
-0.758
-0.95303
-1.29989
0.49252
1.05817
3.08693
0.2341
-4.85835
-0.31408
0.38788
-0.8124
-2.0409
0.52153
-1.22721
-0.40383
-0.58963
1.7317
2.02537
0.3222
1.2192
-3.2044
0.4974
-1.2423
0.788
-0.3109
2.3099
-0.9746
-0.3577
1.288
2.0703
0.7318
-2.85
2.8203
1.2499
-2.1147
0.4956
-1.8296
-10.9368
-1.4281
-0.2266
-2.9617
0.402
-0.2133
-0.6427
-0.9962
0.3579
4.129
2.3408
-0.5946
-0.0379
1.2821
-2.4798
-2.2344
-0.4573
-0.381
-1.0999
0.4071
-1.0504
-0.3661
-0.5341
-4.3519
-1.2297
0.9735
-3.7801
-1.0703
-1.9571
-0.7291
1.788
-8.4837
4.1623
-1.0195
2.1406
2.1084
-1.3886
-1.4941
0.2365
0.8534
2.0408
-0.7529
-4.916
2.2157
-2.8122
1.0725
-1.5906
-1.0121
0.96737
0.1162
-0.714
0.8995
-1.71749
0.16143
0.7803
0.978
-1.76848
-0.69029
-0.3396
2.6646
8.7666
2.22365
0.1523
-1.7091
3.96976
1.1755
-0.9907
2.4435
-0.12944
-1.4543
-1.20152
-1.81312
0.509
3.78
1.2963
0.5547
-0.71809
-0.40029
-0.78866
-0.77269
-0.69155
-0.46595
-0.95199
-0.8579
5.1132
2.1061
1.0795
1.3946
2.4289
-2.34
1.7724
-1.7905
-1.8315
-3.7998
0.1936
0.7059
-0.66864
-3.7504
-1.6451
-0.85556
0.5122
0.66728
1.05279
-2.19585
4.2378
6.2734
0.8867
0.655
-1.8679
4.79582
0.45402
5.18554
0.0837
-0.5242
-0.4186
-2.70588
0.82363
1.0751
-0.7747
-0.7031
5.376
-3.471
-0.2631
2.1258
2.0684
1.2271
-0.7443
-2.517
0.66924
-1.68654
-0.2652
1.6373
-0.7464
1.9937
-0.021
0.5801
-2.3552
-1.15085
-3.74686
-1.54808
1.89545
-0.91917
-4.2444
0.6817
0.7761
0.95455
-2.2792
-0.5322
1.28
-0.57
1.5
0.113
-0.109
1.1182
1.01629
-7.9454
-1.8659
-1.1995
6.09868
-0.4267
1.227
1.97811
9.1432
-4.19483
-1.49257
10.2064
2.026
-0.8112
-0.33548
1.1108
-1.1583
-1.0265
2.30216
-0.50044
-1.5643
2.4431
1.09182
0.1963
2.9057
-1.0072
1.8477
-8.6273
2.8984
-1.1661
-0.1615
-0.673
1.4454
-0.7247
2.43557
-2.28072
2.74645
-1.82027
-0.3766
0.0392
6.8475
-0.27827
1.39557
-1.38924
0.1301
-0.265
1.9552
0.06
1.8186
-1.301
-0.813
0.51333
-1.5149
1.18856
-0.46784
-3.0611
-4.5019
1.0571
6.80201
-0.03883
-1.1973
0.20869
-5.03153
2.01872
-1.4881
-2.9636
1.18644
0.5375
1.09137
2.6976
2.57048
-0.2755
2.5341
-0.0939
-1.2638
1.0231
-1.1244
-3.653
1.1053
-0.7253
-0.4845
1.7876
-3.1071
2.0747
1.9174
0.78889
1.53234
0.33079
-0.33567
2.14454
1.6839
NA
-0.20099
NA
3.3867
NA
NA
NA
-1.64021
NA
-1.299
-2.3716
1.4092
0.80497
-0.54462
-0.52389
1.85702
4.71841
-0.58093
1.61069
-0.57264
0.2316
1.02318
-1.28296
-0.14901
0.14516
0.0096
-0.8092
1.6312
0.09674
-0.8464
-0.2907
-0.3685
-0.2474
-0.95264
0.9894
1.7037
-2.21384
-4.88521
-3.0958
1.9374
0.66949
1.18757
1.87868
3.17547
-5.0188
-2.8177
1.2255
2.23621
-0.8352
2.0648
-0.9016
1.2475
1.8213
-0.836
0.4931
-3.1732
1.6125
-1.8714
4.8554
-1.625
-1.3337
-2.9572
4.0458
1.893
-2.0596
-0.9215
-1.6837
5.0021
0.4234
-0.2773
-0.1512
-5.4634
-0.7586
-0.90903
-2.51508
0.5642
-0.59971
-2.53327
-1.7295
1.9585
-0.5706
-4.3212
-3.6199
-0.5797
0.4609
-6.8501
-6.837
-1.9668
-3.29293
0.7306
-1.74726
1.69035
-0.5613
-0.20616
3.4106
-4.98
0.844
3.3163
0.4081
3.6402
0.0055
-0.6338
2.8664
-0.85177
0.65394
-1.0424
0.599
-2.5382
-1.42276
0.48255
-0.31911
1.61603
0.26209
1.0864
-3.1995
-1.157
4.23392
0.634
2.2635
0.4836
1.5923
1.1092
-0.6326
0.5977
1.8941
-0.2173
-2.13893
3.31112
-0.6773
-2.8028
-6.16735
4.3273
3.0211
0.60745
-0.59879
0.3867
-0.63423
-3.343
0.4101
1.9202
0.2638
1.2964
0.6536
-0.4826
1.26605
-2.31038
2.0964
-0.4523
-1.87873
2.06816
-0.81313
2.50718
0.22461
1.32699
-1.23443
-0.6968
3.6
1.8681
-1.91572
-2.23989
-0.78721
-2.0506
0.8986
-0.6353
-1.4486
-1.81535
4.53455
0.3023
-1.8524
0.9571
1.0623
1.6308
-1.7028
0.6217
-0.2316
-0.60256
0.84609
-0.84008
-1.3583
-0.93546
-1.9277
-1.153
0.56983
0.26383
3.23061
-2.4762
-1.1975
0.7009
1.8169
1.8169
0.04355
-0.26427
2.25819
-2.5444
-2.8244
2.44975
-1.6267
1.05063
-0.1455
1.05921
0.12094
2.9022
0.11223
-0.26896
-0.62474
5.9886
5.40908
12.38123
1.58883
-0.00232
0.867
-0.47962
1.99553
-1.2712
-0.67656
-0.1258
0.9101
-2.318
-3.1519
1.6835
1.63081
-1.1354
0.8196
-0.5703
-1.1492
-2.1646
-0.6631
-3.129
5.5345
-4.83835
-3.14821
1.65874
0.7941
-0.92918
-0.9263
-5.1702
4.30304
-0.02948
-3.4906
0.653
-2.01
0.8146
3.41567
-0.7053
-1.3321
-2.62459
2.95188
-2.6605
0.26972
-2.0923
-0.5967
-0.0833
-1.76925
-4.59127
-1.33244
-0.51377
-0.9082
-2.1658
1.7584
-0.0908
-1.44735
0.0538
0.3962
1.4907
0.05952
-1.8138
2.24496
-0.1328
0.0062
-3.05687
1.33
0.55753
-6.6306
0.70848
0.294
-0.1285
0.99642
-1.87489
1.1077
-1.1101
0.0664
1.465
1.90519
-1.14074
-0.5629
0.5706
11.4493
0.8258
1.17115
-1.1527
0.8563
2.0798
2.1033
0.0715
-2.4263
-2.0463
-3.0817
3.8458
-0.3983
1.395
1.1607
-0.1108
-1.3912
-0.6273
-0.677
-0.9962
-0.5269
0.3713
0.2999
-0.03852
2.76412
-0.7883
-1.00105
-0.8773
-0.9389
-0.42738
0.60703
1.2226
0.034
1.3421
-1.4287
-0.2564
-6.0249
-0.90939
-1.90224
0.2917
0.8547
-1.01745
-0.0198
1.4036
-1.9044
0.6921
0.8597
2.0046
-0.17698
0.839
-0.408
3.7688
2.1259
1.743
-0.9301
-1.2869
-0.1179
0.6399
0.1838
-0.4859
-0.9243
-0.3658
0.1165
0.9944
0.5631
0.7776
1.0453
-0.15847
-1.29593
2.34264
-1.6011
0.2307
0.9382
0.58761
-1.211
0.1609
-3.3451
5.34973
-3.8512
-1.5061
-1.1519
1.9915
1.0442
-0.4278
-3.05811
-1.7218
2.3648
-3.00473
1.0083
0.9105
-1.2603
-0.2599
-2.3716
-0.00827
-0.60167
-0.95108
0.82914
-0.19255
-1.00437
1.68691
0.7974
0.3472
-2.0087
-1.7806
-0.6806
-0.45781
-1.68369
0.62095
0.34495
0.49
0.9741
-2.6052
-1.3538
1.5627
-2.7193
4.2104
0.5043
-3.4172
0.75717
4.55785
1.17704
6.05791
-2.42005
-2.01996
-1.22912
0.7708
-1.227
1.0533
0.7102
-0.71531
-0.5148
-2.1184
-0.67273
1.67008
-0.8997
-0.9633
0.0331
0.6178
-0.4507
0.4763
1.7911
-0.3994
4.25517
0.49565
-8.4206
0.7125
-1.96283
6.5887
1.19924
1.45185
1.0724
3.5415
0.1038
2.1343
-0.6146
0.389
-0.5991
4.1031
0.9436
-0.8604
-0.1895
-1.4879
-5.4641
3.0966
-1.8618
0.9634
-2.2144
-0.7685
2.8908
-1.196
0.3621
-1.4039
2.2108
1.3681
-1.2926
3.24688
-0.1085
0.5451
1.5146
3.19586
-1.80918
-1.34012
0.342
-0.493
-1.9168
2.34018
1.94445
-0.90495
3.0045
-1.83273
1.65348
-1.8526
1.1351
2.38286
2.2244
1.41281
-0.97643
-2.06843
0.8529
-0.85376
-0.9796
-0.89749
-2.41664
0.7577
2.7874
1.3223
2.53
-2.64588
3.5893
3.07422
-0.16694
2.3824
0.8257
0.4231
-0.88716
-0.4133
1.872
-1.04353
2.90042
-0.8006
1.63349
-0.9563
0.1742
-0.6311
NA
1.5497
0.0078
NA
NA
NA
0.66149
2.56568
NA
1.18662
2.01422
-1.1109
-0.0341
-0.8057
2.86623
0.10551
0.52001
-2.2573
1.7576
0.3014
-0.64891
0.10139
-0.78618
-1.69959
-2.0047
-3.12094
1.076
-1.2304
-0.90669
0.31513
-0.08439
2.13824
0.99595
-4.172
-3.3979
3.9227
0.885
-1.8125
-0.3351
0.02288
1.12816
-1.57102
0.249
1.8694
-0.3702
-3.1019
-0.6231
3.95021
-0.6684
-2.35904
3.6668
-1.15061
7.0013
-4.75831
-0.2909
-4.28618
-2.9044
-0.31811
-0.48809
-1.4245
2.07032
-0.0311
-1.0274
-1.2302
0.85237
1.54125
2.4826
-0.28
-1.75
0.584
3.74
0.02448
-3.61421
-2.83086
1.64025
1.35549
-0.422
-1.04038
-1.61061
-1.02948
0.0113
-0.45627
-0.25359
-3.67046
-4.64589
4.0541
-0.13652
2.2969
-0.67754
2.21209
-2.10458
-4.3394
-0.6966
-2.75152
-7.86144
-1.4162
-1.4186
3.24937
-1.9106
-0.6524
-1.1178
0.4937
-0.1509
-2.5589
-3.7815
0.6802
-0.0768
-1.0732
-1.056
-1.0392
0.2304
-4.0631
-1.2485
-0.1717
-1.2143
5.8061
1.1999
-1.037
2.3275
-4.5055
0.9221
-1.7127
-2.2137
-0.0373
-0.414
-1.5278
-0.8772
2.5935
0.0137
1.1368
-3.7632
1.2797
-0.471
-1.1386
2.7771
2.4851
-4.3159
-1.9532
5.598
-1.79756
1.04062
3.57064
1.73438
-1.29458
3.47247
-1.1837
-2.98732
0.97388
-3.6155
-1.93742
-3.9023
1.02231
-0.48371
-7.55462
-3.04012
-2.6485
1.75155
1.2293
-0.18569
0.10169
0.81332
0.93881
-2.2189
1.328
1.31692
0.47748
-0.00838
0.15051
-0.63631
-0.7892
-1.06827
-1.09438
0.8548
-0.6542
-0.73316
-0.04532
2.50367
0.05698
4.45923
2.2799
2.6627
-1.9399
-3.05157
0.0396
-0.15727
13.2108
-1.3368
-2.3855
-0.5526
-1.0561
3.2238
-0.989
-2.4191
-2.037
0.59785
-3.11224
1.19612
0.88821
0.14687
0.97395
2.28125
0.5898
0.84685
-2.67742
-5.42791
5.0049
1.66219
-0.5217
-5.12105
-4.2183
-0.8403
1.62574
-5.50552
1.2506
0.77352
-0.2609
-0.0192
0.03735
-3.31623
-0.62828
0.46301
1.11531
0.98119
-0.9045
2.7223
1.5586
-2.8315
-2.71474
-1.8625
0.55372
1.43928
-0.95997
-0.9653
-0.4334
0.7511
-0.8384
-0.7288
-4.892
5.3436
1.7579
2.5771
-0.8937
-0.8814
-0.3866
2.6855
1.1143
1.6889
-1.1397
0.0546
-0.9998
1.3375
1.1741
-0.5404
-1.8556
-2.8411
-0.7609
-0.4647
-1.2869
-2.0195
0.1153
-0.8097
0.9177
0.1166
-16.9839
-3.6923
-0.9959
3.8551
-0.2239
9.6635
0.6367
17.1546
9.5241
-5.3298
-0.1796
1.6598
0.9993
-0.5983
-0.3447
2.3475
-1.1702
-0.2531
1.5657
-1.5523
-0.897
-1.805
1.8958
-0.2798
-1.3497
1.2338
1.5457
3.6727
2.0212
1.3281
1.5751
2.3284
0.0881
-2.2965
1.6291
0.1675
0.78763
-2.4231
-1.13163
1.63094
-1.74769
5.79051
-1.31864
1.33931
1.8578
1.51752
-3.1737
-0.05867
-1.18162
-0.85097
-0.96447
-0.1534
0.64371
-1.52809
1.9797
1.90078
0.95512
-1.32548
0.09346
-1.8392
2.0004
0.43824
-3.04105
2.22838
0.97022
-1.9652
-1.03159
-0.0541
2.5385
0.789
-1.87
4.36
-1.43
0.671
-1.03
2.22
-0.0124
2.1
-0.0789
-2.76
-1.07
-0.484
0.614
-1.39
1.28
4.82
4.91
-0.275
-6.25
0.40141
2.49921
-1.42893
0.3608
-0.3985
3.6656
1.3307
0.12192
-0.5873
0.55296
-2.1775
0.39695
-3.10696
-2.6925
-3.62892
-1.2311
0.66211
-2.0889
-0.8369
-0.4694
-0.20547
-0.0894
-1.87208
-3.65301
NA
-0.9576
-0.3719
-0.3873
NA
0.56054
NA
NA
-0.08089
5.39943
-2.31821
0.87588
3.273
3.05767
-1.15715
0.81266
-1.55725
-2.13958
-0.20549
-2.8845
-1.0651
1.68273
0.99792
-4.33316
-0.9331
-0.3347
-1.01539
-1.265
2.8124
-1.7357
-0.1975
2.8941
0.2252
0.7545
1.4694
-1.0752
-0.6041
0.1965
-0.5273
-0.7403
-3.3184
0.2629
0.4876
1.4188
0.5105
1.4116
-0.0886
0.1082
0.9121
1.0533
-4.3304
-0.7933
-0.2792
-0.2555
-0.07923
-0.20073
0.91259
2.32726
-1.442
2.58909
-0.8539
0.36796
-0.05761
1.19427
-1.33108
1.16413
-2.04915
3.78637
1.7496
-0.8745
-3.2219
1.43997
1.52733
0.8015
-3.86211
-3.96993
4.68128
-4.28595
1.6871
-0.09973
1.37101
-6.18124
0.57283
1.3063
1.57148
-2.07743
0.38382
1.4414
1.89513
-0.81603
0.50701
1.1345
-3.20289
-1.35116
1.7665
-0.41398
-0.2033
-0.9651
-1.11252
3.13454
-0.05974
-0.4045
0.9672
1.59639
-0.3444
-3.396
-0.3675
-1.3761
3.2211
-2.8221
-0.10443
0.3187
1.9742
-1.3974
0.4352
-2.06866
-0.00857
0.3835
4.5207
3.4057
-0.68
-3.2155
-6.02799
0.5595
8.6128
-4.63341
1.83241
2.2716
3.69206
-0.06944
3.1029
-0.7253
2.75263
-2.4172
2.9022
0.9342
1.28321
-1.01074
-1.44659
0.73332
4.28064
-1.27909
-1.5912
-1.8149
3.3351
4.92608
0.3416
2.09634
2.98937
-1.6761
-3.055
0.34034
-0.2416
-0.2138
1.67104
-0.7602
0.46533
0.90648
-1.20218
2.75763
-0.52552
0.70651
1.3606
-1.26297
0.1635
-0.0451
-1.7707
-0.6864
0.107
0.89849
1.96359
0.90245
-1.7639
0.87992
-0.1988
-1.3248
-0.53912
-1.0339
-4.2265
0.1102
1.9974
0.0967
1.78953
1.3771
-1.14063
2.8356
-1.32758
-0.2803
1.4901
3.6137
10.02177
-0.9999
0.61141
-1.6261
0.16456
1.2496
2.24663
2.17632
-1.94435
3.51519
-0.101
1.9366
1.30289
1.75
-2.31
1.72976
-1.18603
0.0404
-3.4547
-1.28115
-3.58784
-1.106
-2.8629
2.2291
0.77663
-2.3695
3.6754
0.0569
-0.00125
-0.6776
3.9411
-2.43673
0.1689
-0.7092
-3.69942
-1.5515
0.7205
-2.1544
-0.04888
2.32921
1.1803
-2.1478
-0.352
0.452
0.409
0.25044
1.5933
-1.3488
0.0423
-0.41876
2.04799
-0.2684
-1.07599
-0.9463
-0.20443
0.0928
-6.9868
1.8168
0.1517
3.18735
4.76838
0.0599
2.17634
3.47
0.1751
-2.00598
-0.9335
-1.91408
-0.14717
2.29713
1.53223
-0.21024
-0.4477
-1.6963
-0.9512
-0.6965
-2.19838
2.2393
-1.5043
1.2738
-2.16
0.9559
-0.187
-1.13
-4.92
1.22476
0.3052
3.65683
-1.54105
-2.1504
1.46736
-1.7888
1.30894
1.4786
-3.11375
0.70211
-1.03019
-3.71888
0.9805
-1.50922
0.529
0.26911
0.63304
3.54729
1.4911
0.0709
2.11351
1.2966
-0.4161
0.34442
-0.28
1.90657
-0.8473
-0.41278
1.30007
-1.65554
1.1315
-2.0376
-0.99274
-0.51418
-3.1005
0.9496
3.2274
0.4467
-0.8706
1.1838
5.35701
3.9765
-1.6637
0.4682
-1.98196
-1.19921
2.05336
0.88267
-0.6698
2.0195
1.18
0.47397
-0.85801
-0.088
-3.6063
-2.44
-5.42
-1.7358
-0.1353
3.9465
-0.9309
1.10136
-2.9933
-1.79966
1.28408
2.3264
-0.58157
-0.323
0.435
0.2538
-0.079
0.3331
1.82718
-2.9085
-11.28693
2.2648
1.97216
-1.68469
-0.6041
-1.6692
-0.0537
0.5837
4.0363
2.6865
-0.1441
-7.5948
-2.2606
-0.992
0.727
-0.453
0.1775
-0.379
-0.3421
-2.2043
-2.4162
1.4596
-0.77179
-0.9955
5.01471
-0.7431
0.6716
-0.0285
2.18966
4.2078
3.1344
4.4933
-0.3126
-0.7283
-0.2251
-0.3516
-7.4962
-0.0163
2.9104
0.331
1.0274
0.9652
0.2851
-8.1016
-0.1992
-1.1712
-4.1147
1.6868
-0.68489
-3.11483
1.41287
1.4214
-1.275
-1.9466
2.21993
1.8402
-0.09282
16.26919
-1.9622
-1.4871
-1.3675
-0.244
1.1452
0.2268
-2.32875
-0.78237
0.21182
-1.0722
-1.2841
1.1857
-1.831
1.3432
1.2484
0.8685
-1.0087
-0.244
0.1257
-0.7844
-1.884
0.7508
-1.8465
1.3206
1.4706
1.1108
-4.66454
5.65613
3.96661
-1.99949
0.8124
1.63525
-0.5448
0.16072
-0.88894
-2.9141
-1.50069
0.91258
3.1313
1.5877
1.8392
-6.8577
-2.234
11.9
-2.73
-0.2527
1.4471
1.0623
3.7332
3.7678
0.7066
-2.84972
-0.0631
-2.2076
-2.0625
1.80688
1.8027
-5.62755
5.57635
1.27
1.86
-1.8058
-0.16942
2.976
-3.56671
-1.4003
-0.46383
-0.107
-1.9519
0.44756
-1.4644
-3.9784
-4.78536
2.913
-2.5638
-3.2932
1.91706
-2.14628
0.08441
-0.41169
2.0449
0.3915
-0.4219
2.04507
NA
5.15139
-0.89803
-3.11103
-0.11064
2.2549
1.4453
-2.4395
-0.37268
-0.9124
-1.31227
0.59567
1.23555
-0.176
-0.9337
0.6164
-3.34
2.1794
-1.1023
-0.7298
1.8436
0.8628
-1.1817
1.0014
0.8824
1.5987
0.9373
-3.5173
0.6297
-2.7398
-0.678
-0.2883
2.5455
-6.0847
-1.1954
0.2947
2.7615
0.4539
-0.7493
0.7437
-0.0607
2.5016
1.9434
-5.3864
0.4169
-8.3737
2.18283
-2.5894
-1.7206
1.5451
-1.5195
1.0861
-0.1527
3.74369
0.5711
1.90903
-0.91013
0.5095
-0.3244
-1.8973
1.776
1.1956
-3.8386
0.23115
-0.2178
-1.209
-3.7165
0.11193
-1.2305
-1.4538
1.6745
1.3453
0.78423
0.8178
-1.5
0.774
-3.4412
-1.48
-2.3364
-1.7973
-1.72
-6.26104
-2.0436
-6.7371
1.67518
0.852
-0.3675
1.74
2.72708
-2.43489
3.1121
-0.37093
0.149
1.34716
0.717
-0.57
-2.32
-1.04
2.74325
1.02322
0.0049
4.76
9.73
3.6
0.314
0.815
3.87
0.9459
-0.646
-3.4322
-4.3959
34.7
2.37
-3.37
0.223
1.13
-1.06
1.82669
0.111
-1.56415
3.93
-1.61049
0.8488
1.0247
0.9442
2.87164
-0.04532
-0.10592
-2.35898
0.374
0.457
-2.33
-5.91
4.37
3.86
1.31
1.34
-3.97364
-0.17965
0.27917
-2.73104
-2.8165
-1.7709
-1.33659
3.73535
4.6622
4.40017
1.9529
-4.13685
-1.97843
0.11058
-0.7415
-0.5484
0.059
0.59962
-0.32555
1.25877
0.46431
-8.21662
-0.84377
-0.86377
2.48301
-0.96376
1.29126
-3.3039
4.4495
0.83813
-0.5473
-3.1195
1.8925
0.70784
-2.8321
4.8376
2.2205
0.2917
1.09352
0.0987
-3.3434
2.1539
-0.4896
0.06098
2.5579
-5.1458
-0.5943
0.78179
1.0309
-0.5978
-0.2021
-0.0578
0.2761
-2.7173
1.2405
2.7817
0.2979
-0.2718
0.5912
-2.1706
0.0516
0.9065
2.3757
-1.22841
-1.4772
-1.4721
5.41512
2.3185
-2.00377
-4.41393
1.7615
1.6923
-2.9599
-8.24676
-0.47898
-0.8533
0.8821
2.6833
1.29487
-2.58296
1.50476
-2.43608
0.90958
-7.5597
-2.5312
-1.14385
-0.3866
1.03166
1.2884
-0.72791
-1.4144
-0.1395
0.20186
-1.3627
-0.6551
-0.98
0.67226
1.5145
1.309
0.893
-3.86597
-2.44257
0.55855
-0.2762
1.14664
-2.06049
1.2166
1.7453
-3.6102
-1.53642
3.23836
-0.4847
1.4482
-0.97646
0.6518
-2.6344
0.4179
1.365
-4.07924
0.11385
-0.47385
1.8717
-1.7241
-1.1852
-2.5066
-0.16366
-1.01245
0.06329
-2.42675
-2.5128
0.2215
2.2969
0.1727
1.1796
10.6375
1.9606
-2.7793
-5.1409
1.99265
6.1855
0.61971
0.53771
1.71765
-2.4359
-0.95126
1.4447
-0.1814
-3.2587
-0.33988
-0.0984
1.62851
0.4945
-0.58676
-0.325
0.0547
-0.84857
-3.44368
1.28953
-1.36717
-5.23196
-2.93115
0.3478
-0.58581
3.3076
2.0004
1.5237
-2.83125
-0.7001
-0.73022
-2.35804
-0.18178
2.4297
-1.01965
2.41476
2.92973
-2.03192
-1.6816
0.77615
-1.7472
-1.87327
0.53047
-4.21431
1.6894
0.3679
0.1096
0.9472
1.64926
2.1877
-3.23288
-10.11574
-0.07137
0.2272
0.85913
0.73907
0.9877
-1.60978
6.0011
4.2416
3.81154
-4.4542
0.48386
-0.9265
-0.4308
3.3018
-0.0862
-0.7983
5.3689
-1.97744
-0.8241
-1.014
-0.97914
-2.11589
-0.63213
-0.64847
-0.5796
-1.20679
-1.32151
-1.6256
-1.91006
1.7016
-1.72652
-2.92392
-2.52367
-2.8421
0.7537
-0.4397
-7.67283
0.8834
-2.6284
1.24027
-3.28928
0.05414
0.17029
3.1614
-0.67021
-0.45872
2.68612
0.7566
0.3593
-0.82276
4.69865
4.41233
1.18447
0.76848
0.7839
3.09025
-3.62518
-1.57852
-0.6466
0.0062
1.4486
-0.00854
1.06919
1.2001
1.19997
1.2048
0.2838
-1.90826
-1.75484
-0.4545
0.38448
-2.7899
1.3252
-5.2272
0.2308
-2.2822
1.10419
-1.37724
3.4568
0.92222
-0.52695
-2.45022
-1.544
4.98
0.000837
-4.53
4.5051
-1.96639
-1.0368
1.2612
3.34
0.2109
0.94408
0.392
0.5383
-2.77
-2.07
-3.31
-1.91
1.16
-0.55093
-1.23327
-0.9679
1.3112
NA
5.53827
-1.34933
-3.7938
-0.256
-0.738
-1.6089
1.4948
2.7374
-0.9445
-0.5798
-1.59
-4.60248
-0.37002
-1.1493
1.2908
5.0804
-0.078
2.2004
0.833
-1.15238
2.54858
0.2219
2.7485
-0.629
-0.1551
-0.977
-2.7896
0.908
-0.20117
-1.44829
0.30423
-1.35145
-0.21762
-0.2564
-0.26364
0.16074
-0.8094
-1.79554
2.13374
-1.2755
1.3018
-2.75
-0.41625
0.88208
-16.20795
0.787
1.2923
-2.7998
3.39857
-0.8385
4.5264
-2.3707
0.83471
1.625
1.0603
-2.0787
0.6632
-2.52395
-0.357
-0.0606
-0.00336
-3.70715
-5.0127
-11.8706
-3.0722
-1.9601
4.7677
-6.5791
0.9586
-2.69778
-1.10077
-1.50215
-0.16125
0.02518
0.68707
1.0568
0.7775
-1.49092
1.2303
0.8288
-0.99134
-0.8447
-0.4167
0.37221
0.40671
-0.0714
4.9117
-0.414
-0.127
0.11548
1.40502
-7.0113
1.584
0.45485
1.5245
0.28374
0.2099
1.68131
1.24919
-1.56262
4.85295
1.98684
4.5
-0.9881
-0.41119
-0.27069
1.74472
-4.56
0.0204
-0.73105
0.58538
-0.9299
0.4726
0.9496
-0.3596
-1.6698
0.11339
-1.0471
-2.03772
0.08129
-1.5692
0.295
0.40604
-1.02041
-2.59476
0.2531
-0.79481
-1.3196
1.2041
1.8414
-1.0909
3.8329
-2.8684
-0.5908
3.79525
-0.5821
-1.4333
1.43587
0.14866
-1.06688
0.20456
1.6028
4.03727
0.12182
0.5327
0.24632
-1.59515
1.597
-0.06585
1.44703
-0.0068
1.6613
-2.5011
-3.0583
2.6721
-1.437
2.78734
1.53817
0.507
0.90674
2.0276
3.53
-1.7002
-1.32
0.653
-1.14998
0.1403
1.06618
5.2353
-0.9951
1.18336
0.6083
-0.28126
2.60347
-0.79241
1.0995
1.71717
-1.81371
4.37536
-0.45752
2.2783
-1.07108
0.4893
0.82563
-1.3409
-0.02007
-3.3549
-1.0194
-1.2248
-0.32054
-1.24888
-0.486
0.94877
2.6757
-3.3406
-0.73943
-5.3765
0.1276
-8.4052
1.40423
-0.6552
1.1636
0.7486
4.63751
4.03399
2.3456
7.3213
4.6402
0.3838
0.72
-0.185
1.48246
NA
1.80113
-0.87124
1.4475
-4.32743
-0.379
-0.1687
-1.64
1.0101
-0.09182
-0.69666
-8.93608
0.1353
1.33208
0.46145
-1.3648
-1.46373
-0.84414
3.04432
-5.65662
0.98367
0.96502
-0.86551
-5.9571
2.596
1.02773
2.5977
-0.53011
-3.2862
0.62647
1.72
1.58352
0.69987
-4.65682
-0.69154
-0.6865
-0.42249
1.5819
-3.97656
-0.0418
0.525
2.7607
-2.34053
0.9828
1.13514
-2.6152
0.3516
0.03328
-3.0427
0.255
5.39
1.99
-2.29
-0.63915
-2.53295
-0.3006
1.9
-0.44879
-14.6004
-0.6912
-0.13424
1.8746
1.07555
-2.725
-0.2798
4.15
0.4349
2.5284
-4.96716
-2.52389
-3.4386
-0.3255
-0.669
3.96
-0.5909
4.84115
-0.0115
0.0342
-1.2473
5.81608
10.7
1.09659
1.08
-2.195
-0.4272
0.903
5.5851
-0.11773
0.12529
0.645
-2.72299
2.44553
2.77
0.3017
2.03335
1.214
-7.14485
0.15753
1.3672
2.2257
0.81
1.1663
3.4403
-2.4067
-2.43172
-3.35472
7.2845
-2.6793
1.8494
2.5477
-1.84432
1.12418
-0.3411
0.88919
0.03421
0.56344
0.88768
-0.5308
-1.4818
-4.35097
1.26789
0.5447
-1.99894
-2.62728
0.216
2.48957
7.46181
0.284
2.7305
-2.4579
0.7764
2.8751
-0.829
-2.5132
-0.47792
1.4
-0.40412
-1.72
0.1562
2.38439
4.94289
-2.94081
7.1157
-0.2255
2.5875
-2.38579
-1.0351
2.14693
-0.1857
-3.71617
-4.50048
-0.08065
-2.05981
-0.1516
0.8015
-0.6569
2.4479
2.03931
3.16449
1.62167
0.3243
-3.13317
2.2702
1.27175
1.8151
9.02886
-0.19391
-0.8758
-3.39079
1.28274
0.10526
-1.3429
4.6323
-1.8458
2.40856
-0.8786
-0.44161
-0.561
0.1825
-1.3366
0.2851
7.07168
1.8363
10.1973
3.4134
-3.87642
-6.384
5.0468
2.20819
1.75483
-9.86408
1.384
11.73412
-1.58064
-0.2675
-2.45436
1.0799
-0.96698
5.85877
1.4744
1.24512
-2.186
-3.7395
2.6707
0.71845
-1.92056
-0.03936
1.182
-2.5934
-2.246
-2.2293
-0.97037
-0.4414
3.37306
-2.72789
-0.9525
-2.53516
0.4241
-1.2485
-10.98396
1.2854
10.27397
-1.04
-0.81728
-0.86036
-4.3897
-1.8042
NA
0.5922
-0.68215
-1.7125
0.2422
5.6587
-1.0036
-2.23433
-1.63287
-0.53946
-3.11876
-0.3127
-0.1019
-5.46
1.2572
2.0198
-8.8385
2.23305
-1.19
-1.4818
3.91
1.3153
0.7452
1.2337
-1.7924
1.5946
1.08
-1.14283
-1.5234
2.455
0.0874
1.72726
0.46245
1.78161
1.8279
-2.837
-0.6028
-0.6731
1.50147
-4.2087
-1.7931
-4.22806
1.2284
-1.0637
-1.80908
7.35
0.962
4.26
1.61152
0.123
1.0545
4.25
-1.49186
-1.1079
1.3513
2.5106
-0.59242
2.25486
1.95218
3.1832
-1.8376
-1.46203
1.8803
0.1622
-3.9
-0.18231
-5.5012
-2.66345
0.6755
2.6152
3.09504
4.0318
0.59372
3.94
-0.0208
-5.8567
2.05908
-1.3065
2.8561
8.1791
0.2086
9.47386
-3.82157
0.41252
-0.65201
-1.8156
-5.83394
0.14837
4.8239
2.9767
2.50118
-1.33
-0.3844
-0.3155
2.1295
-2.6209
-2.11
-4.08918
0.6154
-1.6294
-0.5902
NA
-0.37866
5.1042
-0.6785
-1.8667
0.3428
3.0887
-3.4198
1.59853
1.9543
-2.8241
1.6528
0.8885
-1.24907
2.60432
0.26434
6.6139
0.43858
-0.3084
-0.3277
-1.9841
-0.0431
2.39485
1.408
-0.0611
-1.24107
0.6731
0.4144
0.1261
-0.9669
1.9235
-0.81493
-2.1103
0.4398
1.46
3.28
0.54
0.49011
-0.3556
-1.3253
-1.8657
-1.4339
-0.2457
1.44
0.37073
-0.8739
-5.29
-1.2539
-2.1206
0.37607
-3.67515
1.0493
-3.62113
0.74305
-0.54052
3.15
-3.80877
-1.1159
-0.80934
-2.70377
0.6121
-0.55816
0.40089
-1.0547
-5.4
1.1076
2.1089
0.0759
-0.43814
NA
-2.7097
3.5877
NA
-2.0786
-0.9918
-1.5187
0.07872
-1.8655
0.9304
0.181
1.93677
0.85733
-2.12
3.5429
-0.6401
3.4566
-1.58082
3.48556
2.4311
-2.0346
-1.66511
2.1952
-2.25182
-0.6531
1.01964
-6.6529
1.615
2.03983
-1.0288
0.8569
1.5967
2.587
0.4029
-0.47092
-2.69126
-0.81225
0.1996
-3.342
-5.85
-5.31523
-2.1084
2.7556
0.22307
0.4965
0.04572
0.3755
-0.9309
2.8935
1.1762
-0.43463
4.0566
-2.6911
-1.814
-2.91702
-1.208
0.70642
-1.99
1.90941
-0.4816
0.41
0.16061
-1.4143
0.59862
0.6812
1.76148
-1.1139
0.06997
0.7918
1.47835
-0.56263
2.80341
0.01549
-0.87706
1.6262
-2.0941
3.83
NA
-4.40838
-0.1171
7.56094
0.6826
0.69364
-1.15575
-0.82489
-1.91808
-0.3109
0.3409
0.489
2.6827
3.7565
-1.05825
0.9118
1.3545
-0.64911
3.3702
-4.51554
0.82174
2.12891
-5.2909
-0.8423
-4.05066
-1.31415
-4.6887
-0.2881
-0.59953
2.9864
-5.3078
-0.8708
-2.7231
0.8501
3.56767
3.01259
-1.9847
5.1986
0.24357
-0.2666
2.6191
0.68717
0.1692
-0.151
2.2057
-0.93188
1.8875
2.0656
0.4766
-1.0826
-2.47408
-4.8917
-1.38676
-0.11817
-1.4659
-1.3087
4.1305
1.63
0.6539
-0.62913
-0.9014
0.8191
-2.42943
2.3442
-1.52744
0.43843
-2.084
-0.8338
-0.48321
-0.88511
0.863
0.5508
-2.0914
-0.16855
-1.013
-0.9936
-2.4911
-0.0604
0.7825
0.0674
2.0719
0.1374
-1.6737
-1.4154
-0.894
0.8512
-0.4389
0.9964
1.03021
-2.66897
1.01
3.22439
3.40083
0.2969
-1.40909
-1.3272
-1.7482
-0.6558
0.3751
2.9403
-1.89011
-0.0292
-0.0962
0.4499
-1.34332
-2.52579
-1.63936
1.49902
0.5384
-0.47204
-0.3531
-0.0571
3.8037
0.19979
-0.4818
1.186
0.00509
1.1907
-0.9892
-0.46506
-1.78895
0.4886
-2.4944
-4.2804
3.8216
-0.635
-0.3103
-0.72851
0.848
0.5162
0.4515
1.7717
0.9403
1.4127
-2.95453
0.0392
2.29325
0.9162
-1.0142
-2.26958
0.689
-2.02397
-0.0676
0.3207
-0.615
-0.131
0.7108
-0.13439
-3.4414
-5.0588
0.025
-0.32217
-0.97666
4.41731
-1.2413
-0.37568
-1.7416
-0.58752
2.2753
0.08837
-0.3525
1.6275
-0.6776
-0.54385
6.28737
-0.38895
-0.69719
-0.29012
2.29176
2.6146
-1.30189
-3.53584
1.547
-0.37398
1.811
3.63228
5.03344
-0.2331
0.1946
2.1682
-1.7445
-0.00813
0.9879
0.8432
1.2
0.5087
-0.51574
-0.2995
-1.18869
0.7826
-0.42276
0.41715
0.1402
0.4019
-0.90136
0.0742
-1.3671
0.49244
-2.32
-3.33
3.07746
-1.13573
NA
-0.295
-0.5114
-1.4307
-1.062
-3.03779
2.1212
-3.591
-0.1775
0.66491
-0.8647
-0.0734
0.0265
-0.1754
-3.25
0.8541
5.95221
0.1104
-0.58833
4.09586
-0.2328
1.4446
0.7471
1.93369
-0.401
-1.7583
0.6114
-6.07653
-0.9622
0.22651
-2.36273
0.7066
2.1231
2.96488
-1.0367
0.58
1.2065
1.0849
-0.0852
1.32117
1.9818
0.35003
0.75232
2.2634
-0.6381
-2.1722
-4.327
-0.266
-0.7529
-1.65
-2.6071
6.65434
2.1431
0.80849
-1.46827
-0.1622
0.5382
1.6692
3.1973
2.602
-0.1347
0.2847
-6.4054
-0.686
0.2898
NA
-1.0064
-2.32808
0.6938
-0.3872
2.3442
-5.6
-0.54526
-2.00159
0.7634
-1.7069
-0.0784
-1.6984
0.02003
-1.08183
3.4133
0.2601
3.3162
-2.5727
-2.06697
-0.358
5.99
0.5773
1.9262
0.2768
0.82387
-0.1506
0.93971
1.1833
-8.2744
-0.061
-0.0895
0.6858
0.1804
0.57981
1.1646
-1.52378
0.3428
0.349
0.40516
1.3739
-0.838
-0.1
-2.5589
0.173
-0.98153
-0.67162
0.08229
0.2792
-1.7211
-4.1022
1.30435
4.9283
-3.9122
-0.30338
-3.32596
1.4186
-0.84497
-2.40606
-2.3179
-0.982
2.1838
-0.44612
-1.3181
4.36668
9.49755
-2.3884
-0.4174
0.5602
-0.80651
2.33588
3.63558
0.08639
2.27916
2.2772
0.6858
0.94803
0.1034
-0.48193
-9.84584
-4.3639
-0.3156
2.37374
0.70523
-1.26
-0.60998
1.1089
5.30381
1.7619
-4.4997
-4.36902
NA
0.33974
-0.35946
-3.8555
4.7133
-2.90721
-2.7545
1.7511
-0.6688
0.126
3.7421
0.5998
NA
1.0056
-1.92409
1.1709
NA
0.216
-0.5797
2.7825
-3.3547
-1.0366
0.34888
0.38922
-1.3482
3.1723
1.57788
-0.5577
1.3068
-0.741
0.9453
-6.241
2.3546
-1.4009
2.4835
-0.65629
-1.3417
1.66322
0.49174
-2.11
-1.675
-4.6157
-3.16
-0.2913
-0.69046
-0.7767
2.06821
NA
0.1267
0.0313
2.2941
5.3355
-1.38023
-5.07589
-1.31772
-1.4882
-1.2487
-1.72897
1.84771
-0.6883
-2.23623
1.7793
-1.5127
-1.3054
-3.1907
3.19279
-4.56115
1.66
-1.58468
2.1215
0.2775
-0.0374
0.18402
NA
0.5445
0.26236
-1.8899
-0.8289
-0.92352
-3.57205
-0.8679
-3.6288
2.2453
1.5389
-5.85917
2.4045
0.307
-11.8553
1.2158
-1.71758
4.0383
NA
1.9234
-1.5677
-0.17063
1.495
-2.2968
-0.8452
-0.2933
-1.057
1.57067
0.6334
1.5854
-10.6702
-0.7203
1.43718
-6.2955
1.5437
-7.90055
-1.2192
-1.90308
-0.43997
-0.1853
0.6058
6.347
1.95
-1.6338
0.0499
-2.0025
2.0061
0.2481
5.1398
1.7864
-0.157
1.978
0.0686
1.66231
0.7231
0.3021
-1.6572
-0.6276
-0.0809
1.65522
8.371
-0.5836
-6.2645
1.3011
-0.6586
-0.452
3.01051
-0.455
-0.19702
0.8231
NA
-1.54524
1.836
1.24499
-1.43902
-0.32254
1.9114
0.9267
-0.2515
0.7776
-3.8657
0.3204
-1.4793
0.73505
0.44618
0.64061
-1.21694
-0.2022
-0.24188
-1.12608
20.86321
0.9565
-1.06345
-7.1981
1.6875
-1.34269
-1.8501
3.1738
-2.03589
-0.3388
-1.011
-0.24561
-5.7399
-4.83
-0.7219
0.06241
-0.4794
-1.5749
0.8929
-2.3606
-1.89889
1.54388
0.3365
2.59013
-2.18666
1.2542
-0.3897
-0.3299
1.6677
NA
0.48869
-0.4689
3.19161
2.9059
1.5862
0.01384
0.96812
-2.1651
-0.13067
0.93191
27.9
-1.9099
-4.6602
5.1821
-0.3524
-0.45709
-2.82305
-0.7233
4.3358
-0.12764
-6.33243
-1.0721
-1.514
-0.95104
-8.5299
0.35433
1.4797
0.29245
0.54998
1.6994
1.89109
-1.8197
5.3463
0.498
-4.8098
-4.63931
0.4095
-0.72864
-0.29503
1.23
-1.5348
0.29536
1.70489
2.0788
0.8191
2.02932
2.33605
-6.5376
1.1531
1.7443
NA
-0.02284
2.86
5.041
-0.7795
1.44068
3.0565
0.2943
0.7331
-1.1057
-0.7844
0.4456
0.1021
0.9767
-2.25544
-1.9385
0.6067
-1.6288
0.0547
0.47327
-0.59259
14.3774
1.7957
-3.1021
2.4073
-2.0678
-0.0713
-0.4464
0.0805
0.3521
9.7851
-0.6963
-0.69781
0.59267
0.8246
-2.0364
0.62207
-0.93193
0.9585
0.6566
-0.03557
-5.0408
-4.9233
-3.03715
3.03239
0.57209
NA
NA
-3.31569
NA
0.10036
NA
NA
0.24959
NA
NA
NA
NA
0.06138
-9.6831
NA
NA
NA
NA
1.09741
NA
NA
NA
NA
-1.6704
NA
NA
NA
NA
NA
-2.1343
2.73455
NA
2.1473
1.3786
NA
-0.98508
NA
NA
NA
NA
NA
NA
NA
8.29872
-0.459
0.34355
0.2624
-0.34838
NA
-0.85652
1.505
-2.5929
-0.9641
0.1472
6.7098
-1.72414
0.18918
1.1851
0.3011
-1.0688
1.2745
0.2064
0.5511
3.0643
-2.17127
3.3139
0.3746
7.95747
-0.323
-2.38305
-0.52117
-1.472
-0.51321
0.17688
0.13271
-0.06541
0.2383
-0.7546
-0.0304
4.1293
-2.39549
0.16792
0.74316
1.1075
-2.7436
-0.5369
-2.11475
-4.959
-4.5141
1.3916
-3.4588
-1.0576
3.1168
-0.3089
-0.7475
-0.2104
5.3958
-2.4093
-0.02212
1.16457
1.1074
-1.8308
0.2749
-0.65125
0.6209
-0.50296
2.3256
-0.80862
-0.3931
-0.40162
-0.627
-0.1578
NA
NA
NA
-0.0894
-0.8932
NA
0.416
-3.52
-0.209
0.419
0.607
-0.64019
0.30836
-0.161
1.5593
0.7088
0.46179
1.0175
-1.81745
-1.26328
-0.76927
-0.04184
-0.037
0.56416
1.6219
2.1437
-0.5757
1.9927
0.1348
0.4627
-0.4036
1.6626
1.0337
0.3789
0.6625
0.6424
0.4961
-1.2536
0.4522
-0.0368
-0.5533
-0.8102
0.9042
0.237
-1.9106
0.6817
0.4257
0.3304
5.2634
-0.94268
8.28556
-4.92242
2.8523
-0.46305
1.91334
-0.7217
1.87792
-0.0215
1.7896
5.16
2.51491
1.1522
1.7458
2.9462
0.46289
0.71594
-2.1337
-6.2181
-5.78352
-1.6549
-1.36869
3.5254
-18.4099
-0.77699
4.2236
1.7694
0.11991
-2.9224
-0.53419
-2.361
-1.21
-0.25514
1.64
1.00649
-1.21027
1.0818
-4.0385
0.7514
-3.1099
4.72
NA
-1.29
5.61545
0.28294
NA
NA
0.2659
NA
-0.7381
-1.18866
1.5327
-4.0423
-0.14109
3.16869
5.20659
-6.06231
1.0599
-2.085
3.3105
1.27909
-1.1878
0.21648
-2.9805
-0.38731
2.015
-7.2032
0.518
1.684
1.50389
1.0642
-0.9285
-1.9016
-2.47261
-2.19304
2.2338
-0.52975
0.581
1.5106
-2.70711
0.5946
4.23042
-3.5908
1.5388
-0.80572
2.13
0.4512
-0.53595
1.56153
0.4582
7.81751
-0.56652
-8.23264
0.5556
-1.48941
1.22715
0.02674
-1.92001
-0.9192
-0.2363
0.74082
1.7894
-0.67895
4.941
-1.22081
-0.5846
2.80443
1.0775
-1.0046
-1.76053
1.2538
-3.6663
0.3881
NA
0.86
3.2201
NA
1.3566
2.0075
-0.9492
-0.5135
-1.01166
0.5869
0.0448
-1.77459
2.5994
0.3777
-0.15251
0.46023
1.5288
-3.6249
0.64672
-2.1878
1.9252
-0.3612
-1.8554
-0.7466
-5.2497
2.3373
-0.8641
-0.9383
-1.17
-0.087
-0.6186
-1.7023
NA
-0.5538
0.96164
1.935
-0.67568
-0.332
0.583
-0.5166
1.2151
0.34812
0.09914
1.4371
-4.70765
-1.6957
NA
3.4006
-0.2965
-1.56911
-2.2357
0.1912
-0.44733
-0.03563
-1.347
1.2884
1.9687
-2.423
0.31454
-0.2763
-0.1308
1.6525
-0.04361
1.1108
-5.42328
-0.26327
0.25195
-1.5788
-1.6219
-0.1218
-0.13184
0.2171
1.9303
0.56002
-0.2458
1.63889
-2.04398
1.3451
0.36054
0.6516
-0.8367
0.463
0.44861
-1.6229
2.0238
NA
-1.22208
-3.5325
-1.2423
-0.0992
-2.51
-0.0069
-1.05378
-2.9096
-6.1351
2.38
0.1156
-1.4545
-1.36
1.18
3.1838
2.42
2.8169
-0.0436
-0.1461
-3.3598
-2.89783
1.8643
2.88907
2.9864
-0.2036
3.5099
0.3136
-1.2886
3.6267
-0.921
-0.0303
2.228
0.68902
1.10864
-1.61453
-1.6223
-0.4775
-2.22686
-1.2287
NA
-1.8094
1.9555
3.234
-0.5813
1.4375
-1.41824
-0.2925
NA
-0.7503
1.54741
-0.36086
-0.5182
0.452
1.5288
-2.01
-0.938
1.4168
0.7744
NA
-0.798
-0.11679
0.8284
-1.40325
0.2749
0.09118
-5.24488
-0.9995
1.32887
0.58517
-0.3897
-0.6818
-0.22434
9.378
-0.2185
0.0988
-0.1561
0.06174
-0.0163
-4.96125
0.8834
-2.6671
0.75936
4.12
-0.28431
-5.1892
-1.5857
-0.12702
-3.70311
0.458
0.24375
0.4359
4.7467
0.3922
-3.9968
0.0463
1.3717
-6.68
-0.5214
-0.73717
0.8627
0.542
2.67142
4.4134
-0.63917
-0.2857
-0.60408
4.41692
-1.2621
NA
1.9971
-2.64359
-2.1
1.0908
NA
-1.8759
0.63264
-0.3318
0.9558
-3.1576
-5.3971
-2.4147
-0.1803
-0.3611
-2.0169
-2.37401
-1.0826
0.33714
0.5806
0.9213
1.30633
-0.4877
-0.67678
0.96745
-1.6358
-4.3478
-1.0599
1.4804
8.39383
0.0285
NA
-0.6099
3.15981
-1.5772
0.6024
0.0666
1.35
3.71137
-6.3555
-1.52803
0.9309
-0.5648
-2.1332
-2.6832
-0.55298
-1.48971
-4.59608
1.2022
0.0152
3.13864
-0.9437
0.25196
0.214
-1.4374
2.14758
1.137
-0.9132
1.64681
0.6425
-0.95098
5.923
0.987
1.4906
-1.3676
NA
1.3134
-1.57
1.48
-2.1727
1.2866
NA
-6.42214
1.3475
-2.3544
NA
-1.97762
-0.8847
-2.443
0.6207
3.12941
-0.777
-0.56
-7.6166
-0.1157
0.4439
1.225
0.58872
-0.8739
NA
-1.4422
0.96408
-3.2844
-1.3747
-0.67348
0.8758
5.84
NA
0.27224
0.8523
-3.08267
0.34617
NA
1.33821
-0.253
NA
-0.2819
1.7
-3.13
2.0058
-1.48181
1.5953
0.0215
0.8653
-0.22819
0.6166
-4.5584
-1.42978
4.88
-2.5364
-2.13811
-0.7551
2.2727
-0.10718
1.32426
1.47667
-3.67633
1.19
-1.2866
1.75929
-0.146
-1.4627
1.7886
-2.94662
0.08279
2.06653
-0.8967
0.04726
0.1445
NA
-1.15272
-1.0942
1.20112
-4.4418
1.4228
NA
2.4856
-4.3636
-0.0438
1.71534
-2.48778
1.2902
0.7643
-1.65
-1.1523
-0.5114
-0.44037
-0.4887
-0.8452
0.1303
2.54
2.7144
1.7111
-4.5129
NA
NA
-2.9148
1.1316
3.23
1.6966
0.0803
-0.92356
-0.4544
1.53
0.02802
0.1559
-0.2019
-0.0729
5.5768
2.3246
-2.37
-0.16393
0.98933
-0.3808
-1.7627
-0.2898
-2.1573
0.227
0.61304
-0.5183
-0.0107
1.0795
-1.52457
-0.8926
NA
-0.4373
1.83918
-0.3857
-0.69289
NA
-0.39644
1.7698
0.27235
1.94345
1.8913
-1.8325
4.4261
0.22004
1.6523
1.3808
1.033
-2.4801
0.36471
0.126
NA
-0.7958
-2.25359
0.81626
0.65679
0.3161
-0.2486
0.2101
5.8167
5.44299
2.8131
1.6372
NA
-3.1598
-0.0428
-0.39329
NA
-0.05252
0.0088
0.914
-1.0472
-1.311
0.00142
1.40255
-0.723
-0.381
-2.0342
-0.90336
0.37093
1.9632
0.81597
NA
-0.02382
-2.8372
-1.81
-0.0924
NA
6.07888
-1.6132
-0.4661
-0.15171
0.0356
5.4825
0.483
0.4587
-0.18
7.5077
-1.1787
-0.84235
-0.0647
-1.0557
0.0243
NA
1.3063
2.1389
-0.85236
NA
-2.52608
0.261
6.30121
-2.2975
0.4489
4.24584
0.91323
-0.0353
2.137
0.2047
0.1415
6.55773
7.56162
-0.4462
0.1921
0.2909
-0.02192
-0.7022
-3.589
1.3459
0.4079
NA
3.56273
-0.16846
-0.03441
3.20299
1.7323
2.4642
6.0789
-0.8103
0.2193
2.48075
-2.31378
-1.3441
0.41381
-1.73323
-1.7067
5.73552
-1.0086
-0.6577
0.6995
10.6899
-1.3481
2.07
0.9617
0.69302
-0.1475
1.70101
1.0378
-0.0861
-2.08032
1.5087
-0.39667
-0.5998
-2.0989
0.3061
0.08565
-6.3221
1.7312
-0.8924
1.667
-3.02542
0.45989
0.0643
-0.0983
-2.7498
2.3515
4.65
0.6269
0.40373
0.4332
-1.0424
-0.8374
-0.41482
-0.40725
-2.25818
0.66155
-1.77665
-2.9718
0.0821
6.347
-3.13317
2.6069
-3.943
1.99865
-2.32987
-1.5029
1.2605
0.23989
-1.9456
2.20564
0.2176
-0.04105
-0.6437
-0.42333
-0.49936
-1.96581
1.6229
-1.5612
-0.50381
0.06305
5.5161
NA
2.6285
-0.45563
0.9485
-1.285
-1.7154
-2.3589
-0.1577
1.13313
0.2879
-3.76293
NA
6.44279
-0.9911
1.46138
0.64455
0.1279
0.1777
NA
-0.7194
-1.03173
-1.00781
1.3674
-0.6365
0.6011
1.5076
0.922
-0.9725
-0.13316
-4.26129
-2.365
1.4464
0.6469
0.21666
-0.7684
NA
-2.43677
4.64501
1.4136
-3.3301
0.82688
-4.19
0.8945
0.209
2.2193
-0.57672
0.31731
1.7005
2.0434
1.43
-0.56262
-2.60551
0.27214
-3.6623
0.9231
7.0843
5.57269
-0.01916
-4.7528
0.0298
-0.4896
1.7543
-1.12
1.3064
-1.9915
-0.22836
1.1513
-0.9898
-0.35775
1.12748
2.07293
2.8049
-1.2605
0.1871
-7.3594
-1.4084
0.7769
-2.54606
-3.24172
1.1845
4.19989
2.5727
1.09877
-2.91379
0.33225
1.03
-0.4152
-0.1162
-0.171
-2.03573
5.1208
-0.3803
-1.4179
-1.49068
0.86548
-4.68876
-1.337
5.37936
-0.0462
NA
1.0832
0.3537
-3.7433
NA
-0.1312
-1.47133
-2.1879
2.6749
0.3245
0.60419
0.14504
-0.41499
NA
0.1244
-0.54832
0.481
-0.7152
0.8658
-1.4152
-0.1986
-0.47005
4.359
2.76765
1.0011
0.0603
1.8244
-0.0663
-2.2717
-0.00648
0.5876
0.1601
0.129
NA
0.7371
0.9403
2.94358
1.46
2.76773
-1.0124
-10.1
-1.0566
-0.5501
3.27196
-0.6679
-4.82996
0.55339
0.94088
-2.7366
-2.56498
-1.8597
0.94301
-3.0887
-3.9834
-0.3195
1.26141
3.17978
0.13084
0.4759
0.219
0.2098
-0.98037
NA
NA
-0.7753
1.96
1.56971
0.729
1.66
-0.27718
1.61
3.22448
-0.569
-3.61332
2.40754
-1.2865
0.98633
-0.672
-1.0241
0.504
-1.7239
0.789
1.0878
-2.06945
-2.7144
0.164
-4.67945
0.13056
-0.00226
2.95226
NA
1.5033
1.62556
1.89
-1.6056
0.228
-0.381
0.9886
-0.2211
NA
0.851
-1.8208
-0.3371
1.7521
-2.5155
-0.1723
0.9602
-6.20261
0.165
-0.4302
-0.08143
-1.34
-2.21679
2.1773
-1.561
0.7887
-2.5509
-1.2704
0.85113
-1.574
-2.6315
-7.3882
-2.83686
-1.8406
-0.7678
1.46786
-0.0731
1.31
1.28612
2.9304
3.35
0.6855
0.8943
-0.8011
-1.18324
13.95582
0.17721
0.21867
-1.7127
-0.1791
-2.7306
1.72696
-0.38643
-0.847
-3.3986
3.19807
2.3071
-1.76082
0.728
-0.356
-1.8762
-0.3184
2.98
-1.81847
-0.7646
-1.0611
-3.9007
0.88774
-0.58092
1.41771
1.14
0.47949
2.06347
2.62
-0.8347
0.5183
0.4066
-0.79691
2.53556
-0.8081
0.8156
-1.7226
3.1293
1.3703
-0.8559
NA
-0.74256
1.37
0.1767
2.08799
-0.11558
-4.0567
-0.256
-1.71341
1.6619
0.5
0.7847
0.53813
1.942
0.5075
1.6021
-1.5872
2.1
2.7372
0.815
-0.2353
1.1029
-2.6116
2.2892
-5.27842
-2.9
0.6124
5.99
1.4146
1.2817
-9.8102
1.5959
-0.1693
-0.7042
NA
-0.39188
0.8899
-1.39122
1.3044
0.2985
6.2911
-2.69836
-0.31125
3.23244
1.106
3.69415
-3.06506
4.18949
1.51252
0.55257
4.9244
0.37873
0.1161
0.2824
-0.9227
-0.64
1.6134
-0.4101
-1.99619
0.9117
-3.08855
3.24868
3.2831
0.21574
-0.8504
2.3572
-0.3828
-0.3143
0.6817
0.1367
1.2722
-1.9513
-0.3114
-2.16442
0.06421
-0.4658
0.1262
0.58474
-3.6694
-1.01
0.02251
-2.23682
1.2042
-0.08306
0.95145
0.96303
0.91018
2.28624
-0.81141
-2.3677
-1.40881
-1.41669
5.5384
-0.14683
NA
2.0388
-0.28056
-1.06682
-2.94
-1.87155
-0.2613
-0.21124
-2.86202
1.4353
-0.9947
-0.6686
-2.8823
-3.64289
-3.08527
3.4988
-5.7956
0.1688
-1.31963
0.04483
-0.83755
-0.10271
0.974
5.67452
0.03702
-1.4693
-2.31812
-1.37
1.72419
-0.36859
0.43272
-3.74
0.3932
1.5689
-1.1274
2.155
0.2397
-1.0004
1.2644
-9.33
-1.5645
2.614
-0.9439
-0.66259
0.48813
0.14045
0.60762
-2.25571
1.1627
0.5982
-0.19132
-5.1071
-0.393
0.7931
-1.7715
-3.6761
-4.48
2.0663
0.61134
-2.38645
2.1503
1.63038
1.56496
-2.19672
-2.4951
1.3097
1.4204
0.7736
0.2397
-0.86634
-0.42168
-0.312
-1.1587
0.2764
1.24388
0.20039
0.651
0.5843
-3.07672
0.5556
-1.99024
-1.34624
1.38579
-0.42353
-3.27704
-1.73866
0.47102
NA
2.60456
-2.3665
-0.4685
-0.2392
-0.596
-1.10503
-1.20873
0.19706
-0.4554
0.0808
1.11419
0.8088
0.39768
-0.45248
-0.2908
-1.84784
1.3667
NA
-0.6065
-2.02243
-0.92109
-1.18123
-5.40134
0.0257
-2.1618
0.0732
-0.0712
4.62202
0.9847
1.63595
-3.45
4.8797
-0.7455
-1.538
0.63421
0.68924
-6.6998
-0.6686
-0.50204
-1.55596
4.26433
0.3314
0.59756
2.6223
-0.6692
0.392
1.61642
0.3569
-0.60237
4.14457
-0.69818
-9.93719
1.2635
-1.38222
-1.8286
-7.1011
0.68101
-1.6776
-1.1615
-1.7285
0.0965
0.27615
-1.37526
-0.2317
1.7122
0.576
0.4359
1.9448
-2.32984
2.9144
2.2708
-0.2744
2.5983
-3.11973
0.5814
-1.1869
-1.2658
-0.1083
0.3859
-0.9471
-0.8742
-0.20577
-0.1648
0.2868
-1.8746
1.2238
-1.6868
1.6119
-0.5544
1.954
-0.1485
-1.2139
1.4845
1.0039
2.024
-1.1038
-3.1995
-0.1086
0.356
-0.8251
0.86251
0.9443
0.72934
1.2141
-0.0643
1.09674
-0.6135
1.70316
-1.21364
-0.31414
0.286
2.23219
0.7246
-0.37627
0.09001
-0.92164
3.49773
-0.28738
0.4523
-3.48815
1.23232
0.4739
-0.5936
1.031
-2.15655
-0.1068
1.6112
4.7945
-1.34743
0.71471
-1.00786
8.60913
-0.78162
0.7435
0.00615
1.61492
0.1092
-0.3793
-0.4336
-1.12778
2.4254
1.8259
0.54371
1.32248
0.89612
-2.176
-5.93818
0.37511
-1.00672
1.7033
-1.129
1.4261
-0.15354
0.8135
-1.30726
-1.88809
-1.08076
-4.71
1.613
-2.65425
-2.9035
1.5375
-0.0392
-0.94961
-3.75917
0.6515
-0.42295
-1.5353
1.55479
1.93321
-0.5749
1.154
-3.0434
0.09137
0.6817
0.516
3.4364
-4.6789
-1.53604
-1.5134
4.6327
-0.6011
-0.9283
-3.54064
-0.95685
-0.3171
-0.92895
-1.2735
0.296
-0.6945
1.2982
1.0169
1.34054
-0.73324
-1.3883
-1.1562
0.86279
1.354
0.988
-1.68445
-0.2538
-5.4336
-1.03222
-2.85599
1.9848
1.00621
1.62332
0.0413
2.3526
-1.4572
0.2438
-0.3016
0.5281
1.0009
-0.7709
2.2159
1.4048
-1.184
-0.2146
-2.6417
1.8272
-1.3705
0.1809
2.95541
-0.0612
-2.2506
0.48866
0.0384
0.4846
-0.3227
-3.8981
-0.7553
-3.1812
2.77
-3.26716
0.9386
-1.3402
0.6066
1.1348
3.9023
0.214
1.3093
0.1514
-1.0041
2.1805
1.61959
-1.8011
-0.9088
2.8234
0.8574
-0.0981
3.0625
0.12877
-3.1622
0.0466
-2.2168
-0.8978
-0.2715
1.2808
1.2132
-2.4263
-8.9743
-0.0246
-0.5251
-1.2614
1.6875
-0.1453
6.19521
0.6711
1.979
1.2483
-1.514
-1.4083
1.7074
-1.3765
0.06
0.3784
0.4203
-2.1812
-2.09183
0.0905
-3.9157
-0.6352
-1.5645
-1.5428
0.3119
1.4806
-0.66144
-0.44129
2.4171
0.5053
3.39181
-0.67197
-1.92045
-2.6945
1.6086
0.51096
2.22755
-0.53001
-2.1935
-0.10392
3.3703
-1.0166
-4.89986
-0.11685
0.32472
1.1794
0.042
0.62812
-0.92869
-1.51834
0.0274
-0.3264
1.27169
2.46572
-2.0345
1.02392
-0.86174
0.58978
2.90321
-0.79243
-0.5413
5.2968
-4.5283
0.8116
-1.39256
-2.78138
-1.2478
1.0448
-1.8002
1.0445
1.547
-0.5168
-0.9191
-1.0445
-1.15386
-0.10969
-2.92513
-0.246
1.5796
-2.23807
-5.1498
-6.62416
-0.7232
-0.5808
-2.58597
-2.13864
1.23754
-3.61047
-1.16409
1.26074
0.51411
-0.4245
1.5179
-2.8889
-4.9437
-4.33501
-2.65
1.82813
-0.00393
-5.30525
-2.4921
-2.39173
0.5936
0.28907
-1.85318
-0.7993
-1.3816
2.4813
-0.5438
-1.4451
0.89154
-1.1105
-0.9155
-3.1581
-0.3789
6.4912
0.5332
-0.479
0.8233
0.97901
3.15138
-1.6076
1.8719
-2.40902
1.60462
-1.00447
-0.79667
2.05
-1.8918
-0.5921
0.1065
-1.41075
-2.53074
1.0775
-0.3192
-1.3621
-2.23512
6.04223
0.1105
-0.81886
-1.9267
-2.3295
-1.94836
-0.9983
1.90936
-1.5361
-0.1131
1.121
-0.4937
-2.26054
-0.97575
-0.59349
1.73
9.12268
-0.25635
1.4823
-2.64274
2.0102
1.10776
3.07891
0.8193
-4.0944
3.17
0.03458
1.33726
-4.3464
2.8584
0.1795
-7.28237
0.1284
NA
-1.1928
-4.6878
-1.5143
0.579
2.8609
1.58
1.5644
1.16854
0.6073
0.6382
-2.5
8.47117
NA
1.1552
-2.0642
-1.18881
0.34323
0.1817
-0.07898
-1.51006
1.53613
-0.552
-1.37522
1.1965
1.50268
-0.9938
-0.45736
-0.0684
1.0917
-1.43878
-0.41949
-1.59771
-5.266
0.39744
0.02649
1.5077
-0.99031
3.32569
-1.50099
1.75652
-0.8974
-0.3071
0.04597
-1.7055
-7.76994
0.72128
-1.7111
6.76333
-1.33494
7.82411
0.30593
0.9273
-0.1605
1.99594
-1.83495
0.3726
-2.5096
-2.81362
1.57037
-0.14607
0.862
-2.9846
-3.0635
-1.0226
-3.2045
1.74122
-0.8633
-1.172
2.2619
-0.34971
8.2345
1.92192
3.13518
2.8025
3.61926
-2.103
1.8968
0.89968
-3.35288
-3.67942
0.5977
5.45772
2.2265
7.65863
0.30396
0.5364
-0.92672
-1.2805
-5.67653
3.43945
-0.5245
3.58046
1.0691
1.2339
-0.53557
-9.2556
-0.0364
2.75956
0.1939
0.5803
-0.299
-1.92319
-1.475
-0.8818
-2.2836
-0.10981
-0.67706
0.1866
-0.7671
0.41085
-7.8152
0.6246
0.6443
-2.51712
0.0542
-1.28631
-0.20497
-1.05505
1.08448
2.9572
1.9368
0.8262
1.288
1.75864
0.569
11.07684
-0.9931
-0.8752
-0.39329
-1.5035
3.15642
1.50266
-0.5693
-2.4321
1.04868
1.5382
-2.1022
1.95667
-3.16817
-2.2582
-1.9437
2.23585
1.42957
0.1833
2.40097
-0.59498
0.2954
0.9039
-0.78773
0.357
-13.9813
-3.62268
-0.1691
-0.2333
2.4566
-0.00504
-1.58381
-1.0228
0.873
3.2942
1.189
-0.39
-2.83679
0.07846
1.4176
-1.1834
1.58421
-1.3031
1.59362
1.4176
0.3299
-5.5187
-0.3697
0.2197
2.0938
0.64628
-0.6401
-1.1657
3.7807
-3.00586
1.20966
4.2476
-0.2157
2.79454
1.81768
0.76759
4.53904
-0.5978
2.34589
-1.48437
0.4338
-1.04177
-0.02042
-0.22966
-1.4818
-4.85031
5.32556
-0.45446
-0.4392
0.4561
1.9818
-0.2267
0.3445
1.62448
-0.4573
2.69832
-0.90827
-0.09536
-0.75528
-0.4573
-0.05347
-1.6016
2.61571
0.7614
0.45597
0.00991
-9.2868
-0.9787
3.22682
-3.6555
1.64221
-0.8762
-1.632
0.89159
0.6859
-1.06192
-3.51514
-2.89578
1.1445
2.5416
5.14755
-0.61463
2.27969
0.9703
-0.3009
-4.91562
0.7744
-3.53349
1.135
-1.6777
-0.2425
-1.2507
-0.03077
-2.01973
-1.25092
-0.94475
-0.3209
-0.4256
1.2889
-1.1363
-0.7925
-0.97854
0.05287
-0.5663
-11.5892
-1.25649
-2.50205
0.7249
-1.86707
0.3012
0.4298
1.3676
-2.4951
6.7244
0.0758
1.7212
1.6253
0.18319
-1.9593
-2.0994
2.1535
-4.6915
0.57379
2.738
0.99693
0.4727
0.91023
-1.1
-0.873
1.6897
-0.4434
0.58349
NA
-2.1244
0.10649
-0.0286
1.38304
-0.09718
0.3292
0.1075
-2.43279
1.48685
4.63604
-1.11
-0.55147
1.00824
1.79951
1.3459
1.0249
-4.69
-0.1664
0.07649
-0.75759
-1.2409
-1.53013
0.0843
-1.2249
-0.0258
4.3517
0.3151
-0.4407
-1.8548
NA
0.6031
2.81297
-0.977
1.49023
-0.6781
1.9091
2.0132
-1.0053
0.2779
1.75825
-1.1149
1.16722
1.79519
-0.30287
-0.6934
1.0474
-4.45237
1.1979
-0.40424
-0.2185
0.9689
-3.65
-1.32566
-1.4121
3.0493
0.18384
-2.61974
0.406
-1.94621
-1.4675
1.35
-0.8829
1.76046
4.6622
-1.0234
-0.96
2.7913
2.9913
NA
-2.3668
3.126
0.318
-0.96351
1.764
NA
NA
-0.4239
0.1749
-2.25188
-0.8387
1.27856
-1.18
-0.279
0.31708
2.76702
-5.09
-2.78916
-2.781
-2.25
1.7914
-2.7873
-2.8235
-1.6194
-1.4218
2.2915
NA
3.05466
0.32118
2.222
NA
-2.5628
-1.1175
0.2096
2.19399
0.09607
2.0932
0.01354
-0.16793
-0.57815
-2.1279
-0.90196
-1.88
0.0659
2.66607
-1.8064
2.48793
-1.3172
0.2582
0.84155
-2.3459
3.7
-2.0119
-0.1891
-0.39105
2.0315
1.41411
-2.3327
NA
1.1632
1.3764
5.3438
-4.27363
3.16899
-1.6283
-1.0312
1.38445
-0.941
-0.5321
2.2207
-0.8787
-0.57586
-4.1779
-0.60518
-3.3274
-0.58349
0.10266
0.0564
1.81
0.185
4.58458
0.5001
1.37793
-0.56876
-0.71
-0.7668
3.194
0.82949
2.09753
-0.1439
-0.8217
-5.15477
-1.8256
-0.1261
0.27388
-2.60962
0.9452
0.4065
-1.83607
0.562
-0.9645
-0.9094
-2.6769
-0.35016
0.86126
0.20305
-3.39672
0.0546
-4.93583
2.06525
0.76255
1.08376
20.9
NA
-0.74981
0.5847
-0.4642
-0.4663
-1.11
2.1737
-0.17359
0.0451
-1.1599
0.7755
2.0728
0.1004
-1.66187
-2.1791
-2.5516
-0.8435
0.24086
-4.5113
0.0615
1.75216
0.0264
0.5566
1.41336
2.17458
-1.69554
1.2478
-0.7455
1.68905
0.66896
0.3859
-2.208
-1.8736
-2.6732
-1.04665
0.7833
-1.3344
0.2479
-3.31136
-0.2572
3.6006
0.7696
-2.42456
-0.087
5.272
-0.295
-0.138
1.3256
-0.5189
0.30873
0.38553
1.73789
-1.2288
0.07743
0.035
-0.2376
-0.6078
-5.54645
0.1403
0.00643
NA
-0.20105
-0.3756
-1.77668
-0.6171
2.488
2.95949
-0.9458
3.619
2.0833
-0.10963
1.51828
-8.6709
-1.8401
-1.7452
1.7098
2.6302
-2.1545
-0.6952
-0.0997
3.7268
2.4987
-0.1964
-0.0986
0.9951
2.68672
1.8866
-1.5242
-1.0396
3.44615
0.3521
2.0282
-3.0593
-0.20864
3.3449
-0.3233
1.69754
0.4909
0.6724
-0.2954
4.2469
0.6724
0.096
0.3559
-3.5043
NA
-10.85772
0.4299
-3.1757
-0.5518
0.69525
0.5596
0.2418
1.43665
3.4355
-2.1162
-2.0411
-0.56595
1.4015
0.4962
-0.0323
0.5639
1.57708
-1.74036
-1.1128
-0.535
-1.73562
-1.3682
-0.10007
-0.9125
-0.978
-1.14411
1.61266
1.5415
3.91598
3.0937
-0.2533
NA
-0.3803
1.2016
0.6356
2.3202
-1.5214
1.323
0.1621
-0.9986
0.00745
-1.863
0.89727
0.45505
-0.9432
-3.6155
4.60379
0.7893
-1.21341
-0.789
0.8638
0.45303
-3.47383
2.09838
1.3912
-3.3522
-0.0992
0.3866
-0.5921
0.01832
0.97911
1.8492
1.4268
0.08626
1.57022
2.10532
-5.3274
0.6254
1.3171
-1.9217
1.0129
6.02267
-3.15464
2.145
-0.39011
0.50789
-0.4241
1.20384
1.66339
0.9357
-1.12347
0.95312
0.4911
-2.64452
3.2265
1.3491
-0.92978
1.68082
-1.3928
-2.4518
0.1271
1.3167
1.7543
-1.6388
-0.4804
-0.264
-0.549
1.83
-0.277
-1.2262
-0.5691
0.2272
-3.8273
2.74184
-0.74769
2.8525
-3.59742
0.48247
5.67751
-0.6832
0.0335
2.5343
0.3687
3.94054
-0.2363
2.1443
-4.26653
-0.5041
0.17223
-2.75996
2.2245
-0.892
-1.62237
3.7437
1.6826
3.37089
-1.03987
1.09458
0.5898
0.7088
-0.0135
1.1318
1.1139
-1.24
1.87319
-2.29264
-1.0085
-1.12193
1.89306
-0.5566
-0.30658
NA
0.3611
3.7419
2.60841
1.75067
4.7874
-0.4241
-0.1796
0.3379
NA
NA
0.3235
-0.04687
0.08797
0.91247
0.50494
-2.2828
0.55526
-0.9551
-0.8266
1.13991
1.6022
0.206
-2.32277
0.81997
-1.416
0.20519
0.951
2.69164
-0.56715
-1.44
-1.5013
-0.4758
1.83055
-2.1822
-3.3106
-1.33374
-0.7329
1.67083
2.1949
1.2276
0.41192
-1.0012
-0.79886
0.30954
NA
-0.8081
-1.94593
0.4156
2.4703
-1.135
-1.5785
0.0308
0.3573
2.37097
0.9003
-4.88466
-1.66884
-0.772
-0.7944
1.4085
-1.57211
-1.7489
-1.4593
-1.91642
3.5637
1.31561
-0.79543
0.30889
-0.84
-0.9479
-3.114
-2.5642
0.38202
-1.9949
-5.5187
0.4443
-0.3484
1.14123
4.5944
0.8949
