-0.4775
-3.6
-4
1.1156
-1.38
-0.9936
-5.7709
-1.25786
2.08719
-0.76594
2.02305
0.591486
0.96504
-4.20346
2.37167
-0.97551
-2.50426
0.57862
0.78529
-0.23237
-0.62
0.882281
0.67414
-0.7908
0.54393
-0.337
2.21609
0.28966
-1.60602
8.25975
0.37223
-4.76835
-0.668028
0.90186
-0.9409
0.0246
0.8501
1.03553
-2.1442
-0.90416
0.83299
0.872
-1.38602
0.2834
1.42857
0.3882
-0.3528
-1.02129
-0.34916
1.01736
1.3035
1.31832
0.47369
-4.22976
1.28073
0.15861
-2.48449
0.171
-0.10821
-1.43772
-1.9031
-0.28351
1.28395
-5.67
-0.67034
0.13432
-0.29052
0.20583
1.7095
-0.2504
-0.69103
-0.81
-0.21463
1.76951
-1.57
-3.03
-1.5584
1.5359
-0.6724
0.4582
-1.4084
-2.9
-1.47
-3.0852
-3.79
-0.836
-1.85643
0.07963
1.5497
0.37633
-2.38
1.26
-0.065398
-0.8472
6.78449
1.98616
7.308226
-0.26094
1.9947
-0.53
0.496537
0.9665
0.259
3.17
1.671
-1.65098
3.07641
-0.7591
-9.41373
0.9478
1.36438
0.82911
0.816
1.42
-1.34432
-5.434838
-1.84834
0.0415
-3.16855
1.52318
1.65
1.5006
3.34
-0.89743
2.7037
1.93
0.152
0.155
0.656
-3.2878
5.06478
2.06548
-0.966906
-1.755726
-0.81432
-2.7875
1.3696
-1.1992
-1.059217
1.6624
-0.10614
-3.363188
-0.32714
0.894197
-0.693724
0.457405
0.3291
4.2913
-1.2096
-1.197904
-0.86449
-0.96073
-0.573
0.28368
0.32997
0.1367
-2.4599
-0.10146
-1.19727
-0.42838
0.59667
-0.32069
1.2955
0.281465
0.643
0.40637
-3.19502
0.409
0.70108
-0.4273
-1.03228
1.05
1.013669
0.687508
-7.5228
2.77782
0.59874
-2.85
5.3863
3.99
1.82
-2.0162
-4.7294
-0.7049
2.4632
1.76788
-5.762
0.0674
-1.7392
-1.7
0.019372
-2.656936
NA
-1.38628
-4.1905
-0.58534
-0.82668
-0.759
17.9191
0.4388
2.569091
3.18944
0.44137
5.13527
2.24792
0.0551
-0.00587
-0.0656
-0.27817
1.2526
1.95623
-2.63895
-1.752796
-2.65635
-0.4287
-1.88452
-1.516532
1.93022
-0.53817
-0.714
0.20925
-0.585
0.011313
-0.47014
2.424158
-1.408333
1.95
-1.802487
4.33794
-0.8517
-0.21082
-1.02
0.924
-2.2743
1.309592
0.536165
-0.234276
0.50513
1.4706
2.338262
1.94
0.57657
2.43505
-0.0525
-0.6582
1.92
-0.53687
1.09184
0.12639
1.45644
3.12415
-0.57407
-1.0493
-1.991586
-1.602342
-1.0913
-1.56774
-1.17289
1.876825
-0.576
1.0843
-0.83095
-0.14127
-1.659873
1.55763
0.646498
-1.6388
0.403
-1.2813
0.34382
-1.0176
1.24149
0.00825
2.97139
-0.7456
-1.2327
1.600924
2.49328
0.377
1.21547
-5.3
1.12
0.622
-0.38936
-1.24009
-0.58381
1.3416
0.89312
-0.6907
-3.3675
-1.5526
-1.17439
0.95504
0.65565
-0.04644
-0.3852
-0.9147
9.0244
0.256
-0.987482
-2.4559
1.84953
-2.76
0.4679
2.38133
-0.041755
-1.35319
-1.24855
-2.66938
-0.831
1.3
-1.78
1.4951
-0.6145
0.8078
1.22513
0.929784
1.54951
0.6073
0.61756
-1.22727
1.47
-0.16945
2.53934
0.810383
-0.29875
0.313
-4.62865
-0.09118
-0.593
-0.606
-0.04446
3.798618
0.486
-0.686
0.29643
1.76
3.0958
0.37
0.114
0.80936
-2.3867
0.8576
-0.03721
-0.9029
1.128246
-0.473961
-2.85041
0.6371
9.67
-0.89394
-1.9082
1.8535
0.8585
1.7595
2.02747
-4.58502
1.87
-0.855
0.0894
3.7247
-1.193611
1.94025
0.4912
-0.7799
-1.03054
1.20206
-0.68809
3.46
2.67
1.54121
-0.72554
-0.2331
1.18789
-0.227
-0.67635
-1.0121
-3.1929
-1.8939
-4.3663
-1.5
0.905
0.49229
0.2634
-1.61232
-0.2551
0.30983
-7.5
1.2572
-0.410795
0.377087
-1.889087
-0.6685
1.8323
-2.527211
0.5158
0.77532
-1.83
0.23
-1.6373
1.4664
-0.449
1.38
-0.15924
-0.957
NA
1.12915
0.71876
-1.29336
-0.673591
0.25481
-2.286339
-2.2461
-3.195294
-24.4
-2.40289
2.11
-0.8007
0.87
-0.80908
1.7234
-5.8824
-1.90612
-9.77928
-0.10105
-0.37368
-1.88166
2.29863
-0.56976
3.0006
5.17612
2.3397
-1.3536
-0.081
0.695
1.7267
-0.57219
-2.28597
-0.24999
-1.67273
-1.5322
-2.69329
3.07157
5.7072
-1.1222
-0.442
8.27225
3.1682
0.412928
0.93674
1.0405
1.4625
0.33977
2.25434
-1.232393
1.1937
-1.02
-1.640262
-2.45
0.2601
-0.04903
-1.50886
-1.60632
-3.40953
-0.568171
-1.46575
-0.793063
-1.84
-2.51603
-2.982554
-2.44592
-0.11508
0.4005
1.02
0.62261
-1.07445
-2.37465
5.72104
1.216676
1.60983
1.2485
-4.34865
0.0312
-0.78396
-1.72122
0.2197
-0.84276
-0.07904
0.8633
0.95962
0.551
1.68
0.8252
-0.119
3.2214
-1.723
-2.57374
4.33346
-1.65657
-0.738
2.66204
0.42969
-2.39914
0.969
2.04508
2.1665
0.59277
-0.8489
-0.4469
0.79159
0.1348
1.19944
-1
0.71889
-0.7956
2.78796
0.468
1.4875
-1.04332
-0.582
-2.5528
-2.088663
0.7619
0.31538
-1.9549
1.31846
0.312
-0.50527
-1.566266
2.5412
0.76084
-5.20773
6.93704
-0.11566
-1.01951
-0.642
1.4543
-2.715587
-0.85387
-3.179476
1.68212
0.625
-1.34
7.67816
-2.21
0.58129
-0.0581
0.787
1.29
-0.49723
-2.898336
4.15369
-1.07472
-3.43
0.52742
-0.441312
1.1954
-1.39647
-1.06913
0.65458
1.098407
-1.19391
3.2368
-2.704985
1.710313
7.70005
-1.65
0.718608
-1.5489
-0.99007
0.4507
1.1895
0.1909
-2.86092
-0.781637
1.0566
0.50378
1.1877
1.378832
-1.6814
-2.64
3.57703
-2.29
-0.602
-0.927059
NA
NA
-0.63808
0.4549
-0.5584
0.6435
-0.1425
-0.866
-0.97883
1.4995
-0.28168
-0.50111
-0.46301
1.058
-0.804
-3.3061
-0.56377
-2.09606
-1.4437
-1.215527
1.83
3.0948
0.34309
-0.56882
-0.1887
-0.3105
0.81139
-0.5083
0.363621
0.491
-2.18165
2.4823
1.4345
0.0952
-0.2883
-0.05191
0.469
-2.4171
0.87276
-2.25921
-0.82858
-2.1957
-0.82941
-0.199
0.353001
4.268
1.82395
0.2408
-1.6238
-1.9978
0.2135
-3.21647
0.342
2.13629
3.04837
0.00662
-1.183
4.37
5.17
-1.49
1.62
-1.64
1.42
-0.823
1.86
-0.464
-2.478148
0.10947
3.49
1.54
1.3
-1.86912
-1.52246
2.17553
1.99298
-0.25728
-4.52787
-1.1099
0.90983
1.1157
-0.64948
1.37
7.70095
-1.83
-0.3619
0.267013
-1.5949
1.35846
-1.61742
-1.404569
0.849155
-0.60092
0.15294
-3.86
-2.16
-2.66
0.54637
0.4419
2.8884
0.33361
-0.95629
-1.68983
0.70029
-1.54421
2.5986
0.40126
1.03
-3.19635
-0.54917
-2.36312
-1.85234
2.48304
3.8784
1.250741
0.499825
1.349576
-1.511441
2.58747
-1.24148
1.5121
-1.9487
-0.2146
-0.578
0.591
-0.908
1.63
0.55354
1.42
-1.82
-1.2899
5.5008
-2.9416
-5.4757
1.52632
-2.48405
0.5357
1.60605
-7.818367
-1.0755
-2.0347
2.1038
2.5817
-1.0612
-0.4311
-1.4226
0.8764
-5.1595
1.8777
0.795
2.3436
2.3204
-1.9281
-1.3574
-0.3187
-1.1379
-0.4588
-1.8074
-1.7791
-1.3916
0.6914
3.17
0.179
-1.5239
-2.47382
-1.1913
0.260247
-1.223494
0.203
3.21
-6.05
0.85186
0.749
-8.975
3.74
-0.388901
-1.08
3.7935
0.541
-2.5898
-0.11733
-0.707
-0.9578
-0.4102
1.96
-0.806
2.06
1.2165
-0.3005
-2.80142
-1.41214
-0.14746
-3.55291
-0.40595
1.4236
-0.3866
-0.941831
2.59156
-2.26776
-0.4428
0.05606
1.0629
-0.096
-1.49644
-1.86679
5.127269
-0.314898
-0.9636
0.2374
0.082404
-0.614401
-0.867108
0.359186
0.915248
-2.83606
-1.2921
-0.09051
1.3705
-1.04874
-0.7786
-0.8716
4.15981
-1.28892
-0.0855
-1.44
1.56796
0.64
1.99646
-0.30024
3.47356
-0.91445
0.53421
1.38728
0.00966
-0.62481
2.240305
1.842085
0.131535
3.798001
2.874741
-2.291124
-1.9835
-2.01
0.6124
2.4962
-0.2119
NA
-1.684871
-0.13825
3.57
-3.14909
-1.590328
-0.803833
2.4419
-0.714
0.279
-3.38
-3.5169
3.18
-0.332
-1.81
-0.408
-0.069732
4.11
0.501
0.835
-1.53428
0.348
-4.4647
3.3904
4.8802
-0.6156
1.1492
-0.5989
0.3036
-1.247
0.3084
-1.4944
-5.0824
3.9125
1.927
3.2903
-4.6115
4.5549
0.6761
-1.1063
-0.1955
0.7189
-2.9698
-0.9519
1.903
-2.4593
-0.7447
-1.7169
-1.3649
-0.1412
-1.2661
-2.4195
0.5882
2.5113
-0.0937
-1.431
-3.2502
-0.3036
-2.4448
1.8086
-0.1925
1.1761
0.974
1.6798
1.5223
-1.7057
0.1957
-0.3823
1.583
-0.1555
-2.4934
3.0394
1.1808
2.725
6.7808
2.5492
1.4064
-2.5398
0.7263
-2.6584
-5.5546
-5.3599
5.8614
1.0261
3.0954
0.592
0.2912
2.428
-0.5635
-4.5292
-4.6979
0.0539
-0.0871
1.2591
-0.0703
1.3146
-1.9365
0.6257
-3.4515
-0.3768
-3.2004
1.533
6.4715
-7.7222
-4.1354
-3.2579
-1.0045
-6.1304
3.14
-1.7948
-2.033585
-1.127514
7.553221
0.839716
0.131421
-2.428892
-0.640608
-1.055627
-0.586509
-0.051616
0.962582
-0.776253
2.805268
-1.286312
0.344721
1.054706
1.191667
1.400136
2.600879
-3.87224
-3.378614
0.188044
0.333023
-0.012814
-0.114996
2.882179
5.940581
0.375045
-0.8672
-0.749777
-0.187789
2.58876
0.483417
3.411198
-0.056305
-0.053559
1.187463
5.160702
-1.539854
2.065907
0.700973
2.153729
0.50763
3.058986
-0.060875
-3.3906
0.5763
-2.5942
-1.3767
-0.4694
-1.5753
0.6704
-2.1209
0.9538
0.5034
-1.2082
2.201
-0.9109
1.2746
3.5986
-0.0915
-1.5904
1.2186
1.1804
-0.1717
2.7914
-0.047
-0.9874
-0.4281
-0.9637
-1.7295
8.7299
-1.2609
-0.8716
-0.8585
-1.5022
-12.1045
-0.4953
-1.0781
-0.619
-1.3054
0.488
1.2744
0.3907
-0.771
-0.64
0.9255
2.4544
0.09188
2.7375
-1.26241
-0.91528
-1.41189
-0.58663
-0.13802
0.36321
0.39329
-1.26284
1.09451
-2.5053
0.82854
2.17711
-3.68508
0.02889
0.14126
0.87842
-1.49
0.01067
1.41418
-1.57681
0.25679
-0.18021
5.58775
1.21891
0.6423
3.32203
0.79877
2.37685
-0.3554
-2.8014
5.1033
-7.9357
2.1918
0.0317
-2.1973
-0.0812
-3.2369
0.4888
1.3961
-3.3441
-0.116
-1.962
-1.5099
-0.3425
0.6052
-2.3113
-0.0433
0.4281
-0.5859
-2.2287
3.2104
0.7734
-1.9506
-1.4966
0.3643
2.603
-2.048
-1.8787
2.0036
1.4276
0.0726
-0.0901
1.7757
0.561
1.3817
1.3903
0.0293
-0.6155
-1.4599
-2.1847
0.3167
0.4857
1.1088
-2.6688
0.7535
2.4309
-4.983
0.2685
-0.2298
1.5522
-8.552
0.7132
0.0903
0.34985
-2.4466
-5.60239
10.63356
-6.04846
-2.33778
-1.44276
1.92459
-0.26541
-2.67668
2.04684
-0.6003
-1.71545
-0.31287
-0.9498
0.36848
-1.28022
-2.65806
-1.185632
-0.038737
1.520562
1.12008
-0.000759
2.023052
0.171604
-1.4241
0.571615
0.877749
2.115463
1.718122
1.289184
3.334455
-5.078147
-0.820702
0.667651
-0.59642
1.417811
-0.48658
-6.905245
2.44118
-1.647985
0.56931
2.233357
-1.872287
2.324863
-1.007454
1.246698
2.811632
-0.458651
-0.21168
1.752722
-0.00945
1.4337
-0.803142
0.24422
1.125708
-11.5
-1.49
2.81
1.53
-0.0398
-4.92
0.468
-1.15
4.38
-2.1
0.224
1.89
0.0951
0.303
0.549
3.23
-2.94
0.609
1.15
-0.0572
1.84
0.943
0.718
-0.449
3.19
1.35
-0.51
-0.333
1.94
1.28
0.231
-0.141
-1.13
-4.83
4.33
-0.207
0.601
4.34
0.127
-3.65
-0.282
-9.86
0.594
-1.81
-1.31
2.94
-1.71
-0.56
0.627
2.61
-1.75
-0.643
-5.39
-1.47
-3.77
-0.542
0.176
-1.7
-3.13
1.12
1.47
2.1
-4.82
-1.9
-3.5
-4.68
-0.168
1.18
-12.1
1.52488
-0.66995
1.6278
0.19859
-0.9593
4.54437
1.0824
0.66617
-0.08115
-0.18941
0.67666
-1.86753
-2.54969
-2.91095
0.02945
-2.258305
-1.89162
0.62402
-1.02106
-0.6319
-0.135
0.16007
0.1698
1.42243
-1.81494
-5.27912
1.1298
0.06406
-0.40909
-0.94841
0.00641
-1.34207
-1.58491
-1.97204
1.92668
-0.15103
-0.17904
0.09022
3.11714
-1.14334
-0.20145
0.877
0.14448
1.31622
-0.76017
-2.29601
-0.67391
2.22545
-0.50786
0.15233
1.47159
-1.43585
0.06343
3.10879
1.41732
1.56057
-0.90273
-3.9354
-0.8748
-0.63952
-1.24798
2.25311
-2.19156
-1.0103
8.751
5.67681
-1.09478
1.69396
0.04884
2.98663
3.06141
0.47436
-1.03722
0.7558
2.88398
-0.2923
-0.04546
-0.483
-1.411484
-1.29058
0.458593
-1.234295
-1.902792
2.49513
-0.288419
1.826341
1.074297
-1.064484
-1.150128
-0.338416
1.488775
-0.100254
-4.076932
-2.648017
-2.273637
0.464303
-0.887962
0.437084
-1.690069
-0.315513
-0.143118
-2.640721
4.799282
-0.453961
-0.118141
-2.626443
-0.948385
-0.16923
3.14662
0.58338
4.59334
-4.77117
5.86477
NA
-3.33487
1.71732
-4.85209
-1.68382
-1.91376
1.42653
-0.59831
1.17351
-1.95342
0.12478
-1.08885
-0.57561
-2.35152
1.33971
-6.39358
6.42474
5.88383
0.73417
-1.29061
0.6419
2.99944
-0.0087
0.26587
2.91989
6.01111
-6.55253
-6.1524
0.12464
-1.58407
-3.99981
0.00816
-0.71046
2.87095
-1.14708
0.1431
-1.46405
1.29455
-2.95421
-0.04972
1.09988
-6.33436
-0.6624
-1.54531
1.36453
-0.10866
-0.8127
-0.99038
-1.4168
1.0647
3.57522
4.15631
1.6949
-0.2739
-1.994503
-0.708642
2.122653
-0.814675
-1.628363
-0.06638
-0.020786
-1.347138
-0.917904
0.895481
-2.201779
-4.5132
-0.243915
-0.416412
0.224534
0.128012
-2.393197
2.019985
0.115473
-0.327375
0.546089
-0.550284
0.338624
1.947132
3.429318
1.4351
0.0782
2.20018
-5.13974
-1.23883
-0.48043
1.97772
2.97696
-3.14592
-1.30201
-1.23322
-0.09136
0.30356
0.46015
-0.02502
0.62795
0.34223
0.51601
-0.4634
0.41002
1.92983
2.17734
-0.48561
1.29286
-2.26045
0.9291
-1.26952
0.449
0.3451
0.79366
1.0899
2.54766
0.08588
2.39756
2.25948
5.46682
-0.60175
1.67729
-4.35267
-0.23899
-1.58657
-0.00749
2.06616
1.4173
0.5127
0.7552
-0.6835
1.8729
0.2345
-2.0522
2.6157
4.12
0.9009
-1.2643
-1.9635
3.2042
1.5734
0.1307
0.6726
1.4582
1.9959
-0.1466
1.9242
0.599
1.9741
0.8438
6.4723
-1.1844
0.6442
-0.0478
-2.5977
-12.0754
7.6082
0.255
-18.0887
-0.5494
-3.3011
1.7332
-0.1499
0.0372
-0.557
-0.1386
1.1009
-0.069
-1.517
3.3901
2.6528
0.9328
-1.0517
-0.9718
-1.0269
-1.1295
0.8911
1.498
1.302
-0.3547
1.0648
0.4409
-0.8875
NA
0.4811
-0.7625
2.0615
4.3742
-0.2251
1.8641
0.4799
1.7052
2.435
-1.175
NA
0.4401
1.9102
0.3497
2.1926
1.4679
0.8144
-1.6748
-1.3918
-0.4921
1.1633
0.9716
-0.0672
-1.3653
NA
0.9024
-0.5566
-1.9205
-0.1104
1.402
NA
-1.2176
0.4929
-0.1838
8.6593
-6.2085
-0.5154
1.6003
-0.2899
-0.5496
1.4423
-0.7757
1.4862
-1.0025
1.0926
-0.5915
-1.9583
0.2105
-0.4781
1.7155
-0.8971
0.6985
-0.471
0.4008
-1.0231
-2.9015
-0.5178
-0.0365
NA
-0.9392
0.7329
-1.1364
-0.804
-3.17059
-1.07227
-0.19666
-2.08375
-2.3973
1.84891
-0.81715
2.5037
2.75702
-0.98418
-3.63315
-1.24634
5.20344
-1.4922
-1.95221
1.24333
-3.10863
2.38493
1.03255
-0.48036
-0.68163
0.46839
0.55144
1.1093
0.84582
1.17728
-0.03049
-0.61
3.48535
-0.6379
-1.26845
-0.8091
0.2185
-1.97097
1.21815
-3.20349
-1.22188
0.5697
1.1065
-0.66129
0.22229
1.67124
0.57845
0.11525
-2.13255
-1.52434
-1.04816
-0.25929
-1.44367
-1.05217
-2.06659
-1.23733
-0.19944
1.7214
0.05764
-0.18112
-0.43306
0.00389
-0.33878
0.61557
1.0194
-2.92575
1.52781
-0.83492
1.34437
-0.17356
0.95674
-0.41021
1.94952
1.14939
1.23854
-7.57782
1.47443
-1.87086
1.46669
0.84554
0.31682
0.701
-1.33286
3.08422
-2.62579
0.30742
0.72618
-0.91532
1.3465
1.21748
0.4263
-0.86992
1.34351
2.55164
1.9117
2.57963
-1.10781
0.08121
0.56631
-0.32494
0.22497
0.55533
3.96136
0.73873
0.37546
0.3392
1.09798
0.15901
-1.90736
0.87672
0.10459
-0.40381
-0.3147
2.3876
3.2622
1.94009
0.748
-0.0914
1.50487
-0.78641
-2.15782
0.19421
-0.05297
-0.96082
0.6378
0.40183
0.02771
-0.31155
1.88346
-0.44464
1.4917
-0.37846
0.99516
2.12869
0.39092
0.25335
-2.04892
-1.28087
1.54926
-0.6349
-0.87518
0.56911
-2.61988
2.05441
2.09843
0.03357
-7.80413
-5.51843
2.7348
-3.29306
0.12321
2.34637
-2.6276
3.0949
-1.33189
2.73514
-1.06646
0.79384
-3.78717
0.34807
-0.98326
-0.95609
-1.22185
-0.20091
-2.04749
-0.67854
1.86652
1.0507
2.12461
0.53999
0.68595
-0.14281
-0.185
0.875
-1.12
-0.913
0.291
-1.16
-1.66
-2.01
0.134
-3.92
1.05
1.35
0.765
2.35
6.88
-1.11
0.872
0.457
0.601
-1.05
-0.339
-0.501
-0.303
-0.155
-0.18
-0.547
-1.79
-1.78
-2.3
1.43
-2.29
-1.17
-1.56
1.39
3.25
-0.37
-0.299
0.756
-1.09
-0.132
1.34
-0.654
0.653
-0.0352
0.553
-2.9
0.316
-1.1
-1.65
-0.487
1.89
0.167
-2.76
-0.0928
0.986
-1.07
0.436
0.675
-0.814
4.71
-1.43
2.09
-1.67
-2.82
-1.52
1.39
6.1
3.18
-3.87
-1.78
-0.202
-4.74
4.01
-6.04
2.3
-1.2
-1.78
-7.77
0.0331
0.734
0.721
-0.501
-0.578
-0.783
-0.511
0.311
-0.391
0.212
1.93
-4.75
0.532
-0.166
2.33
-1.80095
1.11982
1.0841
0.04516
-1.14904
0.333
0.22311
-0.85
1.42
1.47047
-5.2
-1.2874
0.10154
1.3937
1.6451
0.3951
-1.916
4.0127
8.7785
-2.1322
-1.973874
0.1916
-0.9428
1.52
-5.0861
0.4267
-0.4879
1.82
-1.31
-0.745653
-1.25573
-0.57079
-0.8984
2.2543
0.9304
-1.18033
-1.3603
0.3321
0.96125
3.68935
0.1735
-1.48913
1.02248
0.17894
2.1034
-2.07
-1.59711
0.2802
-0.7956
-2.56091
4.51932
0.13744
1.6736
0.9481
2.38046
-0.19298
-0.5202
-1.27512
-0.23989
8.21495
-0.104
-3.64
-4.758629
1.789088
1.280575
-2.899861
0.441715
2.971602
-4.088043
0.075555
-1.822757
-0.864883
-1.92561
-1.549936
0.52277
2.030878
-2.15124
0.908619
-4.533214
2.398165
-2.699877
-4.814499
-2.246472
-0.537181
-1.15605
-0.97824
3.06948
-2.69358
2.26555
3.62432
-1.2009
0.50552
-0.92073
-0.86304
-0.180416
-2.02399
0.013226
0.095333
-0.114223
1.153463
-4.585827
0.094586
-0.864398
1.462553
-1.112334
-0.68304
8.42034
-9.08961
0.43024
-0.42239
0.0582
-0.7677
-5.22685
-0.86451
-2.75847
4.3477
5.73912
-0.727
-2.77
1.5507
-0.7397
-1.75332
3.2585
-0.181197
1.64054
-0.856749
0.6996
2.5647
0.805
-0.2978
1.57812
0.8956
1.93358
-4.47409
-0.85044
-1.43575
0.26622
0.31594
-3.09
-0.8878
1.2023
0.844
-0.2068
1.1379
-0.006881
-3.659485
-0.706007
-2.116287
0.304639
1.104999
2.811106
-2.654932
0.94
-0.661
-1.6419
-2.059002
-1.24678
0.89769
-11.79682
1.30662
3.066
1
0.589
0.8702
1.7093
-0.4221
0.7571
1.26
-0.076
1.25
-0.11832
0.07381
7.70083
-1.73494
-0.5653
-0.563
0.588
1.14
-2.33
2.33132
-0.23086
-0.25522
2.389446
-1.130358
-0.049554
1.74
1.68
-0.319
-0.704
2.66591
7.11827
10.7676
0.25691
0.55138
0.1116
0.272
-3.89
-1.2514
-0.0778
1.5051
-0.8081
-0.831223
0.162
1.94
1.88
0.978
-15.6
-1.03717
-2.71307
0.18668
1.41368
0.43775
-1.87712
-0.80144
0.24771
0.48259
0.27836
-1.92099
0.29938
1.53241
1.17681
-1.76416
-3.6102
-3.41989
-0.0122
-0.37778
-2.500738
-0.144496
1.152501
-2.364248
-1.080842
-0.051764
-0.862007
1.5347
4.8126
1.0728
0.4082
2.2609
-1.2124
-0.3742
1.03
4.06054
-0.7704
0.96341
-1.111143
-2.052299
-1.0331
3.6948
1.3796
-0.5625
-0.6122
1.8069
0.1406
1.1001
-0.66963
1.0131
-1.9476
0.82725
0.83538
2.76677
0.223
0.56346
-0.681432
0.97
-0.60342
0.48152
0.75245
0.86109
0.59773
-3.10454
0.35823
-1.0273
2.1038
-0.7232
0.9465
2.6216
-3.6432
1.2779
-0.8074
1.8158
0.7783
-0.9799
-0.6945
2.6569
0.1972
-0.0026
-0.5771
-2.8364
-1.2016
-5.2765
0.3691
0.4013
0.99615
-1.72764
-0.378
-0.2655
2.99682
4.83
-1.96
-2.02
-4.1625
NA
NA
NA
0.5022
4.0134
0.8068
NA
2.2261
3.5215
NA
NA
3.0311
-1.6195
0.0116
-0.6307
-0.4551
1.3746
1.7842
-2.691
-0.5763
1.023
3.0094
-1.25357
-0.25906
1.2717
-1.07074
-1.1796
-0.3216
-0.7551
3.257
0.5521
0.5476
0.1506
-0.26031
1.42488
1.88635
0.0134
0.57289
-0.733855
1.19112
0.37559
0.32097
2.25536
-3.0088
-0.2474
-0.23204
0.173
1.99992
0.56952
-1.42601
-0.0719
0.34441
1.90234
1.43218
-1.19987
0.48931
-3.92
1.89
-1.33
1.24
-1.19
-3.79
-5.16
0.79
-1.9863
2.7364
-2.5092
1.9438
0.0305
-0.5539
3.033
0.205
2.1466
0.9354
-1.6981
-0.3578
-0.8754
-2.8414
1.3995
0.4568
-2.5503
5.19
-2.31
1.3898
-1.3833
0.6623
2.3997
1.8522
-0.5926
-2.0699
-2.0826
1.13271
2.805143
-1.02639
-1.15593
-1.26503
-2.07
-0.349
-0.562
-0.401
0.639
2.93
1.41
-0.682
3.24842
-2.49441
-4.23265
1.64
2.4
1.22868
0.388
-2.817
3.89423
-4.209798
-0.227692
-0.824752
-0.9321
-0.60431
-0.38569
3.89389
-3.68012
4.18836
0.61274
2.52
-1.26
1.14375
-1.23715
2.9827
-1.4549
-1.0531
-1.4869
2.9191
0.29586
0.46342
2.85627
2.15988
1.667537
-2.02
2.48
-1.53
-1.12
2.32
-1.2841
-1.4555
0.1363
2.2569
-1.0137
-1.1285
0.9837
0.31429
1.74644
-1.14244
0.99786
-0.0151
0.31464
0.66012
-0.51514
2.94837
-1.65206
-2.47691
1.17092
0.931
-0.324951
6.691702
3.9136
4.0201
1.7082
-0.4308
-6.459
1.1488
4.0663
-0.9291
-4.9677
-0.3682
-0.3301
-1.5254
-0.271
0.7676
1.3653
-1.1065
0.07007
-1.82753
1.70192
1.12779
-0.19726
1.42896
-1.48503
2.33676
-0.9778
0.22879
-0.23295
-0.0757
-2.0074
1.27057
1.25758
1.5391
-0.66282
-1.224968
-0.9335
1.17616
0.57173
-0.03386
0.6488
-1.3474
1.89763
-0.44863
0.98699
2.04394
-0.7848
-2.29301
-0.52585
0.28325
-0.602946
-1.59966
0.2138
-0.81026
-0.9363
-4.48277
3.4113
1.02608
-1.237782
-1.84
-0.392
-4.37
0.165352
3.83
0.0853
0.332794
-0.408534
1.535864
0.790914
1.37872
2.596148
-2.429049
0.27669
0.70886
-0.95824
-1.168593
1.42947
1.74265
-3.925
0.6914
0.798
4.9
-1.7874
-5.01
1.2658
-0.25862
-1.21
2.61
-0.63575
-0.695429
-0.88627
-1.52129
-0.823
1.8895
-2.25
0.88443
-2.53
2.63
3.3631
0.9259
1.2963
0.71147
0.14429
2.0468
1.5418
1.7
-2.4638
0.5669
-0.153
2.26
11.5
1.08
4.55
0.3027
-3.29
-1.05453
-1.92091
0.7944
-0.19653
-0.47743
-2.366178
0.34142
-0.0127
-4.04
-0.0806
0.8755
0.7516
0.1354
1.05994
-1.39236
-2.87469
1.472
0.526
-2.64
0.657
-0.736
3.23
0.244
-2.18
0.7403
-1.1605
-1.4963
-2.41
-1.78
-2.73
-1.63
0.945
-1.378
-1.52167
-3.24
-5.050192
0.1137
1.8937
0.5019
-4.0691
2.81154
-0.0587
3.47
3.26274
-4.1062
0.4648
-11.5148
1.15
0.373
2.76023
1.596693
-0.47257
0.7647
1
-6.9749
-0.48285
0.16645
-4.60019
0.05691
-1.66646
-3.19765
-1.45658
-0.8
-2.55227
-1.1569
0.2285
2.1278
-0.53915
-1.6
0.97481
-0.26498
-2.85749
-0.466
1.77
0.123
-2.85638
-1.7699
0.82666
-0.765444
-1.57
1.652532
-0.788494
-0.3807
0.582
-0.59
-3.25
-0.471
-1.7
-1.52
0.78434
-2.25
0.61851
0.96397
12.01024
-2.03
4.4
0.27824
-0.2773
5.6529
0.56968
0.71638
0.907592
-0.59293
-0.51233
0.31759
2.8688
0.0917
0.80926
-0.33975
-0.42295
0.945194
0.5744
-7.40329
-9.42963
0.47929
0.34677
1.29251
0.318073
-1.12265
0.22805
-1.07281
-1.9914
-0.0429
-3.9306
0.3923
2.3701
1.6178
2.65
-0.253
-1.87
5.24
2.2714
-1.14619
3.12046
3.34
-3.14
-2.103
-0.7567
0.5053
-0.6629
0.50701
0.54534
-1.92
0.678
0.84803
2.34776
-0.74475
0.64811
2.69017
-2.36926
-0.25149
2.23858
-0.822
2.39
6.9
-2.22
-0.3723
-0.6165
1.4123
2.34273
-0.71806
-2.13183
-0.31925
0.13089
0.37257
2.04
-0.141
-1.51
-1.51
-1.79
-0.107
0.33201
-1.41909
0.3199
1.07758
-1.7371
0.9442
2.4105
-0.7035
0.2262
-3.036
-2.8072
-1.79992
-1.69642
1.64226
1.6875
-1.92481
-1.639284
-5.9789
0.75948
0.9136
0.742141
0.629921
-0.89779
0.7688
1.52891
0.76315
0.01865
-0.881484
-1.6129
1.123724
-0.917624
0.361001
0.995568
-1.457492
-1.044098
1.13193
-1.726195
4.1692
1.1304
1.014
-0.32885
0.05762
0.13681
-2.35735
0.97338
0.0196
5.1
3.67
3.39
0.836
1.82
2.53
1.04
-1.11
1.06946
0.50516
-0.9469
-1.5487
0.084
-1.67466
-1.0282
0.61894
-0.17761
-1.0002
-0.90669
-0.266
0.85804
3.437376
-0.425651
0.22335
-0.22872
-2.3943
1.2572
-0.8558
-1.06264
1.08375
-0.177
-0.288
-0.8
-0.67755
-1.55214
0.40473
-1.29197
0.29315
0.10551
-2.15
0.712
-1.7988
-0.6888
0.59064
0.88917
-0.26037
1.30804
-1.60263
-0.04779
-3.102544
4.42557
-0.37771
-0.6859
-1.58075
1.01257
1.68625
1.4247
-1.8132
1.3724
0.2992
0.5902
1.55559
-0.22259
0.75298
-1.17863
-2.19912
-0.33827
1.149
0.3115
-0.7261
0.2456
-1.0957
-1.7222
1.8074
-1.274
-2.8277
-0.7546
-1.9385
0.1539
-2.23447
-0.53479
-3.1583
-2.0006
0.0588
-1.0147
-1.2385
2.7017
1.0882
2.0094
-4.5202
1.1228
1.3292
0.3953
3.6545
-3.0149
0.6985
-0.1419
3.4111
-0.846
0.4832
-2.5168
-0.2779
2.385
-1.17284
1.02223
1.79559
0.81765
0.2847
-1.8527
0.8105
-6.7159
0.8294
3.2545
0.0365
-1.547
0.47
-0.62
-0.715
1.33
-0.158
1.24
-2.15
-0.602
-2.6
2.3
-0.337
4.32
0.233
1.22725
0.80248
0.04612
1.62376
-0.97663
-0.04555
1.9476
-2.35128
-1.28183
3.87583
-1.35513
1.23692
-1.59679
-1.36011
-1.6538
-1.766
0.747
-3.8152
-1.36731
1.06592
-0.30521
3.07537
1.02229
0.18532
-0.13795
-4.05479
-1.07635
-1.30824
-0.22714
0.88897
3.245
-2.30695
-1.23229
3.47947
0.63999
0.60787
1.65633
0.20907
-2.77688
1.19236
-0.819435
0.826685
-0.23937
0.79123
-0.05953
-1.10133
2.70723
2.80973
-2.39605
-0.1783
-0.70883
2.21458
-1.50965
0.2305
0.77117
2.69419
0.72719
-2.37289
1.49656
0.1267
1.999097
4.812993
-1.82776
2.85593
3.25787
-0.26684
2.04426
-0.6219
2.22872
-0.9928
0.8691
-1.39202
0.90117
-0.48239
-1.92538
1.86488
0.47909
1.27587
1.35022
-1.38094
-4.44015
-1.573
1.77102
-4.84449
3.21948
0.53942
-0.98531
-0.6651
-0.43223
1.97617
1.923104
0.817937
-0.394618
0.26692
-0.83196
0.21932
-0.8782
0.15897
-3.80405
1.872
2.02699
1.41067
3.0337
-0.8923
NA
1.4482
4.6918
-1.6025
2.9448
-0.3963
1.1039
0.7343
-0.2488
NA
NA
NA
NA
-1.822
NA
1.5674
NA
-0.9752
-0.0238
-0.869
0.2582
-1.95371
-0.94457
0.09879
0.65797
-0.42793
3.21734
2.01169
3.585611
0.304688
-0.886791
-0.328493
-0.60135
0.125962
-2.16591
-2.68425
-0.01294
-1.00068
-0.0851
0.17601
-0.35591
1.93077
-2.21261
2.10037
2.2984
0.42104
0.25332
-0.4954
1.80659
0.3925
2.99329
0.07573
0.19192
-1.59336
-12.34376
1.7807
-0.138
-4.95
-1.83
1.59
0.414
-0.741
0.42
0.279
-2.12
1.45647
-0.74663
1.36953
-0.03972
-0.5709
-2.81467
-1.71772
2.47984
-0.76269
0.37724
5.210223
4.782461
-2.467877
-0.348343
0.188899
1.952098
-2.171105
3.185187
1.150221
-0.535322
-0.645564
-0.294333
2.150654
-0.248559
-1.43122
-0.02532
-0.10463
-1.46923
1.3852
1.66242
-0.70141
-0.21482
0.796
-2.90756
-2.45711
-4.50455
1.2423
-1.13185
0.20907
-1.21355
-4.76
-0.13263
-0.60879
0.85985
-1.40321
-1.61494
-0.03106
0.126704
0.662236
2.168975
-0.440901
0.090774
0.581315
0.263834
1.239575
0.044481
0.241935
-0.305832
-0.86865
-3.449385
-1.533622
4.464201
-2.188755
1.280483
-3.637921
-2.513845
0.529675
4.851917
-0.346804
-0.681999
3.239369
0.620382
-0.09308
1.96377
3.202
1.1241
2.4038
1.1951
-0.921
-0.1819
3.6339
2.5532
-0.4546
2.4235
0.7652
1.9603
2.3291
-1.8432
-2.0829
-0.025
0.759
-1.4981
0.9145
1.9441
-1.6396
0.3229
0.8153
-3.4168
-0.9293
0.3744
0.0596
-0.7333
-0.814
0.05144
-1.00377
-1.9131
-2.2582
2.0193
-4.7423
2.3052
3.5495
1.3463
2.1543
4.0056
-1.38824
-2.54463
-1.1766
2.1893
2.2344
-0.2269
-1.81805
0.5544
-0.03949
0.72878
3.35148
-1.264411
-0.457403
0.727815
-0.466075
1.697596
-2.434516
1.603652
1.67815
1.399685
-0.788228
-0.707423
-4.444125
1.89251
-0.13227
-0.09703
0.79574
0.27876
-3.01701
1.86519
-1.15082
0.28062
12.97773
-2.12222
2.35816
-1.82018
-3.59182
0.48249
0.25151
2.73224
-0.68501
0.04382
1.02692
0.21839
0.90621
-2.02364
-1.55489
-0.33213
-0.91852
1.38752
1.4206
-2.83714
1.9472
-0.5337
1.9645
-2.314
-3.1685
-1.6592
0.0637
-0.3414
-2.2354
-1.7802
3.1914
-3.3122
0.2919
19.7044
-1.185
-2.7117
-1.8176
4.3112
2.6083
1.23891
1.94342
0.47624
2.2223
2.6629
0.1666
1.8999
2.7276
-0.10602
0.42631
-1.20288
0.91577
-0.35949
1.30075
2.15337
0.14131
-0.11954
-2.34929
-6.11189
-2.5656
0.38275
-2.3457
1.73671
-1.172
-0.84596
2.23849
-2.12322
1.09357
1.8183
2.8235
1.47593
-1.85496
-0.27655
-0.75265
-1.31365
-1.60371
0.13552
2.54957
-0.3611
2.11329
-0.85508
-3.87665
-0.04377
-0.50225
1.75962
0.76397
-0.49267
-1.34819
1.72792
0.26058
4.68399
-3.8998
2.32461
-1.41
3.79
-1.06
-0.6823
-0.1768
-0.0898
-1.96
-2.43
-0.15
3.69617
-7.63098
2.77889
0.9839
-1.8812
-0.5959
-2.2251
3.5609
-4.551385
0.497
-0.254
-0.909
0.387
6.544
-2.53
0.195
0.0892
-1.3
0.365
0.26466
-1.86
-0.101
2.1
-0.892
-0.904
2.25
3.46
-2.25
2.59
0.805
9.17
0.0804
-0.0922
1.61
2.47
1.770358
-0.748
-2.33
-0.76
1.08
0.337
-1.41
1.3
1.19
0.742
-2.52
-0.131
0.864
0.0225
-0.155
1.83
-1.77
-1.57
1.3
0.0732
2.8
2.07
0.000142
0.0687
0.523
-1.3
-0.242
0.938
-0.245
2.91
1.19
0.927
-1.8
-3.97
-0.411
0.00537
0.382
-0.256
1.09
0.575
-0.304
-0.145
-1.1
-5.8
-6.73
2.03
17.6
-15.1
6.14
-2.96
-4.21
-0.9959
-0.901
-19
4.21
-1.34
2.19
-2.99
-0.132
-0.4
-1.8
2.22
0.105
-1.05
-0.855
-2.39
-0.591
1.1
-1.08
-3.09
2.93
-4.57
-0.482
-1.79
0.146
-0.101
-1.8
1.92
-0.344
-0.378
-0.409
-0.931
2.08
-0.568
-3.56
-1.05
-0.0701
1.44
1.68
1.91
-2
0.564
1.99
1.63
1.64
-2.96148
-1.41432
-0.24294
0.5636
1.0288
1.88192
0.6395
-1.99404
0.20223
2.70261
5.20542
-2.57613
-1.89483
-1.17229
-3.30557
-0.55784
-0.96113
3.27232
0.48128
-2.28203
0.5663
0.89331
-0.31981
-2.44884
2.35178
0.86862
-1.49586
2.06113
-0.94481
-6.40376
0.96601
1.13115
-1.06728
-1.5178
0.7932
1.76067
0.46156
0.12247
-0.90419
-0.4882
-0.53296
-0.90663
-1.57729
-2.75246
2.13554
-0.26972
-1.75004
4.1088
2.16435
-0.15477
-0.27924
0.4057
1.78336
0.53413
-0.07038
-1.92329
-0.51967
2.74009
-4.17946
-0.64408
-6.69468
-25.73696
5.19766
0.25619
-1.16825
0.99489
-0.76296
2.60411
-0.01177
-0.31191
-0.91881
0.34447
-0.31772
1.75878
2.03663
1.97329
1.86623
0.4972
-0.11252
-0.5735
4.6159
-0.49216
4.11217
-1.20362
0.6671
0.78227
1.65723
-0.8062
-1.2306
-0.55349
-2.494689
-0.667228
0.103899
-0.93767
8.926691
11.443787
0.745749
2.195452
0.517994
-0.762344
-1.644672
-1.340563
-3.213794
-1.0578
1.27805
2.28836
-1.10062
0.13084
2.02712
0.75841
-2.28006
1.19348
-2.71664
0.31128
0.83572
3.20001
2.29716
2.027
1.94404
-1.15765
-0.44539
-1.00932
-0.21066
0.03395
-0.50918
3.77162
-0.39561
-0.06107
0.26718
NA
1.1919
2.3364
1.62102
-0.44484
0.53296
1.49571
-0.6011
1.8971
NA
0.2449
-0.7315
0.85712
-0.8787
-2.2623
1.3321
-1.5356
-0.3674
2.0163
0.809
-0.8562
0.0383
-2.185
2.1229
0.1741
-1.1537
0.913
-2.2882
-0.9462
0.4972
-5.2992
-0.30366
-2.35863
-1.18195
-1.75097
2.46066
1.80926
-0.77783
-1.91124
1.66372
2.4116
1.43456
0.7248
0.42514
1.96282
0.12437
0.77303
3.99521
-0.93271
-7.50831
0.18962
0.5616
2.542123
0.541811
-0.960445
-0.443637
0.833957
-3.873232
1.222959
-0.464374
0.3145
-0.446731
-0.747484
-0.537486
-0.322939
1.168522
-0.080502
-2.205446
0.315167
0.470431
0.110904
-0.081475
-2.721644
-0.5884
-0.902414
-0.985755
-0.520232
0.925251
-0.701482
0.934026
-0.96506
-0.77865
-0.35489
0.07818
0.09485
0.55601
-0.36659
1.1911
-2.51523
-1.40307
-0.1428
0.59062
2.77292
-1.92369
-1.76065
1.49297
-0.73037
-3.2242
-2.20246
-0.27064
-2.59276
-1.38854
0.24808
0.33931
0.64892
0.97898
-0.72058
3.52346
1.07401
-0.23908
-2.37284
1.264864
-2.099798
1.099127
0.340856
-2.649565
-0.068987
-1.67261
0.353946
0.2316
0.1621
0.211826
1.027658
1.715185
0.941211
-1.065573
0.126947
-3.130994
0.191874
1.090956
1.209484
0.886287
1.841365
-5.640134
3.236433
-0.79259
-0.89321
0.2298
1.40945
0.75168
-0.9362
-0.09033
-1.8536
-0.9052
-0.34395
-0.9651
1.75786
1.03414
-3.26705
5.76136
-1.82135
-1.87418
-0.87395
0.82202
2.74692
1.54125
1.83338
-4.75172
0.39048
0.3693
2.5852
1.46405
-5.14591
0.976
3.15419
2.60301
-1.54211
0.80211
-0.66651
-0.39886
-0.44488
6.90624
-1.6656
-1.0416
-2.61
-3.76644
-0.1339
0.04639
-8.8884
-5.2056
5.4838
-2.57774
-0.7777
1.185939
0.631484
0.2514
2.66
-1.44276
-1.51075
0.78895
0.09333
-1.3192
-2.08805
-0.89962
0.514629
1.25756
-0.04147
-0.61744
-1.00383
0.30178
-0.31252
-0.48477
0.38785
1.5475
-0.31349
-2.143187
2.2428
4.532
0.243605
-0.2411
-0.2125
-1.52356
5.389919
-0.3423
1.077671
-0.598454
1.743056
-0.154234
-2.08071
-2.15498
-2.7293
-1.05802
-1.210981
-1.27376
0.802687
-0.355618
-0.625479
0.835852
2.189061
-2.54444
0.851505
-0.033537
-1.64221
-0.626554
-0.021458
0.70689
1.3274
1.37026
1.4259
-1.01907
-2.59331
1.46388
-1.001875
0.36089
-0.74302
-1.9904
-0.4479
0.13309
0.293444
-0.28676
1.343694
0.14286
1.00092
0.16023
-1.79346
0.339139
0.093622
2.823
0.000901
-1.120037
-0.634
-0.82542
1.69865
1.44
-1.81854
0.0236
0.744
1.29367
-3.47484
-0.70406
-0.26169
2.03197
1.315269
2.92445
-2.07372
0.72768
-0.54365
0.7093
0.29487
0.38191
-1.42316
0.81021
-0.808
-0.41599
-1.8
-0.69781
-0.493
1.49804
0.32116
0.1124
-0.35239
0.3626
0.30708
-0.037056
-0.1466
-1.70206
4.27906
-3.45818
1.8982
3.4014
-0.0283
-0.0441
-3.28128
0.423432
2.049793
-1.225599
0.511069
1.2865
-1.0161
-3.2
0.9444
3.52997
-0.91761
1.47322
1.14788
0.25525
3.95562
-1.3065
5.4335
-2.27044
-1.5553
1.00222
0.1297
0.3269
0.132
1.1004
0.5959
1.6505
1.77703
-1.78399
2.23283
0.53485
0.15216
-1.3909
-0.03652
1.1533
-2.09795
0.79889
1.19
-0.763
-1.27
-0.08308
5.10216
-0.30383
-1.070873
1.22
-0.71437
0.12453
0.5619
0.0581
0.09897
-2.16447
-0.06817
10.18452
-0.07041
0.87872
1.36012
0.78139
-0.69149
0.63
0.61198
1.38715
-1.43881
-0.16946
-0.78031
-1.18085
-1.51885
1.33658
1.3601
2.323728
1.2896
1.012495
0.275244
0.772131
-0.103
1.131377
-0.231016
0.845502
-1.56684
-0.366
-0.407166
2.838082
2.311632
0.2487
-2.34999
1.4328
-2.9042
0.7013
1.4487
0.3044
-1.92287
0.49722
2.05344
1.7155
-0.47859
-2.45398
0.06444
0.14093
4.79943
0.65733
-1.84379
0.5817
-0.03141
2.0759
-0.928095
-1.08579
1.082181
0.7119
2.26
-2.06307
-3.8591
4.4306
1.23746
-0.701176
-0.35366
-0.77046
1.14362
0.96427
1.52492
0.27874
-0.667
0.31894
3.321853
-0.34956
-0.1618
-1.1783
4.6114
0.866
-0.794259
2.55562
3.12942
0.3422
-1.091891
-0.012
0.8089
0.162451
2.592542
0.706733
-3.39927
-0.0172
0.204266
-2.099891
-0.976094
2.087984
0.739
0.21454
0.03754
-3.54125
0.053967
1.4676
-0.3156
-2.1493
-1.5815
-1.6635
-0.2323
-1.503796
-2.35657
3.579879
1.743612
3.1897
-1.54316
-2.89953
0.434868
2.258018
-0.182708
1.603321
-2.1006
-0.541
1.861527
-3.24456
4.82046
2.4078
4.85391
-0.1851
1.358421
0.409724
-0.465944
-0.6259
-0.8899
-1.28
2.16
-0.1524
0.6044
1.16667
-0.9659
-1.29878
-0.54772
-0.15972
-0.70743
3.06495
-0.109
0.935
1.61667
-0.4925
-1.033325
2.43921
-5.61059
-0.0996
1.84
0.955
1.55669
0.4879
-2.36658
1.638269
0.3277
0.41686
-1.1649
4.5583
0.1011
0.2941
-0.354
0.57149
1.227394
1.21708
1.1635
5.6799
0.8061
0.1627
-0.07166
1.83938
-2.86309
-0.55375
-1.1833
0.984947
2.03474
0.3557
-0.9049
0.133
-0.9627
0.12596
1.21
0.07208
-1.32
5.11
2.84753
2.2985
1.91
-2.56
-0.335
1.99151
-0.0036
0.225
-1.97841
-1.15079
1.33
1.3359
NA
0.78361
-0.36646
0.67874
-1.85131
0.7957
0.149
0.82279
-0.34094
1.1586
-1.41995
0.88396
-3.21
2.00714
1.42205
0.925
-1.46
-4.67
0.168
-1.98
0.1
1.48
-0.121
2.4394
-3.68
-3.1029
1.04893
-0.95106
1.69
-0.77
-0.06968
0.4731
0.1233
1.5617
0.5199
4.62
-0.073498
0.476
0.058
1.7163
0.50859
3.53856
-3.70809
-1.41
-0.6168
-2.4224
1.6276
0.33337
1.0507
0.8989
-3.18394
-1.11405
0.285
-2.41822
8.09
0.2998
-1.2566
-1.18
-3.31923
-3.63
-1.33
0.6408
-0.563
-2.5527
0.3124
-4.46
2.64
-0.8894
-2.18243
-0.288132
-1.43913
2.8082
1.7395
-1.9884
-0.46338
0.0162
-7.86936
-4.63
0.12344
0.782
-1.31
-3.2355
0.181
-0.927
-0.157
0.724
-0.819
3.42
1.31657
5.49
-2.26594
0.0646
-1.7382
-0.7881
-1.8906
2.5466
-0.6635
1.0206
-1.1918
0.1763
0.227
-2.8106
-1.5793
0.3608
0.6396
-2.5651
-1.8325
0.7504
-1.568
-0.39
3.87994
-2.07366
3.95122
-2.45528
-0.11
0.8086
2.56
-1.06744
1.94
-0.93534
-1.94
2.22
-0.67711
-3.99399
-0.7449
2.3
3.41018
1.49
1.37
1.33565
4
2.84
2.08
2.73
0.556
-6.41
1.11
1.82
-2.23
-0.29
5.62822
0.40303
-0.8926
1.214269
1.47867
-3.774107
-1.643375
1.07
2.868854
2.5676
-1.156435
1.33466
2.36756
2.51094
-1.27886
2.46846
0.345
0.129
-6.1901
5.7227
0.81711
-0.922
-1.19
0.104
-0.297
1.12
-4.51522
-1.34847
-1.83214
4.4762
-1.47621
-2.007
0.874
-0.502
-4.77
3.2427
-2.54
-2.09197
-5.64349
1.89774
-0.6519
-0.4124
NA
-1.0217
4.2762
2.08037
-0.85245
0.3299
-2.34724
5.04025
-1.2465
1.2341
0.6861
0.5243
0.567
0.1961
-2.4009
-2.847
1.855
-0.8122
3.2785
-2.4006
0.01931
1.96234
-0.70421
0.87762
0.44904
2.78971
-0.78569
1.52257
-0.064
0.16
-0.534
-3.86
0.665
1.62
0.338
1.08
1.24
-2.4
0.0214
4.02
-0.298
-0.0827
1.35
1.86
0.063
-0.0932
0.429
-0.00863
0.713
0.614
0.163
-2.09
-0.404
0.955
-0.522
2.9
2.77
0.347
0.541
0.578
1.59
-1.3
-1.29
2.98
1.68
-1.75
-0.974
2.22
1.69
-1.77
-0.969
1.48
0.165
0.293
1.65
-0.538
0.793
3.42
-4.1076
-2.25
1.39
-1.02
-1.436691
1.26
1.10784
-8.56
-0.17778
0.75942
-14
0.16
2.64627
-3.56146
-0.20981
-0.4928
-1.72648
11.07293
2.01417
0.82743
0.5271
-1.53125
-2.19085
-0.61752
-0.88767
-1.2528
3.64016
1.70977
-1.52
-0.12215
0.37565
0.79472
-0.23992
0.42345
-0.244886
2.564761
1.99
0.78948
-0.315348
-3.22
-0.867499
-3.58
8.6
-15.8
-1.47969
-0.7131
-0.702
-1.11446
-1.30267
0.239259
-0.066123
-1.068291
0.882427
0.922414
2.429478
-1.26925
-2.5329
-0.18605
0.213
-0.239
-1.49
-0.4944
-3.19
0.93089
-1.93
-0.40765
-0.21471
3.71
-0.82097
-0.46
-0.289
-0.96213
4.13264
-0.40051
1.46
1.15
-1.014799
-1.3
0.295
-0.3013
-0.54028
-2.10074
1.43301
2.23349
2.22583
-0.93575
1.01145
-3.42
-5.45
-1.92
1.81482
0.18881
-1.87582
-0.57396
-0.38245
-1.903708
1.896073
0.093066
-0.56304
0.67143
-2.47181
1.2276
2.26936
1.29474
3.132174
-0.080704
-3.424
1.81434
-1.03677
-0.35235
-0.90237
0.50994
-2.45785
-1.70279
1.075386
0.381099
0.524915
2.575604
-1.33042
-3.685
3.45087
-0.25599
0.70362
2.33039
-2.31587
2.4891
-13.89216
-0.20871
0.339
-0.97
-3.94
-4.09
0.6316
-0.68967
-3.24316
0.59328
2.89343
0.35738
1.07604
2.318174
-0.386072
-7.7754
2.89687
-1.70309
4.82611
-0.878393
0.0878
2.83
-0.139
0.166276
0.963159
1.68813
1.40966
0.25586
1.19237
-1.30079
-0.14777
-1.16889
-2.82548
2.98499
-0.549103
1.278302
0.85833
-0.4025
1.96497
0.44755
1.12716
0.429232
1.652376
-0.146152
-0.038265
1.481505
-0.571796
0.048008
-1.009253
-1.0974
-1.44641
0.772086
2.776425
0.376842
-2.49681
2.37037
-0.38602
-1.55434
-0.90941
-4.58298
-0.86537
-0.94406
1.46896
1.4646
0.12003
-0.28908
1.06512
-1.9759
-1.78689
-6.51076
-1.00115
1.117401
1.28663
-2.47027
-1.66547
-0.12939
0.311135
-3.7349
3.40016
0.923444
-0.34008
-1.67464
NA
5.6318
7.34498
3.92706
-2.962
-2.4372
0.861
-2.73109
-2.3807
-0.6468
1.3864
0.20541
2.8649
1.24716
-3.1635
-2.42406
1.52942
-3.33886
0.1222
0.15991
-0.29291
-0.05696
-0.36766
1.32979
0.0927
-1.24202
-0.735
0.6343
-4.59568
4.5659
-1.483131
-1.75036
1.34025
-3.908
-1.123796
-2.074304
0.61538
0.468741
-0.36504
-0.820764
-1.651551
0.55
-1.66739
-1.72812
-1.426833
-2.5191
-1.30933
0.34632
1.831546
-0.970856
-0.671217
-0.60332
-0.356703
-2.55257
1.108261
-0.151501
-0.246036
0.5045
2.9371
1.26559
-2.17834
-2.84438
-0.33194
0.4614
1.74637
-0.06927
-2.45327
-0.29028
-3.328569
-1.97333
-1.43722
2.2062
-2.04297
-1.07471
1.31675
-0.12864
-1.29412
-0.6057
-0.11529
2.64106
-1.64182
-0.0586
0.9339
-1.66671
0.77458
-1.1368
0.383762
2.300204
1.2802
-0.105947
1.182537
-2.315885
-1.721047
-1.939899
-1.27408
0.96414
0.38804
-0.075876
-0.140036
1.984592
0.1159
-2.173683
-1.83313
-0.156897
-1.305613
-1.20811
1.269132
2.5697
1.666619
-1.762757
-1.868822
-2.765234
0.850778
-0.598681
0.53888
-0.72164
-0.20106
-1.88372
0.6166
-3.227881
-0.1798
-0.6692
-0.700446
-0.454711
-3.925404
1.9639
-0.2003
2.84922
-0.81069
-4.57485
0.879815
-7.364298
-3.7357
0.678682
0.000214
0.80035
2.11948
2.562278
-1.25255
0.5237
-0.78151
-2.64582
-1.33937
0.2977
2.651
1.329448
0.0594
-6.388443
1.378127
0.114102
-0.429589
-2.626625
-0.41608
-0.1219
-0.83894
2.81338
0.67436
-2.27142
2.09231
0.0468
3.81107
0.7727
-0.3415
-3.162098
-0.78506
3.764214
0.111661
-0.63941
-0.49537
0.84675
1.058843
1.98
0.10292
0.3112
-1.45649
1.38013
-1.86763
-3.72554
4.55527
-1.7639
2.3925
1.85626
0.62634
-0.49623
2.3465
-0.61379
-1.03553
1.7626
-2.8784
-0.58032
-0.66683
-1.35284
0.55619
1.3371
-0.0586
-0.3701
-1.2295
0.45585
1.05
0.1528
-1.57
-1.20198
-2.17
0.0103
-1.62994
2.89273
-1.77831
0.14734
-1.48028
-2.94315
1.32561
2.4735
0.1676
1.47143
1.4202
-4.94251
-1.27962
1.2035
-1.5044
-0.0991
0.9829
1.7472
-0.3701
-2.04412
0.1046
-1.2257
0.45329
-1.2003
0.2702
0.62528
-5.75191
-3.42185
-9.94512
-2.63371
0.08754
3.1861
0.29617
-0.1251
1.7296
-2.2819
3.34737
-1.0033
1.86098
-2.62468
1.42944
-0.70929
2.85952
-0.079
-0.68223
0.29322
1.6254
-0.1275
-2.79604
0.41655
-0.0934
0.8829
-1.41
-0.50951
3.91756
-1.9874
-0.6588
-0.68689
-1.96796
-0.17347
-1.32448
0.36125
-2.67464
-2.93897
-2.9971
-1.1906
0.824
-4.3567
4.6363
-6.99833
3.92
-2.09
-0.6377
3.1484
0.9149
-4.194
-2.4379
-3.0204
-1.9881
0.8319
4.28585
7.16534
-1.6828
-1.1064
-2.68
-0.1789
1.01
-0.451
-0.2134
0.56
-0.951
-0.658
2.134856
1.61
2.51
0.562
0.14
-0.811537
-1.042575
-2.84
4.1
4
-0.206
4.1
1.92
-1.5
-3.53061
-0.13292
0.7308
2.74267
-3.43553
-0.17787
-0.24
0.306
-1.2064
-0.4182
-0.0266
1.3661
1.44
0.26284
-1.28557
-0.95349
1.25961
-1.71433
-1.46621
2.35763
-5.47004
-1.2775
1.70351
-2.1149
0.6757
2.266
-2.5412
3.0797
0.4261
-1.5782
-2.16131
0.40962
1.48885
1.7758
2.00542
-2.76148
0.44114
-4.37326
-2.86704
2.59076
-4.13713
-1.818295
-0.647
-0.9996
-0.844695
0.57466
1.65219
0.29
1.93417
2.67919
-4.23234
-1.16273
NA
-0.5811
-4.20605
5.20411
1.14929
-1.31872
0.35
1.10866
NA
0.21351
3.70084
-0.7034
NA
3.0756
0.421124
-0.5156
-1.35522
-0.41772
1.528828
-2.9109
-1.002367
-3.616924
-0.99115
1.64
-0.99911
0.63028
-0.99827
0.37829
-0.63377
-4.27795
1.056673
0.033256
-0.88352
0.8933
5.22
1.59681
-2.1567
0.26688
-0.059577
-0.549
0.5667
8.8436
2.58752
2.77076
-2.8051
0.32944
1.470446
0.89287
-0.88961
3.3312
-0.089957
-0.10405
1.0383
1.16146
0.66597
-3.493159
1.816466
0.67839
-0.31937
0.48734
0.000332
-1.13
-4.69529
-0.75023
-0.31867
-0.87108
3.4434
0.287637
-0.680768
0.14665
-1.44
0.643991
1.49
4.8127
0.7187
1.94367
4.4115
-0.488
-0.441
-0.68208
-0.38558
0.15862
1.83703
0.32472
0.150625
-0.723314
-1.86553
-2.36605
-0.73564
1.81986
0.74319
-3.00639
0.356035
0.980227
-0.324
-2.71975
0.19133
4.3307
-1.28
-2.03199
0.92481
0.50543
-0.97598
-0.34815
-0.61441
0.496
-0.518
0.2883
-1.22151
-1.54014
0.77457
0.57194
1.19567
0.1775
-0.190131
0.586497
0.48079
-0.54551
1.83272
1.3841
-0.14254
-1.13
0.45971
-4.4245
0.9786
2.3659
0.4796
0.08648
1.93446
0.09806
2.73996
0.08194
0.34042
0.2866
2.722
0.1943
-1.72
0.82337
3.84803
3.166043
-0.384795
0.2066
-1.20214
0.1
0.47439
-0.20857
-0.63553
-0.20246
-4.74101
0.64359
0.44457
-1.57281
-1.77153
-0.28747
-0.75041
0.15902
-2.113369
-3.050428
-1.96604
-4.041616
-2.77637
0.856318
-1.16127
-1.01812
0.7343
-1.296004
0.5029
-2.1628
-1.80957
-0.263069
0.4684
2.6765
2.48045
2.21363
0.8063
1.1919
3.14229
0.022503
0.2676
-0.07397
0.98712
-0.12521
1.99
0.50323
2.1009
0.930348
2.50011
-0.5033
2.18206
-1.0252
3.83
2.13983
0.99118
0.984075
1.63774
1.21904
0.844874
-0.81012
3.47671
1.295809
1.22487
-0.806931
0.56257
2.01
0.157374
-1.99
-3.69145
-1.71963
-0.655355
-1.76496
-0.71133
-0.23565
0.203
0.27
0.8186
-0.776
0.028486
0.757
1.52
-2.2441
-0.77138
0.63076
0.76637
0.40789
-1.35
3.82393
-0.41417
0.3366
2.2336
1.1439
-1.079248
0.6213
0.0659
0.13435
-0.60833
3.940532
-1.2905
-0.592
-0.7738
0.0858
-0.4629
2.46383
1.38256
3.35
1.34616
-2.2049
-1.1948
-0.52039
-2.33859
-3.1576
2.12
-1.02
0.513187
-1.93
0.80102
-0.9927
-0.112265
0.239543
0.600007
-1.83
3.18
-0.5805
3.65597
0.945
-1.9915
1.9921
-0.12949
-1.1
-0.585
0.6784
0.00928
-0.15756
-2.062221
-2.85
-5.47
-0.4202
1.39
3.9151
0.046
0.3709
3.3716
1.2506
-0.9763
-1.24
0.43959
-2.426
1.0879
-3.7084
-0.419
1.12062
0.519506
1.34429
0.25351
-1.99
-1.26596
-2.08629
0.3838
-0.8082
-3.8364
-0.2129
0.419383
0.764124
NA
NA
-1.4
2.08597
-3.39911
2.7154
1.36
0.2023
-3.01215
0.99697
-0.3704
0.06753
0.913
-0.21832
1.77205
2.6615
-1.14002
0.13779
0.927935
3.135728
-0.862
-1.69
-0.76115
-0.804
1.1748
-1.4004
-0.01088
-0.039698
2.99891
1.44502
-5.82116
0.8406
-1.5374
-1.10944
0.9101
4.500714
0.418
-0.7
-1.34775
-3.196912
-0.828772
1.83218
3.30257
3.6055
-3.90313
-4.80045
0.1395
0.2933
1.2527
-4.94586
-2.1533
-0.18635
0.7298
0.22358
0.62927
-1.55142
0.59419
1.0723
-6.32763
-0.48582
1.55599
-0.43357
1.32963
-0.24639
-6.296416
0.47168
0.345155
-0.79694
-3.1996
1.27261
-6.743746
-8.069576
-4.55602
1.9422
-1.133959
-4.28371
-4.63811
1.9743
-1.47966
0.65039
-1.233
-4.86152
0.0317
1.10805
0.321298
1.041403
-1.295466
-0.098731
-0.86103
-0.028621
4.28235
0.7185
3.5214
-0.90854
4.45034
2.49529
3.36586
-1.23
0.00671
-3.90334
-3.94337
2.753593
3.96772
0.591979
1.89881
-0.31918
-0.021
-6.73366
-0.639
-0.604
-0.07793
-1.09194
-3.40773
-5.73975
-0.64075
0.06255
-2.05363
4.363239
-0.55349
-2.2067
-0.32285
-2.44586
-4.19371
-1.92829
1.24717
3.235398
-0.22784
-1.24
1.0546
-2.2
-0.61397
-5.82674
-2.93786
4.00171
1.0561
0.159
-0.2766
-0.871
-3.4456
-1.2265
0.3385
1.701198
1.8103
0.55153
-0.471801
0.59701
2.23536
2.82
4.7504
0.587
1.5648
0.18684
0.97112
2.38
1.01435
-1.55
0.38133
-1.85171
1.408294
0.17301
-2.3986
2.10053
3.2827
0.03515
2.1286
-0.83831
3.076683
-1.83991
6.57
5.41
-0.77281
-0.14704
-0.669
2.54
-4.74174
-4.04387
3.19
-2.73
0.11945
1.39
0.48485
-0.8771
1.42011
-0.36405
-1.039087
1.379547
2.12308
-0.096395
-0.78041
-1.02855
-1.663748
-2.210905
1.399522
-1.14285
-2.8
0.56893
0.948
1.44758
-2.03495
1.1
-2.81
-0.35549
1.623
2.0427
0.33156
0.7913
-3.77
-0.49814
3.10272
0.73669
-0.33931
-0.987
1.75374
0.07613
-3.62236
-1.17797
-0.7837
-5.39731
-0.084
-1.2984
-1.85661
0.6101
1.5291
-0.1259
0.997
5.2705
-0.46358
-2.23183
-0.21238
-1.60283
1.15549
0.1348
-1.8915
4.90146
-0.04978
-3.18332
-1.183751
-0.20948
0.57887
-0.37791
-0.93927
-0.67743
-0.87386
-1.7285
-1.7073
-2.29028
-2.97089
3.43946
-1.12698
2.0597
2.71701
-1.4522
3.4057
-1.4083
2.96605
0.29555
-0.36477
3.33327
3.41425
1.0712
1.40129
-1.2381
-1.28091
0.49285
1.1958
-0.93429
0.9182
-2.0136
-2.93
0.91511
0.112
0.282
-0.44922
0.0581
0.99045
-3.29982
-3.49
5.37424
-2.08642
-0.8517
0.96716
0.44811
3.45516
-1.10522
1.91988
-1.61792
-0.198243
-4.1402
1.487752
-6.65
2.93638
1.24545
0.6227
-0.83674
4.56702
-1.42
1.79
-4.43169
0.406907
-2.40651
0.04739
0.5825
-1.493712
-0.78734
-7.45
-0.566281
4.42
0.73326
-1.86275
1.56
0.904501
-2.18518
1.305238
-0.9252
0.19524
-1.93563
2.2159
3.71581
-0.22364
-1.75367
1.5604
-0.62286
0.02808
5.17
-1.27914
-0.17964
-0.791
0.0469
0.1676
-0.70639
2.3554
0.27161
-1.2755
1.42049
-1.260059
-1.04
-1.7003
-0.52672
-1.21231
1.01664
5.30253
5.03025
NA
1.46
2.32074
-2.33073
-0.51988
4.7015
2.54856
-0.85903
0.8018
0.43552
2.27227
1.313774
1.18
1.6393
-4.7206
1.301
0.649
0.35476
-4.10314
1.4757
-1.17205
0.75174
-1.6524
-1.11231
0.116
1.49109
-0.79186
-7.14999
1.04827
-1.281
0.981
-3.50743
-1.8546
0.595341
5.29972
0.5963
0.486
2.04969
-0.68
0.56149
-1.33494
1.136761
0.1884
-1.35792
-1.1086
0.182675
-0.090784
0.373
0.0069
-1.57403
-1.0348
-4.17
3.99516
-1.10385
5.0767
1.96879
-0.69348
0.9215
1.2495
0.463
-0.44347
-3.72847
6.04304
0.20099
-0.874
1.1
6.24
0.95639
0.179539
-0.56663
4.26791
0.909542
-1.50404
-0.6791
0.0265
-1.41614
1.261865
-0.647031
-4.4371
0.69018
-0.73115
1.23
-1.61695
1.00255
-0.701139
-0.44674
2.19
-1.7546
1.5734
4.5635
3.85653
-3.6465
-0.805
0.28795
0.18634
1.38529
2.21251
-3.4224
0.04051
-1.534284
-3.09569
1.4298
-1.53
-1.91793
5.95067
-6.69724
0.02663
-2.32978
0.30757
0.727
9.2514
2.19
-1.53927
-2.9599
-1
-2.66642
-1.87
-0.809448
-3.2288
1.5
1.57836
0.64461
0.566
0.98501
2.34521
-1.232
0.22179
0.4994
0.01962
1.93
-2.950865
2.14
-0.02678
-6.65803
-0.77
0.528
-2.0957
4.44477
NA
0.74112
4.3134
-1.3
-1.73533
0.2233
0.349
1.0979
1.89
3.96027
-0.80679
-0.31242
-0.26814
1.1442
0.3152
2.06
-4.27533
-1.4043
-12.9888
1.01038
-0.4381
-0.281
-1.705816
-2.6598
0.8572
-0.375894
-1.626385
1.654375
-2.722631
-1.665572
1.03841
0.80485
-0.522
-7.4643
0.83137
0.0782
2.288999
-3.865
1.25922
0.2044
-0.285
1.81
7.8707
0.11089
-0.56741
-1.13467
2.058831
-1.93
0.296
-0.583
-1.6781
4.54647
-0.222641
-1.03016
2.63318
2.86209
-0.10254
-0.3547
-1.86624
-1.2859
-1.23
0.9713
-1.88413
2.87268
-0.96179
-3.871
-1.668003
-3.14548
-0.72122
0.91602
0.114632
2.529972
-4.95098
-2.726598
-0.08817
1.612714
1.558
0.68795
3.24
1.01
-0.27544
1.3326
0.414
-0.88449
0.68381
-0.17547
-0.2211
-1.594125
-0.74235
-4.17798
0.1231
-2.487214
-0.112
-0.0193
0.96358
-1.8
1.4327
5.77
-2.04749
5.08493
-0.15902
-2.010993
1.92541
NA
0.44413
-0.330721
1.233002
0.037
2.73
6.50536
2.38969
-0.26084
NA
0.36495
-1.94074
1.00171
-1.804166
0.496
1.24964
-1.33444
-1.24755
4.96735
-1.43246
1.32867
0.95139
-2.12436
3.9869
1.27889
-3.20756
-0.44027
2.56
-2.02437
0.167483
0.5248
3.37291
-1.07677
3.52
-0.7965
-0.37967
0.246
2.69
0.12634
-0.9757
0.109
0.06204
-0.538
0.81664
-0.254
-2.2049
-2.47302
1.98258
-0.38079
0.39795
2.58
-0.293
-1.028514
3.41634
0.17552
1.03
-0.831024
-0.450171
1.4993
-1.3688
0.270982
-0.85282
-2.38166
-2.58665
4.9772
-1.91366
-2.75464
2.81622
1.0581
1.066
1.45536
-0.216205
-0.20446
1.1961
-0.25786
0.6392
-1.63
8.20143
-2.069374
1.5182
-0.06722
-0.6563
-0.582888
2.06543
0.55146
0.4173
-3.80508
2.276071
-4.1758
-0.444312
1.42426
-1.384766
1.1309
-3.85
0.5496
0.01045
2.5587
1.58938
-1.8301
-1.21
0.5487
-1.12
-0.3966
1.99123
3.86761
-1.3573
NA
1.48374
1.446069
-7.65
0.6811
-0.13321
-3.12172
2.25999
-0.523
2.36239
1.599245
-2.646
-3.19966
-1.9861
-2.4776
-0.85601
0.571775
0.48953
-2.5105
-3.3902
3.52
0.249
1.30502
3.9828
-0.0332
0.3735
-3.13178
1.25054
-2.1277
2.51895
-1.01
-1.27
-0.141743
-0.971
0.2003
2.685599
-3.570865
-4.88
-0.717
1.005966
-0.5055
-0.51208
0.9403
-2.59208
-0.301
-0.30801
-4.22
1.3376
-0.27
-1.6629
12.5989
0.6772
0.9476
3.6078
-1.0125
-1.88866
4.4517
-3.2306
-1.89
-0.305717
-1.28
0.58703
1.52
0.675701
-0.89104
1.9
-0.30073
-0.95456
0.95616
-1.2879
-1.5833
1.7128
-0.3577
2.0573
0.8728
-0.28702
-0.4374
-5.9187
0.415
-1.6828
0.363621
0.923
-1.0307
3.205954
-2.43031
1.1582
-0.54
3.0023
0.0138
-0.5418
-0.0146
0.2033
3.1602
-0.949
0.0475
0.6003
-3.4909
-5.0429
3.01
-0.103399
-1.846001
-1.7
0.3034
-1.050298
1.65104
0.47507
1.44815
-0.47791
-3.1259
0.0363
-1.41869
-0.5992
-0.43679
-2.248864
-1.6789
-1.25512
1.0369
-0.874275
-0.0858
-2.12501
0.65789
-1.2291
-0.38454
3.0037
-0.1094
0.52155
-0.851
0.0709
1.45715
-0.4438
-1.1018
1.587761
1.57239
-0.49848
-1.3539
1.142
1.08273
-1.1183
1.78882
0.27973
-0.579
0.311625
-3.8842
0.114756
1.0801
1.64535
-1.64452
-0.859
2.687646
-2.98851
0.4503
0.9414
1.80136
-2.484
4.2346
1.9374
2.58177
-1.72469
2.0359
-1.1088
1.4051
-0.4898
-0.42993
1.33919
-0.338578
-2.43841
2.106
-0.26321
-0.2747
-2.5978
-2.4108
-1.88504
-0.3965
-0.00175
-0.526185
0.7352
1.55
0.16944
-0.37001
0.3255
1.6259
-1.21408
-2.14
3.03385
1.20887
2.628817
1.3241
2.4154
-0.986877
3.35
1.5149
0.80573
1.6342
-1.220701
0.3863
-0.937
0.255
-0.53164
-2.575
0.72272
0.59383
1.16476
-0.411208
0.10524
1.94845
1.45655
4.2042
-1.3107
-2.7489
5.6676
-2.1286
-0.57342
1.38171
0.60221
0.3832
-1.89574
1.14497
0.1394
-4
-1.57
0.08653
-1.48
2.11543
0.862238
-0.699103
-2.44371
-3.01289
-4.9183
-0.00907
-0.09017
1.2727
1.60792
0.3896
-2.382911
4.57187
0.867
-0.07037
-0.0888
1.2138
0.1443
-0.39183
-1.32592
-1.8296
2.0871
0.056594
-0.877958
-2.558174
-0.161045
-0.6489
0.39794
7.78626
0.182
-1.71
1.2
0.803
-1.9
0.62148
-1.306077
3.760476
2.6083
-0.832436
0.00164
-1.66722
1.73707
-0.291
3.65
1.12
3.29601
1.37
2.08
3.10183
-2.02
-1.15
-1.3761
1.09472
-0.98811
4.33356
-5.77508
0.842
0.362
1.377
-0.0307
6.7362
-1.86
-1.53
-0.9413
1.84028
-0.676671
-0.5
-0.229
-0.17596
-0.49341
1.78
0.71
-0.40673
0.5672
0.10336
-2.61968
-1.19581
NA
-0.40685
0.62356
-4.52
1.59
-1.03706
0.169
2.1212
-1.15
1.03
4.869
1.769667
-1.08083
-1.49671
4.8879
2.30071
1.61
0.2947
-2.8005
0.778799
-3.2515
1.95
1.06949
-0.229
1.4
-3.34823
-1.26823
1.32
-0.713951
7.98682
-0.73609
-0.2091
0.912085
-1.8229
-0.8816
-0.1493
-1.84
0.9609
0.552
0.415
1.85612
-1.14972
1.15294
0.9416
-0.970313
12.197836
-2.37651
-0.735318
-0.697
3.59503
-1.1903
2.33625
-0.498
2.45721
0.60002
-2.02593
1.14
0.6804
1.659501
0.6583
-1.34038
-1.19696
-1.53
0.4082
-5.7854
1.47762
1.67405
0.5829
-0.6381
NA
-0.925873
-1.1
-0.0583
0.469
-1.796404
0.639
0.34519
-1.9174
1.1937
1.60377
0.492862
4.2912
0.83908
2.945
2.635615
1.149879
-0.0679
0.08237
NA
-2.1341
1.17
0.197407
-0.215
0.508
-0.29565
1.3638
-1.10243
-1.16
-4.53345
-0.27875
0.217
-0.32366
NA
-1.01
-2.45895
0.532
0.234
1.6703
2.2934
-7.30881
-1.6888
-0.59623
0.61717
-0.03094
-0.35
3.05772
1.62441
-7.5787
-0.64847
-0.165028
1.2973
3.23
-0.953044
0.95904
0.157
-0.73133
-1.53
-2.93
-0.40735
-1.121802
0.564
0.080463
2.68945
2.86044
-0.0754
-0.227865
1.5366
2.02
1.86118
-0.958
-1.6346
-1.20912
2.47494
-0.3205
0.3061
0.37911
-1.8964
0.226276
-3.031315
1.55
0.80412
-0.39922
-0.884
0.96049
-0.7888
0.97398
-0.419313
0.65934
-2.79913
1.38456
0.77052
0.8852
-1.00864
-1.40863
-0.93002
-0.07558
0.0625
-0.567
-0.24434
-1.43671
-3.4569
1.78137
-0.27771
-1.293047
-3.12
-3.81502
-6.81998
0.55629
-0.247
0.041464
-0.62055
0.82957
NA
-0.9812
-0.4686
1.112977
0.1205
5.53
-3.2335
2.56557
1.3607
-0.89705
-1.1871
3.36
-4.2237
0.815
-0.691401
NA
1.65494
-3.05597
0.115408
0.998
-1.99
-0.185518
1.88302
0.39682
-1.3911
-1.66
2.5073
0.578
NA
-2.4664
0.082353
0.840786
-2.11
1.5
-0.28086
-2.77969
0.798
-1.27751
-0.6353
-0.267
4.8422
-3.14324
2.13
1.841818
0.4374
-1.62
1.21977
1.5322
0.4065
0.250091
7.5625
-0.0316
NA
-0.814475
-2.96964
-1.9214
0.918
-0.952
1.060696
1.84
20.68421
0.1455
2.72
0.0351
5.3603
0.52937
NA
0.469
-0.254
1.22376
-1.8484
0.2425
0.216
-0.18517
0.26467
0.58947
-0.51646
-0.157
-2.32
0.109
-2.237039
0.527
-0.9983
0.76185
11.4695
-1.20168
3.71
-1.71
1.31
0.2378
-0.0851
-0.924
0.05004
0.28794
1.2922
1.9898
-0.2995
6.0839
-0.68394
0.35189
-1.52582
2.5325
0.6413
1.2294
1.38
-2.1761
-0.7204
-2.6266
-1.8623
-2.638
-1.13066
0.22183
-0.42819
0.517671
5.60284
-1.4635
0.0624
0.34807
-1.37
1.708711
6.99667
-2.12496
-0.499
NA
-0.16451
-0.2931
2.05
0.3511
-5.6538
-1.2463
-9.4723
-0.26086
-0.1106
1.3247
-1.81985
0.1636
-0.714312
2.060173
-1.65581
3.87
-2.984854
-2.52074
1.7756
5.413
4.57055
0.212
1.66
-2.05
-0.422
1.68501
NA
-0.5203
0.1659
-0.7169
1.57627
1.654251
3.87
-0.163
-4.5
-1.392395
2.99
-0.99397
0.5566
0.284
-3.6387
-0.80898
-1.400004
0.5994
1.011311
-2.48415
5.19
NA
-1.011
-1.417
0.593337
NA
1.2148
0.78
0.944607
0.4376
-0.994
1.68007
-2.27577
0.926924
1.73
-0.34169
0.68079
2.847331
5.12035
-1.0738
0.235299
0.26016
-0.7702
2.06979
0.576137
1.64
3.35
0.166
0.24312
0.0696
-6.28243
1.89
1.11063
0.0995
0.193
-0.9094
-1.18172
1.72
-3.78816
-0.92179
0.3799
-2.4012
-2.8723
-1.66132
-0.178
-4.99
-0.934
-1.9661
-0.22284
3.268245
0.216
0.1318
0.415
-0.48662
1.05257
0.96
3.83704
-0.076
-0.511
0.72178
3.1189
-0.649
-2.45
2.449941
0.9433
-0.763
-0.04848
-0.395091
2.6469
-0.9001
-1.44
-0.06688
NA
0.0547
1.2473
4.76046
0.631
1.39
-0.02089
0.3079
-0.36608
-0.04
-0.57236
-1.1019
-1.5062
-2.984643
-0.1741
-4.40722
2.83
-2.02945
-7.1675
0.11602
0.381
1.10709
0.5952
-6.547
-0.889
-0.782981
-1.51341
0.99628
0.408
-1.75436
-2.26035
-8.36
-1.954304
-1.59861
-2.4
-1.7572
8.05
0.29437
3.68082
-1.5234
4.48037
-4.92008
-2.37351
2.170151
-0.279956
-6.6974
-0.370957
NA
6.141
0.925
-3.1352
2.53808
0.1623
-0.0703
1.17185
-0.281
3.03
-2.92751
1.33
-5.69266
1.2
-0.6575
1.3
-0.43265
NA
-0.08214
-1.74
0.53218
3.3676
NA
0.203
1.07046
-0.3595
-0.428
-2.561003
1.89669
-0.0801
0.03775
-1.05
0.47927
1.3385
0.663607
-0.19165
-1.37686
4.03
-0.0602
-0.211
-0.909
-2.830285
0.761
-1.226897
3.03
-2.306091
-2.93
3.91
-1.912684
0.053
2.34224
1.33
-1.85
0.56576
1.122779
4.22
2.01739
-1.77
3.3
-0.37
-2.042668
1.1941
1.61289
-1.30081
1.77
0.98305
1.3941
0.91893
5.56125
6.07262
5.4
1.08
-4.23504
0.409
0.6377
-1.05
1.6336
-0.3248
-2.1359
2.220092
-1.25785
-1.704109
-0.38141
-0.985
-1.768782
-1.32875
-0.5222
2.168234
-0.375
-0.557
-3.2462
1.7
-1.34245
0.63
2.93401
-1.4
-0.0467
1.43056
5.491554
1.689221
0.302015
0.5813
-0.333
-0.299
-1.51
1.11
0.987
3.96
2.32
-0.5888
-0.3623
0.789
-0.1183
-2.6972
0.91
-0.459
-1.14
3.285498
2.1247
-2.4645
0.1319
1.5003
-0.768
-0.723355
-2.3052
2.4073
0.4396
-2.768898
-6.6159
-0.6934
-4.995389
4.1
-0.00665
-3.33459
2.49019
-0.1068
0.627819
2.6718
0.78327
-0.0844
-1.6
-1.1457
-1.80783
0.01472
3.003192
1.5
-2.1104
-0.387201
-4.290943
1.418979
-2.878408
0.99375
-1.107841
0.924748
1.42964
NA
-1.47
0.68744
NA
NA
NA
2.38289
0.91513
0.90648
NA
NA
NA
NA
NA
NA
-1.50063
-0.09984
-0.817
NA
NA
2.27387
NA
0.7163
-0.08308
NA
NA
NA
-0.29311
-6.31347
NA
NA
NA
NA
NA
-4.19407
NA
1.30438
NA
NA
NA
NA
2.6
NA
NA
NA
NA
NA
NA
NA
NA
NA
1.20503
-2.25
NA
1.81997
2.9718
1.7
NA
NA
NA
NA
-0.363
NA
-0.0823
-3.08058
3.89388
-0.634
NA
NA
0.49829
0.9759
0.02157
NA
0.10029
-1.11366
0.17914
1.35153
NA
1.789816
-2.62053
-1.58806
1.336256
2.31618
2.0275
-1.29585
-1.62
1.044998
-3.45943
-2.13
0.7242
-3.38
-0.88908
-0.5747
-1.79446
1.16835
2.76119
-3.26945
-5.25908
-3.0058
4.0242
0.10629
0.81175
-2.09
-1.4911
2.9246
-2.02772
-2.2943
-0.03642
0.477
1.12
0.2821
0.237068
-1.09
2.69165
0.675
-2.7263
-1.1208
3.6585
0.1956
-1.6614
6.118604
0.2317
1.31072
-0.932946
3.2318
1.541155
2.3886
-4.7845
-5.0545
0.7307
-0.25933
0.9598
1.66805
-1.1543
2.1813
0.6195
0.34563
0.921982
1.244555
-0.972197
-0.217366
-3.3683
-2.0607
1.72097
1.476003
1.0444
-0.2571
-1.0552
-0.79131
-0.559
-2.569827
-4.373
-2.931
-1.99963
-0.1706
0.82327
0.5688
0.74077
0.337974
-0.4122
0.38825
-2.0908
2.1986
0.445964
-3.1817
-0.2432
0.6065
-2.46753
-0.62336
-0.2451
-0.14542
1.2862
-0.30149
0.97985
NA
NA
NA
NA
2.31927
0.89015
-0.70106
-0.00216
-1.95894
0.27605
-0.76829
0.4025
1.478468
-2.7653
0.91471
-0.091527
-1.5654
1.6009
2.13063
2.2832
1.32536
0.921315
-3.985383
-1.458982
-1.448167
2.612466
1.3901
0.38503
0.70705
2.02341
5.497
2.06021
-4.9395
0.79406
0.0947
-1.13
1.31
-0.597
-0.172
2.5227
1.15
-1.5504
0.02662
-3.542999
4.16
0.08745
-0.37985
-0.66357
0.70343
1.82994
1.8187
1.34179
0.61417
-1.90251
-8.59437
-1.45107
-1.29
0.50829
0.24864
0.578
-1.16432
-0.7948
-1.4929
1.68392
-4.94405
-0.45629
-3.46681
-0.77913
-1.9335
-0.97317
-1.1963
-0.81718
-0.093732
1.61
-2.55381
2.74757
1.61893
-2.389413
0.5223
0.16363
-1.31995
1.33
1.4187
3.46209
-4.0845
0.8679
3.85024
0.27689
NA
-1.44919
-0.89696
1.93271
-0.894388
-1.0474
NA
-0.2571
-0.453
-0.284
NA
1.1076
-0.531
1.2867
0.7655
0.2098
0.2929
5.56
-0.08831
-1.03773
-0.1323
0.296865
-2.57161
0.406
-1.96292
-1.01598
-0.27564
0.185
0.34
-1.75777
-7.626101
1.6
1.36759
0.70142
-0.35396
3.45114
-0.5759
-0.0344
0.7375
1.21186
-1.7647
-2.93505
-1.66913
2.03911
1.03947
-0.5433
-0.75359
-0.21279
0.347
0.9123
0.41085
1.88
2.74149
-0.3
-0.26863
-1.186076
0.58293
-2.14625
0.55147
0.4955
1.65788
-2.64125
-0.79752
7.93196
-0.5024
-4.9542
-1.3658
-1.408502
-3.8137
-0.7291
2.31
-0.54748
4.6705
0.5462
-0.85751
-1.10014
1.0361
0.02316
-3.89492
-0.7365
4.941
1.56748
-0.91054
1.12
-0.71365
-0.3511
0.1443
1.67
-0.4689
-0.817811
1.22699
-3.27915
-1.29895
NA
-0.93409
1.715
-2.06163
-0.664879
0.75
0.5726
7.776266
-2.0919
2.95
0.89965
0.21007
-0.2995
0.0146
2.244255
0.85553
0.041565
2.223294
0.044745
-3.197425
-0.8083
-0.6531
-0.68528
-1.48129
0.47
4.6157
0.85959
1.679597
1.461405
0.96631
-2.2406
11.527045
-0.7106
0.61128
-0.3597
-1.1823
0.4086
0.068
0.2714
-0.8943
1.4333
1.0733
-1.47019
0.824
-1.63226
4.14
-0.087
-1.53
1.04
1.11
-1.61
0.0191
-0.9651
2.3941
-2.1997
1.2175
NA
0.6061
1.9671
0.558685
1.85688
0.4736
0.58356
1.04
-1.0229
4.32204
0.48564
0.7306
-0.84092
1.72
-3.4751
1.6294
-1.425
-0.58624
-0.47941
NA
-0.5962
-0.51803
1.0108
0.552
-1.0002
-2.2556
-0.2675
-0.0524
-0.6334
-3.0877
2.3549
0.0797
1.57
-1.02
0.86632
-2.01717
2.278821
-0.70912
-1.4877
-2.03631
1.15086
0.284
-0.287
-0.19554
3.18
1.78001
1.5034
-5.07
-0.458
NA
-0.10989
-5.67749
-1.7025
-1.63753
-2.1532
-0.87073
-2.07008
-1.04979
2.88511
1.0022
2.18
-0.328
-0.33987
0.685
1.99824
1.30631
-0.7096
4.59859
-1.573754
-0.3444
3.149939
NA
2.455
-0.76265
6.5766
4.9717
-1.5379
0.69427
1.67866
-1.92592
0.396
1.07978
-0.75292
-0.34664
-6.42
0.1873
-0.23429
1.29284
-1.3078
1.81
-2.4977
2.35
1.8252
-3.15437
-0.558
-2.7537
1.0126
-1.1182
0.07961
-0.326
0.3363
0.05006
-2.35
-0.149509
-3.67748
2.9051
2.081087
0.62938
-1.33463
3.01085
-0.655
-1.13685
0.849
0.6599
-4.1053
-0.653313
-1.57046
-0.07257
-1.3321
-3.54566
NA
7.0573
1.08
-0.14598
-1.49588
-10.0587
-0.56649
-1.31
1.8859
1.91423
0.194
-0.887
1.5695
2.25
NA
0.63037
1.58
-1.714414
-0.969319
-0.6305
0.75146
1.96
-1.20174
2.26704
0.01347
-0.154496
1.0035
0.994
-0.0539
-1.231676
3.2741
0.18747
0.24628
-0.38757
1.98783
-2.45314
2.0317
0.1947
3.033958
2.484
-3.9
1.3253
0.165
3.86644
0.753
-0.72403
4.04
0.75152
1.7165
5.00935
0.735
0.04574
0.7733
0.79857
-0.11342
-0.239059
-1.52198
1.92486
0.337
-1.19
-1.7611
4.20434
-4.0263
-1.67
0.456314
-0.0705
-1.17227
-0.02311
-0.356
-4.9128
-0.77
1.2327
-2.2767
0.000677
-0.3473
-2.630095
0.88489
-0.07622
-0.98891
1.03159
-1.64137
0.813
0.64468
-0.122678
0.825
-1.46436
-2.762775
-0.276
-1.32
NA
-1.44
0.71257
-0.824
1.14
-0.13927
2.92156
-0.28373
1.82714
-0.514345
-1.64259
0.7111
-0.9652
-0.731
-1.99652
0.0506
-0.0195
17.610304
-0.22
2.5166
1.72
0.569
1.03
-3.1
0.996
-1.28539
0.6727
1.99621
-1.41
-0.8365
-2.69423
-1.1688
-1.269
0.885
1.2206
3.0247
0.91511
-1.592503
-0.4444
-0.643
0.72779
1.528114
-2.59454
0.2847
0.172
0.9694
-0.160247
0.5454
-1.27235
15.7787
1.676802
-4.5
-2.06
-3.79022
-0.19776
0.5049
5.8027
0.9383
NA
3.56345
2.00307
0.44704
0.24428
1.80976
-0.419906
4.7886
-1.40306
0.725
-0.69512
0.7153
0.8924
0.80272
-6.903
-1.01873
-0.75003
1.8832
0.57929
0.83015
-0.20838
0.903718
-3.33491
2.79489
-1.4535
0.0461
1.87938
1.46142
-4.08
3.47
0.13086
-0.1558
3.58294
-1.49859
-1.96157
3.12931
1.18171
-1.938246
-1.66737
NA
-2.90268
-1.13
1.67
0.8262
-0.846442
NA
0.71
0.14484
0.64484
-1.28
1.554171
-2.0067
2.04671
3.2196
1.90684
NA
3.25
2.405599
0.16109
-1.04084
-2.36364
1.2691
0.182
1.46
-2.1687
-1.49978
0.63903
-5.06
0.71632
-3.39
-1.02
-0.00982
-0.1152
-2.29968
2.45568
-0.03868
2.59937
-1.2674
-3.2461
0.32457
-0.849
1.39
-0.605
-1.23483
1.13
1.96126
1.30228
-1.14
-0.51513
1.276427
-0.181603
0.87367
0.555
0.344
-0.7106
-0.741
-1.37412
0.71509
1.0902
2.73617
0.8733
NA
0.49741
-0.4845
-1.68496
-2.4843
1.26
0.448
0.052613
6.96
NA
-0.804
1.3065
-6.09
-1.96423
-0.3507
2
-0.86419
-8.54
1.14
0.572
-0.584
-4.33257
-1.093309
-0.2186
-0.0265
1.02
-2.039304
-1.28895
-0.836
-1.19234
0.8093
1.42557
-1.14032
1.18
2.70859
-2.1306
-2.4378
-1.157
2.64163
0.0861
-2.611219
-3.91
1.77
1.0896
-0.65614
5.62
-0.40245
-0.78842
1.259057
0.844
-0.06612
-0.23435
-0.65632
-1.9895
5.08437
-0.793234
-1.649606
-5.69
0.29799
0.3287
0.36114
-1.68793
NA
-0.1333
-0.7111
0.107402
4.9486
-0.9178
0.34394
-2.7495
1.29121
2.97724
-0.163
NA
-1.32
-1.282147
-0.01351
-0.372
0.20828
-2.763602
-5.4253
1.61867
1.620737
0.89126
-0.5165
-1.12517
-1.13632
-4.2646
-0.49521
-2.3881
-0.62501
-1.73627
1.814073
4.07
-0.35842
-0.3062
-0.3287
0.02764
-0.414
NA
-0.493
3.34442
-0.23699
0.169398
-1.09
-2.22705
0.5622
-0.8689
0.00235
-0.2528
1.498804
0.0929
0.32766
-0.775153
-0.8004
-2.84447
1.91971
-1.47629
-0.61539
-2.5096
-1.86165
-0.3657
0.501
-0.0185
1.86115
0.334426
-1.14
0.0455
0.261191
1.50539
-2.07
0.124
-3.24
-1.15618
-2.0845
-3.031749
2.30611
-0.96832
-0.397391
0.52466
0.707
-2.24661
1.13536
-3.04
0.1685
-0.31828
1.0151
-2.02596
1.35493
-3.83
NA
-1.5167
2.1425
0.535
-2.21164
-0.633
-0.39929
0.123
1.313097
1.1848
-1.49
1.57009
-0.7871
2.1916
NA
-1.98478
0.57855
-0.748255
1.7969
-1.289176
2.37371
-1.89921
2.40542
5.05
-3.33
-1.49372
1.63931
0.171
-1.13491
-0.87376
2.4939
0.05923
5.26526
0.33812
-0.3236
0.16891
NA
-0.07914
-2.1883
0.85968
0.9764
0.158156
-0.2551
0.3731
0.0893
-0.558
-13.93532
-1.93982
2.95
-0.2708
NA
-1.2155
-3.52
-1.05
-3.0242
-0.0569
-0.9666
1.24335
2.79852
1.32339
0.03365
-0.2642
0.75723
0.432
0.74744
4.82906
1.54068
1.96
1.4514
0.0778
-10.79996
3.17604
-0.626261
0.0991
1.68
1.07723
-3.32819
-4.67905
-0.95
0.0645
-0.916
0.82
0.9703
-1.9995
-2.84948
-0.8717
0.43746
0.429
-4.91515
0.774
-3.33384
1.33579
-3.14
1.98743
-1.09877
-2.05066
-3.106
-0.0378
0.87092
0.0143
9.7381
1.99541
-0.66
3.56001
-1.0898
-0.035
-2.10951
-0.40337
0.2132
NA
1.4612
-0.611
-1.71789
1.3216
1.30294
-0.956
-0.22902
-2.15442
1.920495
1.08573
-2.17205
1.86643
2.71
-1.30141
-1.83
NA
1.14403
-1.55
0.2811
0.483625
-1.58248
2.61603
-1.00724
-0.0788
2.2023
-0.999
-0.989
0.73278
-0.7876
0.4958
0.07047
-1.7641
2.32754
-2.38651
-1.56
-1.6293
1.4
NA
0.66865
-2.3142
-0.5415
-0.324091
3.65733
-0.289
0.16
NA
-0.53041
1.50837
-0.0719
1.171621
2.18
-2.036898
2.7718
2.5064
-0.4399
2.0241
1.50502
-2.4516
1.66945
-0.95552
6.792464
0.183
-2.0071
0.51936
-1.6235
0.48982
2.69
-0.15773
-3.7144
0.52689
1.712188
-0.7289
-0.449
2.31
-0.779592
-0.88495
-1.48982
-0.80198
-1.71
0.76216
-9.8921
-0.12892
-1.0086
0.7616
-0.1657
0.45697
4.79
-0.96
0.265638
-0.63761
4.04945
0.724
-0.839
-1.53452
-0.240106
2.08
-1.29
1.5714
1.8164
1.9516
0.90497
-1.815999
-0.29928
-3.50837
4.07696
0.25428
-0.23515
-0.56182
1.168891
-1.54
0.6673
0.1931
0.09924
0.368
3.4706
-0.797
0.0181
-0.43752
-1.54708
0.6368
-0.1681
-0.102
-2.13
-2.5815
-0.215
-0.24459
-0.59469
1.2133
-1.45843
1.09
0.295
0.1975
0.433562
-2.63
0.52368
1.45757
-0.1896
2.763005
-0.24549
1.22522
0.748
1.83159
-1.6358
0.10856
-0.82115
-0.99
-0.369495
0.07936
-0.9066
-1.93594
1.18
-0.27735
-0.10806
0.627
-0.61287
1.02013
-0.56906
2.51629
0.370718
2.10531
-0.5523
-2.180477
2.07776
0.662
NA
-0.914
2.17884
-1.7337
-1.561206
0.59238
1.08
-0.12648
0.482
0.65461
-0.1421
-0.42511
-1.7696
1.455233
-1.1766
2.93037
-0.7873
2.3816
0.0548
0.10302
-0.1104
-0.36945
2.168254
-0.4101
0.01346
3.8
-0.30481
-2.2526
-1.16435
-1.1735
1.5824
-7.59279
-4.11327
1.21
-0.454
7.0613
1.55912
2.4004
-5.66
-3.05176
-1.31068
5.5161
NA
1.0496
-0.16825
0.30825
0.17637
1.33
0.05401
-0.511412
0.95652
-1.2664
-0.3229
-4.43
1.01533
0.226
1.32857
-1.6979
-0.51611
-1.222131
-0.976
0.3282
0.00873
-0.6455
-0.0185
0.1715
-1.42806
1.12
0.129
NA
6.3456
0.3955
-0.724
4.27097
-0.8452
NA
-1.17
-0.373794
-0.53865
NA
-1.6847
-0.75252
3.4922
4.33877
1.55
-1.0543
0.24359
1.3704
-0.6105
-0.69918
-0.1398
-1.3714
0.31
1.01365
0.3788
1.408155
-2.38
-0.25019
1.6575
NA
4.9038
0.75479
-2.08432
-2.3683
3.655791
-2.19867
-2.34
0.8907
-1.398
1.8607
0.226
NA
-1.1744
0.4947
0.03258
0.935
0.8058
-0.27748
1.8789
-0.5785
-0.0539
0.754
0.821
-0.02049
-1.16658
0.725
1.03
0.75274
8.61
1.0413
0.1256
0.55184
-2.66232
-1.74965
-0.296
0.872
-0.06549
0.75371
2.23
-0.8505
-2.2841
0.44955
1.41925
-0.32841
1.7543
-0.99174
-1.22719
-2.1483
-1.88633
0.541006
0.97623
0.3533
1.25728
0.06692
-0.447463
1.52759
NA
2.92093
-0.4386
3.34464
-0.0761
0.2839
-2.61
0.233
-0.556
-0.88004
0.1641
0.4772
0.727
-7.198189
0.07316
-2.0159
-1.5436
-0.86409
-0.1166
2.17276
0.679
-0.613087
-3.84
-0.471
-1.37
-2.12199
-0.121
-0.783002
0.05092
0.4529
0.880099
-0.330483
-0.09501
1.55
1.713125
-2.76949
-1.4767
-0.1401
-0.401
0.88778
0.25716
-0.9485
-0.76499
-1.82791
-0.297
-0.2233
0.809
-1.174783
-0.653594
-0.6569
-7.1659
1.12
0.407
0.07487
2.9904
2.1828
-1.1583
2.72619
NA
0.17524
-1.90462
1.01174
-1.59045
6.2561
-0.672
-2.37308
0.34085
1.168548
-3.73811
0.45368
-0.06324
NA
0.5596
-0.53828
1.7467
-0.11913
1.057572
0.63089
-2.78275
-1.2256
1.08355
0.22481
-1.87237
-2.24647
-0.1625
0.87539
0.426
2.3746
-0.60009
1.70488
-2.5369
2.19968
0.02705
-1.01
1.24424
2.45163
1.8736
0.90994
-2.26
-1.149
-0.9987
1.60483
1.0673
0.8539
-0.66
0.38832
-1.01095
1.040903
0.0281
0.799
0.79277
5.2747
0.26566
NA
1.39573
-0.0896
0.49584
1.2807
1.65722
3.63847
1.6258
-10.11523
0.44733
-0.79425
-0.82894
0.78953
0.69449
2.48151
-1.11208
1.37378
-0.46215
-0.0678
NA
-1.408
-1.711525
-2.7022
0.73772
2.26229
-1.5146
1.02483
0.514
0.26608
-0.6961
0.674
0.838
-0.434415
2.42
1.3816
-0.804
0.48106
-1.35666
2.6717
0.283
NA
-0.02712
NA
0.844647
0.82721
-1.07536
3.71864
-1.86399
-0.38294
0.97904
2.871417
0.5027
-1.4721
-3.22438
1.79625
-0.71
-0.48576
-0.70104
-3.1404
-1.52538
-0.948732
-1.04896
0.30249
-0.07192
-3.15
0.0389
-1.1894
-0.64084
0.69601
-0.439666
-0.145398
NA
-0.61424
1.87799
1.69328
1.1126
-3.74001
-1.47168
-3.57076
2.07679
1.2219
0.40809
-0.6525
2.12996
2.2717
-0.54231
0.06947
-0.30146
-2.44696
1.1223
-0.34816
-1.37221
-0.23931
NA
2
1.33646
-0.39469
-2.23
-0.14971
1.58049
-1.09896
1.99961
6.6725
0.89325
-0.24143
-2.07
0.3066
4.8181
3.570947
-3.7941
-0.8748
-0.668403
3.514334
0.9262
0.3777
-2.58103
0.30248
-0.4194
-1.01684
-1.29
-3.67592
-2.3188
-0.4152
-3.38
0.34948
-0.51687
7.6818
2.21732
-1.651948
-1.94
-1.41558
1.4225
-1.53461
-0.91081
1.5411
0.09082
1.21134
-0.31048
0.681
1.34843
0.23998
33.63482
-0.865437
-2.40151
0.746705
1.6105
0.0241
8.82612
1.32916
1.14316
-0.49757
2.71244
-1.61244
-2.31622
-0.633
-0.08129
0.8798
-3.23
-3.16979
0.95369
0.9975
-1.40839
-2.26713
2.3143
-1.31801
-1.5557
0.181028
-3.7439
-0.47629
2.41096
0.173501
-2.94516
-0.4055
0.20114
-1.73737
0.40909
1.51569
0.2639
1.15091
-2.34197
1.31162
0.31578
-0.8118
-0.1833
3.02313
-1.069661
-2.6921
-1.2654
1.73424
0.49026
-1.97789
2.4
0.1191
-1.01678
3.88445
-0.17346
-0.149
-1.83315
-1.48
-0.688
-1.08883
-0.12936
NA
1.45047
-3.50541
-0.52088
0.96502
1.6377
-2.26526
-0.841
0.2484
-0.02216
-1.22
2.7046
0.578
0.72524
0.720185
NA
-2.53052
4.301321
1.55035
1.57307
0.0894
2.11284
0.03775
3.68914
0.709
-1.58
-0.52398
NA
0.52648
6.02211
-1.05967
0.11816
-4.51045
-0.70477
NA
-1.84271
-1.66
-3.7196
-3.02114
0.23659
-1.9106
0.1304
-3.04144
0.47895
0.84696
-0.3589
-0.59157
-0.3347
1.87245
NA
-0.000293
1.6926
-0.27562
0.84101
-3.00118
-2.46436
1.44289
-0.41252
2.439545
-0.6299
1.546903
-4.03699
0.256771
-1.0629
-1.306234
-1.5009
-1.908901
1.806267
2.7319
-2.53972
-2.56147
-1.07027
-0.29038
-2.61
0.145
0.0299
2.07
-1.077109
-0.74442
-1.03485
2.47373
3.75509
-2.861728
4.133293
1.85703
-0.68398
1.00811
-1.232049
-2.27939
1.34916
-2.37
-1.138221
-0.02209
1.17
0.028842
1.2429
-2.349856
-2.4496
0.0897
2.969801
-1.344985
-0.18481
1.704683
-1.594141
3.593291
1.5173
0.34993
-0.922453
-0.8824
-0.17705
0.643653
2.08075
0.05341
-2.29373
-1.9818
1.2507
-0.8497
1.542373
-0.7896
0.7105
-0.504939
-5.41313
-0.8898
-0.148512
3.8025
0.03228
0.8233
-1.48819
-0.073
-2.93538
-0.77172
0.3445
0.095123
0.5644
0.26808
-1.7307
-1.7748
-3.6559
-0.2605
-0.1596
-0.9684
-1.34
1.131058
1.293273
-1.79614
1.731
-0.8755
-0.125296
-0.77395
0.344683
-1.683363
0.34867
5.8487
-0.10778
4.49805
NA
-2.11938
-2.885333
-0.99133
0.13167
-1.49466
-0.59478
0.99908
0.3222
-2.69306
-0.243157
0.60557
-0.48356
0.676039
-0.77696
-1.0802
-0.24875
-0.18817
0.8455
-0.693456
-1.63279
-0.6134
-0.85
0.717861
1.61356
-0.91222
-2.6113
1.767061
-0.23737
-0.100349
-3.29822
-2.665239
1.1805
0.54992
-1.87072
-0.1386
2.023205
1.5539
0.0208
-1.805587
0.01563
-0.91935
0.08133
1.38
0.54551
-2.007088
-2.936041
0.2475
-4.856903
0.79001
0.386534
-0.331841
-0.734735
-1.06
0.219571
0.414745
-0.198
0.57068
0.34841
0.67776
-1.603498
-0.850262
-1.23143
0.398
-0.69631
-3.63491
0.69932
3.69965
0.45399
1.0591
1.724497
0.410195
2.03
3.45942
1.631054
3.080503
-3.092098
-3.91772
4.3723
0.2921
-1.60123
1.536118
0.436965
-1.67358
-1.0836
-1.62464
-0.28199
-0.76968
4.39
-0.41906
0.3192
-0.612046
-2.2522
0.69019
1.30031
-1.91062
-0.10756
-0.366362
-2.72207
-0.098544
-1.25459
-1.0845
-0.00231
1.31619
-0.44942
1.41769
2.0746
-1.809753
0.50787
-0.662
0.41916
-0.007147
0.04588
-0.71452
-4.043554
-0.6009
-2.08186
-4.4517
1.534201
-4.0494
-0.67744
-0.55087
-3.70162
-1.91965
NA
0.057082
2.72024
1.263702
-1.180486
1.24789
-1.805699
-0.19914
8.6153
3.721471
-0.4713
1.6165
-1.7179
-0.187
2.2337
-0.1331
0.261482
-0.301299
-0.38839
-0.89681
4.006906
-0.6568
1.285908
-2.28384
-1.485272
-0.159171
-0.3402
1.15955
-0.146832
0.263669
-1.575807
1.96821
0.09691
2.1584
0.498281
0.075943
-0.73623
5.297717
1.12875
-0.14228
-0.61087
0.290857
-0.58817
-2.397599
3.1157
-1.72456
-0.459593
4.228932
0.45859
3.4128
-0.37127
0.01146
-0.63831
2.55526
-5.96528
0.07375
1.172284
-1.320129
-1.374533
2.78934
1.890937
2.487384
-7.2888
0.8007
-1.179358
-0.724052
-0.454596
-0.79772
-1.819979
-0.009044
0.771835
-2.724
-1.945113
0.93106
0.78849
0.725
0.618492
-0.76
-2.281257
0.5314
-1.29
0.2863
0.342405
-1.531762
-0.360135
2.841874
-0.977359
-1.25866
0.503998
0.563132
0.488726
1.12885
-0.941992
-0.515658
-1.328125
-1.684742
1.754986
2.42698
-0.859004
-1.516431
0.5758
1.419651
0.17135
-0.55358
-2.507344
0.3256
-0.371941
-0.654212
-1.782764
-0.14087
1.240553
2.6129
1.162458
2.6873
-0.30115
-1.6011
0.752407
-0.522202
2.520611
-0.99045
-1.372791
1.47731
-0.24301
-2.076848
0.45185
1.225316
-2.22655
-1.28291
1.60665
2.101636
-3.09
0.29635
0.105311
0.213149
-0.572291
-0.835388
2.207513
1.046438
-2.531109
-0.97228
-2.032033
-0.70765
-2.247991
-0.628862
0.48339
1.849819
0.063662
11.844263
-1.586729
1.15599
-0.296643
4.29
-1.12169
-5.00743
2.14449
0.35845
-1.51826
-2.82535
3.80337
1.342498
-2.87719
6.29
-0.31938
2.416287
-0.970767
1.35048
6.6618
-1.29248
-1.28305
-0.13968
0.68912
-0.186801
-2.4909
2.159522
0.425061
5.82126
0.89162
0.52111
0.39353
0.625193
0.28433
-0.5321
-1.57815
-1.3512
-0.30214
0.539724
-2.57967
0.07894
2.48772
1.54763
0.31728
-0.6603
-0.42317
0.73932
-4.29952
-1.15017
0.587
1.93936
3.88382
2.927312
2.06736
6.68017
0.99618
-1.04524
2.73596
0.33001
-0.6236
-1.17997
0.568
0.719535
-2.01693
-0.005034
0.903722
1.2481
-2.06545
4.40718
-1.3675
7.36695
0.5716
-0.59152
-0.3904
-0.38201
0.67813
1.105884
-0.35826
-1.567679
-1.85499
3.2843
1.9843
-1.3788
1.52332
-1.12136
2.01655
7.6118
-1.71995
-1.39927
-0.6494
-0.5094
-0.47546
1.70669
-1.43268
0.553458
1.772666
-1.4259
2.60381
-3.46527
1.55816
-2.96713
0.40802
-0.8984
-0.08459
-0.1301
0.06929
0.701
-1.0035
2.00171
-0.45122
1.5432
0.5365
0.63751
0.9724
-1.99549
-0.8658
0.8835
0.1196
-2.44446
1.458035
4.99724
-1.7754
-0.801
-0.2984
-1.01732
-0.44629
0.0502
-1.15652
0.08249
-0.5402
-1.3871
0.3416
-1.55984
-0.9473
-2.27786
0.442
5.806
-0.9608
2.2299
-0.619429
-1.4048
-0.4561
-1.4538
-0.70425
1.5594
-3.5361
4.0908
-1.556539
-0.5545
7.55563
0.78998
1.876
1.165145
0.4315
1.9712
0.3778
-1.2422
-1.2456
4.14139
0.146
-1.0435
-1.5604
-0.88
-0.445
-0.7543
-0.6752
2.278698
1.577798
2.26
0.02305
-1.4234
-1.3814
-4.81
2.7876
-0.5487
-0.9016
-2.3069
-0.260762
1.37
-3.699872
1.683495
-2.5867
0.4515
-4.8219
0.6328
-2.5158
-1.3059
-2.3219
-0.8673
-2.4134
0.48915
0.5605
-2.4756
-1.1165
-0.2223
-0.5757
-1.2951
0.45885
-2.70769
-1.03712
0.9911
-5.365
-1.3043
-0.4942
5.4451
-0.4178
-1.2195
2.6765
-0.7622
1.1805
3.7853
5.198
0.582619
-1.21
-0.808456
-3.047555
-0.036503
1.184594
-1.55039
-1.03234
-1.869679
3.235017
-0.718706
0.886121
0.666336
-0.4656
-0.1226
1.4353
-2.0158
-0.950801
6.896
1.240619
0.154508
-0.673836
0.44006
-3.045
-0.558084
-0.34047
-2.520949
0.42702
-0.879006
-6.172574
-1.45703
0.140316
1.400633
-1.42389
-0.074233
2.496668
0.620567
2.9616
-0.704162
-0.65314
1.096209
0.435211
-3.229806
2.2196
2.745799
1.648335
1.760817
0.880438
-0.4784
3.527448
0.023785
-0.090982
-1.990227
0.30778
0.48485
4.4482
1.066721
-0.361401
0.1585
-1.970954
0.660574
-1.31109
-2.04377
0.33465
-1.58238
3.21335
-0.87989
2.152
-1.64542
-0.8172
-0.36929
-1.00112
-0.734866
2.167
1.10336
-1.71484
-3.5253
-1.81146
1.039508
-0.660025
0.30476
0.26923
1.27713
1.80744
0.87018
-2.06765
-2.40754
0.83224
1.232713
-0.27496
-7.12
-0.23898
0.81249
-1.95191
-0.98458
-1.88931
-0.32702
-2.32251
1.634257
-0.18566
0.08781
1.0587
-0.18245
0.96564
0.5211
-1.71935
-1.0242
-1.4917
0.7008
0.0382
2.29322
2.73085
0.99059
5.48771
2.38783
0.63126
-3.60003
3.44157
0.7288
-1.16625
-1.13594
-1.03588
-0.93134
3.42969
0.14741
2.8142
-6.495252
1.17084
2.83252
-3.776
1.7152
-1.2068
-0.548
-1.38
3.024433
0.11951
0.7547
-0.09108
0.45764
3.7974
-0.1713
-0.5507
0.248395
-0.9086
-0.8348
0.843267
-0.47854
0.517
-1.28699
1.79775
-3.0465
-3.71896
4.8275
0.8148
-0.723
-1.3994
-1.12225
0.8727
1.3044
0.9826
-1.43633
0.17967
1.1167
1
-0.056
1.61416
-0.12551
-1.1592
6.0613
1.37287
-1.3846
1.64233
0.0261
1.053
-0.0931
0.2764
-3.4771
-3.31456
-1.0932
0.4756
0.2491
0.63201
1.5786
-1.2167
1.160696
-1.1533
-0.5505
1.22635
1.83
4.1167
-0.80559
1.21716
1.45091
-0.400905
-1.80898
-0.529554
-0.9852
-0.60705
2.5676
-1.1502
-1.284626
-2.24
5.163595
-1.064396
1.0653
1.12765
-0.152873
1.078
-0.77309
0.4908
-0.3877
5.0445
-0.3324
-0.87498
-3.0104
2.0452
2.14649
-0.91143
0.413938
-0.9517
1.93456
-1.12483
0.1528
1.19
1.43814
1.0704
1.057796
-0.072756
1.1427
-0.0829
2.0685
-1.2491
0.5222
5.84984
-3.11074
4.7827
-1.4279
-1.9268
-1.0512
1.7599
-1.23377
0.456095
-1.2803
-4.9903
-0.4728
0.00632
2.734397
1.32992
-3.84241
-2.1912
0.27733
2.5824
-0.08505
-3.75814
1.36
1.8847
-1.41461
2.30556
-0.3877
-0.09315
5.289311
1.8971
-0.799
0.9605
2.4236
-1.66573
1.4086
-2.0536
-1.077964
3.53642
-0.0415
1.0118
-1.346609
1.20131
0.0769
-0.4717
1.7473
0.26178
0.17671
-0.5885
-1.9148
-0.6664
0.097
0.286
-0.7046
0.087476
0.3904
2.0098
-0.636662
-0.1904
1.14037
0.5854
0.4243
2.91864
-0.7453
-4.71686
1.9
-0.846
-3.72416
NA
2.0832
0.5901
-0.35166
-1.6058
0.2707
1.7893
1.50989
-0.01963
0.5114
0.728043
2.86673
2.0242
0.14402
-2.24169
-0.22409
1.111355
0.2075
-1.94573
-0.368
1.75144
-0.977951
1.747
-0.6709
8.35966
-1.48863
0.5943
-1.28531
2.635
-1.2505
0.22127
-0.1022
-1.20787
-2.56751
-1.055877
-0.505529
2.24729
-3.1915
2.3067
0.3672
-1.06122
5.096
-1.2979
1.21
3.0168
-2.13287
0.921
1.8132
0.1558
-1.57
-2.11
-1.66535
-9.03698
-0.35579
3.09
0.59097
0.05962
1.27175
0.1601
2.49876
0.0617
-0.32912
-1.71832
1.104
-1.47141
0.74439
0.8221
-2.7248
1.47151
-1.47802
-1.1669
3.4928
1.9056
3.71
7.88621
1.25381
7.8205
1.17282
-3.67722
-0.3968
1.15137
-0.40277
0.0538
-2.04786
-1.2028
0.30868
1.52378
1.19825
-2.17992
-1.7345
-1.84745
-2.6962
-1.32528
-4.92721
-1.8377
-0.4795
-1.014
0.265293
-0.8633
NA
1.04718
7.23067
-0.65858
1.28
-3.90709
1.60483
5.03935
2.8025
0.0617
0.86964
-3.72909
-2.9707
0.357
-0.57314
-1.64292
-4.39247
NA
-0.04412
-7.57713
0.7689
0.461218
0.394384
0.80405
0.67563
8.54452
1.52677
-2.88
4.46684
-2.87818
-6.6431
0.30934
-3.59802
-10.83104
2.92017
-1.96007
1.24896
0.68854
-1.45371
-0.177523
2.29002
-1.62662
-1.77982
1.5459
0.37792
2.907615
0.984485
3.73397
-0.54456
-0.19225
0.76902
0.15688
2.11836
-0.36318
-0.95515
-0.42177
2.805694
2.98567
-2.6719
0.84352
0.40296
1.339486
-0.75745
-1.14
-0.877798
0.61368
0.91833
-1.555616
-3.11945
-0.74405
1.18
-0.42406
1.47875
1.98684
-0.25431
-0.13851
-0.15324
-1.71378
2.53
0.2865
-2.82702
-4.21267
0.6835
0.3669
0.0896
-1.37899
-1.82169
-3.0933
-1.46463
0.64936
-1.7162
0.0878
0.987
NA
0.89225
1.36
-1.33063
1.70555
-1.4
0.75227
0.60446
-0.67021
0.383
-1.16114
2.15
-1.07
0.0219
-2
-3.48005
-1.20762
0.4224
0.86
-0.49608
3.51911
-0.302
-0.0666
-2.78
-0.21502
-2.29
-2.05899
1.38
8.59694
-0.92794
-0.98174
0.814
-0.68378
0.267
1.65653
-2.63
-1.7183
-1.17169
-1.25
0.749
-3.69398
2.74415
0.23495
3.27734
0.799
-1.46
1.9
-7.70108
0.609
1.4
0.37941
-1.43
1.62
-2.34
0.11539
-1.1261
0.3223
6.55
3.45837
1.01869
1.45721
-0.159
-0.14811
0.986
1.15953
-1.47
-1.16
2.96
-1.99
0.224
1.4
1.9
1.64625
0.418
-1.22
-0.09543
-0.25401
-1.60865
-2.82592
1.17
-1.2
-1.27
-0.746
-1.51
-0.223
-2.99
4.51
-1.73113
-0.16641
-1.86384
1.22
-0.24578
0.89285
-4.12
1.65679
-1.26
4.24905
3.65
4.21
-0.78
-1.90875
-1.6131
-1.59
-1.70524
3.26
-1.52
-1.01
-1.23136
-2.41
-1.55
-0.2652
1.9
1.09
3.21
-0.14
-1.52
1.39
-2.73
-1.9196
-2.45
0.643
-0.39
-7.37
0.1616
-0.967
-1.29
1.02
-7.28
-1.34
0.0083
1.4
0.063
-0.426
-0.641
-0.489
3.28
-1.7
-0.641
0.135
-0.697
-1.2746
-0.318
-1.2204
-0.621
0.678
-2.71
1.3
NA
2.97
0.7876
0.0789
2.28
-2.07
1.24
0.0849
0.745
0.5893
0.125
3.95
1.31
0.924
-2.38614
-0.479
-1.6876
-0.91962
2.06
-1.77
1.85747
1.45
2.96
-1.23
0.547
0.15665
-2.93
3.2
NA
-2.28
1.81491
-0.509
-0.786
-1.36
-0.403
-0.212
-1.58418
0.774
-1.609923
0.646
0.0241
0.152
-1.66
1.51
-0.108
4.79
-2.17
0.107
-1.56
-2.38
0.737
0.227569
-0.22237
-0.269
-1.32
-2.9248
1.19279
-0.019056
-0.942
2.9038
8.407132
1.59437
0.005983
-3.91357
0.041487
1.501657
-0.607
-0.0097
-0.94302
3.436
1.88265
-2.2619
0.49756
-1.0311
1.34213
-0.54694
0.9019
0.3333
-0.9502
1.61
-1.206559
-3.5098
-2.54386
-1.256961
-0.0777
0.32035
-0.4476
0.458
1.6322
-0.18144
-2.05797
-1.938119
-0.545
0.167565
-0.836
-0.240474
1.2691
-1.28
-0.98481
-4.9787
5.12433
1.619201
1.83608
3.19
-0.6338
-7.581461
0.0162
-0.15519
0.5775
-1.84467
-1.191702
NA
-1.82
1.67
1.9134
5.07463
1.38964
-2.176247
0.04156
0.1723
1.66416
-1.95
-1.82173
0.18835
-2.4285
2.671284
0.53913
1.21371
0.749
-4.36872
1.9404
0.00936
6.96163
0.47825
-0.9474
-1.68888
-0.22598
-1.124086
1.55892
0.32764
2.3527
-0.9179
-2.9332
-4.68555
0.105234
0.69709
0.49312
2.26013
0.89195
-0.44
-0.882
-3.51
-0.57957
-0.4542
0.014575
-0.1808
0.34447
-2.43291
-3.15501
-1.43263
1.8796
0.9929
0.96593
-2.7167
-1.9586
0.115833
2.10093
NA
-0.57641
-1.268657
0.5353
0.1574
2.93976
-2.85
-0.52
1.800931
-1.40232
0.16919
0.736486
0.304
1.00518
6.06262
-1.775747
-1.69342
-1.91919
-4.91889
-0.58881
-0.8479
-0.610676
-0.47679
-2.97143
-1.8643
-0.38152
-0.36694
0.903098
0.60347
0.1543
-2.76439
-0.38044
1.6136
2.01
-1.30622
NA
0.364857
1.6394
3.1
0.56397
-1.3152
NA
1.15873
-2.37
0.82844
-0.56148
5.34
0.4603
-0.23452
-1.654236
-1.8271
-2.18
-3.08
-0.94707
2.48885
2.48585
0.9542
-0.3497
-1.697165
-0.0811
0.917
-1.53734
0.886
1.04
-1.26842
-0.857737
0.985
-0.452581
0.7983
-1.28404
-0.5134
-1.540333
0.639
0.876
NA
-1.44
0.06132
2.341822
0.00427
-0.1001
-0.611998
-1.1203
-0.8757
-0.5078
-0.79498
-4.1653
2.2779
-0.367162
1.0969
-2.60041
0.396026
-0.949
-2.19887
-0.49944
-2.96851
1.91882
-2.0417
0.2483
-1.2296
-0.8536
-1.458937
1.08342
0.80035
-2.60249
-1.54
-0.08469
-1.79299
0.49621
-2.06
-0.075
-0.948
0.177
0.21877
-1.244813
1.039632
2.25
0.326
-0.323502
-2.57289
NA
3.2667
-1.0799
2.17
NA
0.712685
0.90053
-0.368
-1.15
2.8097
-2.67089
0.396
NA
1.848
-0.04983
4.26086
0.44473
4.43009
-0.549569
2.49997
-0.566117
2.91
2.259
-3.84955
-0.771028
-1.204999
-0.58685
-1.14641
-2.13
-2.725442
0.67439
-0.4296
0.98
-0.6652
1.1056
-2.592298
-1.38089
-0.55831
0.01497
-1.0366
1.24
-2.058
0.52556
-1.905968
-1.91
-0.293
0.38219
-0.06583
-1.103502
-1.3944
-1.3051
-0.32073
-4.63012
0.6916
-1.26
0.613
-0.1682
-0.5515
0.92696
-0.71581
-1.96368
1.08
-1.505667
-0.44874
0.571947
-1.76
-0.888
1.089738
0.1614
1.73
0.836467
-0.80421
-0.47459
-0.76854
-2.091749
1.71264
-2.591072
1.4099
1.80996
-1.25065
-1.778582
-1.74248
0.137632
1.036202
1.35255
-0.5316
-1.441034
1.15472
-3.1207
0.81731
1.38216
-0.5917
-0.68054
2.40285
-0.879
-1.4508
1.119503
-0.4387
-0.45237
-0.46525
0.88499
0.2687
0.44882
-0.0222
2.49448
2.05155
0.02202
0.67896
2.67683
-2.8635
-0.85743
-0.466125
-1.80131
-2.7273
1.68009
-0.3318
0.858786
-1.1887
-0.50527
0.93002
4.80965
-1.842455
1.15116
-0.9932
-0.06
2.5317
3.6404
-0.499
-0.8408
-0.89952
0.133048
-1.19398
-0.1669
2.478845
0.92263
-0.39885
-0.667
-5.0117
4.76055
0.894
0.290793
-2.55714
-1.6937
-1.09637
NA
-0.4901
1.17317
0.08755
-1.04
-3.293701
0.08081
1.87392
-2.37
-2.230474
-0.08873
1.394041
1.3277
-1.31
-0.2442
-1.776032
-0.29004
0.1958
-3.56495
1.903132
1.33
9.68
1.67
-6.20184
-12.2
0.42299
-1.1721
4.35666
3.1194
0.28
1.7301
-1.08451
0.32819
-4.1018
-0.93813
3.7081
3.08
1.06819
-0.58839
0.13971
NA
-0.79687
-1.610928
1.63
0.262
1.2222
1.6928
-1.99406
4.64
-0.61186
-2.044518
0.9742
-3.9
0.87579
0.3749
0.6725
-1.047985
2.5876
-2.7468
-0.12145
1.4455
0.25406
0.55967
2.9371
0.49618
-0.54652
-2.38
-0.087
-0.68029
0.57603
0.4309
0.87829
2.641841
2.57522
-1.23395
NA
-1.7435
-1.2418
-2.0699
1.18039
-0.9233
0.1876
0.946994
-1.30339
-1.26763
1.1817
-1.50823
-0.74975
1.4113
1.99325
1.1581
-5.8353
-0.4443
-1.0545
0.3582
2.05546
1.8122
NA
0.7764
-0.25108
-1.0251
6.01584
1.65
1.1605
-1.2142
-0.47628
0.056
-0.0497
-0.4669
-0.673
0.020394
-0.38613
2.1652
1.84786
3.88
1.5616
1.21431
0.1898
-0.1694
2.12848
-2.85648
1.32244
-2.6652
1.438
1.8118
-0.6876
3.21
1.7046
-0.0176
1.9075
-1.73651
-0.50217
1.848238
2.6265
0.8706
-1.0101
0.886
-1.474
-0.8476
-0.7013
1.56
0.9599
-0.06603
-0.631506
-7.67
-0.482828
-3.3209
4.80921
3.7114
-3.4331
0.754397
-3.3841
1.53735
2.81265
-0.538
-1.29512
-1.43541
7.1689
1.7693
0.1659
0.50832
1.1832
-1.8669
-1.81545
-0.74716
1.6401
0.2441
0.0301
-0.42916
2.11914
0.76167
1.0359
-2.91
0.6201
3.6756
0.43884
0.0858
-1.43628
-2.7913
-0.045826
0.5202
0.39021
1.15761
-0.0942
-3.4128
-1.06012
5.68835
1.88
0.7358
-1.04505
-3.21891
0.8906
0.08154
-1.31971
-0.5934
-0.12795
-0.00149
-1.84
0.2543
-1.4901
-0.4018
1.42363
3.19
0.968
0.21921
-0.965399
-0.88181
1.3659
1.3605
-2.07789
0.72977
2.43516
1.41719
6.9467
0.9492
-0.9871
-0.3368
2.051
2.49
-0.09489
2.16977
-1.50562
-2.9989
0.13915
-1.02395
0.733
0.818
1.4502
0.626409
-0.0139
1.09632
1.1239
1.39282
-9.01
-0.9191
-0.77218
-0.0685
-0.53736
-0.151
1.91295
0.25591
0.73866
-3.2733
4.32025
-1.293355
3.14049
1.02993
-3.2391
-1.25
-1.31
1.80905
-0.16011
-0.737
0.92945
0.267032
-1.4809
-0.019
2.47539
0.690521
-2.42
1.62369
1.64
-0.087
0.934232
1.777351
-5.83
-1.032117
1.02145
0.03986
-0.79038
-2.0458
-0.3611
0.98713
-1.5376
-1.6752
2.1294
-0.2286
2.04298
0.19217
-0.652
-0.4566
-0.9905
-2.5707
-0.957
0.3214
-1.85552
0.93445
-0.34509
-0.3961
1.78
0.70063
-0.57765
0.0818
2.6757
2.69885
0.28022
0.01061
1.90584
-6.41
0.92948
-0.04339
-5.30905
-1.86
0.1169
1.6058
-9.81359
-1.748356
-0.696
0.60674
-0.612038
0.70146
5.82778
1.68796
1.90982
0.0342
-0.50344
-0.75184
-1.0179
0.01556
-0.27931
1.87639
-4.35399
-0.639994
0.330435
1.57
0.9447
-1.551963
0.53358
0.95128
-1.02728
-0.8446
1.01
-1.98189
-1.84078
0.6594
1.24
-0.72884
0.5856
-0.069
-1.44
1.2739
0.8736
-0.319227
0.93972
0.76115
-0.37747
-2.191316
4.10622
0.728469
1.57673
-0.2475
0.88725
0.03612
0.201
-2.4499
1.212
1.969242
2.08239
3.8571
-0.183
0.3707
2.11737
-1.0941
1.29579
1.86
3.82316
1.57
-0.0932
0.64126
-1.8349
-3.25468
-2.2307
0.37863
-0.13936
1.7543
1.035
-2.29
-1.35376
1.53088
-0.371
-1.986577
1.60878
-0.5716
-0.5459
1.248698
1.65369
1.84161
-0.636
-1.64609
-2.66
-0.418
-1.19155
1.85801
-3.57216
0.4429
0.52841
-0.07848
1.15
-1.140517
0.092
-1
-1.07584
0.33038
-0.0201
0.21586
-0.3723
-0.0273
-3.0481
0.39969
-4.1084
-2.91362
-3.0171
2.77
-1.41065
-0.157742
1.765661
-1.0385
1.288758
-0.52
-1.9395
-0.59201
-7.71774
0.8843
3.7467
-1.37539
-0.72711
0.41091
3.0846
2.83198
1.16105
1.2105
0.143
-0.52678
-0.5886
2.28
0.996083
0.39342
-2
-1.28102
0.6044
1.99387
0.7778
0.56979
-0.9047
-2.27305
-2.35037
-0.0815
-2.4606
-2.3019
-1.129299
0.01425
-1.5747
2.79808
-3.35403
3.2779
-3.98699
1.80218
3.1765
-0.23343
0.1455
-0.8319
-1.81536
1.9093
-0.493
-2.97274
1.69
0.6962
0.16597
-0.224
NA
-0.4641
0.26885
1.7699
NA
-3.1212
-0.8613
0.2068
1.2172
-2.44587
-2.39842
0.3454
-1.9911
-1.19854
0.99992
0.6044
-0.225
-3.65275
-0.898
-2.1894
-1.52696
0.4
-0.007
1.253355
0.2249
-1.84734
0.800319
1.3606
-0.2552
1.3677
2.6729
-0.403597
1.00134
-0.47886
-1.8566
1.967504
-0.05792
4.43384
NA
4.3855
1.5063
0.481
-1.20089
-1.209308
0.114
2.0867
0.44641
1.4
-3.72
-0.235106
-0.51308
-0.94645
0.1784
-0.23506
0.39554
-2.33894
-1.7107
0.7092
-0.67137
-1.00402
-0.81987
4.4987
2.016926
-0.10429
3.05144
2.41707
-1.26974
0.7296
-3.16633
1.07
0.32462
-1.38769
-0.964413
1.2263
0.09159
-0.99544
0.995087
NA
0.25585
-0.6855
-0.44115
-2.3097
-0.886333
-1.0291
-1.03
0.54632
0.100345
0.674
-2.236057
-0.202
0.79
1.51
1.6
0.50577
1.27274
1.5149
4.22
-2.13982
-2.07
-1.7861
1.40376
-1.07059
-1.77071
4.039234
0.5552
NA
-0.829603
0.6943
-0.327356
-0.477
-1.43885
-0.50372
1.677442
-1.45533
1.20064
-1.88
1.32433
2.0209
-2.00476
-1.77
2.83292
4.15896
-0.6572
1.54199
-0.3087
-0.28204
1.7205
1.7709
NA
1.514
0.54915
-8.14
1.8722
0.47226
-2.26048
2.16055
-2.1236
-1.847
-0.654762
-0.25671
-1.24661
6.9156
-0.398955
1.4588
-0.409417
-0.26159
-1.40337
1.33182
0.12888
-4.25178
1.77
0.34339
