-2.7661
3.5314
-0.2565
-0.3493
-0.62021
-0.278
0.272
0.3603
3.29573
-1.10253
1.9
2.3438
-3.97749
1.7478
0.9171
-2.1819
0.0542
-5.49284
-0.6924
0.66686
-1.151042
-1.2015
0.5307
1.77514
-0.67134
-0.332
-2.5981
2.11174
-10.5828
6.25128
0.9707
0.47502
-0.808
-1.0895
0.8477
0.9736
2.6046
2.03
0.341741
-0.47812
0.19148
-0.455241
1.55747
-0.0395
1.30273
-4.80883
-1.35004
-1.41317
1.57433
1.2779
0.5748
3.659664
-0.2953
-0.2193
3.7131
3.0374
0.39
-0.8657
-2.697
1.2175
0.7606
1.3617
-0.723
5.99883
6.4244
-2.33967
-0.91126
-0.1163
0.4887
0.9957
0.0704
-18.18551
-2.9653
-2.6179
-2.641752
0.1402
0.6795
-1.78291
0.9285
3.8968
-1.3046
2.61828
1.38724
2.06623
-0.70472
-1.5447
2.554
0.7586
-5.4634
4.2481
2.1758
-0.96496
2.6669
-0.1257
-1.4767
-0.93514
4.7945
-0.453023
0.12697
0.0299
0.1727
1.68954
2.5761
0.0373
-0.75842
-4.221547
0.8503
-0.2598
0.593118
-0.729899
1.5745
0.84944
-0.2046
1.806886
-0.2849
-0.6914
2.3201
-1.093235
2.8419
2.5125
0.7129
1.7322
-3.4264
2.21915
-8.577
-5.9886
-0.7235
0.2697
-0.37351
0.88416
NA
-1.0977
-0.9918
0.19031
-12.0181
2.77879
-4.6942
-0.4382
-4.3328
NA
3.1018
0.5524
-0.89442
-3.41864
0.1754
0.2733
-0.5518
-3.878314
1.2615
1.5267
0.9299
-0.898
-1.95694
-0.5661
-3.5377
1.0267
-2.0025
0.5908
-5.25772
-0.3932
1.2375
0.805549
1.3833
-1.171
0.9165
-0.997
2.7578
0.7814
0.019
-0.1883
3.042919
-0.708
-0.6235
1.1005
0.29029
-0.5387
2.3551
0.72532
2.4793
0.10268
-0.64396
0.6139
0.06152
0.65464
2.5218
-0.0478
-0.6534
2.3003
0.05843
-1.67728
5.5953
1.3557
4.0208
1.8474
1.28
-0.67437
0.018
0.15076
0.8292
0.0151
-0.526
4.36192
-0.80349
0.1752
0.5162
2.15
-1.2248
1.4878
1.2714
-0.269455
2.3741
2.32424
-1.3166
0.05165
-2.7772
0.3766
-1.1253
-2.13
-1.1775
0.381
0.999
-0.9987
-0.966
16.658
-0.851
-0.86951
-0.5053
-4.638
-2.6558
-0.3533
0.636
-1.0775
0.7592
0.0254
0.3695
3.256252
0.5083
1.0368
-0.8567
-4.6489
1.2405
-1.2888
-0.6161
-0.21173
4.9183
-2.27904
-1.64022
-2.7454
-0.1145
-1.2165
0.7183
-0.3682
3.2978
-0.5835
1.42846
-0.3688
1.2284
2.39
-0.0314
0.5951
-7.92727
-2.0551
1.8273
-1.8647
-1.5367
-0.5797
0.9609
0.7865
0.4004
-0.2861
0.9501
3.736682
-1.1974
-3.31
-1.37619
2.092
8.31917
-1.6827
-0.501264
1.5351
0.4188
6.755442
-1.0645
0.5007
-1.4903
-0.226
-4.13649
-4.46073
-5.999788
-3.79687
-1.3203
0.267638
-0.6784
-0.05967
1.0651
-0.0983
3.75466
0.58805
-0.67565
0.6208
0.0889
0.24902
0.2934
-0.6586
5.9239
-0.8009
-0.039
1.47482
NA
0.684767
-2.6656
-0.3371
0.42622
1.42
-0.8218
-1.0146
-2.2903
3.13381
-1.2936
-22.9241
3.0392
-3.028
-1.29
3.2097
0.7533
0.9572
0.9301
-1.77595
-6.91058
0.28903
-0.5536
0.26012
-0.5236
4.01116
2.22045
0.92971
0.8793
-2.81206
-2.5643
-1.396
0.40137
-8.5808
1.8677
-2.1723
-4.3097
-1.7188
1.505
-0.6677
-0.1015
1.51224
1.6256
0.085
-0.48707
0.94143
-0.37983
-0.40829
-0.3082
-1.738975
-3.02915
2.73323
2.664
0.58918
-1.8504
3.92
-3.2208
-3.2055
0.60808
-0.9408
2.3824
1.22247
-0.99545
-0.7968
1.3522
-0.0904
0.95856
-3.56657
-0.81704
-0.6064
-1.48998
1.42339
4.05512
-0.9624
8.5109
-1.9113
-1.4966
0.9357
1.5844
-0.4284
-6.2355
-0.474
1.96129
-1.0527
2.805555
0.267306
1.19235
1.7724
-0.9534
3.30691
-0.48196
-1.86099
-5.3584
1.72649
0.42464
-4.14123
-1.96561
5.322466
3.9896
1.7082
2.244
1.425
0.1498
1.08601
1.73234
2.8728
-0.9885
1.5066
-1.83702
-0.7491
2.109631
1.82519
0.12118
-6.29
-0.6291
-7.55081
0.1851
0.50487
0.14389
1.25564
-1.6395
-0.40376
-1.0113
-1.7053
-6.19234
-5.09467
-3.9986
2.1176
-0.0979
0.861
-1.6216
-1.8818
0.0398
-1.227394
0.969822
-5.7627
0.265758
0.23294
3.0753
-1.4486
-3.327591
-0.5995
-1.8036
0.007372
1.2942
0.5645
-1.054
1.95227
-1.9255
-3.3312
2.3623
-1.0976
-0.3743
-0.1434
0.22475
-2.999
-0.6184
0.3407
0.5488
1.3641
0.6013
1.2462
3.00571
-0.67175
1.8052
0.9586
-1.3661
1.8792
NA
0.6941
1.83817
4.02533
0.61207
-0.90283
-1.98818
0.1593
-0.6213
1.10332
-3.39613
-0.1122
0.91518
-0.2042
-0.8852
0.2055
-1.5135
2.38501
-0.3195
-1.3688
-1.94719
-0.9444
-0.06494
-1.0363
-1.88
1.8002
-0.2135
-3.40947
5.5801
-0.98798
0.061
0.8093
-1.2292
2.9026
4.8341
0.2899
0.754
0.610769
-1.373102
3.419697
-0.6905
0.22322
1.8637
-0.707
-5.0553
-1.1396
1.3239
-0.4846
-1.83186
-2.18168
-1.603873
1.696257
-1.658
-0.23598
-0.243
-7.6661
-1.12
1.1025
-0.451
2.505736
-0.4743
-0.4312
-1.73
2.55116
-7.12
-2.1782
0.769
0.9274
0.0654
-0.62925
-0.458
3.33731
1.8459
3.1077
-0.1457
-1.6876
-0.994583
0.0885
1.415805
-2.028
-3.30891
-0.48946
-1.00454
2.9463
0.30068
-1.08
-2.73
-0.0982
-1.741
-1.0228
-0.4602
0.9609
1.5242
-5.572963
0.1651
-2.3914
-3.1977
-1.8543
1.3994
0.7082
-1.7951
0.688
0.4016
-1.3851
1.5161
0.8214
-1.1079
-3.4458
0.0431
-0.2252
-1.6435
4.0679
-3.022
1.5881
4.1462
0.2103
-3.4897
-1.7283
-2.8292
-4.9668
0.1638
-1.9012
0.151684
1.7968
-1.76
3.3006
-0.3007
0.5176
-0.6628
-8.95
1.34041
0.7476
-0.5013
0.0472
0.724
3.0806
-0.7945
-2.4757
-2.67
0.5473
0.3419
-1.0796
0.5866
-1.1749
-0.0335
0.412431
0.7779
-0.77309
1.0316
-0.7
0.7776
-0.37134
2.45019
0.46302
-2.8173
2.09546
-1.96046
1.1898
-2.62094
1.60887
-1.78762
1.4762
-0.31057
0.01374
-1.1159
-2.6199
-1.02759
-2.3864
3.41028
4.14914
-4.59155
-2.1705
-0.7394
-0.3531
-1.17888
1.3217
3.18795
-0.48064
2.2716
2.2451
-1.8059
-1.4913
-0.0582
-4.51
0.823
0.33201
-3.95087
NA
0.32219
-4.890362
-0.7219
-3.5806
0.39073
-2.2932
-1.555
0.455995
0.388563
-0.416069
-3.99
-2.01
-1.491808
1.31606
0.26163
2.823902
-1.914624
-7.9192
4.1504
6.08263
4.46153
2.05197
0.37762
0.5725
2.2847
5.06571
-2.70733
4.86119
-2.87702
9.31611
-0.8803
-3.7273
-1.28043
1.8997
2.7453
-0.86258
-0.5901
-3.1105
-1.14855
0.61172
-0.78581
-3.0552
-0.73918
2.04811
-0.5961
-4.83343
-2.14102
4.3175
0.67072
0.17847
-1.89607
1.13671
-2.0058
1.76939
-2.58379
-3.7479
0.0926
1.49978
2.08388
-0.14262
0.12062
5.171
5.10969
3.153
-6.24241
2.84973
11.437
1.0615
-2.90212
-2.0106
2.079
0.36894
0.89472
-2.4727
2.36598
1.98236
-0.31603
-0.38512
-0.9811
0.5989
-1.1268
-3.32211
3.97309
-2.63184
0.24106
4.87383
-4.36796
4.93981
0.79633
-1.7948
0.06471
1.9351
-3.51832
-0.87046
-0.93694
0.04929
1.20478
1.57036
2.81951
0.35872
1.00455
0.09467
1.37032
1.0062
-2.07838
1.05112
-1.16686
-1.2014
-0.5958
3.50112
0.1258
-0.572
0.35684
-1.3512
0.9353
3.18474
1.4848
-3.094
-3.1538
-0.3949
-2.1994
-0.2559
-0.7187
-1.9412
0.2682
-0.3414
2.1099
3.2335
-0.0916
-1.8862
0.7043
2.9758
-1.0127
-2.9742
0.8458
1.2984
6.9219
3.4046
-3.5343
-1.7479
-0.9891
-1.3936
2.0885
-2.5774
-0.5209
0.2465
0.3461
2.4216
-0.075
-1.1671
2.7036
0.5475
8.9283
0.8786
-1.6895
-3.0331
-1.0684
-0.8116
8.4211
-0.5913
-0.8959
-1.5153
-0.5309
1.2565
-0.4505
-0.5975
1.959
2.1176
0.7767
1.6767
2.0503
0.1744
-0.83742
-0.4022
0.4793
-0.34567
-0.70499
-1.00276
1.05576
-1.3495
-0.6119
-0.5663
-0.1394
-0.5397
-0.0402
-1.6103
-0.4653
0.4719
-3.6242
-0.4185
4.1869
0.639
-0.1262
1.3393
-3.22
2.12
0.295
-0.853
-2.79
-0.201
-0.247
-1.47
0.118
-2.49
0.495
3.22
-3.26
-2.19
0.855
-0.273
-4.76
3.66
2.78
-1.5
1.52
0.834
-1.55
2
1.42
-5.15
1.01
-0.638
0.751
2.21
2.62
-0.114
0.316
-0.0862
1.45
-1.13
-1.77
-2.76
1.49
0.358
0.646
-4.73
-1.9
1.34
1.53
-7.24
0.653
0.2145
-2.4466
-6.8068
-2.0128
1.1026
-0.1492
1.2398
0.7159
-0.4771
-2.7687
-1.9959
-0.2811
-1.7863
0.9313
0.7607
0.6016
-0.688
-3.9978
2.1905
-0.0342
-2.4321
8.1047
2.8129
-2.425
0.4005
-0.8963
1.6342
2.0897
0.0723
-0.5896
-2.1302
-1.7875
3.4272
0.6182
-2.0706
-1.707
2.1104
2.700979
1.113
-0.313759
-0.111515
1.81177
0.6005
-6.433267
1.0242
-1.269
2.6317
4.5124
-3.410593
2.752467
6.548551
1.966
-2.506245
-3.0291
-1.230354
0.360498
3.459647
0.463759
-2.3717
-1.257807
-1.391548
-0.242497
-0.7059
2.303628
1.786693
-0.76476
-0.825087
0.5652
-4.919333
-0.8423
-0.4849
1.466854
3.058192
-1.8332
0.11
4.4937
5.243997
0.147654
2.616326
1.111401
1.426199
-1.5949
1.7995
0.734851
-3.095398
-4.023209
-1.0017
1.5769
-2.52868
-5.3898
6.214678
0.7067
-3.6461
6.386
-1.488339
-1.561517
-1.6841
-2.670701
-1.613924
-0.2266
-1.511956
7.6268
0.0779
-0.74782
-3.55182
4.19318
-1.1389
-0.97561
2.77837
2.1618
0.45858
1.52957
-0.4023
3.02112
0.92735
-0.12754
0.5941
1.903
0.17126
0.4868
-1.92529
-2.93507
2.76225
-1.09435
-1.9679
-2.0254
0.13422
-0.03141
0.1582
0.513
0.19988
-0.63078
3.52812
-3.39644
-0.10298
-4.08638
1.35474
-0.80843
1.83765
0.59892
0.90434
-0.8778
1.85694
-2.69125
2.74318
2.7887
3.45331
-3.19092
1.99952
-1.32212
-0.05351
0.14486
-1.24297
-0.9299
1.74177
-1.69327
-2.25266
-1.56307
3.6703
-0.9393
1.57103
19.79734
-1.18573
3.4388
0.9141
0.10271
-4.67923
0.51095
2.664
0.67003
2.05786
3.78879
1.39313
-2.83468
5.0145
-2.9011
1.8967
-0.7431
-0.2324
1.1165
-1.6586
-2.087
3.0552
0.8718
0.6753
-1.3416
-2.2904
-2.3028
-0.4322
-1.7526
0.1486
-2.2142
-1.8584
-0.384
-1.4944
-0.5304
-1.7043
0.17
1.2085
-1.1507
-0.9204
-1.6073
0.2725
0.3016
-1.7614
2.4664
3.11434
-0.83448
-0.03357
0.19002
-8.2545
-0.42827
-3.7218
-1.25023
4.2119
-1.6325
-1.68813
-0.6857
1.06341
0.0515
-1.24699
-0.0221
-1.0885
1.70505
-0.29359
4.4293
5.14901
7.32358
5.8377
7.9755
0.27666
2.78629
-1.35414
-0.1368
-1.9133
0.4788
-8.02092
1.30884
-0.71976
2.74462
-1.48497
0.838
-0.7147
-2.78125
0.1727
-1.0903
0.2841
1.1017
-2.30122
0.05674
-1.06666
2.07803
-3.5778
-1.59049
-2.79222
-0.7687
-2.32825
-0.885
1.6583
-0.1996
3.2549
-0.1051
-1.5812
6.6678
1.5913
0.5488
-0.0521
-1.0064
-1.5841
0.2748
11.908
1.7552
-0.1434
-0.9149
1.5281
-0.883
0.3976
-0.6186
-2.7142
-0.2838
0.276815
0.0782
-3.963198
-0.638684
-0.8806
0.8693
0.104868
0.106249
2.26865
0.820851
0.042932
0.900182
-1.797
0.437839
0.624076
-1.8408
0.836181
0.467926
5.79797
-1.1845
-0.000204
-0.906965
-1.391127
3.051055
5.2689
0.7992
4.865748
0.767608
-0.489125
-1.015902
0.7235
-0.679961
2.0787
1.1468
2.7548
-0.3881
0.7283
-2.1129
4.3563
2.8085
1.0038
-0.0349
1.5497
0.1082
-2.9404
3.8981
-1.5557
0.9398
2.0312
2.5562
-1.7137
-0.2435
6.8007
-19.2062
2.0276
1.2612
-1.2354
-1.3396
-0.4267
1.0199
1.1436
-1.3003
-1.4475
1.7935
-1.0517
-1.2978
-0.8527
-1.5594
0.1402
-1.386
-1.4806
-0.4316
1.765
0.369
1.2705
-0.5244
NA
-1.18998
-0.631
0.29538
-0.2114
0.01068
2.06074
0.1341
1.17044
-0.7484
0.05375
2.47622
-0.08756
-1.179
0.80517
0.2835
0.782
-2.34248
-1.12468
0.70196
-0.2796
0.1448
3.00787
-1.85503
-0.98874
-0.0279
0.55625
-1.8182
-1.15613
NA
-0.1053
-0.4215
NA
-4.422
-0.18228
11.5108
NA
3.6266
0.08702
NA
0.407
-1.41295
3.3795
-0.1914
0.74865
0.937
-1.2726
-0.8345
-1.40383
3.7609
0.8093
-0.63139
0.5886
NA
-4.4175
-1.1745
1.2705
-0.8591
-1.0379
-3.9624
2.471
-3.0937
5.912
0.8093
3.6604
-3.792
-1.7166
-0.277
-0.9
0.8764
-0.7802
0.8941
0.186
0.6379
0.5102
-1.4092
-0.345
-0.3167
1.5458
1.3401
-1.5452
-1.6458
-1.7805
0.9328
-2.8014
-0.5066
0.0616
-5.8378
0.2548
-1.1812
1.5867
0.5572
-1.03961
1.8362
2.28125
-1.10926
-0.58509
-3.0361
0.75282
-1.3892
2.22478
1.12685
0.34153
1.99099
0.36143
0.02008
1.01579
-0.7737
-2.39884
2.60248
4.369
-0.36699
-0.69129
3.1051
-0.47846
-2.71628
-1.47498
0.56018
-3.81633
3.37236
-2.60093
2.1493
-0.9143
-9.4429
-0.19263
2.5605
0.38305
-0.31992
2.74354
0.29754
-1.9277
1.68191
3.858
1.9126
-0.84866
1.14126
-0.32444
-2.15771
1.68744
-3.1959
-0.67861
-3.1391
-1.1642
0.1437
-1.911454
1.45826
2.09048
-1.7115
1.58911
0.43581
2.51261
0.00476
0.0258
-0.1031
-0.69617
2.3824
0.62284
-3.6106
6.2258
-0.42682
-0.86001
-0.45897
-3.012
1.41049
-1.28714
2.3389
2.5499
-0.42138
0.2346
-3.6178
-0.0825
3.62479
-3.50579
-0.1804
-1.15821
5.155803
1.1649
-1.00766
-0.2562
1.75299
2.5064
0.4967
1.2192
-0.6129
-1.09
-1.3127
0.728
-0.6641
2.3326
-0.223
-1.3306
-0.2132
-1.6761
-3.169
-3.6037
2.4291
0.4484
6.328
1.4045
-0.2826
-1.1981
1.8939
-3.4943
1.0102
-0.4261
-5.9773
-1.1738
-2.189
0.4123
-0.9486
-0.2195
-0.8364
-1.0927
0.1265
1.7714
-0.2016
1.3826
-1.4683
1.4651
1.8147
1.4738
0.2588
1.8939
-0.8989
0.2045
-1.1677
0.0136
-0.5341
-1.5815
2.9841
0.9213
-5.8834
0.7089
-4.896
-1.5066
-1.9571
-3.6539
-0.9342
0.796
5.9707
-0.8384
-0.0872
3.1482
-0.2707
-0.3029
1.0974
0.9928
0.2076
0.9419
2.3001
0.6774
7.1986
2.7104
-0.2972
2.263
-0.4756
-0.15684
-0.7448
-0.377805
0.4786
2.2803
0.4012
3.4223
0.4531
-1.9355
2.883403
-1.89355
1.7157
-0.2006
1.8344
9.7555
0.0412
0.2553
-1.7351
-1.9698
0.061
2.58594
0.5878
-1.1325
3.432
-2.4345
-0.2857
1.96
2.5298
-1.1885
0.2416
-0.3907
-0.25189
-0.71458
1.3377
-1.3377
0.71485
0.6676
3.429
-1.0103
6.0728
-1.8876
-0.99201
2.3204
-0.11664
-0.70336
-0.54964
-0.5398
6.50213
-0.05473
-1.03351
-0.789
-5.3287
-2.15238
0.94456
-2.8086
2.24674
2.09756
1.3654
-4.94142
4.5318
-0.7387
1.87693
-2.06889
1.87136
1.53358
0.18074
-1.9154
-4.488
-0.87025
-2.1343
2.98497
0.9984
0.5731
1.91261
-0.1358
-0.62265
0.3592
2.7754
2.2223
2.9567
-0.2914
4.2335
-4.1104
0.7773
0.9137
-1.62894
3.93891
0.3652
-1.30187
0.40034
0.59212
-3.354
2.9442
0.4958
3.0073
2.8525
2.9093
2.6392
-1.6989
0.4588
1.0476
-2.6521
2.0495
1.6735
-1.5503
-0.7747
-1.4597
-2.0285
3.7335
-0.9653
1.7105
1.8604
0.885
0.5224
2.1569
-1.327269
1.2501
0.4649
-0.738
-0.8058
2.1331
-2.3533
-1.2911
5.3732
0.8827
1.5963
-3.5241
0.16959
-6.4432
-2.1159
-2.693
0.1347
0.3996
0.402171
-2.2845
-0.55723
-1.0025
3.1192
-0.1007
-7.6661
-0.9611
-0.0766
0.59965
0.3009
-0.7645
-1.6865
0.3077
2.36211
9.2902
2.4784
5.545
0.19194
-0.7889
0.4495
-0.8211
-1.8463
-0.3667
2.31
-3.45
0.2662
3.2205
2.2912
-1.4477
-0.1574
-19.201
-2.56737
-1.66767
-1.3498
-0.59861
1.46461
-2.3241
0.153
-0.04402
-0.7247
-1.78076
0.23621
-2.67544
0.59503
0.0668
1.4531
6.3455
0.0134
-1.9238
-0.4149
-0.5488
3.3379
0.6473
1.1304
0.0599
2.6108
3.2827
-0.9768
0.3164
4.5066
-1.2686
2.6045
0.5633
2.0161
-4.5019
1.2123
1.6806
0.33676
1.2167
-4.8769
-6.4099
0.6133
0.7121
0.997886
1.036518
7.7086
0.32453
1.52447
2.56031
0.4161
1.4895
0.7924
2.4446
3.091
-0.9574
0.6289
-1.3202
-1.328
0.3481
-0.2544
0.2331
-0.7043
1.286
-1.316625
0.327329
0.81363
1.0269
-1.1743
-1.40576
1.195785
-1.7417
NA
-0.61891
NA
NA
3.0845
-1.94633
0.18004
NA
-6.0842
NA
-1.14801
-8.3839
-1.50671
1.3644
-0.02974
-2.663
1.84437
-1.56498
0.6963
-0.9032
-1.20283
-5.4582
-1.9038
-1.06
-0.902
1.14
-0.6668
-1.3388
-0.2672
-0.2131
-0.04424
0.71123
-0.8127
1.5056
-0.2006
-0.24282
0.9868
1.7185
-0.8832
0.7894
1.8274
1.9374
0.7792
1.31641
1.47383
1.45655
7.079706
-2.409989
0.661892
-2.375287
2.128034
1.242363
0.100583
-0.2437
1.7491
2.9998
0.396
2.13
-1.0338
2.9749
-0.8703
-0.0706
1.142
0.5906
-3.3021
1.9398
0.9801
1.3668
2.097542
-1.4693
0.235
-2.0596
1.2702
6.9698
-0.2594
0.2043
-0.1884
-0.7586
-2.696222
-3.49
1.6101
-0.1945
2.54114
0.7631
-0.5553
-3.3245
-2.37005
1.14095
-4.76077
-1.08357
-0.0616
-4.1083
1.0205
0.6496
0.2626
4.91738
3.231858
-0.9931
3.1041
0.7232
-0.4108
2.2172
0.36267
3.07447
0.5095
1.3855
1.0856
0.3046
1.5266
-2.9205
-2.11237
-0.354
0.118
-2.9461
-1.540499
-0.06399
-2.36474
0.34039
-0.2287
2.82493
-0.14665
-1.2287
0.9712
-1.8207
-0.90479
2.36142
2.5834
-0.9992
-0.91782
-0.6618
-0.7236
-1.10148
-0.9919
-2.957
-0.33742
1.22611
0.81911
-1.1714
0.87831
0.72997
-0.44521
3.35673
2.10992
-0.70475
0.6576
0.30023
0.5734
-1.3602
0.6029
-0.4512
-0.341
1.6408
-1.2108
-1.7924
-2.3316
1.0049
-0.6703
-0.1243
1.0049
-4.927
-0.0175
3.95178
0.90876
-0.6934
-2.082324
-0.4244
-3.5352
-0.9363
-0.02052
2.29084
1.444257
2.217619
-3.7079
4.33649
1.83213
0.85215
-1.88137
0.5542
-1.72216
-0.65301
-0.09045
0.21428
-0.4107
0.3275
0.1907
0.31397
-2.23108
1.82
0.2943
-2.77
-1.45488
0.18179
1.0335
-0.1788
-1.163983
1.5192
1.730732
-2.2688
-0.0243
-5.862414
0.576229
1.95933
0.737348
0.8977
-0.753734
-0.847848
-2.698884
2.466294
-1.1837
-0.90723
-1.85625
1.5676
-0.02136
1.1688
-0.4182
0.17015
13.7425
-0.184468
1.730911
1.110434
-0.86
0.94164
-1.1996
-1.2468
0.4885
0.1409
0.9101
-2.5309
3.5997
-1.382
4.968667
1.83
-1.409429
0.6991
-2.1719
-0.893
-1.996167
2.8637
2.2817
-4.6405
-0.62897
2.8998
-0.197
-8.0612
-1.3619
-1.16527
-9.94
-2.31
-0.23538
-2.2851
1.52595
-1.3121
-1.82409
-1.1676
0.189553
-4.853
1.2755
2.7545
-1.3809
1.9175
1.2781
0.05652
-0.1878
-0.8146
-2.410666
-0.456
0.31888
-0.8401
-2.2085
0.9917
-0.2685
-1.8692
-1.1
0.3929
-1.472586
-0.508923
5.5676
-2.1423
-0.771232
2.271467
1.1302
1.1302
-0.43154
0.00804
4.37696
2.89959
-1.021677
0.272208
1.552
-0.4192
0.19833
-0.3434
0.6573
0.98431
1.7277
0.82961
-0.17852
-0.4775
2.0873
-1.6982
-7.48331
-0.5757
0.14026
-4.559
1.3609
0.184
0.1529
-1.81
2.4
-3.7755
-0.1641
-0.098
1.2628
0.2175
3.397
-4.8878
1.2254
-1.295464
-0.7437
-0.9249
-0.4254
10.1346
1.7211
0.0365
-1.1443
-1.1527
-1.2452
0.3911
2.9262
-2.1349
2.332
-0.64443
-2.5565
0.6037
-2.7242
0.503
0.436
0.565
0.375
-2.7134
-1.5706
-0.444814
-0.507512
1.1922
0.78606
-2.2232
0.7402
-0.2069
1.96644
2.02474
0.7883
-0.7044
-1.18324
0.70494
1.2694
-2.7431
-0.0697
-5.9445
-0.9628
0.2337
0.816
0.2834
0.8374
0.151632
-0.0121
-2.1113
3.7522
-0.2767
1.22036
-0.04969
-1.7141
1.2585
1.2372
-0.7743
1.9491
-0.2015
5.7416
-0.0929
3.2142
-0.4641
-0.9622
-1.2097
0.3225
1.2456
-0.8498
0.7192
0.8066
1.3151
0.7541
-0.2297
0.338608
0.2476
1.5099
1.6447
-1.5967
-1.19213
5.1033
4.301
0.0898
-2.7466
-0.6966
3.2987
4.082231
-0.4382
-0.7823
1.1291
-1.98982
-0.71371
-1.798899
-0.344963
2.958924
4.3095
2.8772
-2.5932
6.8339
1.0308
0.7863
-1.6787
1.1933
-2.1
0.934033
-0.9959
0.86913
-0.0762
0.70713
-1.2053
0.7055
-1.8388
-0.36747
0.8372
-1.8794
0.4438
-3.60064
-3.12201
0.23725
-1.2829
1.07209
-0.542111
-0.7934
-4.1395
-1.3586
-0.0459
-1.2986
2.181
0.5018
-0.7306
-0.2305
1.38
-1.83252
-1.094
2.31939
3.56082
-2.56806
0.59138
-1.1674
0.71
0.384
-1.88
-1.3
-0.5375
-0.3939
0.9855
-0.875
-0.2715
0.7598
6.8892
0.0922
1.5449
0.3219
-3.6403
0.2026
-2.26135
-1.5225
8.3051
1.2204
0.52724
-2.01564
6.5887
3.09984
1.4694
-1.8287
-0.0744
-0.7703
-2.0086
-0.371
0.2035
0.3239
0.21301
0.9271
0.4256
0.5811
1.0135
-1.7032
-1.3731
-1.1593
-3.3707
-1.5882
-0.1012
0.093
-2.2688
0.14271
-0.47336
4.5189
3.48924
-0.99699
-0.99615
1.70084
-0.94153
-1.5005
0.8406
-2.49834
-0.44918
-2.3118
-1.7158
0.7373
-1.6672
-0.27951
0.481
1.1225
1.06514
-4.3129
0.68864
-0.3538
0.64
1.0348
-1.9137
3.3641
1.9157
-0.3396
0.18602
-0.6425
-0.40324
-0.77916
-0.93407
0.00156
-0.09527
-0.108
-0.32768
0.3056
-3.2524
-3.9343
0.02564
2.11195
-2.11069
-0.1966
0.74586
-2.2399
-3.3448
0.47076
1.40176
-1.81033
3.24818
2.72516
0.58975
-1.0303
0.6994
-0.699
-0.9682
-1.78924
0.8824
4.60164
-2.43895
1.872
-0.8259
1.40636
1.23046
-0.3671
1.04911
-2.42777
-0.3842
0.0078
NA
NA
NA
NA
0.45041
NA
NA
0.1419
-0.015
-3.798518
1.8625
-0.0051
1.72
1.636039
0.152821
2.0376
-0.0524
-0.5824
-0.5542
1.84121
-0.534888
-2.490622
2.1338
0.814888
-1.022495
1.518063
-0.1738
-1.0822
1.1873
-2.0214
1.3626
-0.2843
-0.8896
1.5728
-1.4939
-0.3641
-0.402
-1.1768
2.4306
1.0291
-0.3497
-2.0394
2.0231
-0.075
-1.2301
-4.4737
0.7965
-3.6113
-1.4791
-2.5014
1.7552
-1.3862
2.60808
0.4442
0.53136
-2.1748
0.49584
0.5758
-10.09006
-0.7826
-2.6067
-0.61968
0.249
0.30348
-0.45368
-1.11909
4.6163
-1.1446
-2.5252
3.0671
-0.2544
-0.9836
-1.9522
5.7936
-0.796
-1.9339
0.6586
-0.467
-0.8775
-3.1041
-0.3292
-1.19293
1.94977
-0.1796
2.05885
-1.72096
-1.46878
-0.78966
0.22045
0.8033
-0.87782
-0.26099
-1.2589
-0.3996
1.79521
-0.09612
-3.8272
-2.7408
0.6376
2.2934
1.3818
2.6236
-1.1484
1.2861
1.218
0.7941
-1.0714
0.0082
0.3505
-2.0408
0.2389
-1.8978
0.4871
-3.0701
-4.8798
3.6307
2.5993
-3.7961
-4.1177
3.4465
-5.9601
0.1139
-1.1399
-0.4052
-1.136
-1.4186
-1.8612
-2.0013
-1.2487
0.5533
-0.5663
-1.6738
3.6766
0.6263
2.9987
-2.5202
-3.7815
0.5252
-0.5804
2.012
-3.9104
-2.3788
-0.2403
1.5113
-1.9279
-0.4616
3.0174
0.1791
3.3382
-0.1822
0.3754
0.6679
-1.6821
3.4414
-4.7461
3.2331
-1.7827
-1.6077
0.3444
0.1493
5.1596
-2.6505
1.0753
1.1487
-2.1972
-1.11173
1.25857
-1.15509
1.3191
1.44743
-0.03556
1.5521
0.63037
-4.4462
0.48299
-1.556
1.6278
0.6479
1.5227
-0.8069
2.9864
-1.2768
-3.4944
3.1477
-0.3678
-2.1241
2.04
1.7086
3.9585
-3.6155
-0.5916
-0.7944
-0.977
-0.5339
-1.7397
-4.1256
2.0577
-1.4012
-2.6995
-2.8231
2.0209
1.6919
0.84
-1.3375
1.4439
-0.0667
1.81
1.45
1.21
-2.03
0.965
0.596
0.292
0.415
-3.21
0.797
-0.546
1.08
1.3
-1.07
4.51
-2.59
0.718
-0.201
-1.11868
-0.035
-1.7851
2.16
2.67
-1.72
-0.7234
-1.9399
-2.28325
5.12119
0.9388
-2.2111
0.12329
0.98071
-1.5089
7.4073
-4.1199
1.0965
-1.71848
-0.24971
0.58305
-1.38365
1.71402
-2.60967
1.0217
-1.92254
1.40771
0.49539
-0.26762
1.52751
1.15757
-2.26705
-2.19996
1.0831
0.26239
-2.96728
-4.2831
-2.9907
-2.3929
2.18052
0.5443
1.60385
3.42161
-0.53819
-0.56652
1.1031
6.128306
1.447
0.3059
-0.0192
-0.69831
-4.2402
-2.847559
-0.730742
4.164276
2.790289
1.2818
1.0697
0.9266
2.2643
2.1112
0.1668
1.3738
-3.053082
-1.618428
0.7501
6.544
0.703949
-2.85496
2.700488
-0.984052
-5.0327
1.6865
-0.2712
-1.3507
1.6178
12.0702
1.6411
3.1449
0.5946
0.7969
-1.6934
-0.8814
1.1338
-0.3967
3.5259
-0.1212
1.2091
2.0315
-1.5159
1.8579
0.2108
-0.3648
1.0966
-4.7828
-2.436
-0.0508
-2.3281
1.6781
0.4246
1.0266
0.9307
-0.3284
0.3699
0.84
-0.2275
-2.2018
2.5592
-2.0195
-1.4595
0.3999
4.7575
-14.9912
-0.1466
-7.2767
-0.8589
-7.0515
11.5429
6.1406
11.7519
-0.9959
9.2657
-1.7128
-14.2657
1.5229
-0.1337
-1.3669
-0.9201
2.2151
-0.4515
-1.9683
-2.0904
1.0181
-1.10055
1.2338
-4.1869
4.4969
-3.5617
1.3281
-1.0386
1.7696
0.5906
-1.1311
-0.2713
0.7324
1.46442
-2.5294
-2.3827
0.99019
4.9321
-0.95843
2.4747
0.92546
1.80522
-3.047
0.49147
-2.2394
-1.89174
3.19363
-0.12527
1.04416
0.14953
2.02942
0.38422
-0.03408
-2.86012
-0.20315
-3.95431
-1.21502
-1.9287
-0.151
-3.40431
-3.37993
1.04817
-2.12006
-0.93
-1.49391
1.29656
0.99133
0.3421
1.6014
-1.30824
-3.95047
-0.80753
0.89108
-2.5012
1.62115
-1.5624
1.91727
-1.0266
1.06558
1.74305
1.67094
1.84041
1.00372
-1.0378
0.80923
0.43521
-1.4411
0.2618
4.8255
3.83224
4.69346
0.33329
0.64589
-1.9922
2.1192
-0.2183
-0.2283
0.2051
8.8266
-4.7079
-0.8407
1.8942
3.7035
-0.4288
0.6251
-1.0387
-0.7969
1.7089
-2.6673
-1.6539
1.815
2.5987
-2.6592
-0.4429
2.4226
-0.4479
2.3384
-3.9291
0.6333
1.3869
0.8641
0.5551
-1.1738
-0.8415
-0.9486
-0.7114
-0.1834
1.1975
2.2426
0.3597
1.5883
-0.1523
NA
0.24442
-2.43151
NA
4.0056
-2.2501
2.801
2.2915
-0.14037
NA
NA
2.92563
0.86871
-0.40477
2.2096
-2.7718
1.07767
3.4697
2.3045
-0.13642
-1.91131
0.617
1.79343
-2.0457
-0.1522
-2.9669
-0.9207
-3.06155
0.4104
0.3871
1.4958
0.827
-0.0228
-0.15727
-2.72867
-3.37275
1.66858
-1.30739
-2.08917
0.00873
1.8616
2.19191
0.7461
0.74638
3.85317
-0.88777
-0.98514
3.6125
-7.6871
-0.3494
-0.93235
1.6811
-2.3123
-0.3922
2.8032
-0.4935
-0.5489
-1.1925
1.1803
1.1538
-0.7603
0.2066
0.8817
0.2471
-2.8296
1.3029
-3.4408
0.4313
-1.1365
1.59626
1.17393
1.1568
0.3199
0.53803
1.2895
-0.8027
1.00771
0.24804
-0.23639
0.72718
-1.7466
0.48812
5.06735
1.36521
0.8678
1.105
-0.5954
-4.1034
-1.1666
1.9341
5.1719
2.0171
-1.403
1.0178
1.2468
0.7974
1.0034
1.1886
-0.2387
0.566923
0.79986
0.171452
-1.048114
0.606768
-0.79196
-0.538596
-0.908645
-1.858196
-0.032638
0.145
0.191
-1.118241
4.8788
1.600071
2e-04
4.1706
1.374141
1.13502
1.379876
-6.419716
5.577492
0.715044
-0.0176
3.1119
-1.8682
1.919963
-2.8292
-2.734524
-2.2282
3.0291
-2.898404
1.070152
0.1936
-2.749237
-0.288896
-1.861613
0.0155
-2.5029
5.6275
-3.248
2.8119
2.732406
-9.11
8.5
-0.2612
0.0716
1.7771
-0.416
-1.2463
2.5422
-1.4925
2.38632
-1.10741
-0.0115
2.9662
0.6698
-1.9187
-1.24104
-1.2274
0.6015
4.98
-1.192456
0.0478
3.3351
-0.1128
5.0383
0.2019
0.43336
-0.35736
-2.6403
0.6667
1.761663
-1.4117
-0.7971
0.32367
2.3047
0.879
-0.8093
0.3109
-1.4955
1.4282
-1.4462
-0.0762
-0.3754
0.3352
1.86863
1.17467
0.89239
-0.54693
-1.02296
-0.9703
1.1351
-1.6811
0.1874
-0.2258
0.3912
-0.727
-0.4423
1.1321
-1.8809
-0.2095
-1.2133
-0.2933
-0.31225
-0.7239
1.44154
-2.12293
1.0832
-0.07042
-2.1323
-1.678782
0.32912
4.2376
1.0047
0.42791
-0.6602
2.8967
-0.4192
1.213
1.773724
1.2916
-0.6502
4.368
1.46774
5.8838
-0.05552
0.598
1.585285
-1.0129
0.3696
-0.9861
-2.2826
1.9884
0.1625
0.931
5.8027
-3.6802
2.7906
1.75
-0.95365
-1.302
0.35555
0.8012
0.8743
1.58
-1.0963
1.2477
0.3099
-2.27141
1.30911
2.07557
0.19734
-1.7107
-3.16346
4.1059
-1.23428
-0.2685
-1.09639
-0.611
-1.1314
0.59788
-0.2978
-0.11615
0.82658
1.6
-1.35
2.4495
-0.1142
-0.57102
-0.8078
-1.1033
0.81675
1.9351
-1.1222
-1.3663
0.6845
0.32113
3.19469
-0.7249
-0.5344
0.56979
0.70258
-1.1511
1.349
0.34128
-0.3904
3.2156
-0.6286
-0.9998
-3.10668
-11.8819
2.31934
-1.9043
0.1307
-0.0614
0.6606
1.724
1.05216
1.1744
-0.9434
2.15215
0.70879
0.9559
2.24241
1.5153
0.07836
0.60281
4.5464
0.0015
-1.29518
2.18504
-0.50085
1.34852
2.9071
1.109
1.299
-1.55508
4.601
-3.8696
0.4883
1.1976
-0.7809
0.0136
5.2261
1.99526
-1.6243
-3.83
1.0601
-0.8921
-0.0336
-0.489
-0.1009
0.78641
5.77703
-2.3307
0.82289
0.8538
-0.92909
0.57332
-0.6683
-0.89846
1.3439
2.0601
1.84998
-1.9805
1.173
1.8412
0.856
-1.0136
-0.2483
-0.1191
1.8464
1.2357
-2.0642
-0.8706
-0.3741
-0.566
1.8897
4.0553
-1.6592
0.4817
-0.82086
-1.2159
1.8192
3.971144
1.55757
0.057
-0.2666
-0.736
1.1688
4.87711
1.79
0.57855
-0.38114
3.63668
-3.8237
0.0014
-3.597
-7.7001
-7.7001
-0.2676
0.0717
-0.69222
5.7473
-0.52147
1.2332
1.23
0.4196
-2.23
2.60723
0.52132
2.6315
-0.3254
2.4973
0.3931
-1.8317
-1.36466
2.4621
0.9241
-0.6668
1.0807
-1.72094
2.0298
-2.575
-0.6641
-0.092
-0.1575
-0.7604
-0.3066
1.4798
2.777
0.094
-0.14073
2.1218
0.4931
0.7735
1.42138
0.8187
0.3227
0.98319
-0.4733
1.0652
1.22516
2.65804
-0.3421
3.2319
-2.0055
3.23726
1.67284
NA
-1.27
-0.4838
-0.5773
-4.1481
3.1964
-7.2559
2.7604
-1.3204
-2.6942
-2.8632
2.12
-1.7112
4.194
-2.4438
2.3932
4.2493
-1.6462
-7.4339
-3.02879
5.73479
-1.7136
0.1845
2.5029
-0.0652
-0.1332
1.0274
1.7088
2.8845
-4.114
0.469
5.6334
0.7153
-1.275
2.25
0.7031
2.42
2.5678
1.7657
-1.9622
4.41242
-0.900022
2.365335
-0.457
1.1452
2.7477
-0.310828
-0.52274
-6.7696
1.8136
-2.1851
2.3783
-0.1709
1.1105
0.4613
0.4527
0.7663
-0.6127
0.0672
0.1713
-0.7168
0.741
-1.481
2.9128
-2.3199
1.434
1.3206
-0.1334
0.5895
-2.3738
-2.033414
3.46605
-2.437456
0.80339
0.622511
0.870859
10.903972
2.81521
-2.021557
-0.6434
3.1107
1.5462
0.92
-1.52
-9.7698
-1.4198
1.7488
-2.3406
9.13737
0.2074
0.9752
-0.5449
1.18996
3.6904
3.7678
-1.545476
-0.7004
-2.65066
-0.5093
-2.1366
-0.33351
-1.0889
4.31346
-0.0882
1.03304
-1.224233
0.2022
0.716162
0.5032
0.6202
-1.9519
-0.6655
-4.8937
-3.076477
-3.2932
2.98297
2.3119
2.06064
-1.89008
0.6544
4.165014
1.942608
NA
NA
-1.8297
4.48494
1.3994
1.73337
NA
1.19
1.45
1.35
-0.366
3.62
3.04
2.403
2.7324
0.529372
-0.252
-0.7242
-0.3346
-3.7607
-8.4715
0.2941
2.1153
-0.7734
1.7349
0.8244
-0.0349
3.4517
-2.0881
1.9036
-0.6563
-2.0611
-1.12
0.8859
-0.3476
-2.4378
3.4521
0.7097
1.8407
3.8193
-0.8176
0.6297
-0.5113
-1.2912
1.4594
-0.1071
1.5026
1.1329
1.5502
-1.1446
2.7615
0.8782
-0.4385
0.8499
1.6579
-2.9873
-5.0991
3.1333
-1.2458
-0.9148
-1.1579
-8.8978
0.28463
0.15916
3.8308
-0.6177
-0.0884
0.5553
1.1687
2.9357
-0.928
-0.41955
-1.59568
2.87233
-0.93929
0.43123
1.18994
-0.4273
1.35223
-1.8973
-3.5566
2.81019
-1.09074
-0.6903
3.2663
4.8973
0.3373
2.0909
-1.11082
0.4257
0.36409
0.39703
-1.2305
0.4354
1.8799
1.1933
0.9114
-1.8625
-1.24444
-0.0392
1.7941
0.0857
-1.4259
3.5413
-2.45607
-1.2264
-1.10481
-1.0681
0.0146
1.0797
0.6398
-1.5247
-3.26946
1.33474
-0.6851
-1.7589
0.27215
-0.5874
-4.2317
2.23839
1.9652
-0.7595
2.17868
1.13845
-0.92662
-2.20869
-1.51289
3.2551
-1.2899
-3.12475
-2.308
1.84425
-1.0411
-0.48031
-0.26002
-0.6517
0.4897
-3.0244
2.48357
-0.8812
0.45003
1.1769
0.0066
3.8717
-2.40721
3.29924
-1.19691
-0.63192
2.72821
-2.3443
-1.1527
-12.40375
-3.3655
0.2228
3.39606
1.03209
-0.18494
1.627
-0.76118
0.6381
1.58916
-1.0057
-0.51676
2.9227
4.34932
-1.77075
0.2045
3.9314
1.8711
0.5965
-0.4569
-3.0752
0.3736
0.3074
5.9779
1.588
-0.773
3.83167
0.5171
1.0977
-0.3264
-0.4106
-2.8586
0.8269
0.2923
-2.8775
1.1311
-0.2573
1.6066
-4.2756
-0.772
2.6328
0.2245
-0.9679
-1.6157
-1.0147
-0.8417
0.319
0.8556
0.6003
1.6082
0.2783
1.1918
-1.0637
-5.1815
-0.8613
1.1027
0.0184
0.0064
-3.3039
4.673
1.1545
-0.3095
NA
-1.6189
-3.2889
-0.92307
1.5322
-0.97931
0.6182
-1.2964
3.0886
2.7741
1.0545
-1.81196
-3.0502
2.6997
0.84168
0.0987
-3.2937
-0.3997
0.67594
1.78023
4.62718
-0.21284
0.8817
4.14796
4.0388
-1.1236
-2.37745
0.8869
-0.3686
-1.165
1.7121
0.2761
-1.0355
0.6234
-2.94383
-1.1004
-0.6409
0.5567
0.0231
1.839
2.5562
1.6892
3.1141
-1.9031
-0.2931
0.3709
0.23872
2.0549
-1.99905
-3.82649
1.68518
0.1723
-0.03951
-0.9405
1.2393
-0.78468
-1.5801
0.71182
-0.69885
0.9883
-2.1875
3.07251
-0.53768
0.9339
0.93974
-6.1372
-6.0529
0.3869
0.0108
-1.6588
2.6749
4.1793
1.360936
0.6788
-2.6141
-0.546309
0.18599
-2.06017
-0.46318
-1.4905
-0.5598
-0.3635
-1.2405
0.9048
-3.6898
-1.1483
0.6498
-0.61559
0.9615
1.09101
-0.6343
1.8734
1.2166
-3.0553
1.1052
-3.17209
2.155
-1.64167
-0.8383
-0.0934
-18.4551
6.740888
0.6457
-0.76845
3.387
4.036608
-0.3888
-1.53561
-1.04771
2.33606
-1.5672
0.4127
-0.5662
-1.519
0.535643
3.9524
-0.2297
2.0368
2.2273
0.9682
1.1328
0.4689
-2.4404
5.73699
9.1706
-0.6234
-3.7293
0.473
-0.645
0.08627
-2.4359
-0.9679
2.05962
-2.17
-5.9635
-2.5146
-0.0944
-0.445109
0.6971
0.00235
1.2957
0.1413
1.257547
0.186542
1.202607
-1.9217
-3.694957
0.6465
-1.38
5.6591
-2.0653
-0.356
0.3478
1.2884
-1.1038
-1.28
-1.45269
-0.241
1.19309
-2.32
-1.05
0.3538
1.72192
-0.33376
-1.8747
-0.294
1.89
0.707
-0.87387
-0.0114
-2.211924
-1.796723
-4.661452
-1.7472
-1.4066
-2.3082
-4.0464
1.07
1.9046
-0.98394
0.168
-4.0511
0.1096
-1.972648
0.1299
-7.2408
-5.721695
-9.8469
-1.11
0.3563
-2.2349
6.81667
4.5977
-0.3193
-4.56002
-0.63544
0.73974
-0.74833
-2.00604
-0.7865
-0.195
2.7214
1.31537
-1.59705
-1.09628
-0.544811
-0.967092
-2.062704
-4.665202
-0.509
0.0802
3.63
-3.24
2.05
-1.96283
-2.63
1.5525
-8.8453
-3.061853
-0.2551
-1.16632
-0.778619
-0.341941
-0.830497
3.3942
1.239386
1.958836
-8.937016
-0.096219
1.6924
1.507124
4.28554
2.832913
-0.692985
0.28905
0.8551
1.0794
-3.61917
-1.87146
-0.81488
1.719976
1.543195
-1.7393
1.209274
0.8577
1.2048
-0.8171
0.196544
0.635137
-2.28063
3.34448
-4.78829
-3.70576
-2.2641
-0.23386
0.18373
-2.4022
0.9471
-5.2272
1.16282
-2.79
0.95436
1.47
1.75
3.45
-3.92
2.38
0.728
0.19748
-2.57892
0.8614
-2.60069
-0.1122
4.2144
0.775214
0.576953
3.7257
-0.4267
0.33611
2.1078
-0.5072
3.5685
-0.96289
2.13894
-0.606
0.8979
-0.26058
0.1591
0.11926
-0.26
4.60128
-2.60918
0.83936
2.7896
-4.9051
1.39545
0.56656
-1.1893
NA
-1.8151
-0.9679
NA
2.99
-1.14711
0.597
-2.6348
1.52884
0.9366
-2.2295
-0.4927
0.2657
-0.99638
-1.3384
-1.6641
-2.5892
-1.0605
2.24071
-0.334461
-1.40397
-1.3942
-0.3879
-2.10038
1.5424
1.1056
-0.6161
1.3227
1.2189
-0.9902
0.1777
0.24942
0.6889
2.2619
-2.7452
-0.17658
1.18746
0.2323
0.569311
0.0681
-3.7313
-2.9533
0.5045
-0.3958
0.756728
0.5645
0.586
3.03153
-1.1345
-2.4537
1.451
-2.4334
-1.4794
1.39829
0.0405
-1.4568
0.4363
-0.1044
-0.53824
-0.5905
-1.5624
-1.5693
0.9395
0.0292
-3.0376
0.6564
-6.58
-0.9129
-0.0563
1.0299
0.33673
0.06202
0.8778
-0.4673
1.63
-1.07626
1.1239
0.7775
-0.13695
0.953
1.67021
-1.23
0.34204
3.1667
0.1882
2.1012
0.5066
-1.2431
-1.6583
1.0371
-1.7368
4.82358
-3.6424
-1.9806
-1.68798
3.21041
-2.93512
-1.68212
1.4762
-0.64702
0.3242
-0.25
0.2866
0.2099
-4.58
0.6279
4.23277
0.836728
-1.101453
4.8118
-0.3789
0.1822
0.40736
0.401129
1.5423
-1.04934
-1.58623
-0.91495
0.7428
-1.0471
-1.4047
-0.5111
3.1018
2.4632
-0.0959
-1.53
0.1579
2.0763
-3.95454
3.1466
0.3968
1.6741
-2.4994
1.7631
2.16646
4.2427
6.854016
-1.9329
1.1034
2.70244
-0.29358
-1.5809
-3.0409
-0.6591
1.64066
4.233891
-1.3083
-0.9644
0.295638
-0.240195
1.20518
-2.874
-0.82388
0.6937
-0.2304
0.434052
0.316379
0.6076
1.5974
0.9709
0.97782
-1.2026
2.623491
3.72623
-1.6439
0.66427
0.33686
-0.40209
0.47503
-0.5416
2.9965
-0.311
-1.15
0.33651
-1.3462
2.1695
-0.6332
5.7915
1.4368
-0.3569
1.5629
-0.5337
2.0965
-2.6359
-0.9124
-0.2027
1.2175
-3.1375
-3.42998
-6.9781
-0.436
-3.3764
1.0357
-0.0192
0.576
-0.0637
-0.1042
-4.59367
-0.2347
-0.4215
1.3323
-0.7215
-5.3765
0.9134
-0.28949
-1.1138
0.938798
-1.5964
0.70659
0.0973
0.0757
0.8981
2.313
-1.2111
2.1536
0.3838
1.8962
0.37673
-0.1849
1.4176
-1.0315
0.6162
0.6852
0.5719
NA
-0.2583
10.8258
0.0373
1.176171
6.0021
1.2985
0.3473
-1.02098
-0.1213
0.9893
-0.38607
1.0101
-0.46287
-0.2507
-2.708
-3.9513
-1.15862
-1.5117
6.9033
5.9571
-0.1107
-1.6023
-0.6686
0.56769
-1.076764
3.751434
4.6586
-0.737991
-2.9693
-5.905671
-1.55
-0.09934
2.84336
-6.0912
-2.9334
-3.502228
1.2914
-0.49283
1.5819
-0.035331
0.1817
-0.02768
0.1954
-0.65913
-0.63035
2.9694
-1.90754
-0.65946
0.78305
12.9759
-0.9367
0.2832
-4.621755
9.72378
1.9916
-1.3157
-3.6893
-2.35591
0.237
-1.2324
0.37544
-13.6442
0.90066
0.7032
1.0112
1.9243
-0.2752
0.60237
5.19432
1.8317
0.50013
3.251249
-2.4197
-2.1241
0.17265
3.9598
1.90875
-1.005
0.0168
5.7348
4.423089
-2.0708
-1.2766
-1.8439
-0.83526
0.937596
-6.6035
0.41699
9.16399
-0.95428
-0.4272
0.2012
-0.1283
1.85193
3.109
0.3447
0.5303
-1.10762
1.84258
-1.7083
0.3017
-4.3886
-1.1108
1.0224
-0.2024
0.982
0.587
-2.680874
4.57392
1.0802
1.2438
1.1663
2.1759
2.4155
2.2016
-2.1609
-8.4171
4.71659
-3.9156
-0.7842
2.0098
0.744918
2.0926
3.26997
0.93717
0.362834
1.50001
0.6937
-3.7388
-2.1875
2.4033
0.8854
0.3921
-0.4412
-0.370004
-1.94338
0.42151
0.058834
0.18014
2.8711
-0.483
1.2394
-0.4766
-0.4658
2.2796
-1.8224
1.2223
0.7422
17.44807
-1.4927
-0.8898
0.742
1.0816
-0.7802
5.991319
-1.5015
6.9438
-0.14344
-0.7095
-2.9737
-1.17824
5.4493
0.1253
-1.287758
-2.327743
-0.3801
-1.138
1.9243
0.5342
0.209
2.9122
11.1947
1.664379
0.172197
0.362488
-2.516274
1.455722
1.294291
0.90493
-1.6698
0.46601
-0.9069
1.27
-8.99195
-3.36003
0.4109
3.9994
0.49868
3.15906
2.12716
-0.1484
-0.32657
0.5526
1.1725
0.947
0.1423
1.96
1.3267
1.582
9.7837
-0.6415
-1.99353
-1.73724
-5.9789
2.73605
3.593576
-0.73524
1.5201
10.077608
1.2934
2.9767
0.5815
0.1316
1.1614
-0.18379
5.9227
-2.47318
2.9035
-1.8047
-2.0126
-3.3919
-0.697
1.367769
-0.689991
-1.1779
2.3767
-3.0315
-1.74101
-3.217
1.97391
-0.755768
-0.3427
-0.6192
3.05
0.06
-1.97409
-2.5687
0.9593
-3.7827
-1.3615
1.5809
0.3466
9.69741
2.5175
NA
-0.93031
-1.61388
4.17037
-2.48841
0.589
0.385528
-0.9806
-0.649046
-1.0036
2.5333
-3.8446
0.4942
-0.2086
-2.36746
1.4208
0.8854
-1.7941
2.0167
-0.59475
-1.69523
1.4553
-1.4717
2.6575
2.8602
0.6352
0.02511
0.72646
-1.901
-1.6708
1.5946
-1.9585
-0.3994
1.30481
-7.87894
1.5218
-0.28527
-0.328938
-0.5885
1.999709
1.38997
0.2117
-0.335028
-4.0192
1.1156
-4.1908
-1.1969
3.6323
2.200663
1.4683
-1.2175
0.069
-1.19845
-2.84561
6.99749
-0.48933
3.8387
-0.40544
1.694703
-0.8762
1.7565
3.886
0.3918
-2.0756
4.07
0.005083
-1.3793
3.1043
0.5021
-4.70813
-0.6226
-1.805541
-5.3279
1.653
0.00943
0.63747
0.0454
2.18216
4.129
3.886
-6.8792
-2.36787
-0.59401
7.2996
-2.3969
-1.0578
-0.8183
1.35434
5.0202
-4.28734
-0.65
0.2004
-4.45
2.69581
-0.079
-1.3041
1.17678
1.0254
-0.14011
2.3378
0.58966
4.9552
-3.4655
2.40804
-0.8838
0.29844
NA
-1.2081
-2.8865
-0.8355
0.245
2.93187
1.0579
0.3428
-0.41118
-0.16588
1.8723
0.1253
-2.6567
0.1422
0.2459
-0.152
2.09767
-5.86193
1.174945
0.3218
1.05158
-0.7172
-3.98
-0.8151
-0.06166
0.4443
0.643
-0.6374
5.594629
-0.0147
0.2961
-0.8679
1.5199
-1.4232
0.25247
0.05921
2.75389
0.5518
-0.36291
20.03462
-1.2187
-1.2915
2.90318
-0.2617
NA
4.29254
-2.8036
-1.2996
-0.8619
-2.795531
3.1094
-4.3438
0.62332
0.7535
3.3323
0.0071
1.2321
0.4243
-0.2202
0.1199
0.561
-9.2156
-0.8126
0.0867
0.0916
-0.272068
1.4327
-0.74074
-7.4904
-2.011
-1.5172
NA
-0.0734
-0.6433
-2.7097
6.3778
NA
-1.549695
-0.29299
2.0106
2.81643
-1.43277
1.86135
-0.727
3.4415
2.7811
-0.552653
-2.07708
0.62697
-0.1081
2.1957
-1.580185
-1.2137
-0.189958
2.6019
1.38
0.3034
0.680385
-0.4859
-0.255703
0.1255
1.222
-5.763454
0.6456
1.75757
0.5811
1.7432
0.2842
0.0668
-0.013926
0.28571
0.6464
-6.1759
-1.0669
-0.1551
-2.2378
0.8817
0.2947
1.9649
0.3231
-0.0904
-0.0508
-1.0271
-0.6135
-0.6115
-0.6178
-2.6911
2.314809
-1.2441
-1.12462
1.56889
-4.01865
1.97654
-2.4962
-0.2213
1.59393
0.2513
9.76548
0.1827
-0.6208
0.6812
-0.165
2.20628
0.5162
-2.1802
-0.9173
2.5172
-0.7693
-1.7034
3.6803
-0.61
-0.5715
-1.482574
3.93073
-2.3513
-0.0975
-2.56829
8.097923
0.3572
-0.297326
-0.7219
1.4264
1.5938
-0.3109
-1.2488
0.4134
-1.7104
-0.5597
0.095299
3.46032
1.669969
1.032329
0.3943
-0.3758
-0.38679
-5.1
2.3622
-0.87484
-5.0255
2.6275
-0.928883
1.627729
-4.5861
-1.15
-4.7012
0.489
0.244
-2.5236
-4.9796
1.7984
0.677
-1.9722
0.4825
-2.03688
0.3546
-7.8
-0.2666
2.6191
1.0404
-1.23407
-2.342978
-3.497
-0.1892
-2.2109
-1.17567
2.03593
0.7412
1.1533
-5.79e-05
0.4803
0.14897
1.7298
0.2425
1.08231
0.7108
-0.666
1.6736
-2.12771
-1.1134
-1.698423
1.4561
-1.17
0.57521
-4.3221
2.245898
1.3179
-3.21366
-1.60426
0.88332
-1.2988
-0.0242
-3.15654
0.9689
2.31
0.7446
-2.80904
0.339
-1.3876
12.2697
1.8053
0.06229
0.5877
1.2652
0.65019
-0.9633
-0.6432
-0.1733
-1.47331
2.82
2.275389
3.5656
-3.84
1.4485
-2.12584
0.1262
-1.56821
-1.1616
1.8757
3.8393
-0.71673
-1.7908
-2.48
-0.288
-1.80071
-0.46845
-0.7052
0.2822
-1.8679
-1.68005
-0.98855
-0.5631
3.8891
-0.578
1.3296
-0.0748
-0.7407
0.0206
-0.92163
-2.0282
3.7842
1.18673
4.5599
-0.4732
0.848
1.6342
0.267609
-0.6562
-0.5247
-2.00341
0.9929
-0.909
-0.33345
-1.31107
3.75
-1.12202
-6.3075
-1.7947
-2.96652
0.1199
0.12828
1.9495
-1.086
4.4862
0.1374
-1.0587
-0.846646
-1.11339
0.9747
-2.8195
-0.7515
-0.43442
-3.02415
-5.311
-1.1524
-0.55703
-0.9273
4.3248
-0.7493
-1.1037
-1.7909
-0.00946
-1.22463
0.9258
0.4599
1.7828
0.564436
0.4894
5.70307
-0.6253
1.2983
5.2778
0.102
4.5319
0.705
2.8537
-5.67992
2.6146
-1.7859
0.3991
-1.6703
0.566127
1.4478
1.8873
3.47712
-0.0701
-0.54899
0.73068
0.338
-0.8117
-4.3083
2.8164
3.36457
1.0739
0.7051
-0.414116
0.93443
0.681
-0.7417
1.596
-1.6737
-0.2524
-2.2114
0.4118
3.28539
-1.2964
NA
1.9248
0.4628
0.02731
-0.3174
-1.34738
2.2055
-2.488188
3.6095
0.90614
1.46694
-2.7399
-2.1806
-0.64128
-3.77302
0.4275
-1.06175
0.31568
0.7144
0.1826
-1.5799
-3.2515
-2.08935
-0.5803
1.9584
-5.202
-0.680203
-5.7749
-0.0856
1.1126
0.6561
0.6699
1.2104
2.1358
1.74641
-3.41749
-18.3183
-0.24957
-2.2525
-1.020183
0.9315
2.519
2.90341
-0.523
0.59105
-0.5791
2.6707
-2.154
-1.0159
1.8092
-0.9994
0.69
-1.6242
-2.6013
1.81543
0.116
-0.61031
0.4196
0.1363
5.7643
-1.76777
-0.1518
-0.28415
4.1547
1.458
4.5
0.66793
1.0309
2.84061
-3.9417
0.03297
0.6484
0.23607
-0.03594
2.250374
-0.8814
0.3501
-0.47974
1.4158
NA
-1.0064
-1.3459
-0.49091
1.8734
0.6602
-6.938
-1.7128
0.2454
-2.67814
-0.507531
-6.10514
-1.26706
-1.1872
-0.2795
2.769721
-0.9293
-0.5316
4.09738
-2.5727
-1.23586
0.5773
2.61
-3.11551
0.19302
1.6216
-0.1506
-3.9226
-8.1715
0.2518
-0.27683
0.6858
-0.5631
0.6798
-1.76
-0.861
0.349
1.4307
-0.613
0.8105
-1.2638
1.37908
-0.1472
-0.1296
-1.0601
-0.3891
2.6869
-0.2701
0.72057
-0.091
1.1616
-0.08209
-3.34865
-4.1608
-0.82035
-0.5004
0.0884
-0.1416
-0.0767
-1.3265
2.7101
-2.7939
5.24423
-0.478
-2.8642
0.8129
1.783
3.0008
-1.0022
1.133184
2.47406
-0.0658
0.6858
0.96265
-0.198
NA
-0.03011
1.19017
-0.6425
2.6217
0.48663
-1.18198
-0.7682
-0.392517
4.54964
2.8953
NA
0.761
1.4765
0.37007
-2.3145
-3.03656
-3.8555
2.0711
1.8636
1.7587
-3.59159
-0.9657
-1.42831
-1.8666
0.823099
-1.38763
3.7421
-0.9188
-0.359559
-0.4573
0.5124
-1.16276
-3.4022
0.56988
-0.0188
-0.6881
0.3125
-0.89819
3.1965
-0.1734
1.30827
0.2324
0.170188
-4.5596
-2.74994
1.6124
2.343699
0.71273
1.2954
-0.2302
0.086006
1.3068
3.5578
-0.3187
1.839
2.939
0.1759
2.3546
-0.118
-1.2448
-0.05037
-0.57621
-2.1761
-2.034252
-3.0066
-3.01388
-0.321224
-2.6767
-0.9005
1.41
-1.80455
1.0142
2.6274
3.24438
0.77367
NA
-2.0892
0.2431
0.98432
-0.55081
1.5745
-1.0676
1.7575
-4.84548
-0.4231
-1.32247
1.47602
-0.8302
-1.298
0.36271
-3.58319
0.501443
-2.648
2.2648
2.37
3.6977
0.5416
2.117103
-0.44072
1.2843
2.6537
NA
0.5535
1.5828
3.472817
-0.292504
-3.069774
0.688513
0.4504
-7.3516
1.852098
0.03182
-2.92
-0.3227
-3.0291
0.8939
-0.9958
3.3023
1.78
1.679845
-0.8807
0.1073
NA
-0.547
0.4545
-2.2753
-0.06769
0.226025
-1.1398
-0.73539
1.7785
-8.9647
0.1751
-2.2605
1.5437
-5.0075
0.1197
0.23961
-5.8179
1.39991
0.98728
-0.15153
-0.926
-1.08875
2.2311
-3.010011
1.25398
1.5998
3.81
-3.4912
0.038769
1.8889
-1.9572
-1.0122
4.0264
0.7691
2.7071
-0.5544
-1.1521
0.409976
0.9531
1.398393
-6.93042
-0.2815
2.21
-1.8972
-0.558746
0.5052
-0.2527
1.49248
-2.3966
1.541
1.19198
NA
-2.3739
-1.2873
1.545626
3.89008
3.0126
-1.542005
1.51052
-0.7018
-0.5299
0.2085
-0.5162
0.7776
-3.54534
-3.2789
-0.86363
-4.2219
-0.34294
0.89469
-0.3256
-1.770406
0.1041
-0.4572
4.7524
0.9957
-1.3774
-8.9968
-0.6639
-1.104421
-1.5003
3.8696
2.5753
-0.524838
-1.011
0.1432
0.307
-5.8655
-3.89333
3.14583
-1.8991
1.47873
-0.6657
-0.4794
-3.8033
0.1513
-1.09864
-0.887
2.9773
0.3365
0.75129
3.926176
-2.520527
-2.66914
5.9936
1.5238
0.2858
-0.3696
-0.7603
NA
1.033
-2.5162
-3.1735
-2.0034
-0.3623
11.8705
1.8342
NA
0.7768
0.29941
0.9671
-2.2116
-0.5395
1.4054
0.51369
0.40379
-0.08694
0.51355
0.32028
-0.0947
-2.4976
-0.791
0.3584
-0.176
1.5486
-0.2367
-1.514
-0.9783
-0.9838
1.9776
0.21006
1.8216
0.3297
3.3915
-0.3558
-2.0359
0.0905
2.2345
4.75012
-4.3129
0.4095
1.0513
0.4333
-0.5037
0.5186
-1.4851
4.7651
2.54865
0.24149
0.7247
1.2661
1.6523
NA
1.0943
2.70657
-0.68438
3.0565
-0.1848
3.23532
1.05631
0.2943
-0.3929
-0.45
0.6098
-1.92
0.391
0.8402
-5.1731
-1.1689
-0.54873
0.2827
0.25828
0.0189
-1.595
-0.8331
1.6246
3.52362
-1.9456
0.5427
-1.79904
2.4073
1.9237
2.7139
-0.3177
-0.3866
1.0766
-4.4918
1.1611
-1.6564
0.9697
0.5294
2.0032
0.1958
-2.1248
-4.222
2.98404
0.2602
-0.9239
-2.83856
0.36976
NA
1.3245
NA
NA
-0.95657
NA
NA
NA
1.5721
1.96693
NA
NA
NA
NA
NA
0.994233
NA
NA
NA
NA
NA
NA
NA
NA
NA
-1.6704
NA
NA
NA
NA
-2.2274
NA
NA
-2.0624
2.73842
NA
5.253276
NA
NA
NA
NA
-1.74929
NA
NA
8.208
NA
NA
0.4129
0.2624
NA
-0.7397
-2.0268
NA
-2.57303
1.47137
4.9973
0.28684
4.2516
0.9375
-5.158666
1.154327
0.96446
-0.91447
-0.8129
0.8879
-0.0407
1.2767
-3.4487
-3.2674
4.9
-0.5765
-1.83
-0.299
3.5827
3.176435
-1.424
-0.788241
-1.95472
4.1672
2.37216
0.442
0.866
2.0062
2.122094
-0.6859
-0.44554
-0.97044
-2.7436
0.7988
-2.47
3.18637
-4.70001
-1.28615
-3.75
-0.9369
-1.21069
1.749
2.60231
-0.28127
0.5873
1.8935
0.3295
1.2078
0.2749
-0.4761
-0.3108
0.847
-1.4823
-0.1578
NA
NA
NA
NA
-2.30583
-1.4926
-0.4447
-0.93343
-1.4533
-0.09429
-1.23571
2.9524
-0.2247
-0.42137
-0.20942
-0.00878
-1.5814
-3.2913
0.41388
4.043
0.98878
-0.03135
1.50201
0.2203
0.0668
-0.51
-0.29191
0.9207
-1.2298
0.51345
4.22079
2.6769
1.09627
0.95239
-6.1524
-1.93698
-2.542699
-0.5553
1.1319
-0.7382
-1.41761
-0.42338
-3.4049
-2.8208
-2.2837
-0.2702
-2.375
2.23145
0.7085
-3.85446
0.175
3.75406
NA
-1.5707
-0.22814
NA
1.0679
3.886017
NA
NA
-4.8083
3.86
4.944132
2.07916
-2.4326
-0.4291
-1.1878
-1.233709
1.2332
5.36559
0.3736
2.6985
1.684
-0.418783
-0.275955
-1.8901
-1.9555
-1.5857
1.692
-1.25515
-0.02346
-2.67375
-2.24898
0.6504
-0.0973
2.453
-0.2714
0.9738
-1.0912
2.1914
0.04356
0.3135
-1.71626
-0.651
-1.8296
7.99382
-4.9395
-8.208
-2.3755
1.67354
1.05877
-0.547238
0.458
-0.9726
-1.3202
0.023339
-0.97612
1.877576
-1.64037
0.4999
1.4207
1.4896
-3.0028
NA
-1.0471
3.9933
0.8023
-0.97269
0.58503
0.6264
0.1217
2.9279
0.1507
2
0.3777
2.36407
-0.3787
-0.0998
2.9956
1.6871
0.1306
-0.3609
1.08599
1.1982
1.2583
-1.011
-7.0514
1.0655
-0.8641
0.9559
-0.7444
-0.41713
0.7665
-0.087
-1.1754
-2.8535
-0.6684
-2.20385
NA
-1.46214
-1.4212
1.935
2.17268
0.82508
0.78398
0.985
-1.05714
-0.89335
-1.1803
1.07462
-1.5394
2.0006
-4.97312
-1.28471
NA
-0.1378
-1.5845
-0.41699
-0.09979
-0.18241
-1.31277
-1.0125
0.298427
-2.2357
-0.50313
-0.62755
2.4073
-1.347
0.2507
0.20503
-2.4119
-0.535887
-0.2967
2.5727
-0.40673
-1.6983
-3.839966
-0.6731
4.3299
-1.94321
-0.0379
-0.87458
0.5732
-1.54913
-0.1663
0.605
-1.2751
-2.2495
1.5748
0.76094
-1.7562
-0.4025
0.714
-0.9681
0.821
NA
0.33062
-2.45172
2.423702
-3.9705
0.146
0.4902
-1.11552
-4.24623
0.7044
-0.1772
-6.2902
-0.696794
-0.9581
1.5361
NA
2.42
-0.4277
0.11715
1.3457
-4.6335
-0.1891
-0.0872
2.9412
8.10467
0.8093
0.0792
-1.48459
-2.0551
-0.7994
1.75965
-0.23689
NA
-0.779629
-1.4383
0.8907
-0.5581
-1.7588
0.602
1.9075
1.10729
1.0448
1.7767
NA
-0.869
0.5666
-0.4293
0.4523
0.71528
3.2173
3.8602
1.925
-0.00234
0.7886
NA
NA
-0.3992
-0.85353
0.2749
0.5038
0.3302
-2.4387
-0.6879
-1.81426
-2.1043
-1.3681
-0.1616
1.3466
-0.6827
-0.6818
-0.2185
0.6415
-1.2567
0.4163
-4.51184
0.6817
0.9363
0.4488
1.7543
5.15127
-5.1892
-1.82422
0.303
2.8143
-0.5698
-0.164
-2.14784
2.41041
2.6712
-0.3043
-1.2153
NA
-0.5149
0.4476
-0.73056
1.8798
0.54271
-3.1047
-3.78195
0.6153
-0.7112
-3.78965
0.4211
0.293
-0.0153
-0.4877
1.1682
0.154
0.711
-1.38778
8.9811
0.21343
NA
1.4689
-0.68073
3.5575
0.33434
-0.27467
-3.60434
-0.0438
-0.62275
2.4067
0.4079
-2.4964
0.40659
4.7214
-0.9867
-1.66434
1.50289
0.1228
0.38676
-1.2997
1.1389
-4.1456
-0.4457
1.1031
0.1414
3.50643
-0.1428
-1.7359
-4.23282
-1.1618
-0.35325
1.6484
0.9172
0.4894
0.8387
-0.9743
NA
-1.8351
2.06449
1.3976
1.861
-0.5414
-0.92909
-1.2191
NA
-0.7205
-0.03494
0.80071
-0.777
2.259
1.1
-2.069971
-7.0358
-2.18702
0.78812
-0.1157
0.79189
-0.3994
0.67817
-0.873
-2.6854
0.713
-0.0742
-0.023
1.4585
-1.72943
1.10349
-0.85124
NA
0.8785
-0.06206
-2.56408
0.8515
0.0129
-10.0079
NA
-0.9902
-10.053
2.23
-0.4952
-0.02198
NA
-0.3531
-0.536
-3.51599
1.8679
-0.30307
1.6299
3.6199
1.6503
0.4825
-1.4674
6.1856
-0.83585
0.594
0.4825
-1.5217
1.3941
1.11268
0.27475
-0.39906
0.6478
-0.9651
-0.1849
-1.19577
-3.1018
0.324
-4.00382
-0.8967
0.2841
2.1519
0.88512
-2.45276
NA
0.50445
0.0393
-1.0037
2.16539
0.53452
1.71225
3.15162
NA
1.07756
0.61369
-1.38249
0.08399
0.5731
-2.24769
0.96933
1.7111
NA
-0.8081
-1.23567
2.1911
-3.83078
-0.9706
-2.4762
0.0597
0.33554
-0.3364
-1.16083
0.4497
0.7738
-0.3954
3.3831
0.90881
-14.62706
0.0556
1.4139
-0.3808
0.0484
2.3252
-2.1573
-0.5653
1.6598
-1.44912
-0.7998
-1.0435
-4.07041
NA
0.7199
-0.4743
-1.00636
NA
-0.56861
2.554
-1.09826
-1.28553
-0.2652
-0.86639
2.11057
NA
-2.5929
0.7594
0.3007
-0.832
-0.14747
0.4226
NA
-3.8052
-2.8584
0.5843
0.0088
0.146
0.1867
1.38391
-2.18685
1.39692
-0.6732
4.088
1.6544
-0.0277
NA
2.0082
2.3393
NA
0.3358
-1.92856
-0.52796
0.2733
-1.31838
9.5856
-1.16914
4.5184
0.04692
-1.87089
-0.3217
0.579027
NA
1.5196
4.8371
NA
1.7543
-0.18534
1.321
-1.50127
NA
1.38727
-1.9036
4.784636
-0.0359
1.5265
2.0059
0.2047
-0.08764
-1.1636
3.76055
-0.5653
1.2017
NA
3.8956
1.56923
0.1915
3.410445
5.768
1.7018
-1.8641
0.2193
8.7484
0.3873
0.62081
5.88386
-0.8346
1.21457
-1.7067
0.75053
-4.9063
-0.76166
-1.1246
0.1462
-0.7099
2.9665
-0.2224
0.82518
-1.95
-0.925
-3.90177
-6.21373
0.81652
-1.6679
1.29332
-1.3491
1.6718
1.9459
1.24997
3.777
-2.25573
0.2459
0.4711
-4.6372
-3.906
1.7312
-1.29155
-4.0296
0.7118
-0.03675
1.1985
0.9122
-3.2998
NA
0.240025
0.6152
-0.5921
0.7579
-0.1394
1.0504
4.51419
NA
2.4424
-1.24954
-2.28968
-0.6354
0.72352
-0.21377
2.06896
3.91784
1.5467
2.7197
-2.55957
-0.705183
1.5824
-3.33453
-1.1376
0.1795
-0.36599
5.79
NA
-1.1635
0.28078
2.0461
0.03906
-2.51731
-1.20632
-1.50229
0.0954
-1.3047
-1.8059
-1.1344
NA
6.03786
-0.5296
-1.133
-5.4555
0.1917
NA
1.6518
-1.705
-2.2385
-0.498
-0.80053
2.57265
-0.2005
-0.62906
-1.35231
-5.32661
0.3722
-1.4895
-0.8641
0.543
5.1591
2.09153
-1.9044
1.56109
0.6124
0.8485
NA
NA
3.0812
-3.4424
-1.00264
-2.0852
0.4947
-0.17049
1.001
0.1199
2.57121
0.54534
-0.34672
-1.87315
1.3393
0.56207
NA
1.46962
-1.400336
-4.98381
-2.44886
-0.1651
0.3892
0.6535
-0.0125
0.1297
0.613
2.46472
-1.25693
-2.15873
-1.3751
0.4396
-0.0265
0.07577
-1.32882
2.022735
1.2293
9.1552
-6.2842
-2.99844
0.2589
-0.27975
-2.624493
2.5727
-0.7001
-0.5361
0.8848
-0.846
-0.3281
-0.6605
-0.0937
-0.46648
-1.4493
0.47489
0.5774
-5.31637
-0.847029
NA
0.2466
5.34892
-0.452
NA
9.4427
1.1952
-1.713
-1.29119
-3.7433
NA
1.7057
-0.93137
-0.05506
-0.40896
-0.5884
1.3788
0.07137
-0.49834
1.47008
-0.91178
0.0549
-1.75864
0.8478
0.47072
-0.0215
-0.2202
-5.33699
0.7862
-1.70354
-0.9742
-5.77
2.425
0.5599
-2.44275
5.76238
1.2779
-1.8371
4.16978
0.23721
-0.6308
-0.0209
0.7066
NA
0.22349
0.0938
-1.34297
-0.81763
0.39174
1.3375
-0.9451
0.8742
-10.1146
-0.3845
-4.1345
-1.26306
0.32403
6.81809
0.0674
-0.1998
1.7483
-2.79604
1.5556
4.3947
-2.27275
2.63357
1.1102
3.3197
-5.35113
1.183633
0.4759
0.4563
0.3619
NA
NA
0.0113
0.7656
0.26671
2.8449
-3.54815
2.08791
-1.73305
-2.0332
-2.1781
1.6307
-0.9955
1.91432
-0.513
-5.3898
-0.0923
1.496
-3.8195
0.93449
1.3194
-0.4427
-4.88481
-0.420174
-1.06166
-0.1903
NA
1.5006
0.66921
1.407543
1.2617
0.09324
-0.2283
2.27103
NA
4.6616
0.00308
NA
-2.10498
0.23117
-1.06542
-2.4844
-0.32058
-0.1345
1.6894
-3.5538
0.9745
-5.57896
1.9
0.7921
0.2251
-1.02224
1.5435
1.3653
-1.561
-0.8793
-2.9669
-2.06239
1.0456
-7.6661
-1.7498
1.80191
-0.0731
1.3461
0.1465
-1.3175
-1.62
8.93447
-0.1791
-1.9622
-1.1282
0.381158
-3.3986
2.4122
-1.3236
0.39253
-0.7946
-3.94719
-3.20508
0.31129
1.46863
-0.43734
-0.70016
0.4563
2.484106
-1.60182
-0.0754
-3.3831
1.5454
-0.54694
-1.1751
NA
-1.6968
1.18663
-0.99455
-0.765
-1.9891
-1.6461
1.3703
NA
-2.6041
0.8466
0.52037
0.74354
-0.09697
0.2604
3.3522
0.37766
NA
-0.7687
1.1238
0.91001
0.50606
0.14319
2.7372
0.815
0.35067
NA
2.41867
2.40695
-3.164382
0.89991
1.03474
-0.59099
-3.0377
0.15143
-4.76582
0.78774
0.5112
-0.30729
5.25322
0.9569
-10.751
1.89139
1.77097
-0.7631
NA
0.5804
1.12863
-0.6498
-0.5274
1.063688
-3.2959
0.145506
0.6622
-1.088
1.6884
5.9225
2.794903
-2.950466
1.062687
1.3135
0.680288
-0.3669
-0.9886
1.253717
0.9653
-1.5041
0.39857
3.8045
4.4274
1.49299
0.165281
-0.4918
-2.2565
0.0953
1.1894
-1.368803
-3.3334
-2.0718
-2.67
1.3403
0.564972
0.411
0.9756
-0.18671
-0.748
-2.3354
-0.3143
-1.9756
-1.237
1.1403
1.104645
0.3555
0.3352
-2.4301
0.1454
2.1888
0.1262
-1.3995
-2.9584
-1.3824
-0.1338
0.4435
1.0982
-1.65
-0.9171
-0.7948
1.6069
-0.046
2.85679
NA
-1.6648
0.1656
2.9721
-0.1475
-2.94
-2.0846
2.3965
-0.1353
-2.993
2.6251
-1.3862
-0.7021
0.9245
-2.3927
0.6365
-6.8263
-1.5118
-5.0335
-0.4903
0.19453
0.274
-0.1769
0.0455
-0.7065
-0.71418
5.5768
-0.2678
-0.7014
-0.6321
-2.1706
-3.7119
1.2286
-0.8149
-1.1431
-3.3757
1.45185
-1.0004
-1.7213
0.8144
0.0195
1.2061
1.2864
-2.6579
1.5702
1.9391
2.9604
0.293
0.18232
1.5944
0.7392
-4.3723
-1.00464
-1.3421
-3.7017
0.4172
1.6318
1.5186
-0.53325
-0.1688
-1.0999
0.393415
0.3505
-2.4
0.33134
-1.09256
-0.7
-0.0414
0.62974
-1.5225
0.139
-1.133
-1.8117
-1.878
1.645319
2.3334
0.8622
-2.3618
0.1463
-5.2682
1.4448
-2.76592
-0.6692
-2.91034
-0.23
NA
2.34263
-1.4101
0.1797
0.9484
-1.1041
1.6398
-0.4554
1.7793
0.5652
0.1048
-0.0227
-3.7716
-1.5969
0.4651
2.7268
0.6232
-0.156
-3.9952
-2.0823
-2.0144
-0.337435
-0.266515
-4.1191
-0.8454
2.94
-0.2032
-0.2145
-0.0461
0.734
0.71272
-0.67065
3.0474
0.3701
0.734
3.2847
0.5001
-6.386206
-0.5022
-0.4984
-2.2152
0.3637
1.7478
-0.3781
-1.8165
1.2253
2.0728
2.6001
0.1339
-4.2099
0.831
-0.0723
-0.4457
1.2015
0.52824
-4.3723
-0.2795
-1.54996
-2.1036
-0.1255
-0.4048
1.9101
-1.1869
-1.1749
0.3681
-1.3981
-0.8538
-0.7403
0.872
0.2834
-1.04549
0.3182
1.4674
-0.4603
-0.2754
-1.7907
1.9484
2.4029
0.9975
0.7314
1.1642
-0.5284
-3.2946
5.4429
2.8186
-2.8446
-2.6279
-1.3812
-1.2666
1.5348
1.2141
1.1441
-0.172
4.431
0.043506
-4.457579
-3.375856
-2.33458
-0.9444
2.072627
0.2603
-0.1365
0.394951
-3.18
3.077
0.1241
-0.329466
0.6297
-5.1941
3.0413
0.208332
-2.453156
0.4739
1.416129
-2.481503
0.257134
4.8484
1.553502
2.5042
1.499508
9.58111
2.7379
-4.9781
0.6405
-0.185623
-0.1919
-0.9356
-1.9204
0.0864
0.52313
-2.5322
1.5877
0.563
1.23
0.757687
1.698831
-1.280924
-1.9204
-0.873613
-0.1111
-1.2519
1.239244
8.984418
-1.6696
-1.58985
0.0671
-3.5258
2.17061
-4.0728
0.981988
1.0982
-0.55
-2.7753
-0.2782
-0.1312
-1.2405
-3.435
0.3674
-0.3081
3.1108
1.8499
0.516208
-1.1696
0.6362
-2.321
-0.002831
0.0128
-0.3171
-3.0466
-0.9437
-0.3869
-0.3171
-1.7627
0.9437
-1.732899
-2.0508
-0.303445
0.9461
-3.859438
-1.8878
0.18708
2.103984
-0.2762
0.4649
-1.42208
0.2574
-1.3425
-2.10619
-2.2394
-0.215
0.72368
0.076644
-0.4696
-1.5506
-0.1628
0.0585
-0.7916
2.2208
0.6776
-1.5436
-0.0747
2.2322
-1.2253
-2.0155
0.5894
1.5675
-3.1802
0.797
0.4846
-1.7518
-0.1436
3.289
3.0874
0.2728
0.43957
0.0384
-0.2815
-4.6529
-2.4946
-3.5817
-0.4154
-2.6854
0.9386
-0.2453
1.1615
-1.1189
1.1805
3.9104
1.8104
-1.5853
-0.88204
1.74
-1.4099
-0.9636
2.7374
-0.7946
0.8158
-0.48331
-1.1872
-2.49733
-2.13897
0.8709
-0.2715
1.2332
-0.28057
0.24649
3.418
5.02
14.9932
-0.111894
3.3
-1.22356
2.32144
1.18554
-0.5238
0.62457
-0.091
1.7264
-2.05236
-1.848
0.1449
-4.3563
-3.07284
0.2733
-3.71733
-1.1735
1.4321
-0.165
1.5289
2.7872
2.7032
1.4318
-1.9163
-2.1452
-0.5194
1.1785
0.3273
2.9037
-2.4529
-0.5612
1.2332
-0.2995
-1.4289
-0.3066
-0.4785
-0.9761
-0.6446
-3.8141
0.1178
-0.1524
0.4116
2.0123
0.1842
5.4643
-1.685
-0.8925
0.1234
8.5117
-0.3264
1.0201
-1.4587
0.9633
-0.168
-1.0268
0.7939
-0.1467
-1.3262
-1.8865
1.9689
0.4509
-8.3141
-2.1
2.24
1.34
-1.2068
-0.96234
0.5731
-1.8852
-1.97962
0.9096
1.55
-0.8517
0.582
3.76294
0.4075
-1.1718
-0.437
-1.69
-1.6595
-3.71034
2.0931
-0.23
-3.3703
-1.51531
-0.6003
-0.3783
0.4575
2.7545
0.1344
-1.679
-0.319
-3.917272
0.88
1.44703
-0.2795
-0.44682
-2.4706
-0.8379
-3.05
-1.37454
-0.74277
-4.8301
-2.16
3.1
-0.226
0.4034
0.815
0.1453
-0.19
-2.9887
-2.3868
-1.67
1.4
-0.2467
-1.9714
-2.5121
-0.666
-0.1821
-0.845
0.44484
0.353
1.7351
-0.2875
0.00584
-1.11
2.13641
0.0613
-1.4666
-0.0291
1.0775
-0.3888
-1.55
6.2619
4.63
0.1105
-1.29
-2.25
1.702
-2.89381
0.9178
-1.1599
1.45803
0.2831
-0.9634
0.56562
-0.8653
-1.25184
-0.69606
0.7816
1.861
-0.5307
-3.12
-2.951741
2.0102
1.56
-0.74687
-0.29592
4.6103
1.0977
-1.3704
0.904
-2.51
-0.5417
0.0951
0.00984
-3.80983
-2.3432
4.4389
-4.9
1.78
3.21504
-0.6863
-8.4206
0.8104
-1.66081
2.5
-1.51
-1.77
-0.1105
1.29388
2.8283
1.2591
-0.9395
3.528317
0.58853
0.714
7.66722
0.493
-1.13
0.8194
0.1817
0.2
-2.19
0.2753
0.182
0.771
-12.4457
1.09
-1.662392
-0.904
-1.518
-5.3033
-0.516
0.832472
NA
-2.59
1.11108
1.63
0.0445
0.44258
-1.0903
0.301
-0.897
-1.09437
0.20183
2.21
-1.21
0.72817
-1.13
0.689
7.37732
0.23798
0.456
0.1738
0.531
1.09639
0.39226
1.56931
-1.272109
-2.07852
-1.7749
-2.7
-2.98
-3.09364
-3.94401
2.0058
-1.06
1.55821
0.11706
0.184
-1.9406
8.2345
1.45423
2.8159
1.4873
1.3641
-2.88111
-0.67307
1.2518
NA
0.1769
0.0598
0.68347
-1.27386
4.7459
1.6307
-2.62984
-0.02845
1.6301
-1.20786
8.70927
-1.8612
-0.92115
-0.8569
-0.2213
-0.89419
-0.65643
0.2107
2.62666
-0.9872
-2.2829
2.2631
-1.2658
-3.246
0.5486
-1.424
-5.4878
1.6102
-1.9865
1.92454
0.681591
-0.041068
1.02181
1.153
2.93051
-6.8049
1.1803
0.000317
0.569
12.0055
2.4385
2.579148
-2.2783
0.8247
-1.99682
0.80164
-2.69284
-1.7166
-1.78754
0.6096
1.9243
2.6987
1.654025
0.74722
-1.503
0.601781
-13.52523
1.09873
-2.21982
0.2306
-0.53533
2.9575
-1.5923
3.50827
-0.168889
-1.314854
3.138128
-1.23166
2.955237
0.62615
3.71479
-1.69907
1.485632
1.630599
-0.6279
1.66545
-1.165925
-0.38638
-1.382206
3.908107
1.4176
-0.3711
-0.15144
2.307
0.8158
-0.4022
4.123108
0.2022
2.830954
1.017611
3.726377
-1.278983
0.531948
4.281274
-0.773551
1.843211
-0.2444
0.147257
-0.4573
8.237762
-0.2267
-0.79765
0.564624
2.850024
-0.444329
-0.3658
1.640295
-0.488648
-2.44807
1.6155
3.7742
0.7614
-0.063721
-1.714076
1.86
0.986
3.7442
0.324936
-0.9979
-0.116084
2.3417
0.568276
1.69635
2.213888
1.076431
-0.2509
-2.855785
3.05653
-2.6294
-0.976692
2.5416
2.745496
1.1206
0.7744
-2.2947
1.245637
-1.201443
-0.2101
-1.2507
1.2405
1.432526
-0.991876
-1.275476
1.49183
-2.4197
1.3687
4.6012
-0.9987
-0.195
-1.2336
-0.5163
-0.673
3.8758
-0.5366
-0.2953
6.9698
-1.03114
0.73155
0.7387
0.5765
0.342
0.4298
-1.88642
-2.4
7.406574
-0.2471
0.55273
-2.23288
-0.1469
-2.30429
1.0333
0.0488
2.18671
1.077018
-4.07216
-2.6772
-0.1337
-0.3812
3.9023
0.5468
-0.3114
4.83263
-0.9251
0.6573
-0.5621
1.0941
NA
-2.1244
5.0834
-1.2158
0.183057
-0.0258
0.141575
-2.4197
1.03934
3.43504
-0.4616
6.7244
1.0215
-2.15956
0.927
1.3459
-1.6363
0.04173
-1.99477
-3.95156
-0.0579
-1.05363
-0.6063
0.46687
0.15845
0.0345
-0.1889
2.22934
-0.7408
0.6031
2.55758
-0.6467
-0.6773
2.327955
-1.1669
-1.2382
0.8792
2.33455
-0.0788
1.0474
-5.20915
1.2698
0.3508
-0.1044
1.0467
-0.1509
-0.0954
0.6664
-0.72939
0.49321
-0.2077
2.74872
0.79
3.1343
0.06831
-2.4695
-0.9371
4.4951
-2.2834
2.0317
-1.13584
-0.8848
0.0112
-0.9554
0.6797
2.0835
-0.253
0.6913
0.4102
1.85368
0.1048
NA
NA
2.4696
-3.18761
0.7448
-1.5266
-0.8387
0.7885
0.3446
0.3511
NA
-1.31844
3.6552
2.0688
-3.3446
-2.9685
1.67532
-3.8746
-0.1346
-2.73
0.1302
-0.9695
-4.4273
-3.16678
-0.54608
-2.0267
1.4424
2.293
NA
3.06109
-1.0946
2.0587
NA
3.0149
-0.5112
-0.8553
0.15044
0.96994
1.49066
0.3492
0.18625
2.13675
1.2824
0.07782
-6.9697
-2.1279
-0.32631
-4.54033
0.6103
0.9182
-1.2328
-2.16735
2.13535
-0.26485
0.8588
1.25205
-2.0162
-0.2982
1.97432
0.35509
-0.7595
1.1079
3.36055
NA
3.2707
2.5866
1.278
-1.3355
4.8729
2.98413
-0.6169
-3.7925
-1.7762
0.4747
-0.32543
-0.2516
0.0117
0.24274
0.5673
-0.37863
0.34426
0.0564
0.37352
1.1343
-2.2051
2.6459
-2.55928
1.27985
-1.78718
-0.293
-0.36601
0.6745
0.5918
0.5112
-4.15893
-0.5751
-0.36962
-0.1068
0.47816
-0.6954
-0.738
0.20841
-1.3355
-1.8863
-1.277
0.4612
-1.62744
0.7254
-4.99843
0.8525
-1.73292
1.08431
NA
6.1021
1.49835
-0.56246
0.3083
-1.9099
-0.2324
0.82389
-2.085
-1.8732
-2.61445
-1.6224
4.08099
-0.16592
-1.16
-3.9507
-0.9488
-2.36546
-0.344
4.57
-0.3102
-0.8955
1.7981
4.431
-4.1692
0.4556
-2.231
0.3859
1.3208
-2.43
3.5806
0.3155
-0.087
0.4621
5.3538
-0.3375
1.418
-1.7037
2.1396
-0.22682
-2.1392
1.67
2.06619
-1.09535
0.20565
-5.62
0.2039
0.455
1.1162
NA
-0.4422
1.99445
1.8176
0.402
-0.1147
1.49607
-1.986108
-8.6709
-2.04
-1.4829
-0.5021
1.1479
1.3978
-0.351
-0.4326
0.2879
-0.8404
2.2767
-1.5009
-0.1679
-0.8476
-1.4107
2.4434
-2.1482
0.5007
-2.0003
-0.0921
2.5749
0.0732
0.237
1.3899
-0.935
-2.3862
-10.9676
4.6066
0.0703
0.05678
0.03459
-1.2046
-10.8564
-0.8821
-0.83001
3.4313
0.4613
0.6606
0.2401
0.6622
2.9588
-1.6312
-2.0823
1.0024
0.994
1.4578
1.715168
0.8363
2.9585
-1.1892
-2.2829
-1.0429
0.7905
-1.13
-0.1666
2.5218
-0.9125
0.7873
0.55706
1.11189
3.1104
4.677
3.0577
NA
0.7242
-1.4923
-0.65623
-2.9695
-3.168165
2.338928
-0.23232
1.546
-0.8751
-0.69112
0.2047
-1.26
0.7969
0.990657
2.27135
-0.0397
-0.0403
-0.0861
-2.6138
1.5167
6.65787
0.6101
0.78045
0.02807
0.8126
-1.88
1.991
2.400432
-4.51629
0.42192
-10.2241
0.61187
-0.7778
0.4578
-0.5691
1.1708
-1.67739
-1.3055
-3.1114
0.6321
-4.3159
3.4035
2.4648
-1.784729
1.66
-0.367
-1.6266
-1.0675
3.12472
0.1936
0.70305
1.1758
0.1033
0.24
-0.043
1.6699
1.87985
0.27524
2.7118
1.5478
1.427301
0.3671
-0.8424
0.0295
3.68491
2.8853
0.61536
-2.2357
1.6837
-4.62
1.2689
4.3088
-1.888
-2.4339
-0.24888
1.15069
1.32984
-1.6388
-0.4752
1.98631
-0.37823
-0.5497
-0.646
-0.6173
0.1105
1.03
4.66036
-1.2448
-2.396161
1.5364
1.1988
-0.369
-0.629212
2.0556
-2.2912
-0.8542
1.8691
1.946
-0.6106
-1.497748
-0.229092
-0.7124
0.76805
-4.9149
-3.72556
5.09444
-3.5452
1.59676
-2.030669
-0.7815
3.18
0.841981
0.5898
-0.6579
0.649
-0.5584
1.1318
-6.7502
0.7612
-1.2999
-1.6539
-2
-0.05309
1.4579
-0.0859
8.2137
2.5875
1.37
4.82771
-0.79102
-0.3588
NA
0.5826
NA
-0.2568
4.437
2.38
0.624
-0.4139
-2.2401
-0.1213
-2.30537
3.3877
-0.8288
-0.10787
1.934164
0.31098
-2.41376
-3.3565
-0.3421
0.12198
3.4724
0.9332
2.79
-0.6744
0.931593
-2.3727
-0.416997
0.7936
1.5385
NA
-0.20378
-1.29
-3.836
1.3766
-3.3001
1.07363
-0.9675
-0.58466
1.4802
0.567
-0.8758
4.32721
-0.19327
1.2276
-0.140339
-1.18922
-0.5484
-0.13252
-1.475
-4.33592
NA
-0.8081
-1.79069
-0.8759
0.7453
-1.3033
-1.9879
-0.9444
2.1958
0.37659
1.5411
1.75493
-4.5265
-1.2288
-0.9812
1.2513
0.21271
-0.7944
0.04394
-2.44557
3.7239
1.0684
-1.04201
-1.25034
-1.57004
2.0195
-1.6699
-0.9023
0.2675
1.28119
4.4051
0.92939
