-1.15
-3.52
1.8
2.6649
-1.65
-0.0939
0.18225
-2.3847
7.8023
0.912
-1.1893
-2.1921
-2.79
2.59229
2.81283
-0.78724
0.8701
-2.3412
0.347
-1.4084
-1.3015
-0.98577
-3.95
1.66836
0.8931
2.29
-6.4045
2.0844
3.75052
-1.0663
4.6041
-4.41
-2.8158
-1.4983
-1.9383
2.5483
1.2468
-0.5887
1.25813
1.70011
-4.0825
1.6717
-0.5424
-0.4428
0.08072
4.83228
-0.533
-0.1749
1.54
1.4689
-0.757
1.77484
-0.24936
0.6097
-0.767
-3.4909
15.8
-0.74764
5.8484
-2.15
1.0627
0.781
-2.1
3.6679
-0.05008
-0.9335
-3.3433
3.1503
1.6684
1.34822
-0.775
-4.8592
-2.34
-0.926
-0.0253
-1.00471
-2.24685
-0.2239
1.29487
-0.6521
-1.7546
NA
2.31
0.922
-2.79
-2.26481
-0.0679
-2.8893
1.76
1.9739
3.14841
-0.4551
0.2684
-2.3738
-0.0133
-3.2466
-0.49536
1.3935
4.63974
11.78793
-3.31071
-1.0597
1.51391
-1.8638
-2.53366
1.75
0.6769
0.0462
-1.9019
0.48794
0.4438
0.3922
-1.9046
2.03
3.3181
-4.495
0.0337
0.2026
-2.94
-0.86221
1.3601
-0.0421
-0.1379
-2.4213
-0.3097
0.7928
1.0403
-1.4227
-0.58344
-3.447
0.0138
-0.2305
1.4451
-2.3205
4.2015
-0.00297
0.7528
0.15047
4.96
1.35
0.7466
-3.0168
-18.4624
-6.1972
3.023
3.611
2.05694
-1.4413
NA
-0.00872
-0.82126
-0.35651
-6.9791
0.5824
-0.7624
-1.6013
NA
1.1734
16.967
-1.90219
-0.2913
1.5981
-0.604
1.0484
-0.2786
-0.1686
6.08199
-0.4789
0.01308
-2.6116
-0.11933
-3.89281
-1.2477
1.41
0.133
-3.74
-0.587
-2.7432
-2.26577
3.83
1.4104
7.31937
2.9359
-1.6166
1.01475
-0.27606
1.37968
-4.01159
2.2131
-1.28
0.3048
2.0764
0.41864
-7.055
1.23
-0.25416
-1.48616
3.2145
-4.0816
-4.87146
1.89
-0.9887
0.7456
-0.8816
0.34227
-2.02866
1.1308
-0.7985
0.11426
-3.1019
0.3059
0.3333
-0.8379
-0.872
2.408
-6.7007
3.55
1.6975
0.637
3.44
2.0025
0.1185
2.5049
-0.81359
-0.2955
-4.61593
4.219
0.9581
-2.93334
-3.14746
-1.2362
-2.4075
2.45195
1.085
10.65218
4.5659
-1.014
2.1108
-1.3556
-2.2667
6.26628
-3.34
0.203
0.812
1.69
-1.5107
1.2621
-1.91337
-0.8862
-0.6595
0.3792
0.8417
0.05606
4.39765
-1.4882
-1.343
-1.60242
-1.412
-2.4
-0.8735
0.153
-0.141
-0.7134
0.3486
-0.541
-4.1
0.12231
-0.1065
-2.51657
1.3236
-9.86
-0.613
0.5641
-0.84751
-2.737
3.35751
0.8398
-1.04
1.5517
2.026
-0.48549
-1.3716
8.91092
-2.55145
1.3473
0.8046
0.4044
0.32737
-2.0761
-0.7343
9.1388
2.49107
2.6948
-0.37823
2.4327
1.1169
-6.47727
-11.0314
0.0907
1.23609
2.84107
-2.32342
-1.3366
-3.1577
-0.9098
2.0867
1.3667
1.2191
-1.02
-1.97
-3.97
-2
-1.75
3.38064
-1.6426
NA
1.31648
-0.44231
2.63442
1.1831
-4.895
9.48
0.9203
2.73736
-1.8342
-5.6
2.0309
0.3851
-6.0624
1.66
0.13928
-2.4626
0.0656
-4.62256
1.3724
-1.61499
-3.23023
-1.33662
-7.77237
2.22256
-2.55559
-2.3856
-1.751
-0.2149
0.0687
1.34
1.7501
3.14
-0.0129
0.2734
0.1775
-1.8492
1.385
-0.8673
1.3285
9.1728
0.0425
-2.414
-4.2436
2.04842
0.342
0.0615
-2.4644
-0.777
1.35238
3.59915
1.48504
0.4716
-0.92535
4.16237
-1.3301
-0.99279
2.4646
-1.2839
-16.6809
3.5975
-3.44515
-2.61
2.5988
-6.76096
-0.1831
-1.9696
0.38383
3.1704
-0.6791
0.6169
-5.9789
-4.1804
5.48563
2.4152
-4.0057
-0.8194
-1.8479
3.8268
-2.1569
-0.20685
0.8284
-3.5709
-3.4575
-1.6203
-2.5676
5.6537
2.1043
6.3272
0.4517
-1.8737
0.856
-0.3917
0.5279
-0.2262
1.6417
-0.49943
-0.4176
1.65
-3.095
0.07228
0.91
-1.83903
3.63442
0.08764
1.2418
-1.9018
2.87471
0.50149
1.0818
1.75772
-2.75776
-3.06192
1.69622
-3.48615
2.6681
2.19927
-5.2612
0.70162
-1.1818
2.37336
-1.67
-1.22857
1.62
-5.66
1.0498
0.652
2.4447
-0.0292
-0.6882
0.649
0.4765
1.3608
1.271
-1.9276
-1.26396
0.9815
-0.84
-0.3942
-2.3957
-1.8989
-0.151
3.2106
-2.3922
-1.5932
-0.87826
-0.0672
-1.71155
-4.9702
-1.0273
-2.62289
-3.0774
NA
NA
-0.652
-1.8368
0.5391
1.7517
0.5296
0.6608
-0.32477
3.82115
-1.8339
-0.0105
1.2369
1.51801
4.2303
0.7847
-2.8375
-1.3957
1.9309
0.0793
1.61681
-2.57427
0.3492
-0.1149
-1.42
-4.6431
0.604
0.0787
-0.2244
-1.8465
-2.19862
-0.7414
0.9733
-1.24
0.8098
-5.94742
-1.35212
-1.03232
2.59055
-1.1981
-0.4903
0.1529
1.5114
-3.0721
0.5528
-0.1211
4.492
7.2219
-1.4407
2.17467
6.01
2.83
3.69
0.29527
-2.353
6.8348
3.5831
0.7154
0.4083
0.9218
-2.0638
2.15344
2.76678
0.0184
-9.61173
-2.2829
1.06
-0.751
13.8
-1.05
1.8281
1.4017
-1.6765
0.5343
-1.16
-0.805
2.39629
9.4
0.0482
-0.0672
-1.29324
4.60196
0.999
2.08
4.84
0.798
-1.1016
0.5909
-1.988
1.51
-2.6918
-2.99776
-4.13
-0.124
-5.01
-1.2941
4.7595
-1.04997
2.0764
2.93668
3.9904
-1.0554
-0.1879
-6.2693
-0.6822
-1.3123
-3.9191
-4.2657
0.4497
-0.6202
-2.0151
-2.3615
-0.5995
-3.7689
-1.08
4.2675
-1.6617
-12.7902
-2.0042
-0.1903
1.0848
-1.58648
-0.92815
-2.7238
1.3652
-1.68046
-1.21128
6.76842
-1.9761
-2.2628
-3.58127
3.99015
2.108
0.78492
0.29159
2.05
-0.7549
-2.9161
-1.85
-3.9444
-0.368
1.23
-0.6152
1.2559
2.4304
-4.18
-7.6242
1.0352
8.44154
0.1372
-2.91549
-0.09546
-3.52
1.2659
0.818
-3.74741
-1.58938
0.0281
-0.28573
1.14
0.925
-1.28
3.0444
-2.8563
0.36145
2.71599
-1.4208
2.9091
3.1665
1.8834
-1.2317
18.8283
2.2341
2.44224
0.79991
0.134
1.0088
0.09491
-4.0579
-0.0641
-1.565
1.21
0.0835
-0.179
0.2633
4.3277
5.2255
-1.1328
1.3086
-0.38395
1.7242
-0.931
-1.27
-0.8549
-3.15834
-0.0879
0.6101
2.3363
3.6692
-0.48445
-1.08328
0.64942
1.01738
4.0335
NA
-0.4966
-0.9088
1.21112
3.08
1.86
1.8
-3.02495
-2.36356
0.3795
4.83141
-8.24698
6.37532
0.5498
-2.87146
-3.95877
-1.5083
1.8516
3.13079
-1.29403
-0.8207
7.3507
-0.9744
0.958
0.7311
3.1969
-0.2257
0.5333
1.0884
0.6427
-1.7453
-0.4776
-0.5367
-0.0547
-0.4141
0.1961
5.4915
0.7943
5.9347
0.3476
-0.963
-2.7402
0.4596
1.4185
0.21
1.0914
0.0494
1.4828
-0.164
1.1047
-0.2585
0.2005
-1.4049
-0.2907
0.8418
-2.423
3.4127
1.4197
-3.9135
-3.7498
0.689
-0.3406
1.7198
0.5139
5.0405
-6.2371
3.4787
-0.4199
5.7803
-1.4037
2.6465
3.8002
6.1038
-0.4426
3.0928
6.0496
2.403
1.7171
1.4448
1.0089
0.0275
-2.168
1.7554
1.29
-2.8208
2.8875
1.7063
1.0586
0.8391
-4.3392
0.7978
-2.2487
-0.2323
2.89089
1.31359
0.3912
-2.87708
0.67763
0.44
1.32443
-1.59639
1.43856
-6.46665
0.969
-1.11295
4.66741
0.4827
-3.70606
0.7079
4.24099
7.08648
-1.95593
4.53998
0.5018
3.68136
3.41044
0.49351
0.56505
13.7038
1.09328
0.4433
-1.60437
-0.47426
-1.3572
-3.0715
-2.1263
0.8604
-1.6977
3.7691
4.0269
-3.5251
1.4399
-0.9144
-2.7
3.0287
-2.2041
-0.7297
0.5656
2.255
-19.8344
-8.5145
-0.972
1.7717
0.9402
0.4155
-1.2949
-0.0282
-0.1468
-0.3703
-1.7047
-1.769
-4.9159
-0.2879
-0.6945
0.1305
0.0385
0.1092
7.6157
1.2324
0.3358
1.6459
0.6046
-4.0473
-0.509
0.8587
0.4726
0.3414
-0.8283
-3.4144
-1.4926
0.191
-0.3135
1.9643
1.8001
4.8735
1.9193
2.5402
-0.6049
-0.0399
-0.0488
-2.3915
-0.4014
-0.7372
1.0615
-1.9112
-2.0162
-0.1842
0.5625
1.1344
-3.6029
-3.9792
1.3573
1.4271
-0.3086
1.161
-2.0073
-0.7668
0.3018
0.117
-2.82817
2.91229
0.9764
-1.4653
1.48183
1.5339
-0.98283
3.52205
4.18207
-0.66609
0.36208
0.4849
-1.06079
3.30853
-1.7808
0.6453
0.88465
2.19734
-1.50977
0.43831
1.7856
2.38385
0.48217
0.55112
2.11624
-0.0077
-5.2448
2.28265
-1.5643
-5.97474
-5.19057
1.826
-7.98805
-0.5485
-9.07634
1.277
0.0222
-1.29475
0.18338
-1.03105
-5.4855
5.18527
2.3738
5.18608
-1.23422
-0.21781
1.6022
-2.19118
5.0766
0.9791
-1.9332
8.9081
1.3336
-0.6529
0.2928
-1.6908
-0.4347
1.359
-3.729
1.5437
-0.8972
2.6958
-1.0485
1.2359
-1.607
0.0769
-0.2291
-0.6155
0.1929
0.3837
-1.6542
1.811
-0.5579
0.8591
-1.2021
-0.1604
-2.1454
3.6775
0.2192
-2.4814
4.3976
2.5796
-0.3774
-3.2463
0.7421
-1.7677
-2.07
-1.59483
0.6871
-0.4811
0.52394
4.45186
3.40202
-3.17451
-0.74018
2.30335
-8.42786
-1.3027
3.82122
0.20042
1.7113
-2.43125
1.8706
-0.446
-1.96769
0.72358
6.17754
2.79097
-6.4281
-0.97296
-0.27233
0.7283
0.53652
1.0811
1.3873
1.7284
2.68257
1.94485
0.44971
-1.93728
-3.1709
0.8939
0.3041
0.27808
1.0174
0.5562
-1.69765
-1.4421
0.3593
3.3938
1.3957
1.3956
-0.4496
1.31687
3.10372
1.36784
1.218
4.81892
0.7543
-2.32518
1.23161
2.99347
-4.93308
2.97514
-1.2827
-0.51788
8.6257
-0.25145
-2.3504
1.24346
-0.3376
0.6314
-2.6796
-5.2378
-3.2466
-3.7941
-2.20088
14.1669
2.80644
0.8123
3.63275
-1.41
0.23
2.37
1.8
-0.449
1.15
2.23
0.908
0.462
-4.48
-1.46
0.165
0.152
0.418
0.748
0.617
1.03
-1.14
0.0758
-0.643
0.235
0.0173
-0.728
1.63
2.18
0.0718
2.88
-1.78
-3.59
5.9
-3.72
1.31
1.48
-1.97
2.72
1.14
0.764
-1.27
-1.02
0.418
5.91
0.18
-2.19
0.71
0.428
2.73
3.05
-0.739
-0.372
1.44
-2.79
3.59
-0.531
-0.106
1.53
-1.5932
-0.8633
1.9535
-6.9484
-0.4156
-1.8894
-0.9152
-5.198
0.891
1.0415
0.4803
-4.2213
0.8619
2.7185
2.1709
0.1543
7.735
5.3538
0.4613
-0.21
1.1264
-3.8952
3.397
0.7515
-3.2155
-0.78783
-1.08592
-0.69426
-5.27021
4.90819
0.84291
-0.9175
-0.56474
1.3267
-0.0837
-1.286
0.6822
-3.022
0.25579
0.1773
2.3986
-2.30755
-2.2491
-0.78151
-8.04504
1.29508
0.73672
-2.05131
0.7836
0.19072
-0.94692
-3.41225
-0.2271
0.4504
-1.8047
3.0283
3.9774
-0.2581
-4.7898
2.1208
2.6833
-0.2993
1.0456
3.5841
0.1757
-4.6863
-2.0281
-1.5109
-2.6671
0.4766
7.7641
0.4919
1.028
-1.1867
0.9462
-6.0273
0.7282
0.5405
-0.5245
2.5668
9.8904
2.7949
0.9894
0.1255
0.619
2.632
-2.2062
0.6302
-0.7568
-0.3872
-0.7634
2.0188
-0.5556
-0.3798
-0.3131
-0.318
-2.3426
1.1482
2.8533
-2.6985
-1.0139
1.2552
0.8247
-0.8435
-3.7208
-2.6345
-3.9085
0.3275
1.6387
6.2987
-1.0212
3.5048
-1.4521
-1.489
-1.4879
2.2847
0.3061
0.9594
5.6474
2.0112
-1.7648
-0.6111
0.6042
0.8639
2.1692
-6.6903
-0.7669
4.623
-0.4524
-2.3057
-0.205
0.8192
-8.2761
-1.045
0.1307
1.827
-0.8188
-5.1845
1.2761
0.5773
-4.212
-4.5587
-2.309
-0.6986
3.0664
-0.2678
1.318
1.2029
-1.9688
0.9973
-2.349
2.4134
-2.6261
-1.6345
-0.0057
-27.39
0.3767
1.119
-0.4246
0.4969
-1.2616
-4.7437
-0.5006
3.0771
-2.1253
-1.8849
0.2291
-1.4516
-3.4123
4.3559
2.1979
-2.4958
1.4991
0.23166
-3.34343
-1.607
-5.38
-2.34679
5.2093
2.3816
-3.57918
2.27566
4.62222
-0.7731
1.1164
-3.13665
0.37236
1.84005
6.6517
-1.2264
1.62656
2.56894
0.753
2.7964
31.16551
7.23743
-4.721
12.427
-8.36324
0.7636
-0.78452
-0.15012
-2.0506
4.2596
0.31224
-1.97402
1.07403
2.39143
1.58226
2.35169
-1.29186
-1.47665
-0.0935
-1.7546
3.08466
1.38971
2.03177
0.88924
-0.9522
2.8691
NA
NA
-1.2653
-2.5116
-0.498
-0.5526
1.0383
-2.6034
0.7051
-1.323
-2.115
2.956
-0.6588
NA
-0.4562
3.6345
2.2572
-1.8239
1.0634
2.9762
1.5103
0.3722
1.3675
0.9835
1.6014
-4.4092
NA
-0.2537
-1.4176
NA
1.3218
NA
-2.816
NA
1.2201
16.1951
NA
-1.422
-7.7463
-0.4796
2.878
-1.585
0.2146
-0.8389
-0.5245
-0.2659
3.7659
2.408
-2.3556
0.4724
-2.2078
1.9827
NA
-3.00056
-1.9909
-0.9564
NA
1.0907
-0.96338
1.2915
-0.74217
-0.66299
1.63656
-0.51957
0.57133
1.93771
-1.6054
-1.54034
-1.62968
-3.0925
-2.12384
1.1558
-0.2704
2.4501
-5.6577
-1.68094
-4.06776
-1.92894
0.44453
1.5974
-1.13467
-1.5218
0.0615
-0.78683
-3.46159
2.7406
-0.17072
0.5389
0.9322
2.75007
8.67894
0.33368
-1.1166
0.6993
-0.47505
-0.4433
2.71987
0.6049
-1.5713
-1.74334
-1.33135
-2.82929
-0.3117
-0.3716
1.72412
0.98406
-1.94997
1.51166
-2.53556
-0.7337
2.7576
-1.4583
1.38216
0.84523
0.02946
0.9555
0.1282
0.7208
0.92173
0.34585
-5.22475
-0.50662
-1.63422
-1.56762
-2.51473
-0.6393
1.88045
-0.23852
-0.3219
1.48413
-0.91866
3.8479
-0.1823
2.6006
-0.5128
0.78448
-0.18959
-2.0318
-3.18716
0.7048
-6.10026
1.1907
-2.2363
0.22264
2.74552
-0.9892
0.59996
1.48016
1.4977
-0.51871
-1.74518
0.5593
13.96934
-0.7884
-2.98808
13.4202
0.9996
8.10924
-1.5986
0.5368
-2.25102
-0.8323
0.64872
3.42206
2.12513
-0.4621
-2.9412
-0.0827
2.9662
0.90834
-1.10526
4.27781
0.57566
4.24259
6.10262
-0.5784
-8.6133
2.20141
5.4069
1.1021
1.1036
0.2376
2.89019
0.1204
-0.95545
1.21763
0.3416
8.79785
3.0122
2.36079
4.9013
-3.1928
-0.1855
-1.56798
-3.53999
1.26245
-1.41168
5.73424
-5.50031
0.40554
0.15296
0.9013
2.65952
4.09885
2.1767
0.07121
-1.95428
0.186
-0.984
-1.67
0.80298
1.77
2.97
2.39
2.16
-2.51
-1.58
-3.16
0.309
-5.17
1.39
-5.48
2.16
-0.231
-2.77
0.8
-0.336
1.87
0.748
-15.2
0.555
0.553
0.742
2.01
0.52
-0.0477
-3.48
2.51
0.534
-0.373
-0.792
2.9
0.984
3.42
-0.618
0.855
1.23
-0.815
-3.93
-0.381
1.45
-1.13
2.07
-2.6
-2.59
5.61
-2.16
-8.74
-0.553
-0.297
1.91
2.86
-0.125
2.27
-2.02
-2.91
12.6
-1.53
-1.69
4.7
0.702
-0.866
-1.59
1.01
0.588
-3
-5.16
-0.809
1.27
2.27
-6.35
-1.8
0.106
7.5564
0.52023
0.4545
-0.1235
-3.3423
-1.79
1.31
0.746
-2.6536
-0.15289
0.50566
-2.7878
-3.371
2.4729
0.7416
-1.063
-17.7463
-2.5225
7.9993
-6.2166
-2.157
0.8794
-0.32758
2.96548
1.7203
1.2716
1.73189
-0.7382
0.633
-0.29937
-1.07309
-0.623
-0.20762
0.4529
7.92
0.8551
-1.0275
-0.7135
-1.5431
-0.8562
-6.7137
4.5104
0.4512
1.7117
-0.6069
0.1379
0.9319
1.3874
0.6637
-1.65325
3.09491
1.27148
-2.17168
1.6933
2.5112
-2.96622
3.61167
3.12706
0.32056
0.52313
0.93632
2.1038
-1.4678
-3.71768
3.53704
2.2739
2.97557
0.84536
-1.49629
1.50078
0.14383
-3.1869
-0.3593
-2.98573
-1.75908
0.06221
-3.5453
0.22226
5.98256
4.0084
2.2655
5.0075
6.507
-0.6705
1.027
1.5681
0.4878
-3.2583
2.5022
0.5062
0.1894
1.0906
1.23837
0.257
0.938
-0.814
2.3859
1.2057
3.116
-3.99243
0.47581
3.09261
-5.06
-0.5335
3.995
1.0202
0.9749
0.1566
-2.9368
0.6753
2.408
-2.6011
3.67948
0.50406
-0.3178
-2.7924
0.52526
-1.10447
1.1808
2.2745
0.0629
-2.0534
-0.5017
-1.1107
2.7325
1.1489
2.28842
1.5
-1.2264
-1.0114
-2.62503
-4.28525
-0.84777
3.1334
0.56691
-0.4764
-1.3559
-14.8
2.8278
0.864
-1.7
-0.5378
1.54396
0.7813
1.5429
-1.21844
-1.43
1.65
-0.77259
6.95164
3.5999
0.52088
-0.267
-0.44866
2.5537
0.9738
0.00338
-0.56194
2.74713
-2.1983
1.5863
-2.26205
1.83
-3.26
-1.77
0.0351
-0.969
2.9773
0.127
-0.973
0.39
1.25
-1.27
-2.93
-0.309
1.3
-2.48
-0.5351
0.8421
-0.8142
-5.3944
1.1
-3.4699
-0.7028
0.3925
-0.86081
-0.3736
-1.0743
0.60285
-1.36925
1.00856
-1.21516
-0.08798
-1.685
-3.5557
3.4961
-0.9034
-0.5306
-0.05716
4.60021
-8.5291
2.5236
5.24862
8.5113
-1.5245
-2.2518
-0.905
-1.1186
-0.1016
0.60529
-0.7561
0.5924
-1.0803
0.164
-1.4403
-0.142
1.82
4.6557
0.8477
-3.4101
1.4772
2.3804
-4.2172
5.7313
-3.4232
-4.2758
-3.8084
0.2191
-2.3208
-0.3622
-2.0592
-0.75145
-0.4299
-1.36457
4.70182
-0.93356
9.1273
-3.4596
-2.1943
NA
4.474
NA
NA
10.9071
NA
-5.1299
NA
-0.9974
NA
0.191
3.4493
0.1074
-4.043
-1.0622
-2.2213
-2.9755
-2.1074
0.5746
-1.8288
1.4077
-2.6579
0.0657
6.826
-3.27383
-1.00288
-2.15935
0.3946
-0.6903
0.7828
4.9761
-0.5451
-0.6294
-1.0063
-0.9542
2.7959
5.62958
-7.38031
-2.1731
-0.1375
-1.15689
-0.062
2.31999
-1.07052
1.26377
1.53484
-1.36354
-2.34
-0.79815
0.6132
1.0377
-2.9632
0.8748
2.2753
2.3179
-0.8549
1.1641
-1.2068
-1.0524
-0.0295
-0.1659
-0.8495
1.2871
0.9634
-0.7762
2.2166
0.78976
1.36
0.243
-0.245
4.66
-2.34
3.72249
-0.7229
-0.63
-1.5943
2.06
0.7618
-1.15044
3.22157
1.9548
3.50964
4.8026
0.36899
1.26159
2.9086
5.56907
-0.47664
-3.99173
6.29312
-1.6684
-0.717
-1.44383
-2.13
-3.1915
5.0855
-1
1.5217
0.27651
1.456
0.9025
-3.44378
3.21002
0.335
1.11
5.72
1.7486
1.5005
-0.286
-0.0215
-0.842
1.06
-2.71
-1.8465
-1.9293
-5.98031
-0.1444
-2.2723
-5.661
-0.39448
1.52
4.76
-6.62
4.94
1.78
0.3251
-0.5108
8.0805
0.505
-1.2304
-2.3542
0.9218
-0.6903
1.7496
2.7999
3.8466
5.6494
2.3624
-0.1639
1.1079
-5.1755
0.643
-0.119
-2.72
0.671
2.25281
-1.6454
0.42969
0.1709
1.8539
-2.0175
2.6536
-1.9719
4.1433
-2.4479
2.7005
-1.7093
-4.6894
0.68406
3.42
0.396
0.0854
1.166
6.0215
-6.9614
-1.5074
-6.58695
-7.31671
1.70377
2.47034
2.223
2.39796
-0.34205
-1.42515
1.73245
-2.34078
-0.2198
0.82055
0.71588
0.74334
-0.7952
-1.1284
0.9258
0.9258
-0.2655
1.88806
-0.41659
2.76956
-1.80955
0.7735
-0.8891
-0.0474
-0.7435
-1.5083
-0.6293
-3.1107
-0.69423
-1.57627
1.22508
0.33061
-2.3122
-1.19545
0.82627
1.0132
0.4397
-1.8456
3.50042
1.0917
2.4204
1.29369
-1.592
-3.6356
0.45268
1.83193
-2.3373
-0.98983
1.0868
-0.4982
-2.0959
3.5922
0.5154
0.7591
-4.51
1.0372
-1.6891
-1.1155
-5.06884
-0.38474
-0.958
1.7
-8.85
-1.5978
-0.54091
-0.3788
13.1629
-1.5629
-11.4882
-0.3792
4.7492
1.6047
-12.9332
-3.8812
-0.6646
-2.75253
-2.46
-0.7649
-8.95943
-1.90155
0.9638
-0.7251
-4.43463
2.6644
-0.6464
-0.791
1.94
-3.3873
-4.4187
5.0692
0.266
3.05668
0.613
1.48
1.61
-0.23766
0.98459
-4.29355
-10.30885
-3.1606
0.9376
-0.92861
-3.81032
-2.5812
-0.7593
-1.95301
0.6545
-1.65364
-1.9486
-0.228
-0.91
9.63309
-0.4477
1.4345
2.9766
0.2485
0.57337
1.5245
-2.74953
-0.72969
1.63664
-3.0229
-0.729
0.7556
-0.132
-6.4312
1.6417
0.0212
3.3493
-1.9548
1.0192
-4.2382
1.86248
3.35557
1.1941
-3.2628
0.867
0.453
-0.3148
-1.8675
-17.8
-11
3.3942
3.2694
3.3376
-0.74747
-0.12097
-0.0338
-3.58
1.6
0.2887
-1.5305
-0.2793
0.5397
-0.9692
-4.8194
-1.36
18.6
-1.63
1.1804
-6.6923
-3.83033
1.8908
-2.4094
-1.0367
-6.5758
0.41909
0.4627
0.77
-1.9988
0.1019
-1.68
0.275
0.05653
1.21303
-1.0458
-0.7237
4.7696
1.2703
0.4726
-0.0718
0.3174
-1.807
1.07684
-0.1281
0.42687
4.30809
1.06799
-0.78552
0.0673
1.2618
-0.1855
2.41149
-2.9452
-0.8204
-0.76651
-1.8732
-5.24
-0.764
-2.94
-1.01
1.49
-1.61
0.404
-2.03
0.0357
0.8966
-1.9151
1.90869
0.88824
-0.55415
-0.5974
0.927
0.118
0.17194
2.6328
0.14203
-3.42919
2.2463
1.1379
1.1956
7.9287
0.296
0.84
1.12
-0.868
0.959
1.0731
2.1199
0.2429
2.7057
2.6268
0.16423
16.7809
18.7565
1.7601
-0.4062
-1.8588
-0.2848
-1.1944
3.8589
0.701
-3.9032
-0.2819
-3.36968
0.07618
-1.1015
-1.1323
0.967
1.0333
-0.7735
-1.25414
21.1525
0.86991
0.53187
-0.48848
0.937
1.9
-1.5
1.9928
-1.3195
-0.1853
-0.8889
-0.8537
0.2767
3.7705
1.86499
-3.77688
-6.07919
-1.0344
0.8149
5.80861
1.0697
2.4669
1.7431
-4.3095
-2.3008
6.0518
1.6608
-0.8841
-4.40358
-1.2621
0.90558
-2.98725
-1.9746
-0.83768
5.4559
-0.0326
-0.708
-1.48
-2.09
-1.13
-0.152
0.825
-3.42
-0.0695
1.05
0.05613
-1.26693
-6.1706
-0.26176
4.66774
-0.2098
5.61233
-1.7691
1.1434
0.503
-1.26181
1.2339
1.4828
1.43582
-0.87534
0.6843
-2.65506
0.4931
-1.1584
-0.6984
-1.0713
5.7259
-0.8867
1.8568
-0.8583
-1.0697
1.8514
-2.79
1.82
-0.481
-1.37
-2.92
-0.198
1.14
-0.153
-3.98
5.65
2.77
-2.3
0.06028
-1.4434
3.0316
2.138
2.8186
4.7941
-0.1684
-0.2919
-4.5896
0.5122
-2.6821
-5.40537
1.09
-3.36
1.97
1.39019
0.47885
-0.95297
-0.10517
2.60496
-1.17694
0.8983
1.329
-1.3797
-0.9689
5.06
0.3651
3.2099
-3.1922
-0.9592
0.0522
0.7699
0.8635
0.004
-1.173
1.5581
2.7795
-0.5601
-4.4654
-0.1001
-13.6245
0.9125
-1.1793
0.0331
-0.3285
-0.3524
0.5338
5.5229
-2.1766
3.2821
-5.221
-0.0224
-0.0569
3.8317
3.2495
1.0725
-3.5412
1.4933
NA
-0.665
2.9402
-2.2388
NA
NA
NA
NA
-0.9719
1.8438
NA
NA
0.4042
1.2905
-0.8161
1.089
-2.9885
0.8031
0.8411
1.095
-0.4749
-1.2098
0.5928
2.1659
-0.1619
1.6588
0.2136
-3.4526
-0.8919
3.887
1.7696
1.7991
-1.5765
-1.4969
-1.0608
8.5231
2.643
-0.3017
1.3871
-3.936
2.7298
-0.7782
-0.0721
-3.59
-1.49
-0.838
-0.738
-1.99
-0.38305
2.61614
-1.27408
-0.7882
3.13854
-3.79532
-10.09897
0.90429
-0.1454
6.9881
0.66715
-2.1142
0.76382
0.77077
0.46868
-0.12547
5.26223
-2.64842
0.2661
0.13341
0.91887
-0.92642
-0.526
0.20379
1.489
7.99296
1.10617
5.05488
-1.3992
0.4142
-0.3173
0.51495
1.2158
2.33151
0.75772
-0.1164
7.65817
2.32505
-3.6617
-2.3662
1.7519
-5.9926
-2.5646
2.1267
1.2407
-1.1647
5.6869
-1.0471
0.0243
-5.1949
-1.4991
0.0835
-2.4132
1.1681
0.7846
0.898
0.1319
-0.6212
0.2204
-0.2974
1.3289
2.1243
-0.0709
-0.0408
-2.1302
-3.6168
-11.4713
-1.4646
-2.496
-4.34216
-2.07246
-5.6359
1.1677
1.0888
2.1403
1.42644
-0.2422
-0.85883
3.2055
-2.5153
1.7497
0.6551
-0.9976
-3.94367
-1.2322
0.96819
0.9361
3.18915
-4.35789
-0.7834
-3.4699
0.02726
0.1875
-0.6203
1.1762
0.1108
8.0147
0.9209
-5.89707
2.59184
3.0753
-3.0343
-0.27
-1.9699
-7.3229
-5.05192
4.26777
0.2373
1.1264
-16.2333
-1.0259
-0.00829
0.95598
1.55682
-1.40857
0.3012
1.0832
8.23737
-0.01342
0.11399
-0.83101
-7.7482
0.1307
2.33789
1.3815
0.0688
-1.8305
-0.259
2.7105
-1.7322
1.4759
3.2846
-4.5172
-0.0915
1.2461
-0.3793
-8.8321
-1.0263
1.6482
2.2912
-6.8786
0.1287
-0.9895
-3.7211
4.3896
0.3939
-0.5572
2.2969
1.7088
2.8195
-1.0362
1.4021
4.4283
-3.56931
-1.31615
1.84868
-1.2713
-0.07813
-1.02509
1.5382
-0.51535
-1.41203
1.12795
0.09011
-0.01805
-1.2631
-0.6832
2.97363
-2.12276
0.37829
-1.5999
-4.8106
-0.8728
-0.34753
4.05752
-2.8784
-2.8884
0.1755
-3.3775
-0.5067
-1.0507
5.175
-3.9026
-1.8973
0.87
-0.9213
-1.8655
3.0359
-1.2685
0.5697
0.654
4.9152
1.2945
1.8252
1.0697
0.8264
1.3588
2.3772
-2.3362
-0.4382
1.9267
-1.2183
-3.7823
4.2695
-2.9002
-5.4807
-1.2522
1.5639
1.7175
4.0539
2.4446
-1.6892
1.5546
-0.1909
-2.7347
0.9943
3.3015
3.188
3.97637
1.27415
0.35143
-2.8731
1.0711
0.16384
-1.01674
0.47907
0.00256
-4.42226
-19.9214
9.1528
0.5473
-0.7378
0.3259
-2.6184
0.6967
0.9924
7.0732
-2.43891
7.19754
-1.4637
-2.0325
3.5983
-3.9991
-0.148
7.8
-0.573
0.296
-4.92
-0.184
-0.0481
0.78
-2.43
1.32
7.29
0.644
-1.93
1.9
-1.88
-1.15
-3.25
-1.44
2.04
4.67
0.0216
-3.23
-0.997
3.1
-2.23
-1.11
3.12
0.14
-1.68
-1.19
-2.43
-1.96
0.694
-1.55
0.388
1.53
2.22
0.12
0.661
-0.594
2.81
-1.42
-10.6
-2
8.04
-1.85
-2.58
-4.45
0.275
6.52
-1.2049
-0.965
-7.05
-3.62
8.19
-1.26
4.06
-1.71
-0.721
0.663
2.45
4.37
-0.555
-0.636
6.48
-3.32
0.0268
-1.65
0.891
-3.16
1.46
-4.28
-1.03
0.0566
1.03
-5.07
-2.97
-0.73577
-2.38096
1.57993
-3.3755
-1.1707
-2.5112
-2.046
-2.67945
-2.1964
1.89145
-1.70038
-0.20076
0.57849
-15.7783
1.8625
0.65896
-3.4133
0.78691
-0.2072
-0.93339
1.44892
1.04179
-1.47918
-2.15549
-0.1256
-0.00903
0.64712
-1.919
1.793
0.61289
-4.12172
2.32223
0.23583
-1.30088
-0.8682
1.00641
0.68806
0.87696
1.09407
0.0067
0.918
-3.02502
2.4313
2.60405
-1.1663
-0.1088
-2.00565
0.5393
1.66713
1.44473
6.816
1.28947
0.93033
-0.38391
0.2147
0.7969
-1.88055
-1.5169
-1.92247
-0.22025
4.3224
-2.6236
2.9756
-0.0536
-0.7741
-1.7891
0.2805
1.3245
0.1134
-0.4975
-0.2113
-3.7437
0.3837
-1.7872
-0.2362
-1.3206
2.6442
-1.05249
-0.6108
6.489
-3.49119
3.63426
-9.12421
8.79907
-3.3248
3.49241
-0.41473
0.0083
-1.6527
-0.5928
-0.0028
-2.05441
0.8006
0.91511
-1.461
0.3314
-2.01918
0.7015
0.12335
NA
-0.2769
0.87209
2.4592
2.5998
-1.97223
-1.374
-0.9046
-3.1771
3.55533
NA
0.0547
-3.2684
-1.1356
1.848
2.0898
0.377
-4.8898
-5.0306
1.6752
-0.935
-0.0976
0.2428
0.6325
0.558
-1.6773
0.8177
-0.9926
1.9915
-2.6692
0.124
0.7323
-1.5206
6.43
-1.62
-3.0385
-0.883
-1.97
1.5
NA
3.21
9.34
-8.33
2.8
1.7615
3.6656
-0.7037
-3.4028
-0.6018
0.3925
-0.9458
1.2657
-2.2891
2.3211
-1.0508
0.6864
1.8479
0.3875
0.9079
-0.714
1.828
-0.3884
-5.2435
1.1799
-0.5529
1.0325
-0.9632
1.629
0.9044
-2.0801
0.6941
2.5682
1.9039
5.8722
4.5861
-1.028
0.4643
-0.3074
-0.3581
-3.9375
-3.74264
2.4334
-1.21862
-0.556
-7.87455
2.39672
5.56597
-0.31239
-2.76307
0.85178
0.98683
-0.0102
1.5581
1.03241
4.93212
-0.28343
-0.0383
-1.8018
0.7248
0.252
-0.8716
-1.9134
-1.0841
1.6064
-0.1399
-1.3845
0.6929
-0.8477
-0.9507
0.1215
2.3264
3.249
10.6622
0.2511
0.0841
2.1557
0.6273
-1.7206
-18.9113
-0.6667
0.3671
-0.653
-2.7517
-9.395
-0.0908
0.3354
-0.5727
-0.68
3.8538
0.151
6.9471
-2.9007
0.6391
-7.7324
-5.1298
3.724
-4.06785
-2.4192
1.70313
-2.1025
2.1446
2.137
-0.0263
-1.2274
-0.5298
0.16949
1.0789
2.1
-0.1787
0.5127
0.66634
0.77765
-1.38761
-0.6589
-3.2321
3.52791
-11.9962
-3.231
2.1218
-1.82019
-0.87058
0.43936
0.1136
0.9185
-8.56017
1.443
0.03713
-0.28101
2.16973
-3.82299
-3.78836
0.59127
0.036
-0.13773
-10.0421
-2.5862
0.7333
-2.03462
-1.46875
-0.2248
0.47524
-1.0404
-2.5025
1.2037
1.332
0.8662
3.1235
3.02619
1.20868
-2.1909
-0.6093
0.12833
-1.0788
4.08168
3.11951
0.16362
-3.3323
0.2739
-0.0684
1.4184
-0.3391
1.0707
-0.2211
-0.2462
-0.4004
-1.23564
1.6069
1.99
0.11513
-1.07
0.22
-3.12
-0.34513
-2.4956
3.01519
1.815
6.8283
2.2527
3.132
2.7551
5.6318
5.11737
-6.6875
0.66646
2.50212
2.2384
4.5276
0.0232
2.27486
-1.11403
-1.12232
3.18762
-2.1666
0.7186
-1.9256
0.4311
-0.6108
2.39648
0.26963
3.33207
1.9958
-1.34
-2.75101
-0.49531
-0.80852
-1.67
4.5374
1.91728
1.7326
-1.85717
-0.8514
1.3951
2.48989
0.5836
1.07155
2.77704
0.8676
0.7714
-1.59
2.88165
0.18029
0.8672
3.1952
0.0355
-2.94
-0.9303
0.17089
-6.3384
0.72123
-5.4404
0.81895
2.41146
4.8953
-0.07257
-0.53
0.65401
-0.6161
0.29229
0.15073
1.11
4.51007
-0.116
-0.0545
-0.7719
-0.8445
0.2832
4.4392
2.1763
-0.6994
0.1279
-3.06
-1.5978
1.8047
-2.6116
0.1109
-1.2845
3.3875
-2.0366
2.34
-1.1308
2.8414
1.98
-0.52837
1.11914
1.64
0.0333
-1.1851
0.9277
-1.718
1.46866
0.8567
-0.1379
2.2631
-0.7942
0.917
1.8264
-1.1747
3.9248
0.70129
-0.86508
0.9661
-2.801
0.8645
-0.61351
-4.313
-1.041
1.8965
-0.9343
-1.21865
-1.8596
-0.98444
-10.4
4.3
9.01
0.0516
-5.54083
2.0814
2.1084
-1.43
-1.98225
-2.01756
9.81713
0.89212
1.33
5.5105
0.72644
0.4928
-0.19491
-1.4977
-1.13521
-0.2406
-1.618
-2.13905
-1.4398
-3.9277
-6.83
-0.4978
-1.8579
0.6434
0.3611
-2.4019
3.5036
0.7557
-1.4207
5.145
-0.2825
0.2392
0.37807
3.5222
-1.7921
-5.2888
-1.3757
0.2896
2.8366
2.4588
-0.0026
1.7442
7.03976
1.78
-4.09328
-6.8242
0.8327
3.39682
-1.4616
3.2363
-0.5613
-4.1191
0.7022
-7.27558
0.368
-1.28
1.92
0.0146
2.73445
2.64
4.4359
-1.06123
-1.02704
-1.46983
0.8874
-0.25352
2.2903
0.7088
1.4287
-0.3251
4.6746
0.9137
-5.5558
2.4853
-0.8743
0.4084
0.6125
-0.0895
4.7408
-1.3316
-4.98088
1.46
9.55071
1.23
-1.24
8.58
-15.5293
-6.7
-0.8447
1.0442
-1.822
-0.29
1.33173
-0.25228
-6.01231
-0.13224
0.8486
-3.83
0.78072
-0.56993
-1.85
0.9793
4.4622
-0.0933
1.91
0.00555
-0.221
-1.6277
0.481
-0.0704
-0.142
0.1102
-1.13
-0.0595
-1.09
-1.2566
2.289
0.61
-4.3648
-0.9488
-1.37
0.131
-2.44
5.9426
0.4845
5.28824
-0.9585
2.3851
1.0714
0.675
5.0398
-1.5986
-5.15
-4.0465
2.9697
-4.3044
2.7697
0.7578
2.4412
-0.8648
-4.69
-2.45
4.6351
0.74247
1.0283
0.4888
1.15
15.1
2.98073
3.80874
-0.0793
-3.3947
5.278
-1.54121
-0.70086
-1.219
2.4589
-0.23179
-0.3333
-2.48422
-1.0251
-2.43052
3.39
-2.07
0.321
-1.45887
-4.7431
-1.5445
-0.4085
0.608
0.4358
-0.2261
-2.2273
-1.8982
0.9256
-1.7654
0.2743
-0.70359
1.1101
-0.6813
-0.1386
-0.0292
-1.047
-3.1719
-0.3185
5.0492
-2.0654
2.9304
2.524
-2.9586
3.56922
-6.7906
0.3677
0.68684
0.6545
-0.9921
2.40695
-2.2146
0.1917
4.53728
-0.04
-1.5631
-2.7576
11.0617
6.48
-7.2
5.53
-1.7491
-6.54
6.05
2.55
-1.75
-0.187
0.93621
2.3816
-0.59
7.53
-0.17694
-2.81
-3.5643
0.1452
-1.9232
3.03029
0.4446
-1.57205
0.0772
1.38
-0.7077
-1.079
-2.68
-3.776
3.7165
-4.0575
-7.9189
-9.53233
-7.58337
5.25021
1.43311
-1.16373
0.2978
-2.8856
5.8362
0.7102
1.0837
1.919
-1.6365
2.3342
2.9162
1.07
-1.1927
-1.55328
-1.1753
1.9689
8.8701
2.5567
-0.9415
0.23269
NA
NA
-1.812
1.7225
4.1969
-0.78951
-6.38728
-1.77262
-0.4638
-0.0908
-2.0458
2.027
-1.29
0.66
-5.4
1.62
-0.843
0.638
0.0932
2.29
-0.112
0.283
1.77
2.29
1.51
4.57
1.04
1.46
-0.172
-4.16
-1.22
-0.373
0.588
-2.15
-1.86
-1.24
0.066
-2.31
1.93
0.756
-1.39
-0.322
-0.224
12.4
-1.23
0.671
1.2
-3.3
-4.64
-0.47
2.29
-0.62358
0.449
-1.74
0.831
1.63
3.43888
-0.13127
2.91
0.408
-0.044
-1.75
2.50274
-1.45
0.63
1.7448
1.3902
0.71474
2.1788
-2.2774
-0.5798
4.21984
-2.26684
2.12
0.508
4.67756
-0.7941
-7.19
7.01
1.7536
0.2618
-0.73096
0.232
2.8109
2.23
2.0515
-1.112
0.5027
-0.4745
0.343
-3.69
0.16276
0.31381
-1.86
-0.26203
-1.26
1.6008
6.57264
-1.4899
0.952
2.43
1.8781
1.29
-0.58709
-0.7782
-3.59
-4.23518
-1.82894
1.94
1.08
0.8652
2.44439
4.9744
0.1218
-2.30756
-0.68555
-3.7933
-3.3288
-1.4299
-11.52353
-10.55085
-1.0325
0.609
2.55221
0.2657
2.10338
2.5562
-0.99343
0.1211
1.70433
-1.4392
15.19575
-0.99818
0.56976
-1.25723
-1.05725
-1.87915
-0.1187
1.40458
-1.45908
3.49
-0.522
-1.99
0.918
-3.87018
1.70794
0.15637
1.98455
1.17479
3.98615
0.6448
-8.0582
-0.8489
1.01821
-0.5243
1.62335
4.47267
-2.63
-3.67
-2.3
1.6779
-2.2768
-5.399
-1.7284
-1.4733
-3.1207
2.0439
2.41133
-0.23885
2.85109
0.9241
0.0365
-5.0716
-0.90872
-0.4725
-0.33292
0.47762
1.80033
-2.3823
-6.6861
-1.6816
-0.0948
1.765
0.0307
-0.4809
-0.7405
0.8688
0.1489
-0.4744
0.6639
4.3657
2.85234
-0.6108
-1.0331
0.05147
-7.5344
0.56446
2.9725
-6.28351
-4.8589
1.16932
0.6628
0.10627
-1.9075
-5.08959
-0.71162
1.34
-0.3297
2.0757
0.4923
-3.2571
2.0897
1.66062
-7.4672
-5.92606
0.29507
0.8324
0.7493
-2.8998
1.0061
-1.1619
-1.21
-1.36017
-0.18389
-1.4104
-3.4056
-0.698
-1.57586
-0.50911
0.0979
1.6059
2.73
0.154
-3.93
-1.16
-1.7464
-0.2754
-1.1138
-4.37
0.318
0.547
1.5251
-1.8623
-0.9961
-4.31
0.6639
2.3621
2.52
-2
-0.128
-0.673
1.7435
0.9903
-4.2322
0.4426
-1.2594
1.04
-2.2463
-1.9895
-0.2318
-1.2242
-1.4279
-0.9938
-0.517
-0.4757
-7.5717
-2.15
-1.3233
0.173
-1.4283
0.8617
-3.0671
2.17
-1.6
-0.6546
3.0265
-0.9985
1.99
0.9752
-1.6323
-6.6709
-5.8987
0.40333
-1.0762
1.1144
1.04
0.27265
-0.62065
1.438
18.74496
-1.4792
-0.2778
-1.6288
0.53225
1.87068
-1.52617
0.73425
-1.64357
-0.2341
-0.287
1.446
-0.9804
2.6485
3.5337
-2.6295
2.5856
2.6603
-0.1454
-1.089
-0.4544
-3.4306
1.516
-0.7923
-1.03296
3.75149
3.47374
0.1741
2.4276
1.3274
4.80716
0.89518
0.30521
1.3128
7.5607
-8.721
-8.8261
2.87469
2.09934
-0.06557
-0.58792
0.75825
-0.2699
-0.3798
0.2113
-1.1789
-3.0982
-0.74501
0.6636
-4.6389
-1.29569
-1.44639
3.682
-6.0762
2.3568
-1.6963
1.69708
1.7821
0.097
0.5809
-0.677
0.278
-4.1356
1.7749
-1.6027
-1.3654
3.5503
-4.6559
-0.18981
0.6588
-0.5499
-0.221
0.6255
0.96411
-0.4563
0.1125
-0.5211
-6.5554
-2.0417
-1.2443
0.3655
-2.621
-1.5358
-0.5633
-3.274
5.8218
2.7
3.54434
-2.98131
1.8581
-0.2408
1.34006
-0.2573
3.2202
-0.048
0.0027
2.2672
-2.60124
1.4308
-1.9993
-1.33483
-0.0447
-1.1877
2.0849
-0.35824
-4.1265
-7.3117
0.7089
-0.0521
-0.4965
8.8298
-0.5518
-0.36209
6.0896
0.6586
4.02877
2.21697
-2.60259
-2.047
-1.3806
-1.238
1.7
4.6219
4.2828
-0.5822
0.1984
-11.3478
2.3738
-0.7004
1.79
-3.4146
-0.3235
-0.0575
4.3879
4.622
2.0875
1.6564
-1.3246
-0.0706
2.39403
-3.895
-2.7136
-1.394
-1.0107
0.6707
0.246
-0.2271
-2.50552
-0.4452
-0.5312
-1.3723
-0.2704
-2.6188
-4.3597
1.4013
0.5036
-1.9535
1.844
-6.71949
2.15833
-0.7884
4.17392
-7.24389
-1.6832
-1.2466
2.2153
4.5475
1.51556
-0.7717
11.9903
-1.2775
-1.30077
3.0104
-1.11429
-1.27511
7.696
2.2214
-1.405
11.90693
-8.2425
-5.41375
0.67349
-0.30331
0.5699
-0.6783
2.9877
-3.1797
0.682
1.7916
0.7151
0.2162
-3.3714
1.53682
-1.38593
-0.6698
-1.97328
2.24036
-1.4468
2.31073
2.5011
-0.886
1.52783
-0.4459
4.8556
2.4471
-3.7581
5.446
-0.472
1.441
-1.8122
-0.2411
2.24826
0.6291
1.11484
1.4258
-0.48278
-2.4905
1.7684
-0.0662
1.55215
-6.26749
-0.4456
2.8068
-6.0168
0.4234
-4.9877
-4.034
2.3159
-3.6873
0.4072
-1.95
2.5686
-2.17
0.6256
-1.6569
-0.33314
-1.6932
-6.4584
0.757
3.3654
-1.91
-1.65963
-4.239
5.9343
-12.63091
-1.6524
4.1564
-0.42509
-1.00838
NA
7.75518
-1.51649
-1.5047
NA
3.38954
-0.60263
-4.7969
1.549
-0.4099
1.917
3.8215
0.8293
2.95
-1.3207
NA
-5.9051
-0.104
-0.4828
-0.125
0.84698
2.04784
-1.4909
-1.2258
-4.28
3.4449
-0.15292
2.1515
-9.5981
-9.5994
3.5938
-2.84214
0.586
-0.0153
1.96358
-0.122
0.0479
-0.08634
-3.116
1.1312
-0.2828
0.3624
0.40645
1.0358
0.8972
2.18319
-1.4149
-2.5694
-2.1128
0.92872
-0.4891
2.75952
1.44183
2.28028
-1.50224
2.84
-2.79
3.08768
1.0385
2.46636
0.0181
0.574
0.64328
-2.83536
-8.0687
1.18
7.8616
-1.4674
8.4
0.1388
1.2248
-2.4847
4.05955
1.0566
3.1653
2.67
-3.33
-1.2198
-2.5395
-0.96931
-0.57356
-3.04
-3.9908
-0.3728
-0.688
-3.0099
-0.1807
-0.3813
1.6879
1.3026
-0.6037
-5.7203
1.2805
-2.14714
-1.8849
0.03976
2.26
-1.49
0.381
-0.94013
3.74
-1.00291
-2.9287
3.2463
-3.3532
-1.3984
2.0792
-0.949
4.22423
-0.639
-0.703
3.957
-2.1092
6.8691
0.4487
-2.12514
0.18707
0.7269
0.1569
-0.0364
-0.349
-0.4198
-1.25
-5.14
0.474
-2.7004
-2.12713
0.35661
2.93587
0.7497
-2.4467
-6.9994
2.22233
-1.87382
NA
0.8453
-0.44446
4.27164
1.5391
9.5968
-0.288
0.42798
3.4274
-0.201
5.6453
-0.21538
-2.7244
3.2399
2.00855
-0.43205
1.02
1.5537
2.47774
1.75358
-4.27034
0.88225
2.6158
-1.3045
2.17735
0.26393
1.9212
1.4633
0.9217
-1.26542
3.5655
1.82033
-0.9429
1.64071
-1.01937
3.40223
-2.44
-5.48975
0.714
-2.5604
-2.0597
-1.67282
0.78421
5.09482
2.59
0.9796
5.2971
1.5615
-0.6302
1.902
-0.24488
-0.2974
1.6107
0.848
1.6578
3.3242
0.1544
-8.0214
2.33278
-2.53
-1.02722
2.8013
3.7511
-2.1731
-1.1466
-0.8688
-0.30943
-2.48
-0.186
2.15452
2.4044
-3.5978
-2.88437
-0.2737
0.589
0.06398
1.52
2.53
-2.4172
-0.05268
1.4248
0.6259
2.23893
0.1584
-3.6111
-1.42
2.892
-1.77225
0.4798
7.66154
-0.2131
7.3531
-0.2237
-0.61731
2.11926
2.3036
-2.4729
5.7185
-1.2635
-2.7095
-0.5077
-2.65958
11.6827
4.6282
-0.827
-16.2869
2.4631
-1.2747
-5.2558
2.63951
-1.2298
0.5634
-9.34
0.2031
-2.4789
2.0703
1.1329
2.2299
-1.2726
0.1713
3.8653
1.0516
-8.874
1.24588
0.13
-0.6595
1.0498
1.2831
-2.5379
1.40634
2.70717
-1.53761
-0.87378
2.0219
1.9189
-0.6837
-10.3448
1.76425
0.2447
-0.5142
2.13661
-10.5406
-1.36461
2.1346
-0.5697
13.4001
4.6362
-0.9196
1.2115
-1.7493
-3.1845
-0.1021
-1.7128
-1.219
0.929
-1.9427
3.7188
2.747
-0.9211
4.35406
0.1534
1.01245
-0.43802
0.3331
0.137
1.52222
3.6232
-0.7026
0.63425
1.1202
-9.3132
0.6447
11.5081
-1.63
-0.18482
-1.29
4.29
0.0038
-1.0119
-2.175
-2.3179
-11.083
5.2178
-4.2328
3.63026
1.19206
-4.0478
3.70939
-4.49722
3.5122
-2.9485
1.986
-0.347
0.122
1.3937
-10.1764
-2.99227
-3.3069
0.0135
2.12863
-3.5662
0.285
1.04428
-0.32917
-0.2152
-1.7188
-0.33313
1.5654
-1.5082
0.2893
3.2142
0.2344
-0.5977
2.5637
-3.64
-0.174
0.75186
-0.1051
1.2245
0.2888
-1.4173
0.8703
-0.75854
0.39953
0.42634
1.67
-1.3084
0.59347
1.03033
0.5412
-0.3333
0.3632
-1.43086
-0.63459
-0.4919
3.9873
0.8997
-4.5826
2.3335
5.4275
0.1469
0.9142
-1.55286
0.00938
-1.7721
-0.491
-3.93863
-2.76828
-2.1227
-2.7735
0.4909
0.1508
2.3701
0.476
-9.2797
2.94697
-1.4128
-0.9794
1.0648
1.4596
0.9298
-0.1815
0.534
3.7554
-3.3121
0.3314
2.5074
-1.0786
5.3994
-9.0575
-5.4311
-1.6866
-5.732
-0.0544
0.99978
0.0827
-1.374
0.68262
-3.72123
1.7275
-4.0109
-3.3549
-2.5429
1.144
0.9164
0.5622
-0.947
1.6289
2.0268
4.95755
0.86982
1.8811
0.989
-1.08903
3.47
-1.3994
-5.7029
1.1913
-3.80082
-2.0144
-3.75
1.1611
-0.8158
1.3261
-0.5055
-2.50972
-1.3803
0.563
0.4895
-0.9324
2.4633
3.591
1.07444
-0.1821
-9.76
-1.1432
-0.016
5.2134
2.7455
1.4487
-8.4589
0.3378
-3.45265
-0.9041
4.16
-0.6512
6.46
-0.06242
3.42066
-13.653
0.114
0.79389
1.4446
1.04273
3.2442
1.903
5.0048
-2.753
-4.08908
2.48762
-3.76949
1.83767
0.00107
-0.4584
1.36486
7.9981
0.0019
0.27904
3.6624
4.2212
-6.53464
1.31747
-2.7098
-3.5405
-4.45
0.83138
-0.3288
-0.5885
-0.0648
4.0564
-2.26162
-4.1691
-0.424
-0.3288
5.9789
0.19997
-2.8659
1.201
-0.72
-0.91552
8.43788
0.6529
2.6283
-2.64
3.1905
-2.3658
1.2462
-4.6605
-4.09
2.48995
-0.4517
3.372
0.8991
-3.40485
0.5518
-1.3374
-2.2484
2.7994
-4.7597
1.06647
-2.82
0.76329
-2.27644
-1.8044
-1.8299
3.37
0.835
1.6346
-4.352
-0.2146
3.5978
-0.1596
7.1295
-0.36387
4.72
0.0221
8.2606
-22.2052
-1.84442
-0.408
2.53764
0.4314
-2.1516
-1.46046
-1.812
-0.11428
9.3801
-3.48
-0.0784
-0.419
-2.2076
1.5795
0.7784
-2.42632
-3.9674
-22.2694
-0.7861
-0.1927
1.1475
-0.34265
-2.54058
-1.2935
-4.93
3.42624
-1.2566
-0.5581
-4.12892
-1.55259
0.03661
0.85625
-2.64
-19.5767
-0.8698
0.2462
0.64517
-4.363
-0.861
1.5882
-0.7233
-0.5546
2.80997
4.57
7.2799
1.9784
-0.5839
-2.37515
-0.41499
2.5286
-3.72737
1.3834
-1.9501
2.3367
0.63586
-2.48217
-3.7804
-4.749
0.6655
-0.8256
-0.272
2.62607
1.3131
0.57846
2.5233
0.5216
NA
-3.46418
0.5783
-3.02
1.93
3.36
1.9075
-0.979
8.35473
0.2616
-2.2157
-2.58
-8.744
-0.0424
0.2302
3.8318
-1.7911
1.7272
0.1197
-1.8905
-3.80511
0.7757
-2.6832
-1.6321
3.60289
-2.29615
2.04072
-1.2641
1.9256
-2.20804
-2.50475
1.9909
-2.11
2.7627
-1.6675
-1.6108
1.53035
-0.4835
1.315
-1.87846
0.347
-12.19871
-9.1677
1.82301
3.80782
0.0931
1.2596
2.0622
-4.2691
-1.0251
-2.2049
-5.72086
-3.7134
-0.4471
-2.2722
-0.508
-3.3322
0.36541
-1.7299
-2.30349
1.7907
-1.4456
-4.4707
-1.10693
-2.22061
-2.1849
-2.0324
-0.1579
2.0333
-1.99
-0.7235
0.78091
1.6847
-2.7262
1.04794
0.134
2.1097
-9.32113
NA
3.6381
-0.814
1.82573
-0.78637
3.2311
3.64174
NA
-0.6343
-1.2454
0.1251
3.0953
-16.0162
4.30989
-0.1536
1.5
1.35
1.8396
-1.60028
2.38407
-3.6019
0.5091
-0.0352
1.6712
7.7033
3.2725
0.954
0.15534
0.2223
-1.3546
0.56772
9.6321
3.93
0.9236
-1.208
2.58
-3.46819
0.74376
0.251
-0.4879
-4.6768
-2.14677
0.5412
0.21194
0.27039
-0.1644
-0.0664
-5.0042
0.1604
5.8745
-2.2713
1.9956
-1.48223
-0.3904
3.2538
0.9095
-6.66076
-3.9087
0.00985
-2.3894
-1.0356
-3.31081
-1.09444
-0.742
1.0817
-0.19392
-4.111
2.3
-1.32181
-1.1542
-3.6187
2.0522
1.2653
0.0486
10.718
2.5858
9.92
1.6798
-1.9566
-4.0952
0.79132
-4.8964
-5.4278
4.15515
-2e-04
-1.1609
0.3733
0.7375
0.4546
-1.516
1.9909
-1.5884
-1.9337
-1.34236
-2.81
4.1423
-0.40572
2.19413
-0.9766
6.32
0.8696
-0.6696
1.11631
0.0603
-0.49
-3.1739
-2.03
1.44939
3.38531
0.693
2.21814
-0.2827
1.2102
-0.842
0.70743
-1.36371
-1.2952
4.1515
-11.6
0.19
-3.5899
-0.81453
0.4585
-0.1403
-1.1948
0.8566
1.6967
0.7469
2.354
-0.10392
-0.0057
1.63849
0.091
-0.53035
-1.287
4.34
-0.1248
-1.8744
-0.1803
1.6197
12.2
-2.69554
4.24022
-0.6807
5.615
-2.81059
7.3676
-0.1454
0.6759
-0.3091
-0.26829
0.96849
-0.0833
1.422
-0.7875
0.793
-10.20677
-2.23278
-0.409
8.31
8.8175
0.9616
-0.22906
0.85892
4.2947
-0.0967
5.65917
-0.9803
-2.85504
-2.43823
-0.232
-0.595
-0.1725
3.20818
1.031
4.03
-1.0824
-0.706
0.6857
1.1626
5.2992
-2.6746
0.5295
0.36967
-4.1424
3.7602
0.9307
-0.58237
1.78
1.8639
-1.1
2.2637
-0.7964
2.2997
-0.89993
0.852
-0.45512
-14.94975
-0.198
3.02998
5.5384
6.236
0.16542
0.9181
0.2409
1.33761
-1.1385
0.8259
-1.329
14.707
0.5194
0.54017
1.30648
0.8651
1.7878
-1.9136
0.2188
-3.6774
-2.7156
1.3343
1.5902
6.0305
-6.491
-1.782
0.586
4.36
0.2656
-5.13317
1.4905
-5.3365
-0.7661
1.6896
-12.64
0.1993
0.40046
0.2096
1.85
0.343
-5.9086
-1.3265
0.4763
0.995
-0.83865
-1.8
5.64
0.91585
3.09698
-5.33457
1.0028
3.34003
0.6138
0.6996
-1.26512
0.1262
12.5076
-0.84374
3.6047
0.2322
-7.62681
1.15684
1.7233
2.8235
0.12218
-1.1633
8.2278
2.1733
1.8432
0.993
-2.8109
-0.238
-0.61494
0.531
1.5854
1.9179
1.2545
-0.03
-3.1543
-4.0363
-2.3696
-3.2396
-1.4409
0.94025
-3.51881
0.522
3.69
4.08276
-0.19806
-1.4
3.021
0.0607
0.51711
-3.3067
2.53851
-1.12208
-0.118
0.1359
-1.1
-1.12
0.0102
-1.27
-2.3542
-2.78182
0.89528
-0.70278
NA
-0.591
0.466
0.7962
1.4454
-1.88706
-7.5008
2.637
1.11804
-3.6143
0.59535
-1.51
-2.79
1.1427
-0.4693
-2.63532
0.7677
-0.4432
0.01107
-1.3913
0.87648
1.99275
-0.3818
-10.8
-0.3538
0.8453
1.07747
-0.826
-1.83643
-2.2006
-0.9467
-0.91903
-1.87475
-2.8469
5.34577
-0.6649
-0.217
2.53
-2.1752
1.1119
0.317
0.5437
-1.16353
-0.4248
3.2418
-0.8039
NA
-2.18752
0.769
2.61
6.52958
0.0707
-3.0444
-0.9145
-0.3145
2.92381
-0.00214
0.1414
3.3304
-0.99805
0.0642
0.6042
1.1984
1.89223
-1.1632
1.1348
0.988
0.713
1.32
NA
1.15796
-0.20595
0.382
-0.717
-3.4979
-1.77038
-1.198
-3.1016
4.743
-1.9785
-2.37
-0.21227
-3.68
3.04014
4.6966
-0.09831
0.566
-2.26
-0.3733
0.22726
0.8716
0.522
-0.2441
-0.873
1.20236
1.2737
2.0725
4.7214
-0.3323
1.85407
1.1869
0.07446
-1.2156
2.4033
0.5577
2.8
2.3712
-0.5556
13
2.1534
-0.3666
-5.72
0.428
-12.79056
-0.35944
0.3096
0.7992
0.417
-1.38917
-0.4176
0.4236
-1.49
-6.3268
2.0699
2.56198
-1.2008
-2.7542
-0.7102
-1.3436
-2.3045
-0.27669
-1.6664
-4.0963
-4.8532
-1.60342
-3.2451
-4.8569
5.92
-0.40944
-0.78789
3.204
-0.37187
-0.8266
-1.026
NA
0.2947
-1.68
-1.1884
2.64
0.70389
-0.09764
1.6657
-1.9383
3.0015
0.12649
-1.6454
1.62586
NA
-0.79963
-3.35956
-7.3167
-2.6257
0.96959
0.214
2.04
3.99
1.0598
-0.7601
-0.585
0.4445
0.56382
0.7862
-2.8923
-1
-1.2622
-0.94696
1.91
3.2505
1.7906
-1.66
-1.28
2.26
1.15
1.2594
0.90424
0.1468
-0.56717
1.8769
0.5322
-0.3195
-2.437
-2.49
1.62
1.2394
-0.678
2.45914
-3.62011
0.61822
-0.7937
0.234
-11.01021
-0.6769
-1.52149
-4.24
-1.7934
-2.14
3.82864
-1.2069
2.0496
2.0969
-8.6556
2.5
2.08
0.8482
0.2974
1.9075
-2.7274
2.3383
-1.0001
2.8464
9.49311
-1.3683
-1.6633
-0.31089
-2.34
-0.0947
-1.20026
-0.6518
-0.75962
NA
-0.30257
1.9182
-0.27737
1.2169
1.2356
-0.1358
-1.0704
-10.4895
2.89602
0.1299
-0.3647
-0.957
2.3271
1.60341
1.79
1.8831
-1.2865
-0.2656
4.43
2.4577
-0.87325
0.44936
1.2
-0.8239
3.02454
-0.15849
1.26
0.137
-0.4006
1.57173
-2.3
NA
3.6303
1.3571
-1.6568
0.09031
4.76
-1.09279
0.2986
1.52414
0.35823
8.4571
4.0371
-3.21
-1.88
-0.0379
-0.8884
-1.2342
-1.6057
-0.51045
1.42
1.73971
-0.88839
4.089
NA
-4.96072
-0.9844
-3.38818
0.2848
6.5964
0.54946
1.028
-1.08
1.5275
-8.84663
-1.0374
0.2059
-1.89
-0.53146
-2.24
6.3672
-0.772
6.3605
-0.17616
-1.4508
0.1811
-0.7207
5.078
14.4425
1.97493
-1.6336
-0.0684
-1.23
2.01931
-0.7066
-1.82
-0.159
-0.1308
-2.3018
1.049
0.58479
0.2597
-1.127
-2.16
-2.4777
-1.19372
4.0564
0.1406
-6.8633
0.94677
-0.91641
3.83
2.1885
7.13884
1.6672
-1.64
1.84907
1.535
-1.7854
2.6918
0.57011
-0.51816
-1.1373
9.0003
3.41859
-0.21888
0.852
-1.14495
NA
0.89863
2.67674
7.1963
-7.24
0.4467
0.5914
0.5897
-0.0773
-1.4956
-4.0504
1.91
1.3418
2.4318
3.2048
-0.22277
-0.2714
-2.20172
1.3993
0.96852
-2.27007
-1.57495
-1.09935
-0.764
-1.3503
-0.8998
0.64401
3.7022
0.4954
3.13
0.98544
-4.89241
-1.87
2.9236
1.8114
-2.1959
-1.855
-3.57605
2.7788
-0.67336
3.0354
-0.8957
-0.545
3.33319
0.2755
-2.61072
4.9582
2.37
0.2681
0.163
-0.2458
1.1718
NA
0.8785
0.195
5.8038
-1.1669
-0.1545
0.01157
0.39044
3.1837
-0.0487
1.62361
-0.82979
0.6971
2.6278
-8.0029
1.0008
2.53373
-1.07
0.4902
1.1
-0.60675
0.5974
-1.6075
-7.6072
0.115
-1.6062
1.1794
1.2122
7.73
0.9567
-2
-1.5623
0.958
-2.53567
-6.0782
-0.34
1.78
14.6
-4.8578
-2.82
0.68732
-4.9214
-0.6912
3.36
-0.43511
0.8407
3.1534
-0.7298
-0.8647
NA
-0.43701
-4.67
0.16255
5.1601
0.399
1.10828
2.25494
2.36199
0.809
0.402
-1.5
-1.91
1.92
2.75
-2.5376
1.73
-0.937
0.374
-5.0736
-1.6932
1.2053
-1.5658
1.26
-2.4576
0.1216
-0.6553
1.583
-2.1304
0.023
-0.5532
0.9116
-0.17
1.82532
2.7244
-0.9441
-0.0484
-0.883
-0.231
1.36102
-1.7902
2.27586
-0.1416
-0.3707
12.1
1.737
-3.65576
0.908
NA
0.4619
NA
NA
NA
NA
NA
NA
NA
-1.50048
NA
NA
NA
NA
0.6788
2.5924
NA
NA
NA
NA
NA
NA
NA
NA
1.89427
NA
NA
NA
NA
NA
NA
NA
NA
-2.4913
NA
NA
1.66638
2.4406
NA
1.22779
NA
NA
NA
NA
NA
NA
NA
5.0075
-0.5858
NA
NA
-0.71361
-1.297
-0.0466
NA
-0.81671
NA
-3.81737
-0.6357
-0.69081
3.94038
0.584
0.11
9.2822
-1.7375
0.5874
0.656
0.666
3.38
0.2075
-0.7865
-1.62
3.0687
1.6609
0.7356
1.01
0.10747
-0.9706
2.7392
2.65
-13.78512
0.10511
1.5545
-0.145
2.34
-0.7655
0.5835
-0.321
-1.65
-4.08263
0.52
-0.3416
0.8186
0.888
0.964
1.52806
-2.5978
3.6249
1.7546
-0.77
-9.991
-8.6889
3.56255
0.53738
1.2382
-0.46076
1.028
-0.2783
-0.3569
-0.0385
1.6474
-1.15
-2.1251
0.436
-3.3004
-8.201
0.5233
0.68532
-3.2361
-1.1768
-0.5529
8.42077
NA
NA
NA
1.0303
NA
3.86034
1.76559
-1.984
-2.45468
1.2229
2.27
0.1921
0.1921
2.4397
0.9828
-0.22966
-0.6774
1.44866
-0.04104
-1.3162
0.2262
-2.3075
-5.7046
1.2589
-1.73432
1.05436
-0.5192
-4.48
0.5411
-0.867
-0.0267
-0.5669
-0.2847
-0.24107
-0.3532
3.71433
-0.708
-1.12
0.0385
1.12
-1.1403
-0.90484
0.623
-5.4073
0.2873
-3.1412
0.67289
0.8318
-2.78
2.0084
0.92965
2.63265
-7.3788
0.439
1.40783
-0.3707
0.0617
0.98
-2.37988
-0.367
-1.54047
3.83822
0.234
0.9825
4.905
-2.9393
-0.378
-0.1833
-0.8
2.34299
-0.3728
-0.94263
NA
3.0176
1.1755
-4.1425
-5.8562
NA
-1.8034
0.18768
-0.03143
-2.8248
1.47731
7.73887
-4.02275
2.8998
2.32416
-2.5069
-3.5354
-0.41916
-5.23112
0.90874
-0.88613
6.4511
0.7561
5.26
-2.2615
-0.4956
2.6056
0.1523
-4.7065
0.8202
-0.258
1.15
2.1309
3.0258
-1.6965
2.3956
0.3103
-4.57
-1.3215
0.377
-1.23
-1.67354
-0.5401
-3.95
0.75915
5.0075
-1.42862
-5.1127
1.0688
-4.78681
-1.1
3.609
2.8027
-3.29105
-0.1222
1.83039
3.8498
-2.0067
2.29897
1.6392
-1.21
2.04
0.3271
-1.61
-1.5685
NA
2.17602
-1.9388
0.105
-1.0037
0.9019
2.775
-2.05
1.2636
-0.0774
-2.40672
-1.7526
-1.0828
0.12844
-1.2961
-3.94505
1.1154
-0.4499
0.2711
-3.3234
4.1946
-0.2982
1.6527
2.1324
0.657
-2.61607
0.9
0.449
0.505
-4.03
2.62
-0.119
-1.29394
-0.2337
NA
-1.0582
2.0869
-1.5311
-6.5355
-1.5863
1.2118
1.17
6.00384
-2.3794
-0.3883
1.19
0.2752
0.22328
-3.368
-0.8671
NA
-1.22
0.136
0.7292
-3.03615
1.8086
-0.0644
-1.0001
NA
4.18394
0.756
1.476
-0.5931
-1.9158
0.5259
0.4871
2.18
-1.4292
-2.24
-0.30463
9.0439
0.521
-0.52664
1.1453
2.13684
0.89767
-0.0409
0.0519
0.9449
0.184
0.1576
-2.2654
0.42161
2.0349
1.9749
NA
-2.3295
-3.38884
0.292
-0.611
2.6686
-1.4781
-1.27
0.72244
-4.03
-1.98091
-2.1923
0.08111
1.24
NA
3.3898
2.7411
0.12117
-0.575
-0.61022
-1.16
0.2575
-0.7591
-1.1373
-0.34907
-12.6
0.70773
-1.25046
0.5429
2.61
-1.05813
0.1109
3.62
0.90186
0.63
2.41809
0.8814
1.9108
1.17008
0.199
5.1537
0.316
-0.3349
NA
-0.10639
-1.05421
3.04
4.10137
0.4328
0.65747
1.65
-2.8215
-2.71936
2.3462
NA
0.21793
NA
-0.9693
-0.3181
1.3742
-0.241
0.867
0.8618
0.933
3.83507
3.072
1.06
-0.1572
5.7698
-1.2806
-1.5602
-2.92069
0.542
2.41166
1.42
0.8698
0.4005
1.15207
0.0038
0.3289
-0.0938
-0.258
-0.000727
3.8543
-3.41302
0.998
-0.105
0.506
-0.2676
0.633
-2.4367
-0.8728
1.0236
3.2455
-1.5866
1.774
0.5829
2.9028
2.26
-1.9894
-0.639
-0.13588
-2.56
3.54
-1.05
-2.71
0.0014
-0.1989
0.42203
-0.605
0.107
1.8046
-0.696
1.68858
0.848
-1.27
2.1468
1.3343
-1.6853
0.2436
2.1214
-0.1447
3.73
2.56
4.8568
-1.6893
-0.6583
-1.07
-0.471
-2.51057
0.36462
-0.2311
-1.8522
0.41
1.68733
-0.3651
1.4059
0.2581
-9.3781
0.98267
1.3187
0.7407
0.03483
-0.40905
2.27775
2.4094
2.3735
4.6875
-0.15585
8.395
-2.65397
0.0901
8.81569
0.423
-0.77257
-1.32
1.8788
4.1433
5.33774
3.57
-0.5895
-0.39877
-0.161
2.19
-1.337
NA
-0.949
-1.9911
-0.623
0.76
2.66
0.01452
0.407
-0.887
1.2967
0.8458
NA
-2.9277
0.6803
-0.8596
4.3207
1.21
-7.4374
-2.1026
-4.6184
-0.9711
0.636
-11.9599
-0.231
1.24
-0.4686
-2.53
-2.2916
0.0489
-1.6479
-0.25093
0.305
-1.24
-2.2352
2.75871
2.35
NA
0.799
4.4027
-1.05
-1.9999
-1.71
-0.69408
NA
-1.13
-5.4
1.7488
1.89717
-1.26
1.57758
NA
0.22
-0.51368
-1.29281
-5.6437
-1.2667
0.5884
1.327
-0.3349
-1.51
1.1965
4.6344
-1.4916
2.28
-2.5308
-1.3149
0.9909
4.98
-0.6723
-0.0472
-1.1404
1.59105
-3.02689
3.76
-3.0103
1.34674
1.8409
3.79464
-1.9894
0.216
-0.42
-1.7488
NA
1.12
1.5669
-0.577
-1.43741
-0.3066
-1.32
-0.0594
1.16
NA
-2.3591
3.2346
-2.2628
-5.06
-0.5089
-0.58978
-1.44
2.5846
0.1567
-3.97899
2.11
2.0919
0.5431
4.0615
0.909
NA
-3.5256
-1.19
-0.41
NA
NA
0.471
-0.7148
-2.01
-8.7441
0.3792
1.917
-1.42
-1.74458
-2.32
2.90317
-0.24805
-0.5887
-0.0226
2.7644
-0.0178
-0.6372
-2.3547
0.0746
-0.58212
-0.6441
0.5376
0.76681
-0.73897
1.95703
2.4763
1.19
2.51128
-0.5842
-0.2085
-2.5089
4.18968
-2.04
-0.397
-8.176
-1.96
1.5619
-1.2593
0.935
NA
-0.546
-2.16372
3.8953
-0.268
0.078
0.93588
1.6187
NA
-1.95722
-1.76796
-2.7038
-1.92768
-1.63223
-0.30581
-1.39
4.9917
-0.4195
0.153
-2.2447
NA
-3.8626
-1.6527
2.13171
-2.0063
0.8582
-0.837
1.0468
-1.66
NA
-0.7873
-0.763
-2.137
0.0924
0.5603
1.864
-1.14757
-4.4229
1.4685
1.93
-0.13902
NA
-2.0399
-0.16855
-2.89402
0.000379
NA
-0.101
0.41289
-0.901
-4.4847
-0.4962
-2.2158
-1.43
2.63238
-1.315
0.8885
-1.3193
0.0643
-0.5048
1.61
-0.5849
0.55196
-1.6402
1.1224
-0.0887
NA
2.8832
1.85719
-0.90413
-0.33
0.19703
NA
-0.621
2.9727
0.992
1.82
1.1633
1.2833
17.56622
-2.1283
9.90736
-0.0023
-1.96949
-0.5504
-0.632
4.346
-0.2483
-0.7901
-1.23
1.5078
-1.8472
-1.48
3.88
NA
2.1285
0.5335
1.5187
4.63838
-0.43572
0.96553
2.117
1.0716
6.0773
-9.7079
-0.0103
-3.4707
-4.03
-0.4124
0.0742
9.00034
-0.245
0.9655
-1.1926
0.38
14.7073
-2.6081
0.719
1.8701
3.09
0.6318
-0.86219
-0.877
-0.9269
-4.07
1.81208
-1.30873
-1.43
-0.7446
-4.7281
0.296
0.676
-2.5785
5.02579
-1.64
-2.2229
0.4449
-0.919
-1.21899
1.2899
-0.1829
-3.6322
-0.13832
1.2945
1.6457
-0.0664
8.81409
-0.63019
NA
1.9474
-1.67
3.5954
-1.28696
12.7887
0.3392
1.5021
0.2
0.48531
-3.7608
-11.9
0.749
-0.343
-1.14681
0.2058
-1.10836
1.5668
2.9
-1.25
0.561
-0.13522
1.03
-1.15189
-2.06
0.9362
0.4593
-1.3769
1.31
-4.7209
-2.82169
-0.5242
-1.8759
-1.34
NA
-0.312
-5.20323
-0.3349
-0.8133
3.7871
-0.115
-15.65577
2.56297
4.096
2.0621
1.424
4.9007
-2.27
16.4954
NA
-5.4142
-7.7417
-1.09695
-2.88
-2.8838
-0.2802
0.9514
NA
-0.447
0.44
7.73709
0.656
-0.7973
-1.4661
-1.8283
2.3587
2.46107
0.497
-0.306
0.671
-1.06
1.0926
-0.99
-0.0644
-0.6053
1.68624
0.987
6.6339
-0.6558
-0.8255
0.22123
2.67
0.66953
0.4729
NA
NA
-2.6103
-0.706
5.86
-5.5005
-1.2218
0.1215
-0.4018
3.70619
-0.813
1.1148
-1.8515
1.4472
-1.6866
NA
-0.471
0.8118
-3.78615
1.62793
-4.0151
-0.3039
2.74874
-1.6196
4.86019
-1.7892
1.5369
1.2317
-1.3283
-1.4777
0.2037
-0.1038
-1.93
-1.3062
0.5851
-1.32
-1.63649
2.35
1.8671
0.8547
0.09669
0.9365
-0.6107
1.94
-0.3656
-4.0349
2.5704
-1.6527
-0.96157
0.9011
0.5059
-1.22
1.34714
1.4624
1.5244
-2.99
-1.30776
-0.267
0.332
2.0229
1.09786
-1.106
0.93566
1.44554
2.46143
NA
0.3926
1.2861
-0.4993
3.19
2.58614
-2.73786
-0.1635
NA
2.864
3.3878
2.8601
3.06
-1.0752
1.08543
2.1118
1.63995
0.0945
-0.19397
0.1681
-0.425
1.36
-3.0661
-3.09702
1.77038
-1.01411
8.82
3.63
4.3205
-0.2012
-2.16
-9.6818
7.8664
-0.104
-2.5856
1.17
1.2137
1.09
3.19
-6.19319
NA
-1.2479
0.8057
0.4585
3.16665
-0.9172
-0.12024
-7.28025
-2.04
1.2421
3.09
6.68512
1.88753
NA
-0.84772
-2.2472
-0.7304
-1.0479
0.625
-5.02765
1.73708
11.0559
-4.9925
0.306
1.88071
1.05602
0.9006
NA
NA
3.27324
0.42304
-2.13
-0.3995
-2.18
-2.319
-1.17208
1.5389
1.23115
6.5928
1.65472
-5.7819
1.5579
-2.5594
-9.5002
0.04164
-0.0608
-0.705
-1.05041
0.4947
-1.6713
0.11354
1.2389
-2.32155
7.2438
-1.72615
0.5472
1.56504
1.0696
-3.0889
NA
-1.25
0.4715
-1.4751
-1.42
1.1006
-0.0977
3.3589
-0.177
NA
NA
1.52
-0.7315
0.6907
NA
0.509
-1.51391
0.86476
0.0368
-7.4761
2.3768
6.0896
0.6294
-4.2897
-0.1971
1.30239
-0.31635
-2.45879
-2.43528
3.28
0.5181
-16.7617
-5.03
-0.161
1.53
-14.3
-0.577
-2.4539
-2.14
1.0194
-0.0844
2.3024
-1.74
8.28105
-0.5621
-2.48456
-1.0358
-0.896
-0.3176
-2.4406
-1.7214
-8.8989
3.2027
-1.01643
-1.603
-0.95824
-0.4345
1.2125
2.4539
-1.12
0.112
5.99
1.1525
3.43853
0.8861
-1.4892
0.6505
-1.63072
-1.17
-0.4353
-7.82
-2.82534
0.5497
2.97
3.24097
-0.8992
-1.31
-0.19
0.279
NA
2.1159
-0.24143
-2.6474
2.36952
-0.736
-1.05646
4.3826
0.519
0.12022
-1.7825
-3.46
-2.6529
-1.32592
-7.30935
-0.205
0.24462
3.71502
5.55
1.9232
-1.19
0.668
-1.56
1.06491
-1.9943
-0.5552
-2.81
-1.01126
-4.59776
2.47
0.568
1.12
-0.9392
1.95
-0.3686
NA
-3.54459
0.4672
-0.8113
1.484
-0.0504
0.95819
0.0599
1.5242
4.9626
-7.4348
4.61931
-1.231
-2.38075
0.86
6.0753
-1.6133
-2.0836
6.4756
-1.10872
1.1695
0.3012
1.0849
1.8539
-1.3267
-1.0421
-0.38168
-0.2777
2.0764
-2.5273
-0.7007
1.0423
-6.5863
2.0791
0.5403
2.80424
-2.08381
-2.536
0.386
0.5629
-1.1939
0.3921
-1.4608
-1.36279
-0.7778
0.28852
-1.9897
0.1761
-0.1371
0.6576
0.11704
-1.2981
-1.03134
-0.4139
2.77138
1.13537
0.30305
-5.2627
1.90595
0.4686
-0.06902
-0.95094
0.3581
-1.6086
0.4734
2.3005
-0.5549
1.7359
0.32962
5.463
NA
-0.1199
-1.1703
2.868
-2.62316
1.5083
-0.5262
-2.106
2.4188
2.62693
4.8518
-0.30755
1.15668
-3.4492
0.3165
9.3957
-2.99772
-0.8226
-0.93222
0.95938
-0.9183
-0.4125
1.3305
1.4114
-0.6441
1.04956
1.29
2.0791
-1.75957
-0.4734
1.6759
-5.243
0.27768
-1.1358
3.0329
0.53357
1.6188
0.28401
-0.98722
-1.7331
-2.13702
0.2125
-2.136
0.1313
0.3928
-1.6316
1.1492
1.592
-2.84439
-2.0491
2.2556
-0.66922
6.2273
-1.05148
0.2025
-0.70422
-1.4114
0.1457
-0.80839
0.7679
-1.3571
-2.5695
2.63284
-2.1615
-4.9706
-0.3849
0.1798
1.46016
-1.18562
-0.9834
1.7237
2.0344
-0.7249
-0.0297
-0.5828
-1.4208
-2.184
0.9981
3.0403
-1.7433
-0.1033
-0.25131
-1.9158
-0.099
NA
-2.01406
2.2532
0.3085
-2.58179
-2.8102
0.9844
0.4431
-1.35662
0.0223
-2.47486
0.37977
-1.2142
-1.4581
-1.2152
2.60327
-0.30493
0.5385
-0.662
-1.873
2.7374
-0.021
-0.4606
1.2056
-0.67163
0.0489
1.1554
-0.0296
0.86
-0.69088
-2.0353
0.3888
-0.0185
0.3872
0.6778
-1.293
-0.05888
-0.25441
1.46768
1.3695
-0.0104
-2.5839
-0.1958
-4.516
1.2252
-0.98377
-0.57656
0.3117
2.5889
-0.2543
-1.4621
-1.81
0.3535
1.13169
-1.15786
2.2735
-0.37
1.0086
3.3966
1.5548
-1.6706
-0.4942
0.1953
-0.416
-0.4914
0.9893
-0.7757
0.4168
1.30836
-0.5556
2.3064
-2.7446
0.1802
0.6836
3.2234
-1.4394
-2.71352
-0.563
2.27807
0.2004
-1.1967
1.7297
3.3775
2.0856
1.2498
-0.7217
7.7266
-0.7842
-0.1444
-1.83605
-1.4435
-1.4267
2.76483
-1.1864
-2.8971
-2.178
2.2184
1.07085
5.5978
1.7296
2.3144
-3.7808
5.2003
-7.777
-1.3335
-1.16675
-2.4287
1.59936
0.2992
1.2093
0.0655
1.2943
0.1643
-1.8089
2.11153
-0.9785
0.7103
-0.4394
0.447
0.7909
2.6213
3.6166
10.2394
1.69661
3.6352
-0.26842
-1.9046
3.5328
1.2195
-2.7403
-0.3438
1.3774
0.7746
-0.4177
0.5379
3.0987
1.8616
-0.8983
2.4853
2.3384
-1.00586
0.7576
-1.0942
2.6481
1.05619
1.91396
0.1389
0.7901
1.4984
0.2291
-1.8381
1.1589
1.6636
4.3564
-2.1869
-1.1192
0.0183
-1.4196
1.7366
-8.7456
-0.4426
-2.2399
3.887
-1.3438
-0.4169
1.8057
1.3918
-1.2548
-0.0921
-1.1339
-4.4436
-1.8863
-0.1794
-2.3893
3.15691
0.25073
-4.71486
-0.64943
6.1043
-2.24244
-0.7463
-1.5159
-0.0694
9.57468
-1.487
-1.013
0.63572
0.1912
1.3237
0.5918
-1.4139
-5.2558
-2.6624
-1.3957
1.3402
1.14529
1.3262
-0.2147
0.288
-0.21376
1.68219
-3.07446
-3.5378
2.96003
1.51225
-1.54565
-2.99625
-0.106
1.86664
-3.0617
0.16548
1.31327
-2.00882
1.81
-1.42631
-0.23939
2.66464
-1.13281
1.372
4.09942
2.32506
-0.27326
-3.63
2.9997
1.40472
1.859
3.383
-1.51721
-7.8173
3.70034
0.0697
1.60686
1.5834
-0.329
-0.1623
0.1447
0.69451
-0.4345
-1.2318
-1.1263
1.83021
-0.38341
1.72089
-2.4937
0.41537
0.0051
8.5575
3.80805
-1.6972
0.9079
-2.56013
3.9091
-2.88424
-3.1838
2.8137
3.16421
-3.1326
-1.24937
-0.08101
-4.1845
3.1707
0.39657
-2.42071
-1.56568
3.83238
4.21773
-2.73525
-4.7987
-2.43676
-1.94164
-1.29164
-0.0824
-1.7648
1.3093
-1.0315
1.4024
-1.4635
-4.0303
3.87413
-0.9044
1.4856
1.7035
-4.1901
-4.2768
1.858
1.3728
0.8617
0.3972
1.0164
3.4416
0.2241
-1.7845
-0.2813
-0.9993
-0.7298
-0.684
1.0552
-2.5624
-2.7341
0.8921
-1.2361
-5.1729
1.5081
0.3642
-4.6357
-0.8641
-0.2121
0.8418
0.8028
-0.8545
-0.1506
-3.8465
-1.1028
0.14
4.2028
4.4814
2.3358
-2.0669
4.4977
1.77102
-7.0058
-0.51261
-1.46175
2.3306
-0.9012
-0.487
-0.29379
1.4605
0.6716
0.7143
0.1156
0.6977
-2.2545
-4.63
-0.2453
1.5798
-0.4725
-0.6164
1.06482
-0.41828
-1.5322
-9.8
0.8621
-2.28194
1.27
0.868
-0.8947
-5.06702
-1.6022
0.6161
1.30814
1.705
1.6647
1.966
1.7199
-3.7267
-2.1905
3.4298
0.94941
-3.35679
5.8878
-9.7977
-0.4338
-2.62284
-5.3368
2.92364
-0.7012
0.7263
0.86204
-2.49301
-1.6999
-0.5271
2.4276
0.6144
2.2171
-1.87684
-21.8998
NA
0.38487
-3.17
1.10351
-1.60268
-0.4486
-4.99291
-1.1028
1.3859
1.24141
-11.3293
-1.4276
2.8853
0.29
0.114
4.4708
-4.4878
0.4122
0.805
1.4155
2.41023
-0.67043
3.7633
2.11811
0.9558
0.0129
1.53
-0.3629
-2.6357
0.5498
2.16
-3.8585
-0.945
-1.2763
0.6325
0.4459
-1.91
-7.3823
-0.32954
0.2521
-1.4249
-0.4136
1.02
1.5839
0.8588
0.6237
-3.6588
-0.0514
-0.7974
-1.8613
-3.4331
0.5948
-4.06061
0.36985
1.4092
2.1886
-1.11842
-1.14739
-2.00765
5.93
12.26099
-12
NA
1.0268
-1.93681
4.3607
-8.6089
-1.3548
2.63043
3.173
-0.575
-0.7716
1.3972
1.27
-2.2654
0.5083
NA
5.0075
-1.11936
-0.1434
1.172
3.5274
-1.25141
-2.1288
10.7487
2.1899
-0.605
-2.8796
1.0515
-1.47848
0.89529
-2.81
1.216
-1.31384
-4.87379
-0.8281
-3.2421
2.842
-0.26783
-0.1548
2.69335
-0.7143
-6.5861
1.5878
0.6396
3.2234
-1.4416
2.12119
0.5302
0.2465
0.2199
-1.2001
-2.1026
2.6561
-3.40449
0.2009
5.79483
0.49421
0.2942
-1.4906
7.75157
4.5625
-4.1976
4.6846
2.3081
-4.74934
-1.3838
-2.1753
-0.81726
-1.544
1.0074
-6.0109
0.847
-0.5531
0.7914
-3.2604
-0.2989
-1.53125
-0.3911
5.636
3.14205
-1.6619
-1.7432
-2.1026
0.7401
-0.0632
7.3896
-5.5923
4.9504
-0.091
1.7337
-1.7337
11.1185
0.9444
0.0594
-2.8306
5.0075
6.5051
-1.0037
0.86102
-0.391
1.7002
0.7691
-0.633
-0.0873
2.6779
1.1101
-1.1033
0.1225
0.65623
2.9459
-1.67
1.0581
0.8128
0.1739
-7.01
1.41712
0.9894
-0.6783
4.6268
2.6542
0.3343
-3.1238
-1.7568
4.0149
1.1414
-0.2302
-0.5283
1.9792
-4.96
2.5785
1.2544
-0.2561
-2.48572
0.76234
-0.28869
-0.5734
-0.88413
1.21276
3.8161
3.07997
-1.8868
2.98632
-1.37463
0.3088
-0.97492
-0.4609
-1.6403
-8.83
-0.7423
-0.02228
0.99818
5.0178
0.1614
-1.06005
2.4441
1.3118
1.2795
0.33719
1.0569
2.745
0.02546
0.39214
3.57505
-1.4738
-2.2501
-3.8745
-0.87904
0.943
0.6534
-3.74726
-3.1161
-7.9236
-2.6791
-1.4737
0.1559
-2.15
-0.3272
3.6687
3.0859
-0.93237
-2.60849
-1.209
0.87567
-0.1193
-1.57978
0.3
2.0943
0.5437
5.0178
-0.30375
0.4655
0.10224
0.65591
-0.8449
2.5928
1.5676
1.6233
-0.2369
-1.7435
-1.6409
1.4482
-0.1337
1.48723
0.1355
2.09338
-4.77827
-1.0677
0.8243
0.69672
-0.13154
-0.0235
-3.04797
-3.8404
1.57461
-2.0899
0.7271
-2.4012
3.72435
-1.05593
-1.8568
-0.48168
2.0629
0.8353
-0.18287
1.46628
0.7531
0.0917
1.2454
0.23315
-0.3804
2.93534
-4.17811
-1.35563
0.9547
1.75571
-1.61585
1.5577
1.41833
-1.0263
-2.03767
-10.91097
-2.41612
5.7822
-0.11836
0.22592
-3.80096
-1.35419
-0.05956
-1.0133
-2.57749
3.16367
1.35981
1.59272
-0.46657
-10.039
3.9001
-0.3426
0.28718
-2.86097
-3.67235
0.497
-2.64
-0.07306
-0.66603
0.6863
0.54781
-1.4812
-2.175
-0.832
1.99113
-2.2141
-2.74
-1.1633
-1.92
-0.4422
0.24832
1.72455
-7.252
-0.74902
-1.16552
0.3416
-0.7924
-1.80361
-0.3886
-1.4646
0.67832
-0.25375
1.2147
-4.87839
4.5176
-0.81862
-0.1219
0.6284
2.8239
-9.8261
-0.1265
-1.588
-1.17
1.67011
-9.33
-1.814
-1.0309
0.1938
-0.7649
1.36853
-0.4945
2.881
-3.5352
-0.31058
-0.8488
-2.16
-0.6085
-0.7159
-2.2469
NA
1.73
0.319
-1.2054
-2.4679
9.5121
-0.59093
-3.0232
0.3707
-2.175
-1.95335
-4.4975
-1.0475
1.693
0.39979
0.2446
-2.75234
4.23
3.24
0.26378
1.69527
2.64473
-1.71995
-2.14
1.91
-5.5894
0.28307
1.2887
0.847
-0.27914
15.8
-0.4318
1.44176
-3.46665
1.1172
0.172
-1.5016
NA
-0.4157
-0.91382
-0.19427
-2.39
-0.081
-1.7911
1.93389
-2.9202
-2.12013
1.7881
-2.8512
-4.33903
1.2798
-0.4965
-0.8511
0.3734
-0.26029
-1.5892
3.7273
6.39
1.1814
2.6405
-2.45007
0.92251
-2.0209
-2.5069
-0.05132
-0.7169
-0.2119
-3.62418
-3.12445
1.147
-0.1158
-2.04971
0.5484
2.57596
NA
2.2485
0.26183
5.54532
0.588
NA
0.706
-1.09254
-0.03886
-0.9218
-1.7514
1.6729
-3.0847
-0.3236
-1.79053
1.02048
2.4144
-0.3516
-5.83301
10.2988
1.58345
2.0764
3.3485
-0.076
-1.35
-0.221
2.2783
2.07813
-1.97
-0.9046
NA
1.2125
1.24416
0.176
1.23923
NA
-1.1427
-3.51
0.8575
-0.984
-3.3767
-0.3036
-0.899
-0.24682
0.2351
-2.1234
1.6537
2.77
-0.689
-0.83434
-1.45
0.20665
-8.28
0.31364
0.261
-3.7494
-1.97
-0.902
0.5158
3.14
-0.94958
-0.57
-3.64217
-1.78
0.2056
0.5812
-0.52192
4.22
-1.1752
-3.1717
5.98425
2.6929
-0.874
1.1357
2.53
0.425
0.443
2.8492
-0.627
2.37868
-2.76
2.72049
-0.5828
-0.42969
-0.75952
0.74026
1.34
-1.3178
-2.60153
0.485
-0.3025
-0.1405
1.895
-1.00185
2.6499
0.325
-3.2303
-3.1574
4.5606
0.2094
-1.6401
0.1463
-8.5105
-2.1
0.3865
0.322
0.7826
-0.9975
-1.09
0.0286
0.37775
2.2853
-3.5025
1.93922
-0.5098
3.3324
0.971
0.288
3.94618
0.6328
-0.242
2.0045
NA
1.9
2.5463
0.7505
0.3199
-3.4545
0.4127
-0.0122
-1.28
-1.1304
2.2712
-1.5733
-7.62036
-0.0859
0.81729
-5.9077
-0.5009
-0.505
-3.17508
-1.99752
3.4146
-0.071
-0.4297
-5.66531
0.7577
1.0519
-2.04233
-0.4504
0.741
-2.17988
2.2431
-1.384
-0.02346
-2.8096
1.03
3.7727
-0.09688
5.62171
-0.2568
-4.82
3.9377
1.4914
0.9833
-0.2139
-1.4363
-2.8234
0.3375
2.3725
2.66758
-1.05
-1.09777
-0.847
NA
8.4297
-0.3056
-0.4251
2.0214
-0.9533
0.4884
-7.588
4.8473
1.706
0.4643
2.6065
-0.0255
0.9308
0.9648
0.5423
-1.57241
-0.3423
6.0418
2.21595
-3.0965
-2.4565
-11.0561
-1.2548
-0.8844
0.4972
-1.45873
-3.7439
0.83847
-2.2707
-1.41121
-0.18515
-1.4962
-4.52164
4.9523
-1.5693
2.3778
1.2928
-9.2294
1.8262
2.2025
3.08918
0.847
3.56568
-1.45382
-2.1563
1.7828
9.76607
0.6262
0.9337
0.9759
-0.7671
0.11768
0.11862
2.5233
1.2281
2.0052
-2.1446
2.1205
0.809
2.58477
NA
-8.2576
-1.58702
0.2384
2.35
-8.4754
-0.4616
-2.0428
-1.7683
0.29719
0.6734
-0.3396
12.5076
-0.3069
-2.77516
-1.3702
NA
-0.17469
-0.795
0.3489
-1.1279
-0.78093
-1.3337
1.7861
-0.2836
-0.84593
-0.043
2.5511
-0.7484
-4.7094
-1.34226
1.5822
1.2677
-1.0842
1.1609
2.3097
1.8088
-0.125
0.1216
-0.075
0.3415
-0.1289
1.5268
2.09767
-4.67439
0.1305
-0.64
-0.8404
-1.7085
-0.715
-2.1022
0.612
-0.14201
-0.47073
1.8137
-0.3252
0.0715
-2.4224
0.3797
1.2459
-4.6608
-5.58
-0.39915
NA
-2.029
-0.5211
0.171
-1.8539
-0.1319
-2.25556
3.8511
-2.39288
-2.6116
-1.2208
0.6674
-0.47786
1.45
1.41325
-2.4324
-2.3377
-0.0995
0.1541
2.61522
1.1259
-0.1682
-0.1415
6.733
-1.3859
1.57
-0.0644
0.0235
-0.9657
-0.00254
0.3029
2.38982
-0.2016
1.1399
-1.52654
0.3651
-0.75913
-2.1179
1.2915
-2.3738
-0.6889
-4.98633
3.42973
3.5979
-0.1502
1.43892
3.01127
0.1063
-0.79302
-3.8671
-1.3341
2.1685
1.23663
0.1857
-0.7354
-1.42746
-0.968
-0.5337
-0.8755
0.78461
-3.37082
-1.2598
1.97575
1.8738
0.5462
1.36452
2.0936
4.4195
1.14562
3.5975
4.88
-0.0746
-14.1325
2.8058
0.0065
-2.391
-2.12895
0.1929
-2.04891
0.9632
1.3391
-0.9176
NA
1.18
1.2475
5.35138
-2.477
-2.5146
-0.5512
-4.8457
-1.2734
NA
-4.17592
NA
-8.1097
0.79486
-0.31594
1.1312
-3.11765
1.2789
4.24306
0.9152
-0.16475
-1.5707
-2.06907
-1.3517
1.7611
3.2308
0.575
0.863
1.3922
2.81
1.06037
-0.1513
-0.86246
0.9766
1.2243
0.6682
0.03794
0.56389
0.353
-0.7019
0.0888
-4.64
-0.48248
-0.7451
1.0149
-0.0187
0.18483
-3.2262
0.4051
0.0669
-1.3
-0.64567
2.88
-2.4149
-0.8383
-4.0208
3.4734
NA
0.282
-2.4373
0.31976
-0.2729
0.7735
-0.48474
-0.97877
-0.8256
6.02226
-7.3781
-1.1827
-0.7111
0.621
-0.02135
-1.53413
0.50728
-0.595
0.186
-2.79203
4.22
-1.6926
-0.9531
-1.70245
-8.773
-0.232
-3.65393
1.2126
-1.59314
0.9254
-0.306
3.45363
0.1632
0.2184
-1.6704
-1.27636
0.503
1.0177
-2.2218
1.45316
