-0.47707
-3.0332
1.6386
-0.8319
-1.59057
0.57798
-0.28027
-1.63
1.06
-2.50641
-1.23
-0.93568
3.2624
-1.0731
-2.8592
-2.44784
1.1195
2.18492
1.17
2.06
3.18234
3.2179
1.62737
4.7784
-0.4769
-1.42
-1.9249
-4.5712
-0.685
-1.54
-1.9634
2.1248
-0.823
0.67331
-0.8694
-0.47372
1.11
0.0992
-0.153
1.12993
0.285
0.357
1.3457
0.611
1.3111
-1.06
-1.16
-1.0716
0.65298
-2.71
13.02586
3.42289
-3.99087
-2.5847
4.45406
1.715
-0.581
-0.186
-0.70599
-0.7877
-2.87567
-6.86735
0.4118
1.58
3.48862
8.63
2.6584
0.95033
-0.9425
0.2054
-0.1501
-1.7546
-1.90505
-3.8511
-1.6046
-3.508
3.0757
-3.03
1.35709
-5.51324
-2.48
0.111
2.65
-0.34392
-1.95
0.4939
-2.80966
-0.52152
-1.001
-3.8982
-0.1289
-2.30314
-2.0083
0.0462
-1.6919
0.4612
-1.9387
-1.01798
-2.28163
0.88017
-1.66106
-1.9151
1.0874
-2.1458
1.57
-0.55037
-0.1397
-1.97521
1.90147
-1.7266
0.3082
-1.7679
-2.3739
-0.0921
0.16278
-0.996
-0.67526
-2.5945
-2.1322
-3.45
-0.2523
0.13249
5.11457
1.75733
-2.6408
1.75015
0.35775
-0.68122
-2.50197
-10.25043
1.42383
3.5306
-2.4487
-0.03338
NA
0.01358
-1.29108
0.4484
-3.97257
-6.9614
2.61568
-1.503
NA
-0.0312
15.46322
-0.22943
0.01692
-4.7566
-1.5911
-8.38184
-0.01989
1.1672
1.20347
-0.5794
1.0766
1.9243
-4.6764
0.76551
0.63093
1.5008
-0.03089
-2.15551
1.88
2.7721
-1.2793
0.1796
0.9671
0.25222
-6.9325
1.31
-1.39
-2.52879
3.09139
-0.83062
-1.72967
-0.7651
-0.62024
0.49213
-0.69982
-0.17719
1.06661
-1.85165
8.3685
1.67834
1.57332
-1.46441
-1.73747
-0.6485
-0.22633
-2.39637
-0.87902
-2.58834
-0.56966
3.5794
2.10467
-3.76686
1.6975
3.4423
0.1185
2.5014
-1.132
1.46737
-1.1475
-0.71
-2.0543
0.03156
1.18326
5.53212
-1.3326
-1.45
0.7268
2.27622
2.05318
5.69877
-1.2314
0.04364
-1.9066
-3.7919
6.4548
-2.67583
1.90136
-0.31186
-1.1862
0.8466
0.419
0.44692
2.44432
-0.24047
1.55704
0.10902
3.53381
1.6392
6.6157
-0.3716
-0.58718
-1.3098
0.26001
1.22134
-0.7028
1.53726
-3.3885
1.6949
1.29346
0.52776
0.5072
-3.63
-1.43865
0.2418
-0.9673
-1.26
-9.7851
1.07113
2.6037
-0.74327
0.45657
-0.0894
-0.559
-1.5104
-1.62
-2.10096
-10.953
2.8897
-2.52739
-1.2303
0.37211
0.6302
2.793
-0.0739
9.14
1.4336
4.7513
-0.851
3.17
-2.96375
-0.5342
1.65341
0.38265
-10.2237
3.13
-2.29601
-3.54466
-2.65404
-0.01405
0.80278
3.7226
-0.53392
2.00264
-1.60006
-0.7399
-10.5433
-5.38127
-2.33273
-2.2456
1.19555
1.48706
-1.72744
NA
0.89993
0.83351
-2.34171
-0.08895
1.8022
-5.0199
4.37
-2.8691
-5.20397
0.5381
0.8019
1.3452
1.6573
1.0206
-4.52871
-0.339
-0.6162
0.3869
-4.9833
-0.73626
-2.36135
4.54521
2.7815
2.44577
-0.94517
-0.9019
-0.31734
1.7668
1.8775
-1.2801
0.05309
-2.5571
-0.8732
0.6014
-1.1697
2.5625
-0.78912
-0.2065
1.41696
-0.5049
-5.8615
-4.4409
-0.5776
1.45248
3.6699
-7.7526
1.48774
-1.53
0.9415
-0.9636
0.8564
3.0629
-3.9204
4.15
1.75174
-1.1462
2.47839
-5.142
0.16635
6.528
-2.6122
-1.2576
0.33892
0.63197
2.5824
3.5975
-0.2646
-1.5589
0.5964
-3.15681
-4.0042
3.80831
-1.02547
-1.0264
-0.7174
-4.7326
-0.49202
-0.244
-4.15
6.59
-5.34
4.81733
13.5643
-0.9568
-1.429
-1.3936
-3.53392
1.3515
-0.38829
2.0194
0.90072
-4.8362
4.72113
7.3491
0.2029
-0.10059
-3.089
-12.1446
4.4378
1.37656
-4.431
-0.756
1.71736
-0.6213
-0.8477
1.59
-1.54216
-0.4389
-1.73037
-7.2711
-1.99978
-2.36194
-2.47979
-3.31817
-6.4972
4.6659
-5.8025
-1.4075
1.18866
0.837
0.99639
0.57381
1.4266
-1.08497
2.83696
-16.28152
-2.70662
-3.54113
-2.491
-1.99466
0.3208
-3.6743
2.16
1.61
1.35
-2.34301
1.89032
-0.9519
-1.2908
-2.12
1.11587
1.04995
2.2534
-2.2168
1.53
2.5452
0.94306
-4.8879
1.271
0.0804
0.8809
1.2625
-1.33696
-1.0623
-1.849
-0.7609
-0.44164
1.25876
0.38365
1.3573
4.6409
-1.03824
-1.8624
-0.2921
-2.0842
-3.65141
-0.5583
NA
-0.7608
-0.2373
-1.22752
0.29556
0.941
3.41958
-1.2837
3.0943
0.63516
1.3329
1.0113
-1.42621
2.81119
0.47893
0.8214
2.84996
0.647
-1.09533
-4.02
-1.7539
0.10483
-0.0475
-1.165
1.06862
4.46465
3.05195
0.05342
-1.36786
-0.5704
-2.61767
2.02766
0.6851
0.0871
8.66
7.21
-0.17
-2.02
-7.82
5.85
0.86691
2.7818
1.5933
4.5781
-2.12035
1.03413
-1.53922
1.79921
2.02046
-5.49257
2.52546
-0.99412
-4.59228
4.27257
-0.58297
-2.2829
1.17314
0.02434
0.6827
14.5
-1.927
-0.496
-0.08488
0.6961
1.2152
-1.1327
-2.147
4.12483
3.47471
-4.38724
-1.6332
11.28224
1.4116
-0.33893
-1.15882
3.59
-2.58968
-1.0989
-0.266
-1.418
1.08361
-1.5496
-0.32023
-2.63
5.44
-5.42
1.50326
3.74361
1.10528
1.89424
2.7009
0.92072
3.9904
-0.92506
-5.18627
3.09
-5.41
-15.1911
1.4481
-1.3863
-3.6554
-14.4351
-3.7106
0.53901
0.2286
-0.97114
1.07936
2.5893
-1.8585
-2.262
0.7957
1.8888
-0.6839
-0.6993
-0.622
0.5414
0.5788
-2.9117
0.00912
2.688
-0.1952
-0.9452
2.8142
-6.15866
-1.18755
-2.5687
1.3652
-0.08661
6.36
-1.64
2.39
2.96212
-2.2628
-2.12
-1.29034
3.01
-0.23403
-1.79774
-3.9444
-0.805
0.967
-0.8398
0.394
1.4861
-3.8126
1.3882
-0.3492
-2.41563
-2.89416
-3.5214
1.29
3.30146
-2.76864
-6.93
-1.54298
0.369
-0.874
-1.5261
-1.7106
-0.25741
-0.1463
-0.35239
-2.55235
2.64771
-2.8337
16.72684
1.0453
-0.29306
-0.50671
1.0088
2.6764
-4.0579
-1.816
1.6625
0.10739
-4.87055
-0.15035
-1.96325
-1.27115
-1.35721
-0.09924
-0.97874
-2.35
1.7025
9.3335
2.3341
1.4972
-0.904
-0.12985
-2.37891
-0.79377
-0.41081
-0.86403
-0.00397
1.25307
3.42781
-2.3683
NA
-1.3163
0.76455
-7.14977
-0.3528
0.3091
-3.28792
-2.0445
-4.101
2.02
-0.72
5.96
1.29328
0.69982
2.16
-3.79
-1.36
1.38
-1.6671
0.00565
3.37
-1.58
11.4109
2.99503
2.08855
-0.7479
1.0839
-1.63461
1.32245
-0.3587
-0.6079
-1.51161
-0.80881
0.5684
-0.51014
-0.09568
-0.2848
-0.72321
1.7214
1.0187
-0.82261
0.0494
-1.47157
-0.19779
-0.5045
3.5781
1.61969
2.17387
3.5827
3.0566
-1.84755
6.46398
-0.28321
-4.1616
-3.8415
-1.28299
-0.1863
-0.02577
4.40169
5.4123
-5.54746
-5.7566
-6.2371
-1.99056
-6.97363
0.79883
-2.1953
0.72952
8.3502
-6.64823
0.49026
-1.7327
6.25812
2.01036
1.62686
2.94626
2.82481
0.22806
0.86063
1.50239
0.8011
-2.56925
-4.49252
0.64912
-1.03322
-1.15543
5.40423
-1.11134
0.68155
-1.9594
2.491
-1.9594
0.87607
-4.51477
-4.7684
-2.75458
-1.9383
-1.56576
0.35272
0.38797
-2.67722
1.7168
0.73658
-0.12752
-4.37279
0.969
-1.95999
-1.33839
0.4827
-1.25072
1.93339
0.50143
1.28883
0.76812
2.3147
-3.97799
7.21454
-2.9171
-2.2921
0.4062
-0.31312
4.69571
2.62
-0.68453
2.30479
0.7599
-3.1108
-0.0375
-1.79109
1.0124
0.0902
-2.2138
0.3985
2.3302
-2.8346
-0.3782
-0.4531
0.6065
0.6025
-0.303
-1.4994
-1.6354
0.5084
-1.4492
1.9099
-19.4838
-0.1259
-2.2487
0.9673
-2.19
-2.3187
-2.5411
-0.5114
1.0704
-0.8656
0.2849
1.2615
0.2494
-1.7794
-3.7374
2.9854
0.8587
-0.8525
3.1891
3.5121
-1.071
-4.2304
-0.9074
3.328
-0.5707
2.02
1.1892
1.0786
-1.575
2.7677
1.3038
-0.4453
0.5639
1.0028
0.1448
0.3763
0.6515
-0.388
-0.8118
-0.7737
-1.03544
-0.66794
0.7141
-4.14
0.592
2.1658
-0.22595
0.1021
-1.41365
-0.04783
-0.3992
0.58243
-1.50317
-0.98343
0.73701
-1.14566
2.71514
1.5553
0.2737
0.97843
-1.274
-0.66811
-0.5084
-3.3989
0.3699
-3.6105
-2.33458
1.04278
-1.0731
-0.43602
0.12514
1.57546
1.69488
-0.81479
2.35605
1.02612
-0.0077
-5.9587
2.58257
-1.59282
-6.72187
4.95232
-8.76388
2.8633
-7.0253
-2.17017
0.2649
1.273
0.41547
0.39802
0.18562
-1.71641
-3.57628
-1.72802
2.33197
-0.64652
3.16738
-0.87158
0.99724
1.4255
1.85361
1.463
0.6458
5.05492
0.4351
-0.6509
-1.2316
-1.4059
0.5072
-1.1269
-1.8588
1.9862
-7.9588
1.7518
-3.682
-1.4268
0.2148
3.3597
2.2916
-1.5211
1.3521
-1.8769
-1.0573
1.1631
-1.9039
0.9271
-1.0595
1.3432
0.3894
1.7113
-1.3334
3.8403
1.0252
-1.6674
-4.5311
0.3182
4.4688
1.438
0.3686
-3.1595
1.4077
-0.6518
0.5846
0.63195
-1.774
-0.0738
3.75
-2.78
1.18
6.51
-3.58
1.11
-1.14
11.9
-0.919
-12.5
0.255
-0.697
1.2
8.6
-1.83
0.998
0.535
-1
0.229
-2.94
1.02
1.03
-7.49
-2.25
-0.382
2.18
0.772
-0.632
0.114
-3.56
0.784
3.65
-0.0273
1.4
1.4
3.49
0.253
-1.01
-0.864
0.841
0.897
0.872
4.95
0.508
0.863
2.92
-1.02
-1.47
-5.76
8.92
1.1
0.632
0.0171
-0.324
-2.9
-1.19
0.914
11.1
4.14
0.711
1.46
3.37
-1.07
-1.66
4.09
0.849
1.51
-0.54
1.51
0.959
-0.522
-1.08
1.68
0.523
1.15
-1.06
0.851
1.3
0.92
-2.02
2.18
0.794
-2.73
1.81
-1.39
-5.81
-2.34
11.1
8.01
14.8
1.08
1.42
-0.911
-0.0352
0.393
1.72
0.0687
-0.393
-0.229
4.8
0.387
5.98
-0.771
-2.08
-1.11
-0.64
2.83
2.2
-0.138
2.14
-2.73
0.598
-3.28
0.94
3.9803
2.2746
-1.3851
0.1709
1.8249
8.5023
1.7876
0.8373
0.8645
-0.5906
1.2498
0.8619
-1.862
2.7185
-0.0243
0.8521
0.1295
1.714
1.9194
0.98244
1.16993
-2.70705
6.0801
7.6668
0.31144
-0.23992
-2.07352
0.63183
-0.81221
-0.4174
2.85056
0.14449
-2.87298
2.2679
-2.22468
5.5258
-1.22973
-0.2587
0.06162
1.974
0.4968
-0.86082
-0.4366
2.37922
-0.227
0.4504
0.90837
1.4193
-0.31716
-0.4364
-2.5345
2.2435
0.30317
-8.4538
4.70081
-0.1545
-0.64858
-4.4778
-6.39147
-0.5098
-3.39169
1.028
-5.0659
-1.2283
0.1731
3.18212
9.9146
-2.00052
-0.409
2.513
2.1091
-2.2666
0.84301
-1.88914
0.57
-2.8038
-0.5556
1.14324
1.0789
-0.4117
-5.7398
0.4928
-3.3038
2.53634
-2.68508
0.4676
-1.32913
-1.47984
-6.5745
1.3035
0.4202
0.27728
-0.4862
-6.3926
-2.6704
0.7346
1.7436
-1.5259
-0.696
-0.0755
2.581
2.4847
-1.2421
-0.6126
-0.723
-0.9508
-1.3555
-0.5986
-0.1263
1.64065
-3.3255
8.4491
-9.3582
-1.10977
2.75008
4.06618
1.0405
0.1359
-2.98736
-1.4018
-2.80133
2.1528
-2.13324
-1.27395
-2.6278
1.301
-1.20774
1.04275
0.64152
1.2499
0.13025
-0.8408
0.86093
-1.59024
-0.50966
-2.42722
-3.20993
-0.3919
0.7146
-0.3638
-0.11148
-3.7695
-2.93337
1.38748
0.47776
-0.1002
-1.5733
5.2093
0.06577
-2.98367
-1.4887
0.53175
-1.00818
-1.89317
-9.9681
0.6343
1.623
0.753
33.58762
-1.16364
-6.29184
12.75171
0.38683
-2.1176
-0.2966
0.03285
2.04424
0.4323
4.81356
-1.58463
4.21278
1.3011
-0.3845
7.0686
1.8559
1.4145
-0.60485
0.2034
-1.7546
1.7546
-0.41714
1.3452
-1.8341
0.78607
-0.10626
NA
0.54523
0.57014
-0.5526
1.20586
1.40504
-1.1847
-1.7258
1.50433
-0.5216
-0.30401
3.29166
-2.08318
2.41026
3.50581
-4.5495
2.0581
1.5117
4.4343
1.98385
-1.80726
0.64124
1.4647
0.3697
0.94737
-0.87402
1.4155
-3.91774
NA
NA
-0.77888
NA
NA
-2.5984
-16.0335
NA
-1.422
-3.21239
-0.6856
-0.05338
0.5362
1.60462
-0.0288
NA
0.54284
3.0988
2.0851
0.325
-0.9266
0.4724
-2.6303
-2.00745
-0.47307
NA
-1.7165
2.67076
-1.48727
-4.0851
-1.2292
NA
-0.7066
-0.5044
-2.48362
1.81988
1.8716
1.25884
-0.39436
-3.31801
2.69161
0.0938
3.41193
2.5256
-0.2726
-0.51492
2.4411
4.36565
0.31691
-1.76414
-0.9679
-2.15635
-1.23597
-4.00758
-0.5149
0.94582
0.0331
0.2251
-1.04669
-0.3055
-0.75764
1.2454
0.87117
0.31121
4.30792
1.61596
0.7934
-1.20734
0.8305
0.23267
-1.33149
-1.31631
0.75837
1.906
-0.2473
-0.26456
0.32306
2.5456
0.3696
0.1452
0.06499
0.6532
0.93822
-1.39183
2.69012
-3.21601
0.28428
1.6863
-0.09314
2.36181
10.0802
0.07402
5.81209
2.36606
0.6529
-3.2072
0.86713
-1.3968
-0.4529
0.72674
-3.70653
1.31377
0.74653
-2.83292
3.20309
-0.98786
0.46088
-0.44081
-0.67228
-3.2625
0.6808
0.2987
-0.58394
0.7048
-5.61028
0.85434
-1.12434
3.3547
0.6866
6.26905
2.61968
-0.09545
-0.5171
-1.8219
-3.96846
-3.2276
0.25839
-3.24454
14.74933
4.8678
-1.89453
0.26278
8.98744
13.5921
-3.38085
1.75
-9.0847
-0.0307
7.4777
0.78343
1.49745
-0.4773
0.56607
-6.12798
-0.6436
2.73696
0.7396
-0.70211
2.23215
-2.7244
4.40928
4.33091
7.7049
-1.40066
3.19145
-0.39614
2.0141
-0.2736
0.73659
0.5339
0.9368
-2.48496
0.99805
-2.04697
0.09395
0.3416
3.0546
2.24899
0.30914
0.43109
0.35236
-1.80511
2.80128
-1.56202
1.7508
-5.69024
-0.993
0.66983
1.90909
1.09772
-0.43806
-1.59571
-0.8494
3.16978
2.31794
-1.39849
-0.0198
0.8604
4.38592
-1.3036
-1.11707
-0.84119
1.07135
-2.22524
-0.7753
6.78509
0.27903
-1.71584
-5.464
6.47516
-17.2357
0.22753
-6.5512
2.90375
-2.49425
0.63774
2.76465
1.21988
-0.57536
-3.2407
1.08236
0.03037
3.4376
1.21115
2.02891
-0.15095
0.64741
0.9891
2.67838
-0.8146
-1.9707
0.81118
4.51052
-1.25169
-0.37267
-1.14654
-1.41638
5.4496
-0.59996
-0.3679
-0.48354
2.10089
1.90006
-4.9945
5.2344
2.11529
10.28962
-1.45322
3.82037
1.0079
-2.9818
-2.3589
-1.7085
3.82983
-2.05743
-2.2093
2.2745
7.96762
0.7283
1.19411
3.07
2.2513
-1.98773
-0.08828
1.06012
-2.58
-0.99838
1.2548
-2.11159
-0.43199
0.76315
-0.92539
-1.77693
-1.20741
-12.2569
1.9473
0.627
8.0437
-2.05536
1.8711
-3.63735
-1.5848
-1.4392
-1.42292
-1.63806
-0.27507
4.2001
-0.23841
1.7388
0.4203
1.02468
-5.10904
-0.5616
0.20067
-0.82429
1.30656
0.20207
-4.361
1.0146
2.6282
-1.23
-1.5188
0.0537
0.214
1.366
-3.0699
1.7848
-0.594
-1.4358
0.9207
1.3804
-2.43
0.34492
-0.53099
-1.69365
2.12217
1.57853
0.665
1.65785
-0.39327
1.77938
2.5146
-1.4909
3.05505
1.03837
3.5609
1.1145
-0.55393
2.4798
-3.3472
-5.4623
2.1283
0.16772
-0.3775
-0.3461
0.53177
6.52297
5.0588
-3.93692
-0.0559
1.64275
-1.5735
0.00558
-1.75375
-1.6405
-0.8208
0.69944
0.41091
-5.408
3.3293
-3.52926
0.06444
3.52046
2.44271
1.0202
2.7299
3.23474
-0.10303
1.83
-1.44066
0.3955
-0.9264
-1.1529
-4.13096
-0.4606
0.6534
-1.7589
-1.9889
-6.94
1.44549
2.5086
-1.7604
1.65
-4.61
1.54824
3.4123
-1.41037
3.0455
-0.35154
14
1.19606
1.9136
3.5415
1.06458
-0.2053
3.4342
-2.376
1.01822
0.0246
1.1302
1.2987
1.8361
-0.78949
1.00968
1.23073
2.14671
-1.829
-2.96987
2.0701
-1.2721
0.6074
-0.90963
-1.86
-0.567
-2.94
1.63
0.5882
2.2279
-0.4895
4.839
1.7972
3.32
-0.761
-2.33655
0.16524
0.32729
-0.55617
-0.6109
-3.7452
-1.75
5.00995
-0.28475
3.9249
-1.608
-0.236
1.4013
10.8949
-5.2222
-3.1147
-0.5474
3.59615
0.21273
2.12915
9.16814
-0.8372
-1.3003
-2.21959
-0.5879
-0.73422
-0.5573
0.437
-1.27599
0.2867
2.3
-0.0937
-1.0138
1.4172
-1.22469
1.977
0.4236
5.7074
0.9056
-1.2158
-4.656
-3.581
0.3671
2.5133
2.1259
-0.4219
-1.9917
3.7094
1.253
-2.1897
-0.642
-2.17
-1.65728
-3.2611
-0.609
-2.39
NA
3.84226
NA
NA
11.0142
NA
-0.15678
NA
-0.83775
NA
-11.35468
-3.15146
3.61238
0.54414
-4.043
1.15558
-1.01795
-0.56938
-0.27812
-0.89847
1.82024
-0.94818
-0.158
-0.98679
-1.4132
0.80471
-4.4072
-1.0306
-4.1473
0.7401
-1.23516
0.6352
-0.0561
0.00408
1.52039
-0.67435
4.6967
-1.4988
-0.6622
-0.9804
-0.7818
-2.82016
2.4429
-3.38
-2.0463
-5.46731
-2.56612
-0.17233
2.4376
3.06324
-1.45
1.31
2.78
-7.17
0.759
3.4
-2.1104
1.5959
-5.1255
-1.8535
0.1123
-2.3268
-3.3197
-0.8549
-0.2348
1.4882
-3.4108
0.0133
-1.5676
-1.6769
0.2263
1.3364
-1.385
1.27
1.48245
-0.9754
-1.3329
0.2535
3.9632
-4.0196
2.8522
-1.8555
1.86869
-2.72314
-2.8822
-2.9938
-0.634
-0.4462
-4.73411
7.11577
5.06
1.71
-1.14
-4.65121
-2.42
0.62599
0.00949
-3.8885
-1.36057
1.22449
5.59647
1.27962
2.1466
-0.531
2.47
-2.92471
-2.3788
6.5301
-1.4927
2.5137
1.68
0.2579
-0.33243
0.69089
-0.6085
2.4304
5.88
1.1485
-0.8863
1.2122
0.05001
4.45713
-1.16379
0.71
0.449
-1.27105
1.41433
-5.89674
-7.25509
2.7303
2.4172
-2.33
1.73
12.1382
-11.9924
-0.548
-1.79
-6.5
-0.644
0.639
-0.193
15.2888
1.1056
-1.4049
-1.4991
1.0196
0.237
-0.3796
1.9164
3.9188
-3.82886
0.82543
-3.66717
3.29385
-3.54407
-0.4155
3.6541
1.04
-0.682
0.60636
-1.6454
0.91413
0.03515
0.8934
1.4508
-0.668
-2.391
2.7876
0.6736
2.8767
4.1278
-1.7591
-4.5922
2.303
-1.913
2.4738
0.77035
3.05
0.1538
-0.53857
-0.59084
-4.4663
-0.5367
-0.77706
-1.75799
0.3207
-1.5402
-0.1254
1.2832
-0.32175
1.3
-3.37
5.55
8.58
-0.472
1.1131
2.63393
2.01867
2.0264
3.27864
-0.0637
-1.62037
0.226
0.96947
-0.2198
0.25601
0.4331
-0.46717
-1.8337
-1
-1.06901
-0.4215
-2.19
0.39483
-3.1435
-1.71
-2.17
5.07
-1.08
1.88
1.35792
0.652
0.313
-2.85
-2.24
-1.14
0.355
1.27
0.1653
8.15494
0.26336
-2.29816
0.9084
-7.07
1.0223
0.0201
6.41
-3.78
1.57
1.41
-1.26
-3.42
-0.6148
-0.5498
-1.92721
-1.11119
-0.5559
3.957
-1.24885
-0.478
-3.0145
0.1806
-3.0826
0.3189
-2.5009
4.85
-6.07533
-3.45
-1.54
-0.589
-0.10663
-0.13202
-2.8087
1.15
-2.14
0.1573
-6.4361
-1.5675
1.35669
0.09245
-10.5589
-2.3784
0.3917
2.8333
-5.70035
8.9109
0.1379
0.961
-0.809
14.59586
7.0248
0.422
2.09246
-3.96097
-5.17971
1.4425
-1.19925
3.2153
2.58891
-6.0042
1.90413
-7.0109
-0.10132
0.9404
-4.27
-8.35
-1.13601
-4.74
-2.5812
-4.31034
5.78604
-0.382
-1.87
-0.86247
0.1115
-4.10663
-2.2928
-1.569
-1.01638
1.28951
-0.6308
-1.36205
2.38033
6.4486
4.7208
-3.48
4.48296
0.0467
-2.13016
1.24447
0.99778
-0.6615
1.4859
0.66896
1.96605
0.2608
-4.1898
2.3517
-0.41548
1.3386
-3.8119
-0.99799
1.32766
-1.04879
-0.90739
0.63798
-0.58116
2.35921
23.843
2.70467
1.6898
1.32095
-2.28337
0.8671
-3.05
1.65
1.9
-0.666
0.9689
-4.2356
-1.3453
0.3136
0.4283
1.3191
0.68313
-2.08
-0.395
3.98
1.26818
0.95878
-0.9988
4.096
0.798
-5.61907
-0.29509
1.4765
-1.0241
-7.20358
-1.90461
-0.6764
0.9186
0.6601
-2.1851
-0.8472
2.3664
-0.29307
-2.2546
-6.1602
2.15054
-3.2953
-0.95945
-0.36191
-1.56026
-1.61081
-0.70046
0.6945
-0.4386
-1.2945
0.37973
0.60736
-1.35073
2.65368
-0.5974
-0.71184
2.2073
0.90041
0.26864
-0.7814
-2.81984
-0.85164
0.8565
-0.3043
-4.3566
-4.5093
1.12539
-0.8588
-0.8158
2.6994
7.4982
2.81259
-0.0187
-0.79685
16.505
-1.8383
-0.21339
1.3825
-0.09732
0.5836
3.5745
0.51272
-1.0902
1.2315
-0.042
-0.7301
1.2198
-0.0395
-1.4639
-10.8989
-0.3604
1.64741
-1.64953
-0.522
1.9
4.07
0.91227
-1.31297
-0.8361
0.40968
-0.8252
0.01237
0.1968
-1.994
-0.7203
3.05454
1.59885
0.2767
3.8303
-2.3021
-1.2458
6.56887
0.83542
6.59171
4.03194
2.552
-0.9371
-1.4156
-0.17648
-0.34176
2.7784
-3.6161
-1.2621
-2.95724
-2.8623
-1.39017
-1.9936
5.79581
-0.65691
0.99096
-1.5602
0.65316
1.89722
0.39933
-0.60468
0.4481
-1.9898
0.39304
-0.0669
0.3196
7.56542
-1.7691
1.19369
-0.52753
3.7671
-1.4068
-1.27391
-2.23554
0.2036
-0.5135
-0.8108
0.0418
3.19135
-0.26775
-4.6032
-2.0633
2.12264
3.6924
0.0772
0.559
2.44
0.765
-0.35
-0.611
-0.385
2.71
0.0855
4.16
-1.0416
-0.6387
-0.8988
0.3743
1.8189
2.8186
-5.1929
-3.33716
0.94945
1.6119
1.84
0.79569
1.33046
0.39813
2.76971
0.09759
-9.0976
0.3837
0.2126
0.43
0.9676
1.3483
-0.4863
0.4079
1.0159
-1.4881
2.5036
-6.5648
-2.3117
1.1201
0.1506
1.6169
-0.6818
1.7721
-0.8179
1.7271
-12.5894
1.1283
0.1855
-1.9075
0.5338
-0.4968
-1.5777
2.027
-1.7365
3.318
-0.2356
-0.2115
-0.9853
3.5025
-2.32826
0.56228
NA
0.77195
NA
2.9402
-0.278
1.86322
-2.9402
NA
NA
NA
NA
NA
0.76986
NA
0.5715
-2.875
0.79648
2.08497
-1.1938
0.5752
3.0046
2.24282
-1.84088
-3.02681
-2.57053
5.4984
-0.1314
-0.49784
-0.4985
1.0826
-0.7216
-1.0293
-3.2963
1.3871
-3.7696
-0.5315
-1.9461
-0.274
0.1246
-2.04316
-1.94825
-0.1003
-1.69097
1.91746
1.04935
-1.66181
2.4228
-1.89153
2.4228
-2.84705
2.03687
0.574
6.51803
-9.114
-4.80996
-3.2646
7.0253
2.63033
2.11996
1.0136
0.4542
6.94966
-7.19495
-0.8297
0.9792
0.23293
-0.14344
1.52201
-0.19325
0.6225
0.87247
-2.02441
0.30317
-1.02767
4.763
0.4827
4.81061
0.9576
0.82518
1.58974
-0.46941
1.04522
7.26359
-5.3617
2.9236
1.7121
-7.6714
0.3405
-4.5611
4.4142
-1.0726
0.1553
1.14
1.6795
0.7626
-5.1949
-3.0644
0.7519
0.2096
-0.4878
-0.8544
-0.8747
1.1845
-0.7384
-1.8852
-0.9854
2.2797
-0.7178
-7.7949
0.06019
6.53503
-1.28568
-0.2942
-4.7756
-0.13024
0.99622
-0.0584
-0.0867
-1.23185
1.01623
0.43134
-1.15184
7.12201
-0.1943
0.77654
0.593
0.36935
-1.3378
1.03744
1.734
1.576
-1.2235
-4.39016
-0.87679
-1.98689
-0.6203
2.3047
2.47229
9.07263
1.57261
-2.52167
2.441
-2.04695
-0.075
4.56179
-5.6793
-16.78613
-0.9202
-1.22815
0.9019
2.53759
0.7966
-2.6859
-3.69101
3.3169
2.6692
0.2439
1.07722
-7.13052
0.43091
2.3914
8.7102
-0.4158
-4.3456
0.8906
1.3575
-1.7046
-1.2918
0.3282
-3.1885
-1.3743
-3.7368
0.834
-1.7497
-0.3109
-1.8021
-8.8037
1.8183
-0.5724
3.8849
-4.4147
-3.4124
0.9844
-7.2799
6.2637
-0.2011
4.7487
3.543
-1.4114
1.2267
3.9835
-1.6945
0.284
-1.0113
-2.42485
-5.81978
1.17584
0.18213
-1.09879
1.5075
0.58068
-0.69754
-0.26716
-1.6078
-0.9788
0.44988
0.53281
1.80633
-2.09866
0.52053
0.53419
-1.06362
0.29163
-0.65238
0.70684
-0.8317
2.21888
-2.3572
-2.92122
-0.03946
-13.11126
-2.66582
4.6561
-4.01298
-11.89148
-0.37301
2.9388
0.4833
-0.8004
-1.1952
0.7022
3.6105
3.9422
-3.912
2.16383
0.42342
1.5476
0.6985
-2.5693
3.53733
2.1366
-0.43585
3.27286
1.2234
4.29983
-1.53069
-5.4807
2.0687
1.34807
2.26248
-1.5739
3.1627
-0.3254
3.01493
4.10936
-2.7992
1.9808
-0.000176
1.78
-2.033475
-2.7205
-1.67
1.06
0.672
-0.919
9.9257
-4.63783
2.56537
-2.851551
-1.848114
-2.329383
4.109703
0.237292
7.73
0.182
-3.54088
2.57312
-1.75
-4.76884
-1.9
0.854
-4
2.54
-0.758
-4.0314
-0.7039
-0.31037
-1.15308
-0.72945
-4.3432
-0.6837
-0.75119
2.51319
-0.58265
-7.4858
2.04114
-1.08981
-1.9307
2.3596
1.0887
2.7461
-0.56483
-0.8765
0.8836
-0.3428
-0.55
-1.77316
-1.88615
-0.2949
1.73104
0.65616
0.1402
-0.7072
2.6019
-0.64048
-0.94177
-0.66441
-2.8361
0.87685
10.3391
-2.2561
-0.87583
-3.04698
-11.03578
2.6892
-6.94178
0.0073
0.70451
-1.2049
-1.83124
3.7682
0.70032
8.1027
7.99319
0.18363
3.7976
-0.64013
-1.4795
0.15727
-0.1009
9.39279
6.8753
2.49562
7.07508
-0.74666
0.4201
0.70275
-0.99676
2.17144
2.4463
1.50532
-1.0332
-1.82307
1.18634
6.2838
3.2121
1.61425
-1.23433
-2.394
-1.70628
-1.88519
-2.36136
-0.63907
1.05254
-2.0976
-1.67173
0.26833
-13.6028
-4.54862
1.8625
-3.11722
-1.13582
-0.0242
0.23528
-0.10891
0.19926
-0.63195
-2.83148
1.26637
-1.73611
-5.2637
0.96455
2.359
1.18649
-1.0282
3.7404
-1.18384
-0.6399
-2.35354
0.33392
1.0085
0.92376
0.87596
0.78001
-1.02562
-0.10102
-4.2545
-0.9289
-0.9659
0.1888
0.21168
-0.1088
0.75872
2.73577
0.5393
1.62544
-5.3123
-1.4317
0.2099
-1.95751
-1.02494
-1.70165
-0.35314
0.40019
1.1319
-1.0896
2.52547
-0.034
-2.06848
0.12362
2.87557
0.7893
3.013
-0.1762
1.0963
-0.4521
0.4743
1.2898
0.7133
-0.7488
-0.6057
-0.8295
-0.9888
0.6747
3.3946
2.08988
-2.5348
-1.0255
1.24209
-0.10747
2.0274
-1.44752
1.31857
-3.06293
0.5956
-1.00562
3.21501
-1.74076
-2.2649
-0.13038
0.45566
NA
1.32252
-6.9871
2.29473
-0.24569
NA
0.3603
-0.9046
0.33135
-1.78576
1.1079
-0.58356
-1.95908
-1.01177
2.1377
-0.41255
2.20506
0.21096
-1.49701
-4.74612
-0.40323
-0.4853
1.59989
1.46098
2.47754
-1.6058
-1.28258
3.15848
1.32
-0.491
-2.18
-1.1
-2.96912
-0.893
-0.176
-1.86
1.54
1.88
-1.94
10.8
5.15
-8.32
-2.35
1.14
3.55
0.253
-3.46
0.0078
-1.9099
9.8806
1.6685
-0.7187
-0.0655
-1.0042
2.2286
-2.0014
0.6544
-0.3161
-0.7076
-0.8314
-2.1082
-0.0648
3.3113
2.5089
0.083
2.5214
-0.4476
0.3855
-5.766
6.2729
0.5216
4.3456
0.1197
-2.4614
-0.3074
-3.9375
-0.32497
-0.9644
-5.65859
2.41444
-1.2445
4.9857
0.46029
-0.96484
2.31998
-0.0102
1.3849
4.63122
1.3242
-4.53865
-1.41622
1.3991
0.39466
-1.3267
-2.12527
-1.12639
6.38532
0.9868
1.2499
4.5316
-1.3845
7.48889
-0.7742
-1.65818
-1.86655
-0.9542
-2.36428
0.1987
3.77198
-0.6513
-0.69361
-0.32227
2.6614
-0.0908
-0.6667
0.653
0.71037
-10.77336
-10.4689
0.0674
-2.09412
3.85948
3.1057
9.1865
2.3257
3.0673
1.8697
0.3779
0.5781
0.60378
-2.77973
-2.77667
2.20028
4.3501
0.6689
1.83579
0.6295
-1.68144
-1.72894
0.9312
-0.7515
0.2221
-2.33599
1.8193
0.3149
-1.82262
1.7861
1.1953
1.78052
9.36034
-5.04732
-3.4092
-1.23705
-7.0273
2.78147
-2.17355
-1.90882
-0.96013
0.07384
1.20565
-1.0774
1.7632
1.8159
-0.7784
-2.0637
2.51937
-1.64905
-1.8016
2.8597
-2.54951
-0.3554
0.8121
-1.2827
-0.9536
2.3476
3.202
1.9706
-3.33787
0.07408
1.0281
0.15879
4.96628
-0.46464
-0.64147
1.508
0.2739
0.04008
0.7386
-0.6499
-1.98054
-0.75669
1.7063
0.901
-1.52927
0.5732
-0.1568
-0.3025
1.4471
-1.33073
-0.39074
4.58429
-0.18291
-3.46334
2.8434
2.7351
3.6521
5.23
-0.1304
3.29981
0.90834
6.079
1.81343
1.73649
1.3
-0.56894
1.05964
8.7
0.67704
0.4888
-3.3167
-1.71676
2.8175
0.4902
-0.45599
-1.86333
0.56385
0.6601
2.06193
3.6316
-0.03873
1.8134
-0.2305
0.48301
-0.78998
-2.2576
-0.42407
0.813
1.80532
0.79614
-1.0792
-1.1519
-0.62624
2.18397
5.16071
-1.4489
5.66859
-0.68593
1.7342
-3.46851
1.12174
1.21205
-7.0329
0.6181
1.068
-6.24788
-1.3918
1.55739
-0.7219
-0.5529
1.1977
5.1462
-1.1083
-1.021
0.55375
0.477
1.00779
4.63
-0.60139
-0.1515
4.00571
-1.18
-2.39668
2.91544
1.9646
0.4177
0.18386
-0.81331
-2.5361
3.25038
-2.75245
1.06688
-0.57338
-1.72978
-0.2411
0.47647
-2.5974
-1.22308
1.84
1.9445
-0.54885
1.71028
-1.23179
1.9485
1.729787
0.458427
-1.579814
4.81527
1.9636
2.2631
1.299
-1.08591
-0.036
0.76204
-1.1156
4.0154
-3.3667
-1.58
-7.65406
0.22072
1.4276
-0.56511
-1.03059
-1.6078
-2.668096
6.56367
-10.22151
-0.27903
-5.4574
-2.0287
-1.49
-2.31608
2.557
0.783
8.6193
3.356
1.48981
-1.34821
-6.3952
-0.009
1.42058
-1.91206
0.31539
0.71085
-0.37735
-1.38072
-4.84683
0.5567
-6.3822
2.2844
1.1686
-2.7878
-6.84371
0.7378
-0.5449
0.7378
-0.657348
1.527583
2.758229
-0.982491
1.01408
-0.31943
0.8073
0.10643
-1.5414
0.22753
-4.22148
1.08433
0.8328
1.71412
1.373
-1.43964
2.1178
-3.54195
-0.89515
-2.12388
1.5254
3.2363
-1.9965
-10.10072
-0.01326
-0.60285
-1.3265
-0.194
-1.49
1.63506
2.08957
0.3527
1.26482
-2.85577
2.4755
2.9997
4.209463
6.96297
1.7665
2.6614
0.581
4.7102
8.84722
-0.42095
-1.13
2.55
9.76884
-0.991
-0.5435
-15.22259
-5.44341
1.3285
2.16794
-1.7151
-0.2868
-0.43017
-2.2716
2.27801
-4.7645
0.2409
-4.3869
0.54281
0.2681
-5.27
-4.1762
4.6823
-1.60009
0.7395
-2.18
-0.28245
-0.964
1.8818
0.39435
3.6663
-0.62371
2.533
0.92103
-2.77386
3.38
-0.2108
0.40976
-0.9429
3.5343
-0.6498
0.1834
-1.93417
9.3601
3.95408
-4.51416
-3.058769
-0.647856
2.69526
3.4436
2.51858
-0.1272
0.459428
-5.1541
-0.544768
-5.6682
2.873061
1.0862
0.978601
0.2088
-2.640126
1.15804
-0.537
2.3443
5.7325
0.20111
5.14517
-0.6849
-2.1307
-1.34223
0.55188
1.00877
-2.91579
-2.666
2.79698
-7.35213
-1.4406
1.45084
2.8679
3.4188
0.565
-4.0923
0.3447
-3.3842
-3.5105
-2.1011
-2.33
1.175
1.05718
-1.2569
0.163977
0.40161
0.348133
0.4911
-1.977968
0.7957
-0.011276
0.116594
-2.25
-1.355639
0.1372
-2.0503
2.747492
4.444338
-3.770241
-0.3791
5.686972
2.136583
1.799681
2.33
-2.3313
-3.5388
0.9334
0.565
0.487
2.63
-0.977
-1.78989
-4.1703
2.86116
6.4743
-1.8154
-6.3309
-4.73108
-2.7567
3.15365
-2.1786
-2.7446
0.4778
1.375
-3.55
-2.5
0.4601
-1.8858
-2.68
1.1347
-3.24389
-5.22545
-3.8614
-2.61
0.062
-1.75
-4.06
-0.95426
-3.47058
4.51194
-0.9684
0.35414
-2.33
1.26
1.68
1.07
-1.33
-12.84959
-1.33
-5.07914
4.61654
1.37998
-0.1614
2.9731
-1.7453
1.11
NA
NA
2.10397
-0.25681
0.9554
3.5747
-0.46418
-3.401
-2.32314
-5.22302
1.6345
-1.93628
-0.566
-3.7255
-1.88403
0.6447
-0.0908
-2.0145
-0.6878
-6.59294
-3.0799
0.6627
2.16049
-2.785
0.22393
1.9318
2.57417
2.4139
1.64696
-5.1302
-3.8146
1.52293
0.9731
0.43353
0.74961
1.80486
-0.0874
1.0406
-8.58401
1.75305
1.3838
-1.01868
2.53984
-2.04109
1.2009
-3.1198
-0.16555
0.6997
-0.9845
-1.24386
0.4257
-7.69529
-0.8774
-2.3147
1.04506
-2.33815
-5.3087
7.87289
2.53717
1.73072
-0.5623
2.62064
1.41474
1.68691
1.3736
-0.53912
0.47614
0.09974
-1.78681
-0.75717
0.7673
0.3806
0.73
2.72454
-6.06048
-2.2381
0.37104
1.9256
2.1862
-2.7763
-1.6493
-3.22235
-1.40218
1.5975
-0.8651
-0.6566
-7.3133
8.73131
-0.2846
-3.30748
4.19774
-1.00993
-1.8084
-2.1161
0.86306
-2.06127
2.276
6.651
-0.7669
2.4251
-0.1782
0.26664
1.11723
-1.67693
2.63649
-0.94655
1.5247
0.0806
-1.0646
1.3255
6.7593
9.2886
3.52604
0.06122
-2.06958
5.5098
-1.88723
-0.7919
1.60535
-26.9749
0.04752
1.072
0.8652
-5.46716
2.417
-1.76125
-0.1523
-4.5721
1.5563
-3.1766
-6.05135
-10.30545
-0.259
2.05317
2.10603
-2.53005
2.4295
0.63569
1.01153
-0.3074
2.48414
0.39872
4.0941
-0.63936
-1.2086
-1.95939
3.0859
0.72653
1.67952
0.6326
8.2338
-1.73537
4.5938
-4.2878
0.225
1.58
2.3179
-4.49178
-1.354
-0.9453
-12.64172
-0.4032
-0.15511
3.56728
-1.3457
-2.09549
-0.71703
-4.5144
-6.8957
-1.3383
2.0439
2.23057
-2.989
-2.79195
-0.3304
2.8983
2.39511
3.261
-0.34956
1.01256
1.09216
-0.3082
0.6678
-6.6932
0.2129
1.0153
-0.5916
0.3604
1.51299
1.3742
0.4266
-7.37057
1.84747
1.01077
-4.33272
0.24044
-0.75775
2.3441
-3.18127
1.11638
0.5785
-7.21839
1.91589
3.04679
0.0545
2.10821
1.13883
14.6294
-4.1144
5.3996
-0.4438
-0.56836
0.027
-0.43181
1.99
0.335
1.52
0.0837
-0.26913
2.2286
-1.4104
-0.03848
-1.2143
0.309
2.3977
1.1487
-0.833
2.78
0.74814
-1.1314
-0.871
1.1332
-0.8287
2.3211
3.32
-0.1088
-2.9623
-2.27
-4.2
-2.76
0.4683
-0.969
1.40166
-4.62
-0.8052
3.1503
-0.1252
-0.8331
-0.2695
-1.5191
-0.9106
-2.6022
-0.882
-1.91
2.3922
-1.46
-0.0852
3.07
1.7221
-0.9668
-7.16
-1.2917
0.5242
-6.9455
-1.912
-1.6262
-2.3825
3.0593
-1.0582
-1.36385
-0.70594
-1.1662
-2.0818
1.8206
-1.36831
2.56706
-1.15842
-1.49863
1.23065
1.80979
-0.4725
0.43764
0.2806
0.22193
0.95358
-1.97415
0.7023
-2.6295
0.37964
3.6651
-1.5823
-0.2095
-5.7092
2.07347
1.5403
-0.7923
-2.5039
1.2141
-0.79632
3.03469
2.40675
-3.56968
0.92356
-0.1056
0.37066
0.6849
1.54867
-2.23885
2.19238
-3.53892
7.94533
1.74672
-5.02872
-4.30982
10.36961
-1.53721
1.46243
-1.2141
1.24968
-0.3181
1.36698
0.76339
1.83678
-0.34382
1.0748
2.1758
-2.57704
2.99739
1.65736
-0.2848
-1.0661
0.67515
-0.6568
-4.83634
-4.80465
3.6232
1.91999
2.61429
-4.083
-0.3322
0.5422
-1.27564
-0.66769
0.02161
-4.1356
0.2113
3.5962
-1.46193
-4.74072
-1.97
0.09921
-9.95455
-1.11
-0.5609
-0.9602
1.2326
-1.9408
1.18592
-0.30083
0.4232
5.867
-0.5211
-6.25432
1.96421
-1.30948
-0.15562
-0.5615
-2.621
-0.8535
-1.9634
1.1786
6.61961
-5.54
6.24
1.09529
0.71046
1.4698
0.18151
-1.0397
0.34868
1.05093
-0.83751
-5.2803
1.632
-1.13
-1.24789
-4.0882
-6.1302
-0.16712
-7.96619
1.50706
12.5042
-0.00893
1.56187
7.72519
-2.047
2.6055
3.8967
4.5317
-0.5527
-6.4763
-11.7868
-0.58118
0.98158
-4.3918
3.6026
-1.6639
1.9858
-3.001
-1.5205
-2.9396
4.5048
3.86369
-2.5562
-0.59801
0.9238
-0.00232
-0.11589
1.2463
0.5158
-0.33912
-0.8899
-1.65603
2.08258
1.13274
0.5005
3.49938
-4.35
-0.0328
0.10102
3.7731
6.21531
-0.7717
11.4065
-1.49374
-1.19
-2.27
0.691
1.69
8.42
2.51
0.302
-1.09
-11.1
-4.9
-3.5916
-0.112
-2.83
2.3294
1.01589
8.50017
0.7151
-11.26879
0.77333
1.52
-1.4
-1.21
-1.04442
0.059
0.931
-2.12544
-2.60295
-0.18898
0.27416
3.7352
1.5438
3.89131
1.84625
0.74113
0.83659
-0.19199
-2.8813
-3.98716
3.69106
2.7315
-3.63649
-2.33005
-10.86186
-0.9542
-1.0102
-1.69667
-1.80373
7.23598
-1.18565
-6.4584
1.9
-4.8402
1.7559
11.2005
13.64093
1.5531
-1.6524
-3.6224
4.10247
-0.6535
2.7674
4.1876
-0.4028
5.8237
-1.61841
NA
4.10427
-0.75545
1.7299
-17.06269
2.9234
-1.8022
-3.10504
4.273
-5.9051
0.0928
-0.483
-0.3781
-0.1253
2.054
1.63323
-1.61223
-0.13877
-10.96363
-10.2728
-11.2508
3.1712
0.0619
-0.9661
0.586
-1.42624
2.70146
1.0009
0.0422
-3.1976
-0.0809
3.0522
-2.26974
0.5422
0.08
-2.1337
0.27
-2.92995
1.64
2.26625
-0.215
0.3238
0.78175
-7.73638
1.0333
-0.5483
-0.61241
-5.38115
-6.4536
2.1513
-1.5845
1.6343
-1.97969
-8.6581
-2.0421
1.1833
0.0392
-0.7119
-6.94968
0.1367
0.1388
0.61123
-1.2888
0.12696
-2.8121
-0.91581
-0.911
-3.175
0.682
-0.42803
-2.82319
-2.80845
-0.6382
-2.1173
-0.1807
0.8178
-0.13512
2.55307
-1.41685
-0.5412
2.91236
-3.06236
0.7263
0.78945
-3.82
-7.4705
0.63857
-0.20177
-0.58659
2.2178
0.47046
-1.5799
-1.436
0.0903
-0.7562
3.6523
-1.08
3.60457
-0.8168
3.5133
2.2909
2.7387
-0.27203
4.3474
-0.76455
-0.61711
-0.9792
2.39
-0.94695
1.73
1.6888
2.44357
4.79485
-0.1223
-0.173
-3.1063
-1.99279
0.5846
1.57554
-0.40209
2.72328
-1.3995
-1.175
-10.9467
3.08644
-6.01961
0.54611
2.72342
-1.71342
-2.24957
9.5968
0.7782
0.20869
-13.53251
1.48
-1.4746
-1.93435
5.57
-1.46331
2.23716
6.9532
1.5461
0.1026
0.04
-1.94
-1.67
-2.3989
-1.91813
0.5293
1.59
-2
1.17383
-1.42
0.55395
0.69348
0.60669
1.92
-0.559
-0.1125
0.744
0.8466
-1.56
1.08072
-8.7123
1.7741
4.31128
-2.82
-2.7644
0.806
1.2541
-1.1229
-15.05125
-0.5217
6.42399
-0.5524
-3.3232
1.187
-1.2609
1.2234
5.36072
0.6388
1.43898
0.8947
2.41706
-2.7341
2.90601
0.5804
0.327
-4.06564
1.51873
1.3251
1.94937
-12.7802
-6.72
-0.5478
-1.53395
0.4599
2.7711
0.0632
-1.00465
0.94871
7.11
-3.5537
3.0252
-0.1871
-0.57675
1.8
1.4811
-1.58976
0.75355
0.63712
1.09
1.69532
-0.9603
2.88176
-27.90458
7.6
-0.68411
-1.9939
-2.4729
2.26289
-1.4285
NA
2.25481
-0.62961
10.12422
1.23707
-17.16769
1.7592
-5.2558
-1.26
4.29722
-1.3024
-6.8128
-11.65203
2.18692
1.1883
2.4403
-0.8993
-2.34108
1.6175
8.6527
0.73058
0.13
2.9724
-0.10369
0.79695
1.81147
0.82666
0.76587
-1.04
2.4144
-0.27655
3.5349
1.96909
-0.0313
0.9442
1.2721
-2.7008
-9.6621
-3.4511
1.457
1.93838
-0.5497
0.77159
13.34917
3.20645
-1.29289
-3.16373
3.7482
-0.0844
-9.18312
0.30542
-0.1021
-3.57791
6.7713
-0.4977
6.47964
-1.9037
5.06967
7.4032
2.453
0.57081
0.6017
-2.30238
3.3266
0.21182
-0.87225
-1.87497
2.50339
0.9901
1.0688
-0.35393
0.83158
2.119556
1.0112
-10.69814
0.8113
-1.95986
0.63116
-9.61663
-0.352
1.08
-8.46617
-2.7779
0.64005
1.3094
1.9559
7.8423
0.0332
0.83393
1.78311
-3.93038
3.6769
1.1693
1.94884
-1.5539
-0.08163
0.1218
4.4911
-2.09742
0.383
-0.05439
-0.717
2.14
0.9862
1.05
-0.7815
-2.12594
1.23128
-2.61526
-4.13141
-2.1431
-1.2032
-2.6332
-1.97692
2.4305
-0.5094
-1.3244
1.1878
-0.90893
-1.20212
2.3833
-3.20578
-1.18293
-1.48361
1.17452
0.47513
0.4197
0.4252
-2.52347
-1.5239
0.675
-20.04084
2.56879
1.20313
7.68
1.6665
0.1693
-0.04653
1.1356
-2.86081
1.9354
1.53
2.4359
1.0689
-4.3522
-1.14831
0.0289
1.1637
-1.6083
-6.83125
1.65651
0.0789
-0.579
-2.1362
-1.40748
0.09731
0.24229
3.2383
-0.16453
2.00945
1.50055
0.05673
2.18759
-0.5213
4.019
1.37826
-11.9001
10.1676
-0.883
1.13125
4.90046
5.41205
-2.844
1.11199
0.389
0.5218
3.7886
-5.94266
1.9354
-1.3072
4.2307
-8.04123
-2.90747
-1.76624
0.2364
1.12481
-0.49181
2.16221
0.62307
-0.881
-3.4113
4.63714
-1.06578
-2.12514
-0.15941
1.02171
-6.8551
1.295
2.07618
5.98619
-3.15607
-0.58668
-5.5543
4.0635
-0.92207
-2.30701
-3.48334
-0.9949
-0.2289
0.7565
-0.99588
0.38256
0.3501
0.3473
2.7338
-1.3632
-6.529
2.415
3.87
-2.03289
3.12669
1.10764
0.77251
-0.9662
-1.5567
0.9968
1.05
-1.8983
-1.4334
3.9646
0.3378
-1.2066
1.52294
1.93359
2.233
0.129
1.64734
-20.44726
0.72
-2.86
2.57
-3.9066
-0.2454
-1.601
8.9321
4.1565
-1.38788
-0.8427
-2.76113
-2.2
-1.04576
-1.4317
0.13452
1.37051
2.93838
4.0042
3.3123
-7.35
-2.7922
0.08198
1.86235
-4.0251
NA
-4.2205
2.86676
-0.21984
-1.2525
-1.6132
4.7102
1.4691
-0.55143
-1.13
-2.8017
2.56285
0.61331
2.8772
0.7833
0.34508
-1.32786
0.253037
-9.96159
-1.2326
0.69266
2.6532
3.2519
-1.0061
-3.4889
-0.44812
-2.4626
2.9094
-3.67581
2.85623
-1.15459
-0.84428
7.30183
-6.4629
0.7685
-0.44686
4.2035
-1.44703
5.57209
-0.5329
-1.34782
-7.27588
2.03514
-4.54692
-3.0727
-37.04389
-3.66796
3.1429
1.7456
-1.18412
-0.26
-9.7
0.6943
-2.58535
-3.54
1.9144
-0.81457
-1.9739
-1.47284
0.535
-4.11053
-22.3997
-0.6293
-2.40098
1.19
0.3857
3.38981
-0.33161
-2.41
-7.5014
0.5658
0.14169
0.94672
-0.98036
-3.68
3.4
-0.629
-0.61578
5.87401
2.83933
-1.42235
-0.337
-2.50271
1.45362
-7.0159
-0.8643
4.19
-18.7416
0.4615
5.8414
19.5431
1.84052
0.9195
3.51691
-2.9345
2.1614
0.178
15.2
-1.5081
2.30369
0.6905
2.13
-1.2122
-2.43117
0.4181
3.12657
1.01
10.9
4.67764
1.22448
4.81
-2.6371
1.52
0.8708
2.48651
-0.5389
NA
0.1871
-1.98
1.93475
3.58
-7.21866
1.36761
0.4441
-3.6
-0.4969
0.79026
-1.28949
-2.487
3.0119
1.09771
-0.116
-1.5595
-1.6047
0.3189
2.6394
-5.1613
3.4923
3.79
0.5483
-0.94879
3.3419
1.4418
-1.4522
3.5935
-1.67
1.59
7.2744
-1.02849
1.6021
0.777
-25.12191
0.6764
-0.0589
7.49891
-2.3245
-3.0418
0.834
-0.695
1.36567
-0.954
-0.8986
-0.091
-1.43116
-2.1763
-1.0698
0.841
-2.9864
8.15933
-2.0841
-0.13189
-1.4171
3.32876
0.62097
-1.7299
6.63263
1.63
0.5731
-0.52077
-2.19217
-0.1109
0.4271
-2.2907
-2.0324
0.25807
-1.23
-0.81355
2.1097
2.61092
NA
0.0114
3.1084
0.846
1.30506
-1.41
9.0796
3.3462
-0.63968
NA
3.19006
-10.5338
0.911
0.86304
1.38577
2.55748
0.7652
0.224
-2.82346
0.00639
2.0202
-0.00322
-3.7729
0.1012
7.85
-7.18772
0.3699
-1.5055
1.89136
0.399
0.1814
-0.9464
1.8354
2.2829
8.523204
5.03526
-1.43238
-2.1836
2.44
0.1597
0.5078
1.52
0.241
-2.18539
0.8443
-11.36423
-1.0173
0.409207
2.2685
0.079
-0.0664
9.09
0.063
1.85
1.285872
-1.5698
2.2548
-2.21606
-0.0539
0.34014
1.2875
-9.38
1.5725
0.5851
-1.044
1.9862
1.2712
2.3799
0.411
-1.616062
2.80771
-0.82927
-3.5787
1.51
-1.0587
-0.1791
4.6023
-2.6742
2.59155
-11.3744
-0.21549
-2.5485
-1.62158
-5.9051
2.2422
3.57
-1.00704
-1.2353
-0.39958
1.34614
-0.29731
1.92219
-1.9463
0.2723
0.88349
0.8592
3.9897
0.605
2.56
-1.8863
-4.407318
-0.2213
2.19861
-0.748
-2.0346
-0.19256
0.12067
-1.0333
4.31913
-0.38533
-0.54069
2.66
2.2525
1.19049
-0.68569
2.00748
7.37469
1.97364
4.617055
-1.55146
0.4585
2.83591
-1.5143
-0.2628
0.7469
2.35
0.67234
-1.3642
-0.3507
1.03707
-1.83458
1.2199
0.35964
-0.8964
0.50316
-4.85178
0.9307
0.24478
0.8493
1.38448
-0.8738
-2.08564
-7.0851
1.34437
6.48721
-0.2058
-0.3091
1.73138
-0.49314
0.52939
1.2473
3.43659
-3.91185
-0.3728
-1.01569
18.62038
1.9284
-1.2896
8.8175
1.1347
-0.07303
-1.7789
5.2992
-1.5088
0.52408
5.09782
-2.5248
-7.5609
0.7826
0.18767
-0.51084
-1.62444
1.25568
2.0764
0.44761
-1.2976
-0.097448
1.79206
0.6414
2.04667
0.21145
-0.25519
10.5664
0.50221
-5.48552
-1.0322
0.22359
2.76
1.157
-0.61631
-3.5573
-3.5862
0.900955
1.6945
1.39883
-2.00756
-11.97337
0.629288
2.17995
-6.05498
-1.55892
-0.6071
-0.08975
0.96497
17.2848
-1.3968
15.4898
-1.0641
0.6575
1.12
-1.2705
-0.28273
0.71638
0.0674
0.8651
1.7878
0.46197
0.7003
-2.7156
-0.194494
-3.5843
-1.80214
-3.17
9.43233
1.572
-1.30762
-0.472994
3.26
1.71398
-3.65952
4.40633
-0.00498
1.04348
-2.5224
-12.22247
1.77162
0.3317
0.91215
1.369
-6.223014
-1.731
-1.62376
-3.36421
-3.4014
-0.80858
-0.08944
2.8681
-0.2469
-0.9381
0.9241
-0.3505
1.70654
18.31325
0.9378
1.11821
3.52287
-0.0118
8.53
1.779148
0.93745
-1.57804
-1.8
1.8689
0.84761
-0.00623
1.618124
0.5898
-0.2661
0.35373
-3.2396
-0.24475
0.516
2.28
-2.47
0.82292
0.64
-2.5169
5.77314
-0.79486
-2.25
-0.4642
1.95152
-3.41
-0.99891
-0.79802
2.46337
2.62976
1.13159
0.30528
-1.3005
-1.9386
0.61004
-0.4531
-0.23556
-2.87736
-1.41429
0.53605
-0.21454
NA
0.23884
-1.6625
-1.7106
0.359
0.96564
NA
-3.2004
6.92504
2.2477
2.97532
1.64629
-1.03
-2.46317
0.75629
0.45364
-0.7033
-2.1819
-1.21
-0.7336
-1.4366
-2.34125
2.357
4.9504
1.1175
-0.64664
-2.34639
0.3007
-1.26017
-2.0336
0.64017
0.63486
-1.11179
-1.77248
-0.9039
1.3237
-0.19571
5.12105
-3.14282
0.6148
-1.9985
4.0483
2.1153
0.5307
0.6353
1.19942
0.2004
0.8559
2.17
-1.4672
1.42
1.01635
1.86055
-0.9554
1.48021
1.1592
-0.8039
0.3527
-1.15
10.6
1.71843
-3.0444
-1.0165
-2.68601
0.7538
2.1244
1.42708
-0.58963
1.3896
-2.5645
0.68086
-0.18037
-0.2133
-0.556
2.3135
NA
-0.962
0.991
-0.55433
-1.95117
-3.26588
2.3314
-2.02076
3.4959
-0.6336
0.4054
-2.4343
-1.17292
-1.69
0.65939
2.78
-3.19406
1.60939
1.15
-1.57902
1.58
-6.97488
-3.56
-5.3933
0.802
-0.3348
0.4662
-3.24394
-0.22853
4.8643
-1.9018
2.07
5.06
-4.7821
-0.3131
-0.4896
1.82327
-0.29503
-1.19101
-0.30573
-0.344
0.75023
-6.6481
2.3962
12.57113
1.7787
-1.6219
-1.1223
0.26638
-5.75
1.74332
-0.421
1.3
-0.86954
0.3154
8.24
1.4487
0.20594
1.25712
1.8375
0.55323
-2.4758
-6.1645
0.86105
1.89885
4.44086
-0.4441
1.1089
0.0105
-0.7102
-0.50551
-2.7482
-0.06232
0.356
6.84401
-11.6077
4.2312
1.1316
4.81
1.229755
-2.69154
-3.93771
-2.9127
0.00486
-3.8356
7.36173
-1.82
-2.19724
0.3077
0.2644
0.4289
-1.06641
NA
3.52344
-1.33
-2.89288
0.45741
-0.33448
-3.5302
-1.13997
2.16776
1.23994
1.63
NA
-3.4439
0.26358
-3.9534
-7.4451
-1.0027
3.30518
3.74844
-0.5151
-0.471
0.357
-0.39213
-2.62619
-2.8923
-1.39
-0.45
1.96
2.1
7.6129
-0.595
NA
-1.2987
1.6937
-2.33
0.26
-0.005
-1.56613
-1.08
-0.113
-1.5552
0.309
2.98282
-1.52313
1.21
-0.6784
2.6854
-3.89529
-0.58284
-1.2394
-5.97885
-3.6671
0.314
-0.2326
-0.39858
-0.5357
-1.50107
0.7432
11.36031
-0.8186
2.43
0.7411
1.77
-0.79127
2.8464
3.05842
-9.37745
-10.6899
-1.67248
3.40441
-0.1381
-0.8454
1.00717
-2.14
10.4114
1.5481
NA
-0.6687
0.50559
1.3973
-0.5605
-0.6907
1.15313
-1.42273
-0.1531
0.2609
-6.62591
-0.2744
-0.0218
-1.36876
2.6745
0.311
2.1459
-0.212
-1.62966
2.41558
0.519
2.36
-1.65
0.328
1.18
NA
2.9307
-0.42913
-6.1
0.2318
3.01555
0.739
-1.78
1.21
3.7811
0.80222
0.416
-0.768
0.8773
0.77212
1.6723
-2.21608
1.8536
-0.88939
0.205
0.2848
-1.23
-0.389
16.43669
1.737926
-3.7
0.44359
-2.24
-1.1627
-0.4684
-1.68
0.6444
1.2019
-0.1613
2.4059
-1.51669
-1.2428
1.04627
-1.53705
-0.1527
-0.89974
-2.7598
1.88723
0.78141
0.107
6.63763
1.5296
-2.0786
-0.7943
-2.7951
4.5519
-3.3391
2.23832
2.39004
2.6808
-2.18594
-1.3038
1.7
3.3066
-0.53525
-0.641
0.151
-4.33596
-8.7452
-1.71
-1.5626
0.9335
-4.9701
0.21026
-1.40207
1.45
NA
0.49778
2.59
7.3244
9.53516
-3.12452
-0.2018
1.7115
-0.3271
-1.1727
-4.16546
3.409
-2.62
1.51
4.1606
4.13767
-2.22
2.6868
3.1396
0.49217
-0.6826
-3.50517
-1.69
-0.3466
-0.42171
0.56467
-1.5885
0.6411
4.0092
0.6326
1.3411
0.96216
5.0048
2.11621
-0.312
-1.45092
-0.17976
-1.3517
-1.73
4.31713
3.55189
0.379
0.718
1.87
8.0761
2.09319
-1.59
-6.50012
-0.37417
NA
-1.7466
1.7323
2.45
5.572
6.82389
-2.44629
-0.297
-2.2801
-0.6946
-0.68671
0.11416
1.2561
-2.54039
-1.4041
0.15516
-1.03651
-1.4768
-0.51528
-0.5888
-0.04019
-2.0909
-2.035
-3.17475
-1.37573
-7.0468
-0.0863
-0.89777
2.17071
2.09658
0.84092
1.91138
7.777
2.1153
-0.0311
-0.54871
1.47
-2.28963
-0.6835
0.97013
-4.80609
-2.66523
-1.83355
-0.43833
-3.5189
0.1798
-2.86227
1.3336
2.46235
3.1534
0.1062
-3.85058
-5.71129
1.783
2.1953
3.22843
5.278
0.56674
-0.137
-2.2976
1.51966
-0.54853
-1.18315
0.003
1.51672
-1.01053
-1.9143
-0.31771
-0.5983
1.29944
-0.83127
-0.52656
1.40232
-0.34409
-0.49481
0.34031
5.7794
3.95754
-1.97684
-0.5352
1.36078
-2.96267
0.1216
0.298
7.3378
-2.4591
0.8886
-0.51962
-2.6056
1.2311
0.46614
2.61973
1.11229
1.42753
-1.84425
-0.0095
1.367
1.00861
-0.3707
-0.10712
1.4312
-5.91713
-2.76824
NA
0.2656
NA
NA
NA
NA
NA
NA
NA
2.8635
-3.42712
NA
NA
NA
NA
-0.97233
NA
NA
NA
NA
NA
0.05139
NA
NA
1.4
NA
NA
NA
NA
4.18851
NA
NA
NA
NA
NA
NA
NA
-1.32614
NA
NA
NA
NA
NA
NA
2.6904
NA
NA
NA
1.13
0.01212
4.7792
NA
-1.00556
0.81605
-4.34182
0.9313
-2.34
-1.453
6.2574
-0.275
-1.17839
0.714
0.0612
3.04
1.013
-1.92
-1.672
-1.66277
-0.04415
0.9836
-1.99
0.74007
1.5545
-1.16
-0.91084
-0.8398
-6.0118
-0.723
-4.5817
-0.572
1.8329
1.6084
0.78169
2.52
-0.78007
3.284
1.94098
0.10767
-0.911
3.845609
-0.0261
-1.4774
-1.55092
3.6062
4.0006
1.2913
0.5112
-1.49729
-0.259
8.9589
-0.3137
5.44043
-0.45282
-0.18129
0.25457
-2.37499
1.5489
0.155911
-2.80864
-0.6693
1.5702
-0.8797
-0.5529
NA
NA
NA
-0.4833
2.76607
1.9017
0.21148
-1.984
-1.6078
-1.26843
-3.08479
-1.44496
3.6381
0.66672
-0.0971
1.30421
0.1041
-1.13319
-1.2548
0.1786
0.0032
-0.0589
-5.6793
-1.7636
1.1
-0.714
-0.557
0.005
0.59793
-0.2635
0.72651
2.04363
-0.534
0.3615
2.71392
3.80611
1.41061
-2.1566
-2.42
0.888
-0.7323
-1.33221
-4.5475
-0.5638
-3.14
3.59724
-1.0627
-0.673
7.33
-3.4286
15.87687
-0.0535
1.60286
-3.6363
-4.70051
1.56644
-1.88337
-4.33339
-2.4573
-3.23
-0.7998
-1.49179
-0.3294
-4.14475
1.58928
-3.2
0.31065
-0.261
-0.7324
NA
6.04074
1.1755
-0.5232
-2.77
NA
-1.07
NA
0.0688
-1.67
0.0546
2.81412
0.0165
-3.50558
4.56762
2.93308
-2.52452
0.59686
2.1714
-1.12194
-5.49
-0.653
4.57
0.147
-0.88216
3.07
-2.2006
2.7026
0.797
0.1475
-4.2506
1.04319
0.592
2.4736
0.3461
-1.08
1.46
-0.42856
-0.453
3.18
0.71893
2.9152
-1.254
1.16
-4.95
2.0863
-2.21838
-0.49213
4.22153
-1.6083
-0.23929
-4.45773
-3.28
0.5687
4.03624
2.64893
-5.4666
-3.58207
-0.8773
2.4699
-5.1697
-26.83328
1.5598
0.32228
-0.157
1.7497
-4.79777
4.6417
0.51686
0.49468
0.0913
3.04624
-1.4284
NA
0.31529
NA
2.89165
2.64
0.36764
-0.365
-0.11932
2.62
0.66797
1.8044
0.12159
-1.5585
1.05876
0.66302
0.65225
-1.5339
0.8952
0.83648
-0.0526
-2.3965
0.4239
-1.89
-1.0823
-0.2475
4.6932
3.1535
-0.8734
1.36432
1.6527
-1.0688
3.59706
-1.26027
-3.5398
0.05368
1.10887
-0.51965
3.5505
-1.28033
1.3298
-1.3077
2.065
-0.81315
-5.92527
0.84927
5.8397
-0.3694
-0.39605
-2.477
NA
0.5331
1.1933
0.62711
-0.66161
-0.10939
-2.40735
10.43707
-1.50387
-3.75981
-0.816
-2.2618
-0.0644
0.07638
0.06963
-0.6544
-5.4367
-0.727
-0.1304
0.526
-1.6336
-2.64333
-1.43
3.1296
-13.57243
-0.5959
-0.00235
1.78132
-3.42
-3.3226
0.0519
-0.76634
-0.75501
-2.42415
0.4614
-2.26233
NA
-6.6848
0.608
-1.41664
1.62052
-1.71532
-0.727
-3.3151
-1.8198
-0.0243
2.14897
2.7922
2.7411
1.09331
-0.88822
-0.69298
-0.4694
-0.913
0.59165
-5.07
1.3182
-0.025
0.0986
0.7493
-1.67
-9.1113
0.68078
2.68779
1.98074
0.4421
2.56989
-0.3676
0.1951
-1.81
0.11959
0.6118
-0.409
-0.71249
NA
2.086
-0.7103
0.2341
0.61117
5.3865
2.90945
NA
-1.0239
-1.52802
0.52751
0.5423
-0.28649
-0.02498
-0.3643
1.4059
-2.51141
0.90921
-5.9
-2.48074
NA
-0.2651
-1.4581
NA
0.1758
-2.5561
1.511004
-2.8187
0.000757
0.82916
2.3082
1.42836
5.1948
-3.32877
1.26315
0.16411
-3.71271
-0.84626
-4.66359
2.11374
1.2403
0.60818
0.314046
1.3792
0.67172
1.7569
-0.0938
3.49266
-0.9201
-2.09104
0.791
0.0855
-1.1984
1.927
0.91548
-0.353279
-2.5674
-0.1666
1.2672
0.0991
0.4097
-0.11108
-5.50813
3.5622
NA
1.4832
-1.99
-0.88697
-2.5572
-1.76
-1.50534
1.19
-0.314
2.11945
-0.5766
0.41117
-3.8481
-1.3266
-0.90294
2.09361
-1.4898
1.85425
1.53104
0.6386
1.40135
1.0538
4.08149
-0.9597
3.84395
4.48
NA
1.6373
2.74
-3.3734
1.45779
-0.471
0.4058
-1.19131
-0.2228
-1.49654
-0.641
3.31954
1.1194
1.3187
-1.76
0.1999
0.431959
-0.2792
3.16
-5.95525
3.0927
-0.605
8.6094
2.04
-0.796
0.12
1.87
-0.9289
-1.21
4.042
6.47737
-3.0204
-0.43715
0.74852
0.96231
NA
-1.6159
0.8411
0.596
3.4036
-1.1256
-0.49295
NA
-3.05368
-0.99219
4.5765
1.90604
2.51567
11.2687
1.1289
-1.93195
0.9768
0.34681
-1.05506
-0.6907
0.82373
1.136
-0.5012
NA
-1.63325
8.43571
-2.14474
0.5139
-0.40325
-0.00533
1.6586
0.77315
NA
-2.92296
-1.16
-1.98766
-3.5214
-1.1658
NA
-9.19376
0.3888
NA
0.56509
-5.2284
0.3574
-0.75909
0.588
-0.7754
1.3
3.02
-2.92856
-1.3149
1.1782
4.41851
-0.1252
1.14965
0.76067
-0.5955
2.59206
-0.3066
-1.34959
0.41693
-2.0056
1.17819
-1.69344
1.90539
-2.92599
-0.20639
3.24
-2.42738
1.72056
6.31943
2.20494
-1.05556
0.337
-1.44257
NA
0.4477
-1.2145
-2.6
0.18324
-1.00238
0.7124
2.18
0.33507
-0.83
0.9817
NA
0.4486
-2.4651
2.9337
1.34826
-4.6
1.0887
0.258
-3.71536
-1.13
2.0919
-0.70791
2.52
1.55729
-1.30582
1.3315
NA
-1.92946
0.153
-1.9699
2.6476
10.62767
1.917
-2.04
-2.3243
1.74
-0.22249
-1.87975
3.52845
-0.81923
2.67438
-1.471
-0.66759
-3.5658
-4.26
2.6565
0.1927
-4.46363
1.76
-0.3723
-0.2517
0.9255
-2.4659
0.94162
-0.6219
-3.5662
-1.4841
0.67632
1.1662
-2.0091
-0.21
1.0482
-0.5842
-3.17
1.37
-3.44
6.921
-3.27098
3.7429
-0.8442
-1.49882
1.11329
1.519
-0.5869
0.647
-0.214
1.40133
NA
-2.7652
-1.13095
3.98797
-1.36
-0.1447
0.137
-3.08258
NA
-0.628
-1.27864
2.31144
-4.98907
0.1245
-0.6189
-1.0782
0.38251
-1.6763
1.946
NA
-1.631804
NA
0.29373
-5.2499
-3.88
0.20911
0.0399
NA
4.11122
-1.60496
1.85201
4.23118
2.62908
-0.3002
1.9205
NA
-2.92819
4.82067
-0.21024
-0.11364
-5.94971
-1.52125
NA
-0.81886
1.11903
-3.05225
2.30477
-8.98738
-1.927
-1.29082
-2.311
0.6724
-1.3193
-1.74977
-0.44151
-1.66
-0.0823
0.77874
1.46336
0.37416
NA
-2.9164
-1.26708
-0.2832
NA
1.0959
-4.1887
3.51208
-13.15914
-3.29674
8.4
-0.1264
-0.38841
-3.5196
1.35794
-5.4197
0.125
1.26084
0.0168
-1.82
-0.61413
-1.48
-0.11531
NA
-0.3749
1.53
-0.95411
-0.18573
-4.0024
-1.1519
-2.57
0.49061
6.39
-0.2835
-4.0035
-0.94299
1.1872
-2.43
-0.88922
2.97946
4.7225
10.46098
1.72326
1.0057
-2.6578
-0.40107
-3.36814
-1.70004
1.53042
2.96795
-2.02808
-1.3075
0.1355
1.2134
-0.35421
-3.08637
1.22
-3.8481
0.22081
-5.19347
0.432565
1.46
-3.2986
-0.07531
0.90673
5.84
0.292
1.67857
-1.0936
-1.0461
-1.13053
-1.76
1.22721
-1.69779
-0.59416
0.9512
10.0061
NA
1.95
-2.7086
2.9626
1.80263
-0.208
-0.96684
-1.53106
-0.41382
-1.09677
-0.30614
-0.93995
6.9932
-0.72504
-1.4223
-0.73755
-1.8527
0.351
0.22998
-0.6467
-0.796
-0.8601
-0.385
-4.6254
0.9176
0.553495
-0.611
-3.20283
1.927
-4.1525
-1.96623
-1.8759
NA
0.6468
1.804
-0.1053
2.0655
-2.54821
-1.212774
-0.96114
-2.36147
0.685
2.05326
0.89802
-15.8546
2.81364
1.533577
1.6641
-4.92904
1.4978
0.52898
1.9226
-2.5572
8.6492
NA
-2.86246
2.01886
0.12463
-3.5813
-3.06562
-0.96698
9.27646
1.4179
NA
-0.4707
-0.6568
7.52789
-1.2071
1.65175
2.3587
2.6435
0.59724
-0.958
3.24059
0.85064
-0.86905
3.0224
-1.39644
0.06355
2.21749
1.5447
3.915897
0.18375
0.788986
NA
0.2787
4.6402
0.61687
-1.20053
-0.15595
-0.90737
3.89225
-0.149
2.16837
0.199
1.97812
0.0043
0.12215
3.61
0.591
-3.71227
0.25849
-1.26673
0.35602
-1.63438
-1.1327
0.3204
0.834271
1.21243
-0.6025
-0.21715
0.4785
2.1547
-1.4777
-1.92875
-2.6512
-1.0644
-0.29098
-3.41
-0.38571
2.19521
3.4738
7.91827
-2.41582
1.4923
-3.794
-2.28563
0.935
0.057
3.30713
-0.83169
-2.8653
0.9011
-0.059
0.83549
-1.5031
2.24
0.64142
0.76067
0.02922
1.53616
-0.88603
1.57
0.29606
-0.53267
1.28001
NA
-2.80382
-0.4984
2.7935
1.44392
-2.8977
0.5321
NA
-2.9198
-9.43812
-0.40853
-2.56495
-0.0598
0.14093
NA
-1.30013
0.776923
-0.87888
-0.30943
-5.2454
-1.461442
7.3804
3.26422
2.2041
-0.22018
-1.2
-2.79965
-0.3512
-3.4131
-5.2364
-1.29224
1.97725
-1.64079
NA
-1.45989
-1.2251
3.95315
0.13917
5.4996
3.845201
-0.44629
-1.35516
-1.93817
0.88939
1.45415
-1.1697
-0.09457
2.07543
2.3677
-6.98674
10.65313
-1.82067
4.07
0.908
-0.54527
NA
NA
0.73507
-1.4397
0.20981
1.5785
0.12314
-2.68641
-0.36174
1.22718
0.9033
6.59792
0.40623
1.15909
-4.17846
3.4
-2.35
-5.20928
0.56105
-0.19309
-0.738
0.01211
-0.27447
0.0379
-5.76067
-1.3193
-0.476
-1.53777
0.45808
-0.4862
2.07
-2.05551
NA
-1.04
0.81044
-1.4751
-2.05
1.1006
-0.89652
-3.2971
2.9789
0.86132
-0.253
2.15
1.76543
NA
-2.08531
0.362
0.0742
-5.65345
-5.4447
9.7899
-0.62204
0.89876
-0.31
-4.03202
11.4653
-1.01049
-2.4018
-1.69182
0.129976
-2.16622
-0.2547
14
1.83947
-1.66591
-0.3121
-2.4539
-1.9699
0.8495
0.54003
1.8167
1.77866
1.82
7.2077
-0.5621
-1.5706
1.9256
-2.48
-6.0511
0.267
-3.4974
-2.3304
-2.8287
-1.42
-5.0162
2.7635
0.94766
0.0512
5.44
-1.58
-3.04624
0.04472
-0.35614
-0.50143
2.7152
-0.56456
-1.09
-0.0625
-0.222423
-2.8372
3.90876
3.35
-0.3694
0.1772
2.03268
NA
0.4099
0.2451
-2.2512
0.6208
-1.1587
-2.22494
3.8476
0.427
-2.5617
13.7105
8.6993
-0.17589
4.78692
0.484
0.2694
-1.947
-0.84784
-1.28301
-0.902
-1.76
-0.04169
1.4
1.2647
-2.1661
-0.0846
-0.898
0.4548
-0.60007
5.71
-3.18
-1.64912
0.03216
0.500081
0.36435
1.56
1.34
-0.5276
NA
-2.42346
-0.31885
-7.9588
1.621
0.8201
0.8576
0.12792
2.8683
-0.1057
-6.97761
11.3555
0.7041
1.8879
-0.1774
-1.95
-0.7111
-1.225
-1.8156
-2.7257
6.5302
1.01361
2.6759
-1.9452
0.07501
-0.34615
-0.6124
-0.1929
-6.0069
2.4893
-2.0775
0.8278
-2.68773
0.5629
-0.3448
-0.4262
-1.2548
-0.35498
-2.1583
2.63767
-1.86029
1.0848
0.40397
2.4314
-2.68149
0.69011
-0.76164
-2.4796
1.7484
-3.8658
4.9389
0.02417
-0.674
-0.06391
-1.50121
0.0772
0.3723
0.5662
7.11155
0.54912
NA
0.22916
4.81081
-1.3891
-1.75674
3.151
0.60433
-0.5916
-1.7168
-5.34389
1.74231
0.1756
1.2626
-4.028
-1.18425
-7.42085
-0.59959
-0.53906
4.6424
1.39641
-20.38081
-2.92783
3.27456
0.71316
0.13123
-3.5032
-1.0572
-0.1481
-8.3283
-0.73653
1.71988
0.44241
-1.6387
3.608
0.81515
-0.99717
-0.2191
-0.442
-0.95
-1.1091
0.8101
-5.5254
-1.43807
1.12916
-3.0247
-1.9772
-2.1599
-0.942
-2.8285
1.5249
-2.136
0.3337
0.24744
1.3819
0.5482
4.3251
-0.6356
-0.96416
0.0452
-1.0232
4.8694
0.96919
-2.7228
-2.08171
0.38166
0.412
0.64228
-1.64094
-9.98
-4.361
-0.3849
2.3712
-0.53893
-0.14018
-1.2152
0.50152
1.3344
-0.0775
0.7719
-0.4415
-0.94477
3.384
-1.0223
0.8946
-1.5768
1.39507
-6.6399
0.09412
1.7359
-3.564
-1.69936
0.55777
0.50189
-0.25024
-0.07208
NA
-1.21206
-1.25789
3.404
0.4922
-3.9444
-2.6857
0.9844
0.5858
1.9606
1.7852
-0.523
-0.85896
1.4662
-4.7982
0.8735
NA
1.7485
1.3687
1.202
-2.23048
-0.6728
1.8804
-0.5073
2.31969
-9.2686
-1.12483
-5.0501
-2.57624
1.15769
0.05053
-0.5362
-0.58519
-2.93779
-2.2614
4.37578
-1.668
-0.1019
-1.293
-1.40585
-0.4799
-1.58001
0.38335
0.5636
2.0164
-3.4558
2.0873
-3.63532
0.5807
-1.58585
-0.1337
0.0961
-1.4621
1.58723
1.2623
-1.73883
1.1159
-0.59298
2.4041
-4.4283
-0.1495
2.4549
-0.1368
0.1624
-0.0418
-0.35861
-1.3937
0.9948
0.49246
1.5614
-3.1293
-0.51193
-1.4538
-0.0189
-1.41
3.79
0.08699
-1.6019
0.6764
0.1396
1.6553
1.69
-0.17462
-0.6478
1.7783
-0.93797
-0.0746
-1.6824
-2.044
-0.0701
-2.4176
2.4926
-0.2649
2.6822
-0.6664
-2.178
1.67
-0.0207
-0.3176
-0.73788
-4.27464
5.4018
-0.2667
-1.67443
0.943
0.0092
0.2149
0.2036
4.23396
1.5641
1.10155
-1.3985
-0.5536
-0.11721
-5.0601
2.6868
-1.66217
-1.64342
0.0995
0.7909
-0.7705
-4.12086
-3.2522
7.9721
-0.66592
2.64763
-2.0716
3.69634
-0.86633
-0.62432
-2.8
-1.81572
-0.184
-0.8737
-0.45668
-0.21314
-1.5481
-0.93722
-0.29308
0.11828
1.1547
-2.708
2.7261
2.3727
-2.29565
2.38046
-0.6974
2.1412
2.63409
2.11057
0.18493
-1.41564
0.40361
2.98024
2.08303
-7.57459
-2.2258
7.14754
7.36019
2.1588
-0.75798
-4.31261
-0.29745
1.32078
-7.415
0.7771
1.3287
-0.02521
-2.67666
-1.2224
0.6893
-1.58158
-0.6372
1.05298
3.72433
0.36921
0.8621
-0.45489
-0.0921
0.79518
1.15097
-0.40484
-5.81407
-0.8316
0.26
6.04354
-0.6759
-3.31497
-2.66565
-3.00822
0.924
5.44215
6.30459
-2.2519
-2.64021
1.2187
6.87634
-1.3162
-0.3337
-1.2548
0.27698
4.49
-1.2965
-5.82518
-3.32928
-0.03815
-2.99
-1.66518
-0.52416
-7.64618
1.07158
-7.2882
2.88109
-1.11969
2.16806
0.23645
0.7801
-2.9202
-0.37813
-3.0617
-0.0466
-0.8195
1.27686
-0.18118
-5.57053
-2.8916
3.26401
-1.5869
2.2027
1.37
0.58768
2.75509
1.61801
-4.1653
3.85362
4.62898
3.0663
1.81462
0.0137
-1.45099
0.55121
-0.07825
-3.64626
0.25414
2.9997
1.4863
-0.8226
6.398
1.859
1.66051
5.49546
-1.44086
3.1365
1.9438
0.038
2.22006
1.203
1.26782
0.06036
0.74398
-0.1133
0.75636
1.64775
-0.08379
-0.2874
11.4675
3.1316
0.1057
-2.1637
-2.2512
4.04379
3.58412
0.05819
0.8529
0.28961
-3.8639
0.64393
2.9519
-3.42844
3.49059
-0.27911
-1.1064
-2.86256
-1.68
0.24204
-0.8677
-2.42332
1.53187
0.9966
0.2725
0.2127
-1.6508
-4.1175
4.37854
1.8039
2.4161
-2.8395
-0.8169
1.5117
2.6701
-0.4564
5.0936
-0.2526
0.7937
0.2413
3.4506
1.0394
2.1386
0.1428
-0.9821
-1.5355
3.0664
-1.913
-2.5707
-2.6886
-0.9167
-0.3872
-2.0778
2.0298
-0.1166
0.8418
2.0758
4.2744
-0.4328
1.1843
-0.5723
1.8159
3.2391
-3.8062
-3.9033
-0.5543
6.3596
0.10826
-3.75961
-0.765
2.59285
0.6167
-1.0694
1.63655
-0.84921
1.8554
0.6733
-1.9631
-0.7572
-2.36585
-0.6502
2.01524
1.36838
2.38231
-0.48886
-1.5643
-9.8266
3.94788
-2.67256
1.52313
1.69
-2.06923
0.27475
0.5799
1.55382
0.05651
3.00515
-2.1156
-0.9228
0.137
6.45864
-9.6471
-2.45545
-1.70755
-0.6082
0.43807
1.7842
-0.0794
-1.79114
-4.27417
0.6144
-5.90179
0.01236
-1.6096
1.7441
0.87164
4.46401
-3.3704
1.7274
-0.1645
-2.80553
3.28303
0.04796
2.6677
2.62237
2.99523
0.1749
2.07596
3.5823
-2.36319
4.6453
0.9277
1.4155
3.20306
-0.96973
3.2923
3.5115
0.9558
-2.35188
1.03632
-0.43417
0.54006
0.54482
-0.22425
-1.9093
-2.9485
0.9829
1.2602
2.2
0.1464
0.03502
-0.14303
-0.89554
-0.7626
1.1137
-2.97998
-0.40751
1.7464
-0.7622
-3.4794
-4.3849
0.60164
-1.19693
-0.25205
-1.72882
-5.0058
3.8703
8.3964
-1.4754
5.75
-0.7846
0.48396
-8.86155
-0.8184
NA
-1.7216
-8.45142
-0.092
2.08535
0.5355
2.92599
-0.575
0.357
-1.37333
2.155
-1.6083
-1.24005
0.0751
4.2038
-1.83601
NA
NA
1.2049
-0.31605
-0.3051
1.487
-3.1563
-0.20716
-5.41309
2.5569
-2.3541
0.6669
0.95042
-0.128
9.6316
0.639
-8.05714
-0.6885
1.2107
-1.50628
-0.33216
-0.19629
-1.31184
-0.01496
1.3052
-0.1501
2.9624
-2.1026
2.16113
0.17781
0.00348
6.08785
-0.5109
4.0557
4.87972
2.60255
-2.1026
6.3003
-0.18955
1.7512
-4.15643
1.6891
-0.63912
3.32452
1.2702
6.22238
-1.09745
-3.41853
0.46656
0.302
-0.583
0.42522
0.978
0.14508
-0.39184
-1.87916
1.72646
-4.65817
-0.661
0.44712
1.02
-4.01459
-1.32229
-0.1979
-0.0632
-14.15126
-1.2003
4.9741
0.59353
1.39789
0.4971
11.1185
0.9437
-3.3746
-0.488
0.8729
-2.422
-2.12686
0.22835
NA
0.45288
2.43966
2.4516
2
0.10015
3.59933
0.26168
-2.9128
-0.8852
-1.5408
-4.33151
0.1225
0.34455
-3.4195
-0.30258
-6.8423
-3.3746
0.9905
-0.3129
-0.2523
0.41544
0.4228
-0.8916
0.5749
-3.6887
-0.4073
-2.824
-1.9063
3.4525
-1.55445
1.7312
-1.58761
1.49092
0.9735
-3.67524
-1.0709
-1.61
1.3
1.7435
-1.27244
1.31
-3.72735
1.1218
1.4881
-1.63
1.48
1.1
0.874
0.9708
-0.36268
-10.05847
-3.43
5.3
-1.35
4.69
-0.5467
1.57026
0.142
-3.9
-0.9658
1.8023
-2.42
-0.586
-3.87
-0.5648
-0.4985
-0.41643
-4.68
-4.14115
-3.12
-1.78248
-3.15681
1.34
6.4328
-3.78
-2.5974
-0.195
1.05
-2.6615
0.32
-1.1104
-1.58
0.89732
-1.32
-1.25
-0.142
-2.37003
-0.5873
-0.7242
2.09
-9.28
-0.662
0.488
-3.36
-1.5066
-0.3323
-1.7405
1.91
1.39483
0.3498
1.88785
3.4728
-1.84
0.753
-0.0399
1.52882
-0.231
1.5709
1.91
-0.05886
-1.02
-7.62
4.88
-0.441
-0.672
-0.0235
-0.154
-3.8404
-2.13
2.45
1.43
2.94
-0.614
-1.86
-3.12
1.38
-1.35
1.21
2.59
2.53
1.3298
-0.109
2.45
-2.91
0.124
0.9547
0.683
-1.5195
-2.64337
-0.943
5.7415
0.0505
0.563
0.3497
-0.834
1.31
-1.45
-0.0801
0.0077
10.3
3.9
2.94964
-0.407
-0.65142
-4.09
-4.19
0.48493
2.98
-2.52869
-0.64
-1
0.281
0.338
-0.256
0.6757
-1.77324
1.99886
-1.7983
2.8477
0.375
-1.99851
0.43969
0.31772
0.7388
-9.8542
1.50093
-0.7379
-1.2892
-2.5112
-1.1502
-0.06833
-0.4542
-0.07629
-0.3715
-0.43
-0.079
-3.4682
-7.2504
0.10659
-0.8777
-0.1373
-0.429
2.05
-0.39814
0.42234
-2.8452
-9.331
-0.25276
-1.90576
1.4847
-0.3042
8.4523
3.4133
-1.4395
-0.57
3.48048
0.5111
5.7942
NA
1.74635
1.1795
1.6961
8.0233
0.3891
0.55121
0.94447
-2.73
5.2895
-1.785
1.0065
-0.3245
2.46
-2.90298
-2.76
3.24
0.9792
-1.8774
1.08405
2.1066
0.382
1.32
1.69456
NA
-1.68832
-1.30554
1.23865
1.38438
-4.11008
2.14903
0.5516
-0.1836
3.1845
-6.4988
NA
-0.0466
0.2828
-0.8453
2.2077
-2.29946
-0.081
-1.83445
-0.98468
-0.623
5.335
2.3968
-2.4496
1.1661
0.4583
-1.4933
-1.64805
NA
3.8524
-2.8096
-2.0987
6.26662
-0.94256
-2.5069
-0.77001
0.56555
-0.26743
-4.3807
-1.3735
-1.79126
0.28694
-0.93466
-0.31491
2.26225
1.19857
0.7998
-0.62383
NA
-0.7264
-0.1702
-2.01446
1.0485
-1.7688
-0.81924
-0.8575
-2.68
-2.85693
1.9676
2.2984
-0.20478
1.1
-2.59605
-10.31
-1.78592
-1.8478
0.0285
-0.938
0.89358
0.07332
-1.2593
-0.68101
NA
1.2125
0.0149
-0.08259
NA
-1.4805
-2.73619
3.32066
0.00688
1.34207
-0.697
0.1009
-0.689
-3.88201
0.04363
-1.8507
-0.3736
-2.04
-0.2268
0.0852
-0.57474
3.4014
0.31698
-10.89439
-1.52814
-1.03794
2.44123
-0.59171
-3.16147
0.698
-0.98152
3.1422
-0.74251
-3.92261
-0.5017
0.5812
-0.52776
-2.39565
NA
1.4776
3.89369
0.98288
0.9228
-5.6793
-0.21821
1.1922
2.58
3.4925
-6.09346
-0.617
-1.27781
-2.52265
0.3782
0.4197
0.8435
0.7638
-0.0242
2.38
0.16117
2.51959
0.6026
0.06
0.65587
-0.8196
4.70734
-0.4752
-2.81383
-2.91
0.3865
6.84
1.8542
0.53164
-3.41
-3.5631
-0.779
-2.0474
-0.41498
0.4221
0.963
0.31215
-1.1184
1.2661
-1.2136
NA
1.02
-3.4579
0.09694
1.0128
0.2184
-0.1702
0.435
-1.0316
2.2915
1.9115
-0.56002
-1.6889
-1.1711
-0.72892
-5.7448
-6.7381
4
-1.3696
1.34982
0.54107
-3.46508
-0.4246
-1.3612
-2.54393
0.5806
0.423
-1.4514
-1.2095
1.0276
5.6282
-0.489
3.7897
-2.83774
-3.0037
0.7835
0.302
-0.923
-2.4248
2.0757
2.58081
0.084
-0.37906
0.01941
NA
-9.907
0.7237
0.0338
1.8878
-0.8862
-0.4945
-2.3821
4.431
-4.4
-7.92621
-0.9382
3.32
-4.0181
-0.4762
1.47
-0.0255
-1.04954
2.9183
-0.4322
-8e-04
-1.8492
-1.66512
-0.2461
-3.0982
-0.2693
4.3648
1.44232
-2.3334
1.64407
-8.8942
0.9641
-1.3864
0.773
-0.89488
-2.28559
1.8776
6.6716
-1.7044
1.86589
-2.83804
0.53108
2.91645
-2.32796
5.1478
0.78291
1.7794
-7.8312
0.59315
-9.53979
1.53908
0.723
1.30576
2.11289
-0.50022
3.42
-2.1418
-0.92971
-0.0456
0.7082
0.88542
-0.7671
-0.08268
-0.2228
0.38
-0.59991
-0.9467
-2.0378
0.24921
1.5824
-1.73538
-0.927
-2.8246
2.45
-0.18196
-1.93432
-0.23604
11.10674
-0.9981
-0.3069
NA
0.23502
-1.5267
-1.0091
0.33507
-0.22355
-0.043
2.2513
-5.23871
1.0892
1.58247
-5.31733
0.014
0.5295
-0.6269
7.21202
2.25353
-0.139
2.8703
0.5636
-0.8885
-0.75205
-1.4759
0.95133
1.5
-0.38625
-0.565
1.17203
-7.1684
1.94073
-0.33848
0.612
-0.414
-1.52181
-3.86464
-0.5283
-1.84936
-0.94091
1.25883
-3.03305
-4.9774
-1.4305
-0.1098
-1.52635
3.61445
10.60799
-0.5211
0.1105
-0.6267
0.68795
1.5685
-1.28365
-2.81999
-2.1838
2.32903
7.2785
-0.169
0.79522
0.0308
1.7187
1.60036
1.23107
-0.26004
0.012
-2.3037
0.7745
4.48
-0.2931
0.96
2.02
5.7093
-0.6514
4.26493
2.06
-0.3179
-0.23195
-1.2838
-0.457
0.00758
-5.7529
2.46713
1.2758
0.12652
1.29005
0.7969
-1.6
-2.3738
0.4762
-3.16572
1.69
2.01905
3.7447
1.3573
0.1063
-0.589
1.50112
4.8399
1.796
-0.4722
1.01
-0.1755
3.173
-0.24202
2.31861
-3.3704
2.02279
0.00907
2.46986
-3.47438
-0.3636
1.13
-1.32495
4.75498
4.2695
-3.5531
1.888
-12.1345
-0.15885
0.4118
1.43697
3.1804
0.5566
-0.46467
4.9504
1.7068
8.9723
-5.3849
-2.51841
5.61576
0.1661
1.88
-4.47314
0.0938
NA
-2.25205
NA
-7.7743
1.37133
1.1404
-0.3161
1.04123
-1.4172
-0.1787
0.2472
1.981
0.98164
-2.81
-2.0035
-1.4
-1.55776
0.1532
-0.289
-1.64635
-1.4486
1.26964
-2.14291
-0.584395
2.87277
-3.2581
-2.31245
0.0221
-3.7122
-0.285
0.87756
0.4519
3.17
-2.22
-4.1405
0.699
3.13
-0.0785
-0.637
0.74505
-0.4589
0.1239
NA
0.153
0.16532
-0.63554
-0.9708
-0.71664
0.496
0.73043
-0.9291
4.59915
2.21437
-0.000782
3.16836
-1.97731
-1.7453
-0.7642
1.39042
-2.1405
-0.45922
3.61688
-1.6836
-1.3267
2.5171
-1.99086
-0.5015
0.42111
0.585
2.91833
-0.1863
0.7784
1.8349
0.6582
-0.4299
-3.71155
-3.0086
0.05366
0.0727
-1.74751
-0.382
-0.66352
