2.4512
-3.9545
1.6284
-0.17
-2.3847
-7.8023
0.2878
-5.1189
-2.42517
-0.0977
-4.5552
-0.2589
3.2624
-2.6257
3.171
1.5366
1.823
0.06197
2.57
3.20151
-2.5644
1.5518
0.3544
6.3526
-1.9634
0.957
2.8979
-0.31292
-2.60449
-0.27076
0.365
-2.356
2.1288
1.2446
0.8273
-12.0683
-1.354
-0.39732
17.2329
0.10745
0.9805
2.05
1.1418
-1.5644
-0.307
1.58992
2.17392
-0.6535
-1.28
3.7764
5.12
-9.5538
-1.03371
-25.2941
1.22834
2.77367
-0.2239
0.5161
4e-04
-5.2492
5.5401
-2.354
-0.65935
3.29676
1.7285
0.7654
2.2332
-1.75433
-0.0256
-0.0968
0.11146
0.0212
-1.8582
-0.2114
0.96168
0.531
0.7613
-1.9
0.8922
1.9615
-0.46741
-1.5829
-5.49837
2.9912
0.8921
-2.4657
1.87
-0.0313
0.2779
-1.3249
1.642
-1.8231
1.25
2.7087
3.7099
-4.5258
1.7529
3.3793
-3.0946
-0.6574
2.95101
-1.45
-0.128
-5.38
-7.8809
1.4776
0.91867
1.4128
-0.25
-2.05
NA
-4.3777
-1.2462
-1.5009
-1.4538
5.2948
NA
2.33289
0.28
1.3607
-1.739
-0.4255
0.9585
1.6042
1.49192
-0.4963
-4.6609
-2.0672
-0.7079
0.5941
-1.78
5.1701
-1.829
3.5713
2.36081
-2.5396
-3.85999
-0.107
-3.1367
0.0319
-3.47899
2.2131
-1.0838
-1.3419
0.7073
0.1383
3.2145
-1.6874
0.7318
-1.7
-1.0177
3.9805
-3.5
-1.49
1.7307
-1.451
-0.5051
-2.5344
-0.724
2.2875
-0.26213
2.44
-7.0485
-0.4961
-4.6024
0.1857
1.4862
0.1381
-3.594
-0.3771
0.0345
-0.3878
0.2444
-0.2906
0.4026
-1.8
9.10083
4.20249
-0.122
0.3384
-2.31666
0.3935
1.8724
-0.977
-0.79098
6.0809
1.7361
1.4678
-4.496
-2.2667
-2.7056
6.4017
0.5525
-3.3778
-3.3066
-12.2617
0.545
-1.5596
-1.4685
0.04807
4.8766
3.3489
0.212
-3.4277
3.0708
3.7711
7.8173
0.3531
-0.2801
-1.2958
-0.6108
-2.1403
5.22708
-3.8853
0.5072
-2.4441
5.192
8.90576
-2.76379
-9.8046
1.03
-0.2379
0.767
-1.03112
-0.7194
-0.3223
-0.02066
-10.4253
-2.03343
0.637
4.9442
-0.3778
0.6318
4.08682
1.3606
-1.6093
-3.1975
-0.0516
0.3493
0.6
-11
-5.3747
0.3466
-1.9243
-2.0188
1.5058
-1.3066
-1.0842
-0.9686
-0.7912
2.0852
3.0894
-1.7521
8.236
0.9328
1.6567
2.1809
NA
0.0183
3.0873
-4.5695
-4
4.6739
-2.0432
-0.0393
-6.4042
-0.5264
6.0146
-3.7976
-0.11634
1.28896
-1.8072
0.8693
-2.9784
0.44048
-0.4746
0.6384
-3.8811
1.1027
0.9093
1.2107
0.60927
0.7685
0.4592
-3.32864
0.4551
8.19138
-0.1992
-0.6168
-0.68415
0.44047
-7.7321
-2.6733
-0.5065
0.955
0.96963
-11.9565
1.01
-1.1335
-3.8101
1.96
1.0036
-1.0326
0.82822
-0.46882
-2.753
0.25742
0.039
2.548
5.1468
0.0632
-3.306
1.0437
-1.19011
0.31949
-1.155
6.52084
3.83226
0.56936
1.0777
-2.2771
0.44649
2.722
-1.3964
-2.2823
0.44784
0.5279
0.9608
0.7287
0.3161
-3.0938
4.5301
-0.6733
-2.43705
-5.9707
0.236
0.7275
7.3245
-1.7894
0.0802
-2.54837
-1.124
-3.1056
-2.56985
-0.5608
-0.367
1.40877
1.41
1.4888
-0.8556
-3.909
0.099
1.1545
1.6736
6.3871
3.2328
0.6744
3.2075
2.2801
1.0327
-1.4626
1.78041
-1.97
-2.66057
-0.58412
-0.0316
-1.4017
-6.9893
1.3549
-1.67
4.4487
-14.6566
0.5731
-4.4866
-0.353
-3.0819
-3.7883
-0.1506
-2.37012
1.0553
-0.0783
-3.9448
0.0165
-1.68607
-3.4
NA
-0.5129
-6.2
0.8985
1.8994
0.654
-0.2789
4.781
-0.8117
-1.5225
-2.2487
-10.4296
-2.0455
0.5609
3.2724
0.9983
-1.50006
-0.5486
-1.165
1.3862
-1.2
2.04
-1.31
-9.2672
0.3738
-2.8216
5.8521
0.9133
2.8591
-1.98475
1.5069
0.2765
1.2851
1.4522
1.0288
-1.4172
1.4534
-2.1908
-0.27778
15.2913
-1.6941
-1.8697
1.27334
-0.5886
1.5148
-0.3433
-1.51426
-1.6335
-1.0402
-3.4505
1.2295
2.091
-1.3123
0.4314
2.8083
0.80211
3.8876
-0.51848
0.96674
0.00761
3.46931
1.03047
-0.04253
-3.18061
-4.08093
-3.7212
-3.16335
0.43774
9.2367
-1.5069
-1.1669
-2.6617
-2.016
0.9212
-5.5228
-0.9079
-2.5084
-0.2733
-3.9444
-0.08888
-1.42355
2.11482
-3.8126
-5.1894
0.0214
2.7787
-4.27041
2.03603
2.02564
-1.2481
-3.9346
-0.7266
2.73032
-2.5221
5.84539
18.43798
-0.3585
0.1206
-0.5539
1.9484
2.6715
-2.1375
-0.5741
-0.46349
0.2633
4.40295
1.2969
2.8818
0.337
-2.52
-1.9743
-0.7951
2.9642
-5.2024
-2.3134
-1.1619
-0.904
-0.6553
-1.322
1.8851
-0.44968
2.11
-1.67
NA
3.6397
1.6019
-6.6759
-0.7577
1.8546
1.2893
0.3091
3.5653
3.8966
-0.2571
4.753
2.0319
-6.83385
-0.81882
0.8707
3.2216
0.0693
-2.8248
1.0067
0.3546
-4.3736
0.1378
1.5446
-1.9161
-1.5962
-0.321
1.5148
0.7398
0.366
0.9402
-0.8831
6.6931
-2.4294
-0.4622
-0.663
-0.3573
1.8307
1.9228
1.1437
-1.1963
6.2893
1.254
-1.5461
-3.8044
-0.2435
-0.285
-2.4511
-2.8128
3.1515
-6.5362
-3.3564
2.9878
-3.4264
1.4452
-1.1211
1.2788
5.9666
0.497
1.6481
0.1863
12.2479
4.4647
4.9656
-9.5863
3.9684
18.8247
-5.8919
-1.2771
2.0539
-6.035
3.347
0.5233
4.2094
1.4535
-0.6453
4.5001
2.3546
3.3438
1.204
-1.9092
1.1751
-0.3918
-0.6606
-1.2121
0.2186
2.197
-1.4902
1.5179
-4.1716
1.9383
0.5735
10.1163
0.931
1.241
0.8896
-0.4865
-0.1576
-0.4337
-2.3618
-0.1692
0.1293
1.4551
0.3783
0.9457
0.728
2.2751
-1.6204
0.4827
-0.987
-1.9086
-0.3674
-0.788
3.1677
-0.2683
4.3161
0.0628
5.8248
-2.0733
0.8844
-1.1
0.369
1.97549
-1.512
-3.06575
4.32597
-0.53666
-0.64684
-1.4994
-0.4855
0.36125
-2.21672
-20.19932
-2.0112
-0.81946
-2.3187
-2.08263
3.08272
-0.07582
-1.24706
-4.46045
3.3042
1.28524
-0.0329
-2.0973
1.2615
-8.5957
0.80261
-3.7047
-0.93455
-1.09311
3.0284
-0.40401
7.6232
0.521
-1.23766
-0.9074
-1.1988
5.7074
3.1697
-3.7044
0.22783
0.2352
-2.84487
-0.4908
-0.1875
0.3305
0.3763
1.1094
-0.38196
-1.66732
-3.2631
2.566
0.9847
-4.0053
2.3205
-0.2818
-0.7069
-2.9048
1.6631
-3.93607
-1.1578
1.77498
0.73954
-2.28951
3.4126
3.61602
-2.23471
-0.07178
-0.2192
-0.13207
-0.48956
-0.19263
9.8387
-0.46809
4.24034
-0.7906
1.8407
1.51157
1.16963
-5.91585
2.7531
-0.77425
-5.20662
2.68957
-6.8396
0.6811
0.176
-5.57868
-0.36012
-1.4031
-1.1898
-0.73923
2.3857
-0.87947
-1.5598
1.09684
0.31016
-6.9705
5.72779
1.0619
8.9464
1.5835
-6.9375
-0.82
1.2852
0.423
1.0154
0.0528
0.9885
-5.2877
-1.6763
0.9362
-2.17
-0.932
-0.494
0.084
2.7
1.51
-0.111
-1.81
-3.83
2.39
3.52
0.587
-1.2
2.65
-4.4
0.956
-1.06
2
0.49838
-1.8
-0.536
0.245
-0.0751
-0.829
1.6736
-1.9388
5.5378
4.1132
-4.7881
-4.5196
-0.0669
1.4064
-3.023
-0.9464
0.023
8.575
-0.7489
-1.6619
-0.9049
-0.8633
0.8374
0.9102
-6.8205
-0.4448
-3.2188
0.8836
-1.7775
-2.098
-0.1666
-2.5174
4.1651
-2.7492
3.54
-0.7356
0.7378
1.8653
-1.0991
5.034
-1.5705
2.2275
1.4193
-4.6807
4.7053
-0.8554
3.062
-1.246
2.2265
1.2056
-1.161
1.6688
0.5931
-0.3376
0.7262
1.7716
3.3415
2.2472
0.8223
-0.3977
-5.3064
3.37
-0.7847
0.8177
-1.5433
-2.9078
-7.9948
0.9825
2.9397
0.0893
2.1285
1.0648
-0.4568
1.0389
-3.6225
1.8438
-2.3626
3.1233
11.9234
0.5695
-3.1845
-0.0614
1.2121
-1.5364
-1.2825
-0.5354
-2.5247
-1.9847
-1.1386
-0.6944
0.6034
-2.5835
8.5356
2.2518
-1.3213
-2.1979
2.0977
-0.6726
-1.876
-2.7057
-6.733
2.1335
0.3359
1.1546
0.8619
-1.2687
-4.482
7.7321
-0.2665
-0.7791
-4.4174
4.2738
-2.0132
-0.0629
-1.3308
-6.0519
-1.4234
-1.135
-0.9675
0.1553
-0.0863
-2.6921
2.6579
3.3991
2.5102
-2.3905
-3.9213
1.7773
0.386
1.8155
4.9794
1.3695
-0.0125
4.4374
-0.71807
6.24212
-0.9293
4.41666
2.1883
0.237
5.513
-4.69149
2.28369
0.03968
-0.9731
4.68205
-0.003
-4.63372
1.60175
-1.80753
2.8977
2.8682
5.41542
-4.7536
0.85034
1.80969
2.15339
-0.08038
-3.9172
2.30166
-2.5704
-3.1055
-3.29355
-2.04715
2.94402
-6.5745
-1.9033
1.53208
3.3967
-6.03216
3.19847
1.82887
1.1201
-0.375
0.90247
-0.14338
-0.09022
-0.7829
0.19219
1.46483
-1.51239
0.3727
-0.6552
0.606
-2.6651
1.4394
0.1397
-0.957
0.7139
3.1357
-2.8461
1.7652
-2.7893
0.9586
-1.3548
1.7029
-3.7953
-0.5912
-0.2185
-2.349
-0.2031
-2.0956
-2.3104
2.6422
4.1107
-2.4512
3.2037
2.9429
-1.7688
-0.0844
0.8981
0.0463
0.4726
4.4059
-3.7695
8.3892
0.27398
-0.83185
8.07349
-0.0789
1.64495
-2.32615
-16.2142
-3.33955
-0.2768
4.06508
1.0866
4.88823
-1.623
1.9921
0.8425
-0.85782
0.01043
5.89614
-1.4314
-1.3688
1.28052
0.4938
4.3088
-0.04514
1.35626
1.53514
-0.8323
2.34559
-1.17607
-0.06557
-1.1557
1.58173
3.0701
0.578
1.54
2.7
0.367
0.599
0.918
0.227
2.47
-1.53
3.52
2.04
-1.59
1
2.98
3.11
-1.48
-0.495
1.87
1.75
-4.92
NA
0.431
-0.481
2.77
NA
NA
1.01
NA
NA
-1.38
2.92
-1.38
0.864
-0.755
-2.13
0.0799
-1.89
NA
1.12864
1.1
-0.9106
-2.2866
2.1101
-1.7102
-0.2093
1.2885
4.8055
1.5767
5.7892
-1.5951
0.4436
-3.8174
-1.6529
0.1678
0.3301
1.0712
3.1348
0.1245
-1.0652
1.9285
0.6628
-1.5713
-0.8289
-0.1545
2.2984
0.8365
-1.804
-7.5806
2.4037
0.4183
-0.7122
-0.0652
0.6806
1.818
0.4766
-0.8432
-1.6694
-0.3674
0.3221
-0.8621
-1.7699
-2.6571
-0.9457
0.7292
-14.2171
0.7576
-3.2161
0.3425
0.7048
3.0338
-2.4661
0.7204
-0.0974
-3.0006
2.4182
1.8462
12.312
0.8706
1.8179
-2.4896
2.9867
6.4805
0.2901
-3.1412
5.1392
2.9662
1.1256
1.3045
3.1829
-2.2726
-0.9348
3.7004
0.6565
5.51
1.3261
-0.7246
-1.7954
1.0991
-0.4481
0.3416
-0.2798
1.9654
7.0899
0.3482
-0.3211
0.5819
4.3094
-1.6628
-3.2122
0.2119
-3.4226
-1.2859
3.1634
-3.7049
-0.2306
-0.3412
-1.1887
1.5642
-2.1839
4.3436
-1.3239
-5.7906
0.2473
-2.8381
-1.1048
2.21
-1.459
2.5167
-0.0178
-13.1044
-13.1915
-13.7468
-3.7332
0.397
1.7552
0.561
1.333
0.7659
-0.4474
0.1673
-0.4535
3.4376
-4.3039
1.5417
4.5692
1.596
-0.176
-1.9707
-2.9485
-0.9901
0.8575
0.3957
-0.5533
-1.8091
-0.8718
-2.3574
2.9961
12.596
9.4195
-1.7389
1.5505
1.4818
-4.8314
6.2462
9.6231
3.4221
0.345
0.3722
0.6555
1.9913
-1.9888
-3.755
-1.1556
0.3344
4.7822
-2.9837
-0.1544
-1.3916
-2.5464
0.583
-0.74034
-0.995
-0.5685
-0.741
-2.9
-18.6
1.95
-4.61
-1.47465
0.1701
-1.4631
-0.3325
10.4148
-2.0465
3.4382
-4.06387
6.7247
0.4566
-0.8065
5.4428
6.0818
0.1046
-1.5447
1.8684
-0.0747
0.3389
1.871
0.8104
-1.1278
-4.2393
-0.9239
3.5103
3.4124
-3.6664
2.1577
-0.8915
-2.6491
-0.2513
0.2278
-3.4142
-0.1891
3.8495
-7.1489
0.6709
1.4023
-0.331
-1.61
-4.7049
-4.9087
-0.7643
2.1878
1.97393
-4.51865
2.3225
2.4485
0.427
2.3555
-0.1221
0.3911
4.35
-3.2349
-0.97074
-1.69527
1.2146
-4.3584
-1.6042
0.142
0.77364
-0.413
-2.85
-0.596
-1.43
4.88148
-4.01158
2.48144
-3.8687
-4.2159
1.0278
-2.3945
0.6927
-0.2625
-3.1758
3.0455
0.4444
-1.8104
-14.3182
1.7079
2.6056
-1.7204
-2.14588
-0.1564
-0.5049
-2.283
1.2198
0.321
0.4182
2.8677
-2.7124
0.2474
-1.08
0.5741
-0.1596
-0.8866
-3.2462
0.4811
0.8053
-0.9421
-0.6534
9.2186
1.3642
0.3898
0.7297
-1.7321
1.134
1.6729
-2.223
-1.532
2.3886
-0.7579
-1.0743
-3.6466
3.0756
-1.2349
-2.70874
-1.081
-4.45456
8.45838
1.142
-0.0343
-1.7037
3.8216
-1.2113
1.3934
-1.0513
3.1068
-1.0329
-2.3696
-1.1902
-0.142
1.9241
0.9696
-1.1709
-3.41969
5.7522
-1.67956
-2.19329
-1.6384
0.80994
-5.3766
-0.7014
-2.8778
-2.1636
-0.6064
2.91562
2.23
2.02
NA
NA
NA
NA
0.323
NA
NA
NA
1.73
1.59
-1.57
-3.04
0.0588
0.831
0.0979
0.598
-0.1899
0.4702
6.8958
-3.20767
-0.9008
0.1266
-0.3623
2.6236
3.35953
-0.87174
-0.6715
0.42502
-0.9496
-2.69486
2.7268
-1.1197
0.91302
-1.9043
-0.062
1.3089
1.7285
-1.9507
-1.7766
-1.03033
-1.316
0.00197
0.643
-0.56263
0.64619
-0.1536
-1.49358
-0.24397
1.17703
0.8897
-0.10896
3.65634
0.2889
0.4509
0.53418
-3.4503
2.3619
0.529
-1.1062
1.5445
-4.0041
-0.6654
0.4596
4.0775
2.6796
-8.5142
-1.1441
0.50064
-0.73733
1.7258
5.00756
1.81375
2.9086
4.2493
0.4089
-0.3185
-1.9545
-10.6373
-1.5637
0.554
4.7677
-1.7123
-3.2849
-0.1276
0.9061
1.2577
2.0963
-0.2607
-1.5668
5.9411
2.11884
-0.1614
0.857
2.4692
-2.302
-3.0756
-1.9289
-0.6994
-1.8845
-5.83813
-7.0253
1.1425
0.2555
-11.8515
12.1668
-5.5147
3.9513
2.2416
1.6184
4.3544
-0.8613
-0.2188
0.5129
-0.15002
0.2446
-2.4961
-3.3669
-0.5655
-0.9943
2.7743
1.6468
5.175
-3.8044
-1.1182
0.1962
0.7343
0.904
0.7681
-0.5828
-2.40926
1.1542
2.1989
0.7568
-2.6944
-2.4604
-1.1113
-1.2152
-2.8262
1.4051
0.7483
0.3506
1.6291
-2.1598
-1.7558
2.4435
-1.7891
0.6912
-0.6511
-2.3895
3.9997
-2.1122
-2.3648
-0.0222
-1.4761
0.6434
-1.88945
-5.85768
1.32
-2.0745
5.482
7.4629
7.3082
1.92
1.9824
0.2898
0.8127
-2.376
-1.0863
0.5117
-0.4704
0.9258
-1.6
0.78554
-8.2801
-1.26
3.3836
4.1841
0.9746
-1.1684
0.1096
-1.47
0.7337
-0.7371
-1.2726
-1.2848
0.5333
5.3461
-1.2948
-1.1392
1.1524
-3.87
-0.239
-1.78
0.65
-12.4523
1.6475
6.4844
-0.5292
-1.8234
0.7925
-3.2928
1.0842
0.6538
1.4169
-1.1818
0.33821
2.1086
-0.2695
-1.3226
0.9498
1.05649
0.4881
0.1806
-0.70809
2.0677
0.5231
-3.77244
0.7087
0.5121
0.3404
10.8738
1.3939
-6.593
-1.6257
3.5013
3.7542
2.0177
0.0804
-4.07721
1.04
2.07
-2.7918
-1.1731
-0.057
-0.1954
-0.3789
1.87505
-0.68063
3.4464
1.967
-14.5515
-6.6215
0.5275
-0.7608
-2.5984
1.4326
-3.8904
-5.37667
-0.6661
-0.24594
0.3354
-3.4293
-0.0031
4.30386
-3.3146
1.5209
-10.7524
-0.1724
0.5127
-2.9662
-3.5622
0.9531
2.8781
0.4241
-3.75717
5.6076
-1.4153
-4.7476
2.3813
-2.0521
-0.41571
2.14679
-4.49939
6.5091
-0.8284
-2.95967
0.603
0.2521
2.34036
0.45477
1.5597
1.264
-1.9649
-0.3527
-1.14
-0.2872
9.1505
3.89738
5.2327
-5.1984
-3.4939
0.4703
-1.55887
-1.2668
-1.3017
-1.3017
-0.4289
-0.2053
3.0561
1.1804
4.1814
-0.339
-1.9148
1.46632
0.21845
-1.2769
-2.8824
-1.8519
-1.6466
1.4029
-0.4567
-5.3328
0.4159
0.176
0.26701
0.7825
1.0766
4.1
-1.9847
2.8342
2.3643
-0.1066
0.272
0.0443
0.065
-2.6262
-0.2559
2.4454
0.3398
-0.3727
-5.2812
-1.3732
-2.9264
0.4161
0.3067
-1.2739
-9.2859
-0.5795
-2.8935
0.27253
0.56622
-0.83199
-2.0568
-0.5974
-0.3628
-1.36874
2.33432
1.89305
-1.2301
-0.4401
-1.8289
-0.9613
2.1422
-5.3263
1.13176
-8.5748
-9.3555
1.3865
-0.77209
2.72055
-4.013
17.5177
-12.8536
-1.08625
-2.57541
0.3841
1.45
-0.5528
2.6236
-0.6905
0.2296
-2.7727
0.2692
-1.7511
-0.0595
-0.0513
-0.7303
1.5079
-1.4441
-2.9819
-1.7676
-2.514
9.12431
-5.63946
0.86278
-2.8708
2.5171
-10.7212
1.1827
0.6016
0.924
-0.584
-2.75
-3.4956
1.91505
4.72027
3.21778
1.0031
2.59406
-7.3896
-4.57012
9.81
-1.95
6.15
0.944
0.44791
0.8112
2.8662
-1.3583
-1.09951
4.1658
0.1117
-1.239
-1.25308
2.93505
-0.15536
0.4515
-3.344
9.8006
2.227
-1.2622
-9.0257
2.8713
0.5368
2.872
-0.4313
0.8115
-0.6359
7.8122
-1.5821
0.2341
0.27494
-0.7063
-0.03787
-0.48287
0.32816
-6.3859
1.0203
1.2634
-0.5454
0.2733
7.2929
-3.0098
-3.0302
0.3151
2.9911
-1.4567
1.1417
-1.1518
-2.2505
-8.1108
0.0855
-2.1484
-1.3807
-1.8247
-0.1073
-3.1517
-0.32324
-4.9019
-0.2901
1.97
0.5291
1.661
3.0431
-4.5708
0.1499
0.2495
0.6511
0.3602
0.4713
0.5256
-2.1355
-2.1445
-0.1846
-0.8818
0.0786
1.8318
-0.7069
-2.0468
-1.8613
-1.2421
-2.953
1.0225
-0.487
NA
-2.99
-2.23
NA
0.936
-1.34
NA
NA
NA
NA
0.365
NA
-1.56
-1.20375
2.30329
0.7413
-0.3532
-1.3785
-1.366
-1.0656
0.978
3
0.0379
-3.0419
-2.9066
-1.4527
1.7058
0.4776
-4.5395
0.0798
0.9937
-1.9235
-2.5012
1.4236
1.2234
3.4849
-0.5112
-1.3882
-3.6239
-2.1616
-3.0733
2.4228
2.4182
2.7117
0.4159
8.9211
4.1451
-10.4262
2.3437
0.5191
-10.1303
-1.6993
0.6942
-0.9825
-0.2186
-0.8082
1.3538
0.7452
0.1679
0.9576
0.4142
2.7064
1.6238
0.905
-0.9237
-0.1572
5.0813
-2.9982
-0.4496
1.9549
3.4873
2.9052
-1.0568
-0.39032
-0.14665
0.68852
1.97851
-3.53825
-3.21812
-1.40968
-1.5744
-3.461
2.6008
1.9049
0.2958
1.11757
-2.0431
0.69431
5.28905
-3.63632
0.1172
-2.33803
-0.63231
-0.71404
1.1834
1.3526
-3.4133
-0.17473
1.1127
0.8909
-3.25574
1.0362
0.3738
1.2017
-0.40202
-0.3866
6.6153
-1.31864
4.01715
-1.01772
0.66889
2.25123
-4.18637
2.67374
2.893
-0.8733
0.9019
2.1385
-1.7515
2.8116
0.8921
-0.256
-0.6981
-0.7297
-0.1447
-1.4482
5.0983
-6.158
6.1
4.0016
3.6849
-3.2284
-1.4119
-2.3581
-0.9496
-8.9176
0.8102
-11.048
1.1455
0.5711
-0.5264
-0.9895
5.358
-1.0699
1.5657
-1.2198
1.07
-4.1155
2.3253
0.41227
0.75443
-0.43714
-0.24571
-1.323
-0.18925
0.20634
1.82701
1.81464
-2.05262
0.9828
3.6548
-1.5999
4.68046
2.19209
-0.28204
-0.18403
-3.3928
-1.0354
-0.26731
-2.8326
4.70782
-4.30602
5.4832
0.39606
3.211
-0.7908
0.52437
-1.24976
0.2102
2.7166
0.9554
3.54429
0.3354
-1.79098
1.2893
-1.30157
-1.48976
0.36968
-1.72821
1.2234
0.64624
-1.2522
1.23181
1.3082
-0.45496
0.5092
3.47631
0.79305
6.3428
-1.0828
-1.7799
0.672
-0.0162
0.7161
-0.4297
20.8375
-5.4259
3.0642
1.265
-2.5757
1.4014
0.3644
4.2814
-5.8161
0.287
-4.5698
-0.1525
-3.764
3.0602
-0.6586
-3.4576
-2.024
-6.0906
-4.4492
-0.6458
-1.3716
0.8131
-0.1542
-3.4949
2.4258
-2.514
-0.2038
0.2384
-0.5803
-0.6605
-0.782
0.1984
-0.1639
-0.5425
-0.0247
-7.2157
-2.9983
0.4419
-9.0565
4.8249
-7.3272
-3.1759
3.5289
7.3109
0.8439
0.521
6.702
0.5008
8.6259
6.4712
3.6252
7.777
6.5395
-1.8306
-2.344
-3.3778
-0.8541
-4.7515
1.2237
-2.0838
0.9233
-0.6587
-5.6026
2.2659
1.7159
3.3767
-2.8073
2.451
-1.3498
-3.1202
-1.085
-2.4767
-0.177
-0.1797
15.7783
-0.8213
1.7944
0.882
0.8142
0.5575
10.0013
-3.2087
3.6638
-0.0455
0.6084
-0.6051
-1.6583
-0.7921
0.2341
0.8113
0.4128
-1.8928
0.1964
-1.8592
2.93648
1.86421
1.1052
0.6502
-2.79948
2.7117
-0.9399
-0.47277
2.9872
1.8928
0.3224
8.6989
-0.055
3.9303
3.6058
-2.8281
-1.5611
2.436
-0.4047
2.0084
0.1526
0.8608
2.9246
0.6733
-2.6851
NA
-0.191
-1.36
-1.5128
-0.2679
1.0726
1.4
NA
-1.16
0.0243
-4.47
-4.69
0.126
-0.682
1.2
1.78
-1.68
-1.31
-1.06
-1.03
12.3062
-0.0924
-2.9526
-1.1697
-0.4967
-2.07
0.8683
3.655
5.0091
-11.2648
8.5021
-6.2377
-3.3183
-1.609
-3.6661
-0.5868
0.138
-1.59
-3.64
8.34
-5.22
2.31
0.248
-1.57
1.55
0.0821
-0.71
0.294
-3.64
-0.0195
0.8494
-7.7572
-1.0395
2.4142
0.8875
-0.9606
1.5221
2.7935
-3.2071
7.0076
-4.8878
-4.458
-1.2012
-0.0761
-0.9305
-2.7714
-7.3654
5.5333
0.4637
5.7176
-0.2306
-1.4975
1.284
-0.5153
0.7944
-0.3798
-0.5047
0.2978
3.6007
-1.3267
-2.3652
1.4253
-5.9664
-6.6684
1.5357
0.0345
-0.8993
4.969
-10.4583
0.0126
15.1778
-0.5048
-2.6306
-2.2239
-2.8789
-9.4866
-8.3833
-2.58734
-4.20081
5.6211
-5.11879
0.5671
-2.1654
0.5237
-0.0846
2.4825
-2.1353
0.4063
4.6261
1.4968
1.0227
-0.00874
-1.13325
0.04
-3.63524
-0.4355
-0.7579
1.9921
1.5939
-2.22158
0.94852
0.3299
2.1924
0.3605
0.256
1.9114
-1.1158
4.5313
0.4725
2.43642
0.91575
2.58899
-0.2848
-0.41761
1
1.7387
5.6862
0.0897
-3.3323
0.18475
-0.9935
-0.12296
-0.648
-2.82
-2.084
-0.5307
5.9243
-1.0934
5.7411
0.73631
5.90691
4.89097
0.1686
-6.536
-2.0305
-0.3016
0.6488
4.6714
-2.1805
2.5471
-1.0867
1.7602
-2.5136
-3.5989
-1.8348
-1.0644
-1.2052
0.6051
1.8982
2.0548
-2.4231
0.0821
-2.8957
0.852
-3.866
-0.6082
-0.191
-0.6469
0.57492
3.3912
-0.31677
-1.74
0.4903
3.4703
-2.3203
1.64
-2.9362
2.02204
-4.95327
1.1607
0.4416
1.1508
5.20197
0.28259
1.0985
0.5085
-3.5781
3.5278
0.379
1.0255
0.8207
-0.2031
-0.4763
-5.6137
-2.6549
-0.3619
-1.5982
7.4971
1.97
-2.09
-2.02
-3.3116
-0.588
-3.1479
-2.6202
-0.2786
-2.0869
-1.499
-0.5153
1.0203
0.2814
3.5201
0.8087
4.7272
-0.33572
0.11283
1.78594
-1.43026
-1.5207
-5.32
3
-1.8981
0.5584
5.7461
-0.2394
-1.5294
-1.8744
-1.0561
2.0894
-1.0765
10.2821
0.0923
-1.71
0.74182
-0.304
-0.1903
3.5408
1.4712
1.7684
-9.3122
-3.7963
3.0923
1.4771
2.8883
2.3956
0.5816
-0.1133
-1.4607
-0.6413
-0.1492
-5.173
4.1503
1.59
-0.455
-2.8838
2.42
-0.000206
2.26
-0.813
1.5484
-1.8553
0.3899
1.1454
1.415
-0.8372
1.558
3.46892
-2.04362
5.424
-1.388
-1.5206
0.69931
1.48486
-3.24141
-0.7585
-2.3994
2.4755
-1.7916
0.1032
7.4046
9.5747
0.1548
1.96616
-7.3567
-0.335
-0.0616
1.9601
2.866
2.536
1.2191
12.3126
-12.4264
8.3894
0.986
3.7108
1.6903
-2.2479
-4.7777
-1.1491
NA
NA
1.3292
-1.2109
1.1526
4.4622
-0.6983
-2.3065
0.808
-2.26235
0.9615
-0.1402
-0.8922
-0.0786
-4.67913
-5.4775
-4.0667
-1.0922
-5.56169
-0.55319
-4.0077
-6.4628
1.00678
-3.8909
2.3531
6.2539
-3.3838
0.831
6.82987
-2.4056
-3.323
3.3767
-7.05263
-5.12851
1.0284
-0.2802
2.1266
1.3429
0.7621
2.4267
1.1918
2.8022
5.805
-0.1947
-0.2764
-3.5309
-0.9659
-3.5901
-1.5147
1.6435
2.95082
1.6596
3.47106
-2.0598
-2.9872
0.3447
-1.8673
1.3628
0.9788
-2.8457
0.1525
-0.0203
-0.9505
0.3126
1.4594
0.9428
-1.7216
-0.0896
-1.0743
1.1783
1.6603
-1.5516
0.8188
-1.315
0.6502
-2.5662
0.0823
-0.0442
1.9248
5.2201
-3.1551
-1.9988
6.0341
-5.0917
-4.1025
-2.9915
-3.2193
-1.4991
1.9851
0.2063
0.0742
2.5245
-1.0825
2.0228
-9.6689
-2.6968
4.5319
-3.1057
-1.9285
-3.164
0.2974
-6.5375
5.5126
-0.1229
6.2639
-5.3817
0.1503
2.5243
-0.7192
0.3848
-1.0169
2.4
1.48
-2.13
-0.835
-3.15
0.1986
-0.9109
-0.98
-2.5074
5.1701
0.6493
-6.4605
2.23301
5.929
-1.41724
-3.8872
1.1727
-2.0215
-1.1307
1.61672
2.94239
1.76
0.9554
0.9554
0.09725
3.0919
0.84289
-0.43584
1.31064
-0.93486
1.29258
-0.316
-0.3282
-2.6412
-1.6231
-2.0458
1.9459
1.5482
3.2077
-1.1119
-0.2679
0.6937
-2.1229
-6.3929
2.3994
1.2263
1.4762
-0.3325
-3.5563
2.6624
-2.2065
0.9673
-0.6803
-0.526
-9.5208
-0.2052
1.3796
-0.8061
0.9711
0.8585
-6.4063
-1.4803
2.8755
3.1141
2.1243
-1.508
1.6341
-1.1064
-1.7722
1.3309
2.1833
-0.9015
-1.554
0.2575
-0.0763
1.807
1.5299
0.3384
-4.7846
-1.03
-1.155
0.3275
2.703
2.3718
-2.3449
1.2173
1.2344
-3.77843
0.854
4.9336
-3.8654
1.4132
-0.1044
-1.6227
0.8948
-0.428
-1.1655
-6.1411
0.9244
0.3868
0.1136
-0.7782
0.2788
0.2327
-2.3621
-7.7477
3.7849
0.8652
0.5851
2.417
1.2807
-2.4127
1.4542
2.927
2.67711
-2.4286
-1.1799
-3.89781
0.7048
2.8804
1.9832
-6.96819
2.4919
0.5437
-1.5488
0.9492
-1.1384
0.5526
0.1766
-2.1681
-0.4038
2.9058
1.9753
-1.2318
3.2386
-0.47
2.3179
2.5512
-0.4008
-4.0486
6.8847
-2.4729
4.0997
-2.3768
-0.88916
-4.7577
-1.13511
2.8295
-0.3304
3.003
-2.3185
0.242
-0.2013
-6.45325
0.14953
1.60752
-1.42333
-0.4598
-0.52387
1.1201
12.8934
-2.1024
-5.91323
2.3653
-1.8332
0.5017
0.5662
-1.5303
-9.6594
-4.5841
1.9528
1.2962
0.1717
0.8862
0.2851
2.0965
3.6088
-2.91429
2.0435
1.1619
14.4076
-1.1047
-1.32
-2.55
0.351
0.557
-1.2101
2.3924
0.8224
-1.3483
-0.2402
5.04
3.3232
0.367
2.17
NA
0.699
0.3258
3.0399
2.2498
-0.2726
0.5366
-0.305
-0.31
4.66
-0.3047
-1.0665
-0.103
1.3651
0.7431
-2.1732
-0.0911
-0.8485
0.182
-0.8008
-0.4831
4.5812
1.914
-0.564
3.4265
-8.4097
-1.2856
1.4197
-0.8032
-24.5455
-1.4161
2.1982
1.8014
-2.7467
1.7246
-1.4922
-0.9155
3.8896
0.9217
-2.73421
2.3749
-0.7949
-0.7923
1.6289
0.9479
3.0838
3.1948
1.6461
-0.5722
4.4572
2.5112
8.6004
-7.1468
2.1264
1.2553
-0.41
1.4198
-0.2699
-0.9649
-1.7629
-0.3952
0.286
0.7766
1.514
0.9679
1.0071
0.3068
3.0891
-0.538
0.66249
1.2445
5.3368
0.6565
1.4513
4.2824
3.9643
1.2503
-4.6559
-0.8356
-1.44452
-0.4015
-0.8605
-1.7868
-0.69329
-1.5201
1.7129
-0.608
-6.9216
-1.24736
-13.8947
-0.0984
-2.621
-1.6712
3.9556
9.3928
1.65581
1.98009
3.4312
0.1106
2.86908
0.6345
5.33
1.2292
-0.76048
-4.7811
0.8035
3.0631
-0.6458
-0.794
6.36868
-0.7425
-5.6527
7.2744
-1.0784
0.58895
-2.047
-1.3078
2.59365
3.844
-0.9182
-11.7868
-0.1131
-1.45245
-10.664
-0.9867
1.11
0.1582
0.784
-4.3918
-3.0908
-1.8671
-0.7462
-4.0005
-0.3153
-1.9348
-1.5809
-3.5189
-2.6677
-1.8521
-0.32032
0.25026
-1.14134
-2.27598
-2.7467
-0.36178
1.9219
-1.0474
0.67
4.5878
-0.9781
-0.24099
7.0545
-3.92911
3.4336
-4.9066
13.4144
-2.586
2.26066
-0.75407
1.38862
3.39694
-0.6451
10.9079
15.9939
-0.402
-0.2172
-0.1478
0.695
0.844
7.9183
0.2884
0.305
2.0485
-0.5986
-9.9433
-10.4706
7.9602
4.53
1.1279
-1.5689
0.7477
1.28831
-1.09
0.7324
7.23945
0.21751
1.4064
0.7025
-1.9133
1.22195
1.4702
1.4623
-0.87404
4.85867
-0.43955
0.91874
0.87615
1.079
-0.6616
1.2923
5.8763
-3.653
3.3214
-4.1529
-2.491
-10.1933
1.3378
-1.225
-3.1706
6.463
-0.542
-3.2409
1.6258
-0.1648
-8.5642
-1.673
8.373
3.5087
NA
-1.92832
5.37
0.799
0.4973
3.81
0.7386
-0.412
-0.0983
1.59
-0.52
-0.9815
1.02453
-2.6947
-1.7239
-1.5027
-11.1992
-9.3737
-8.904
-1.44852
-0.30258
2.869
2.0022
0.6973
-4.347
1.9218
0.23
2.4674
0.4534
-0.17936
0.10477
0.4847
-2.0522
-1.93
-0.2446
-1.0436
1.127
-0.2891
-2.4552
-0.4097
4.5551
-0.1781
0.6655
-1.5002
-10.556
-0.749
-0.7821
0.2751
7.7293
-3.22
-2.7013
-2.8121
-2.2589
2.2211
-0.3381
-3.44571
0.12182
0.09843
1.8775
-0.3345
-1.0854
1.73603
-0.17934
-3.2889
1.9975
1.249
2.6676
-0.877
-0.6063
-0.80755
0.9372
-3.2743
-1.5213
-0.74294
-1.7375
-0.7644
-0.6385
2.9047
-1.1577
5.9775
0.6623
-3.701
-1.0367
2.2044
-0.9792
-0.9279
-1.0307
1.4005
2.80164
-0.84599
0.1569
0.2655
1.2782
-1.298
0.5501
0.7284
-1.13672
-4.07908
-1.8466
2.55163
0.5606
1.7009
2.3813
2.2048
-0.69599
-2.93491
-1.21062
-1.32844
-3.2858
-1.8454
0.72
0.6299
-9.0209
-1.4725
-0.522
0.9591
-4.2759
1.4161
-1.56338
1.5998
-3.5071
0.3623
2.8447
-0.7662
0.7263
1.7191
-0.9098
-0.291
-0.4212
0.2858
-0.1145
1.7754
-1.5988
-2.75
2.05
-0.4942
-2.1224
2.9361
-0.462
-1.3638
0.1957
3.203
-1.8724
-2.0691
-0.8449
-4.0228
2.27363
1.2198
0.0466
-0.9989
-0.4956
-2.5748
0.0284
0.3369
0.1783
-1.0827
1.9842
-8.2985
-0.77111
0.7654
-1.77
-1.7485
-0.6709
-0.37857
-0.258
-3.6347
3.6698
-1.7236
-0.77636
1.4754
0.0724
1.4811
4.0648
-2.6371
1.043
-3.777
0.7503
2.88649
0.3532
-0.014
7.6807
0.23353
-2.0446
5.0178
-2.0739
0.2572
-3.28366
-0.6625
0.2782
9.3582
-0.1337
9.6483
-0.1664
-4.97027
3.7509
-1.3442
-2.4788
-10.8651
9.6185
-0.3004
0.14089
0.6425
-1.3
0.6544
-1.9856
0.166
-0.509
1.1582
7.5976
2.4597
2.42
-8.5181
-1.9631
-1.8055
-9.6621
-0.7415
1.9241
-0.6704
13.4001
0.9717
-0.8711
0.7195
-10.0808
0.8444
6.15588
-2.48751
0.3779
2.2378
0.6552
4.2049
0.8431
-0.6398
-2.6576
0.9179
0.7728
2.8459
-1.8706
2.2864
-0.69814
-4.8699
-1.1267
-2.9539
-1.9459
-1.04809
-2.823
1.5129
-0.8513
0.9475
-0.1771
-10.1764
-1.5723
-2.9299
3.2986
-1.0406
-10.2095
1.5246
0.2351
0.66504
-0.8523
-1.0094
-1.8428
0.3146
3.3585
0.0748
-0.9557
-2.2883
-1.8699
0.4083
-2.8018
-0.7003
0.56767
-3.4278
2.00468
0.66
-1.3872
-1.3524
-1.3524
17.0919
1.6665
1.1846
-1.17097
0.3715
2.1902
1.5093
3.0117
2.8529
5.7669
-33.6818
-0.5377
0.859
-2.6705
-0.4247
-1.61
-1.561
0.6781
-8.968
10.1676
-8.0513
-0.7461
-0.9281
-0.4232
0.6963
0.15236
6.3898
-1.6923
1.8757
0.3152
0.7923
-1.1025
3.76
-1.4907
-2.0475
-2.5609
-2.07515
-2.5429
1.0496
1.0578
-0.2099
1.8894
1.7682
-3.52917
-0.96654
2.7311
-0.02504
2.1686
-1.5457
0.155
-0.9949
-0.2701
0.1381
-0.482
-0.2405
-3.62146
1.7235
2.1309
1.2021
-0.1052
0.138
0.4895
-0.1497
-4.6656
3.4974
-0.76288
0.4825
-5.4407
0.2525
0.16815
-3.915
6.0395
1.98
1.784
-6.612
-1.0596
1.93015
-0.0974
1.18036
-0.1477
2.4354
-0.8937
1.3355
-0.2381
-13.653
0.1057
2.3145
0.087
-0.9813
-0.0826
-2.85
0.40338
9.72641
5.1436
1.60195
-5.72
0.257
1.3683
1.9991
-0.24562
0.5986
4.0042
1.4325
-0.1204
-5.37898
-4.3363
0.15566
-8.3337
4.4166
-0.7972
-0.3201
-0.8671
-2.1344
3.6007
-0.9829
-0.6485
-4.054
-0.3029
-0.404
0.86974
1.0757
-0.03043
-2.228
4.8096
3.78582
1.87308
-0.331
3.2519
-0.3118
-3.4889
-1.3162
-2.24
1.81333
1.9646
1.5059
2.5449
-1.6912
5.3303
-2.39
-3.7987
0.5532
6.2825
-0.2205
-0.347
-4.84576
5.042
0.137
0.30111
32.5719
-1.4471
2.5546
1.4857
-0.83719
3.5308
8.7378
-0.40059
1.61578
-3.27397
-0.244
0.3717
-4.0324
-22
1.852
-0.9365
2.18892
-3.9775
-3.53
0.4833
-1.93
2.72183
-0.85
-0.81636
3.6086
4.4686
-22.9
-21.3
-1.2373
-4.6888
3.2637
2.3021
-3.35794
0.3797
-3.4593
-0.38709
3.79183
-0.83778
-0.4973
1.6402
-1.8713
5.9851
3.7015
1.49
1.1381
-0.1016
0.57636
NA
4.5763
-0.836
8.9795
1.05815
-2.15
7.36
5.4644
-1.1167
-1.66378
-2.4945
-0.8902
-6.16227
1.2002
-0.35462
0.16803
0.544
-3.1959
-4.4266
3.3133
-3.08
-1.40959
-0.972
1.5873
-3.693
3.1096
-8.5121
0.5574
1.9704
2.92
-1.6493
-2.97
-2.10411
-5.3966
-7.5245
-1.86
0.322
1.72
2.5037
-0.955
-0.2002
-9.9747
-1.1158
-0.2335
-1.94165
-1.3188
-0.183
4.0781
-0.2515
-0.44712
3.8574
2.11
NA
-3.38
0.3766
-1.4185
5.9561
NA
0.47588
1.116
9.4017
2.0036
1.2473
-0.8493
0.07016
-2.961
0.50441
1.1541
1.4767
-2.7412
0.9997
0.2895
-2.3578
-0.0299
1.3274
-2.31929
-1.5034
0.4789
-3.985
-2.8975
9.5747
-7.7776
0.4838
1.8762
2.7275
-1.38179
0.0931
0.26594
0.8443
0.1942
2.5898
0.2006
1.24
2.2307
-2.4614
2.2
0.8334
-1.60304
-10.9577
-3.9502
-4.6305
0.28156
0.87
-0.7791
0.71743
-2.2115
0.4111
-0.8164
0.4515
1.4722
-1.5995
6.3492
-1.5147
3.1698
0.6285
NA
-0.80683
-1.355
-1.67431
-1.3442
-1.3435
-0.3023
3.6923
-1.67267
4.723
0.9423
2.3164
0.1374
0.4826
-1.92
0.4195
-0.4139
3.3833
0.4435
0.22855
0.3584
-1.135
1.2613
0.8569
1.7313
-3.0461
-0.379
-0.8087
-0.2461
2.354
-3.2949
0.2989
-2.2643
-0.122
1.9145
1.23967
-21.2303
-2.0782
0.3506
1.1883
-2.1623
0.2674
-0.8548
-2.62164
-1.51
5.3291
0.5905
-1.7475
-0.2049
3.43054
-0.2281
2.7716
-0.00689
-2.5904
-2.4954
0.253
2.4256
-2.6908
12.1359
-0.3923
1.2313
2.3682
7.6712
1.1435
1.4526
-0.5361
0.5574
3.8972
-3.161
1.2684
3.3818
-1.00243
0.6438
-4.72
-0.94719
-1.1097
-1.9753
0.2678
-0.6948
-2.8221
0.6444
0.664
-13.6712
1.1509
0.3056
2.3112
6.68428
0.467
1.2524
-2.8658
2.123
-1.7812
-0.0996
0.13556
1.8315
-0.4784
1.6855
3.3604
1.2444
-0.767
0.7775
0.3543
-0.2584
3.7039
0.5142
-4.62605
0.0592
3.4292
-0.2838
-0.2625
-0.07
1.43041
3.6024
0.1051
-0.3567
-1.18497
15.3985
-3.3852
3.3817
-1.75227
1.85737
-0.216
1.0249
-2.3553
-1.7916
2.0359
-4.42526
1.6999
-3.0424
2.1199
7.5099
3.2396
-0.9204
-4.42978
1.9813
1.5086
4.8652
-3.6352
-0.3958
-0.78202
-2.9689
-1.3976
-0.7134
-3.4166
-0.4828
-2.2549
-0.7213
2.6627
1.3369
-3.7783
-6.3783
-0.2868
4.4512
-0.2358
-1.7455
-0.4118
-0.2867
NA
0.2657
0.3145
-0.304
-19.6
3.4697
2.1976
-1.1598
-2.9902
0.4607
-2.1819
0.5118
1.8374
2.26726
-1.1935
-1.0061
-10.4013
-0.3345
-1.374
-1.0081
0.0881
2.65
-0.1719
-1.348
-0.7496
3.2844
0.6165
-0.8922
-0.78575
-1.1915
-2.142
3.8944
-3.91368
3.1635
3.3304
2.613
1.5454
0.0254
1.2623
0.9875
3.0797
-1.66058
1.7393
0.0882
42.2652
-0.4988
-1.928
-0.0252
-1.7635
1.7175
2.0132
-1.7952
-2.1156
0.4335
0.8716
1.4053
1.1904
-0.4755
1.1335
-1.7589
-2.6991
-2.02
0.9993
0.9043
2.9592
2.5015
0.16242
-1.23797
-13.653
0.9627
1.3042
1.7919
-0.3954
3.1309
4.8786
0.3655
-5.9871
0.8443
-1.4898
0.665
0.0865
-1.8074
-0.14616
5.20949
0.3801
2.7848
1.01915
-5.6789
-0.339
-3.983
4.0305
-1.6466
5.9127
1.25113
-0.8753
-1.9043
-0.895
0.3317
1.6417
-1.5136
-1.4634
2.2914
0.75107
-1.5613
-0.2363
NA
-3.9749
-7.475
-2.6608
4.3292
0.8356
-0.7328
0.84022
-0.4853
-2.8923
-1.0958
2.6344
2.32
0.9269
NA
-2.8297
-1.0001
-0.4798
-1.2696
-0.797
4.51477
2.13166
9.1649
-0.6784
0.4918
1.9509
-4.1258
-0.70215
2.28427
-8.3463
-2.1388
-0.22709
3.34586
-1.7995
8.3502
-0.0319
0.034
4.0379
-1.3683
-1.3121
2.5968
-1.7185
1.083
0.6298
-0.1974
NA
0.1464
1.3895
-1.30764
5.1701
-0.1651
0.6735
-12.6
-0.6149
-4.8392
-0.5022
-0.6955
3.69856
2.1459
3.2358
-0.9239
-0.1287
2.549
0.4193
1.3927
-6.5703
NA
4.0655
3.6893
0.2646
2.1214
2.4904
-2.5094
-3.8245
0.4165
-0.0379
0.411
-1.91405
-0.0372
-0.0608
0.4177
-1.8009
2.3985
-9.99375
NA
-1.979
-2.8216
0.0339
-2.9689
-0.6725
0.614
13.5958
-4.5166
0.3907
-1.12492
-4.73
-3.37326
-6.0415
-0.5897
-1.0233
-2.2558
13.467
0.3261
-0.9177
0.07806
-0.4006
2.6529
0.064
-0.9848
0.12975
-0.9398
0.73658
-1.7278
0.20887
-1.7399
1.56026
1.6749
2.9725
-0.9038
-2.1713
2.8201
0.9636
0.6019
4.46117
NA
1.7552
1.2509
1.2815
0.6198
2.542
7.3456
-8.6857
0.0203
0.3111
-1.7584
-4.0504
-1.64302
-6.72862
-0.25307
4.073
-1.7192
-2.6175
0.3934
-1.139
0.1505
-1.09227
-1.93899
0.676
-5.047
1.9625
-2.8174
0.90746
-2.7212
0.718
-4.0994
0.7061
1.2558
-0.8473
0.7179
2.2708
-1.2267
-7.6071
2.9073
-4.0126
-0.20873
NA
2.4597
NA
-1.66
-0.8271
0.0975
3.3728
-0.70933
1.3101
2.1706
0.7777
-4.9971
-1.5754
-1.3165
0.49
-1.6916
-1.4332
-4.6531
3.3391
0.99616
1.72
-0.8398
1.2627
1.58834
0.9594
0.9156
0.0503
0.5291
0.5822
1.2159
-2.7484
0.941
-1.9334
-2.8209
-3.5189
1.2163
-0.2879
1.3336
-1.43
1.57
-5.2207
-0.3877
0.1417
3.9099
5.0869
-0.5508
2.8739
2.0684
0.2327
-5.6627
-1.7721
-5.4083
-0.6516
5.7209
0.77
6.19
-2.07
2.05
0.211
0.5084
-2.69428
-1.2814
-1.4178
-0.6853
0.0579
0.1066
2.8486
-0.2201
2.7585
-1.7902
1.6172
7.8252
-0.9017
-0.5412
NA
-0.8773
0.24682
NA
NA
NA
NA
NA
3.3947
-0.10534
NA
NA
NA
NA
NA
-0.21636
NA
NA
NA
NA
NA
NA
0.6903
-0.4086
NA
NA
NA
NA
1.4024
NA
NA
NA
NA
NA
NA
3.094
NA
-1.65048
NA
NA
NA
NA
NA
NA
NA
2.21224
-1.748
NA
5.2481
NA
-19.7
-3.8626
5.6
-2.477
0.60775
-0.5691
-0.7874
-1.3363
1.1962
1.3494
3.3782
-3.293
-3.304
-0.03465
-4.67108
-0.58074
1.32267
-1.7701
5.49
1.52288
-1.0148
-1.1107
0.8481
2.16201
-3.6636
1.1908
-7.2242
8.2111
1.2341
1.8629
-4.0288
0.44759
1.1672
-2.6305
1.7553
-1.6473
1.6978
6.6574
-4.3566
-1.5042
1.4473
-2.3428
-0.198
-3.0899
0.70571
-3.0984
10.4016
-2.14762
0.5985
NA
NA
NA
5.2909
5.7467
-1.9934
-1.41
0.9041
3.0089
7.9768
-1.0027
-0.321
-0.6978
-0.8913
0.7277
0.1975
0.5806
0.9688
0.7397
0.6384
0.7473
0.6003
-0.5744
1.3717
-0.8496
-0.5017
-1.3569
-0.3855
-0.433
0.6852
-0.0979
1.594
1.9587
1.0674
0.0441
1.3399
1.2767
0.1
0.3613
5.7516
-9.674
-2.1031
0.7484
-1.7557
-0.3594
0.668
2.9011
-1.2406
-2.4985
-1.8296
0.0618
1.56634
0.2606
5.7826
-0.79799
-1.0682
1.2649
-1.18
0.40811
1.4338
-1.41773
-2.9214
-2.1566
-0.6459
-0.8348
2.1311
-1.0791
-0.0187
-5.06
1.9469
-0.3535
-5.4278
0.9839
1.5538
2.069
2.1039
2.0277
2.6788
-0.5356
0.3883
-1.1685
-0.1833
-1.5776
-0.7119
1.3569
0.9029
NA
NA
-1.9207
0.0759
0.1505
3.9547
-2.0597
-3.6133
-2.18996
0.932
1.1025
2.2221
2.1364
-3.2859
0.1367
-0.4076
-2.416
4.2757
-4.2506
0.6935
0.4316
-1.41
0.65594
0.3103
1.1116
-1.2331
1.338
3.50105
3.8952
-4.9504
-4.6372
0.6649
-1.1517
-1.8362
3.8498
-0.9087
0.888
-0.7309
0.0913
-1.6112
2.1491
NA
1.4316
NA
1.1065
-0.426
1.13502
-1.2001
2.39276
1.08
0.8294
-0.2504
-0.918
-1.77315
0.20269
3.5319
0.3663
1.2011
-0.022
0.2163
1.512
-3.3284
-2.1
1.379
5.8397
-0.0511
2.3705
0.5032
0.2824
-0.403
0.3482
0.496
1.2
0.44011
NA
-0.5506
0.1963
1.1
-3.8104
-0.927
0.0637
0.1234
4.7499
3.2962
-7.0429
-0.2671
-1.4753
2.2422
-1.781
-0.6257
-0.6384
-3.337
-0.23428
-1.2
0.7503
-1.2758
2.6497
-3.1872
-2.2654
1.31
-0.7981
-8.5346
NA
-3.4015
-0.692
1.8174
-0.6385
-4.366
-2.1014
-0.1206
NA
3.05765
-0.21
-0.3298
-19.9856
0.6832
1.604
3.654
3.6883
-18.205
2.9239
2.6293
0.4407
NA
-1.4629
-2.5925
-2.907
5.0065
NA
-1.0485
0.65535
0.1931
-0.2974
-6.15999
-2.1179
-0.2449
-0.0972
-2.4071
-0.7903
1.1573
2.9316
0.3633
2.4722
0.4474
-1.4385
-6.54696
2.2166
-0.2487
0.0501
-2.85884
2.703
-0.1921
-1.4712
-2.9919
0.2648
0.4899
-0.5237
0.252
-2.8554
0.3202
0.477
NA
NA
0.7299
1.1904
-0.8669
-0.7683
-3.7222
0.1283
1.3359
0.1074
0.6231
2.9422
-0.3879
0.76736
0.2436
1.972
4.1971
1.4352
1.7567
0.1893
-3.8253
-0.2864
1.3247
3.6067
-0.9727
2.2524
-1.18409
9.0847
-0.5512
0.0199
1.4408
-3.0123
-2.8575
0.3744
-1.7011
-3.31181
0.7658
-0.0234
-0.9028
1.0702
-0.3213
11.1426
-0.2458
-5.8842
-2.2888
-3.1154
-2.2892
0.7695
0.9967
-0.2849
1.5994
0.9988
0.145
-5.3464
-1.08
-3.3667
0.5901
1.8002
NA
-2.5562
-0.3634
-1.84054
-0.898
1.559
1.4288
-1.9981
1.6731
NA
-0.6916
2.0701
-0.923
-0.446
0.5884
2.3062
0.8583
-0.34011
1.2539
-1.3
1.78
2.8558
-0.596
2.9627
-0.1552
-1.5357
-2.4991
0.0511
3.6668
1.36
7.10773
-1.6096
-1.454
-1.1085
-0.4934
-1.7403
-2.297
-1.9025
-1.112
0.3444
-4.9188
-0.561
0.4471
-1.5238
0.8582
3.5759
NA
NA
0.1533
2.3598
-0.4151
1.8758
2.7107
0.9377
-1.0187
-0.50462
0.7397
-2.5389
0.7324
1.93978
-0.000215
0.4989
-0.9749
4.7128
-1.1761
NA
0.1068
-1.2373
1.4483
NA
-2.0582
-3.1012
-0.0233
-0.5226
3.3458
-2.2695
-1.7197
-1.8228
NA
-0.4382
-1.481
2.4211
2.38
-3.5502
-2.2834
0.2837
4.7963
NA
NA
-1.20244
-5.15726
0.5603
-1.5554
2.4494
1.286
0.2345
5.7159
1.9311
-1.4835
NA
1.8125
-7.569
-1.1993
-1.7024
-0.4538
1.5077
1.79
0.8356
3.6378
NA
-1.22759
-0.2832
3.6878
1.8147
-4.4967
3.5752
1.6645
0.6025
-3.2696
0.6883
-1.28
-2.8894
-5.8685
-2.6945
-0.2327
NA
1.0089
1.7407
-1.3254
-0.8632
-3.5794
4.3717
-2.1573
2.8413
-1.3836
0.7021
12.0753
1.225
-1.3316
-2.7305
1.6978
-0.21274
-0.537
-0.9103
0.8284
0.62474
0.971
-1.1841
0.9131
-0.6189
-1.72
1.1047
-3.6375
-0.5852
-1.674
2.03661
-0.9081
3.9235
-0.7842
0.1671
1.2026
1.9474
-2.7086
3.1832
0.2035
3.5127
NA
1.61
-1.5387
-1.239
-0.0791
-1.3396
3.1902
16.6234
-0.3493
-1.8931
-1.5468
-0.986
0.0294
-2.1174
0.292
-3.2052
2.66515
-4.14
-0.0167
-1.31367
NA
-4.7655
-1.3904
3.3674
2.1477
-2.162
NA
0.058
1.5177
1.16
8.60755
1.0652
0.5752
-0.9888
1.2007
-1.7
-0.6005
NA
3.8976
-4.8115
0.6358
-0.6673
0.1492
1.4472
-0.4966
NA
0.2612
-1.6927
2.1641
5.9588
-3.10281
5.6914
-0.3607
2.7215
-1.9194
-1.1181
NA
1.8646
0.11298
4e-04
-1.2973
1.0306
0.8869
1.5392
0.7942
-1.6333
-1.20113
-0.7151
-0.2132
-0.5368
0.7297
0.4578
NA
0.299
-0.441
-2.8977
NA
1.8061
-0.171
3.4549
2.703
2.1814
-2.55585
-0.1132
0.168
-1.1447
0.2442
-6.6848
-0.6594
1.8115
NA
1.8315
4.8406
4.29503
-0.2695
3.8144
-1.4821
2.0149
-2.8647
-10.2121
-0.5513
NA
0.1656
-5.0624
0.77734
-1.0459
1.7353
0.2714
-2.31983
-3.4669
-0.1759
0.6352
-2.2472
-5.8249
-0.24094
3.3213
1.4448
1.41
-0.5343
2.418
0.5759
0.95428
NA
NA
-0.1809
1.7848
6.4975
2.9599
-6.24387
-0.3648
0.2913
1.6442
-3.0349
NA
-1.0695
-3.6842
0.895
0.6789
2.1598
1.8499
NA
0.9861
0.0191
-5.2801
5.331
6.7134
5.55
0.9972
0.7668
-4.2424
1.5962
-0.1886
-2.4018
-1.3052
17.648
-9.4309
2.6001
-2.4513
1.83636
-0.8495
1.68322
-1.0991
-2.7923
-0.5621
1.33
0.313
-2.9282
-0.7609
-0.7431
-0.7177
0.1944
-1.2607
-1.33
-0.1656
0.1533
-5.1684
1.0554
1.0845
2.5103
3.7023
-1.1879
-1.3673
0.51823
0.1533
0.4249
-0.1781
NA
-1.3659
0.0722
-1.3893
-0.6682
0.0175
NA
-3.0972
-1.6404
0.7573
-0.697
2.5339
-1.931
-1.5173
-2.487
-0.2884
-4.7542
-0.5434
NA
-1.1556
-7.9588
1.4451
0.935
3.2768
1.2721
1.0969
-1.2847
-2.75194
6.49793
0.704
1.8539
-1.11
-0.1079
-1.1
1.3003
-1.84
0.9146
-2.686
-6.5958
-1.44
-2.1995
3.03561
1.35
-1.2548
1.6989
-0.6252
0.6018
-4.4246
3.11548
1.3871
1.4162
0.0737
-3.403
0.5501
0.4187
0.6834
-0.2946
0.7145
3.8726
-4.2345
-0.4598
-3.1831
2.3886
-3.25
1.7907
-3.9888
-0.44
2.16564
-0.7588
-7.1911
2.52127
-2.0307
-0.8931
-0.6099
-0.9281
-1.0809
-1.08968
-0.21184
0.29286
-1.8957
-5.86574
-1.74
9.1388
2.9359
-0.9837
-1.3932
-1.3185
-0.44238
1.2684
0.6447
0.9981
-0.6194
NA
-1.5559
-1.8737
0.10599
4.2646
-1.737
-2.8886
NA
-1.2966
-0.0633
0.117
-0.7462
-0.0988
-1.8245
1.0613
0.3658
-0.6441
-1.7721
0.6826
-0.2253
1.8086
-0.7157
-1.06833
-2.3314
-0.7579
1.5798
-1.8558
1.52747
-3.6801
-1.3033
-0.134
0.288
1.6471
-2.14
-0.2118
-2.2626
1.6079
1.97
3.55
0.0379
0.559
2.99
1.97
-0.8572
1.79
1.42
3.34
0.508
2.8526
-0.2782
-1.74327
0.7026
1.5925
-0.54806
-0.8157
1.6702
-0.8979
-0.8626
-0.2977
0.4471
1.9996
4.0791
3.5881
7.9721
3.4122
-2.19
3.1843
2.0461
4.4298
-1.5771
-0.3264
-9.1549
0.2273
1.74
-2.52
1.895
0.1991
-0.7148
2.3512
2.73064
0.1389
-0.6972
-1.9658
1.5134
-0.0192
-1.47
6.7707
1.36
-1.19
-6.0422
0.5894
0.3899
3.0825
-3.37161
-1.2224
NA
3.9568
0.63
3.8101
0.572
-0.6705
1.193
2.2086
-1.0035
-0.9147
-0.0921
-0.8255
-0.3916
-0.65
4.74848
1.1987
1.474
-4.92833
5.3582
3.8752
1.107
0.22612
-0.09394
-0.5469
-5.8836
-4.84207
-1.89196
-0.4093
-0.12339
0.8697
0.6088
0.0724
0.76446
-2.06123
-7.4881
-8.0557
-2.728
-1.7439
-1.9995
0.4985
-9.2162
-0.3544
-0.8774
1.2594
-3.4819
-1.80117
1.8688
3.20791
1.79179
9.0847
1.84239
0.0909
-4.3096
1.01574
2.0645
2.2873
0.47944
-0.59594
-6.106
3.2493
0.6867
-0.2354
-3.1838
-4.6955
0.6407
0.9152
-1.3377
-0.4306
1.7048
-3.1838
-0.12928
2.95317
3.7206
6.772
0.1216
-2.3018
-0.3023
-1.7862
11.5991
-1.2245
-2.6989
-0.3111
-0.5958
0.9238
1.0825
-0.0436
0.8266
0.2888
4.0784
1.2979
-0.8753
-0.1965
-0.8876
1.0501
-0.132
0.7131
-1.4187
0.4008
-0.0944
-4.9638
1.2287
-0.90305
1.27787
-1.0897
1.5973
2.76847
-0.87877
1.25123
0.5658
0.5606
-0.40903
-1.60502
2.82868
-9.7274
3.2621
-1.5692
-1.3352
0.134
-5.79081
0.78619
-1.43
-2.3182
-8.0356
-1.80935
6.31
-8.7708
0.9937
1.29222
-1.72812
0.46367
-0.4489
-0.9341
-0.5881
0.64
0.28233
-1.0446
1.2631
-3.25002
-0.28613
0.4346
-0.8633
1.28619
4.67501
-4.899
0.2703
0.2772
0.3436
-0.34357
-5.143
-4.4229
-0.91297
-2.74
0.99199
-3.252
1.6904
5.9949
-13.512
-18.9674
0.31
-1.7216
-4.7771
-5.27275
-0.7786
2.0763
0.82671
-1.45163
0.4169
-0.9228
3.26984
-1.13541
1.52759
1.0385
-1.6017
1.0771
3.4965
-1.7759
0.441
0.5211
4.43261
-1.6508
-1.0354
-1.2001
-3.74736
4.38295
4.35419
1.12813
-2.1026
2.99177
2.1314
0.441
-1.1943
-1.4973
2.9772
0.38398
0.98802
1.0441
0.6495
-0.0632
0.00594
-2.91668
-0.5651
-0.0669
0.47468
-0.13133
0.4736
1.45159
5.44199
5.7698
11.1378
1.10079
-1.38664
-0.69329
-4.53075
0.5092
NA
-1.7082
2.4516
2.2734
-1.20975
7.40456
-1.06679
-4.8296
-4.63841
1.3835
3.79364
-0.65457
-1.9785
0.85814
0.4753
-0.9854
-1.181
7.59636
-4.6358
-2.6191
-7.4527
-0.66641
0.96173
-0.58608
-4.6062
0.9323
-1.86228
-4.2727
0.66281
9.0472
0.3896
18.0678
0.98972
3.22586
1.4466
-3.0606
-1.7428
-0.475
-1.4324
-0.59501
1.05235
-0.4467
-0.36099
0.00678
-2.4857
-1.323
1.759
-5.5315
0.29551
1.9408
0.38581
4.68157
0.2487
5.0178
-1.44403
0.32514
-0.1307
1.35944
-0.1337
1.4028
-1.24989
0.4662
-4.26633
-0.4386
-2.8921
2.3085
-10.9166
0.5959
0.7975
-1.5498
-1.3094
-2.5308
2.4597
1.4268
0.6655
1.0169
-0.2854
2.4909
2.3378
1.6203
-0.1716
2.5864
2.056
1.8444
-0.4496
2.50975
-0.5684
-10.1091
-6.8618
-0.4516
2.7519
0.7161
0.3374
1.374
1.0655
2.9324
2.3774
2.6377
-0.4072
-3.0498
0.4982
-2.4259
0.6925
-0.659
-2.8086
0.7883
0.4863
-1.0193
-2.53
-5.0802
-5.4768
-0.1542
0.5817
0.3327
-0.8772
7.0265
-0.5257
-1.7558
1.0819
-1.8521
0.1121
0.3828
-2.9207
6.09298
-7.6965
0.9943
-1.2449
0.5212
-0.3725
-3.4735
-3.0723
1.0065
7.4904
0.7015
-0.9052
-1.5221
-1.6349
-5.5894
-0.3803
1.2078
NA
-2.022
-8.4997
2.0586
4.9609
-2.3358
1.28
-1.69
0.779
-2.2376
1.3161
-0.2712
-1.5688
5.9157
-2.6
-0.8682
-4.3408
4.852
8.3872
0.5426
NA
-0.4242
-1.35
-0.5283
-1.4029
2.42
-3.73099
-0.315
1.6733
-0.5465
1.21
NA
1.14
1.4993
8.5548
3.1404
-0.6489
0.00481
1.69289
0.47193
2.4293
1.2878
0.5154
-1.1168
-0.7752
1.72064
1.0084
-0.3886
1.246
-0.7783
1.7722
-1.05868
NA
-0.9313
3.612
-1.9152
0.9394
-1.6112
2.8805
-3.1281
-1.5753
-1.339
1.4745
-1.68
-0.3178
1.36396
2.2975
-4.2749
-1.2684
3.5453
1.9821
-0.0805
-3.4991
-1.8262
1.5038
-0.6381
1.176
2.7759
-5.9656
2.0894
-2.79508
0.6714
3.8754
-0.0612
NA
-5.52612
-2.4513
-0.187
-0.9319
2.2712
-0.3218
-0.4621
-5.7448
-0.5009
2.0071
5.83621
-0.08181
-1.7134
-0.5563
1.4453
2.4787
-0.4504
0.1617
-4.2561
4.6225
-0.4996
0.241
0.7287
0.2497
-0.5603
3.62245
-0.2566
-2.8234
0.8696
-1.9388
0.84263
-0.59071
14.5328
NA
-0.35614
1.7034
1.7582
-1.1662
2.12468
1.0195
-7.38936
-1.12
4.3117
-1.4777
-1.0251
0.5597
1.8305
1.96153
2.1698
0.68782
5.3603
-0.2196
2.9399
-2.4565
NA
-0.14388
5.28162
-0.29657
-9.42703
-7.57385
-0.1308
5.0956
-1.35174
0.09891
-5.3065
-4.80035
-0.8884
1.745
-0.1272
0.3208
1.8671
0.2591
9.3634
2.1406
0.256
-0.01562
0.6689
-0.9408
1.9187
-2.5536
NA
2.4228
1.31419
0.7787
12.4829
-2.298
1.20265
NA
-0.5049
-1.54773
-0.1614
-2.35815
1.601
2.3097
4.3403
1.17781
-1.0187
1.8666
-1.7379
2.79293
-0.99376
4.4971
0.5971
NA
0.9644
5.2827
0.6248
0.4993
2.6826
-5.4003
NA
0.27
1.33
2.1003
0.2637
12.8934
1.8706
6.1476
0.3535
0.4323
-1.00402
1.7684
3.84461
-1.7264
-0.09546
-2.6026
3.3529
-1.2373
-1.781
1.6455
-2.7714
-1.2131
-0.9021
0.55478
0.7132
2.8744
2.8419
1.2758
-0.1223
1.925
-0.0845
-2.4381
0.0078
3.8133
-0.4351
0.1958
-1.2373
4.34
1.3721
-6.3744
3.6017
-4.6691
-1.06
-0.86536
0.8443
1.804
2.2714
1.7335
0.621
0.441
-0.8199
-1.34
-1.6172
0.0065
0.58545
-1.19
-1.32764
-0.696
NA
0.441
4.94642
-0.3544
-2.477
1.6129
-0.4828
-0.749
NA
0.368
-5.9476
-2.5004
-3.25593
-0.1488
2.0419
-1.8962
0.5465
-0.1513
1.4755
-1.2522
-1.5027
1.4786
0.9712
-2.9591
0.3583
0.3002
3.0377
2.7871
-1.1036
-3.8283
3.4709
-1.2988
-1.29
-1.0544
0.1533
-1.0111
3.5803
2.4305
NA
-2.4742
-2.09
-0.1055
-0.4774
-0.5535
-7.00351
-0.2368
NA
-0.2873
-0.9636
-0.0477
-1.3267
-1.2303
-0.3063
1.554
1.4526
0.35881
1.0716
-4.0207
-2.2231
0.6569
3.9384
-2.7815
-2.4928
-0.7464
