-0.601
-3.2
0.297
0.31251
2.04997
0.925
-2.47
0.28545
-7.02654
1.8654
-0.13413
-2.24449
-2.2229
-1.99234
1.08924
-1.9459
2.3403
-2.75317
-4.7001
0.52667
0.5631
-0.43414
-1.1064
0.925
-0.29573
-0.4451
1.1128
1.8716
2.2483
1.20961
2.17147
-0.6621
-0.4678
-0.33619
-0.07955
4.29786
-2.29032
-4.5712
2.5721
-2.08739
2.8841
17.53768
2.66376
-0.0276
2.6362
-0.83161
-1.62085
0.68206
-0.6173
6.4222
-0.8168
-0.40118
0.683207
0.62127
0.20904
1.38
3.5579
-2.51826
-0.35916
-0.40622
-1.26777
1.28251
-0.33994
1.6441
0.41281
0.8703
-1.44112
-1.0716
17.2
-3.5903
-5.6749
0.427
-0.726
2.15
0.6681
-0.6875
0.8844
0.7833
-2.0747
5.02879
-1.25496
1.5644
-0.4332
-3.7765
6.88618
0.80177
0.73428
2.502039
0.81499
7.77585
5.99108
-4.7854
-0.967
-1.3778
0.30349
1.5924
-11.0425
-1.0481
1.8585
1.236
2.3071
-1.7546
NA
2.37
-1.5057
-3.0957
-3.2086
0.58
0.2316
-0.27548
-0.26737
1.7285
-0.0021
0.2684
1.67502
-1.9035
0.0462
-3.27979
-1.3463
-0.50368
-35.726
-0.38614
2.04499
2.9395
-0.3893
1.0465
1.4425
2.818
-2.29241
-2.5218
-1.1969
2.03
-2.1458
-1.40869
-1.412
6.3843
-2.0619
-1.86244
-1.5837
0.51516
-0.3014
-0.27983
0.426691
-0.48436
-3.2096
NA
-3.12282
0.46654
-2.1026
-1.38017
-0.59091
-4.771
-6.509504
5.178691
-0.2305
1.4965
3.99
0.3028
3.30379
-1.42
1.96509
-4.51996
5.3358
0.4572
6.679591
0.0903
-0.80078
-5.47
NA
0.224
1.3614
-0.54516
-1.2071
-3.6968
2.52472
0.5729
-1.70088
NA
0.27407
0.477
-0.55959
1.5203
-1.58
-2.9961
-1.3273
0.20093
-1.35
-0.29898
1.28365
-0.6746
0.7703
0.93686
-4.6
-4.6609
3.2397
-1.39
-0.2141
-0.20772
5.82
14.99569
0.08876
-2.2391
-1.7817
0.72095
-8.4964
2.69167
-2.17554
1.1893
-0.9956
-1.1778
0.4517
0.1023
1.3094
-3.671
3.0812
-1.28
-0.7064
2.88233
0.7436
1.95
-0.1618
1.494371
-0.896099
1.46709
5.80163
8.12486
-4.231
6.51
-2.02571
-3.3393
0.94619
-1.1683
-1.6823
0.688514
0.7591
1.09775
0.09166
1.98
-0.0989
-0.28315
-8.6855
-2.5948
0.93234
0.9397
3.4153
-0.3083
2.08581
3.49
-5.6995
-0.349
3.44
1.72369
2.50401
-2.0761
-2.84381
-7.9085
1.01
0.469
-1.934
2.2786
-1.23343
-2.4075
1.4452
1.99301
12.718
3.2403
1.664664
-2.43369
-0.9531
3.10984
0.4212
-2.2667
4.3
6.4568
0.552
-0.588
-0.239
4.08
1.2563
1.364842
-1.975892
0.43831
0.8466
2.2822
-1.21
0.3623
0.83122
0.651
-1.49155
3.313031
3.762
-1.8377
0.0854
-4.03078
0.6497
0.0237
0.716
4.07
-0.7028
2.3372
1.7019
1.1021
-3.07
-0.45626
-0.3434
-2.18
3.7841
0.0979
-7.1322
1.61904
-2.1651
-0.2557
-9.8
0.8077
3.9242
-0.618
-2.9854
2.1571
0.9001
-0.5493
-7.95
-6.79737
3.9334
-1.8706
-6.26002
-3.5599
-2.082862
-3.2798
12.22009
2.672
-2.753
0.25634
-0.4927
-1.241
0.19123
-0.2836
0.06754
-0.31915
1.18499
2.89538
-4.13
-3.29841
8.92506
-10.10648
4.35994
6.50092
1.890725
3.5542
-2.6713
-2.1887
1.93
-0.53836
-2.8026
-3.7226
-0.9098
1.377677
-0.92553
2.0873
-0.26519
-2.14
-4.7255
-2.51
1.3
2.7017
-2.44437
NA
-0.836821
-2.954992
1.452607
0.31299
10.7079
0.89391
0.486
1.4478
1.91
0.79115
-9.41
-0.5468
-2.81499
0.00585
-1.13
-1.5175
-1.9548
-3.1531
0.4619
0.8275
-3.1854
-1.78696
0.3463
0.0932
-0.878
0.94072
1.63043
3.12905
1.18168
-0.93085
-1.1642
0.2243
0.33875
0.3005
-5.44331
-0.9896
-1.76268
1.140409
2.089973
-0.7347
-0.8818
-2.09837
-4.4484
1.1356
0.63634
1.0011
-0.08296
3.0104
-1.475851
-4.12
-0.32237
0.739
-1.6833
1.01096
-1.293847
-0.4023
-0.76233
-0.62731
-2.32598
-2.7242
-2.2284
-3.359313
-0.8559
-13.9069
-0.2446
-0.7046
0.7088
-1.28251
0.44754
0.0632
-0.82138
-10.0822
-10.0179
13.5643
-1.95802
-2.24186
-1.429
-2.47313
2.94979
0.0067
-9.3878
2.1171
-1.9223
-4.6022
-1.2337
-1.0759
9.77455
-1.3437
4.29494
-2.17729
-1.1541
-0.5126
-0.81774
-3.0938
-5.71921
-0.2456
-0.2487
0.63423
-0.94064
-2.4158
1.198024
-2.960301
-1.51962
-1.3698
0.2788
1.2678
1.0818
1.45407
0.3035
-2.2751
-1.51694
-0.0469
-5.602
-4.1703
3.8297
-1.17
0.47914
1.6003
-2.69709
5.3826
-2.865358
-1.7287
1.76666
-0.935157
-1.6491
-0.69511
2.20735
1.6678
-5.63
-2.57
0.85152
-0.9668
0.3491
0.4765
0.74868
0.0969
1.481
-2.78407
-2.1653
0.7512
-11.06769
0.60078
0.7031
0.589
-0.55259
0.74326
3.1887
-1.2615
-0.7797
-0.4075
-2.0946
-0.139
-1.209006
-0.308
-1.7901
NA
NA
0.4931
0.7236
1.31
-0.172
-0.02366
2.705867
-1.03081
-0.91804
0.548
-0.113
0.46041
-1.9463
-9.73942
0.3492
-0.6701
-3.77071
-1.75
0.03251
-2.5501
-0.84111
-0.01444
0.211
-1.26
2.2122
-1.57654
-1.1981
0.2701
-1.7332
-0.34261
0.219
0.51
1.32
1.56
-0.0189
4.06554
0.5328
7.1555
0.8831
2.7
2.12783
7.24543
-0.20354
1.1214
0.2734
3.2446
0.49135
-7.29174
3.8058
9.97126
0.47083
-1.62678
1.24
-13.28574
-1.3103
-2.972
-0.6623
2.3104
-0.96324
0.1566
0.66
-1.13
0.457
2.30324
1.1378
-2.57
1.02
-1.52148
-1.49905
7.1754
-4.92874
-0.99802
-0.92183
0.90328
-2.8901
-1.01
0.94197
-3.2175
-0.15468
8.18466
1.51322
2.63365
2.8008
0.5751
-1.5275
2.83309
3.5785
-2.43025
-0.6734
4.0249
-0.1949
1.86993
13.9648
-1.82332
-8.0476
-7.31771
-2.9337
7.80124
10.72696
-2.48
-1.3703
-2.99445
-0.15705
-3.52403
-0.535
0.35
-0.129
-1.2225
-2.2945
-1.5345
1.105431
2.43063
-1.5556
-2.13155
1.42151
2.2509
-1.28456
-1.32034
0.66575
0.9357
0.91506
-3.7817
1.2419
-0.0868
-1.34286
0.60089
-2.12046
0.8899
-0.6675
-1.1766
-2.086
-2.63488
1.3652
-6.619
-1.44653
-4.3409
-2.2628
9.1388
1.38907
0.7944
-2.334521
-2.74
-1.38134
-3.9444
-0.66
0.03372
-0.0724
-1.5872
0.60107
1.9127
-4.2
0.7996
-3.3308
-3.52
0.161
5.3761
-0.9731
0.5676
0.71248
-1.91481
9.0892
-0.21819
0.46105
-0.37627
-0.1
1.8745
1.2801
0.1335
1.84557
2.98382
-1.8521
16.8081
-0.98275
-2.65721
1.32402
-2.507
-0.53538
1.0088
-0.1623
1.610893
-4.0579
1.612346
-1.99463
-3.43916
-1.5651
-0.938
2.74539
0.16305
1.81
-0.25
1.7285
-0.4685
-0.2492
1.7524
0.838
-1.5322
-0.658
-3.65
-0.81447
-0.8079
0.4058
-6.4478
-1.06418
9.03118
-2.50087
0.7507
4.92136
-0.904
-4.043612
1.8136
-3.2108
-1.51142
0.270614
2.3514
-2.55316
2.90305
NA
-1.45496
2.08
-4.6
-0.14573
-3.950983
0.6562
-1.1855
-2.427658
2.4075
2.1036
2.0959
-2.92359
0.4156
-1.5353
-2.98679
-1.1196
-2.07512
-2.5154
-4.081832
2.8948
-1.841
10.1343
0.8595
2.6311
0.0817
2.1027
1.2659
-1.5596
0.7486
-1.104
-0.2718
-0.4192
0.4377
2.9292
2.5149
7.0164
3.1024
0.0903
-2.2612
-1.131
-1.8973
0.0921
0.5521
0.3675
6.0666
-1.4895
0.8356
1.7876
0.0675
-0.6848
-0.9928
1.5906
-2.7497
0.917
0.6147
-0.9733
1.7198
1.723
5.2057
-6.5131
0.6759
5.3203
-1.6617
-1.2218
5.1627
4.2383
-3.1295
-1.7327
4.1624
2.0471
-5.3609
-5.7551
4.9726
4.5841
3.347
-3.9857
-0.1219
-1.1433
1.6411
2.9315
-4.0944
0.2264
3.1564
-1.7173
-1.833
1.3631
-0.6129
0.5861
-1.9594
-0.312
2.7184
-1.4441
5.0946
1.1081
-0.7244
-4.6472
-2.2229
1.3005
0.1578
0.788156
0.3635
-2.393459
-1.4662
-1.046871
2.57551
-1.932191
-0.18225
-6.894422
0.969
-0.772317
0.161382
-0.996158
-0.694
1.624435
0.65301
-3.15088
-1.836264
0.9158
0.995612
-2.9086
-3.623221
0.981681
3.6916
2.728745
0.26579
-1.949756
-0.356441
0.87094
0.935324
-0.897863
-2.2138
2.78058
-1.42645
-2.77866
1.14979
0.33927
1.24772
-3.47056
1.95635
-1.11374
-1.4994
0.5584
6.5622
1.40542
-0.8782
-19.79592
-2.54806
0.92639
0.4065
-1.2949
-1.07651
-0.57985
1.20396
-3.01095
1.2051
-0.0452
-1.2789
-1.06443
1.17262
0.2494
1.4918
-1.88049
2.9854
-0.42225
0.90423
-1.17566
-1.51798
0.10372
0.01309
-0.6588
1.8001
-3.12165
1.96272
5.9051
1.8217
4.4531
0.9173
-0.6359
-1.4028
0.7105
0.8495
0.6394
0.1721
-0.8312
-0.5046
-1.8327
-5.8549
0.9708
0.0148
0.203
1.95
0.4585
1.51
-0.456
-0.479
-0.976
-2.79
-0.256
-0.581
2.04
-1.3886
-2.9668
-1.0865
2.5171
1.7216
-0.6584
-0.9932
1.3091
-1.281
0.7644
3.261
-1.0738
1.6061
-3.6515
-1.9742
-1.6979
-1.6831
-1.0194
2.2265
0.3246
-1.6541
-1.185
-0.0023
0.2433
1.4518
-3.3041
-1.4467
-0.6815
2.3766
0.7906
0.1641
0.7811
-5.6065
-1.759
-4.2118
2.476
-6.6145
1.2185
1.9445
-1.8339
-1.2044
-0.8807
-3.6294
-2.6627
-0.3608
-1.2594
0.3057
0.6517
-5.7024
2.4639
-0.7995
2.3738
3.4498
1.5992
-7.3128
-0.5601
-1.7287
1.9917
0.7456
2.2071
-5.7402
5.039
-0.35225
-2.03888
-0.14635
8.9658
0.32904
-6.7368
-1.22912
-2.56444
-1.7384
2.2162
1.59834
-1.1684
1.97616
-1.88236
-4.242
-1.26496
0.83603
-0.94054
0.58088
-2.29379
-0.17528
0.06569
-0.28565
-0.356
-1.2162
-1.87054
2.52139
1.51316
-2.58391
-1.1961
-0.491
-2.1454
4.08274
0.7282
-2.83396
4.3921
3.73051
0.33278
-0.84744
0.61235
1.94179
-1.5048
0.42008
-0.77258
1.2311
-0.61528
2.14379
2.7396
-5.4073
4.3544
4.7881
5.70832
-0.9786
10.93144
1.3359
-1.6894
7.7902
-0.89141
-0.89586
3.64496
1.0259
1.6057
-0.43183
-4.08368
0.8836
0.51873
-2.2496
2.85146
-0.8388
0.39983
0.23746
-1.88566
-2.3529
3.7875
0.54318
1.1576
3.6296
-1.69756
1.04081
-5.89834
-2.97106
0.67301
-0.6215
4.6838
1.5429
-2.74126
0.66259
3.12119
0.21328
-1.2827
-1.071
0.4203
0.0171
-1.6104
-0.3376
-0.51378
3.2047
2.89361
-0.28588
3.3385
0.3524
3.3385
-3.35808
-5.00987
-5.7885
-2.75153
2.57473
1.4619
3.5596
2.33323
-0.1285
1.43321
-0.09656
2.06386
4.61036
-0.26069
-0.50168
5.99118
3.5791
-0.29992
-3.2877
-4.9855
-1.21877
16.82128
8.77582
-1.08272
-0.4946
0.6054
0.31995
-4.76899
0.9484
-3.13341
2.1754
-0.64818
2.53014
-1.98375
-2.86708
-0.97606
2.48163
-3.64084
1.30925
1.2233
1.21218
1.82048
0.30933
-0.42106
3.23221
-0.55118
-2.40339
0.72779
-1.14964
-3.84916
2.64646
-0.24183
1.49609
-0.48489
4.33843
-2.2959
0.55852
0.82858
3.08897
-2.0195
0.9167
0.44124
0.75988
-0.4089
3.23178
-4.09261
-0.00524
-0.71613
0.68192
1.60199
0.8619
1.6148
0.84763
0.3868
0.2631
0.23012
-0.8494
0.16388
-1.6603
1.0056
-4.0163
3.2285
-2.6174
1.105079
0.645162
1.05803
0.380066
-0.980347
-0.9513
1.2191
-1.258793
0.3073
-0.623224
1.436113
-2.247
-2.27084
-2.212038
-0.952502
1.665751
-4.2301
2.6036
-4.887139
0.247971
0.558278
0.16628
1.2024
-0.2271
0.4504
1.003549
-1.6009
-4.43904
-3.60291
0.4259
4.30436
-3.50334
-4.5949
1.52067
2.31041
-0.44818
6.41055
-9.36942
4.6102
3.7579
-2.23906
-3.00266
0.4945
-1.42682
3.70301
-2.50355
6.7951
-4.04647
1.39905
1.1601
1.028
1.68818
5.49135
1.432
0.43235
2.60903
8.33195
-0.69768
-1.46729
2.77258
-0.25768
-2.19988
-1.3144
0.74207
1.5535
0.3204
0.10396
-5.95198
5.5783
0.10912
-0.37761
0.4676
-2.82856
0.83827
-4.99927
2.13385
1.22306
-3.6336
-1.91958
0.16964
-6.3926
-0.45057
4.3438
-2.1926
-1.92497
-1.8651
2.87673
-0.04888
-3.73514
-0.3659
2.05436
1.83233
0.0371
7.69478
1.78072
1.12746
1.08388
1.08794
-3.59684
0.59545
3.64268
-0.5737
-5.80265
0.37117
-0.1239
-0.51446
-0.86513
-0.91102
-0.6241
-3.3369
-0.00206
-1.28907
-1.08844
-1.27278
-2.5996
-1.2122
2.86989
1.54333
1.6618
4.05059
1.41964
-2.33109
-2.4683
0.95118
-0.8377
-2.91337
-0.3289
-1.9065
-24.39603
0.11092
-0.677
1.02433
-1.3001
4.31391
2.25699
-2.28043
-0.64836
0.08785
3.0771
-0.3919
1.79364
-3.16494
-0.19841
-18.1357
0.1118
-0.3255
-1.302
-2.3925
-4.3207
1.6561
0.3398
-8.5291
1.259
-0.6617
-0.3136
-2.4482
-9.6325
-0.9235
1.9169
3.2097
-1.0932
0.753
0.29
-0.1138
3.4761
-2.2603
0.5124
-4.721
12.7945
-1.8419
0.592
-5.8638
-0.8477
-0.1531
-0.2243
1.0522
4.2596
1.0508
0.8817
0.0931
0.9151
2.0042
1.4145
2.7677
0.0695
3.5638
-1.7546
1.7546
-0.8069
2.8551
1.6996
-0.186
3.0083
-0.8162
NA
-0.80974
-1.30249
-0.86618
1.1161
0.25818
1.64149
1.1489
-2.115
2.01935
-2.54157
NA
-3.25449
3.5664
1.93447
-1.77486
6.0178
2.16189
-0.42391
-0.67584
-3.11689
-0.50239
1.4155
0.5477
-0.09844
NA
NA
-0.2394
0.56994
NA
-2.5984
1.82801
-27.75421
NA
-1.422
0.7809
-0.176
-2.06928
NA
-0.06864
0.28072
-1.61741
0.98096
2.05145
0.8637
0.325
-2.8616
-2.20895
0.4724
0.93284
1.5326
-0.7211
-0.35755
4.10376
-1.22076
0.0512
-1.7136
NA
0.1841
1.6374
-0.0122
1.1615
-1.1648
-1.6408
-1.0043
4.0938
0.3714
0.453
-0.2704
2.029
0.3084
-0.2802
-0.9259
2.2755
4.8426
2.4203
-1.0646
-1.8898
-1.1195
1.9723
-0.1022
-0.3258
0.8374
-0.8249
-0.1428
8.4828
0.8332
0.8332
-1.4661
-0.8977
2.6676
-0.2371
1.3967
-0.36
0.0283
-0.0741
2.2085
3.6591
-0.2587
-1.1544
-7.5667
-5.3125
1.3744
-0.6678
2.5367
-2.2177
4.6452
0.3605
2.9335
-1.82
-2.2439
1.4864
-1.5104
0.3765
-1.7077
4.3578
2.1076
-1.1497
1.5872
0.3942
-0.8755
2.3533
3.8595
0.3303
2.0218
-1.0059
3.0439
-2.2292
0.7054
-3.0347
0.1859
-5.9536
-0.6029
2.95445
-1.79191
0.0445
0.54461
2.5277
0.78361
-0.957
-2.82777
-1.11717
-1.06006
0.93433
-0.42904
10.98087
14.7214
-9.70256
12.1817
0.59182
-8.9115
8.5869
9.0847
1.47727
-0.78682
-2.16972
0.0649
0.8905
3.1866
-0.0222
0.5962
1.81293
0.70419
-0.9597
2.555
-1.39889
-0.0501
4.12651
4.31961
-7.83919
3.15313
-0.97833
-2.26265
-10.2343
0.1695
-10.4016
3.10374
0.07947
2.188
-0.15047
3.15627
-0.83784
0.71716
0.71418
0.3416
0.63814
-0.52703
1.33968
7.4527
3.0059
2.94885
-2.5028
0.2212
-0.89596
8.0576
1.2165
1.66958
-1.5895
-3.1423
-1.8779
-1.32667
3.63998
5.5246
-1.32475
-1.21
-1.1
-0.849
3.12
1.9
-3.25
-2.08
2.41
-1.66
-0.0915
-2.51
-2.58
2.78
0.231
-4.21
0.905
-5.46
4.57
-1.21
-0.111
-0.169
0.691
0.197
0.603
-1.61
-3.85
0.969
-1.99
-0.454
-1.08
3.94
1.13
2.93
0.453
2.82
-2.02
-1.83
-0.0127
-3.14
-1.31
-1.12
1.24
2.47
1.99
-2.56
-0.997
5.11
-0.52
-0.645
2
-0.662
1.16
1.27
0.0143
-1.91
-0.764
1.76
0.987
14.4
-1.41
3.45
6.11
-3.64
-0.9
0.318
0.318
-1.66
2.85
-3.02
5.61
-4.13
0.463
-0.141
-1.05
0.53054
8.4379
1.2115
0.0289
-0.5583
-2.33893
1.4526
-1.48
4.9
-3.1866
1.38158
1.7402
-0.0896
2.87249
-1.14
-3.63912
2.94111
-11.2984
-4.67234
-0.74912
7.9702
-1.4981
4.4638
4.533
0.79275
0.00839
-0.02653
-2.66594
-1.6854
0.2691
1.99518
1.87316
0.6141
-2.0558
-1.64857
-2.58651
0.467
0.4529
-4.12
-2.19
-0.47855
2.3341
-5.2531
0.15116
-4.19536
-0.61548
1.28846
1.86149
0.1379
-2.40631
0.10352
1.181358
-0.732082
3.6062
2.5112
1.410244
3.6987
0.551094
1.0656
6.241084
2.599907
-0.231654
2.319634
3.9019
-1.660359
1.939472
0.775093
-1.17952
1.49355
1.0117
1.4023
0.1836
-3.306494
-0.134244
3.352515
-3.262644
3.870345
-3.0381
-4.839376
2.6318
0.714422
-1.30938
-3.4668
-0.64307
-0.90789
-0.7153
-1.21315
-2.7817
2.2084
0.3835
-0.1441
1.6157
1.5475
-1.51
-0.578
0.3911
0.1675
0.85802
-4.4826
-3.4664
0.505271
0.6766
-0.5961
3.4965
1.04
1.42
1.18
4.65
1.02
2.66
-2.17
-3.19
-2.2342
2.3118
-4.0803
1.2604
-1.4485
0.5732
-1.0919
-0.6799
-3.0164
0.2438
-1.7644
0.00719
-0.32169
0.7818
1.49425
0.7702
2.88379
2.9263
-0.8931
-0.976
-1.73
-1.5511
0.3077
-5.43846
-1.5698
-1.4568
-1.9214
-1.96811
0.0329
0.639
1.56
-0.275
2.91
1.7533
1.32334
1.24902
0.4616
1.78
-0.5018
5.2166
-1.74
-1.17
1.39616
-0.0693
-1.26
-7.51
2.682
-1.5524
1.129106
0.172874
2.43297
-3.2462
-4.17
-0.937
0.805
-1.02
0.0681
-5.46
4.5143
6.06911
-0.37912
4.62937
0.3898
-0.30317
-0.3465
0.35076
-2.1516
2.9539
1.64099
-2.23081
-2.24818
1.66806
1.34735
1.8001
3.3183
-3.0548
-0.4877
1.291242
-1.612207
-1.069
-0.777676
0.0468
0.3192
-4.6948
1.6668
2.3783
-0.2937
2.42171
1.48586
3.77
-0.879
-1.74
2.1035
-0.5492
4.0405
-8.0559
0.0633
2.0213
-1.965
-0.3306
-1.26159
-1.75469
2.68243
0.9926
-0.8343
-0.0561
-0.403
-0.5573
-0.97829
-3.73296
2.18015
3.20976
1.04784
1.4172
1.5683
2.3336
-0.5165
-0.56709
3.07401
5.55822
2.31387
-1.15292
-4.13792
0.59209
-3.63416
2.2665
1.38098
0.22943
-1.73528
0.328
-1.293
-0.05998
0.98474
1.0623
-2.24567
-1.01007
0.46599
0.00549
-0.17515
4.4947
NA
1.74768
NA
10.9538
NA
-1.62788
NA
5.55886
4.0395
-4.043
0.278
1.6384
-0.78645
0.65575
0.6634
-0.08553
0.53846
-0.01935
-3.2841
-1.4972
-0.8728
0.8516
0.237
0.605
0.393
-5.23
-2.49681
-1.287362
1.2117
4.9001
0.64268
-1.84315
-0.6622
0.8454
-0.94979
-0.9627
2.7959
3.32744
-2.09124
7.1869
-1.86445
-0.1354
-5.83329
0.06965
2.50287
2.4222
0.412
-1.57202
1.72228
-3.22041
-3.99319
6.79627
-0.68971
-3.96666
1.2203
-1.82338
-7.41608
0.8695
-2.84627
-0.8549
-0.2394
-1.29229
-0.88271
0.8216
-0.04621
-2.30384
-2.6992
1.65516
-0.8188
0.25814
0.80139
0.44593
1.35
1.0946
3.50074
5.2656
-0.245
-5.2
1.09
0.820491
1.757586
-0.85
-1.39
-2.9
-0.4524
-3.18434
2.3738
3.94198
2.04075
-2.02642
2.6432
-0.3911
4.056
8.4894
0.854763
2.1466
1.1637
-2.10989
-8.81443
-1.37396
-1.45367
0.78997
-0.4421
-4.16995
5.1146
1.53383
0.9057
0.1303
0.9061
1.2635
2.0105
2.7804
-0.2607
-0.7238
3.04044
6.26873
1.35871
-0.85959
1.2212
-0.409
-0.0257
0.983
-1.8845
-5.8484
7.0253
-0.2474
2.82
0.33677
-3.02569
-3.15488
2.02
-0.16057
1.86266
6.5574
-6.81812
0.0614
-2.7185
0.98394
2.1422
-1.1457
0.3464
-2.2739
-0.9264
-1.1558
7.4706
-4.6833
-2.6679
-11.0352
2.5346
-0.972
0.7965
0.2464
-2.13815
0.65941
-0.75759
-1.37705
4.18978
3.61631
-1.6454
-1.25217
0.8527
1.2136
1.63737
-1.00555
0.56813
-1.9724
1.8314
0.1832
1.5783
-2.89474
3.1756
3.24624
-4.6232
2.2726
0.6247
-4.3122
-0.7901
3.0766
2.9596
0.69086
-0.35469
-0.6003
0.37636
0.17614
-7.6989
-6.3007
1.3971
-3.49806
1.1965
2.9881
-0.45451
-2.145054
0.1961
2.073964
0.744448
1.4668
-2.200529
-0.2198
-0.5207
0.4281
-2.25519
-0.67403
-1.7639
-2.37691
-0.86817
-0.48177
-1.9152
2.60482
0.106
-3.68812
-7.10963
3.7116
2.29443
0.5333
-0.97305
0.5721
0.7952
-2.70537
0.41667
-2.21133
0.9084
3.08783
3.19318
1.38787
2.33402
-1.3165
-1.79504
1.27437
1.13909
-0.85249
-1.8837
-0.89286
5.1009
-2.521
-1.3849
0.6686
0.35265
1.01489
-4.95
1.0215
0.77924
1.9675
2.11028
-6.7445
-0.31327
2.17
-6.13
1.76
-1.4449
-1.7164
-0.2233
6.4168
-2.1359
0.00726
-3.37521
-0.02891
-12.63405
-1.0395
9.0375
0.8418
0.751
-6.32
0.76613
-8.423191
-4.3291
-3.0839
0.1379
1.1325
-0.7608
14.2681
-0.3459
0.6881
-3.53364
0.957
2.8097
-1.42602
2.76
1.53
-0.37431
-3.9631
4.6668
-1.64
3.4922
-0.0467
-0.276
2.7
-0.6886
-4.75028
10.039
-2.40912
-4.90424
-2.5812
-3.487223
0.6191
1.57773
-0.5126
-0.48307
-1.53182
0.584
-1.14108
6.3941
2.15
0.6404
-3.4083
1.89109
-0.2324
-1.5458
1.08387
1.6778
-2.44296
-3.13807
2.3985
3.31463
0.94566
7.1731
1.32843
-1.526
1.35678
-0.31604
-0.96064
-1.4381
5.57833
-2.55308
-1.3152
-0.108
-0.45671
-2.18553
-0.646
4.228
2.9834
1.3864
-3.1076
0.07667
4.56
-0.49031
-0.77482
-3.76
16.8
1.5295
-1.74888
2.968
4.04373
-1.4486
-1.4486
1.7964
-0.9361
-0.164
-3.06
1.42
1.208
1.21
0.542
-0.969
-0.0725
0.0196
1.047
2.32
-1.68
-2.17
-0.647
1.19
-1.43
-3.17149
1.8908
2.08249
4.4662
0.8029
0.5434
-2.3957
-0.1353
0.7415
0.6761
-3.0237
0.2979
-3.6845
-0.2446
3.9061
0.275
-0.6521
1.1618
4.3769
0.519883
1.0176
-1.1695
0.2192
3.26559
0.98036
-0.55207
-2.26321
0.62767
-0.87154
-2.99166
1.4826
1.86689
1.19192
2.256178
1.588295
1.228848
0.4008
0.13658
0.0896
0.9005
-1.3567
1.9328
0.9549
1.3647
1.21798
-6.05
-3.33
-0.81
-0.305
-0.735
0.657
-2.12
0.339
3.03
1.1351
2.45
-1.9517
-0.1435
1.7328
-3.2196
-0.5974
-1.7388
0.78396
1.28007
0.847
1.3161
1.3337
-3.596498
2.327
-1.2644
-0.8659
-0.2916
-7.0612
-2.2726
1.3162
0.10783
1.8968
0.145
0.784
-0.209
-0.922
1.1968
0.268
3.1718
-3.66412
1.04239
0.5106
-0.94935
17.86684
2.0262
-2.0825
0.000941
0.447
0.194
-5.08412
4.69019
0.9936
-0.98195
1.64577
-0.60193
-0.0888
-1.4639
24.0727
0.2866
0.6087
0.0492
-0.5835
0.01109
-0.34683
-3.56801
-1.64749
-0.79031
3.4657
-0.58509
0.12386
-0.62153
0.83628
-0.9162
-0.7462
0.2767
3.5771
1.7306
4.9942
-1.3587
-3.4088
-0.9423
0.3392
-0.59033
-0.32439
5.9929
-2.05755
-1.0927
-2.8743
-1.7543
-2.1373
5.4278
0.204
1.7
-1.38
2.69
-0.166
-1.04
-6.09
6.66
0.167
0.78096
0.69633
-0.99352
-10.9051
8.665
-1.93
-0.8128
2.087
-0.2098
7.60385
-1.55451
1.10753
0.503
-0.8748
3.2403
-0.5746
-0.9256
0.0132
-2.3459
0.589
1.02
-1.18
4.71
-0.717
-1.17
0.858
2.59
3.32
-1.35
1.05
-1.76
2.9067
3.23508
-2.48762
0.0716
0.74759
-0.60009
-2.68027
-2.34766
0.00232
0.58873
0.65091
-1.37058
2.138
0.79864
5.21783
-1.56801
-2.06397
-0.82742
-1.4295
-4.50567
-4.69
0.1009
3.3397
1.5292
2.66032
2.4344
0.39846
1.3729
-2.46006
-0.71569
5.0483
-0.72296
-1.16485
3.10219
2.63041
0.1141
0.0522
0.76097
-0.06975
1.5581
-1.47043
-2.64078
1.7208
-1.6109
7.51526
1.90549
-9.17953
0.55213
-0.40639
0.2951
0.2738
5.278
1.1299
1.30239
3.43812
7.00051
0.3855
3.7861
-0.08574
-0.32084
0.6238
0.6558
3.57776
0.31653
1.86968
-2.78478
NA
1.3505
0.40478
-2.66808
-1.76463
1.0068
1.6216
NA
NA
NA
NA
2.33476
-0.35431
-2.4929
NA
-0.5246
0.0594
0.8031
-0.993
0.56684
-1.97928
3.4678
-0.32776
-1.2233
0.86156
0.86408
0.58192
2.49628
-1.76051
-0.39893
2.62096
5.80945
12.36403
0.09975
-1.05841
2.37666
-0.49031
0.1874
1.7696
0.72874
-0.0581
-2.40815
1.52176
1.9849
2.2514
-0.08692
-2.94943
-1.81781
1.3871
-3.74322
0.57842
-2.7474
-0.6635
-1.05725
3.83292
-3.45
-0.741
-2.04
-0.0215
2.4228
-2.69587
1.39837
-0.5668
0.71581
-0.60685
8.3099
-9.60324
0.05907
5.693439
0.090413
0.003896
-2.7322
-0.494365
-2.400992
2.6318
-1.892281
-2.7908
0.547011
-1.235859
-1.882332
0.512036
1.080778
-0.95158
0.12443
0.04907
-4.8457
8.17943
0.9326
0.87723
-5.4482
0.4142
1.67722
-0.1164
-1.6991
6.986
-1.1069
-3.2621
-2.21963
2.52265
1.72683
1.81521
-4.57866
-5.28038
-0.35466
-1.2827
1.08738
0.655
1.00283
1.22847
1.52271
-5.40858
0.00712
1.76763
-3.14842
3.97383
-0.90892
-0.20511
0.757
0.48727
-0.2937
0.9612
-0.69307
0.45802
-0.7541
-0.91462
0.37585
-0.0778
-1.9727
2.04911
-1.4743
0.3847
-3.2647
-2.4866
-0.4971
5.0268
2.7036
-0.2928
0.6035
-3.7604
-0.274
-1.3056
0.5679
-1.8928
-0.9976
0.877
-0.7326
-8.5422
0.1335
3.0284
1.1127
1.3637
-3.0846
-1.3889
-1.1115
-0.0854
0.407
-0.62
4.41
0.68
-1.9084
-3.5463
0.7361
1.77
0.916
-6.5509
3.8108
2.441
-3.11
-0.259
-2.85
-8.5009
0.4858
-2.5164
-1.1483
-1.98
-5.06
-17
-0.866232
-0.389388
0.9019
0.4723
-0.9539
0.642822
1.151714
-0.2864
3.991267
-2.255746
0.781054
-7.7482
-1.5195
-1.17175
1.2037
9.5392
2.32003
-3.63887
3.41621
-0.68976
0.4987
-0.87544
-2.1131
-4.12485
1.288
-1.22192
-1.015
-0.4148
-6.08713
-8.51587
1.8183
11.7423
-0.07845
0.80981
-11.36226
-3.44366
-2.28277
0.3745
-0.9895
6.93456
1.91917
4.19711
0.72598
-1.13037
-2.49211
3.3114
0.0561
-5.7758
2.1937
0.0762
-3.747
-0.1214
-0.3282
-1.8679
0.2005
-6.6145
-2.4586
0.9114
-0.8168
0.0506
0.8893
-2.9348
1.75589
-3.0734
-0.33586
0.76557
-0.8286
4.1662
0.0225
-0.97791
-1.19885
5.3159
-3.0976
-1.0354
0.60649
2.64387
4.92
-3.8635
-4.6657
1.032
-0.8804
2.7343
1.7742
-0.6541
-0.4945
0.8455
-4.2354
-2.5578
0.2307
1.9007
1.286
0.9598
1.83715
1.2612
0.49085
-1.22409
-2.9772
6.96402
2.22805
-4.12823
4.2695
1.4607
-6.77237
-6.55009
1.42
0.44274
3.3239
2.3815
-2.6756
-2.1249
-1.4809
4.7206
-2.0357
-3.13276
0.15994
-3.4235
2.8042
0.88483
2.0192
0.46397
-0.96467
3.15109
-0.28185
-0.32997
0.63627
-0.2749
-1.34985
27.33831
-6.4007
9.14338
1.1544
-1.3553
-2.12806
-0.08518
0.60372
-1.9084
-3.68226
4.42771
3.2705
-0.28954
-2.1486
-0.80246
-1.10086
-2.0325
-0.32677
-2.55142
-1.67145
3.5983
-1.132
4.98
-2.16
1.92
-2.59
-4.31
-4.07
0.708
-2.76
-4.57
-0.447
-1.93
-2.41
-0.519
-0.577
1.44
-0.74
-1.32
1.08
-1.8
0.00744
4.13
-0.404
-0.605
2.43
0.14
-1.15
0.809
-0.148
-0.46
1.4
1.66
0.779
-1.17
5.16
-10.3
-8.11
-0.713
-3.1
-2.58
8.14
3.5
-3.62
-2.37
-3.62
9.35
-1.2049
-3.45
-2.57
5.51
-1.37
-0.518
7.43
2.56
-1.67
3.04
1.54
-1.64
4.86
0.603
-1.66
1.06
-3.07
0.0772
0.643
6.51
-1.31
-0.874
-1.75
1.83
-3.36
-0.921
-1.01
-0.68
-2.02
-4.75
-0.905
0.935
1.65
-5.07
4.83
-1.55605
2.53005
-0.19225
-0.82671
-1.94499
-1.17173
-2.742
-1.745
-0.80077
-1.44025
-1.2296
-3.04859
0.49529
-15.7783
-0.70308
-2.80184
-3.82248
-2.23241
0.08067
-0.02056
-0.55853
0.44912
-0.00217
-1.44377
-2.07622
3.4154
-0.64763
-0.02682
0.9354
-1.86639
-0.4022
-0.4847
2.78396
-5.70752
1.03862
1.02342
-4.859
0.6368
-0.1698
0.3925
-1.72538
-0.05882
0.12282
1.9476
1.2503
-4.78
0.35249
0.0027
-0.4871
1.2723
-0.0658
-2.1246
-0.8839
3.9194
2.4922
-0.2105
-0.1088
-0.0395
-0.4973
1.6679
-5.3123
-0.6851
-1.7291
-1.4258
-0.4686
1.2439
-2.29729
-1.8592
-5.1846
-1.8555
-3.1412
2.5311
4
2.02052
2.8238
1.1052
1.45705
0.38879
0.27865
0.4743
-0.5491
-4.62667
0.2951
0.40368
4.46231
0.7037
-0.0538
-1.05167
2.4199
3.72975
-1.5052
2.7224
-2.1162
-12.9969
-2.6075
8.6989
-0.6666
-0.7516
3.9232
3.3131
-1.4676
0.4119
0.5956
-0.3026
0.6948
1.4141
-2.2367
0.333
-0.1545
0.5687
NA
-0.21744
3.15329
-0.11289
NA
0.8784
-4.116
2.2359
2.3558
NA
2.7969
-0.6464
1.3961
2.1949
0.4877
NA
NA
0.5274
0.93392
-1.50957
0.0159
2.099
0.8199
-5.20628
-4.718
1.8969
0.34069
0.82787
1.80712
-1.6807
-0.1441
2.1045
-2.16221
2.1045
0.6068
1.07772
5.2364
-0.85398
3.1899
-1.21443
-3.15416
1.13574
1.21621
-0.32628
-1.14311
4.93144
-0.22662
1.0189
4.70393
-11.62279
-7.84416
0.6222
2.52401
-0.9588
-5.8613
0.8817
-0.08011
-0.37804
-9.52434
-1.95473
3.37757
-1.9072
1.50029
0.6544
0.6618
-1.83911
0.65579
2.27744
2.15012
-0.03161
3.14676
1.59921
2.38127
-0.30825
0.05423
-0.0672
3.73067
-1.0207
2.4866
1.25475
6.55786
-1.1404
2.7678
1.9547
-1.23789
-0.4199
-3.54941
0.09309
-2.986392
-0.450979
-6.617415
0.593388
5.5333
2.6116
-0.304528
5.7176
-0.4174
-0.061695
1.3849
5.035105
-0.7989
-1.18077
-0.60769
-0.16579
0.21824
-0.89514
-1.85033
2.0475
-2.60296
1.3776
-0.1399
-1.3845
5.97148
2.02978
-0.9507
1.64247
-0.69312
-10.4652
1.69134
-1.38359
-1.34024
0.7196
2.40623
0.8269
-20.49789
0.343
-0.43218
2.26325
-0.716
-9.32603
-0.0908
0.4414
-2.2031
3.48849
-1.66807
-0.0094
-9.4866
-0.95126
-3.97509
-6.02299
-7.1485
4.8547
-1.4808
2.7662
0.7896
1.4176
-1.966901
-1.384756
-0.023567
1.51
2.0928
0.669
-2.65
0.86957
-0.8371
-2.53
-2.027321
-0.7555
0.4966
1.45183
0.8952
-1.7584
0.9893
-0.581973
1.5233
0.3479
1.502193
0.548
2.656
1.0717
0.6805
-7.2937
-1.573183
2.66593
-4.985616
-2.4226
0.5839
-0.3817
3.6413
-2.06082
-0.40844
1.43857
0.76887
7.53784
0.46784
2.26202
-2.064925
-1.6247
3.0697
0.380696
1.38044
0.244
-3.50195
3.2309
1.445547
-0.175499
0.896812
0.78474
-3.02828
2.1534
-1.43073
-3.3323
-3.4277
2.243141
-1.63
0.4414
0.77945
-0.19595
-0.45416
-0.834298
-0.387
-0.8458
-2.139854
1.4792
0.461
0.1943
1.52019
1.11
-1.58377
-0.0263
-0.0907
-0.43362
-0.22408
-1.45478
-0.5961
-1.70593
-1.13
0.36113
2.9078
5.305
5.16966
-0.1304
0.131754
0.9931
6.079
1.4782
0.5302
-2.7506
2.123758
-0.9239
1.75443
-0.5065
1.37969
-1.9692
-3.06983
1.1065
0.1148
-1.7232
1.33852
2.93465
3.32589
-2.02
-0.231
-0.35
-1.592162
-3.234745
0.5891
-0.41345
-0.96372
-3.2949
2.2913
0.3145
NA
-0.3378
-0.4239
-0.271
1.5324
-1.287
-3.0463
-0.9973
2.8709
3.0465
1.1657
-3.28
1.21751
-1.82819
2.0947
0.12036
-10.84933
-1.97821
1.20654
-7.46506
-0.47206
-2.73
-0.4224
-5.8976
0.0952
2.15
-0.239
1.4813
-2.43804
6.4772
-0.0317
-1.349
0.14905
2.0565
-0.05801
-1.03
0.244
0.18308
-0.93663
0.6558
-2.62123
0.0136
1.4309
0.1279
1.2631
-1.77
1.32613
4.35302
-1.10962
-0.01072
0.1109
-1.4072
-3.08481
0.671
-0.1368
1.17091
-2.11031
-0.407
0.737
0.283
-0.412319
-2.62242
1.0116
-0.0882
4.05
0.17988
2.1348
-0.65801
-1.1901
0.1872
1.8205
-1.7652
-1.5593
-2.08857
0.077
2.2631
3.9883
0.0911
-1.7175
-1.2149
1.89841
-0.7179
1.0585
-2.59475
-1.1525
1.93644
0.0445
-7.26504
2.2343
-1.364612
-0.633707
1.67686
-1.27
-2.16745
0.333
-5.3561
1.832849
-0.5329
2.2064
-0.4578
-2.58542
-1.7499
-1.343
1.49019
10.953
-0.511
-5.4128
-0.59993
0.0424
-2.6471
1.56675
0.4464
1.19623
0.4464
2.1529
0.150105
-0.19413
3.069458
-2.26481
1.99185
2.650051
-0.9262
1.27786
-0.86954
-6.81
-3.11076
-0.0463
1.0689
-1.43928
2.73064
0.6095
5.145
3.535945
-0.722099
0.295241
-0.6006
0.3297
-0.9265
1.6622
-2.31422
-8.16384
-2.5973
-0.54402
0.71486
2.19062
2.15
-1.0791
-1.4158
-0.6429
-0.6672
1.52
-0.532
-0.182
-2.615
-6.0629
0.637
0.615
-0.7562
0.4826
0.4843
-4.34049
0.8414
1.0589
-0.63245
-0.945
-2.3131
1.519932
-1.93826
2.3551
2.4755
2.1201
1.81126
-3.895
1.15418
2.33085
1.36168
-4.34129
2.92956
-7.17374
0.18183
0.31116
0.08033
0.10748
4.30229
-1.65779
-3.8058
3.41
-4.92
4.7158
1.09408
10.7
-1.45309
-2.52728
-1.46
-7.3728
2.1736
-8.06
1.13359
-1.5205
-3.1583
-0.0392
-0.287
1.1988
-1.2494
3.9012
-0.476
-3.19
0.00765
0.42465
-7.75521
-0.70572
0.63964
1.15878
1.68793
2.2
3.3765
-3.79
-0.614
-1.4
-1.09
0.0394
1.39839
-0.784
-3.44
3.8
-4.9836
2.52166
-3.73
0.1843
0.397
2
8.38827
-2.6991
5.3533
6.13653
-0.45528
6.16694
0.85515
-4.2887
-0.234
0.928
-0.95148
1.42586
1.70242
0.67774
2.1946
0.32
-2.5677
0.206
-5.43
0.7699
2.46756
-2.27
2.4183
1.88
1.4821
-1.6789
16.9
16.8
1.3483
-3.3947
5.24407
-3.53
-1.76781
3.3947
5.39111
-0.62684
5.2553
8.60834
-1.58702
1.3502
3.83
2.07
-2.07
0.58
1.1476
-1.96917
-0.0455
0.4022
-3.11738
0.26835
0.09196
0.23765
-0.96692
-0.9621
0.76329
0.00219
0.83802
-0.34252
1.29811
-2.18531
0.84178
0.58023
0.18223
-0.48284
0.36923
5.43999
0.42225
4.94951
6.05607
-2.6054
2.71997
2.88665
-1.08524
2.93429
-1.61251
-1.31479
1.58305
1.34793
-2.7371
2.03915
-4.1132
0.96835
2.31299
-0.37805
1.32249
-2.97686
-6.1074
-6.0264
0.27246
-1.62
-6.09
-4.0957
-0.1192
2.26
6.86
-5.52
-1.38
2.3816
5.91
0.794
0.1282
-2.7783
3.9077
-1.8008
2.6745
-2.22713
1.52218
1.18376
2.27506
-0.7829
0.2445
-0.94768
-2.6818
-2.01022
3.7646
-4.2044
-0.1331
-1.02878
0.70039
-0.38395
0.5355
0.06986
1.9743
-0.94157
5.8362
-0.8713
-4.78746
0.71783
-1.6365
-4.14528
-3.29581
1.14457
-1.45651
-1.3319
3.3947
-0.4737
3.16838
2.61844
2.0096
-0.3544
0.3376
NA
NA
1.81983
3.5747
-4.38433
0.961
-6.1407
1.313
0.3251
-2.6459
3.3997
-1.9837
4.75189
0.94293
0.0727
1.42941
-3.6824
1.69649
-2.14
0.00484
-1.4
-2.2
-7.33
2.49
2.2
-1.48
2.13
1.78
0.296
1.28
1.51
-0.544
-1.03
-0.125
-7.27
1.95
1.19
-1.04
-2.85
-2.29
2.91
-5.74
0.447
-1.09
0.175
-1.27
2.25
0.484
-1.64
1.86
-0.673
1.79
-0.543
-7.15
-1.55
-0.162
-1.89
-0.42
2.01
-0.0247
0.158
0.839
-0.85
-0.832
-0.664
-0.12384
1.63
-0.6041
-1.34534
2.05
-0.0854
0.0381
-1.1
0.191
0.179
3.2064
8.97497
2.0512
1.2276
1.60575
0.66877
0.71721
2.7472
-1.96468
1.22119
-0.08437
1.64
-0.411
-4.86783
3.34431
3.1949
-0.04459
1.20389
8.62
1.49266
1.39
0.611
-0.52276
0.63278
0.55821
2.46834
2.14
0.46445
-1.00157
0.36919
0.80981
2.0754
1.64841
0.343
0.56184
1.42473
-1.95
1.41
0.1025
-1.93
-1.2945
1.58
-8.39445
0.278
10.4237
-0.409
-0.3726
-2.5059
-1.65
1.94
0.739
1.2892
-1.1821
-3.4549
-3.67432
1.68259
1.2538
-1.8574
-0.967
-6.94344
-1.2656
-4.59835
1.3913
0.0365
-1.4145
-1.2058
-1.2883
-1.4053
-3.3288
-9.8523
-10.2438
-6.7385
-0.5708
0.4844
2.4996
2.824
-0.2045
2.43564
1.1448
0.7437
-0.228
0.7362
0.9601
-0.1332
0.3285
3.0859
0.2271
0.0909
-0.0953
1.9826
-0.09
2.82
-4.0701
-1.0214
0.4387
-2.1884
2.3179
4.8863
6.3129
-0.25523
-1.06007
2.3134
-1.3053
3.283
-4.1939
-2.01
-5.41
-0.535
-6.68727
-1.64552
2.181
2.2762
2.7434
0.4206
-0.1714
-3.7693
-0.9121
3.8545
4.9712
2.7012
-0.1917
-0.2663
3.8843
0.2149
-3.05336
-5.89894
0.5357
-0.4863
0.7447
0.93643
-0.51622
-0.8182
-0.23606
-1.87031
-10.495
-0.8942
0.84277
-5.8779
-5.8779
3.9615
-1.9778
1.0821
0.1377
2.3696
-0.8212
-1.7152
-4.8928
-0.2362
0.3547
-0.2474
1.0043
2.0906
-5.4461
0.9099
-2.7159
-0.2174
-0.3297
2.1193
1.5535
-1.0085
1.2943
-1.03077
2.2146
-1.3394
3.6343
1.1561
-2.42764
1.03977
-0.0645
-2.34012
-0.0848
0.6102
2.1924
-0.95971
-1.225
-0.3072
-1.3474
-1.1287
-1.235
-1.7255
2.17582
-0.68644
-0.85702
1.07099
-10.6675
-0.40254
-1.44588
-0.65061
-6.568
-1.45348
-2.279
-0.0781
0.88897
1.366
-0.14541
4.30727
0.74222
0.8884
0.28028
-0.63062
-0.04897
0.8817
0.2406
-1.81267
-4.2361
0.61052
-0.08529
-0.03768
0.9934
0.29045
0.1326
-0.47675
-1.39082
0.61381
1.69037
-0.69962
-4.8798
-1.32992
3.53443
-0.74042
-0.29498
-3.18845
-0.74107
2.22704
-3.9198
-0.54271
1.1106
0.14801
0.72475
-0.26094
0.45681
2.83887
4.01975
1.65122
-1.19322
-1.60299
-5.8987
0.09151
0.914399
-0.913
-1.7927
-1.061539
-1.385759
8.727935
-1.07723
0.083438
1.64
8.503636
-0.902
0.34967
2.1703
1.614632
-0.6844
-0.649373
-0.9686
-0.193
-0.9804
3.5914
-2.6295
2.411939
-2.08544
-1.25716
-0.8003
4.66954
-3.5917
-0.7923
1.965383
3.679692
-2.1929
-4.269076
1.3274
0.366109
-0.68163
0.34241
-1.6708
6.13974
9.8789
-8.55338
0.412
-0.153088
1.270026
-0.794638
-0.450247
-0.188848
-1.009829
0.372443
-0.91282
-0.52148
0.7853
-2.35752
-1.9363
-0.40023
0.63841
3.6551
6.161
-1.1734
3.78161
2.4039
2.3568
1.1269
0.8878
3.8731
1.078622
-2.0113
0.121997
-4.42194
2.68012
2.05121
-1.7371
8.17242
-1.936
0.4822
-6.633372
1.074578
0.048778
4.6876
-2.2706
1.87404
-1.55682
-2.7662
0.79937
-1.47983
-2.29104
-1.7129
-6.50951
-8.73751
1.9903
-1.1615
-12.48194
-1.7792
-0.6872
2.6694
1.69913
-2.621
-0.82995
-3.23042
5.8683
5.37902
2.5636
2.1818
-1.7135
-0.0488
-0.04361
-1.0451
3.394
1.76505
0.30355
1.2292
-0.4068
-0.52329
1.20853
-6.2273
-1.1668
-0.1394
-5.20283
0.7089
0.90915
-3.66246
-6.1397
-3.6915
1.94991
1.4876
0.6227
-0.2779
-2.047
-1.41247
2.6055
-2.08793
4.0847
4.0847
0.22874
-1.01891
-10.96663
1.7608
-0.7742
2.3353
5.68147
1.53791
0.7317
-1.89
-0.7023
1.8819
0.2054
0.2098
-0.5057
-0.6891
0.1261
3.45332
4.1779
-5.19208
2.9479
-4.6392
-4.08603
1.1283
0.2502
-3.9799
2.5152
0.05885
0.05252
0.1949
-3.77585
-1.6973
-0.492
-0.45765
2.8845
0.95897
-1.42512
-0.4555
-1.39924
-2.3833
1.67887
4.7943
4.9665
10.72945
-4.6657
0.9339
-1.43175
-1.15
1.82638
5.3532
1.74567
-0.6193
1.52804
-9.9433
-12.45298
-3.16888
-3.64588
-0.36157
-0.8694
-1.8315
-1.40559
-1.4248
2.87774
-1.87656
0.7324
0.7397
-1.35209
-3.43245
-2.70289
1.12189
1.0652
-0.09175
1.68483
-1.79053
1.9123
-2.4401
0.8101
-1.8788
-1.53561
2.6636
-0.48533
1.85568
-0.53515
2.4048
4.87312
3.4857
0.38324
-3.61339
-0.51378
-0.5579
-1.48224
-0.35779
2.6281
0.6291
-1.7425
-1.0742
1.4258
-0.2947
-0.14773
-1.96923
0.68865
4.0873
-0.6712
-4.2788
0.1977
2.8068
-4.49531
0.94839
-3.4516
-0.4162
-3.4999
-0.13643
-0.65207
-0.190114
-6.4584
0.08876
-1.6784
2.17
-1.29007
-11.9058
8.9273
-0.60142
-5.7274
0.2883
-0.0279
0.2141
-0.42897
7.81233
3.64103
-1.5047
NA
4.8558
0.16559
1.6205
0.80925
2.63
2.0344
2.30868
0.614
NA
-0.0423
-0.64812
-3.3947
-0.17583
-3.2108
1.53462
-4.53
-0.1065
-0.60437
-6.77114
-8.79891
2.7493
-1.6217
1.1912
0.40333
1.094
0.586
-0.38621
2.51823
3.26213
1.713
0.4434
0.05816
-1.8065
2.789889
0.60954
0.19562
0.75843
0.0543
-0.02167
1.50566
1.7122
0.26643
-0.70329
4.2369
2.20689
0.8459
-1.47529
0.02043
0.2822
-0.6978
-0.8257
0.8198
1.42
-1.1342
-6.45
1.1776
2.4043
1.6181
2.5492
0.6655
0.344
0.4072
-1.95481
1.0045
-9.4341
-9.40475
3.9512
1.80139
0.1388
-0.69002
-2.87334
-0.276
2.2442
-2.8121
0.049
0.5354
-2.838
2.5043
-0.44437
-2.6314
-3.4685
1.8775
-0.1807
-0.6527
-0.95575
2.8767
1.3305
-0.02701
0.51409
-0.49039
2.40517
0.67585
-2.11855
2.8973
0.119333
-0.16816
1.0976
-1.54
3.11173
1.0543
0.413
-1.2885
-11.79286
-5.322
-0.6131
0.96051
2.22
-1.93787
-0.3822
-0.72399
-0.60425
-1.1508
3.6523
0.0512
-0.6385
2.9047
-0.14211
0.31943
-0.8251
-4.06111
0.67056
1.047
-1.1255
0.1748
-0.401
0.7666
-1.350926
0.4342
3.2308
-0.65255
0.1569
0.43802
-0.34636
-0.9832
1.1455
0.17721
3.77
1.0115
1.7724
1.41685
0.9199
-2.7004
-1.890466
3.6136
-0.8983
-2.3562
0.6717
0.4825
3.0103
2.3119
-1.74227
-0.2162
-0.77821
-2.26579
3.14499
-0.0581
-1.1394
NA
0.8453
-0.154
-3.2858
-0.4883
10.34125
3.3954
1.1246
0.4053
9.6901
-0.2895
0.28997
0.35354
-15.8548
-1.07359
5.0808
4.1672
1.31153
-0.6125
-1.89847
1.1334
-6.5792
3.2399
0.2441
0.79516
-0.172
-2.85846
0.59755
-4.78672
0.5905
0.8187
4.88596
2.67219
1.5
1.716
1.07658
1.21118
-1.17331
2.5266
1.93459
-1.5618
2.84673
0.58754
0.5208
1.7289
4.2234
-2.1592
-0.3646
-2.4495
-2.9532
2.1651
-1.12492
-9.72469
-0.9356
0.82599
-1.59107
1.9087
1.17225
-1.87895
5.48946
0.59078
0.274422
-2.73
3.1538
-0.24268
0.25165
3.00706
1.61029
1.13
1.28345
-8.2622
0.98682
-0.669
5.2417
3.22343
-2.20645
-0.8267
-0.813
0.406347
-2.65
1.50802
3.0755
-3.5953
3.4506
0.3315
1.88
-0.221
1.417549
7.00028
1.48
4.59
2.4
0.0128
0.6609
2.34074
-2.77994
1.27504
-1.02
1.79745
-0.30575
-3.941272
7.7077
7.79307
-3.26
-5.929
-0.7788
-1.2049
0.98028
1.44466
-1.6396
-0.14226
NA
0.2272
-0.7833
-0.1044
9.3584
2.2919
-1.4542
-7.3526
0.81643
-2.88846
-5.2558
2.2052
2.3648
2.04851
-2.0021
1.42
1.6139
-1.36
-0.44531
5.11012
-8.8708
-0.2788
0.41225
1.2693
2.34124
5.7614
-2.725754
1.7051
-0.46747
-2.49349
1.97308
2.0149
10.6678
1.539
0.2261
0.1356
0.65103
-2.4976
-9.64145
-9.46654
-3.9303
-0.6471
1.64714
-0.48833
13.52062
-1.6111
-4.09165
0.122
-0.0131
2.8127
-4.20978
1.4955
0.39893
-2.40446
-0.47731
0.5313
0.92061
0.63789
-3.002832
0.95662
2.9479
-1.5411
1.244
-2.9577
-0.42287
-1.7101
0.2547
-0.725
-1.0453
0.94176
-0.95804
1.4538
0.74356
1.58857
1.75347
-8.7905
-2.24322
0.554
-3.3967
-0.0644
-0.05275
-0.98044
2.411
1.4998
-8.71013
3.4737
-3.7749
-5.5807
-2.31828
1.7355
-2.2286
0.603
-2.77
-0.3733
-1.43408
-1.4294
-3.32687
3.3073
-1.41148
-2.04396
0.4905
-3.6194
0.0228
-0.2408
-1.52
2.7939
-0.9822
-1.55
-1.83431
-0.40429
1.3179
-0.137
-1.38612
-0.93796
2.3833
-0.5977
1.39306
2.29051
0.0872
0.648793
-1.44
-1.50314
0.03694
1.04063
-0.77711
-5.2093
-22.5
0.62326
-3.4
6.6513
1.17
-0.2015
1.0478
0.2229
-0.3333
1.329
-1.3624
-0.6799
1.0981
-0.1465
2.1797
1.3544
1.1284
-0.21652
-4.9705
-2.12033
0.3288
-0.2157
11.07969
1.8903
-0.1731
-0.6776
1.23032
-2.3723
0.6551
1.0402
-0.7971
-3.0341
-0.2346
0.2543
1.2484
1.94608
-1.34701
0.463
1.58
-8.95009
10.9695
5.08416
1.023
1.493
-2.0062
1.49976
-1.9016
2.2163
1.5941
-2.79351
-2.45
3.24688
-4.67419
0.91138
-1.4799
-5.7962
0.50619
-8.1299
-3.2054
7.65125
0.2364
0.790799
0.5025
-3.4368
1.390275
0.6547
-1.50425
-2.72634
2.8287
-5.7962
-2.38115
0.93483
0.46225
2.98622
-1.04671
1.4152
7.2257
-2.2314
-2.51
-1.66655
5.2796
-6.02361
1.60389
3.5312
4.5037
-1.42511
2.07916
0.1831
1.29887
0.20562
2.55082
-3.31306
0.9627
-5.7349
-0.952
0.563
2.45306
-1.3
2.0589
0.5339
1.41
-2.49492
2.9629
-1.44808
1.09607
-4.33831
-1.84499
2.8408
0.92653
0.240284
-1.694128
-8.7
-0.0773
-0.4215
-2.5517
-1.2066
-4.1168
4.92979
1.45
2.4666
-0.77692
0.86486
-3.020134
-20.5455
0.19161
1.48815
3.00794
0.06145
1.22669
-5.5989
1.36801
5.96378
2.2203
1.0302
-2.6708
7.4553
-0.5137
-4.35698
-0.627269
2.6336
0.4655
0.8293
-3.08117
-0.8625
4.1097
2.1772
0.78908
NA
3.24
1.2961
0.2913
-0.6937
0.55784
-3.37411
4.48915
3.2076
0.4487
-0.5967
3.043
0.6913
1.59
3.5317
1.27372
0.467
3.02629
0.105
-1.7199
-2.19113
1.1443
2.5629
0.6276
0.96223
-3.5045
-8.73
3.372
-0.9819
-3.57953
0.72485
-1.2506
2.9094
2.1559
-3.8074
3.44
-6.14
-2.4303
-0.8178
1.53
-2.84697
-1.62845
-1.53896
0.34211
-0.30345
3.1398
4.74
0.3054
-2.7628
3.5134
-2.93662
1.26
-36.24903
1.4404
-1.6976
-0.474
0.848
2.5343
-0.5443
2.9422
-0.39761
-0.5585
-0.20356
-1.7013
4.9473
2.3421
1.5795
-0.63033
-4.0324
-21.86476
-1.3636
0.18013
-0.3002
3.3922
-0.28058
-2.7723
-2.94534
-4.62196
3.91236
-1.4389
0.55312
-0.0621
6.5509
-0.9819
-1.89047
0.09161
-8.15737
0.2163
-1.36491
0.59468
-1.56255
-0.69658
-18.7416
1.26
-7.0058
7.3215
0.44
-0.5181
-2.00449
0.9195
2.3253
2.96439
-6.88336
-0.26456
-0.74319
-6.07076
4.04435
-1.2122
-4.0851
0.29388
2.53336
-3.6016
-0.97814
5.7585
1.62
-0.8563
0.7427
-1.9328
0.25602
-2.444039
-0.31572
2.9738
-2.5698
-0.42
2.56
4.478
2.3093
1.4891
2.5233
0.6196
NA
1.11317
9.3007
0.48
-0.53
-2.14356
-1.50094
3.5791
9.0847
-1.2481
1.91401
-2.224747
-11.70232
-2.22
-6.51334
0.2299
0.681
-0.5953
-2.246
3.8858
4.78046
-1.29
1.3058
1.2087
1.42106
3.86392
-0.92361
2.42631
-0.4121
3.3133
-1.01139
-3.2106
-3.2099
1.6928
-0.581
-0.4032
-6.7911
-1.6675
1.5873
-2.53152
-1.99772
-2.5653
-1.12145
-2.47207
-15.6363
-3.81013
5.78151
0.2361
-1.8783
0.49402
1.4561
0.9499
-3.04701
-1.27689
-1.3895
-0.965
-0.98897
1.83
7.6012
-3.44275
-2.41
-0.59603
-0.591505
-1.92086
1.859
1.93948
0.392
1.17
-1.2644
-0.23877
-1.8888
-0.28987
1.32
-2.7476
-2.11123
-4.1513
3.419752
1.3885
-0.36724
1.9843
0.2905
2.1097
NA
-1.969
-1.3152
-0.88
-1.36773
6.62521
NA
-0.31564
-1.23209
3.5426
1.81611
2.4595
10.0024
2.4595
-1.58228
-0.0285
0.82192
-2.8977
3.522
1.6513
-2.1573
0.425
1.09319
0.167
2.6454
1.9737
-2.48627
-3.5662
1.6893
0.38499
-0.14649
3.25
0.442358
0.4789
-3.964815
-0.421
-1.36708
-4.5209
-1.58766
9.6646
7.79
-0.997
2.40188
0.251
-1.35998
-1.5219
-7.4491
-0.9003
0.295824
1.0173
-1.35963
3.8238
-1.0286
0.51585
7.40811
1.72642
0.06281
0.3904
-1.81004
2.7285
-0.76934
-0.59926
-0.55481
2.69162
NA
0.70574
1.677765
-1.0704
-1.76752
-1.0151
-0.97933
0.168
-2.1738
-2.3929
-0.45594
1.5046
2.4864
0.4111
0.10423
-0.315
-0.35
-0.3654
-3.282979
0.0053
2.8336
-1.08
-2.23382
-9.17
-1.9566
-3.2548
-0.642
NA
3.39
-0.9375
4.26075
-0.0182
0.67983
-1.15221
-1.5197
0.5025
-0.452
1.81511
-0.493904
0.418
0.6264
-3.09
0.84962
0.67397
-2.0723
4.1197
-2.0163
-0.0575
-1.58597
0.44423
0.4531
1.9
0.3793
-1.0697
3.698
0.693
1.2611
3.7875
1.61939
1.3255
-0.857
0.10972
0.1495
1.0139
-2.2286
-2.1926
-1.03
-0.9146
2.7213
0.1653
0.47086
2.1953
0.43376
-3.874
0.7469
2.354
-1.543629
-0.74013
-0.246929
1.41
0.0962
1.9115
-0.308
-2.8254
0.5025
-0.876
-2.69653
-2.6784
7.2521
0.6528
7.36784
0.263
-0.3091
1.3381
0.24492
-0.0369
0.76
0.05328
-1.95335
-0.4743
-6.508
-0.218
-0.76639
6.05788
0.8205
4.7354
-6.1974
-1.86985
0.5313
-0.08031
18
12.1359
0.71074
1.21711
-4.97725
3.9448
-1.5694
1.2115
0.74
2.080291
0.4299
-0.7105
-4.34779
-0.25533
0.474
-0.0639
-2.1681
1.4699
-1.4363
0.20161
-3.161
0.9159
4.03
-0.9648
-0.79834
-1.55469
0.8887
1.33
0.32711
1.0639
-0.47331
0.2842
5.52696
0.2827
3.8123
-2.4886
1.45242
4.07448
4.8122
0.41816
1.789562
0.3348
0.15498
1.8631
-4.39461
0.5025
-1.3614
-1.608
2.48712
0.174
2.310202
-1.6463
5.7356
-1.1205
1.3932
0.87123
-0.6439
2.44962
-1.33665
14.337589
1.79791
-1.32916
1.2486
0.9077
3.5578
1.6326
1.636
1.93149
0.698
1.8749
-4.1997
0.5766
0.6538
0.7655
4.24764
1.5902
-2.76463
0.7516
-0.8259
-0.84206
0.39072
4.23566
0.3002
-5.1016
0.7655
1.3367
0.0592
-7.276053
0.318
-0.1551
0.4869
-0.2098
-0.3948
-0.801
2.1
-6.759
-0.58439
-2.1366
-3.658
-2.77
-10.94429
2.92169
2.35
2.94593
-3.23
1.280049
3.3866
0.1051
1.3424
-0.04928
13.1427
1.7246
2.13572
1.0485
1.0423
8.5281
1.9528
-0.5301
1.06949
-2.07919
-1.8172
-0.7352
-1.859232
-0.40322
-0.010415
1.1305
-2.12801
1.7698
-3.04
-3.081
-0.0998
0.57
-2.6791
-1.37967
1.27
-1.52
-0.05376
2.69389
-1.6579
-0.497
0.5234
-0.125
-2.659028
1.7616
0.00237
2.09578
-2.59
-3.4166
0.09891
1.1872
-0.355
-0.27453
3.25
2.8038
1.16952
-1.57
0.17924
-2.99
-2.0912
-1.0001
-1.7592
4.0593
1.24734
-0.5075
NA
1.8041
-0.879
0.47
4.18947
1.09074
-3.0715
8.85834
1.358742
-1.2143
0.8139
-1.95748
-0.12565
2.5044
0.81494
-3.11
1.1028
1.0425
0.03127
-2.1819
-0.22169
0.2565
0.1222
0.03155
-0.17166
-1.33
-2.6216
-1.3648
-2.166
0.666
-0.102
-10.5
-1.77245
-0.125
1.3237
0.3449
2.0717
4.566
0.197945
0.511582
-1.1267
-3.1654
0.3879
4.0272
0.47275
1.41148
-1.17673
0.72754
-4.27968
-2.0365
2.73344
5.352197
-2.3295
1.5335
-0.8039
-0.08911
-1.855121
-1.2827
12.3249
-0.968
-3.0444
-2.5983
1.0477
2.8243
2.74813
-0.193311
0.462
-1.5982
-1.48773
2.68067
1.04
-0.35021
-0.43775
-3.1797
1.2313
-1.59928
NA
0.34657
-1.9019
-1.61
6.53915
-4.52319
-0.3365
-2.09851
2.20868
1.08
-1.2839
0.4054
-4.91373
-3.63
0.30556
0.88188
0.28817
0.58906
-1.70118
-1.467528
-0.75136
-1.670096
-0.917
-1.37
-2.39144
-0.5805
0.8716
-0.6101
-2.5817
1.58
0.73307
-1.981
0.01096
0.763116
4.8643
0.1478
0.64031
-0.9813
5.0825
1.23411
-1.19621
-0.47704
-0.51345
1.5441
0.5057
-1.2156
-0.5529
0.8716
2.75329
10.6
-0.6555
-0.1706
-5.69511
-0.1213
0.4282
-3.4882
-0.4808
0.12677
1.5603
-0.743
2.7188
1.25967
0.61694
0.1609
1.36
2.4484
-5.7855
1.59558
0.01596
2.4515
4.74
-0.707
8.3494
-0.6826
0.10168
-2.1914
-5.1794
5.9262
-3.6841
2.11053
-0.8569
1.891
3.15184
-1.89576
-1.84833
-4.32549
4.10745
-3.80129
-1.47
-1.60132
-3.13109
-0.0727
-0.18128
-0.476
-0.6945
5.71
NA
-2.0013
0.38114
-5.1431
5.3
0.71
-1.5136
0.3551
-0.3812
-1.9383
3.21883
-6.71
0.950614
-1.48815
1.4307
6.976
NA
0.92927
-3.14831
-0.8017
-1.6521
-2.74966
-7.4451
-2.1269
-0.7783
3.99
-1.23112
0.745
-0.57513
0.3067
0.7585
-2.7361
-1.29456
NA
-2.57744
2.35665
0.79857
1.85978
2.9033
0.98616
-7.3644
NA
2.70152
-1.1193
0.58113
0.93656
-0.86546
-0.787
0.6653
-1.0598
-0.6081
-2.41177
0.06734
-0.56242
-0.412002
1.21368
1.0416
0.73077
2.93805
-0.3195
1.809559
1.56009
1.46287
-0.527
4.03
2.4651
-3.9065
-0.26409
0.118
-14.4545
-2.46056
-1.16239
0.35815
-2.6595
-1.3106
4.3658
3.1514
-8.1519
2.281
0.0224
-1.7207
-0.22674
1.5429
-0.1323
2.8464
-1.3683
-2.5835
4.7784
1.78276
0.22865
-0.133581
1.6585
1.9362
1.21464
9.65885
-0.2926
0.86705
NA
-1.5153
1.3973
-1.3757
-0.1651
-12.5992
-1.4956
-1.15602
0.49232
-0.57033
9.2852
-5.2321
2.47604
-3.1496
2.18836
0.1293
4.3779
-0.397522
-0.806
3.5001
1.2001
1.96398
1.31342
0.10385
-0.5116
1.2648
-1.91
NA
4.0549
0.9315
0.4117
0.52176
-1.5416
-0.42878
8.61308
3.22427
-1.439816
0.27797
2.84089
-19.5239
-0.511
-0.562756
0.03906
-3.1276
-0.32397
0.1107
-1.01
1.7604
0.53315
NA
-2.41605
-4.4032
1.511443
-1.04306
0.2848
0.93591
-1.3432
-0.4363
-3.0356
-3.31417
-0.2262
0.1261
15
-1.27579
-6.38918
-1.1951
0.44001
-1.56318
-0.22537
4.63524
-14.3099
1.2278
1.6961
-1.46263
-1.3962
-5.6784
-1.1902
-0.15118
-1.38
-1.82851
-1.1403
-3.95462
-0.5197
1.15929
-1.098
-1.79467
-3.3872
4.37241
-2.4421
1.35024
0.544
3.68
2.785787
1.50134
-1.8784
-1.65
1.50767
0.805
1.17496
2.88745
-0.1883
-0.6291
-0.34726
1.24019
1.81914
4.86279
-0.824
-0.104
-0.11892
1.144
-2.170541
NA
1.3474
4.9942
-0.2999
0.94614
7.3456
-8.53
1.4
0.7138
1.12097
-0.3974
0.13765
-1.16001
1.03363
-1.096
1.28582
-3.3558
0.28971
4.63073
4.8966
0.7717
-3.21145
2.71594
1.393059
-2.84839
-2.60048
0.93865
2.341789
-0.8572
-0.1519
0.708
-0.657
-1.69573
1.6667
0.01126
4.03099
4.0092
9.3915
2.14
2.58244
-5.393592
2.3693
1.9936
-1.912
-1.8638
0.9362
-0.44332
0.5854
NA
1.4153
2.132
-2.19418
-1.41148
1.4848
1.99688
-2.7339
-7.6071
2.07
-0.09901
NA
1.49946
0.195
5.8038
3.03606
1.36201
-0.29304
0.0397
0.7668
-0.05994
0.5383
-3.06685
0.07987
0.3941
0.7762
-2.0915
-0.309222
0.6476
1.82793
-3.1873
-0.63452
0.659
-2.17
-1.0407
1.54
-1.0047
-0.2212
-2.8754
-6.3878
-1.6062
0.372896
-0.679
0.81004
0.386
-1.4192
6.13
0.9567
0.6904
4.0467
1.44526
-1.7073
1.08
1.68
14.4823
-4.8578
-2.66
0.662975
-3.5189
1.1978
-0.2014
1.17437
0.36677
2.1318
1.74991
-1.75824
-5.7524
-5.32
-1.0681
-0.3327
NA
0.17134
-0.11994
3.436599
2.99874
-2.3538
5.12386
1.3476
-0.896
0.066
0.7053
0.20769
-2.306063
1.520701
-0.213
0.299
-0.474
0.472
-2.12
-2.01
0.70324
0.6581
-1.03
0.263
0.73655
-1.06
-0.6087
0.43756
-1.14
5.575465
1.526
-2.71397
-2.4675
-2.84026
0.1216
0.10221
1.6452
1.73377
-1.12
0.023
-0.0665
1.4157
-0.45639
0.00293
0.209
-0.17558
-0.70726
-0.52217
0.2251
-0.9441
0.384778
0.538
1.3766
-1.7902
-3.346324
7.3
-0.57144
1.356526
-1.08526
NA
NA
NA
NA
NA
-1.67307
0.40324
NA
NA
NA
3.23726
NA
NA
NA
0.42606
NA
NA
NA
NA
NA
NA
NA
NA
NA
NA
0.80858
NA
NA
NA
NA
2.7261
NA
NA
NA
NA
-2.4913
NA
-0.30904
NA
NA
-2.931
-1.977
3.35403
NA
2.4421
-0.02363
NA
NA
NA
NA
NA
NA
NA
NA
NA
5.0075
-0.59651
-1.7006
NA
-1.350754
-0.911
-1.2383
-2.1393
NA
-3.92376
1.29653
0.78
-0.94595
-1.09823
0.0908
0.50695
-7.88288
-0.5621
-2.44707
-0.6639
-0.7013
-0.88389
-2.152
-1.672
-3.72
-0.5882
2.512
-4.66
2.02107
-2.0979
0.1667
1.9598
0.63273
0.1124
-0.1679
1.7682
0.7849
0.75588
1.67
-6.82117
-0.6812
0.24334
-3.0152
-0.4437
1.0229
1.008
-0.08372
-0.3166
-0.6404
0.8481
0.6707
0.97739
2.74078
1.1591
1.7946
-7.26493
-0.68668
-8.3502
-7.1828
-2.227899
-1.69485
2.3482
1.71225
-0.7884
0.92113
0.99118
-0.3951
-13.78195
-0.5029
-0.594
6.2221
-1.6163
-0.1744
2.16
-1.5423
-0.20087
-1.1375
1.65
-1.9469
-1.20339
-3.5838
3.6975
1.0817
0.04961
-3.7076
-1.45421
1.5858
-0.5529
NA
NA
NA
NA
-0.371
4.3671
1.8471
5.3759
-1.896
0.14809
1.2212
-1.8074
-1.6559
-0.9434
-0.467
-0.4031
-0.5178
1.1832
0.23407
0.02324
0.3432
1.9258
1.6734
2.343981
-0.382
-1.2548
-0.7526
-1.1104
0.64571
-0.83027
-5.7046
-1.7441
0.94934
-0.1652
2.7062
0.99737
-0.5192
-2.08
0.1002
-0.6156
0.98413
1.53739
-0.61033
0.2421
0.3749
-1.98
4.8837
1.2635
0.1184
-0.3066
1.15089
-2.24909
-0.25241
-1.82138
0.1451
-4.03359
2.3225
-1.965364
0.9649
3.1136
2.3131
-0.28092
1.282585
0.97
-1.104861
-3.828004
-0.236
0.1086
-1.0353
5.2361
5.278
0.33208
2.07311
-0.99601
0.1326
NA
3.1143
1.53842
1.1766
-5.6203
-0.16353
NA
0.284437
-1.4284
NA
-2.5923
0.09563
0.0546
-3.6784
-1.9173
1.4271
7.1953
-1.696332
-2.530654
0.8619
-1.16041
-0.6452
-1.36991
-5.5315
-0.33632
-2.24365
6.4511
12.3249
-2.22752
3.25621
0.73955
0.88396
1.2948
-4.15257
0.93172
-0.258
-0.13846
0.59683
1.453
0.3103
-7.5467
1.19183
-7.49
-0.3257
-1.3996
-1.2331
-0.886478
3.1552
2.7731
-8.72987
-1.1487
0.95188
5.0075
-3.6009
0.4743
4.25605
-4.9464
-4.327699
-0.3973
-3.2581
-0.0219
1.48437
-3.1872
1.49369
1.55232
3.18327
-1.9893
3.9568
1.6661
-9.56672
-0.66355
-3.0578
0.7861
1.2393
2.0086
-1.74311
NA
2.7004
-0.75017
2.3503
1.95653
-0.78722
-1.0819
0.569841
1.8582
-0.052393
-1.5585
-0.5727
-0.17451
1.0608
1.5239
0.74418
-2.3956
2.106737
1.542401
0.41152
0.76757
-0.56451
1.1881
0.6104
-1.1027
-1.6979
-0.6037
-3.52721
2.60448
-2.0723
0.82428
-0.11168
1.6527
-0.7
-1.07
-0.912
-3.085
0.84
1.28
-0.842
2.05
-2.79
2.46
-0.783
-0.1821
NA
1.0729
-1.39492
1.451566
-1.4975
1.2222
-1.78317
5.79862
-2.26
-2.4202
0.54656
-0.90791
-0.1902
-0.04888
0.2891
1.01
0.731
3.6705
-1.9576
-0.000215
2.11428
-1.00984
NA
-10.9629
0.6009
0.556
-0.34765
-1.50017
-2.7596
-3.55529
1.71455
-0.08197
2.0196
-0.79505
-0.6619
-1.77428
NA
3.26
-2.1884
-2.0038
-3.59587
2.057
9.161
0.02961
-1.14122
-1.0516
0.4186
0.746
-2.3046
0.2753
-1.4983
-0.0326
0.47
-0.258
1.1453
1.3247
-0.1556
-1.3
3.7
-2.0537
1.808
0.0519
6.21
-0.3728
-2.3
1.25
-0.2729
-0.365445
2.9674
0.756253
-2.0855
NA
2.1711
0.4045
2.00917
-1.42961
-8.572
NA
-0.24941
3.02227
-8.20651
0.29039
0.4019
2.72
-0.01564
-2.4087
-0.83186
-3.99
-0.98857
-1.92271
-2.2272
-0.4788
-1.88832
-0.52603
-0.16748
1.7048
4.43221
-0.81004
0.3
0.27977
-0.1289
-0.90225
-1.51907
-0.69115
1.64
-4.4662
0.1738
-0.379
0.0802
-1.77442
-1.20845
17.7
0.4423
1.329728
0.37001
-0.8977
-2.44942
0.63
1.28656
-0.51365
-2.46
-4.6112
-13.9069
-0.427
-0.81
5.3559
0.604
1.4835
NA
1.42
-0.14223
1.713295
-0.868172
0.06705
0.5423
0.1931
-1.69
0.0142
-0.5093
-1.1293
2.32513
NA
NA
0.74979
1.04
-2.64653
-1.92973
1.19049
-1.374486
-3.096403
-0.321
-1.39
0.5611
0.43165
2.3217
5.34129
0.996
-0.9381
1.17
2.26708
2.73728
1.07
0.8385
0.756
-0.5428
0.17798
-0.4236
-0.0609
4.37823
-0.65417
0.5006
-3.443512
-1.25207
1.01
-0.35722
-0.4155
-0.33677
-1.933713
-1.325
-2.8155
1.15
-1.73003
2.9565
1.01914
0.8237
-0.28759
0.543646
-1.923258
0.3682
3.69708
1.93621
NA
2.26
-2.0955
0.1294
-0.532
-0.82931
NA
-0.38054
-1.0249
-2.00496
0.82357
5.1748
0.50405
2.7
-1.14
-3.8481
0.623
1.691
2.25396
3.3029
3.03
2.0084
0.5962
0.4947
-3.8003
15.5
0.80621
-1.16
-1.85455
4.89455
-0.8782
NA
2.467
-2.23815
-1.00467
-0.4229
-0.4705
2.53283
-2.5083
0.671
-2.1511
-0.421
4.3292
1.8906
1.9788
-1
1.7993
1.3187
-1.00297
-1.35239
3.6067
-0.9614
2.96951
-3.0447
2.4094
1.5454
-0.72037
8.89842
-2.6099
0.72539
0.15
1.88957
-2.15157
2.94
-0.991668
0.11877
2.6492
5.9274
-1.49
-2.8882
2.8235
-0.181
NA
-0.623
-0.4181
-4.2686
-0.3135
2.0303
0.1652
6.35
0.066
0.573464
-0.55202
0.8996
-0.62792
-0.86828
-0.553
NA
-3.07
0.6803
-1.20543
5.8222
0.826
0.4288
-2.37422
4.04866
1.27223
-2.09832
0.496
-0.6261
0.0123
-0.89
-0.54418
-1.649852
-0.4939
0.158
0.1821
NA
-0.941
-1.07584
-3.92
-0.585
2.4113
-1.7237
0.531
-0.58724
0.63175
-1.87
-2.97788
-0.62962
1.88189
NA
0.66573
5.06699
-0.44896
-2.0021
0.0705
-0.794394
NA
-0.501
-1.08
1.94183
1.5878
-3.74028
2.82067
0.5874
0.1932
-0.9032
-0.8668
-4.4243
0.53771
-1.30113
-0.71096
0.87657
5.33759
1.38891
-1.4916
-3.55
-0.81058
0.6045
4.76
2.8516
-0.77011
-3.19128
-1.74406
0.4172
0.57615
0.393804
-2.38
-2.651
3.53764
2.4093
2.22037
-0.0957
-2.3765
1.6613
1.31894
2.264686
1.5556
-0.545
0.584
1.1188
2.47647
NA
-0.73755
0.34776
-0.577
-0.47707
-1.68381
-0.1586
NA
1.00846
-2.7482
-4.6513
0.1942
-0.0621
-0.0655
0.18836
-6.25432
-0.613
-3.3849
-1.13604
-0.22821
-1.2368
4.2065
4.59018
-1.9957
0.9942
-1.2939
1.03077
2.5843
-0.0847
NA
NA
-7.22
-0.713
3.25301
13.7
-1.3787
0.24753
1.917
1.0506
0.0019
2.7129
1.36069
-1.33454
0.6245
-0.043
2.4187
-3.5166
-1.37324
-2.65
NA
2.787
-1.4869
1.606
-0.12155
3.41
-1.5987
-0.212237
1.67715
0.28773
1.08497
-0.006715
-0.817881
-0.5969
-1.47
-4.43704
0.2877
-3.10028
1.6359
-0.67086
-0.2759
-2.0396
-0.14752
-3.94339
0.22992
1.8336
-0.52836
NA
-1.35
-2.747611
0.13224
5.8719
-0.56047
-0.0484
1.4925
NA
1.310146
-1.2726
-2.93323
-3.67945
-0.78986
-8.7936
3.28
1.43241
0.15646
5.4866
-0.4589
-1.2199
0.16277
-0.6359
-0.60667
-0.2602
NA
0.9409
-3.92501
-1.6527
1.971249
4.06706
-3.08072
-0.3135
-1.3903
0.186326
-0.51231
-0.195
-0.92118
2.7673
-1.3306
-1.16694
0.69797
-1.93
-3.78771
-2.9062
-1.73801
NA
-4.2874
-0.45577
0.5603
-2.0219
0.0905
0.43144
1.864
-1.51334
0.1009
0.8248
4.1513
1.77772
0.2345
1.55
-0.33642
NA
-3.7861
0.64427
1.4472
4.7127
-1.0458
-4.9256
NA
0.8906
0.87059
0.201
0.595
-2.08292
-1.927
-0.608
0.6724
0.14755
-0.588
1.67
1.2099
0.28955
2.41
0.4019
-0.322783
NA
1.5561
-0.9717
-0.33
0.5151
NA
2.8419
-1.25255
1.88
-0.673
0.6154
21.672488
-0.86741
1.71412
-0.19694
4.14
0.0046
-0.330471
0.0276
-0.75292
-1.19752
3.02799
-3.4659
0.60207
-2.661
0.42809
5.0074
1.47666
0.0168
-0.75927
1.67576
-2.54411
1.77
-1.48
3.36
NA
-1.88904
-4.9524
-1.865
1.1081
0.1577
0.56291
-1.033071
-1.1828
4.2353
0.582402
0.133061
1.2725
-2.36153
1.0716
-3.06
8.12031
-16.83377
-0.614
0.0628
-4
-1.214
1.63307
-0.086713
1.472516
0.38001
0.978
13.5279
2.34
-2.53435
1.0817
0.70948
0.1477
-0.9758
-0.3727
0.7443
1.39
-0.93
3.42665
-1.11744
2.557
-1.3075
-0.82513
-0.91796
-1.09133
1.5339
0.31964
0.87568
3.7573
0.56551
0.869
5.561
1.62574
1.55
0.92294
0.19117
1.0558
5.1748
-0.25924
-2.46407
-0.148
-1.70421
1.15
-0.5075
0.68508
-3.6322
-1.07
1.17
-0.26972
0.97554
1.74209
0.87706
-9.0861
0.89718
1.9474
3.28201
1.9368
-2.0362
1.53038
-1.1272
1.72782
13.5921
-0.18635
NA
-1.94742
1.28781
-0.57201
-0.82796
8.2531
6.26863
5.72
0.95297
-0.44813
-11.7
1.55974
-1.85667
0.2423
-0.6126
-1.62351
-0.9431
2.06139
-0.74298
-1.8145
0.30674
-1.116
-1.3625
-3.47
-2.3955
0.547
-1.395
-0.9938
-0.0236
-1.0607
-1.8759
NA
2.5732
-0.49768
-0.75
0.57381
-0.7413
-1.4453
0.4072
-16.2814
14.51741
0.1009
0.8741
-2.54801
0.44
2.02404
0.06766
-2.56
0.533742
9.18626
NA
-5.1759
1.725
1.52
0.1304
0.7186
-3.6192
-2.94
-2.802374
0.1227
NA
8.5843
0.4398
1.4147
0.7331
8.24185
-1.81
-2.2048
-2.18266
0.67588
-8.5975
-1.73724
-0.15174
-3.19
0.172
0.29556
-0.99
-1.38077
1.1858
-0.4
1.6596
1.68511
0.98513
1.86
-3.425101
0.6245
-0.6616
2.89328
0.0327
0.2485
2.0002
-0.315
1.04532
NA
1.7133
6.87942
-0.0501
0.2591
0.178
-0.4079
3.32
1.37783
-0.6394
1.25088
2.2295
0.122
6.7936
0.02732
-4.04842
0.49246
-0.221
0.86324
-4.3837
-1.4936
-0.1139
-1.4128
-0.4229
0.3204
0.31632
2.80919
-1.25233
-0.3193
0.649
0.449408
0.920245
2.58356
1.9536
-1.4777
0.56428
-2.6512
-0.5679
0.94307
0.61719
0.09478
-0.853576
0.24805
1.386
0.71249
-1.53761
-0.33052
1.5014
-3.05
-3.56
-1.82573
1.9802
0.21081
4.5152
1.70092
-1.420996
-2.3069
0.0121
-6.34233
0.01125
0.7466
-15.47
-1.154
2.43372
0.40424
6.084378
3.1915
-2.1582
0.920099
-0.5596
-0.9343
0.6843
0.957
1.09561
0.886889
-1.06
2.82333
-0.9219
NA
0.3926
0.35887
4.42
2.9197
-2.8977
-2.89947
0.41018
NA
2.47421
-0.86978
4.55207
-3.86113
-3.06
0.40597
-0.2509
-0.35367
-3.22271
0.49953
-0.15021
2.57206
-0.24508
0.20523
-1.16584
-5.35651
1.49
-1.7913
0.0067
-1.53896
1.335648
-0.9334
3.33659
5.15
2.78
2.27882
-0.2012
0.97873
-2.71
8.56502
8.33718
-0.713
-2.33
-6.05
-0.1179
-1.20197
0.8238
-1.22
1.01
3.0394
NA
-0.9525
-1.7189
-1.2251
-0.87724
0.1359
1.7742
-1.3353
-5.1855
1.1815
-0.1143
-0.8585
-0.5806
6.3224
1.8017
-0.8575
-0.172804
0.617
-2.2472
-0.43615
-0.6665
-7.17101
11.2
0.076813
-2.08
-0.3136
1.0961
1.53118
-0.8609
-0.9402
NA
-2.5965
NA
3.31013
-1.4884
3.67
-0.80095
0.2862
0.521
-2.15304
-1.5505
1.862196
-0.704
6.83686
1.58833
-6.7235
-1.51405
-3.4302
1.06345
-0.649
-1.5254
-1.1531
0.899
-3.4995
-5.36036
-2.9447
0.7356
2.29912
0.8498
-0.66073
-3.0349
NA
-1.19637
-3.0336
0.48171
-1.4751
1.34154
-0.0238
-0.7073
-2.6779
3.1124
0.12863
-2.3741
2.45591
0.4711
2.2611
0.122
NA
-0.792
-0.3016
-1.44207
-0.00215
0.0212
-6.93178
5.4994
9.0364
1.0053
-1.0496
0.6989
0.70837
0.434
-2.58
0.0177
0.022
-2.3179
-8.3355
-0.51056
-16.2229
2.1
-0.17292
-14.3182
0.532
-1.5303
-2.09824
-0.14638
-2.4539
0.472
-1.97
-0.0141
-4.0701
0.379
2.78104
-2.10605
5.0337
-0.03166
1.22067
-1.0358
2.19
-1.35163
-1.59534
-6.55061
-0.4738
0.3326
1.6878
1.6625
-2.5411
6.488
-0.9612
-3.6147
-1.77
0.1533
4.3825
-1.6087
-3.4193
-2.9198
-0.066
-0.0143
0.0503
1.1613
-0.19442
-1.68784
-10.60751
-1.3673
-0.2412
0.9019
0.30424
3.52288
0.4517
0.797
-0.923
NA
1.21056
-0.6537
1.3628
1.41403
0.37874
-2.9306
7.71
-0.7934
0.24
NA
-3.2262
-6.7523
2.4814
3.64144
0.07117
-3.914
0.48039
-0.585
-0.1176
1.75907
-1.883
-0.2513
-2.85106
0.0288
-1.0419
-6.76992
0.1187
1.251
2.3303
1.55
1.36023
0.25818
-0.5434
NA
-2.031808
1.1772
-7.9588
1.6744
-0.69354
-0.28387
0.87991
-0.50167
3.7422
6.3847
-1.71927
-6.92518
13.4905
-1.95567
-0.6406
-5.05222
0.86
-0.6547
-1.2933
-3.27722
6.3636
-3.5345
1.13391
1.44864
-1.9452
-0.94595
-1.44022
2.09317
-0.1224
0.81578
-0.56903
-1.066
-0.20649
0.0484
-8.22817
0.7698
0.3575
-3.37564
-2.2392
-0.33272
3.2906
0.5629
-1.3102
-0.7102
-1.9897
2.529
-2.8869
0.5313
0.569
0.3135
1.8643
-2.1132
3.2542
0.8064
0.2313
1.7484
-2.6826
0.1909
-0.4875
0.76928
0.3723
-0.2516
-1.2044
0.4291
5.463
NA
18.3844
2.62
-0.6132
0.0543
-0.5524
-1.87739
0.922
1.0173
1.877
-1.0904
1.51054
2.8488
0.35472
4.07936
0.0488
0.5662
2.2291
-0.4729
1.1752
-3.8867
0.527
-0.13591
10.92884
-0.11636
-2.8011
-3.2772
1.1456
-0.852
0.6196
0.5988
-0.7399
-0.07999
0.85965
0.52
-1.78
1.6065
-0.6441
-0.67931
0.9523
1.11
-1.7375
-1.6387
-0.1188
4.3849
0.3335
0.09515
0.8155
-0.3947
1.4197
0.01827
0.7685
1.8271
0.32
-0.73926
0.2799
-0.6414
-0.942
-2.57
-2.0925
-2.1304
5.13834
-0.38864
3.9641
0.38372
-0.5583
1.9404
-5.94134
2.3508
-0.1696
-4.06449
-6.05722
-1.1728
0.09516
0.98972
0.31354
-3.7473
-1.27897
0.08619
-1.1667
0.691
0.84042
-1.6228
1.19467
-0.9873
-4.7796
-1.1451
-1.6486
0.99364
-0.3998
-0.9834
0.5406
0.25684
0.74747
1.8767
-0.9111
1.995
-0.7612
0.587
-0.1675
-1.30403
0.54517
-1.43528
-0.3186
0.9981
1.6527
1.14524
-6.51285
7.6034
-2.9923
0.7783
0.5202
0.0186
-2.3912
0.08898
0.4796
NA
-2.13638
2.95509
1.68964
1.9012
1.73745
-0.4945
-2.97316
0.40737
-0.1526
-1.50172
9.1328
0.3436
-0.3351
-0.8623
1.7164
2.4727
-0.605
-0.7523
-1.0726
NA
-1.98682
1.40777
-1.873
2.7374
0.3373
-0.412048
-0.4327
0.03447
2.5439
2.1655
-0.14311
-0.26668
-0.0234
-1.3959
-5.0501
-0.0748
-0.30729
-0.5553
0.2253
1.24177
0.0887
3.4795
0.55819
-2.27791
-0.58609
-1.293
-0.038
0.66452
-1.18895
-0.9842
-0.7756
0.68133
-1.7429
-4.15786
1.8671
0.02238
-3.0236
-1.3788
-0.2366
0.56596
2.07097
-0.3872
0.1595
-0.0054
3.06468
-1.1965
-0.1337
-2.4919
0.52811
-0.27912
1.43754
-2.96
-1.7307
-0.71477
-0.9719
2.06303
-4.4283
1.0989
-0.529339
-4.096
1.9361
-0.25158
0.1684
-0.07603
1.17987
1.28774
0.6342
-0.3603
-0.129
0.09023
2.307
-2.7783
0.30537
0.0463
-2.32
0.15229
0.36029
-0.563
-1.5161
1.825
-1.68675
-0.2505
-0.5804
-1.4661
-2.6103
0.34689
1.96511
1.2498
-2.94203
0.51354
0.18004
-1.83129
-0.29382
-1.0199
2.0055
-1.4323
-1.4403
-2.7339
-1.6237
-1.0674
-2.4986
-0.97812
-1.15482
2.6822
-1.91679
-2.0486
-1.0692
-0.5529
1.66572
3.09821
-0.56283
-4.75505
5.3177
-0.29803
0.76161
-0.2316
1.63927
0.57113
-0.0013
0.6335
-0.15546
-0.0133
1.2985
-11.29972
0.2036
-2.19533
0.4357
2.8094
4.08274
-0.4412
2.94593
-0.38033
-0.4685
0.43
4.3962
-2.24209
0.95854
0.0995
0.5382
0.7909
4.71387
2.3421
1.3235
2.29333
-2.9127
5.3419
-1.67202
2.30217
0.7263
1.20328
-2.7403
0.67817
0.7394
-0.4034
0.37768
-1.2487
-0.19803
-0.40285
2.6725
-2.50187
-0.91467
2.30053
1.3414
0.76504
2.36124
-0.31
1.86108
-0.5967
0.55967
2.6725
0.0316
2.6191
0.1389
-0.13308
-2.98183
-0.63575
2.01778
1.4551
2.44092
0.2291
-1.99243
-2.4639
-0.9142
1.6236
-0.47362
-6.5322
-1.67724
-1.75036
1.28597
-1.9359
-0.37348
0.82143
-1.2306
2.56568
-8.34098
0.94905
3.6266
-1.25671
-3.7162
0.84729
1.4424
-0.82872
0.99282
-8.6238
4.31631
1.8019
-0.6562
2.0473
2.1366
1.69641
-1.272
-0.0921
-8.9606
1.6018
-0.635019
0.09622
-1.9046
5.4823
-0.4582
1.124
-1.8769
0.00809
-0.729
5.32149
-2.2118
0.5012
5.0452
0.1485
0.3578
-0.7915
1.1771
0.5385
-6.8209
1.56248
1.3315
0.4594
-5.2558
-2.6624
-1.2264
-1.733
0.3869
-0.93829
1.37988
-0.0895
1.7837
-0.50666
-1.14887
-0.06867
-0.55615
1.61808
1.0991
-3.8034
2.0118
-1.1363
-3.9184
1.5214
-3.045
-4.3235
0.2607
-2.8506
-1.4914
1.462
-3.7317
-2.8083
1.2
-0.590938
-0.052403
-0.8773
8.9115
-1.0417
4.00121
2.2385
1.1213
-1.353571
-0.726
-0.2803
-3.55615
-3.0242
0.0999
0.6027
0.2462
0.7047
-2.4514
1.8138
2.0645
-0.8226
1.859
0.11794
-1.300568
2.9579
2.7673
3.5867
-4.4946
-2.581
0.1736
2.166105
-8.4073
2.1167
1.203
-2.287067
-4.1703
-0.453179
-0.1623
0.3189
2.325935
-3.042153
1.0656
1.621918
-0.6814
-2.84009
0.111714
-0.3189
-1.7991
-1.5914
-0.011794
0.804102
-1.243922
-0.5356
-1.230754
0.97522
0.012087
-0.4001
3.8761
-0.9224
-3.390645
-3.208355
3.1106
3.4454
-1.909272
3.903376
-0.3023
-0.2405
-1.909062
-2.030589
0.706124
-0.630088
-1.2298
-1.649632
0.34901
1.6653
0.152527
-0.62194
1.2564
0.75433
0.82037
-0.00778
1.61576
-2.1062
-1.51419
3.57016
-1.29724
5.152404
0.65995
1.4915
1.52047
-2.1735
-5.1505
4.28788
0.8617
-2.0299
3.4506
0.2685
-0.2297
-0.5358
-0.60975
-0.8344
2.24204
-2.90387
-1.5126
-0.41
-0.64266
-0.20871
2.12454
-1.19416
-0.8845
-3.80343
-0.4098
0.84414
-0.22467
1.0751
4.38553
3.96087
-5.64754
-1.80667
0.98849
1.73399
0.81771
4.6299
2.916074
-1.1015
4.5409
1.33187
1
1.34668
-1.0957
0.76081
-0.334
1.0789
1.0974
-2.4629
-0.4045
-2.54983
-1.8613
1.5562
0.3657
0.9283
-0.5606
-3.5671
2.57818
0.6127
-1.5322
-1.0961
-6.7
3.92457
1.5
-0.58532
-7.024
-2.1215
0.897
-1.089
0.772782
-2.83126
-1.0714
-3.29249
2.25453
-8.26504
2.952
-0.36095
-0.2636
3.5989
-0.5125
-3.231
0.16957
4.70625
-10.22355
-0.4338
-3.07649
3.102
0.7122
0.6734
1.7605
-1.55578
-0.44803
-0.1461
0.6144
-0.46086
0.6388
-1.29737
1.4647
0.7639
-11.2716
-2.5142
2.8414
1.9502
-1.36156
-2.5321
0.4879
4.4708
-4.0348
0.819
1.41
1.409502
-0.7294
2.3901
-0.1403
-0.29102
0.8774
1.1224
4.72221
3.5115
0.48315
-0.558
2.9951
-0.138
0.8878
-0.8606
-4.62783
1.35
1.8356
1.56
0.304
1.4913
0.0592
-2.8346
-7.9599
-0.3031
1.40067
1.1283
-1.1165
0.4726
-0.9521
0.9269
-1.7557
0.672
-1.1184
-1.7074
0.425
3.03338
4.278
1.5304
-2.8737
1.17373
1.71803
-0.1834
0.38971
1.73845
-0.62288
-0.8603
5.91985
0.6411
-1.6381
12.69687
-14.3
-1.8379
NA
-1.5165
-0.8373
-0.3368
-8.594
6.2659
-1.19771
2.5314
-4.5232
0.94127
-0.5746
-0.000351
-0.504
0.2669
2.36
-0.34036
4.392
3.98449
0.8395
-3.85013
3.79464
1.3091
NA
-0.6164
-0.6831
-0.00359
1.69181
1.35653
1.06272
0.6669
1.233
-1.41339
-2.6512
-0.85293
-8.1095
-0.40714
1.79
1.43076
2.1884
-0.5399
-0.5306
-1.17164
-1.2393
0.4756
0.24527
0.7013
-0.56479
-0.84747
1.2492
2.1753
-0.3987
2.301
0.18361
-4.47715
-1.837
7.3179
4.3226
1.1267
4.39962
-0.4711
2.75054
-1.9249
-2.89997
-2.90284
2.4877
1.98077
1.0412
-1.4973
1.37863
1.9057
0.4416
0.5544
-0.6328
0.6572
-2.8386
0.3683
-2.76893
0.81538
-0.9196
5.9688
0.333
-5.74178
0.3813
2.1107
0.98255
-0.8168
-0.9661
0.6972
-1.1932
-0.5148
-3.2243
2.3908
1.9403
0.84362
-0.0632
0.8472
1.46549
1.9233
4.9504
1.36579
1.35
-4.32291
2.11313
2.6932
9.73
0.4017
0.9417
0.0998
-2.91478
-8.47964
1.55
1.71
-4.6657
1.39782
4.9504
2.29925
0.925739
-0.941594
2.436
2.5679
-4.33
-4.2
0.48389
2.85715
-0.71883
-1.8056
2.66589
-3.90982
0.1225
0.651034
0.50272
-2.338
1.1678
-0.58372
-7.01
-1.312611
0.397219
1.1722
1.55261
-0.7354
0.329
2.59999
8.3103
-0.143334
1.0854
0.7565
-0.059439
0.99099
0.0266
-5.36326
0.7369
-2.505277
1.1922
-5.81
5.62077
1.61821
1.8909
1.7048
-0.2012
0.67285
-1.73937
2.39087
-0.06887
-4.44134
1.72825
5.83991
-3.31239
-2.66891
1.1345
-0.799
0.08592
4.9178
-0.61
0.88777
-1.1311
-2.65862
-0.2738
-2.0955
2.43301
0.907
0.94808
1.9182
-0.24775
-1.5032
-8.0599
0.3444
-1.4268
2.5053
-1.6782
1.14958
-1.4345
2.85306
NA
1.6125
0.86533
0.5847
3.7089
-1.0459
-2.18548
-3.90231
-1.90419
0.0775
0.7818
-3.7482
-5.0077
-3.00575
-8.6722
0.123
0.7278
4.69128
-0.9461
1.12271
4.7881
-2.08049
-0.96959
1.21878
0.02055
2.09934
3.53115
-0.80451
1.50722
-0.05752
-1.02306
0.43916
-0.2541
0.2974
2.0943
5.0178
0.0807
17.1466
0.68666
1.8414
0.16444
4.27023
-1.5066
0.58626
-1.45263
3.01396
-1.271
0.09839
-1.2997
-1.4989
0.3892
2.40389
3.19871
-0.87747
1.13214
0.1355
2.74229
-0.288
-0.92934
1.32307
0.894
-13.09769
0.8243
1.09421
-2.33841
2.07502
0.22646
6.6513
-3.869
0.2986
1.4307
-0.3564
0.8243
2.87764
0.34589
1.3544
2.948
0.34301
2.64034
-0.46709
-0.522
-1.8568
3.2786
1.11506
1.70207
0.2867
2.0796
5.14768
-1.958428
1.3871
0.1367
-5.10519
2.4979
-3.023
0.9547
-0.2761
1.5577
3.0034
-0.93101
-1.25
-0.32309
10.039
0.2028
-3.6
5.7415
-1.23444
2.21492
-0.15682
1.15631
-0.753
2.91
0.40578
5.03678
-0.9203
-1.5891
0.0337
1.5376
1.5643
1.3094
-0.20764
-0.70049
6.61946
1.85673
6.9647
-3.37923
-0.4072
-7.197596
-1.7253
-4.09611
0.66
-2.64
-1.06231
-0.90412
0.5276
-0.63765
-2.0812
-3.01542
2.1786
-2.29959
-2.90642
0.44126
-0.82524
-0.55901
-1.5489
-6.6373
2.1982
1.52379
0.98879
0.3416
0.37844
2.4044
-2.54166
-1.46879
1.4683
-0.4542
-0.069315
6.4007
-0.485
1.06255
-2.4336
-3.80777
1.1345
4.2386
-0.44192
0.86
-0.06953
2.42778
-9.33
-0.64721
-0.2613
-1.15565
-0.4445
1.10461
12.8934
-1.08188
-0.2065
-1.07
2.9051
-1.2279
-0.4972
0.0526
1.8585
NA
1.78
-1.481
0.85952
-0.5573
2.06609
-12.08949
-0.7198
-2.77141
-5.66429
-2.46277
8.3431
-0.34156
0.96641
1.2386
1.0065
-1.54776
0.9792
0.5329
0.5506
-0.62517
-2.8613
-4.99517
-3.8769
-3.60315
0.9792
-1.699907
-3.80595
-0.18052
-0.201
3.99
-0.5573
0.73969
1.01574
-2.43376
0.95887
2.33
18.4
NA
-0.4318
0.6855
0.9792
3.7378
-4.2898
0.3263
-0.8671
-6.4988
0.1647
0.72114
-0.0466
0.2877
-10.9
-3.2
-0.081
-2.0996
-0.45913
-0.10547
-1.8289
-0.8809
-2.8977
1.89
-0.2818
0.0668
-1.1839
-0.8511
0.3443
-0.0207
NA
3.8577
6.51
1.1814
2.45457
-1.6467
-2.3117
-1.05
1.78
-0.1551
-0.975
-3.6809
-1.1472
-0.26284
-0.8626
1.45
1.72
-4.9622
1.41153
-0.44135
8.97319
-4.1795
0.641
0.7998
NA
-2.08243
0.5415
-1.6712
-2.13209
-0.42096
0.7164
-0.6154
2.0372
0.9363
2.15162
-1.35941
-8.2506
1.64734
-0.4863
-0.6464
0.887
-1.09083
0.177
1.47
-0.357992
-2.216197
NA
1.07835
NA
0.15366
0.5465
0.0945
-2.1311
NA
0.17125
-3.6
2.25708
1.47053
1.47
0.47336
0.36175
-1.81957
-1.42655
-2.918156
-0.3047
0.8014
1.41057
0.201243
1.99716
3.19
0.2741
-1.69
-0.0444
-1.13386
-0.2197
0.7767
0.99502
2.17143
-0.7072
3.11
0.0976
-2.3987
-1.23075
-0.15691
1.1065
0.289
-1.03542
0.453265
NA
0.6036
2.47
-2.04902
-5.7046
-3.1569
-1.44
1.23047
0.0687
2.45099
3.451
1.84407
3.4514
0.624162
1.6792
-0.4071
3.3183
-0.07338
2.69166
-2.686
2.2632
-0.6684
-0.158
-0.6191
0.8435
0.89909
2.02
-0.0478
2.3562
2.4729
0.61406
3.4401
-1.08709
1.964571
0.4298
1.14671
-0.50193
-5.6465
4.5606
0.9085
-1.50935
-1.12549
-1.8773
-1.93459
-0.54487
2.0784
4.2131
1.7711
1.27745
-10.7502
-1.8
-6.54403
-3.5025
5.7672
-1.5574
-0.8828
0.829
0.9112
2.48894
-2.24336
0.7856
-0.08369
-1.4325
0.6149
5.2895
0.567
-1.6436
-2.38375
NA
1.51482
-1.0999
1.20134
1.157843
1.23
-2.43
-2.5695
-1.10528
-0.31219
-0.78238
2.2712
-1.266761
-0.261
0.5778
-0.49601
-0.0859
-6.19951
-0.0371
-2.2487
-1.0682
3.10588
0.225
-4.1653
-1.202
1.13036
2.93642
-3.1586
-2.1856
-0.4246
1.16
-2.4595
-1.9868
1.5907
4.2813
-0.43926
1.3867
-0.5616
-1.15
1.9189
1.03
-1.32065
-5.7046
0.98696
1.4021
0.16135
3.7897
-0.3526
3.58979
-2.8234
1.4153
1.5387
-1.468996
1.1004
0.922
2.7061
0.5702
-1.8923
-1.488
NA
5.01281
0.50541
-0.1141
-3.13
2.87812
-0.866
-3.4989
1.76
-0.3103
-1.7046
-4.89414
0.3616
0.246197
-0.2244
3.38945
-2.82977
3.0473
-7.59168
-1.076
5.1427
1.9236
-2.3154
0.0437
-3.174
-0.0255
0.8614
0.3194
-0.7573
-1.55668
-8e-04
-1.8904
2.235
0.5423
-1.3675
0.21516
4.35176
3.0666
0.25697
-2.4565
2.38762
0.9915
1.780884
-4.10991
-0.2748
3.553
2.16751
0.81075
2.7499
-1.3537
-2.8769
0.299
5.2446
-0.8229
-1.08844
1.05454
1.05997
-0.8702
-1.487
-0.44437
-7.3229
-0.1424
5.079
0.34125
-1.8728
4.5417
-0.04602
-2.827
0.985
1.01301
1.2119
-9.5632
0.138
-2.5146
-1.1243
-0.3808
-0.3159
2.90106
4.07477
-2.0771
-0.11348
0.127
1.12548
7.4597
2.3765
1.35907
-1.1468
1.26563
-1.011374
1.25323
-0.1309
0.186131
-0.5679
1.26
0.59427
1.13299
1.77
0.266
1.370933
-2.32649
NA
5.1007
-7.35952
2.05741
2.8071
0.624
-6.7214
-1.06017
2.7499
2.09281
-0.4421
-0.86126
12.5076
-2.0044
-0.3069
2.07797
-2.48127
NA
0.08606
1.18
0.2906
0.0938
2.07084
-0.4862
-1.504
-0.4875
-0.2836
0.651
-0.0912
-0.043
2.1335
-1.86269
1.4006
6.45
1.5822
-4.198
2.87584
-0.4834
-2.02243
1.7627
0.188313
-0.95518
1.0666
2.5982
2.1527
0.21488
2.8703
1.22141
-0.489
0.4621
0.7216
0.838
0.5893
-1.428
0.79073
-0.32707
1.72132
-0.000897
0.612
0.27146
-0.649928
0.7827
-1.20699
-0.8306
0.0479
1.01587
2.0927
-1.3785
-5.07389
-0.934024
-0.11
-1.9601
8.028
-0.8931
-0.59022
0.1149
-0.43554
4.24
-3.01384
-1.3009
-1.1613
-0.27385
3.05425
1.08
-3.984446
1.441235
4.1356
1.0981
0.64279
-0.1874
1.5623
0.5747
4.5427
2.3541
0.6905
-4.5611
-0.22453
7.1094
-0.9802
-0.0026
-2.3848
1.9764
-0.54088
-1.4878
0.3121
0.28399
1.66972
-0.1439
2.9727
1.1399
3.30126
1.32434
-0.0526
-0.29106
-2.9591
0.41809
-0.16013
-5.7523
2.6404
-1.9941
2.75113
2.9266
2.90748
-1.0597
-0.74237
-0.62637
3
-3.2568
-3.1545
4.6428
1.7569
0.89569
-2.65146
2.84998
1.0095
5.12046
-0.43
-0.03128
-0.52628
-1.0387
0.33461
2.29869
-1.97103
0.8443
1.03
-2.678463
-2.2773
2.350551
1.7728
-0.00444
1.2702
-2.36079
0.0902
0.6172
-0.1599
4.44568
-1.00679
1.79928
-3.5531
1.52
2.98331
-0.3317
-1.73895
0.9041
-15.55542
0.0065
0.458
0.27269
-1.4752
-0.4457
-1.81783
-3.1657
0.94525
1.439
-0.5148
-1.8354
4.9464
-1.1389
1.3899
2.25014
6.8204
-5.7568
0.2127
-2.48503
1.25801
4.9532
-1.3091
NA
3.0044
-1.8767
1.70949
NA
-0.64296
-9.40345
2.5638
-2.264
-0.2191
1.1831
0.0875
0.1866
-0.171
0.3892
-0.2072
0.89233
-0.71924
1.4951
-0.37116
-0.1107
0.829
1.86771
-1.12247
0.545127
0.07299
-0.289
-3.08315
0.791
1.3062
1.31028
1.83363
5.2571
1.18234
-2.43888
-2.09037
0.1508
-2.36908
-3.26
-3.0632
1.479
3.3925
1.9926
0.2532
-0.0957
4.35863
-2.45
1.43332
-0.26098
1.15578
0.1533
-0.7045
-0.4558
3.6208
-2.4626
-0.21399
NA
1.25763
3.1182
2.21
1.17
-0.6195
1.41236
-1.8521
0.103423
6.44457
NA
-0.7634
-0.706456
-2.558661
-2.5526
2.3751
0.35187
-2.44
-3.27841
1.6365
-1.61402
3.97
-1.56036
-1.3267
-1.38562
-1.7446
0.59416
0.879
-0.1353
-1.28141
-0.1924
0.963
1.0102
-0.39799
2.48
4.548669
0.09116
0.7351
4.5223
-0.72206
3.20534
0.503
-1.20516
