-1.2298
0.75577
-3.2181
0.78975
-3.23241
1.4589
-1.3073
-2.21555
-0.01349
3.99
-0.5407
0.1119
-1.03816
-0.68223
1.4156
1.25172
-0.3324
3.2624
-7.4203
1.54
1.3197
-4.4979
0.8701
-0.6468
-0.47685
-1.02
1.814
1.758
0.19348
-1.86134
-1.4148
-0.4154
2.2934
2.156
-1.0663
3.93
-1.9249
-4.84121
-1.2204
-6.3941
2.78837
1.96413
2.1191
2.0927
-1.93458
-0.3879
2.673
-0.36543
2.6601
1.1836
1.0223
-4.4696
-0.8168
-0.6737
1.6872
1.1522
1.87153
1.76797
0.7841
-0.07074
-2.8333
-1.07673
-2.7105
-0.48648
1.4311
-0.38067
-0.904
-1.0935
4.0384
-3.5576
17.2329
2.2261
2.763
-2.0136
-3.66392
-0.9899
-1.0688
-0.36797
-0.0988
-1.08699
-0.9984
-1.9354
2.92
-0.1839
-5.6115
0.901
-5.05662
-0.9611
1.3329
1.76073
4.20574
2.4888
-1.18536
-12.0294
1.2944
-1.9965
-0.5246
-1.7546
NA
3.78316
-6.7138
0.7856
0.0923
-0.0387
3.1063
1.88
0.8623
0.6149
-0.945
-1.9531
-0.2028
9.5698
3.4488
0.4874
1.00268
0.207
-27.914
-1.1493
-2.44
0.737
-0.8483
2.8186
0.4564
-0.5167
0.0212
1.38721
0.961
-1.7292
-2.6379
-1.5046
2.4041
-3.7877
-3.7957
-0.68801
-2.3966
-1.9762
-1.61
-1.18773
-0.4292
-1.5023
0.42478
-0.7187
3.30461
-0.0921
1.22867
0.1058
0.72266
1.0333
7.3738
-1.3154
1.4064
-5.7337
-0.54312
1.5656
4.0217
-0.7217
0.3407
-2.3238
-1.6629
0.216
-0.5745
-4.70022
4.88338
1.4776
1.8151
-0.0167
0.2122
2.74385
-2.47117
-0.29697
-0.8869
1.61601
NA
0.2164
-1.0748
-1.2596
-0.4205
-1.1484
-2.143
-0.7655
-2.284
1.6267
1.7381
-1.817
NA
-1.0909
16.967
-0.3407
-0.28688
-0.2813
1.005
-0.75212
0.90041
0.6523
0.37791
2.825
-3.5387
1.6599
0.2129
0.996
0.5893
3.93761
4.5066
-0.8532
-0.0389
1.0291
-1.6137
1.2759
0.3449
-1.829
-1.0376
-0.5758
1.0798
2.9359
-1.47191
-2.5396
1.0954
-0.3644
4.0096
-2.0589
0.2895
-2.4876
-2.0315
0.4882
-4.3699
2.8571
0.7905
-1.25437
-0.0803
-0.43805
0.1854
0.2523
0.355
0.0336
-1.2389
-0.63056
3.5096
-1.5531
1.651
5.0169
1.689
1.78899
-0.2807
-3.7903
0.617
0.1655
-0.00238
-2.6293
-0.4609
0.158
-0.52352
-2.77504
-4.92911
0.5036
1.4164
7.715
2.3846
0.867
2.43661
-6.0232
6.5432
1.89589
2.2408
0.1185
0.4144
0.52627
-3.42224
2.5104
3.8115
-1.20476
-2.4075
1.09381
12.4418
0.09335
1.0114
-0.13388
2.0155
-2.2667
2.67909
6.5494
-0.22115
-2.0339
1.11668
5.80856
-4.13865
4.7669
0.6925
-3.0495
1.6715
0.5034
-0.91619
-4.1806
0.5275
0.8417
0.23073
0.81
3.0708
3.82
-6.04
2.4462
-5.9053
-0.3105
-1.75
0.0799
-2.4007
-0.02392
-0.7028
0.1036
0.349
-0.5411
-0.7616
0.2718
1.72981
-3.89435
2.8786
0.5072
-1.05343
8.17122
-2.683
0.8633
0.0908
-7.2268
0.06696
-1.2393
3.0405
-6.89985
1.4469
0.4223
-1.4314
1.4499
-2.94341
3.73
0.7772
0.45473
2.026
2.0472
-1.9508
-2.6869
-2.6806
-1.622
7.2584
-1.758
0.74356
0.65
-1.6547
0.6505
-0.6264
9.1388
-0.4254
8.0198
-0.344
0.3748
1.8929
-3.894
0.2349
1.0059
0.317
-6.8272
-10.99771
-1.23049
1.99049
3.3165
-3.24641
-1.7247
-1.6613
-2.0838
3.343
-0.84297
5.99368
-3.7226
-0.30641
0.9213
0.07003
0.27137
0.5429
2.7075
2.3359
0.41409
-2.2356
3.3803
NA
-1.51065
-1.8518
0.2325
1.5111
-2.4022
1.2242
-1.2848
-5.4473
1.4065
-7.0764
1.78635
0.29492
-0.6935
-1.43
-1.01774
-1.0268
0.12
0.5814
1.2556
-1.5175
-6.0111
-2.32
-2.7529
1.1635
-1.1768
-4.38
1.7504
-0.55489
-0.7286
0.0687
0.11591
3.2566
-1.37803
-0.27315
1.8265
-0.1976
-1.085
0.4923
0.2399
0.3005
3.59598
-0.935
4.7234
7.16966
0.1036
-1.85579
-9.5924
-4
2.9739
-1.2566
7.7526
1.1356
-0.91424
-0.1209
-1.3211
-1.89038
0.4075
1.8254
1.08
0.0382
-0.67498
0.0211
-3.75
3.3068
-2.1668
1.6019
-1.3947
2.4416
0.2879
-1.7778
-4.9316
-1.9234
-3.5085
0.659
2.07334
-3.3999
-2.67
-0.9419
2.3081
-13.9697
2.26755
-0.1831
2.2447
-0.28745
-0.40427
0.0632
-2.4013
-0.753
1.7138
5.02477
-0.38422
-9.1918
17.40285
1.02
-1.8479
4.5665
2.8991
2.6988
1.07
5.21064
-1.1307
7.0344
4.3363
0.532
10.2395
-0.1416
-1.1056
-0.371
-2.9544
0.92131
3.31607
-1.3151
2.22543
-0.2799
-3.0985
8.04847
-0.21669
-0.21454
0.309
-2.8834
0.3425
-2.4709
-4.4893
-6.5959
-0.0359
0.659
-1.10802
-1.4047
0.0879
-1.8159
-1.5
1.43232
0.64424
-1.1393
2.47
0.319
-1.3713
-1.19
-2.739
0.311
-3.1301
1.047
-4.37879
-1.1003
-5.2933
1.41239
-1.50412
-2.1212
-5.682
-0.64524
1.0697
0.6715
0.6802
0.6493
1.96
1.0967
0.53206
-3.8504
1.2743
-1.02614
-0.9061
1.2665
2.02669
-1.7432
-0.9045
6.39518
1.97129
-1.1721
0.01428
-0.9394
-1.6427
-3.6256
2.9152
-1.18987
-0.8873
0.582
0.0547
-0.586
-1.25716
-0.3083
-2.3286
-0.8111
NA
-0.15507
0.2225
0.045
0.22185
-0.1096
0.2832
0.5296
4.5226
1.422
-0.6994
3.1816
-0.4258
-2.0434
0.243
0.44052
-1.4821
0.28753
-3.1322
-0.0968
-0.0542
1.32245
-0.6182
-1.7306
-7.9539
-0.5856
2.63078
-4.6099
-1.8855
0.7875
-0.16266
0.0267
-1.4362
-0.8086
0.67099
-0.9324
0.06462
1.8006
-0.866
-2.95
-1.25
0.777
-1.23776
-0.63544
0.3851
1.1722
-0.6991
-3.8944
0.4726
-0.0651
2.6121
-0.0429
-0.4669
4.2104
-2.7876
7.1555
0.14994
0.497
2.7993
-2.353
3.55
1.4704
0.4009
-1.60209
-0.3042
-2.2672
2.973
2.147
1.2516
2.0784
-0.4752
2.1894
0.78222
1.47776
-2.91479
-14.3182
-2.1103
-0.7852
-1.5781
-0.5128
0.5343
-1.22305
-2.5589
3.8259
-1.6332
9.2776
-0.5653
-3.4205
1.8822
-0.96247
0.54264
0.51424
-0.31944
-0.9639
1.6737
-2.1345
-0.12715
1.74952
-1.42882
2.5172
-2.6297
5.90486
-6.38247
-0.14397
-2.9889
4.2391
2.7167
-1.4219
0.03
2.858
0.06119
1.2564
4.0249
-1.60479
-1.1306
0.0795
-6.09518
-1.36039
0.1072
-1.3123
-2.1878
-4.2506
2.5532
0.8507
1.47
-1.0738
-3.6732
-0.7721
-3.8377
-0.4414
2.1284
0.9151
-0.8406
0.3251
1.5834
-4.8605
1.3518
-1.9868
-2.2429
-1.2041
-0.1952
-1.9482
0.466
-1.9165
1.4977
-1.1189
-0.2584
0.2069
-1.5893
-1.5492
-6.7779
-2.1091
-2.2628
0.8848
2.1466
1.8589
0.32788
-0.0298
-1.3443
-0.5242
-3.4077
-4.2565
1.15882
6.53571
1.2559
1.5568
1.2409
-4.39461
3.3595
-3.86
-2.2346
1.5234
1.2733
-3.5214
1.2659
2.52795
1.2149
-2.5232
0.9703
-2.8547
0.71681
-0.84801
1.6936
0.781
-0.6196
0.1335
-1.35313
1.98
-0.902
-0.7116
3.7056
-1.2723
-1.0002
19.6792
2.58746
0.757
-0.343
-0.7495
-0.151
1.0921
1.3732
0.3672
-4.9026
2.4533
3.3533
0.5554
-4.8754
-2.0049
-0.50272
0.67235
-1.24566
0.84904
1.37
-1.59017
-6.66679
-0.8252
-1.6399
7.5282
-1.9874
-1.4743
-2.4605
1.8931
2.6882
-1.61106
-0.90262
-2.5323
0.8983
-3.12437
-1.39148
0.87603
-2.7192
1.1174
-0.50588
-1.92602
1.43792
3.5957
NA
-1.15522
-1.1588
-1.5764
0.3728
-0.90272
0.9974
1.24155
1.32109
-0.91563
-4.101
-3.8389
2.3525
2.3117
3.4435
-0.1239
-1.0873
5.1966
-2.4339
-2.1407
-1.5916
0.3995
-0.7369
-0.6487
3.651
-3.3883
0.0383
0.657
12.10812
0.8595
-1.83238
1.29466
2.98113
-0.759
1.61733
1.92446
-1.30781
-0.07338
-1.72074
0.15842
-0.64779
5.8349
1.0085
7.49508
8.7668
0.5082
-0.00926
-1.13392
-0.28904
9.22163
-1.73316
-0.7863
1.8521
0.0494
-4.25619
-0.17066
3.19428
-0.85355
-1.94802
-0.56857
-2.5536
2.53531
-2.08457
1.25001
1.0788
-3.11704
-6.6577
-3.89172
-2.7497
-0.1375
-0.1863
-0.29633
-3.175
3.67237
5.84921
-6.14684
0.7921
-0.6414
-0.34568
-2.183
0.2352
9.85287
1.17413
1.91101
7.10186
-2.5705
0.40851
6.66744
-6.8359
8.84274
-1.77097
5.7903
2.6791
-2.5119
1.0078
0.68088
3.74314
-1.01454
-0.6155
2.35183
-0.17031
-0.09249
-3.5031
-1.7173
1.6
1.3419
-0.3918
-2.1687
-2.83991
1.0586
2.26424
-1.7417
4.7416
-3.12314
0.66603
3.0018
0.9365
-0.3635
-1.3345
-5.2122
1.3651
1.9015
0.2741
-0.6983
-0.2936
-6.8174
0.969
-1.4999
-2.2417
0.1392
-1.5674
0.9643
-0.7199
0.7554
-4.2672
2.351
-3.1084
1.5641
2.7983
1.2783
4.0606
2.7317
0.6006
0.6064
-1.128
-1.0662
-1.4077
-2.7955
1.1011
0.0228
-0.2836
-2.2138
-1.3657
-4.9594
0.0365
1.0829
-0.2036
-1.4421
-1.3123
-4.5632
-1.7202
0.7723
-1.4994
-0.4692
-1.6354
6.5193
1.2866
-0.3301
-1.6203
0.8825
-19.1666
-0.6481
17.2098
-0.9608
-0.1302
-1.7012
-1.3374
0.2771
2.9513
2.7172
0.7472
-6.9727
1.2051
-0.0329
-1.765
3.2046
4.1006
1.5863
-0.0868
2.3752
2.9854
5.0388
0.8999
2.0074
1.0507
-3.2997
-1.6432
-3.9929
-3.9407
-6.6977
0.4789
-0.0202
6.7204
-1.4655
2.2759
3.9671
1.8217
0.4405
1.5234
-1.5251
-2.6934
-0.6495
1.1452
0.276
-2.0594
0.1421
-2.7247
-2.447
3.2932
0.9517
0.007
3.1761
-4.2391
0.9684
2.3442
-0.2217
1.5606
-3.6407
1.3495
-1.4486
-1.294
-1.0264
1.1618
1.1988
-0.1056
-2.8061
-3.303
1.9237
-0.3053
0.2715
0.7229
0.0232
1.5339
0.3315
1.5553
-1.2722
-3.3947
-2.9586
2.7725
-0.9869
-1.8334
0.3591
3.5348
-3.5992
0.4767
1.5478
0.0129
2.1615
-0.3726
-3.2968
-1.2411
2.9837
2.1894
0.7841
0.7428
3.2191
0.5368
1.8459
-0.0077
-5.4113
1.6813
-1.9611
-0.9265
1.544
-1.942
-7.3456
-1.204
-0.6965
-0.6777
-2.7164
4.2533
0.0633
-1.3843
-0.4175
-5.6906
0.4795
-1.5268
-0.747
-3.5484
-1.7736
-1.702
-0.0149
0.9289
-7.1675
5.039
1.2747
8.9081
-8.6373
-0.8594
2.1923
0.3335
-0.2564
-1.1684
0.848
-5.8328
-0.8102
2.3239
2.1508
4.0347
-1.2123
0.1081
1.2657
-1.1142
-0.4543
1.8777
1.4556
0.6138
-0.63
-1.2739
1.2752
-0.6611
-0.0758
-1.4043
-1.7553
-0.8621
-0.0501
-5.2172
-0.2799
-1.0545
-0.101
0.8691
2.1454
-2.0729
-3.8524
0.7007
-2.3889
3.2362
-1.5336
5.7693
-1.0718
0.8202
-1.97
-0.7865
1.4113
1.2186
1.7108
-1.252
-4.1652
-0.7256
-0.7936
1.9799
2.7396
-2.2559
4.3544
-2.9585
0.623
-3.4846
-1.2363
12.6707
1.3075
1.8706
-1.5787
0.4906
2.7531
0.9032
8.7934
2.6637
-0.678
0.5046
1.2525
0.761
-0.1516
1.0259
1.92
5.7615
0.5748
3.9291
-4.5055
0.1665
-0.163
-1.2998
0.7762
-1.2687
0.8201
0.3858
-2.4922
-0.9452
-1.1858
-1.9142
-2.3529
-4.1651
3.5976
-0.1831
0.0395
0.7378
-1.5874
0.3022
1.749
1.5765
4.7431
-5.5841
-2.7642
1.1163
1.484
1.218
-0.5284
-2.5074
1.4998
-2.4038
0.5711
2.8014
-1.7292
-0.541
-1.071
-5.3779
0.6018
-2.3504
-0.3376
-2.6096
2.6782
0.7721
1.3872
-1.2542
3.7154
0.0165
2.2334
-4.803
14.1669
1.2411
1.3499
1.9151
2.0899
-0.5864
3.4023
1.15219
-0.93618
0.38794
-0.98797
1.59178
2.0864
0.99653
-0.84679
-1.43766
5.8446
-0.8547
3.15895
2.98086
-0.20024
1.93488
2.15882
0.71964
1.49156
-0.6228
1.0518
1.19701
3.62252
1.23694
2.646
1.93035
-0.1537
1.0539
-5.28345
-1.8017
-2.5994
2.1396
-1.36216
7.13815
-9.46302
5.89701
3.43074
17.97032
1.61788
-1.66805
-0.57895
1.3047
1.30651
-0.32579
5.71545
0.0748
5.9667
-0.2586
-1.49731
0.36102
-2.88711
-1.65335
-2.36557
-0.30964
-0.17868
-2.09176
0.0486
2.8048
2.2746
0.8754
-1.1437
-1.4418
-9.3149
1.1258
0.274
1.9554
9.0524
0.549
0.542
1.0527
0.8619
0.5457
1.9469
0.0895
0.4564
-1.2377
0.493
-3.3958
2.5609
-0.2957
5.6996
-0.28759
-0.7095
-1.0482
0.8483
-2.50354
6.0744
0.43753
0.17408
-0.4326
0.59205
0.23686
-0.73273
-0.08855
0.61106
0.09386
1.84569
-0.72329
-3.21579
-4.07561
4.8875
2.1829
3.029
-3.81605
0.30867
0.72769
0.76219
-5.19925
-0.00673
-0.02559
-0.08869
-0.90698
-8.0121
-7.044
3.0843
-5.3964
1.8225
0.9928
-4.4479
-1.929
2.5451
-0.2326
5.2873
0.4156
0.5123
-4.3087
-2.5432
-0.5554
-0.9975
-0.744
0.616
-3.4018
8.0697
0.5248
-4.6494
4.5912
-3.364
-0.7158
2.8392
9.8824
-1.1889
-1.5755
2.2254
0.8141
0.8789
-0.7384
2.7469
-2.1091
0.8922
-0.7568
0.2063
0.57
-2.3641
-0.7802
-0.5556
1.3499
-0.4337
-0.3323
0.0186
-1.4036
1.5689
3.074
3.8108
0.4676
-2.8252
1.0069
0.0896
-0.917
-1.2944
2.4513
-8.5247
-4.1505
-1.7137
-5.18967
5.0834
3.21403
3.4565
0.80085
5.68275
1.21286
3.35904
0.80189
0.0371
6.3183
1.1287
2.57878
-0.0115
1.69854
-1.02218
-4.40851
5.80031
-0.76357
-0.80776
-12.99179
0.40381
-0.47246
-0.56913
-1.58084
-2.85924
-0.6241
-1.67903
0.606
-1.01901
-0.14055
-6.42973
-3.42963
1.39373
-2.37705
-1.48815
-4.80331
0.56673
2.3043
1.97212
-2.56334
-0.5449
0.52399
1.94664
0.289
-0.01934
-0.1217
-0.3289
0.91022
-26.93846
-1.2211
0.3749
1.38992
0.44257
1.28062
2.65437
-1.02434
0.027
-0.02848
-2.87377
-0.4439
0.51029
-0.6529
0.05406
-2.1474
1.29465
0.8758
-0.2077
-1.5471
-5.38
-0.7875
0.9881
1.0202
-2.7262
3.9257
-3.1063
-1.4887
2.1543
3.0428
1.9483
13.2301
0.8123
-0.0859
-0.0233
-1.6135
-2.3278
-6.0704
-1.2548
-0.2483
2.054
0.753
-3.5551
1.6426
-4.6009
5.4482
2.3191
0.2752
-2.5087
-1.2505
-2.0668
-5.3849
-0.2409
2.1336
-0.6716
-1.9037
4.2596
1.3011
-0.5736
0.8105
-4.3908
1.4145
2.0109
-1.1048
-1.7546
0.7707
-0.5807
1.7217
-4.4916
-1.1155
-0.3313
1.607
3.255
-2.4428
0.52826
-0.6924
-0.5526
0.16519
0.89921
0.2382
-1.7258
4.3233
-0.67396
-2.1564
1.46113
-1.9936
NA
3.52647
0.2205
1.98027
0.05201
-2.99585
-1.95883
7.32489
0.29523
2.26903
0.169
-0.08663
1.4391
0.54178
-0.5613
0.31388
-1.22485
0.63173
-3.80157
NA
0.76832
0.7205
NA
-3.74224
-0.9813
-24.42814
NA
1.39363
-1.50334
1.26885
NA
-0.0875
-0.15958
-0.94149
4.07469
-0.02224
-0.4393
-0.64413
-0.85474
1.8772
NA
-2.6274
NA
-3.05937
0.42127
-2.0417
-1.2292
NA
-1.5869
-2.6369
-1.8298
1.0496
-1.3983
-0.2156
-0.5553
1.8934
-1.6054
-1.4997
-3.3753
0.7295
-1.7905
-9.6608
0.5068
1.974
-0.3086
-1.9
2.4411
4.5541
2.0281
-1.0646
-1.9721
-0.933
-2.1035
0.7738
0.9934
1.364
-2.9482
-0.1908
-0.8192
-0.1748
3.401
11.3432
-1.0732
-1.623
2.5136
0.6017
0.3322
1.2478
-2.0397
-1.3615
-0.4164
-0.8279
3.5742
-0.276
0.2854
-2.2553
-1.9668
-0.681
-0.426
1.61
1.38
-1.53
1.47
-0.0275
-7.64
0.612
-1.87
1.3
-1.81
1.86
-0.0175
-0.0569
1.11
-2.87
1.69
0.82
-1.74
-2.24
-0.965
3.12
-0.0316
-1.31
-3.4
2.06
0.801
2.99
-0.24
0.131
1.61
4.07
-0.182
0.593
-16.6
-3.16
4.29
-2.03
-4.08
0.126
0.203
-0.5262
-2.1999
2.698
0.0456
1.1294
3.0338
-0.2366
-0.5324
0.0281
1.6039
14.862
0.0125
0.5427
-1.6715
-1.834
-0.7687
1.8371
13.2543
-1.16
-5.433
-0.9029
0.5217
-5.702
7.1991
9.0847
3.2432
-2.2388
6.5954
0.1351
3.9182
-0.4773
0.8096
0.5573
-0.0827
1.9662
1.0261
4.2409
7.5553
0.9211
1.8048
0.0362
-0.6397
-4.8495
1.7828
-2.0814
0.4934
0.9125
-0.0402
3.0059
4.4256
-0.3606
1.0096
-0.9862
-1.8988
-0.0853
-0.021
-0.5018
-2.7351
0.0762
-0.7625
4.1912
-8.9532
-0.4929
-0.1302
-2.0006
3.1136
-0.3201
-2.156
0.84639
-1.58813
3.2498
-0.1537
-2.93863
0.78424
2.66601
-1.26008
-0.82419
-0.23018
-2.5112
-0.30489
-1.4958
-5.54388
3.0796
-5.4762
4.65412
-9.3039
2.0881
-0.5222
3.0873
-2.2379
1.8696
-5.5563
-9.30707
-1.2495
2.96858
-1.4944
-1.98743
0.31174
0.65059
-0.0935
0.95918
-1.24582
0.05202
-3.79408
0.9954
-1.01444
3.4376
1.25712
4.32159
-2.1097
1.01967
-2.18375
-1.71542
1.7602
-2.3078
-1.0529
0.92822
0.09444
-0.4278
-1.12883
1.81702
-0.76951
-3.14864
5.2408
-1.1407
-1.51442
-0.54186
-1.94254
1.82656
1.92112
-1.67968
0.0143
-0.4548
-1.20899
12.596
-2.07231
-2.3283
-7.6863
3.2871
-1.9471
2.88919
-6.26148
0.27949
-1.2244
0.39713
0.089
-3.0048
-1.9137
2.2124
-0.80114
-1.69
4.74674
6.43737
0.59119
0.1058
0.8073
4.32306
7.6104
-2.08715
-0.4294
0.28
-0.15177
11.0895
2.6571
-2.0176
-1.915
1.34395
0.9357
-0.6873
0.66152
-1.1103
0.0151
-2.7474
-1.8539
1.8785
0.5859
2.2552
-1.44373
3.16386
-13.19943
1.97328
-3.1109
7.9993
4.5076
-0.0635
1.29902
-0.60357
-1.02
2.054
1.2241
-0.7583
2.4368
1.2927
2.4794
4.9296
-1.9789
8.5404
-1.1669
-0.1657
-0.1482
0.653
0.453
-4.2031
-0.052
7.386
-0.9643
-0.2059
-1.728
0.3623
8.1956
-5.1722
-0.8043
-0.6963
2.1893
-0.32
0.2481
0.5532
2.8531
0.6193
5.6993
1.875
-1.3612
1.8457
1.0749
-2.2868
0.6788
-1.0201
-3.8101
3.151
-1.2364
1.2756
-2.1843
2.0461
-3.5876
-0.4242
3.1731
2.0652
5.2657
1.1145
-0.0423
1.6715
2.3318
-2.729
-0.28153
0.61525
-2.9661
-5.80645
-6.92941
0.56302
5.4048
-3.5196
3.57
0.0045
-0.668
0.0367
0.40172
-3.2583
2.339
1.3738
0.6711
-1.4026
-0.1116
0.78447
-0.79814
-0.5964
0.54817
-0.50258
2.7931
-3.67919
0.09884
4.07136
-0.685
-0.2281
0.529
2.1781
2.4281
1.0202
2.7299
-1.3527
-2.9778
0.1229
2.4748
-1.05
1.4209
-0.8028
-0.3178
2.5011
0.232
-0.9707
-0.7256
-1.4594
-0.159
1.1347
-1.108
-1.9069
4.82299
1.4389
-0.7286
1.9959
-1.2264
-1.0346
-1.0103
1.1297
0.5476
-4.8593
-1.3
2.40384
-1.98
-1.69
1.5457
0.68507
-14.3182
0.75559
2.6991
0.0994
-4.18
0.81729
-1.4328
0.4287
0.59529
-0.5018
3.4404
5.1327
-1.0975
0.5757
-1.07799
0.5578
-1.2576
0.1937
0.44896
0.41322
1.63797
1.30378
2.23518
0.4571
-1.966
1.66168
-0.90174
-1.2721
0.52551
0.55996
-0.75633
-4.19712
-2.35676
-1.3905
0.39889
-0.66038
3.51642
0.06152
-2.15766
-2.9326
-1.43505
1.4098
2.8318
0.61548
-2.9345
2.2258
2.2712
2.2704
-5.73818
-2.1602
-3.2731
-0.42371
-0.08335
-1.3467
-0.1927
0.27433
1.3572
-5.2989
-2.1309
-0.8726
-3.8537
-0.8823
-1.7719
-3.0879
-6.334
3.9631
-0.635
1.362
-1.6378
2.6012
-0.236
-0.83475
6.9414
-8.3527
1.9819
1.0655
5.4273
7.6999
-1.965
2.7262
0.9121
-0.0644
0.1498
0.1147
-8.1621
-1.4184
-1.5388
-0.98386
-1.1294
-2.1485
1.5205
-0.88841
-0.5861
-0.30213
2.8338
2.1115
-0.4066
-2.1016
1.3897
-1.2282
5.7074
0.6396
-4.456
0.2919
-4.1233
-1.5015
3.8521
-1.5367
3.025
-2.4462
-3.3777
2.1813
0.328
-1.7704
0.752
-0.5783
-0.5483
-1.9426
-2.1119
13.0046
0.90591
-2.1943
0.7982
-0.5667
NA
4.474
NA
NA
5.3252
NA
-6.2526
-5.17918
NA
-1.58796
NA
-10.73292
4.2768
-3.05519
-4.043
-0.2228
0.08132
-1.2656
0.14219
0.2512
-1.912
0.76865
-1.83754
1.4613
1.3549
-2.2254
6.13601
-0.7088
2.068
-2.0931
-0.3647
0.7304
5.3574
0.219
2.2204
2.3728
5.34464
-0.5914
-0.3997
-0.2
-1.0169
-1.1732
-0.9542
2.28539
2.7959
-3.7415
-2.1731
0.658
-2.0593
0.1952
2.5452
-0.7746
1.4726
-0.7417
0.7922
4.2287
5.2634
1.3174
-1.3683
-1.3043
1.5957
1.0852
0.1732
0.2312
-0.9803
0.1605
-1.2292
-1.415
1.1232
-1.4135
-0.6616
0.5863
-0.0694
1.0664
1.4064
5.4647
5.4382
-3.6552
5.3559
3.81019
0.85674
4.0913
2.6182
-0.4007
-1.71
3.0473
0.5839
1.2842
-2.0372
9.76951
4.9051
-1.4596
0.1625
1.26918
4.2332
3.8099
-1.0277
1.3531
1.9392
1.9059
2.8245
-2.0476
-1.69478
-1.6867
-3.1996
-0.46474
-7.514
1.9992
4.9976
-0.7776
1.0175
1.05
0.9061
1.2635
-0.667
2.7985
0.61932
5.7504
1.93705
1.00095
0.57205
0.00515
-0.2149
-2.0901
-0.1132
-5.8484
-7.416
6.8255
-0.1444
3.5214
-0.3286
-4.11627
0.3089
-1.93948
2.84965
-6.30976
1.34597
-2.23066
0.25324
0.97263
2.4125
-2.6168
0.37843
1.60241
-1.4991
-2.3542
-0.90639
-3.4166
2.0038
-3.50867
3.88089
2.13627
-0.9158
-1.13131
-2.88053
4.90432
-5.09872
2.0614
0.7226
3.6541
1.55123
0.7389
-1.31797
0.71711
1.43117
1.41838
-2.51598
0.6706
0.7226
0.3712
-0.3381
2.8825
-0.8651
-0.303
0.3928
1.3566
2.22509
1.2727
0.2368
-1.3044
-2.2075
1.6097
3.2624
-1.6981
-4.7151
0.8139
-0.8078
1.16
0.81998
1.93996
-1.99287
-0.14797
-1.32394
3.4692
-1.7434
0.873
-3.9299
-0.5231
-2.9776
-0.4221
1.4803
-0.5853
-1.3136
1.6307
-0.8961
-5.4627
-0.9008
1.4078
-1.9342
1.4668
-1.8322
0.3955
0.3993
-0.2912
-1.0817
-1.3053
-0.0143
0.9258
0.2765
0.2765
-1.3248
-1.8337
-10.2736
-1.5254
0.34509
0.93567
-0.9214
0.4068
4.1284
-3.1679
-1.0874
0.1057
-3.4798
0.6975
-0.71446
-1.0751
1.8258
0.2917
-1.8784
-0.1044
-1.1392
0.8535
1.64153
7.65404
0.26333
-2.02125
0.5894
2.602
-6.2861
-2.8669
1.4631
-5.4678
-1.3165
-1.5385
0.6172
1.5663
-3.8802
-1.3004
1.5921
2.3666
-1.9282
-1.4278
-0.2335
0.25233
-0.85667
3.5608
0.4881
0.6587
5.49792
-0.3273
6.0418
0.5457
6.277
-6.0004
-0.7503
-0.5855
-0.7507
1.73846
-0.332
-1.166
-2.1728
1.4539
12.5366
-0.84331
-4.9393
-0.9621
7.9022
0.9608
-0.63614
-0.5803
-1.9951
-10.9818
0.8035
-2.5327
-0.73138
0.97243
0.7361
0.3084
-5.3734
-2.3084
-10.7567
1.65
-0.45
0.8102
-0.7251
-4.3639
1.55571
0.655
-3.9631
-3.002
5.0692
-0.35046
3.0121
-1.3717
0.7755
0.76572
-0.36815
1.92906
1.8497
0.9426
-4.6393
-10.2369
-0.1795
-2.6681
-3.346
-2.5812
-0.5071
-0.6694
-0.6694
0.71906
0.6145
11.2
-11.7
-0.128
-0.06579
-1.0142
1.7303
0.0484
-3.77085
-1.39802
3.0216
4.198
1.5216
0.7307
-1.0203
0.997
2.412
2.6338
6.59
1.1777
-0.3618
2.56715
-0.0588
6.1645
-2.3267
1.691
2.1662
-3.742
-1.6289
1.2457
2.366
-2.4432
2.389
-4.8225
-2.9397
1.2237
0.72464
1.4701
-0.9253
-0.5313
-2.3065
-0.2063
15.78358
1.5295
2.9302
0.8108
3.999
-2.8091
-2.6477
0.73665
0.22285
-3.4939
1.58053
-2.7494
-1.1205
-0.9356
-2.958
0.0834
-0.7185
-1.0398
-2.6114
-1.3017
24.83232
-3.68754
1.3817
-2.1414
1.1552
-3.5938
-1.5769
0.7564
1.3805
-6.6199
3.4769
2.1508
-6.4984
0.0243
-0.9684
-0.42963
0.82745
-4.32327
3.18495
-0.30554
-1.12996
3.73096
0.27959
1.14328
1.6836
4.14
-1.09904
3.3037
1.4356
0.5196
-0.9941
-0.343
2.944
1.5331
-1.4297
-4.69046
2.02637
-0.4861
-2.8184
0.5698
-3.77062
-3.399
-0.2752
1.1096
-3.4914
0.6601
-2.3123
-0.386
1.9
-0.75
0.901
-1.04
-2.5218
-5.69139
-4.03436
-3.60923
-0.99015
1.08339
-2.2879
-3.02538
0.98857
-1.78957
0.68156
-0.6074
-0.7262
-3.9308
2.0843
-0.1552
-0.5974
1.28475
-0.4909
0.4366
-3.2407
1.1428
-0.6413
0.8265
0.47397
-4.02627
6.3122
0.6322
0.8045
3.1949
-0.9735
2.6871
1.3162
-4.5071
11.08731
7.9369
0.41723
-0.32469
-0.70664
-1.90918
3.1166
1.73147
1.1352
0.599
16.7809
18.62035
2.0537
-1.7544
0.5042
2.2066
-1.9874
-0.163
0.5836
-0.8761
-0.20704
1.0547
0.4437
-0.944
-0.6322
-1.0333
1.0361
-0.8433
0.9755
2.7478
-1.6175
-0.658
-0.4987
1.4335
-0.0318
1.22969
2.71846
1.7322
-1.82696
3.80331
-0.68172
0.08809
3.90174
0.98036
0.08173
-0.58596
-0.99011
0.06453
-0.2275
-0.7435
1.1849
-1.97326
0.2853
3.772
0.1061
1.3608
4.8095
1.3924
2.5974
3.6662
-0.1195
-0.4778
4.5119
-3.86507
2.31734
1.6322
-0.49733
-0.87373
0.40283
5.7536
-1.0076
0.2797
0.1859
-4.3695
-1.2187
-1.9371
-2.1797
-1.6006
-2.3549
5.8491
-1.54471
-0.49348
-1.76728
-1.90655
-0.25299
-1.43234
0.74388
-1.37501
-5.3728
0.89464
-0.3965
2.8092
0.6842
-8.6016
8.3987
-0.0599
-1.4159
0.0983
10.4016
0.0232
-0.6359
6.7578
-1.7691
0.4579
0.503
0.0259
-1.4442
-0.1455
-0.2524
1.12
0.1456
-0.8855
2.1737
-0.7173
-0.6535
0.3777
8.2464
0.799
2.6046
3.351
0.368
4.4126
0.78424
3.1854
2.36607
-1.6461
-5.6267
0.0716
0.52246
-0.7217
2.4269
-0.90361
2.74674
4.8969
-0.72057
-3.4647
-0.023
1.0362
0.8951
3.0543
2.8186
-5.4528
-0.0299
3.7422
-1.5091
0.8432
-2.56
-0.0154
1.22
1.0851
-1.4367
-1.8429
1.5474
0.4389
-2.0938
-0.3085
2.039
1.977
1.5509
-0.6853
1.4244
-0.5576
0.2927
4.5846
0.6552
-3.6477
-1.5853
-4.6548
-0.1832
0.0522
1.3156
1.1003
0.1237
1.7482
2.9735
-0.6921
-2.1193
2.7261
-2.22
-4.6753
-14.6792
-1.1185
0.6223
0.7696
0.5283
4.7781
1.816
-1.2307
-1.4611
1.1711
-0.2356
-0.2356
0.3632
1.8331
0.33761
-0.71994
NA
1.04033
0.62943
-0.61022
1.58905
3.01056
0.19553
1.58441
NA
NA
NA
NA
NA
-0.6655
NA
0.4736
1.1485
0.11078
-0.8507
-2.54588
-0.77703
-0.993
0.46169
-1.21086
1.0315
0.7514
1.4129
-2.887
2.4844
-1.75659
-3.6475
3.26937
0.2318
-1.96654
-2.59498
-1.1306
0.09866
2.7354
-1.3858
-0.107
1.8124
0.9363
-1.121
-2.4045
-0.0396
1.7149
1.7902
1.8521
1.7224
2.5888
1.7918
-0.4838
-0.8441
1.06453
4.33482
-2.96123
1.32099
-0.7413
2.038
-1.855
-4.6746
0.8211
3.5333
-2.7454
3.2082
1.6733
0.9038
0.1624
-0.3151
7.9811
-10.7613
-2.9278
0.3911
6.9881
-0.58497
1.87982
0.77876
0.14912
-0.63806
-0.11989
-1.10995
-2.7991
-1.28
0.16252
1.1713
-0.57142
0.6225
0.86606
-1.1381
-0.233
0.0388
4.763
8.9479
1.2313
-3.8569
0.4142
-0.2096
2.7129
-1.5038
-0.086
-2.01
6.79
4.64
3.17
-3.78
-2.8934
-1.0419
1.22
-6.2867
-5.8768
-3.9892
0.7833
-2.71567
-0.31757
1.44728
0.48988
3.6135
-0.4241
0.05688
0.56328
-0.93803
3.1022
-0.31865
-0.43503
0.8712
1.52762
-0.4878
-0.46552
-0.75795
0.2907
0.3162
1.15311
-0.08724
1.69322
0.13546
-0.033
-3.3499
1.7591
0.29185
0.2347
-0.4789
0.1172
1.3872
3.2981
-3.7709
-0.0672
0.127
-0.9976
2.1957
-1.046
3.9949
0.9003
1.4544
-0.5359
3.4005
0.5708
-2.9591
-1.2287
-0.1227
-2.4765
-5.2245
1.4988
0.8979
-1.3339
-3.1322
1.1167
2.0909
-1.6702
-2.4073
0.7044
-9.6123
0.0492
-0.1913
3.8108
0.9376
0.0977
2.441
-3.4241
-0.259
0.9108
-2.2404
-2.5186
5.6058
-3.0521
-3.2587
-18.6575
4.879
0.1633
-1.2546
0.9134
0.8515
1.6896
-0.5883
6.6582
-3.5676
0.9579
-1.1736
-2.2643
-7.1905
0.4695
1.7591
1.5765
2.9644
0.1051
0.2158
-2.8124
-1.4566
-7.0489
-4.9056
2.0389
-1.7497
-0.4688
0.0368
-0.2506
1.8635
-8.6211
-2.0509
-0.3015
2.8802
2.6564
0.8657
-1.3076
0.6543
4.7924
-1.2955
-0.9588
0.7056
0.5164
2.2668
0.305
2.4613
-0.1007
0.661
-1.2236
2.1709
2.0878
-0.6772
-4.8665
4.8189
1.6184
2.0885
0.781
1.1533
1.892
-1.3763
-3.8153
-2.4534
0.1072
1.4487
-1.7878
-0.7233
2.2395
4.0618
-1.8224
-0.8728
-0.1287
4.0689
-2.2908
-2.5234
-0.9574
-3.4255
-0.6966
-0.0381
-0.7925
0.8472
-3.9818
-3.862
4.7427
-3.9485
5.5235
1.1804
-1.1132
-1.1671
2.8443
-1.174
-1.0113
-1.893
-1.9315
0.0526
-1.772
3.9422
3.3194
1.2182
1.5821
-1.2218
-1.7804
-0.1904
0.3495
-3.3827
4.3683
-3.1959
-5.4807
2.041
0.5618
1.8568
0.6088
2.7548
1.1374
-1.6613
-2.2796
3.3047
5.8711
7.5245
2.7828
1.7171
-1.8321
1.9162
0.1199
-2.1398
-0.2926
-1.1012
-2.3146
0.8744
-0.0162
0.3744
-0.7548
9.90981
-15.32145
8.70813
0.7274
0.6038
0.2621
2.5537
-0.7987
0.6058
-0.534
-2.1574
0.686
-2.1858
5.5172
1.034
-1.471
3.5983
-3.9491
4.6417
0.32094
-6.59107
0.5221
4.4131
-0.9319
-4.3147
-3.0701
-0.82711
-3.84427
0.87198
-2.11216
0.09884
-1.95664
2.33911
0.672
0.14369
-1.05833
0.8718
2.21161
-0.118
-2.75934
-2.65714
-1.4344
-1.1692
3.75704
-2.3771
-1.32713
-0.7912
1.67257
1.60166
-2.0945
-1.2163
-0.6118
-0.22174
1.87
0.68462
0.33711
-0.5707
0.54031
6.4014
-2.5828
-8.5184
8.54195
5.58527
7.07522
-1.0532
-1.2049
-2.3133
-7.0496
-3.6233
8.1908
8.1908
2.96423
-1.28452
-1.1582
-1.6649
1.4551
-3.38776
0.6631
1.27234
6.25899
-6.10192
-1.79879
8.49676
1.3886
-1.99239
-1.7896
1.71113
0.5122
-2.57155
-2.7864
-3.39776
-0.03916
5.1199
-0.23193
1.22859
3.57423
-0.83573
6.2838
0.48926
-5.81568
-1.6018
0.5294
1.5455
0.448
-1.977
-2.3016
-1.058
4.6615
0.52
-2.5112
-1.7601
-1.9021
-3.0696
2.8484
-0.6495
3.084
0.108
-16.1442
-1.2895
1.8625
-2.9103
-1.9576
-0.2253
-0.0242
2.1087
-1.3114
1.3895
-0.5157
-0.7862
-3.5887
2.9721
-0.1556
1.9605
0.5915
-1.7987
-4.1713
-0.8405
0.1837
3.5574
-0.6395
-0.979
-0.7065
0.561
-0.4405
2.7176
1.36
-2.61
0.684
-0.558
0.532
-5.3
-0.218
-1.29
2.46
4.33
-0.662
-1.13
-0.109
0.893
-1.23
-0.0714
1.96
0.219
-2.72
0.325
-0.371
-0.901
0.342
0.255
-0.537
0.671
0.207
-1.16
0.29
0.154
2.78
0.0692
1.15681
2.97769
-0.21353
-1.87722
1.4304
1.42691
-1.7137
-0.0837
-0.0428
4.34191
-3.399
2.1371
0.28011
6.10971
-8.5244
-0.78582
-1.33745
-0.1214
0.8491
-0.6245
1.4698
5.4598
-2.4369
-2.5161
-8.9099
9.2385
2.799
-1.4832
2.9861
2.4723
-1.4364
-0.4923
-0.3339
0.6497
-0.537
0.8646
-1.3996
-0.5394
-0.474
-0.5047
-1.1864
1.4245
-1.141
-0.833
NA
-0.03816
NA
-1.864
1.0443
-0.8135
2.2894
1.3074
-0.4873
0.5701
NA
NA
-2.1881
2.099
0.5852
-4.99696
-5.44511
0.36563
-0.3848
-0.4138
-0.2988
-1.89264
-0.95843
0.7819
0.2795
0.57872
2.20403
-1.74188
-2.82885
-0.96125
0.33648
2.1045
0.7984
1.4402
2.80991
3.95625
0.01111
8.35018
-0.23275
-3.2771
-1.29957
-0.85461
-0.61318
-0.6644
-4.5759
-0.14226
-1.13781
3.70592
-4.97324
1.18188
3.82077
9.5473
-3.3816
-1.609
-8.27806
1.8732
0.8413
-1.3709
-2.3324
0.511
2.7261
5.0058
-1.3961
-0.0997
-0.106
0.7701
0.4296
1.2657
1.3721
1.5311
5.8803
0.9265
0.9818
-1.0217
0.607
-2.6944
2.5229
0.1776
-6.1727
2.135
-2.0602
-0.502
-0.551
0.6305
0.6518
-0.9275
-0.3854
-0.0902
0.6809
1.8652
1.6497
1.2008
5.8363
5.2914
0.6874
4.3456
-1.4155
-2.674
-1.6544
-0.5228
-3.8845
0.5165
0.16335
-7.01475
0.7277
-0.6636
0.26298
-4.40245
5.5333
2.82447
1.3447
-1.6746
-3.66793
1.60543
-0.40794
3.0879
-0.35646
1.75238
0.8224
5.45568
5.4048
1.19935
-0.20369
-2.02077
0.124
0.10004
-1.32694
-1.89994
0.34444
-1.9414
-4.5885
5.22127
3.61139
-4.13416
-6.79645
-1.3845
-1.54268
0.7533
-0.28812
-1.0647
-0.15101
0.20989
0.77159
-7.9614
0.2411
0.3914
1.1186
0.2102
-4.15236
2.07264
-21.4364
-0.4575
0.03143
-0.7051
2.03951
-9.8984
-0.0908
-0.8934
-2.32608
3.18829
-0.0094
-1.2361
-11.7104
-1.6834
-1.0263
1.27
-2.953
-9.00992
-3.8245
4.2376
-2.2425
-1.1702
2.04584
3.5511
1.2315
-0.49742
0.7698
3.0611
-0.7834
-1.3447
-3.1249
2.0911
-0.6504
-0.7349
-0.763
0.00138
2.4829
0.24197
0.3944
-0.6037
0.8349
-0.05934
3.7132
6.6922
-4.9082
-1.4597
-1.9445
-2.0198
-7.4561
1.532
0.7445
-0.8204
2.39321
-2.5736
-0.378
0.4094
2.58532
0.2245
0.35724
-3.02588
2.81152
-0.5904
-0.7285
-0.24129
-2.4716
-0.6606
1.64973
1.5605
1.34071
0.2463
0.79561
3.2309
1.8481
-2.41828
1.3216
-0.11789
0.283
-0.2136
0.8287
3.5548
0.4788
1.338
-3.3323
0.9946
-4.3431
-0.3376
0.537
1.19611
0.63494
0.7939
-1.4919
-0.9279
-0.16297
0.77103
-2.66406
0.3416
1.5118
0.73224
-0.05477
-0.3801
-0.8883
-0.1406
-1.2955
-0.16685
2.6385
2.9078
3.0903
8.502
4.8201
0.2502
1.2912
0.8751
6.0959
-1.7943
2.6794
-2.7915
0.18488
2.08957
-1.4057
8.2024
-0.17
0.8846
-0.933
14.1681
1.8625
-3.23534
0.847
-0.7378
0.6239
0.69
-0.809
-0.73722
0.6451
0.9013
2.4981
3.789
0.0314
1.9013
0.17583
2.00586
-0.8018
-2.40858
2.66987
1.10263
-4.8235
1.938
1.51683
-1.6281
1.2335
3.8773
1.42
0.36925
-1.53508
-0.7927
1.71335
2.9916
1.3006
-1.418
2.9828
0.56729
1.74845
3.3579
3.2682
-1.54
0.0778
-2.5406
2.6475
-1.0402
0.97039
1.3365
-2.19621
2.4995
-6.7248
1.3485
-0.498
-5.5544
0.161
3.03
0.8328
-0.5344
4.8953
2.6548
0.131
1.0489
0.2471
-1.7379
6.1134
2.41638
0.5875
1.7249
1.41992
-1.2676
0.80074
-0.4477
0.4766
1.2222
-0.2024
1.20623
0.158
-3.70376
0.22656
-0.6316
0.0851
0.1847
-2.6021
2.3736
-1.6217
-0.6613
1.50701
-1.0137
-0.8681
-0.17045
-1.10412
-2.9535
-2.9316
-0.2072
2.1974
0.3363
-1.5741
-1.5311
0.7322
0.10456
-1.6808
0.5385
2.16
6.35
-0.635
0.555
2.0222
2.14
2.73
2.0479
-0.6132
-0.3249
3.5058
1.31
3.8461
-2.9582
-2.00374
0.0894
-1.01203
3.07688
-2.9047
-0.5797
0.5033
0.76222
0.1647
7.23373
-7.1491
5.7461
0.9461
2.0155
-0.5097
-1.7451
1.1573
-0.666
10.953
0.5388
-6.0739
-0.1122
2.70199
1.6054
-6.3583
0.632
-2.1
-2.44544
0.7326
0.1162
-0.92
0.517
-0.43101
-0.5868
1.8725
-1.0646
-1.5554
3.05689
-0.0992
-4.6568
-6.8261
0.1934
-3.14096
-1.1617
0.3532
3.0923
1.908
-2.4182
1.4272
2.5853
0.403
-1.37027
5.3007
-1.6002
3.16122
-0.5617
0.4423
-0.6788
0.3895
0.3297
-4.8594
0.02333
7.38747
-5.60523
0.8328
2.28786
1.9014
6.9041
2.12852
-6.4356
-1.11
1.34
0.557
-0.0909
3.0884
-2.33852
1.23
-1.23
5.2206
-9.62
-8.06
0.47069
-1.4158
-1.204
0.06527
-0.40429
-1.3806
-4.937
0.5297
2.1806
-1.4518
0.5698
2.9809
0.8258
-1.14
2.29949
-1.0771
0.9741
3.2635
1.53006
4.8876
0.4971
1.898
-1.1585
0.425
1.4504
0.5514
0.76849
4.7809
-2.2034
4.6819
-3.16318
-0.2686
5.2915
1.192
-0.34155
0.94615
12.2448
-0.842
2.4104
-0.9209
-1.88218
-2.77283
1.07328
28.7964
0.6764
-1.6213
4.15621
0.18455
0.428
3.52
-2.69
0.8148
-3.1946
1.8832
-0.64746
3.50817
-1.68889
-4.8495
-0.45057
0.0599
NA
1.8818
5.1107
-2.514
-0.23066
-1.0922
3.2078
-1.03188
-0.64
2.289
-0.12422
-2.7028
-3.3721
2.076
0.7041
0.1012
-2.29467
6.118
-0.6591
3.67
-3.34835
0.9488
-1.6185
0.5795
1.76552
-3.1433
-4.2887
-1.4525
0.6663
-3.2449
2.9462
-0.4319
2.8149
2.4122
0.74908
-2.1243
2.793
1.9671
-0.11384
-0.3472
17.74805
-3.4294
2.858
2.0807
0.02561
-0.1678
5.278
0.06753
0.56946
1.1606
7.9599
-0.7066
0.1937
2.0136
-1.87182
3.8591
1.5092
-2.98929
0.9387
-0.7175
-0.924
2.39
-0.9505
1.5815
-0.3367
-0.8903
0.6938
-0.2629
-1.0841
-0.7077
0.9256
-0.5648
0.3083
1.3576
-5.6845
4.0978
-2.1085
0.0488
5.5623
0.0554
-0.0014
-0.6972
-3.387
0.4389
1.9283
-4.3971
0.1097
2.4814
-1.3552
2.044
-0.5102
-0.3892
2.7586
-0.3291
10.2336
-2.23925
0.34991
2.92326
-2.1887
-1.68
-1.9729
-6.4595
1.9279
-2.34226
-0.4026
5.97
-3.11564
2.8621
-2.6635
9.24693
-3.0089
-1.2719
0.1452
0.3534
3.0789
-3.0509
4.9622
1.26666
3.7086
-1.0416
-2.3149
-2.7833
-0.36535
2.43068
-3.31579
-6.42
-7.87
1.22
-2.7359
-0.5149
-0.914
-3.4111
-0.5073
-4.2209
-3.3903
6.3129
0.7102
0.6268
-3.5377
2.1175
3.2223
-2.1024
-0.907
-3.111
-1.3319
1.7128
8.5025
-12.6205
2.6218
0.342
9.6741
0.0835
2.2051
NA
NA
1.83315
7.1498
-3.1501
0.2696
0.559
-7.0569
1.6345
-1.5293
0.1777
1.5891
-0.4432
2.39141
0.0674
1.4501
-0.03257
2.5167
-0.8397
-2.6378
-1.4121
3.3774
0.0274
-1.39064
-1.3856
1.36325
-6.66144
0.53595
2.33552
0.9731
0.74153
1.5956
1.7846
-0.31959
1.5092
6.28682
-0.10042
1.70873
2.30265
-10.8591
1.98165
2.28497
-2.2886
-2.9162
-5.7411
0.4471
0.23769
2.1566
0.85195
1.33926
1.29181
-2.22272
-0.82319
0.82526
2.41129
2.77288
1.4606
1.8572
-0.1679
-4.93719
8.08604
-1.2859
-0.4698
-1.37239
-2.42763
1.86036
0.36693
0.45007
-0.43303
-1.704
1.92046
-0.0799
2.26909
1.46834
-1.309
-3.1495
1.9675
-0.37495
-0.2734
0.91689
2.8413
9.0194
0.9015
-1.8266
2.1802
-0.4485
0.0456
-0.1017
0.3806
0.9812
3.3898
-2.185
-0.4435
-0.924
2.1862
0.6752
5.45429
1.10602
-5.2481
-1.7564
-1.60643
-1.4509
-4.18799
5.88054
0.33198
0.2215
-0.8981
0.4782
5.3139
1.644
-0.6873
2.276
0.0012
5.42122
-0.05365
1.3546
-3.06096
-0.20834
0.343
-1.0172
-1.8602
-1.84198
-1.73
-1.64348
1.8453
1.4701
0.356
-1.86725
-0.175
0.103
0.845
1.3255
2.4274
9.2486
-0.155
-4.052
-0.675
-1.59
-0.7444
-8.6
0.5666
1.5084
2.2489
0.703
1.16
2.1355
-3.5574
-2.2094
-2.38
0.542
-2.5143
-2.1543
2.42
2.5
1.59924
-1.65
-0.37
1.38
-0.391
-3.3288
-2.10495
-11.9
-7.33
-5.04
3.12
2.51
6.022
-1.74199
0.0525
1.02
1.12
1.0448
-0.949
0.0269
-0.048
-1.07
-0.0819
-0.363
-0.932
3.97
-3.05932
0.49854
5.47
0.915
0.225
-0.187
1.98
-2.36
-6.08
-0.07713
-12
1.9059
-0.146
4.36
-1.65837
0.1684
-5.60722
-1.5456
-0.59874
-5.94599
-6.96637
0.51805
-1.79198
-3.1932
2.08
2.4
0.00869
3.75
-0.931
0.302
2.32
-1.68
0.0686
-0.134
1.14
1.3
-1.7815
0.08609
-0.58256
1.7871
2.48735
3.06147
-0.80591
0.21092
-1.03931
1.56595
3.0969
-0.56531
0.60468
2.7065
2.1132
-5.5452
-0.911
-1.5472
-1.5043
-0.7132
0.534
3.794
2.333
-5.3303
-2.3796
0.1985
0.6206
-0.2591
0.0103
0.52436
1.64296
-2.4143
0.9172
-1.0439
0.68209
-0.0936
2.0757
1.2064
2.0757
-2.40243
2.3052
2.5304
4.057
2.8927
-0.4337
-1.994
0.3328
-0.30655
1.34556
-0.1367
0.93883
-1.18546
2.58041
-2.36268
0.05034
-1.7029
2.2962
-0.6974
1.0655
-1.3474
1.53828
0.4979
-1.3483
1.05082
0.39997
1.4985
0.3139
-0.38021
3.13128
-3.85609
4.982
0.9383
-0.98677
-0.738
-3.22782
0.24267
0.2904
0.9505
0.10443
-2.1944
1.2306
3.65459
-1.21358
2.4891
4.60883
-3.01343
3.31402
-1.00986
1.54352
0.731
-2.498
-3.9838
-4.0161
-1.193
1.9383
-1.8658
-0.1252
-0.6365
-1.2041
0.9294
0.2394
0.3628
-1.7283
-1.8815
-1.1689
-0.1997
-1.1845
-8.8414
-1.85961
2.3668
0.9248
0.5203
-0.3289
-0.4766
-0.4946
1.8232
-4.231
-0.07062
-0.2698
-0.2652
1.87222
-0.1016
0.7015
2.1285
-8.2039
2.9593
0.0291
1.0434
-7.8059
-7.6098
-1.2169
0.923
0.3545
-1.3818
-0.9053
0.4557
1.8346
0.606
0.7098
0.5329
-1.5825
21.2438
-2.45463
-0.92736
1.8429
1.8544
-2.05845
-1.3408
0.7285
-2.05945
0.22893
2.0227
-0.1181
-0.9804
5.88109
-1.6502
-2.6295
2.5856
-1.6839
0.2576
-5.2558
0.1273
0.0883
3.7503
-4.1904
3.0896
1.9879
-0.7923
-1.40587
0.7075
-0.93128
-1.9118
3.76415
-0.90512
4.4301
1.16061
-0.1944
4.1848
2.5758
1.487
7.86209
-1.6311
-4.36408
8.6004
-10.89508
3.28977
-0.8865
1.6362
1.9962
-1.8063
1.36077
-0.15467
-0.3799
-0.5447
1.54596
-2.3748
1.4548
-2.28955
-0.4784
-1.4212
0.2096
0.42695
3.682
2.7484
-2.398
-5.7425
-5.7873
1.7008
1.0204
-1.3855
2.48602
-2.9029
4.8305
2.7678
1.803
-0.9574
-5.2047
-4.6559
-0.22286
3.94929
-0.57799
0.9313
1.59348
-0.09789
1.771
-0.076
0.21771
-0.51066
-6.6922
2.3298
-4.03668
1.3712
-1.2758
-1.5839
-15.20494
0.46743
-2.621
0.22883
-1.9634
-1.4749
-2.7797
0.46263
-12.10552
5.90593
-0.825
2.1899
1.9941
1.0685
3.2202
-2.1707
-0.2519
-0.352
2.1252
0.63357
-1.3845
-0.3047
2.8519
-0.7738
-7.8869
1.3881
-2.1209
-0.1928
-3.70481
0.7089
9.1292
4.0269
-0.5794
2.6799
0.6586
3.1999
-2.4757
-1.79518
-8.4457
-0.9052
2.0861
-12.51276
10.97896
3.8967
4.5342
-0.3471
0.4134
1.3953
-11.3982
2.0157
0.8919
-4.28131
2.2767
4.6472
2.7645
-1.7229
1.3357
1.745
-0.471
-0.5374
-0.6891
1.0634
-3.4835
-2.2162
2.9479
-4.8699
1.8606
-1.8521
1.2769
0.2209
-6.1909
-4.4752
-3.261
-0.2082
1.233
0.2322
-1.065
0.13202
4.3155
-1.52472
3.35719
-0.0644
-6.0066
2.3333
0.4156
-1.864
-3.4885
-0.2267
4.7709
4.0228
1.1685
11.5364
-1.2191
-0.2233
0.9963
0.5591
2.1994
-7.0626
2.1512
-1.2981
2.4364
-2.7655
1.6642
-9.1066
11.5744
-8.2425
-5.5522
-1.2949
2.9647
-0.2188
-1.3832
-1.3489
-1.8146
2.1991
0.2817
1.9855
0.9584
-0.999
-2.4405
1.4005
0.8427
1.3545
-2.3989
1.3653
-0.8722
-1.7483
1.5376
-2.34454
-1.4317
2.0983
-2.1341
4.6506
-0.3152
2.4048
3.7436
-1.0877
2.7422
-3.8981
-2.3676
1.238
5.6027
0.6291
0.4253
-1.4796
1.4582
-0.6741
-3.2492
-2.93798
3.59428
3.73
3.85
-4.05
-1.86
-1.91
-9.0582
-2.7299
-1.12479
0.45599
0.11785
-1.83117
1.4112
2.7921
-6.46
-0.1668
0.53744
-2.17
1.7559
-14.1
-8.66
-2.0821
-8.16
-2.53
-1.65
3.7
2.98
-0.4994
-5.12
-2.48
-0.7466
-6.5254
NA
6.9988
4.2759
-1.5047
NA
4.3848
-1.827
-0.1297
5.3662
4.8569
-1.6236
1.4811
1.73188
-1.3143
0.9534
0.0648
0.8217
NA
-0.16496
1.4232
-2.017
-0.1253
-0.4906
5.07215
2.5978
-1.1849
-1.5657
-4.70363
-0.0979
-0.934
-1.29359
0.2884
-9.8744
-8.1434
2.0833
-2.3097
-1.43124
0.586
0.3605
1.21354
0.8489
-0.1158
-2.2396
-0.04654
0.2027
-4.7762
1.032
-0.5557
-0.3358
0.01973
-2.3547
-2.8652
1.0358
-0.3671
1.0897
-3.25
3.0641
-2.2976
0.6292
1.4409
0.9091
0.6607
-0.1306
-1.04423
0.2122
0.4816
-0.4843
0.2165
-1.8141
-2.592
1.24236
-7.4651
2.9712
-1.85
-0.5537
0.6655
0.401
0.749
-0.689
-7.6033
-3.4765
8.9176
-1.0828
-0.0977
-3.8853
3.6448
0.1388
1.3218
-0.4373
-1.41934
1.7669
-1.5909
-5.0521
2.4596
-1.3904
-4.65639
-0.6694
0.2337
-2.343
-0.4554
-1.05364
-3.1411
-0.3379
1.8775
-0.1807
2.9321
0.8476
-0.4701
-0.84277
1.22
-0.0158
0.93562
1.15
0.6255
-1.76404
2.27324
1.41
0.49416
0.6992
-11.7585
-5.322
-1.64
-1.7366
-0.3979
-1.5213
0.4436
-2.4584
0.1219
0.67086
4.0066
-0.6385
-1.6137
-3.9029
5.5905
0.3729
0.00299
2.0538
1.7446
2.1843
1.69
-2.48638
1.2585
0.1569
1.18597
0.62848
1.9113
0.61642
-8.45734
-1.23705
-2.7004
-2.33956
-0.299
0.2389
3.2611
-4.1622
-4.4723
3.97636
3.1983
0.2026
NA
0.2463
0.1114
1.6978
-2.4114
-0.8315
-3.045
3.02
2.9155
0.56071
9.6443
1.3816
-0.7335
2.5758
-1.03661
-0.3443
6.2249
-0.0947
-3.24389
-2.6347
3.0665
1.6823
0.948
0.00154
-1.1689
0.4858
0.38
-4.2327
1.04544
0.78175
1.5565
5.52668
-0.62643
1.307
-0.55442
-0.3847
0.6634
0.96456
-2.79724
-3.6031
1.4743
-1.5618
3.2122
3.80904
0.353
0.0783
2.1344
0.0689
3.75
-2.1592
0.232
0.80297
-0.78548
5.0135
0.0298
-0.006
2.352
1.18736
3.583
0.63
-4.0232
1.19665
1.3057
0.3205
2.8406
-2.2799
-1.4952
-0.4956
0.8822
0.3411
0.3272
1.29077
-2.6425
0.20554
1.7871
0.33961
1.0664
1.57612
0.0717
-7.5378
2.32773
1.64087
0.17
-8.2937
2.3618
2.773
1.0905
-1.216
-1.0971
0.8502
2.1125
3.34
-3.6698
3.6698
-1.2804
-0.221
-1.4075
1.40649
-2.8626
3.1014
-1.7838
0.9244
-0.6042
0.2747
1.7591
-3.8163
-3.1998
-0.6231
0.2156
4.63
-0.5022
-0.613
-0.5894
-2.46
5.0178
0.2092
-1.3766
-0.5077
NA
-1.71445
2.43
11.7546
2.2919
-0.21834
-1.053
-0.7646
-0.8483
-17.78168
-1.1136
1.223
-2.7857
-5.2558
-2.03862
3.87
3.74106
1.14362
-3.8891
-0.9924
-0.0385
-0.2812
-4.20838
-3.3843
1.7031
0.82482
-0.7817
-10.6678
8.40846
-0.0949
0.4019
1.3927
-0.29034
0.23818
-1.3861
1.85191
-1.5452
-0.6335
6.0988
2.0878
2.7666
0.34783
2.9486
-1.52
0.5619
2.3996
-10.3739
-0.3241
0.8517
-0.54004
13.4001
-4.3852
-0.3886
-1.4917
-0.3242
-0.16
-6.1658
1.08
1.3259
0.2465
0.1282
4.79341
1.18947
2.453
0.46862
1.36
0.602
0.1198
0.2877
-0.10133
1.37
4.16
2.4973
0.1444
0.2375
0.7916
2.5983
0.6965
-8.7905
0.232
0.8113
-0.7504
2.03159
1.02
2.37487
-2.175
-3.4709
-3.45
1.31
-0.1289
-2.931
2.6707
-0.862
1.8556
-2.8186
-1.315
8.75436
2.6332
-1.001
1.1112
2.37
-1.26496
-3.17256
-1.0226
0.3775
-3.267
-2.5027
3.92
-0.2274
-2.4895
-1.637
0.686
-2.7167
2.0703
1.35
5.41
-1.1108
0.79852
-1.4134
-0.9364
-0.0899
0.8528
-1.02782
-1.2487
0.239
3.1084
-0.9107
1.1654
-3.6988
-2.5405
0.6517
1.2535
-0.1884
0.5955
-0.6516
0.5572
-3.18213
5.99
7
-0.2509
0.09986
-0.428
-0.695
1.5607
-0.6901
-1.525
0.43445
-4.5826
1.73005
3.56131
1.66
-6.4
-23.64127
-2.4725
1.38
1.18
-1.77
-0.2305
-0.54
-2.1081
-0.869
-2.16
-1.124
2.10543
-3.91131
1.22
-1.01
-0.728
2.2322
-0.0961
-0.98708
1.11184
-9.7705
7.78
0.3474
3.11882
2.2163
-1.23351
-2.2294
-0.4805
-2.3046
-3.01903
-1.5717
2.7772
-1.2569
5.00211
-0.1613
-3.66424
-6.49585
-6.02362
0.2364
0.84739
0.5578
0.6483
3.414
-0.826
1.4836
-1.7163
-1.0615
-2.78519
-1.66571
-2.5775
-0.39075
1.58195
1.30082
2.36763
2.47308
1.9892
6.8767
1.7982
0.8805
-4.0489
3.5312
4.6224
-1.1255
-0.6647
-7.19
0.6106
-0.8158
0.0247
1.2883
0.7565
-0.000646
1.31968
-2.5935
-2.2571
0.613
0.4895
-0.1476
-0.4158
2.2218
-0.459
-2.0062
2.33212
5.6852
-2.101
-1.859
1.146
0.5381
-0.0849
2.8408
1.0458
0.06692
-9.2012
1.23214
0.112
-0.08555
1.90535
1.9932
-1.4572
6.4456
3.3135
-1.3834
0.7693
-1.5493
-19.5955
0.1057
0.7015
2.794
-1.4172
1.5641
0.1934
7.9327
4.5498
1.3587
8.4428
-3.838
-2.3888
0.8112
2.6407
0.9682
0.7789
-2.6434
-1.5749
-1.3369
-3.7222
NA
0.706
-5.09822
-0.8352
-4.5392
2.4345
8.3889
-2.33798
0.7497
4.8529
-0.5965
0.18372
1.1044
1.57727
0.674
-1.7875
7.672
12.4388
3.5317
0.6504
-5.7247
1.2054
0.85352
1.9681
-0.453
2.85
0.2688
-5.2865
-0.429
0.9347
-1.51622
-4.85736
2.5156
-0.509
-3.2481
-0.1698
2.1223
-1.09
-2.1356
1.26715
-3.8074
-1.35797
1.4079
-3.5478
-2.18
-0.53409
-2.72793
6.9071
6.5452
0.0735
0.351
-0.1962
-0.6388
-0.31441
4.99681
-1.4026
0.1768
5.35745
0.4742
2.81176
-9.9217
-2.2557
-37.4592
5.7554
-1.9796
0.7935
0.2391
-0.91621
1.97
-1.29
-0.612
-3.091
-0.187
-1.376
9.8605
-0.5152
-1.84
2.1366
-2.1912
1.4791
-4.0324
-22.6961
0.603
-0.0338
0.5186
1.07
-1.3196
-2.0178
-5.77451
3.4252
-0.46397
-1.2531
6.5509
-2.53
-0.1368
1.8413
-0.372
1.0328
0.2411
0.3095
3.23225
-18.7416
0.4588
-6.4002
-0.4818
1.6803
1.4126
-1.7616
-0.45
-1.5219
0.5124
-0.91886
0.0814
2.27317
-0.23769
2.4238
-1.185
-9.009
2.6719
1.04179
-5.7577
1.8731
-1.7887
-1.3902
-2.1993
5.99
2.7136
-0.502
-0.4113
4.8096
-2.43487
-2.35
0.99345
3.56225
-2.1441
0.2392
3.1604
-0.2449
1.5216
-1.8325
2.1046
0.1082
NA
0.1871
-1.00082
1.5208
-1.07157
3.3697
3.5791
-1.74355
-0.14866
-0.4737
-1.76258
-3.6287
-2.2359
1.21781
-0.4504
-3.1815
-4.0947
-3.2375
0.11877
0.9664
-4.4814
1.1764
-0.07919
-2.4247
0.61293
4.184
-8.4039
0.1866
-0.8321
3.037
-2.4857
-1.1678
1.0679
0.5077
-1.4115
-0.8671
0.28219
2.8801
1.5086
-1.0424
-0.951
0.6255
-1.39674
-1.19
0.9848
1.62
-17.5
8.7186
-4e-04
2.3277
4.2346
1.00105
-2.2256
1.4609
0.33004
-1.4557
-0.58935
0.1842
-1.0211
-1.1365
7.75
-1.993
-0.08556
-3.2143
2.0986
-0.01404
-0.06811
-3.5677
-0.2969
-1.7299
-0.1757
-1.4124
1.2738
-0.3081
-0.4763
0.604
-1.9471
-2.1567
-5.3069
-2.0324
6.22276
-0.0821
-0.4658
1.76404
-6.316
-0.2803
1.2522
-2.8929
-3.0005
0.4689
-1.9331
-9.5486
NA
-3.4247
-1.5847
-1.4607
7.60804
NA
-0.48636
3.2614
2.2122
9.4017
0.493
-0.8569
-0.7837
2.9566
1.2611
0.06762
0.0459
-3.0773
-3.8202
0.13527
7.6467
-1.4716
1.091
-2.30897
0.95514
-0.5986
-1.4799
-1.1313
9.1337
4.14103
0.9476
-0.09258
-1.75736
2.6285
-0.8115
0.5989
-1.6889
-0.924
-1.063
-1.4914
1.69
0.7201
-0.0664
8.7102
-1.371
2.2101
-3.3846
1.581
2.1187
-0.3972
3.9288
1.5199
1.7483
5.3034
NA
0.6625
1.7123
-1.3802
2.572
-2.0676
-0.4215
3.7492
2.3799
0.90108
-0.4225
1.4281
-1.5958
-0.2207
-0.57885
0.7463
0.9779
0.36977
-1.0763
4.1694
1.4328
1.92964
11.5692
1.9519
-1.2272
9.36494
-1.3012
-3.73533
0.678
NA
3.6452
4.0081
0.1046
-0.0804
1.1814
-0.174
0.7658
-1.25016
0.384
-0.4031
1.6745
0.1101
1.3717
-0.0725
-0.99342
-2.22506
-1.7165
0.9973
-1.8197
-0.5295
-1.306
5.3742
0.2729
-3.172
1.8891
2.2298
-0.19749
0.607
3.17799
-0.8423
3.6671
2.7627
0.734
0.48537
0.05608
-2.1908
0.0879
3.9938
-0.9097
-0.57507
-3.7882
-0.26362
-3.6333
-1.8338
0.18001
1.98884
-0.0613
0.4824
0.5858
-1.3795
0.7469
2.4232
1.91468
3.08201
-0.1754
2.1264
-0.1208
0.9198
0.04625
-1.5066
0.9307
0.0532
-4.6917
1.24477
2.64127
-2.5184
-1.06363
0.97408
6.1529
-0.2058
-0.9243
1.2
0.19664
-0.1741
-0.0346
-6.508
1.25
1.33959
-0.43977
5.8531
1.9878
-1.817
-3.1793
2.89035
9.45847
-0.3923
4.0447
-0.0967
0.2139
2.8072
-2.09707
0.1808
4.4701
-0.5304
0.679
-0.46603
-1.34786
-0.9164
-3.1646
1.5902
10.8146
-2.72255
4.20911
-0.9648
1.1216
0.0833
-1.2943
0.9621
2.0701
-2.21194
-0.78568
0.2004
0.57789
1.0564
0.2278
-5.327
3.7602
0.3911
0.8998
4.0973
2.9029
5.8377
7.3413
0.3442
1.08452
-0.1241
-3.0235
-1.91931
2.3806
1.9163
0.9209
0.0222
-15.5446
-0.9331
1.14798
-2.0198
6.58211
-3.38055
0.0724
2.4925
0.279
0.3441
0.4585
0.068
3.6165
15.8439
2.39235
2.2852
1.52711
1.6043
0.7591
7.65475
-3.39
0.7259
1.3165
-1.7551
0.59639
-4.51775
0.79308
-0.3271
0.7124
4.27607
1.0551
-5.9002
-3.0813
0.57324
-5.0291
-0.0397
-1.9449
1.2477
0.8854
-0.236
0.8266
-1.0436
-1.3231
-3.12
-3.4014
0.46115
8.33275
-0.1208
3.94439
-5.4932
-3.2623
2.8681
0.1051
0.1171
-0.12489
10.72894
4.0112
-3.315
-1.1014
1.4325
1.4903
-0.17
-1.028
-0.2995
-1.52254
7.6319
1.9659
0.7455
-0.00519
-6.1484
-1.4706
0.0685
0.7791
2.0659
1.30658
1.04322
-0.865
3.3413
-2.6996
-3.385
5.38121
-0.1355
-3.2396
3.7387
1.8703
-4.9081
1.704
1.4156
-1.629
0.85181
2.1393
-1.90096
-0.9543
-1.7191
1.52
3.05372
-0.2225
1.0034
1.6104
-3.4166
2.1959
0.2748
-0.5262
-0.4515
-0.14223
-2.8025
0.52833
-1.2687
0.0202
2.7249
0.78854
-1
-0.862
3.4109
-0.8142
NA
-1.3407
-0.7312
0.20778
2.0062
0.9693
-5.4503
-0.149
-1.9755
-4.0921
-4.4659
1.7093
-3.70545
-0.1456
-3.02208
0.57141
-3.53583
1.5487
-1.09397
-2.18
-0.2849
-4.2763
-0.8915
2.5178
1.8442
-0.90578
2.2604
0.17191
-1.5568
-15.31132
-0.8055
-1.9999
1.12993
0.215
1.143
1.162
-0.9535
-0.4668
0.4656
0.74422
-2.05206
0.74233
5.4932
0.8559
-0.28847
-3.0081
0.3085
-0.2444
-3.3
0.0619
-4.50888
1.6714
9.0696
0.12276
0.6165
-2.5511
1.4815
0.9847
-1.6371
-0.8039
NA
-2.2327
0.75164
-2.3882
11.8348
-0.23
1.38711
-3.1799
-1.16
-0.7436
2.5268
1.7269
-3.932
3.3304
-0.36158
1.6507
-1.7795
1.3227
-1.9307
-1.7223
2.31096
-0.8461
0.9232
0.7347
1.2094
-0.37675
-0.7573
NA
1.7429
0.8199
-0.3378
-2.00757
-1.6661
-1.8695
1.5637
-1.198
0.04093
-3.1
0.8337
0.0592
3.66131
-1.6787
-7.1015
-3.13281
0.7351
0.2029
-1.1419
-3.07174
-3.16132
-4.73515
0.7386
-1.02031
-2.8263
0.5267
-5.6448
-0.69255
-2.18001
-1.9767
0.904
0.8716
0.62903
1.00407
4.7698
-2.0933
-0.445
2.0929
3.35396
0.6352
-0.9661
-0.2654
0.3689
-0.3067
1.8832
0.5955
-1.55894
1.3832
-0.6928
-0.4421
-1.88069
0.25428
2.8012
-1.6879
0.8849
-6.39
-4.257
2.6336
12.8624
-0.39973
-0.1483
-2.30349
-5.8397
0.903
0.74227
-4.6146
-1.9782
-0.1469
-3.7215
2.0312
-0.6232
1.00212
1.6992
-5.3932
0.1979
0.7461
-1.036
-3.15911
1.5164
-0.6165
-0.6826
1.8239
-1.43791
-2.71602
-4.4236
8.826
0.9354
-0.96234
-0.7852
-3.0299
-2.74317
-3.3963
-1.85169
1.5779
-3.60919
3.39909
-0.47
0.03213
-2.0344
-1.6162
-0.8266
1.2095
-0.93442
-0.43505
NA
-2.89958
-1.13988
-3.32719
3.16001
-1.3985
-5.4332
0.3
-2.01282
2.969
2.67034
1.46166
-0.5614
-5.3018
6.9705
NA
1.6831
-1.01301
-0.1277
-2.1955
-7.3343
-0.81538
-0.7783
1.44568
-0.1129
-0.9267
0.64332
-0.0027
-11.1318
-0.449
-2.8923
3.18286
NA
1.73406
-2.5969
-0.8239
-0.0122
2.01737
3.2505
NA
-2.16455
-0.92732
1.57518
-1.0846
-2.6726
-0.403
-0.53104
-1.9023
-0.1994
1.8769
7.7641
0.4567
2.5176
-2.6728
-1.9052
1.5123
-0.22755
1.11303
-2.85
2.71
-3.8546
-0.0148
0.118
-17.256
-4.0695
1.07885
-1.12705
-2.7604
-1.21
-1.5914
5.1547
-5.42944
2.4318
1.9955
1.87151
-1.85702
0.185
0.0771
2.8464
-2.1657
1.09598
-1.2564
-1.9002
4.9969
-2.93386
-1.493
0.92331
1.6585
-1.4624
6.8219
-2.94569
4.3649
NA
-1.3821
-1.6262
1.2733
1.7178
0.27722
-1.4206
-11.85332
0.8527
-3.6179
0.1299
-0.5259
2.2228
2.57203
-2.3628
-2.15395
2.4569
-0.24773
-0.1452
-4.7884
1.99882
5.1444
-1.23
0.693
0.1719
1.95686
-0.6503
0.4414
3.702
0.1756
-0.2126
-3.01
1.2648
-2.2939
NA
12.4388
2.6234
0.2257
1.46
-2.7414
-0.5534
-0.7859
1.0448
1.0358
4.0371
-2.45046
0.46783
-4.6551
-0.2075
1.1863
-2.7646
-1.6859
-1.8228
1.51089
1.8022
0.3176
-0.4028
-1.6499
-1.8356
NA
-2.0957
2.857
0.2848
-1.7883
-0.6496
-1.0311
2.2749
6.0399
6.4537
-1.09747
0.8073
-2.5429
-5.1253
6.1801
-0.7074
1.0108
-1.0135
1.02107
-0.7812
3.036
-9.0823
0.293
-0.1394
-2.1347
0.21423
-6.1267
-0.8137
-2.2305
-1.3963
-4.5001
1.2675
-1.9414
0.1995
-1.81996
-2.1146
-1.6933
4.0814
1.2429
-3.3391
1.24
-3.43679
1.99325
3.31773
-4.1
2.4785
1.35219
1.9986
3.2208
-2.4882
-1.0206
-0.6597
0.6782
-3.702
3.0783
-4.8758
NA
0.4636
-0.334
NA
5.9926
-1.2415
2.542
7.2798
-12.25927
0.1639
-0.1314
-1.17
-1.66
5.0488
1.4468
-1.46039
2.4144
2.4195
4.685
-0.3616
0.6603
-1.3841
-0.5118
-1.6253
0.41302
0.82102
2.3122
4.4756
-2.1909
1.5038
0.3501
1.85067
2.68517
-0.8998
2.0615
3.9295
-0.46536
1.0814
-5.047
0.553
-1.7407
-1.6324
-1.98525
-1.855
-14.5561
1.9613
1.2058
0.43765
NA
-0.55093
0.3678
11.20318
0.7552
5.2198
2.1023
-3.613
-0.5924
-1.7306
-6.5781
3.01389
-0.9277
3.378
-0.3323
-0.42947
NA
-0.59136
1.63409
-0.133
5.8038
-0.0546
-6.0402
2.9566
1.68001
0.3587
-3.2013
-1.8635
-0.3402
-0.78698
-0.80259
-1.2774
0.9116
0.6213
0.8184
-4.34267
5.9476
-0.17
-0.7259
-4.0913
-1.424
-2.86437
0.5345
0.39211
-2.035
3.1733
1.41305
-5.4965
-1.9191
2.27626
2.08722
-0.3193
6.40895
-0.96174
4.41511
-1.51415
-0.211
-1.0939
0.46123
2.7445
1.41105
-2.8539
-1.6218
-2.2984
0.941
2.37306
1.0071
-4.7536
-2.43128
-3.5189
0.5086
1.0935
0.6653
-0.5771
3.1534
-0.42936
-1.84869
-4.46396
2.921
3.6879
-1.0681
NA
-0.0717
0.86324
0.5436
-10.7634
9.2821
5.1606
0.0327
-2.13884
0.6503
2.8605
-0.56672
-1.56311
0.4628
0.39761
-4.01132
-1.15851
-0.25265
0.54583
-1.33497
-2.0496
0.26203
0.31274
0.5792
-1.01124
5.3497
1.97127
2.6771
1.13034
-1.5554
-2.99566
0.1216
-2.4874
2.4043
-0.3082
-2.49993
0.023
3.0673
0.8711
1.4498
-0.00632
1.3334
-1.668
-2.9156
-1.5781
-0.43139
1.76263
1.74618
-2.37289
-0.96579
10.78537
-0.5159
-0.50465
1.23758
NA
NA
NA
NA
NA
NA
1.4494
NA
NA
NA
NA
NA
1.6484
NA
NA
NA
NA
NA
0.78773
NA
NA
NA
NA
-0.6718
NA
NA
NA
NA
0.8387
NA
NA
NA
NA
2.67259
NA
NA
NA
NA
-2.4913
NA
-0.7473
NA
-0.6255
NA
-1.7189
NA
1.49
NA
NA
NA
NA
NA
NA
5.0068
4.9741
-0.5858
-0.0243
NA
-0.33435
-2.7917
-1.70414
-3.2078
-2.4435
NA
-15.2388
-3.6482
0.3408
5.6335
1.1223
-0.107
-0.1822
0.97559
-0.9242
-0.042
6.3481
-1.6949
-0.0674
-1.7329
0.7137
-3.0891
-0.06028
-0.22204
3.2571
-1.531
-1.94404
-0.8343
2.0008
-2.6058
-0.6165
-0.5932
-1.7138
0.021
0.1602
-0.7925
-0.04366
1.1685
-0.3234
0.6681
0.6405
-0.9392
0.57886
-6.2001
-2.2048
-1.36461
-1.9709
-5.2182
-4.5817
-0.64657
-0.3918
0.4256
2.6497
0.8033
1.71555
0.3228
4.24131
4.6089
-1.0834
1.7327
0.5207
-0.65487
-0.58927
-9.3153
-9.8523
-0.4294
3.6381
3.5084
-4.06762
-0.8912
1.028
4.5114
5.7737
4.9996
-0.4916
-0.0828
-0.17091
-0.1692
-1.0544
-0.4755
-0.53143
-3.5838
5.8617
-0.5063
-0.504
-0.2293
0.144
NA
NA
NA
2.16
1.9
-2.51
3.6
-0.581
-2.9
-0.2689
1.18337
0.41344
-0.0441
0.0441
-0.1201
2.2818
0.2247
-1.129
-1.2548
-0.2647
-5.7046
-1.9597
0.8523
-1.2388
1.0034
0.2029
-0.5497
3.00151
4.2265
0.32796
0.7861
-0.25952
-0.5479
0.242
-2.1566
-0.879
-2.9738
-2.0595
0.0472
1.116
-1.7332
-0.8833
-0.8727
-6.2297
0.32359
0.4071
-4.7675
1.56192
3.6989
-1.8755
-3.6072
2.37746
-0.9315
17.26667
2.6399
-4.37844
0.99394
0.4751
2.1339
0.9702
0.481
3.4744
4.08
-0.39765
-2.8007
2.0306
-9.8663
-2.8693
-1.2283
3.0053
-1.25668
-1.08
NA
2.79
-3.7899
NA
NA
-0.1111
-0.6047
1.1766
-5.7556
NA
NA
-0.7348
2.0475
-1.5315
7.1953
-2.0384
2.8998
-0.7953
0.1113
-3.17384
2.1766
-3.4113
1.1423
0.1996
-1.4077
-3.1944
1.0654
1.6241
-2.4556
0.9949
4.5096
12.3249
1.565
5.20195
-2.48359
1.8769
0.5301
3.43915
0.1523
-4.3118
0.8401
-0.4049
-0.11247
2.07452
2.83
-0.2299
0.3461
2.3639
0.5445
1.85
-1.81563
-3.04594
-1.85662
0.846
2.82
-2.83862
0.91788
1.4813
-1.0309
-1.9207
-4.1919
-0.0924
-5.11433
2.7
0.75963
-3.1872
0.74803
0.0395
-0.5355
1.3001
3.8099
-6.6112
2.8048
-2.1289
1.5598
-1.37779
0.0854
4.5705
-0.8834
1.54207
0.84497
-0.56291
1.4056
0.1761
NA
2.9514
1.3868
1.98915
-1.74152
1.8691
1.8582
0.38604
-2.2427
1.293
1.8353
-1.62942
0.669
0.2709
0.7115
5.4401
-1.0233
0.1436
-1.38408
0.4156
-1.1998
-0.1042
2.7569
3.5772
0.50401
0.0096
1.2017
2.3308
3.4339
1.4259
-2.1317
0.19971
0.13543
-4.05
-0.06961
1.0276
-1.25383
4.00986
-2.7928
2.47861
0.46262
2.18778
-2.07155
NA
0.87897
1.37345
-1.08046
-0.088
-1.71871
1.2931
5.7531
-2.2371
-0.01151
0.9084
0.9852
-0.3312
1.05453
0.7353
-0.8707
1.8039
1.25576
NA
1.33856
-0.06353
-2.7218
0.7216
-0.05588
0.43752
NA
3.2245
0.0413
-1.10829
0.2547
-1.0452
-3.47659
-3.008
-2.1884
-1.9158
2.45755
-1.1946
0.0516
0.344
-1.5512
0.6637
1.38933
0.9235
-1.4292
-2.4871
13.4512
-0.99566
-0.9201
1.1499
1.5378
1.7429
0.21573
0.5043
1.2485
2.9175
1.32675
-0.4697
0.1842
2.825
-2.8402
0.1015
-1.52075
-2.6224
-0.4312
1.7322
-1.02074
-8.5346
NA
-2.34434
-0.6385
3.4564
-4.57508
-0.1882
-2.07607
-1.935
-0.0243
-0.2809
-2.8551
-0.39659
-5.026
2.1234
3.2287
-3.493
0.115
-1.9773
1.9637
0.03702
-2.1092
0.9068
0.76878
1.3904
0.63565
0.39829
0.2575
-2.227
-0.44937
0.665
-13.35044
1.0633
0.45371
-0.24174
1.45707
-1.4857
-0.30573
0.6135
-4.05239
-1.6193
1.78273
0.898
0.6118
3.3823
NA
-2.0532
0.1987
-0.522
5.3559
-0.69815
0.1842
0.4645
NA
-1.72134
0.48137
-0.99629
4.9532
0.5423
0.767
0.18925
0.2935
-0.6922
0.5726
-0.9719
3.1944
-1.56
2.4122
1.13733
NA
0.06427
0.73105
-1.24
NA
0.5759
-2.4071
0.9344
0.64299
-2.90431
-0.3214
1.4029
-1.0336
0.4828
-0.00493
2.1234
-0.472
5.2
-3.68931
1.05785
0.3221
-6.32571
-1.41004
-1.5722
1.2403
1.04549
0.8906
-0.2722
-0.3888
-0.2652
-0.68002
2.9727
0.809
-0.2739
2.90271
-0.8801
-2.94458
1.0101
0.38093
-0.033
4.79
-1.37529
0.29604
-0.48628
0.2688
3.2371
1.9264
3.13
0.86001
0.11939
2.60929
-6.4732
1.4557
2.9961
NA
-1.9945
2.05
-0.17272
-1.1967
NA
0.4626
-2.85946
-0.57
2.9651
-1.67574
-1.1548
1.19785
-0.12277
1.8044
2.54977
0.8951
4.06
-2.8935
-0.0919
0.6625
-1.63364
-0.0521
1.3997
7.6022
1.2782
-1.6871
4.03552
-2.34137
-0.5084
NA
2.84809
2.95159
1.4344
-1.2241
-0.8888
0.6786
-2.3952
-2.5083
1.1271
-0.87378
-0.906
-2.38929
2.15546
-3.0982
-5.2923
-1.5697
-0.43374
11.7684
3.3442
0.2591
0.3453
-0.5422
-0.1608
3.6067
-1.0134
4.1138
1.53368
2.4094
-0.4576
0.0191
-2.1334
-0.8977
0.6154
0.4228
0.134
2.89977
-2.8626
-0.8481
-0.4407
1.40802
-0.94134
0.17935
1.7935
2.4125
1.43
5.0431
5.1864
4.4248
3.5526
-0.7737
-0.07354
-1.5292
-1.337
2.6054
NA
-0.39267
-0.6231
-3.95
1.72861
0.801
8.01474
1.41036
2.55613
-2.9635
-1.60094
-0.95488
NA
1.258
NA
-0.4925
-3.134
0.6569
-0.8596
4.0006
0.64959
-2.0501
2.0002
-0.8644
-0.8291
2.31601
0.4815
1.1289
-0.4032
2.76468
0.7143
-0.4548
0.77098
NA
-4.31591
-2.4153
-1.4196
-0.425
0.61008
-2.5771
1.04067
2.34931
0.08723
4.349
NA
-2.58366
-0.78126
-1.95561
-2.49717
-1.16607
NA
-0.8701
-4.8854
1.3103
-1.56343
-4.5214
NA
0.58529
0.626
-0.905
-6.09391
-1.02876
0.9144
1.7102
3.1585
-0.5464
-2.1326
1.0284
-1.46345
0.95958
-2.81645
2.46831
-3.5543
-4.5688
0.5652
5.81727
1.6303
0.8115
-0.54622
-1.3036
0.0688
0.21325
-0.53461
-0.4107
1.34306
-2.63799
3.3827
-2.18
2.49857
-2.7827
2.3946
2.5958
2.1647
-1.68231
-0.6695
-1.1727
0.21946
1.104
NA
1.8937
-0.09196
-2.7792
1.44
-0.1596
-0.5241
6.0774
1.116
NA
-1.4818
-1.4464
1.7953
-4.6513
-0.2123
-0.69886
-6.0968
0.5647
-1.33065
-2.4953
-2.37
-2.33385
2.2988
-2.0941
-1.7177
0.759
-0.8248
-0.936
5.0101
-0.0012
3.36764
3.3331
NA
NA
1.4765
0.1533
2.79
-1.4857
-0.413
0.068
2.7129
0.6245
-1.4921
-0.34806
2.56
-1.6833
0.75015
-3.5658
3.8249
-0.94909
0.63089
0.3708
4.45
-1.8584
-3.4601
-0.6919
1.86608
0.31241
-2.13
-0.6441
0.3631
-2.41
0.79555
-0.6388
-1.66908
1.19018
2.9267
-1.4841
-0.36073
-2.2725
2.29841
0.26697
-0.114
-0.1869
0.28087
0.22966
2.24172
-3.1412
-0.48324
4.13523
-3.052
-1.6817
2.251
-1.5168
NA
-0.91825
-3.029
5.96
-0.86177
1.0149
2.9469
1.4843
1.4575
-0.60238
-3.0358
-16.0426
-0.0514
-1.4928
-0.316
-1.44243
-0.23739
0.1533
0.8986
-2.1843
-3.1761
NA
4.0287
-3.8451
-1.3941
2.22164
-0.6571
-4.2223
-1.07438
-1.8693
-3.85872
1.29644
-0.02151
1.7652
0.6133
0.8693
9.8944
2.61463
NA
-2.4913
-7.48083
-2.9062
NA
2.30556
0.0924
0.56
1.09943
-0.33938
-3.2905
5.5976
2.22553
-1.5361
0.825
-4.42
1.1538
-1.0217
0.2345
1.73878
NA
-1.1228
4.38101
-0.80574
-1.948
-1.91
-0.482
NA
-1.37332
-1.625
-2.04056
0.2774
0.3616
-1.23989
-2.7871
-0.16912
0.81798
-1.3193
-0.48875
1.82489
0.981
0.886
-0.5711
-0.6677
NA
-1.1513
NA
-1.0987
1.7304
-4.26197
-3.03656
1.5489
1.8177
0.2951
5.6788
1.4767
2.41
18.01219
0.1023
-4.04299
-4.749
-0.1482
0.4999
0.1072
-0.25796
-0.09915
-0.5036
-0.3549
-0.693
0.968
-0.6944
0.5003
0.4389
-2.77674
-1.4721
-0.02339
NA
1.7002
0.6533
1.0581
2.6852
0.73828
-0.72654
0.30546
0.88554
0.75081
0.472
0.8201
6.0861
1.0093
-7.56465
0.33556
-0.65649
-6.87541
-0.39822
0.7445
5.9466
1.8
3.2306
1.56781
16.2511
-2.652
2.5392
-1.2441
5.05
0.49609
-1.5916
-1.50635
0.0219
1.5567
-0.86617
1.6959
0.7254
0.184
-0.488
0.2625
-1.8603
-3.7745
1.05193
-0.70241
0.3544
0.8362
4.9042
3.19545
-1.0541
4.91117
0.0817
-1.26708
-2.5744
0.9129
-1.30501
-3.86339
-1.7988
0.0649
0.9925
-0.2592
0.9052
1.5298
3.78252
-0.13963
9.92
NA
NA
1.9474
3.1832
1.8574
-0.42289
-1.1665
9.3121
-3.08564
NA
1.73478
-1.9552
5.97558
1.8019
-6.649
-14.66371
0.09007
-0.32926
-4.7056
-0.7387
1.7877
-2.4606
1.29335
1.08015
1.37775
-1.72
-1.63687
3.01199
0.4593
1.81601
5.1928
2.01562
-0.9421
-1.8759
NA
0.28055
-1.1941
1.62178
1.404
-0.8361
-3.8205
4.0597
0.3147
1.75342
-5.9517
2.4272
5.3047
-0.2221
-0.31843
-1.13459
0.2314
5.8249
NA
-4.8111
1.2159
-7.2667
-0.5684
-3.86443
-0.9831
NA
-0.37892
-1.4995
7.441
-1.7283
2.5908
-1.6944
0.33376
2.2649
-2.501
-11.6431
0.69748
-1.8284
-1.01135
1.02
-0.02163
-0.58047
4.4474
1.5702
3.5002
-0.38414
-0.43265
1.4237
-1.65204
-0.2109
-0.69171
1.2444
0.9292
2.14683
0.4729
2.5234
0.35158
NA
-5.9723
-0.4215
-1.22
0.40471
-1.398
2.27612
0.77374
0.36998
-1.19742
-0.1493
1.4208
-0.56052
6.0732
-1.75
0.93047
-3.9104
-1.7712
-1.8631
1.2678
-4.3523
-1.57
-0.3607
2.965
-1.0039
0.0838
0.373
0.2191
1.5056
-1.03003
2.339
1.1868
4.65198
1.8646
-0.1546
1.81176
0.9313
-0.0852
0.6112
0.1587
0.1908
-1.8598
-0.7863
0.5532
3.42396
5.7939
-1.40818
-0.35836
-2.10802
4.88792
-1.96352
1.2153
2.3249
0.73805
3.6328
-2.0483
-1.0859
-2.6512
0.26642
-2.1755
0.7753
1.9325
2.30041
0.294
-0.149
-0.87029
-1.4721
0.33458
1.0636
-3.0976
1.3805
NA
-0.4453
0.0132
-0.232
0.6365
2.7935
-2.8977
0.1451
NA
0.9351
-1.15483
3.3053
0.20948
8.1457
2.61296
1.26967
0.4152
1.04724
-0.7087
1.9235
-1.2772
1.20866
-1.701
-3.498
2.0613
4.45566
-5.7381
-1.9548
-0.2146
8.139
-2.81259
3.28249
-2.0956
-2.1823
0.0381
-1.2689
-0.1415
-3.09775
-1.44287
8.2576
-3.4532
-0.4382
-0.0097
-6.1281
1.1086
-5.8737
-0.922
NA
0.00423
-1.2479
4.32023
1.4168
0.6359
0.2714
-1.5772
0.5989
-0.354
2.1564
-3.2181
0.463
2.14856
5.7
-2.0478
NA
-2.21386
-2.2472
-5.6638
0.0315
2.96576
-0.598
11.4884
1.3591
0.9006
-1.58012
-0.3718
NA
-2.93
NA
-1.92
3.0673
0.52558
-1.4
-0.096
-4.26993
-2.7167
-1.4
1.31156
6.4822
0.389
-5.8798
-3.26
-3.4302
-2.3414
0.26755
-2.86727
-0.599
0.732
-2.27
0.174
0.4062
1.44689
0.65819
-5.1778
-0.196
-1.86
2.3144
0.63824
0.86229
1.7033
0.7795
2.08966
-2.8827
NA
-1.2506
0.38868
-1.48
0.101
-0.795
3.21
-0.26918
-1.738
NA
-0.279
0.79644
0.43685
1.8075
NA
-2.4185
-1.32226
0.0952
-0.9337
1.5787
6.0265
9.6491
-0.07701
1.61251
0.3647
-0.0397
3.23461
-0.1971
-0.4071
-2.55
-2.0422
2.5787
-0.8666
17.835
-1.8094
-0.26448
0.03252
1.67
-14.3182
3.06
2.3037
-0.04906
-3.6698
-2.0578
1.65
-1.70252
-0.0844
-0.915
3.96662
-1.65021
5.9398
-0.9411
2.4029
-1.0358
0.27458
-1.8815
-2.715
-2.77782
9.8807
-0.8431
-0.4788
-2.8763
-2.48
0.5553
-6.53
1.51855
-0.221
-0.7616
-1.36485
0.1533
6.85478
-0.7437
-0.27046
-1.31
-3.42
-2.1104
0.2352
2.31
1.1276
0.0181
-3.6518
-0.97753
0.415
-2.58526
1.5567
2.2164
0.1533
0.7202
-0.26821
-0.02698
-0.47925
NA
1.9292
-0.908
-0.2556
-2.41886
1.3822
0.47966
-2.08
-1.3256
2.26076
0.187
NA
3.171
-1.1422
-1.4409
-7.94
-2.57
-0.0473
-0.68516
1.71327
1.9079
4.12
-1.35756
-3.68951
-0.1176
-1.62185
1.5632
-2.40556
-0.555
-2.40281
-1.04
8.3205
-1.15908
0.13486
0.0861
-1.53471
1.3193
0.19634
-0.9982
0.70029
-0.77825
NA
-4.13704
-1.23
0.06736
-6.5967
1.6486
-0.8336
-3.9459
5.32365
0.89413
-1.98392
-1.423
3.7171
4.9626
-5.58992
10.3479
0.8811
4.8945
0.99231
0.8684
0.5352
0.3244
2.7233
-2.79218
7.01862
-3.3063
0.353
1.01792
-0.3383
-1.52594
-0.43475
-0.3903
-1.85584
-0.5794
1.2657
0.10391
-4.41357
3.7348
-0.4455
-8.0422
-1.9364
-1.2974
0.2026
-2.6403
-3.0079
-0.08344
-0.4907
0.6164
-1.193
-2.0778
-1.1536
-1.1796
1.5494
1.8491
-0.1371
1.0783
0.6454
-0.5612
-6.97134
-1.4493
1.6129
-0.4139
-0.0968
-1.8894
1.496
0.0619
1.7484
-0.2868
0.5049
0.76668
4.2892
-1.2212
0.1386
-0.6181
0.2967
0.2713
1.7105
1.91175
-1.0809
0.39368
3.53906
-0.2516
8.5525
0.344
4.9959
NA
-1.1838
2.9923
0.9242
-1.77792
-0.49375
-0.62645
-2.1415
-0.1649
-1.4929
2.7658
2.2816
2.6566
-0.3309
3.5464
-0.9116
-0.6335
-1.7546
5.6847
0.9123
-1.5605
14.35464
-4.9429
-0.68741
1.07
0.6501
3.32656
2.868
-1.2843
-0.4033
-1.3527
-4.15001
1.5963
-0.12748
0.3596
1.3486
2.4752
-1.177
-2.05996
-6.62855
-1.27458
1.39577
-0.9703
9.2958
-0.363
0.5653
-0.1526
-1.0454
-2.62247
0.8566
-2.136
-0.6858
0.3475
1.0293
1.3356
2.4593
-1.44
-0.8798
-1.8441
-1.9207
-1.1
0.6094
-0.9696
0.5779
-3.8336
2.3963
1.5501
0.8451
0.3741
0.8727
0.24777
-3.61041
4.4786
-9.5503
-1.52785
-5.1556
-0.7274
0.67623
1.80421
0.7512
-0.1559
-0.9834
-0.1695
-1.08349
-0.6017
1.4018
0.9683
-0.7824
1.73775
0.77598
-2.184
0.73582
0.4341
2.639
-1.7557
-0.8915
-3.564
-3.6456
0.55074
0.55209
-0.4778
-1.76
-1.69319
NA
-2.2625
2.2204
4.297
0.30009
-2.6857
1.5903
0.55154
-0.1526
-2.8307
-0.38259
1.68793
-1.2999
-0.7426
-4.282
0.61011
-2.10273
-0.7407
1.1116
-4.6654
-1.8004
NA
3.8766
1.1866
0.67568
2.5895
0.97753
-0.3734
-2.7021
-0.28989
-0.3338
2.41884
1.0162
0.71925
-0.54045
-5.0501
1.8446
-0.3176
1.1554
-0.543
-0.6595
-4.90343
6.0112
-0.5524
0.90307
-2.6422
-2.06343
-1.94
-3.0627
-1.4323
0.61019
0.50771
1.43293
1.23383
-0.85764
0.7738
-3.57263
-0.585
0.4695
-1.0479
-1.283
-1.6912
-0.1473
-0.9954
1.192
-1.4357
-0.07118
-1.4656
-1.613
1.6221
0.0891
2.3405
1.0612
-0.878
1.56975
-4.4283
-4.8107
0.962
3.2555
0.5719
0.4349
-0.3323
-0.9418
1.9066
-0.8695
0.809
1.9246
2.3621
-2.6475
-1.1836
0.6712
-0.0288
0.2608
-0.6058
-0.5771
-0.2561
-0.3097
-0.5018
-2.1155
1.6406
0.3476
2.0775
-0.0502
0.842
1.3665
1.6341
-0.4457
-2.3394
0.5301
-1.1364
0.4219
-0.1444
-1.4323
-3.1025
-0.042
-2.4969
-1.7295
2.6822
-2.1226
-1.4254
1.2823
-2.07799
0.8287
-8.84965
-0.92454
-0.1349
-6.54391
2.97343
6.0064
-0.8033
1.3309
0.9429
-0.033
-0.69687
-0.93279
0.39721
1.4854
4.2937
1.7277
-1.3414
0.13619
-0.4685
0.4471
-4.4804
-7.4735
0.343
-1.85989
0.7909
2.29479
8.25103
-3.63
3.65938
-1.9761
1.07651
-1.18978
-2.8032
-1.71322
-1.0258
1.45586
0.29911
-2.56206
-0.88338
0.137
3.211
4.111
2.72925
-2.311
-0.27024
3.01969
2.785
1.4356
-1.15161
2.6707
0.1389
-5.7623
-0.83446
0.70499
-0.57016
2.3727
-0.41141
-2.5266
0.83956
1.7366
3.30187
1.5001
-0.64246
1.80655
1.6252
-0.76826
-6.47846
1.08668
-2.9168
-2.9874
-1.5854
1.2087
0.7958
-2.27292
-8.0712
1.94571
1.6283
0.0965
0.459
3.3858
-1.2264
0.5583
-0.0921
3.2578
-2.395
1.7119
2.3525
0.7203
-2.7498
-0.4758
-0.8159
-2.4702
1.1063
1.4845
-2.9652
-0.5513
-0.71652
-2.2082
0.7759
6.69948
-2.3123
-4.9742
0.7834
0.5309
6.8968
3.0638
-0.2258
-1.487
-1.26612
-0.6565
1.01532
0.1912
-1.2112
-4.11
-5.2558
0.1178
-1.3505
-1.0197
0.3635
-2.0683
7.2775
-0.7257
-1.2372
0.9173
-7.3747
0.77127
-0.8204
1.7747
1.762
5.2756
-5.6135
1.6977
1.1248
-2.9378
-1.9672
-3.9184
4.1201
-3.0408
-6.8198
0.93384
-0.2456
-7.7493
0.1926
1.924
1.1922
-1.4048
-5.2172
-3.2549
2.3832
0.5296
-1.7288
-3.1808
-0.5094
4.1382
-2.5436
3.381
-0.9002
-1.6818
8.2653
-1.8423
3.0428
-0.78676
3.3648
-0.9018
1.2832
0.0137
-0.2485
1.0358
-0.6161
0.7567
3.85247
-3.4614
2.2744
-3.997
-4.6061
1.3785
-0.7661
2.7922
0.3736
1.859
2.8755
1.5883
-0.5089
2.6123
-1.0864
-7.024
2.1141
0.0724
2.687
3.5748
1.512
-0.5646
-0.1196
5.1272
1.0656
0.6867
-2.3777
1.10445
-0.2354
0.0424
-0.2113
0.1569
-0.2831
9.8416
3.1316
-0.6273
2.156
10.7253
0.7088
3.7348
-0.9477
1.0139
0.0939
0.4904
1.0596
-5.5025
6.5663
-2.5546
3.1707
0.3291
0.5721
-2.5931
4.6561
0.1076
-1.7441
-1.1778
-3.7746
-1.1917
0.2562
-4.3044
2.0375
-0.6723
-0.6961
1.4107
1.3129
-5.4579
-0.7043
-1.0711
-3.8172
3.8099
1.8039
-0.0318
2.3438
-0.4928
2.6385
0.9932
5.7814
-0.8856
-0.0599
3.4416
0.7059
-1.2229
-0.5358
-0.0858
0.8893
0.3396
-1.2591
4.5781
-2.8179
-0.5635
0.1804
-1.6602
-0.6884
-0.3872
1.5069
-1.9989
-0.8641
-1.611
1.0477
3.0892
-0.3553
-2.695
0.8048
0.3566
-2.5704
-0.782
0.2721
-5.3224
4.9048
1.3837
-1.1028
2.3678
3.0429
-0.2711
-1.1244
3.8802
0.5382
6.5342
2.6164
0.2063
1.4226
2.0121
0.27265
-0.7466
-1.0714
-1.0714
1.3856
0.2669
1.8914
-0.4356
2.5286
1.5979
-4.6379
-1.4711
-2.0774
-1.49355
1.8733
-0.6602
-6.7746
1.4767
-1.5643
5.5828
-1.5692
1.38516
-1.47557
-7.1854
-1.932
0.1964
-1.7322
1.2631
1.5602
-1.0714
-2.81868
1.6239
1.2862
-8.0356
0.798
-2.88907
0.1681
-2.5457
-4.17
8.14068
-10.0399
-1.2637
7.3584
-0.16467
2.6027
0.8737
0.9136
-0.3131
3.4297
0.0793
0.0238
-2.779
-3.9738
0.959
-0.1332
3.6983
-1.4553
6.6959
-1.7896
-1.5481
3.3956
NA
-2.3891
-3.4764
-7.1748
-0.05145
-1.8944
0.5439
-1.9189
1.1298
1.1706
-11.5692
-0.1631
0.6819
2.84
-0.6768
1.54071
0.55685
4.4211
1.7932
1.53859
2.307
-1.7228
4.602
2.9788
1.5967
3.5023
-0.29888
-0.3242
-0.89918
-0.12272
-1.191
1.0981
3.2915
0.4156
-4.0278
1.22652
2.3097
1.0217
0.4434
1.16803
0.01171
-2.9067
-1.0268
-0.7173
-1.22
0.5764
1.7121
1.268
0.0433
-2.4913
0.7602
-0.5231
0.78553
-6.3722
-3.135
0.4249
1.5735
-4.9077
3.08
-0.9862
0.3059
-2.6568
-0.7597
-0.96277
3.2364
-0.344
0.2888
3.2795
-1.2145
5.9886
0.1979
12.0157
-14.65137
-1.9028
NA
-1.7216
-5.144
-8.6089
2.4243
1.6651
-0.5746
2.2665
-2.31
-0.67877
2.2961
3.2151
-1.9597
NA
3.7374
1.36449
NA
-12.1211
1.2517
-0.2571
0.1418
1.5313
0.5577
-2.03135
-0.8347
4.4809
-0.0317
2.228
-0.1199
1.3582
-0.3844
3.7469
-0.0728
-2.2314
2.2236
-1.6077
-5.5219
1.85
-0.6124
0.44613
-4.0614
-0.5851
-0.5759
5.1394
1.6756
1.3111
2.8855
0.4682
0.8138
-0.4431
-0.2794
1.9146
-3.0623
-3.0401
-1.4362
2.4339
6.4716
-0.9784
-2.5531
-0.4697
-2.1208
5.2838
4.6489
-5.2074
4.3655
1.9297
-2.8927
0.97214
-2.1753
3.7331
0.0364
6.5019
1.3805
-1.2928
-0.1268
-2.8855
0.4416
-0.3299
0.739
-3.2604
-0.0632
-0.8254
6.5986
-1.665
1.3598
-2.6253
-1.6619
-2.1026
0.32127
-0.0632
5.8089
-0.9127
-1.0705
-2.2863
-2.8523
-0.84318
3.7447
1.8027
-1.0327
1.2266
-0.8477
1.3787
11.1185
-0.49237
1.3497
1.1217
-1.7323
1.2343
1.0331
1.38485
3.6942
1.4874
-1.19993
1.8399
1.1795
11.4065
4.06932
2.6926
-3.4302
-2.7651
-3.4951
0.1225
0.28197
1.565
2.9459
4.8679
2.827
-0.42158
0.1946
-4.53131
-0.3707
0.9495
1.2566
-3.8085
-2.8182
0.6413
-1.4866
2.2854
-1.3749
2.1179
0.1946
-1.9482
-4.604
0.86081
0.0786
1.4912
0.7071
-5.04009
4.2129
1.7048
0.2364
1.8261
1.0367
-1.2601
-4.1405
0.2797
-0.5418
-3.0621
1.9767
1.7514
-1.0511
5.6198
-0.1279
-2.5108
1.3426
3.7529
1.3834
2.7879
-0.6206
1.4216
0.6246
1.4913
-0.2588
-3.5175
6.336
0.1614
-1.0014
2.907
-3.3787
-0.6426
-4.7622
2.0583
-6.9905
0.7404
0.0774
-0.9425
-0.5648
-0.1225
-0.0495
-3.0751
-0.5717
-2.615
-0.8246
-1.5314
-8.5915
0.7278
-0.3875
-0.655
2.2666
-0.11422
0.7497
0.8186
-0.6604
2.1917
-1.323
0.0663
1.5474
-0.9312
-0.3022
-0.4532
2.0943
0.9719
5.3629
-2.4829
0.1247
12.2147
0.4881
0.4113
0.9128
-2.4851
5.0178
-2.042
-1.5427
0.0413
-0.2405
-0.8835
0.2502
0.7403
-0.1337
1.4028
0.1355
-0.2502
1.8802
-0.9933
-0.8274
-7.6341
0.9371
-0.5031
-0.4604
1.0957
-2.3544
-0.887
-6.2808
-2.1876
0.706
4.1314
-0.9987
-1.3706
-1.8568
1.1542
-0.9981
2.4212
1.8819
-0.9413
3.0568
0.68074
-0.3689
-2.4859
0.9547
2.326
-1.1937
0.8265
-1.7065
-0.7923
-0.1856
-3.92723
0.5536
-10.2698
1.2099
-0.6503
1.62124
5.7241
-0.766
0.9301
0.1858
0.8788
0.9467
0.2061
0.2104
-0.3511
1.7601
4.4883
2.1199
0.4203
0.516
10.1091
4.0448
1.2035
-0.3426
-3.0005
4.3616
-0.4072
-7.3874
-2.66075
-4.5005
0.43453
-2.6436
1.30509
-1.7238
0.751
0.6925
-1.6154
0.6871
-2.923
2.8408
-2.33222
-2.76852
0.5888
-1.8381
9.9273
-4.8758
-2.2527
-0.5319
-5.7746
-0.6711
0.1105
0.2746
-9.55515
-3.3255
-1.1049
0.657
-0.4115
-4.5878
8.8263
1.5469
0.3157
-10.3716
-0.6659
0.9607
-6.0973
-0.8841
-2.0008
-0.5074
-0.74
1.8278
-0.00576
2.0485
-9.331
1.08645
1.21
2.2912
0.04179
3.5208
0.393
-3.13734
-2.3397
0.05966
-2.93
0.50266
-0.6342
0.5088
0.44426
NA
1.85115
0.40715
-0.56104
1.7208
-0.17909
1.626
10.59538
1.90856
-0.5573
-2.7201
-13.2978
5.8697
0.852
0.3707
-3.7911
1.8245
-4.3813
0.4292
0.6132
-2.58855
-0.9222
2.42963
0.9354
0.8318
-1.1398
-2.8937
-5.87906
-3.756
-3.28
1.7213
0.979
-1.51262
2.4865
-0.81731
-1.11052
-1.6292
-0.5573
1.02073
-2.11008
0.33456
-0.4318
-1.2743
-1.8515
0.979
-2.8
0.2735
1.1172
-1.3234
-0.6877
-6.00695
NA
1.0389
-2.445
1.1702
-0.7565
-0.081
-4.7899
-1.8608
0.8773
-1.9857
0.7791
1.51302
-1.54046
-1.5113
-4.0619
-0.4662
-5.5
-0.8076
-2.4984
-0.851
0.29049
-0.6779
-0.33721
NA
3.8474
-0.1515
6.4625
0.32512
-1.4526
-2.5069
5.2206
0.545
-0.6874
-0.2344
-0.9752
-5.1105
-0.191
0.26311
-1.4443
-0.4501
-1
3.6503
0.29369
1.0412
-0.6417
NA
NA
0.1425
-0.453
-1.444
-1.7688
-0.58544
1.0994
2.76
-0.5439
-1.9394
-1.6297
2.4144
-2.76529
-0.58605
-8.25
2.05786
8.6078
3.5133
0.58328
-1.02999
-0.9358
0.957
-0.0149
NA
1.0763
NA
0.5724
0.97215
0.33645
NA
-1.3015
-3.29416
1.75834
4.4996
1.9328
0.7179
1.7162
-0.2716
-0.50379
-0.47791
-1.20361
-4.40203
-0.3323
0.06869
0.25842
0.13285
1.3338
0.0852
0.37051
0.7927
1.83398
0.274
-1.35901
-0.7927
3.03934
-0.403
-2.02378
-2.10159
-1.3768
-0.9194
3.1097
-0.95287
-1.71
-0.65752
-9.13372
0.69741
-1.4262
NA
0.706
-1.51577
2.13586
-0.30399
-5.7046
-4.52522
-0.72697
0.8119
3.34456
1.18616
-0.86058
2.8492
-0.4396
-1.72283
2.0778
-2.82335
0.0405
-0.70359
-3.4062
-0.23446
1.21
0.522
0.2381
-1.5335
2.71679
1.52
-1.79
0.1638
2.26065
1.99963
2.01
-1.1022
0.0658
0.4159
3.31627
-1.9906
0.4193
4.4038
-8.96772
0.79986
0.10038
-2.75379
-2.89492
0.3865
2.21527
0.5937
1.7711
1.1731
-0.10998
0.73996
-0.52458
-4.74332
-3.4151
-0.63378
-1.0024
-0.8828
-3.20883
-1.27355
0.7074
0.54311
1.2407
1.4575
1.0713
0.93983
0.0343
3.32
0.7183
NA
2.22368
-2.86
5.86518
0.38852
1.14028
-0.3684
1.5
-2.5684
-1.77123
-0.7559
-0.0802
-2.90164
0.93193
0.2059
-1.02239
0.49
0.8181
-5.34
1.2804
0.7341
-0.0859
0.4912
-5.7448
-0.5009
-1.0501
-2.7082
3.23358
-0.6889
2.0344
-5.5908
0.7218
-1.4799
1.3966
2.1925
2.6806
1.1994
2.1301
1.30305
-0.664
-1.6205
-0.7222
-1.6508
1.2236
-0.3733
-1.3343
1.0276
0.5492
5.694
0.126
-0.2293
2.4399
-0.968
-0.6542
-1.7788
-2.3827
0.4938
-2.8518
2.7205
-2.5021
1.666
-0.3706
-0.2005
0.0092
-0.847
NA
-1.0426
-1.5034
2.8278
1.0274
-1.4957
-2.6549
-0.76983
1.1583
-1.314
2.2613
-2.466
-7.588
-3.4448
5.7312
-0.9703
1.9236
-0.8648
2.2389
-0.3831
-2.0529
-0.0255
5.5908
-0.7573
0.5011
1.7197
-2.2182
1.035
0.5423
-2.1347
-0.99576
3.9585
2.1325
-0.9418
-2.9039
3.0993
0.9425
3.0018
-2.8756
-0.8897
-0.3256
0.6503
-1.7411
0.2275
-1.3671
-3.8231
-0.115
5.2446
0.2168
-0.9334
-1.0103
-1.6159
-0.4944
3.5581
-1.6711
-5.3509
-0.1424
4.8411
-0.1424
-1.1634
2.3766
-2.3097
-0.9195
-9.3912
0.6157
-0.1107
0.0723
3.0777
6.2972
0.847
2.5944
-2.0127
-2.0771
-0.2308
0.3141
-0.24859
-4.8795
8.1817
1.3871
2.4775
0.2439
-1.88513
-2.8326
-0.7671
0.22816
1.7275
0.6587
1.9405
1.1668
-1.8391
1.9187
-0.88353
0.93704
1.8686
-0.4229
-2.1206
-1.53273
0.9055
-0.4596
-0.9144
0.8502
-1.2825
-0.3396
12.10771
-1.7572
-0.3069
-1.3702
NA
2.4621
NA
6.5695
-1.61854
-1.3921
-0.8689
0.2976
-0.294
-2.1173
-0.741
0.4451
-1.3959
0.2351
2.1313
-2.9801
-1.2796
5.85
1.0509
-0.4474
1.1858
0.7091
-2.7268
0.6703
-0.2703
2.669
4.1867
1.4582
2.8744
-0.74566
0.3003
-0.2215
-0.2784
1.1937
-0.7605
-6.5966
0.11808
-0.86491
-1.9218
-2.5594
-1.1538
-0.5903
0.4501
2.2101
-0.5836
-0.79711
-0.4409
-0.5959
0.0715
0.0136
-0.2752
1.5027
-2.1602
-4.3071
0.4829
-1.5988
8.0038
-0.5211
0.171
-0.9016
4.6962
-5.7805
-2.98173
-2.5861
-2.6116
-1.5123
-5.30045
0.0633
-0.6805
-0.17809
-1.1346
1.1553
-2.715
1.5406
-0.48021
1.80386
3.2462
0.17632
-3.96376
0.5588
-1.6178
2.3064
1.4097
1.4351
-0.7105
-0.1415
7.1497
-1.8818
0.07704
1.5002
0.6272
-1.2838
1.0228
-0.1201
1.3987
1.79313
2.9727
-0.457
0.3651
2.23228
-2.4239
-0.178
2.1446
-4.3651
3.2294
1.2449
0.5329
0.3433
-1.0147
-1.5786
-0.4508
4.42279
3.7082
-0.11
-3.5878
-0.5033
-7.2099
-0.43
-1.0039
-2.2602
0.7566
-1.2003
0.7996
-3.3594
0.8672
0.47
-3.6869
-2.4251
2.4101
2.2324
-3.849
2.12145
-0.69017
-0.1737
1.9798
0.621
3.9423
4.2261
-3.5531
0.82218
0.5443
3.5975
-0.28755
7.6846
2.9138
0.0065
0.4118
-1.73
1.65762
1.5701
0.2347
-1.64396
0.88238
1.18952
-0.7338
-0.3176
0.37577
4.9394
-1.5272
4.5887
3.24
1.3397
-4.4263
0.4442
-5.3849
-2.3794
-4.1105
4.8167
-2.9943
NA
-3.3091
NA
1.1803
-1.20101
-8.92785
3.602
-0.65269
-0.972
1.1312
0.3541
0.4835
0.0631
-0.0042
1.7587
-1.6522
0.3178
0.63349
0.74587
3.8239
-0.7809
0.36037
-1.3124
3.8562
1.5655
1.2661
-0.31696
-0.6128
-1.28709
-0.1513
-1.0254
1.6629
-0.48332
1.31868
0.6682
1.84
0.88154
2.857
3.0298
-2.24716
-0.8718
0.92503
2.2041
0.16662
-3.2581
0.109
0.0589
0.35086
2.5052
-12.2807
1.17647
-1.80054
1.123
0.24141
-1.01424
4.0006
-0.74634
NA
0.23656
-1.8558
0.1673
-0.633
-0.3494
-0.8573
1.4543
-0.0975
-2.4562
-1.2834
-8.9128
1.7327
-2.5526
-2.4755
-0.721
-0.7642
0.1955
0.54397
-1.49
3.9384
-1.9445
-1.32455
-4.8236
-1.95
-8.773
-0.2419
-0.1217
0.4599
-3.48
-0.4684
-2.8712
0.48715
1.0437
-0.68556
2.7016
0.6168
1.9399
2.9905
-0.1839
1.08927
1.1744
-1.3917
