0.4174
0.297
1.4147
-1.4827
-1.6014
-0.1339
-1.94802
-5.5509
-0.9706
-0.80451
-3.4686
-2.2229
-4.3247
1.16355
3.2665
-2.1708
-3.5029
-1.2084
1.1195
-2.5897
-3.3754
2.5161
1.8158
2.1848
-2.5129
-4.71773
4.0848
-3.3101
-1.9249
-2.0255
1.8379
1.1964
1.45573
-1.9383
-0.5989
3.3558
1.9709
-4.1067
-0.9891
-1.8161
1.0923
6.7216
-0.5424
-0.4653
0.93031
-0.4874
4.2693
-0.4877
-0.7553
-1.89606
-0.3688
0.9982
0.64679
0.07454
-0.8698
9.0767
-0.9123
17.2329
3.0636
-3.70814
-1.1191
0.5364
-5.2239
-0.4818
1.259
0.3112
0.1985
0.1761
-1.31948
-0.54005
0.9293
2.3718
-0.5311
0.74607
1.1328
2.2156
3.716
1.434
-0.6119
-15.9291
-4.01977
-1.9039
NA
5.8806
-0.7495
-3.5401
-0.3825
-0.36527
0.8444
3.0979
1.70605
4.6973
-0.4551
0.2684
-2.04737
0.47984
3.25819
1.27184
-5.8719
-0.092904
3.41318
1.26473
-4.5042
2.7375
-0.16975
0.0151
-2.0099
0.8439
0.4454
-1.9208
3.0773
-3.4774
1.5829
-2.1458
-2.6616
-0.3466
-0.87272
0.6429
-1.2214
-0.0769
-0.45749
-4.5731
-0.3778
1.6068
-2.58403
-0.0921
-3.2096
-1.66229
-0.526
2.943
-0.09246
6.021
5.375291
-0.2294
1.1836
3.7774
-3.426105
-2.6668
0.0742
-2.1186
-5.811
1.961
1.167
1.7137
-7.509335
-1.7641
0.617
-2.815
NA
0.5155
-0.06
-2.5924
-4.7069
NA
16.967
4.6847
0.3052
1.71969
1.5981
-0.79084
1.1672
1.3714
9.09708
0.5766
4.2187
0.6409
9.3586
4.6309
0.646958
-1.37806
2.0651
2.4521
-0.1343
-2.5909
-0.1431
-2.04832
1.13759
2.9359
-2.48383
-2.5396
1.00801
0.7046
1.4725
0.37192
1.5333
2.02877
-3.7594
-1.2813
-0.5086
-0.854
1.6863
1.06834
1.3174
0.72836
-1.1441
-3.368
-2.9968
-3.9442
1.36985
6.9448
-1.4356
0.8463
-0.2334
-1.725
-1.355812
-2.41514
1.1308
-0.5865
0.7011
-2.1422
0.762
2.80833
-0.0906
-1.5852
2.408
1.4382
2.1846
1.9465
2.7162
3.3775
-0.0197
-0.72427
-0.961
-0.7865
-2.9351
1.5183
0.5851
0.91479
-1.29094
-8.91134
-1.2086
-2.4075
1.085
0.3692
5.9682
-4.1692
1.9859
-2.2667
2.58646
7.0629
0.5525
-1.2191
-1.5107
-0.8548
-1.6035
-1.1293
0.3895
1.80534
2.1543
-0.0896
-6.018
1.2472
0.2265
-0.6793
3.0708
3.9237
0.80441
1.9462
6.2859
0.952
-1.4967
0.0777
0.7485
-1.0284
1.6164
4e-04
0.8228
-0.1885
-1.6045
-0.4219
-2.109
-3.3885
0.5072
-0.5388
-2.535866
-1.98716
-4.6083
-0.6523
-0.5401
-9.6783
1.4711
-2.94525
1.9753
0.8398
3.3795
-1.8706
6.0165
-1.77499
-2.62429
9.7279
-1.3664
1.1671
0.78339
0.85089
6.88019
1.5169
0.4008
0.64811
-3.2331
0.5369
2.2973
0.8363
-7.07627
-11.0894
0.5114
3.92222
-6.3984
0.746
-2.0464
-2.56212
3.8797
0.2075
6.196485
-4.1382
-0.9686
2.126
0.889247
1.61579
-4.3585
1.41388
0.5308
-0.8615
-1.0221
-0.6784
3.14876
-1.444
0.912
NA
-1.1307
4.82496
-0.0223
3.0977
0.8076
1.80058
-4.60577
0.92522
-0.2548
-0.8914
7.139
-1.3729
-1.4341
-0.3925
1.9501
3.95091
0.9983
0.24891
-9.4486
1.258
0.9263
-2.26272
1.5845
1.1827
-1.3854
-2.44887
-1.9175
0.359
-9.8376
2.4378
-4.5438
1.2058
0.248
-2.2638
0.1
1.2073
-0.93235
0.00394
-1.88473
0.3005
3.2553
-2.51393
-2.67888
0.33365
1.0346
-2.0074
-10.0974
-3.25351
2.3247
7.6331
0.8777
-0.7086
0.821
0.2962
-0.8609
0.26431
2.369
5.0728
4.24888
0.15052
2.7237
1.36615
1.16135
-1.6914
3.6295
-0.8016
0.2748
1.31423
-2.7242
5.9075
-1.3819
-2.57017
1.9035
1.509
-1.7593
-13.8282
5.426
-1.12312
0.6497
2.548
-0.71826
-0.14142
1.74657
4.5551
-2.18498
-4.9924
-9.4251
-0.9056
-1.91602
-1.429
-4.1253
-1.8906
0.4052
-3.4377
0.1152
2.9863
1.0406
7.3379
0.21553
-1.0107
3.9713
-0.98451
0.7919
1.24941
4.3478
0.5262
-0.371
-0.1859
6.4596
-0.61725
-0.0187
0.3887
-3.0313
-3.9734
0.2769
-3.63418
0.4653
-2.0762
-2.2395
0.2557
-0.5728
2.73993
0.757097
1.7127
-3.00355
-0.6605
-2.3309
-3.537
-1.49624
-2.79433
-2.331256
1.476
0.75692
2.3065
-1.3324
-2.016
2.6916
-6.5766
0.3922
0.4886
-0.7264
-0.1566
-3.24424
-3.6412
-0.3404
2.7075
-0.7167
0.1539
1.1883
-0.2301
4.9595
1.8244
2.4826
0.5504
2.7044
-1.7082
-1.25907
1.351
-1.0273
-0.3083
-2.1385
2.3738
NA
NA
0.2659
-0.6366
0.016
1.5577
0.5296
1.2329
1.0946
3.7057
0.335
-0.3011
3.52463
2.74443
-1.804
-2.9854
-0.7797
-4.17008
0.225
0.0873
1.799
-1.7061
-2.6585
-2.5221
-1.99927
0.3208
2.9033
2.2023
6.818
-0.7414
0.8981
5.4637
-3.75139
-1.3864
-0.0144
0.4688
-2.2801
5.84038
1.3175
10.5572
-1.80355
0.91457
6.73086
0.91447
0.70193
2.8376
-1.1223
1.45542
8.54253
3.0721
0.3506
1.8604
-2.1628
2.0311
-0.8615
4.2864
-0.8851
0.8912
0.2099
1.1862
-0.5583
-15.9113
-0.1946
3.7147
1.72894
0.9226
0.9854
-1.051
-0.58424
1.1378
9.1501
-0.51361
-2.2363
1.2895
-4.0033
-2.3465
2.9357
-0.4233
-1.32848
-0.67129
0.72401
-2.1961
1.1942
-2.48531
2.1492
-2.6428
7.3287
-5.0748
-2.5159
0.99
2.5379
1.5952
1.81387
2.6283
3.6804
-1.0345
1.4536
0.614
-1.5142
-7.5014
1.9645
-1.4045
-0.9538
-2.2211
-0.4058
-4.2506
1.582
2.7244
-1.1504
-2.6053
-3.7435
0.0113
-0.2682
-0.9259
1.4966
-1.7017
3.5888
2.6836
-3.7961
0.1372
-0.7823
0.5256
-1.5974
2.4895
-3.1086
1.3652
9.3568
-1.57575
-8.39355
-3.2995
3.07914
-0.692543
1.4901
-0.177
3.0104
-0.7099
-3.9444
-1.0616
-0.49499
-0.2722
1.4154
-3.8126
0.95418
-0.3492
-2.2346
-0.6806
-3.5214
-0.61527
1.2659
0.6296
2.7787
-2.33228
-0.2253
0.6671
0.369
1.0864
0.2489
-0.0227
-0.771
-2.2253
0.7634
-2.0062
-1.99787
-1.9589
3.9858
-0.4756
2.1267
16.5766
-0.2708
-0.877
1.03983
0.92511
0.4917
4.65498
-5.03912
4.1594
-1.565
-4.39172
-0.1627
1.6625
-0.3333
2.6817
0.0266
-0.189
-0.2472
1.4517
-1.75576
0.6332
-2.33826
1.2764
-2.2928
-0.8184
-2.57235
1.28272
-2.4605
10.67291
0.21104
1.0741
-0.904
0.876585
0.879827
2.11063
1.34531
0.5363
NA
-0.431013
-1.34484
-0.6629
1.6219
-5.6769
-0.3313
0.25813
0.4302
2.7327
6.17296
-1.93269
0.72148
-1.38411
-3.7047
-2.5154
-1.08296
4.31336
-0.8207
-12.1972
0.8595
0.7634
3.1927
-0.9081
1.2695
-0.8077
1.0759
-0.7745
-0.2541
-0.6582
1.6873
6.5603
0.0532
0.5305
-2.4638
-0.3573
0.4596
1.4185
-0.3346
0.0494
-0.0286
-0.7106
-0.3842
-2.4356
-1.4049
-0.4028
3.5827
-0.2003
-4.3752
-4.8309
0.1055
-0.8902
-0.1928
0.0891
2.2878
0.4974
5.7596
-6.236
-0.4593
0.5995
0.2428
1.4675
11.085
-0.2456
1.5613
-14.369
3.8002
3.6092
-0.4946
6.3746
2.291
-0.3626
0.3233
-0.317
1.5508
-2.0778
0.0045
-1.7173
1.2993
-1.9952
-0.7022
-2.6617
2.2327
1.4075
-2.1493
-1.0865
-1.2523
0.479
-2.4442
-0.0855
3.0018
1.1454
-0.24902
-1.23983
-2.09408
1.3651
0.2741
0.969
-1.52437
3.7893
-0.03437
-2.88032
0.6767
1.06669
-3.8111
-2.10314
2.30313
1.80363
0.4762
3.16204
0.3047
-1.45841
-2.3723
1.33105
0.18667
-0.2501
0.8139
-1.63101
-2.2138
0.74368
-1.62526
-3.0715
-0.3308
1.6849
4.6182
-3.8088
4.4514
1.1579
-1.0946
0.9919
-1.4964
0.2234
-21.3065
16.0368
1.982
0.0801
-1.2949
-1.8132
-5.0074
0.4871
1.4983
-0.7092
0.7869
-0.3913
-0.0329
-1.9368
0.6577
1.0725
-0.0389
2.9854
1.8952
-1.5033
0.8587
-0.1233
1.836
-3.5989
-0.5315
-3.9877
-2.7956
0.4112
-0.4171
0.0637
-1.1988
2.1072
2.2766
5.7407
1.9193
-1.5224
5.2607
-0.0829
0.7332
0.5639
0.276
-2.0829
1.2353
-3.3615
-2.8179
-0.0764
-0.1011
0.3054
-1.4896
3.7533
-1.7905
-2.70441
0.9684
-0.0872
-0.2829
-0.4128
0.8136
-2.8744
2.5178
-1.4271
-0.7317
1.4051
0.5194
0.4139
-0.4702
-1.52258
-1.92281
-1.92686
1.38848
0.78887
-0.29008
-1.59041
0.03114
-0.38046
-1.3047
-3.59119
-0.15355
2.9668
-2.47295
1.47639
-0.92741
1.43262
-0.27977
-1.38256
3.19736
-1.1308
1.7856
1.99739
-0.2397
1.1539
-0.0077
-5.2448
2.15881
-1.5643
-0.3882
3.7666
-3.37541
-0.6811
-7.1117
-3.7337
0.0222
1.3764
0.01665
-0.69123
-4.95487
0.58826
2.3738
-3.68238
-1.1824
1.82301
5.039
-1.5062
2.5888
8.9318
3.4264
1.11087
-1.3161
-1.1916
1.94539
0.37038
1.75051
0.05967
-5.35652
-3.41572
1.2163
-1.3901
-0.2446
-3.0403
-0.2218
1.2596
0.7558
0.9239
3.1341
-1.6062
-1.5849
-0.9847
1.4335
-1.7506
-2.0415
2.6257
-2.2308
-2.4724
0.6183
2.9207
0.4233
-4.3324
-2.7653
0.8597
1.7108
-2.589
0.0828
1.63021
3.6025
4.0448
-2.7353
-1.96512
-0.18238
-1.2409
9.5474
-3.8004
0.55129
-0.91095
-3.9465
0.15982
8.2278
1.11925
3.2541
-5.74718
-2.3675
-0.04226
0.7283
-0.1488
1.0026
-0.17825
-1.35723
0.80234
-3.10926
-1.82465
-2.06362
2.97263
-1.90646
1.13935
-2.3529
3.92631
2.0563
0.5567
-2.37197
0.8216
2.0548
9.0382
-3.36665
-0.74311
1.2479
4.44529
-1.73346
-1.9354
0.80302
-3.47496
2.8961
-0.9746
5.22545
0.0468
-2.3504
2.18116
-0.3376
-2.13786
1.80453
0.5895
-3.38095
-3.21399
-1.40242
-7.93224
-0.9354
14.1669
3.9974
0.66309
0.80943
3.48196
1.1062
-0.1432
-0.7588
-5.1122
1.7098
-1.3383
4.8872
-8.3934
0.8648
0.3923
1.3436
0.3346
-3.4454
0.6878
-0.1831
1.7501
-0.4402
0.6724
0.2839
3.4197
-0.1537
2.6657
-4.5589
0.0286
-0.3387
-1.5932
11.4661
6.1877
-2.5559
0.4109
0.0939
1.2331
2.3189
0.4927
0.1043
0.2879
-1.6568
5.6723
5.5581
-3.2184
-2.3263
0.9579
-0.7377
0.5298
-4.5374
-0.0947
-1.6204
3.197
3.167
-1.8935
0.239
-0.6074
2.2746
-1.33694
-2.51681
NA
-0.32191
1.42251
2.39095
3.61919
6.25844
0.69689
0.48076
0.8619
3.5461
-0.06181
-3.51024
0.46488
0.52179
1.17982
-1.49657
6.80763
-0.2333
-3.8952
3.322
-1.019
-1.615359
-1.231
0.9131
-6.991933
7.310914
-0.454238
0.414633
-2.2303
1.120866
-2.7774
0.5535
3.8416
2.3986
-1.467707
0.690871
-1.293011
-0.918009
-1.116107
0.6833
-0.751937
0.025114
0.4504
-1.34
7.1341
0.5431
4.1891
-4.7898
1.841
0.7235
0.7486
2.3578
0.2661
-4.4709
-1.7746
-2.6671
8.1357
5.5007
5.5145
-1.793
1.1672
-0.6986
-3.1261
-4.8907
-2.6315
-0.8433
0.2622
-0.5325
2.2139
9.8824
-3.7262
1.4954
2.1414
0.1185
-1.6713
0.6015
0.0534
2.3592
2.5212
0.5274
-1.2001
-0.2481
3.0173
-2.6467
2.7794
1.8868
1.5855
-0.0916
1.3035
-0.9864
-0.9632
-0.7757
3.5878
3.8974
-0.4862
-6.3926
4.23481
-1.8029
4.59336
-0.97104
-1.09258
5.78214
0.3904
-0.4792
1.5175
-0.7966
1.91576
2.62019
2.43007
-0.8382
0.92049
3.0699
-7.03297
-0.10177
-0.2461
-0.3337
-2.03908
-1.065
0.606
6.2118
-0.3956
-0.6089
0.3707
-7.7087
-0.2399
-2.4963
-4.5587
-2.3364
0.3845
2.1709
0.0779
0.7198
-4.7268
-2.3458
1.1971
-1.7158
-3.0016
-0.9585
0.307
-2.1784
0.4255
-0.4169
0.6798
-2.0079
0.6147
1.5643
1.886
-0.0818
-2.523
-1.5854
-1.523
-1.607
-1.2048
-1.0384
1.4402
-0.5849
2.9202
-0.7244
0.31
-3.176
-1.3676
-0.4135
1.6761
-0.1503
2.2985
-1.3301
-1.1436
0.6964
-4.721
11.0644
14.5173
0.449
-0.6252
-1.1719
-5.3009
-0.6279
-1.0355
4.2596
1.3726
0.8817
2.1589
1.5387
2.2556
-1.7937
-1.2235
-1.9912
0.8301
1.4443
2.2668
-3.3774
-1.8759
2.9722
NA
-1.0351
1.8726
0.6022
2.4768
1.0165
1.3062
-1.6669
-0.6994
-1.0709
2.5199
-3.6232
3.5351
1.7136
-0.5103
2.3904
2.5478
3.0438
-1.3757
-0.6036
-0.6087
-3.919
-3.6768
-0.6655
1.3749
-4.2747
NA
-0.3163
-0.1352
NA
-2.4411
0.9376
-26.3613
NA
-4.2215
-0.7008
-0.1124
-1.327
3.2119
1.7643
0.325
-0.4452
0.4724
-2.1016
-0.7411
1.5022
NA
-1.0615
NA
0.8394
-0.68353
1.2915
-0.67119
-0.42322
-2.12894
2.58611
2.03617
-1.64215
-3.23609
0.18358
0.13657
1.85961
-1.4254
0.65064
0.8791
-2.9639
-2.34205
0.04973
2.73319
0.288
-0.1795
-0.55942
-1.5406
-1.5043
1.48243
-0.8192
-1.59632
5.9634
-0.02727
0.70529
0.79704
-1.1166
0.8332
-1.0198
1.67715
0.7962
0.60154
0.2988
-1.4006
-0.00635
0.4336
2.5456
1.18066
-0.2578
1.3683
-2.1516
1.63293
2.1177
-0.8889
-1.36837
1.40069
1.13288
-3.87853
0.7791
-1.94996
1.9625
0.03302
-2.59779
4.7253
3.01131
0.053
-1.59239
-0.7763
-0.81545
0.13995
0.13235
-0.1211
-1.0515
0.0919
4.89452
3.42308
-0.1823
0.83644
1.6963
4.05479
2.4147
0.28362
1.7369
-0.9888
2.7116
-0.9604
0.4299
3.1024
-0.9892
-0.5285
2.7878
8.7778
-2.4111
-1.0727
-1.6378
1.9202
14.7214
-1.506
-0.2542
-1.4849
-7.8433
7.324
-2.3676
-6.78
0.3807
3.3368
0.9108
1.6618
-0.4621
-2.9412
-0.0222
2.9164
6.5059
1.2649
2.9079
4.5733
3.7307
7.6368
-4.1638
6.9923
3.3394
3.1097
0.6326
-1.0687
1.0677
-5.4855
1.2181
0.2711
2.5748
-1.417
0.1931
0.295
1.4733
3.0546
3.4542
4.9352
-2.0833
0.6283
1.5601
5.5459
-0.8224
5.3008
-6.3431
-0.4686
-0.4429
3.4521
-1.4071
1.5472
-1.3569
-0.8494
3.1634
0.4262
-1.6086
0.2781
1.7724
-1.6629
-0.7054
-3.9991
-2.5112
-1.525
0.0287
0.8695
-5.4762
5.9039
0.5657
-5.124
-0.336
0.8798
1.8696
-0.6336
0.5392
-1.6209
-0.4825
-3.9471
1.4435
-0.4535
3.4376
1.0254
4.5692
-0.803
0.9981
2.3045
-0.3119
0.7245
-0.5049
0.7977
2.6231
-0.4365
4.3459
-2.2276
0.5416
-22.4632
-0.5219
-0.1433
1.6357
2.9542
-1.7399
0.4251
14.183
-1.803
-1.296
-3.2437
-6.6133
4.9474
0.3013
-3.554
-1.0921
-2.0799
0.6698
1.378
1.5644
-3.0048
2.4283
5.1309
1.273
2.0513
2.2745
-6.3502
-1.9334
0.1826
0.3116
0.0255
0.0342
-3.4251
1.0602
-1.8182
1.4867
1.018
-1.6194
7.3457
-0.3719
2.1006
1.8676
1.8018
-14.8217
-1.5881
7.9993
-3.2101
5.0639
-0.3913
-0.92744
0.4452
4.2001
1.7388
-3.2902
1.59358
-0.9956
-2.7265
0.83554
-3.32632
0.1003
7.386
-0.2147
1.9266
-1.12807
-2.4605
2.77308
1.62372
1.85858
0.12727
0.66336
0.8152
0.2655
-7.3125
1.76433
-0.42241
-0.0434
4.2853
-4.126
1.9598
3.8032
3.61291
2.2305
3.03291
-0.58786
2.36441
-2.3955
2.4029
1.8621
3.3659
1.7836
1.1849
1.5438
0.151
-4.2224
-1.062
2.46245
-2.567155
10.0876
0.156844
-2.090812
-5.7539
-5.973364
0.880195
2.7228
-0.78994
-0.0559
-0.44757
-2.80968
0.2634
-0.4066
0.3725
-3.2605
2.4077
0.99963
0.1894
-0.5605
1.44206
-0.4169
-1.796
-1.0557
0.5332
-3.4664
-0.1708
2.9004
0.1028
2.1781
4.1957
0.8531
0.7835
0.8196
2.56968
-0.9713
-0.30161
-0.6137
2.1618
-1.1476
0.3811
-1.0543
-2.1792
-0.7947
-1.0354
-1.818
-2.8467
-1.7644
0.9047
-0.5202
-3.7272
1.641
-1.4004
-1.6507
-1.0114
5.94459
-4.59122
0.5989
4.048
-2.1336
2.3812
-0.7575
3.167
-0.9518
-14.5493
-0.5734
-2.0507
0.0355
-2.96536
-0.21209
-0.6208
0.1136
-0.7288
1.6268
-0.2478
7.2798
1.1023
-1.43
1.0085
0.9614
-3.0918
0.909465
1.0609
2.483052
-0.458398
-0.43563
-0.89508
-0.9805
-0.9012
0.419
-0.6052
2.197
-0.5149
15.7914
-3.8772
0.3898
-0.549
-3.2181
9.2036
2.8318
-2.02627
-0.1631
0.15459
3.30649
-5.596
-0.207346
-0.7579
0.55945
-0.6813
1.2344
-2.1309
1.1632
-1.5393
0.2499
2.292
3.4022
-0.9034
-1.75423
0.978004
9.4471
-8.5221
2.4468
0.2342
3.4614
3.2006
0.6848
8.5221
-2.39253
1.9527
-3.2747
-0.888
-0.4302
1.332
0.2934
-0.2509
2.252
0.03411
-1.4442
1.6284
1.22347
-0.4474
0.2425
-0.846
-1.5333
3.3233
5.7313
-0.4351
1.5466
2.0832
-3.9131
1.742
2.0856
-0.4439
-1.2623
-0.3483
-3.0715
1.50989
-0.69722
-1.03641
-2.4567
-0.7466
0.9811
-2.4888
1.1636
0.21254
2.97278
NA
-0.9494
NA
NA
NA
11.3776
NA
-5.1199
NA
-0.8885
NA
3.6306
-3.6975
-4.043
-1.0622
-2.1832
-2.0761
-0.9639
-2.2554
-0.0573
3.6657
0.4051
-3.38333
-3.72359
0.0304
-0.8125
-0.137
1.4777
5.07512
-0.5013
-0.8129
1.5377
-0.6294
-0.8227
-1.4519
2.6085
2.79484
-2.1731
-0.2305
-1.8545
1.0625
2.4122
-0.8414
4.4943
1.3166
-0.81324
-0.7855
0.6132
5.46629
0.22958
5.2634
1.584
-4.8403
1.7998
-0.3412
0.174
0.6609
-1.3135
1.0026
0.0153
-0.4264
0.993
-0.8219
2.1755
2.85717
0.8409
4.2223
3.875
-0.245
3.8464
2.51825
0.1169
-0.9426
-2.7427
4.6705
-2.9426
-1.8954
4.9734
-0.42364
0.4708
-2.7217
1.58319
-1.99646
-0.76846
-2.8663
-2.167
-6.4771
-1.5637
-1.32416
-0.60831
0.2173
5.0855
-0.7776
1.37586
1.77801
0.8702
0.4708
-1.6671
3.3276
0.5856
5.9088
1.28689
0.7507
-1.2143
2.1506
0.7045
-3.97165
-5.85951
0.9699
0.25438
1.0626
0.081436
-2.81194
0.7368
-1.2139
4.6922
1.2697
-5.5721
1.6697
-2.588
0.59666
-2.09691
1.1056
0.0465
-0.6927
1.9548
-1.7753
0.4887
1.5592
-2.3591
1.7984
3.2119
2.1308
-0.4155
-1.185
-1.6511
2.1069
-0.1132
1.2025
-1.3913
2.6145
4.3178
1.2675
3.7043
-0.4514
-1.0787
-1.8767
0.0724
1.0352
0.76874
0.58512
-1.59022
0.3986
-2.4969
-0.29514
2.84925
-1.56374
-5.71484
2.3085
-1.38906
0.677
-3.13818
3.0379
0.8286
-2.8352
-0.48337
-4.7063
0.0349
4.8124
-4.9507
-2.1236
-6.70303
-0.1432
0.6581
-0.35142
3.8882
1.72845
-0.73462
4.24715
1.44948
-2.376
-0.64212
-0.41469
1.68206
-1.0298
0.9258
0.9258
-2.1941
-0.72534
1.1016
-1.75104
2.9931
-0.1732
0.6208
-2.1006
0.39965
-0.1195
0.33276
-0.84311
0.78864
2.9103
-1.3761
-1.1392
0.4286
1.0663
-1.1661
4.9634
1.289
0.4397
-1.2377
0.9084
-7.1854
0.1467
1.4912
-3.7811
2.25316
1.26923
-1.4639
-1.59788
-2.316
0.23824
-0.6585
1.91921
0.3655
0.8683
-2.5988
4.2236
2.3225
1.47282
-1.99999
-6.44351
-0.71822
-0.5097
-1.4429
4.3027
-1.6686
-8.1081
-1.3559
10.47215
0.3326
0.3937
2.9373
-13.5169
0.0723
-2.08422
2.5389
-6.01133
-1.7309
2.44685
-2.5108
-0.7608
-2.6946
-5.3151
-0.5742
-0.1439
-2.51616
-0.497
2.356
0.4218
-3.7785
-4.4187
-0.6816
2.18285
0.592
0.3354
1.8092
1.855
-2.7889
-0.6139
-0.44071
-2.39225
-10.65817
-1.30547
-4.2613
-2.83791
-4.27348
-2.5812
-8.4073
2.1309
-1.6071
-3.0067
-1.1618
1.1223
2.0259
4.198
2.136
0.7981
1.74607
-4.25559
0.6454
-3.4159
-0.729
0.3172
-6.4312
0.87103
-0.0381
-0.429
2.023
6.1215
-1.9102
-3.2887
-0.0875
-0.88232
0.24731
1.47398
-0.6954
-0.2496
-0.1975
-4.1898
0.9785
2.1414
2.996
-1.5176
-17.8216
18.4829
-11.0404
3.9079
0.0105
2.9442
-1.4486
-1.4486
-1.6546
2.9646
-2.776
-3.124
1.3838
1.1142
1.8394
0.8851
0.0589
-1.047
15.6485
2.8804
2.1254
6.545
-1.4302
1.1804
1.5723
0.325
0.3906
-3.5908
1.1718
-3.80093
1.23895
1.3099
2.881
0.29552
-0.6555
0.8134
-1.5347
0.6948
-3.4748
0.1684
-0.3824
-0.418
0.1283
-3.070376
0.8732
-1.12996
-1.20629
2.5747
1.287
-0.1327
-1.719
-1.0215
0.0582
2.0814
-1.0241
0.9022
-0.7604
2.829
0.91127
0.8642
0.73178
-1.38469
2.1568
2.32485
-3.7109
1.173
-0.64
0.3535
2.30936
0.33019
-4.1136
-2.0501
-0.455
-3.2321
-1.5248
0.5837
-2.5011
-1.6128
0.314
-0.359
-3.0148
-0.5416
0.5421
0.7935
0.8217
2.4631
-0.3735
0.1179
-0.6413
-3.609238
5.9159
-1.0333
1.1956
0.2775
-1.4936
-0.8682
0.0283
0.1654
-0.3448
2.6265
4.0061
18.1212
16.505
1.68209
-2.91661
1.4096
-3.1545
2.2066
-3.4339
0.9733
0.0688
-2.1647
-0.7704
0.41992
-1.74654
-1.8099
-1.91272
-4.8055
23.064
-0.1798
-5.126
-1.0715
3.9943
-0.6092
2.609
-2.3391
2.4099
-1.2033
-0.0139
-0.3534
-0.6202
1.038
0.2853
2.9849
-1.7627
3.772
2.86
8.8071
0.2258
-0.427
2.9202
-6.8153
9.6662
2.2337
0.633
1.1041
-0.4043
5.7536
1.1393
3.57964
0.2797
-7.1354
-4.3695
-1.2542
-2.9856
0.03061
-1.43773
1.14414
5.4278
-0.131
-0.6906
1.4709
0.9503
-0.2035
3.4924
0.4824
-4.0862
-0.7247
-0.1987
-0.829
-2.0389
-0.8305
0.7666
0.3312
-1.9898
4.881
-1.8123
0.2212
0.4236
-2.0569
-1.5512
2.5221
-1.0669
0.8301
1.306
-1.3325
-0.0421
3.43029
0.9397
-1.2995
6.218
-0.7173
-0.6573
0.8985
0.8847
-0.4992
-0.0292
1.1334
-1.2353
-2.0246
1.84
1.3718
3.0665
0.4004
-0.6511
-4.0111
0.4592
5.7328
0.8743
-1.12291
3.46006
3.10952
2.138
6.6215
-0.4659
2.3339
-2.5656
2.1666
-1.56483
-0.2642
0.6707
0.2404
1.2064
1.2647
0.4496
2.0881
2.039
-0.6449
1.63645
-2.49497
-0.74174
5.0735
-0.8559
-4.0899
-3.69057
1.9373
0.96749
0.47297
-0.0306
0.5497
-0.1473
-1.33794
1.5581
1.0284
1.15606
2.0522
-0.3994
-0.81199
-4.8987
-13.01819
0.81263
0.1249
-2.32628
-1.85806
-1.102
0.5283
4.0144
0.53013
3.66867
-0.21955
-3.14183
-1.7515
3.6324
-0.1206
-5.1866
-0.2356
-0.08391
4.69595
0.47235
1.1323
1.168
NA
1.617
1.4473
1.7879
-2.3799
-1.6817
1.539
0.7658
1.2553
-3.0284
-0.5626
-2.9402
NA
NA
NA
-1.1444
-0.0617
NA
0.4736
-1.09477
-1.1894
2.4156
1.9234
1.7052
-2.5657
-0.0956
-1.1747
0.0301
-0.9176
1.8182
2.251
2.4167
-0.04777
-0.5718
0.5093
5.833
3.215
-0.1431
1.7058
1.15305
-0.60124
1.6914
1.87488
-1.5651
-0.9728
0.4361
-0.27927
2.6401
3.06391
-2.7235
-8.2311
-0.4838
-1.09356
-1.0766
1.6961
-1.4446
-4.5761
-0.537
2.08
-1.8029
2.3756
2.1828
-0.3761
-1.4508
-1.311
4.8672
0.4959
-3.7395
-1.7058
-9.0849
0.7119
5.106432
1.75985
0.249144
-0.502161
-0.129184
1.304886
2.663202
0.203933
-0.402321
-2.487373
-0.076324
0.700258
0.6225
0.814276
-1.1582
0.9134
0.2247
0.6246
-9.284
0.9705
1.2181
-1.8543
0.4142
-0.6516
-0.7467
1.5731
-3.7878
-0.086
7.037
3.27308
-1.20885
-3.0708
2.31967
-7.43535
5.53613
-0.2769
1.18736
0.6622
2.3283
-3.78374
-4.27922
0.309
0.07322
0.33292
-0.2922
-0.2275
1.16384
1.28768
-0.4729
-0.32899
0.3124
0.36076
-0.5487
1.96615
-1.20568
-3.22539
-1.3185
-0.50002
2.69197
-3.38909
0.8567
0.2347
0.9918
0.0903
0.6035
1.4581
-2.0366
-2.8005
-1.0021
0.877
-0.4429
-0.5827
-1.1991
-3.4501
1.0658
-0.7396
1.2727
-1.3745
-4.3351
0.6466
-1.3056
-0.9636
0.8864
0.485
1.6006
2.816
0.7044
4.7842
-2.7638
3.8108
-3.9709
1.5948
-0.5098
-0.259
-2.0508
-1.8752
-2.1381
3.8894
-1.2648
-0.8522
0.2427
-1.8057
15.1636
-1.51467
-1.25147
0.9134
0.0208
1.12518
5.03236
-0.45742
-8.25241
2.17154
0.17373
1.65207
-0.6786
0.83455
2.48104
-0.81882
-1.0674
-2.8615
4.47401
3.71807
-2.53522
-0.21476
-0.38471
-1.1193
-8.76493
-3.6645
1.7299
-0.38181
-0.67895
-0.16199
4.8122
-0.86953
0.0047
3.14794
2.927
-0.0785
-0.79453
-2.92008
1.55709
-0.475
-1.9546
0.1282
1.2497
1.39448
1.39279
-0.55054
-1.47831
-1.39683
0.9544
-1.87983
0.1072
2.27737
1.72633
1.06409
-0.00752
-2.9388
-1.7539
4.04523
-2.6522
-2.4928
-0.9351
-3.0976
0.0909
0.8472
-5.8256
-0.325
4.1069
-3.5761
0.717
-0.978
-1.4334
2.5257
-1.0839
-1.1397
-0.1224
-1.6842
-5.0889
-1.8136
0.735
0.7908
0.8899
-1.8146
-3.3935
3.9705
-3.1364
-5.4807
2.5479
2.064
1.3082
-4.3342
0.7649
0.2363
3.1627
-3.3966
2.8042
-2.4774
2.02865
-0.24299
-1.5568
3.8555
0.2345
-2.3146
0.672
-12.5076
8.394
1.8991
0.1939
1.4914
-2.1924
0.2523
0.7193
1.58573
-2.33179
1.034
2.19656
4.1788
-3.6748
-1.07803
4.62813
-0.2865
0.2654
-0.2469
-4.3393
-0.2768
0.6112
2.4157
-3.7718
-4.5692
-1.4625
-1.2824
-2.5683
-2.2212
0.014
0.8718
0.2894
3.526
0.4777
-1.3296
2.2571
-1.2849
-0.411
0.2857
2.3516
-1.5742
-0.864
-0.7129
1.1539
-0.7912
3.0753
-0.5363
-1.8624
-1.058
-1.5024
-0.6118
1.6263
0.2783
0.7624
-0.9852
-1.1782
-0.6311
-0.8001
-10.1152
2.5619
-2.6945
-3.4703
8.4831
-9.7494
2.4904
4.0945
-1.3716
7.1752
10.6015
-1.2049
-1.7934
-7.0496
3.4905
9.261
-6.6575
4.064
-1.7081
-1.6018
-0.4036
-1.9332
1.8497
3.5829
2.0974
-4.9421
7.6483
-0.4137
-1.2886
0.89
-3.1411
-1.121
1.7796
-4.6256
-1.0842
-1.1694
-2.093
-0.0627
0.2696
3.3738
-2.5192
-0.0975
0.408
-1.8648
-0.826
0.3764
-2.5112
-1.7425
-2.1264
-1.8033
-3.8808
-1.9653
-1.9165
0.4309
-14.7439
-1.656
0.3518
0.3647
2.0185
-0.6199
1.0106
1.1597
-1.9471
-2.5577
0.7639
0.2352
0.6678
0.1306
-3.0028
1.4012
-0.9561
-0.7897
-3.7878
0.4008
-0.98362
-2.9627
-0.2273
0.7494
4.6044
0.81745
5.82862
0.6842
0.07834
-5.4758
-0.00424
1.74479
1.79219
4.99145
-1.91818
0.31551
1.14695
-5.3045
1.95035
0.7695
2.56272
-1.32855
-0.95069
-0.50903
0.40388
0.5958
1.0623
-0.00031
-1.54148
0.91354
7.30515
1.55326
-2.14106
3.0537
0.32078
-0.65096
5.31249
4.10058
1.53342
-0.5022
0.4455
-2.9734
0.4241
-6.81809
-1.9078
-1.59614
0.21645
2.64009
-2.987
-2.8308
7.01288
0.37621
-2.12287
-2.69886
-1.32229
0.9003
-2.08059
3.603
-2.12688
-0.913
-1.6527
-2.018
0.98157
0.38444
-0.42787
0.4292
2.53424
-0.28109
-1.23608
1.449
1.5094
NA
0.8093
0.68329
-2.0764
-1.6257
2.5629
-0.83609
0.26005
-0.7518
NA
NA
-2.9453
2.2879
2.0068
0.5837
-5.202
-4.9187
1.2465
-0.9703
1.8494
-0.406
-0.4485
1.8893
2.6909
-1.7104
0.5865
1.4447
0.0869
1.6299
2.4265
2.0015
-1.2864
-1.6968
-0.3228
-0.7122
-0.7155
-0.6745
1.0706
NA
3.9101
-0.9168
2.832
-4.4959
-8.3299
-2.4964
-1.206
0.9696
-0.381
-1.2748
8.3351
4.4257
-0.4221
-1.5927
1.3129
0.0382
-1.2453
2.5611
-0.5577
-0.1452
2.5824
-0.8961
0.26404
-6.3441
-5.8009
0.24143
-1.83865
-1.15706
-0.79672
1.313
2.4866
-5.1375
-0.62019
5.12676
-1.22414
1.01054
2.7678
1.71961
3.28813
-1.2525
-0.40882
-0.407664
-7.721053
-5.086317
5.473766
-3.1872
0.767
-1.176109
-4.991924
-0.1289
-2.434
0.32097
0.579861
-1.4829
0.6087
4.575956
2.671279
-0.6112
-0.728908
2.488072
2.0067
0.7248
0.6615
1.9947
1.0775
-2.1705
-5.1107
5.3286
-4.6848
-0.1204
0.7682
-1.3845
1.6184
-1.8584
0.4796
4.3306
-3.9947
-0.9507
-0.3518
-0.878
4.4448
2.9556
-0.6252
10.5772
1.0203
1.2797
-0.8099
3.2309
-1.0486
-21.1581
-0.6667
0.3671
-0.6132
0.5309
-7.6472
-0.0908
-1.9886
1.0655
-0.9523
-7.4169
0.2784
10.5691
-3.379
5.0922
-1.1464
0.8926
-5.6486
-5.44489
4.19408
-0.8741
-1.7401
-1.7331
-1.569445
2.0928
0.0941
2.0392
2.3165
2.4399
-0.15564
1.184
0.1099
-0.37559
0.6101
4.0989
-2.1466
2.35119
-0.03387
-0.7833
1.927494
3.6497
-12.7693
0.475
-0.44656
1.9582
-7.4561
2.2078
-1.4744
2.8038
-3.775
-7.0549
-0.1525
-0.19147
-0.0159
-0.3977
3.3213
2.7882
-1.36775
-0.3167
-4.48148
-1.76731
1.68036
-0.371401
-0.95716
-0.2084
-0.767197
-1.249374
2.70111
-3.4912
3.2309
2.15928
1.07017
0.624772
0.9494
1.9194
-1.68686
-3.3323
0.2739
-1.0768
1.26576
-2.31425
0.8529
0.86444
0.8724
0.3791
0.00582
-0.960634
1.6024
-1.9747
-0.0677
-0.2129
-0.8425
0.8605
1.5493
-0.239
-0.1333
-0.2756
-0.3598
5.8994
-0.4789
-1.4691
-2.1648
-3.1411
2.9562
-2.1695
3.7849
-4.6488
1.6383
2.0838
0.9515
1.08966
6.0245
-0.87954
1.6449
2.6078
0.21707
1.721796
8.701
-0.85041
12.8468
-7.897
-2.224
2.1704
1.1011
-0.14723
0.5982
0.48655
-1.85493
-0.9117
0.1495
0.9013
-0.4534
4.0274
1.52463
2.0785
-1.9123
1.5146
-1.0104
-0.3632
-2.616831
2.6512
-1.544125
-2.1323
1.2107
-1.8557
-2.8986
0.48348
1.19735
0.1289
-0.8451
3.06022
4.34179
-0.1428
-0.9568
0.7614
-0.905
5.7369
0.946
0.5533
-2.2198
-4.96453
0.21536
-5.4404
-0.25753
0.2772
5.6838
0.02006
-5.16733
0.6601
-0.7892
1.3634
0.52429
-0.8221
0.8181
-4.7977
0.2282
2.3672
-1.0705
1.7249
0.3069
1.1112
-1.982
-0.13387
-1.3197
1.07035
-0.39246
1.64377
-1.4386
1.5698
0.6633
-2.653
-1.0746
1.0916
-0.9829
-1.4431
-4.3823
-2.366345
-2.9214
-0.2719
-2.0945
-2.48892
0.89317
-0.6211
0.553
-0.4298
-1.2661
-1.6011
1.27286
-0.6437
2.2631
0.7627
-1.4075
2.2624
5e-04
-4.6005
-1.9919
3.635
0.56454
-0.5301
-2.8535
2.2291
0.0507
-2.0002
1.2403
1.8546
-2.1436
-1.2033
0.2856
0.93827
-0.682
-0.118516
-0.8981
-1.6078
8.44
-1.7655
-0.9825
-5.7207
-0.0813
0.21272
1.12124
-0.26451
-1.0563
-2.4864
-1.5976
2.33614
-0.43681
0.978
10.3535
0.7369
0.0778
-0.00472
0.7326
0.2184
1.0007
-0.0852
0.73291
-1.60829
0.7971
-6.478066
1.40581
-6.767
-0.4572
-1.68527
0.24654
2.7296
2.468
1.9299
2.5853
1.1786
1.5068
2.966044
7.87409
-1.5346
-5.2047
-0.5617
-0.6247
-1.4707
0.61061
-2.0049
-3.5311
1.2666
1.4709
2.2589
1.18775
-0.85049
-2.7207
1.70109
-0.38432
-1.3866
3.2363
-0.5613
4.59183
-3.5532
-6.58574
0.2758
-1.204
1.1035
3.95807
2.2866
-1.77448
-1.36709
-3.10977
2.81232
-1.41311
-0.35043
2.4789
2.73836
-1.4932
0.63435
-3.9094
-3.2132
-0.3556
-0.1204
1.0085
0.7276
2.0889
-3.049
2.35842
-1.7992
-1.8013
-0.41
0.5258
4.69664
-2.0398
-5.4113
5.9718
-0.3215
1.4026
-0.8934
-9.3122
-13.9259
0.3124
3.0225
-2.1783
1.8027
-1.8818
3.6502
0.6231
-0.7886
-0.5805
-4.74774
-2.6747
-0.4908
0.4094
-1.9002
4.4622
3.5058
4.9411
8.4367
-2.8807
-3.07665
-1.9007
-0.3712
0.01681
-2.04753
-1.5027
-2.5899
1.1419
-0.1318
1.21941
0.08617
1.9452
0.6901
1.211
2.9913
-3.2822
1.9527
-4.4088
1.9215
2.3924
2.0937
1.01
5.7698
-1.64127
1.5422
-0.32276
0.8129
-2.8682
1.80356
1.5827
8.1195
-2.8165
-2.7139
0.3477
-0.20928
5.0869
1.21741
-2.4133
1.2027
-2.0079
4.69596
-3.9146
-1.8673
1.0862
2.86807
-2.61718
-9.1388
0.4311
-0.2261
-1.1709
0.5366
-0.8081
-0.0455
0.8286
0.6224
-0.0192
0.11589
1.7773
3.6737
2.8225
-2.0071
-0.90507
6.0147
-1.205
-1.1888
2.45805
-3.63215
0.57493
-0.746
2.3856
-1.41841
-2.5084
2.6174
3.06872
2.57672
1.1632
-3.0059
6.4625
5.9276
-1.3289
3.3839
-3.4909
1.8348
-0.4759
3.46446
-11.8046
1.1241
0.45421
-4.0111
-5.4809
0.1311
1.4529
2.45334
2.6551
-0.72443
1.2774
3.03203
-1.0416
-2.6818
-4.0112
-8.516
0.7964
0.01021
-0.46773
0.26545
1.9484
4.3201
-0.8875
-2.8295
0.9943
-0.18079
3.2635
2.24938
-2.74513
-1.1927
2.9277
2.5063
6.58922
NA
NA
1.7943
-2.2308
2.8238
0.5521
0.04816
-6.7263
4.2142
-0.6434
0.3717
-1.7871
0.7221
3.0251
-1.3509
3.2077
-3.6474
1.9387
-1.4022
-0.2209
1.8521
-7.702
-5.2232
2.4794
1.5226
1.1919
-2.0711
2.7535
0.9555
-0.4843
4.203
1.0014
-11.2441
1.9653
1.9504
-1.237
-0.1133
0.6312
1.3628
-0.5268
-0.9284
-1.6152
-0.5421
1.8215
-0.5445
0.4257
0.3641
-1.2859
1.573
-2.0044
-0.0464
-2.7316
1.3194
0.7441
2.6641
-1.5648
-1.2298
1.8763
1.6599
3.0022
-1.7873
-0.7798
2.2337
1.0045
0.1778
2.4162
-1.0385
2.8413
0.9015
-1.327
0.0381
0.7101
1.4169
0.1369
-0.9857
-2.1231
-0.349
-1.0036
-2.2381
0.3403
0.0951
2.5101
0.0464
-0.565
0.28691
-7.3133
0.647
5.1043
-0.42401
1.25841
0.52948
-0.588
-0.2211
1.776
2.4954
0.8211
2.151
2.276
3.46581
0.0995
3.5736
1.7117
-0.39602
0.343
0.4277
-1.8618
6.4784
2.3131
0.5982
1.38149
-1.9097
-0.89566
-1.6337
5.60761
-0.3736
1.6191
-1.2121
0.3836
3.9936
-0.7782
1.2876
0.81439
-3.3327
-3.88512
0.7773
-0.8626
1.09141
-10.4058
-1.73358
3.94014
-1.50544
-1.7364
-0.40908
-3.52186
0.51123
1.48007
0.16723
2.71918
-2.22336
-3.29152
2.03779
-6.7743
-1.34794
1.0054
1.83762
6.9976
8.8387
1.021
2.5404
-1.1342
-1.0874
-0.60475
-0.5214
0.0811
0.6326
9.99303
-1.5316
-1.4109
0.83735
5.29205
-1.17372
2.0945
0.11668
-0.2113
2.3179
-1.46295
-6.3737
0.19871
-8.0514
-1.99758
-2.40236
0.44036
2.6421
-2.2287
-4.287
-4.88545
-5.05636
-1.61363
1.6256
-1.5055
-3.1733
1.96248
2.0943
-4.3342
-3.08405
0.0365
-2.32989
-0.8533
0.377
-0.3082
0.6678
0.2907
-6.0509
1.17487
-0.19447
2.33126
1.13664
-0.65935
0.29271
1.75067
-0.8942
3.70796
-2.43196
0.0427
-1.63872
0.21126
-1.552
0.82985
0.86337
2.63125
-0.01036
0.37904
-0.56143
-1.42613
-1.46298
0.39641
3.61641
-5.03726
0.9322
0.90635
-0.5971
2.0493
-1.0085
2.43766
-0.10039
2.0897
-1.13565
-0.4337
1.3099
-0.1023
0.8044
1.1018
-2.1907
-2.4242
1.9891
0.7493
0.70852
-0.37352
-1.2719
-0.9528
-1.2143
-2.4409
0.6032
-0.5056
-1.5387
2.8964
-1.8594
1.0977
-1.1991
-1.3288
1.5549
1.3227
0.4167
2.6884
1.613
-0.507
-4.1802
-0.6175
-2.0608
-1.2887
-0.0871
-1.8254
2.4221
-1.7722
1.48297
-4.2322
-0.2585
-0.2585
-2.1909
-1.5965
-2.319
1.6869
-0.8537
0.08448
0.66144
-1.37
-0.02134
0.98188
-0.6688
-1.5494
-1.8024
-2.98854
-0.5575
-2.315
1.1987
0.8152
1.5776
0.591
-0.96129
2.70885
2.87151
1.25953
-4.47523
3.96974
3.712548
-0.6381
-0.01542
-2.0065
-0.2509
2.330206
-0.6004
1.312878
0.4573
-3.56048
-1.6288
0.16121
1.55815
-0.6997
-0.6844
-4.578
0.04016
0.7486
-1.080819
-0.9858
1.3566
0.26599
-2.28532
-2.3256
2.637532
0.15429
-0.8425
-1.0301
-4.1852
0.8423
-0.860347
1.612974
-0.830266
8.521912
-1.0396
0.24846
1.190393
-2.1777
0.736853
-2.90648
1.6916
1.0742
0.4817
0.72822
9.9526
-4.622
-5.1642
-1.16131
2.05814
1.95162
-0.9439
4.081922
1.148453
0.143747
2.2896
-1.8873
2.1608
-1.1168
-2.357769
3.682
-2.1902
-3.21345
-5.67418
2.3568
1.060803
4.2239
1.99681
-0.307539
-0.0278
-3.397
2.7376
0.59636
2.2673
-1.212
-4.918982
-0.256349
-0.855
4.7005
4.784
-4.6734
-2.81
0.24111
1.4552
-1.1063
-0.47449
0.9067
1.0273
0.5007
0.3633
-2.2717
-7.9259
-0.8667
-1.0694
-2.3658
1.1737
0.5179
-2.6742
-0.472
-1.7902
0.48767
2.09804
0.00147
0.4362
1.85517
-2.33716
2.2058
1.1835
3.1447
-0.72626
-0.3222
-1.5553
6.03004
-0.01278
-0.67773
-1.227
-9.54008
-4.88342
-0.66313
-0.07682
-4.2154
0.9333
-0.19323
7.13996
-0.5932
-1.11311
4.4315
-2.084
-1.3459
-1.68265
2.5843
3.9728
4.467
-0.60565
-0.84272
-1.07164
-11.30999
2.99374
0.3178
-2.8996
8.6531
4.7684
3.54418
-1.033
1.3741
1.71515
-0.4864
-0.6891
-3.24789
1.1363
2.24015
2.30619
-0.8286
-2.7139
-2.8184
-0.4209
1.3155
0.8164
-0.74783
-6.1909
-2.5635
0.09008
-1.7836
-0.4346
-0.4188
-0.1028
0.2686
0.1609
-2.5492
-0.8899
2.86356
1.6963
6.18005
-4.78302
-2.6767
0.52877
-0.6317
12.9066
0.7818
-1.361
-2.5047
0.67515
-3.96562
2.24139
2.87567
-1.53066
-0.7506
-1.63578
4.16556
1.80321
-12.46437
-4.8961
-0.656
0.03315
-1.84254
0.8013
-0.6783
-4.2158
1.7323
0.7451
-0.7819
1.4064
-1.33308
-0.097
-1.37188
-2.4401
0.98978
2.5011
2.9294
0.50961
-1.6614
3.9412
-0.7472
1.2469
1.35
-3.7581
3.1984
3.026
-0.5668
2.32144
1.7397
0.92954
1.079
-0.95774
-0.2001
-4.4072
-2.3066
3.898
-3.34739
-0.763
-2.2265
0.4884
-3.6356
-0.2521
0.5329
-0.7473
0.6367
-0.20252
-0.3478
5.633
-1.4744
1.04363
1.7559
11.9011
-4.1527
4.1564
-0.8784
-4.0674
NA
5.8237
2.3505
-1.5047
NA
3.00017
-0.3694
0.0164
1.917
1.1647
1.6043
0.7974
2.5209
-3.1013
-2.7764
-0.8412
-0.07272
-0.339
0.36992
0.8265
-0.3216
6.7511
1.00894
-0.50916
-1.3735
-4.3022
-0.1867
-0.41513
-8.3103
-9.3455
-9.3737
-1.25347
-0.58818
0.36053
2.0998
2.75749
0.8378
-3.8233
-4.47276
-4.06103
0.09492
1.1761
-0.4316
-0.18726
1.547
-2.7033
1.45456
2.0654
-3.2793
-2.4288
0.8062
3.34357
-4.33631
1.2393
0.1291
0.01096
3.24474
0.28452
1.83347
-2.8294
2.4825
1.7534
0.0967
-0.5537
-0.32464
0.5364
0.39542
-3.06774
-8.08846
-1.85942
-0.8795
0.3597
0.0729
-1.9446
-4.1985
1.6658
1.36239
-2.6517
2.26291
0.5094
3.4495
-0.15972
-1.3996
-3.19038
-0.8269
-0.4663
2.9847
-3.2251
6.60055
-0.5941
1.8775
-0.2512
1.4743
0.952
-5.9275
1.28133
2.38095
-1.3473
-2.86185
0.0864
-0.9762
-0.51005
-1.5909
-2.6087
1.4114
0.6073
0.4365
-0.877
-0.3694
-1.9526
-0.5648
0.4809
1.7192
-0.8787
-1.745
-1.48322
3.6523
-0.6385
-0.81317
2.4636
0.3599
-1.0784
-1.1475
-0.9792
-0.7395
1.2544
2.03952
-5.4848
1.3239
0.1569
3.185649
0.6984
1.14
-0.371
1.48063
-1.8079
-2.7004
-2.371633
0.9163
3.29
2.2637
-2.1048
-0.9025
-0.7293
6.30863
0.038249
0.21428
-1.95455
NA
-0.6078
-1.82299
0.0427
-0.1197
1.493
2.02327
9.6208
2.0139
1.4898
-0.7335
2.1916
-0.9109
4.4772
-0.4115
0.241399
3.85873
-0.6131
3.2399
-0.3499
0.28988
0.9286
-1.708
1.32295
0.7263
-4.23075
-0.00258
3.8612
3.32561
-0.0392
1.9207
1.80035
1.4761
-1.3524
1.579
3.0539
1.27446
1.7289
0.99628
3.39181
-2.2451
0.8639
-1.7715
-1.211099
7.8219
1.1253
3.6573
-1.1498
2.818
0.4331
0.620368
2.861
-4.619
0.1984
1.1974
2.7468
1.9206
-0.69197
1.1977
1.0664
1.53463
0.52563
-2.559
-8.4011
-0.1339
-2.5303
2.63053
-2.1731
-2.495
-0.5608
0.65251
0.0274
3.2848
-3.6698
-2.76918
-2.1517
-0.221
-2.1199
0.105846
1.3907
1.347
4.0028
0.3479
0.1422
0.6523
-1.2075
1.2224
-0.69229
-3.4699
-0.9799
2.9777
7.6807
6.43664
-1.0525
-0.5022
2.2409
-2.62406
-1.7042
0.1402
0.0257
-0.5077
2.7034
-3.35364
11.7546
2.1015
-2.37387
-10.7687
-0.8952
2.2177
3.3389
-5.2558
3.49716
4.5971
1.65407
0.29372
4.5209
2.9618
0.1005
2.07722
0.2967
0.7245
3.5497
8.2745
-8.7063
-0.2788
0.6099
-0.61355
-4.26983
1.9494
5.3093
-0.012
1.826402
-1.144759
-1.64907
2.2723
10.6678
1.5292
2.247
0.6036
2.39511
-2.9195
3.5561
-2.4024
-9.49
-0.0119
-0.6298
0.602
13.4001
-2.5734
0.9262
1.8123
0.36904
-2.9019
-4.97329
-0.542
0.0696
2.125373
1.3583
0.017
-0.19182
-5.2368
0.8643
1.222999
1.313983
0.0173
1.17981
0.1534
-1.2552
0.2877
-0.6891
0.17435
1.64151
-5.46555
-1.52963
0.8196
-8.7905
-1.211
-1.03412
-4.0143
-1.73592
-9.4648
-2.21753
2.49621
0.8144
1.3094
-6.9691
2.13529
1.6991
-1.504
0.6249
-3.2615
-3.07816
-10.1764
1.3093
1.1736
1.60563
-2.7401
0.1398
-1.531
1.8366
-3.4141
-0.5821
1.30958
-0.88182
-5.6382
1.33286
-1.6438
-2.2191
-1.4134
1.39716
-1.5046
-1.92902
-0.6073
-2.388
-3.956
-3.4054
0.5298
0.7148
1.7982
-1.7593
-1.7238
-0.5426
9.2945
-22.5134
0.8323
-1.5973
6.6513
-1.0593
1.8504
1.0462
-0.00262
-0.6799
-0.573435
0.8997
-4.0211
1.94057
4.4168
-4.0022
-1.2404
-0.06358
-0.35159
0.0891
0.83476
0.1413
-2.1362
1.9184
1.1307
-1.1625
1.676
0.19796
1.7387
-0.715
2.0289
-1.70215
10.1662
3.1585
1.0774
2.2163
-2.844
-1.0974
0.3451
1.5254
3.6873
2.3938
-4.4634
-3.0191
-1.2123
4.2188
0.477
-5.9433
3.2451
-6.4888
0.3603
0.780278
0.4932
1.1801
1.4836
-1.42748
-2.502
1.0436
-0.7043
-1.7718
-2.1117
0.8817
1.7385
1.21899
1.8115
6.47467
1.7982
-0.5511
-0.4044
-2.9265
-5.6495
-3.5579
3.14129
-0.1951
2.69251
-0.3972
1.3648
2.262
-3.2088
4.72009
-0.4462
0.9015
-1.3473
0.6874
0.613
2.25817
-0.9324
1.14856
0.3754
-4.0039
-1.633
-1.0461
-10.7608
-1.6845
-2.9118
-0.6909
2.8469
-0.1625
-10.5934
3.402059
-1.445
3.876
2.7814
0.0598
-0.27815
0.0795
-0.42163
1.56078
-0.76137
-15.09679
0.1057
1.80514
1.77417
1.3384
-0.0631
-3.6076
2.3821
2.26
6.05
4.95739
2.9145
2.2246
-0.1462
-4.0993
2.23947
-0.20535
-1.2641
0.7386
2.02615
4.0042
-9.5179
-4.66078
NA
0.69873
-2.38
-0.54294
NA
-2.8163
0.7956
1.6995
-1.0917
3.9566
-3.5648
0.1362
-0.23453
0.88076
0.6355
-2.315
4.8096
-4.0932
-0.2266
-1.2827
3.2519
-2.99989
-2.0422
0.18548
-2.4626
2.9094
-3.7979
-2.821
-1.6912
-1.1368
3.8074
-2.6552
-1.7709
-3.477
-2.2449
-2.9138
-2.1074
-3.2364
4.5443
-0.08023
4.8417
0.02953
-6.3591
0.2992
-1.8389
3.4784
-0.51923
2.5783
-0.5549
-21.8564
3.8973
-1.1576
4.4664
1.1018
3.1132
0.76522
-0.60345
-1.39584
-0.04688
4.8771
-1.4422
-0.5152
-1.3437
2.09316
1.35387
-0.22861
-3.6591
-22.0874
-1.23276
0.7263
0.88723
-0.3984
-1.7306
-6.9829
-4.4914
3.59272
-1.0351
9.2111
-0.70892
-1.9359
2.0238
-1.5825
0.0756
-3.116
-21.5346
1.7336
-6.4002
-0.7233
-0.6876
-6.83511
0.9635
0.1442
4.3849
-0.57
-2.4098
0.5363
1.58717
-1.9554
2.9953
1.0072
-1.14664
-5.8636
4.7585
0.2765
0.2825
-0.64655
1.983
-0.7188
0.8118
1.9816
4.1009
0.71288
-0.3803
2.48757
NA
0.1113
1.2954
0.1657
3.5791
8.1954
-2.0097
-8.8676
3.4221
-8.744
-2.4692
4.1874
9.1581
-0.588
3.05237
2.6101
-0.4504
-2.4945
-0.64887
1.80245
-2.1374
-2.78474
-2.99998
-1.0865
0.66208
-1.7606
2.546
1.2314
1.43377
-1.1313
3.3419
-1.55452
2.343
5.01587
-6.3773
1.5873
-0.1932
-1.0424
-10.1794
-1.5915
-0.9375
6.87825
-17.7455
6.565
5.0941
-3.5184
-0.76308
-1.93473
1.4653
-1.1728
-1.6893
-0.4442
-0.487349
1.4113
-7.47553
-2.9774
-1.5798
-2.2448
0.40205
0.299454
-1.7299
1.8473
0.8281
-1.2753
-0.5266
0.4773
-4.20066
-1.31496
-3.46303
-1.0748
-4.2253
-0.456
-0.59656
0.06801
1.9843
-2.37391
-2.9556
0.2905
2.1097
5.41326
NA
3.2527
-1.4185
9.3337
NA
-0.9183
1.2761
1.5945
2.51089
0.169
0.3779
2.5007
-0.24813
0.3808
0.167
-3.2844
-4.11769
-0.1977
5.20191
-7.947233
1.8998
0.8962
0.1589
1.6731
1.5932
2.01071
9.6207
1.2529
-1.7797
0.22772
1.9749
0.7282
-0.45436
5.0012
2.61075
-0.23614
0.48105
-0.1253
0.05153
-5.5448
-2.08653
3.1634
1.1565
1.51966
6.2132
-3.0121
-2.23958
-0.5787
0.7325
1.4773
6.1548
0.063
-1.1472
14.69961
-1.4621
0.26667
5.03779
-0.25539
-0.2912
-7.38044
1.432
1.17825
-0.6951
-2.2427
-0.7791
1.3295
3.2742
2.39836
-0.6324
-0.7009
0.9879
1.316097
2.4864
1.2248
-0.3246
-0.9304
-0.25305
0.0848
-0.439
-0.3047
-0.842371
-0.68879
1.1261
1.8958
11.2716
9.5208
-3.2548
0.70179
NA
6.1709
2.7289
0.602
4.22233
0.2897
-2.3891
-0.2241
-1.1175
0.043543
-0.55012
-1.9337
-0.1527
-5.99796
0.5975
1.03739
1.0047
-1.86943
7.9554
0.4377
-4.0488
-1.23872
2.5603
-1.8863
-1.1092
0.61
0.7625
-0.2593
1.81803
3.838522
-0.2357
-1.906
2.7471
1.92712
3.4707
0.61297
-0.9834
0.45506
-0.25257
-1.42937
-0.67775
-0.79642
-0.5192
-1.1572
0.9396
2.0379
-1.1036
0.57141
-3.2204
1.4014
1.3434
0.7469
2.354
-0.8869
-1.2859
2.35907
-0.3507
0.97231
2.185
1.1653
-0.2321
14.8236
5.1118
3.412
-3.23266
5.1421
1.6056
-0.7797
6.58959
-0.29771
0.9956
0.6445
-0.1382
-2.1898
0.1372
3.33221
-1.3446
-3.3662
0.3204
12.8974
-0.3923
0.9365
3.41968
-0.0967
-0.3168
3.5354
-0.9305
-0.7955
6.0076
-1.338
-0.2707
4.0328
-0.9648
2.0096
-1.66378
1.7951
1.1844
0.2753
1.33858
3.7602
-0.9332
2.4408
3.92856
2.2883
1.4279
0.1998
-1.0704
0.8649
1.57256
2.3695
0.04962
-14.99714
-0.0697
-0.0646
2.566734
-3.5326
5.3011
0.1765
0.4213
1.90673
-1.2634
15.6589
3.24324
-3.1688
-0.00593
1.55606
-3.8126
0.7259
-6.0485
-2.4163
1.8095
4.1085
-2.561
0.66883
3.7586
-1.89813
0.24547
-1.1079
3.2945
0.3348
-3.71444
-0.1473
0.9897
-5.0291
-0.6506
-3.46703
-0.9543
3.0829
-1.0692
-0.72083
-4.9922
-0.94995
-1.15576
-1.7675
2.1511
1.418
0.0742
-0.517796
0.808
-3.90801
2.8681
1.27004
0.8796
0.09761
13.1527
4.0513
3.8094
1.5568
0.4076
1.0249
1.03692
8.2278
-0.0785
2.2263
-1.4706
0.0685
-1.413
-1.0532
2.0659
-3.64726
0.846465
4.15602
1.31902
2.8402
-3.54851
-2.3696
0.9905
-3.2396
-2.41776
-2.5627
1.704
-3.2589
-0.3339
1.5726
0.2239
-1.15289
0.6764
-6.2427
0.8174
2.2358
-1.0223
0.9638
-0.41522
-3.4166
1.1804
0.00185
-0.4327
-0.1585
-0.3452
-0.2579
1.832
0.47002
0.7415
-5.5387
-3.6012
-3.55895
-0.66467
-1.0001
1.4244
0.77269
NA
0.53443
-0.5665
1.0605
0.932
-0.6449
0.4659
1.9848
3.696
1.2682
-3.0781
-6.02558
-18.6842
-3.2006
-3.23205
0.7455
-1.9804
1.8015
-2.806
-2.2299
1.3413
0.9636
-3.4786
-3.29324
0.5118
0.681
-0.4057
-1.6196
0.1222
-2.6518
1.3523
1.8177
1.1238
-5.4964
-1.5843
3.2897
1.3237
-1.41034
-2.60653
1.0559
3.07709
-1.164802
-1.4766
-1.158737
-3.1654
-0.162591
5.5908
0.5455
0.3379
-0.3115
1.5683
2.9776
1.39
-0.8728
1.2381
-0.9121
-1.3379
-3.7693
2.6345
0.51178
-0.8039
-2.42843
1.8413
-7.70149
7.17412
0.4465
-3.0444
-0.9145
1.7857
6.9674
-0.0831
2.38018
2.39253
1.6881
-0.5337
-0.2724
0.7953
-2.0571
-1.0784
0.6042
-3.6225
2.8057
0.82639
2.06971
-1.9307
-0.8224
0.0738
-2.7142
-0.4564
0.6165
NA
7.26167
1.78505
0.14604
-1.6079
-2.4476
0.4317
-0.6135
-3.2152
-3.02506
4.6078
-0.94682
-0.8349
0.2685
-1.3599
0.8536
0.0149
3.8327
0.28376
-1.791846
-5.6448
1.4905
-2.2594
-0.48558
0.6735
-0.17986
0.8716
0.23782
3.1224
2.0541
-0.015493
4.8643
-0.7008
2.5668
4.8947
0.4424
3.6412
1.81138
0.3204
-0.41164
1.77813
0.3961
-1.1824
-1.2156
0.9542
-0.3045
-6.0064
1.223837
2.28281
-12.8488
2.3424
-0.339273
0.81033
-0.5008
0.8092
-9.5136
-0.6083
0.31056
-0.0302
1.95468
2.34316
1.6278
0.75043
-6.1497
1.4959
-0.2492
-2.2412
0.26926
0.0105
-0.1685
3.1629
-2.4504
5.44482
1.7318
5.88732
4.7535
-0.76947
-3.0399
7.81537
1.3966
-3.821039
-2.14517
0.3501
-4.66014
-6.9959
-0.472379
-1.85813
-1.6907
-1.05275
-0.9037
3.6241
-0.7242
0.657
-0.2457
1.371
1.8721
-1.6535
-5.4909
-0.1101
0.322
-1.7261
-0.1165
0.707185
1.2572
2.66887
NA
-1.0412
-1.9503
-7.3295
-2.16872
-2.5476
1.8335
-0.2712
-0.67028
-0.7877
-0.7716
0.6281
-0.18215
-2.8923
1.3585
-1.62687
2.71761
2.1192
2.9724
-0.6862
7.351
NA
1.82864
-1.9719
0.3763
-2.7525
0.5914
0.94864
0.56452
0.50725
0.75093
0.0156
1.29402
-0.67686
-0.7298
3.7415
-1.41797
1.9214
-4.3038
0.118
-18.44878
-0.6769
-2.1388
-3.3627
-1.66071
0.4667
-1.2855
2.3581
2.9814
1.4496
0.30945
3.50893
-0.21333
2.8464
-2.2878
6.48255
-1.3683
-1.97421
4.7784
2.7334
-0.1381
-1.684568
10.4114
-0.17868
NA
0.28989
-1.1454
1.3973
1.3648
-0.868755
-0.51201
-0.86986
-12.679
-2.1708
-15.9697
-1.74343
-0.3165
-0.9669
1.9781
1.5175
-0.4453
1.3796
1.4779
-2.13348
0.51938
1.92491
-0.71245
1.01102
-0.2915
-6.791
-2.0614
NA
3.5608
-1.5255
1.1479
-0.16225
0.2986
0.76832
0.93087
10.5311
1.5957
0.4165
-0.3465
-0.7475
-0.4528
1.5748
-0.2361
0.07906
-3.79818
0.378
-1.67744
-0.4555
1.8118
-1.05225
-1.0079
NA
-1.1229
0.38311
-0.579
4.817833
-3.6171
0.23
-7.0758
-1.14312
-0.2707
-1.0311
5.03717
0.71407
1.0701
-2.0453
-6.0415
-0.8331
2.0177
0.5363
5.078
14.4545
2.75332
0.05896
-2.0357
-0.5252
-3.89815
-1.276
-1.6358
-2.178
-0.321
-5.0924
-1.28
1.5322
0.3678
-1.65714
-4.9706
2.10066
4.0814
-3.3391
0.367
-0.8489
0.692
1.96446
1.5861
2.2578
1.49467
1.18905
-0.6291
-1.5394
-4.0832
-0.17524
3.1678
0.3337
-1.51496
-0.9537
-0.9766
1.4511
NA
-1.21087
0.35989
6.50086
-1.6388
0.76752
0.67078
0.8534
-1.9142
-4.0504
-2.0817
2.4178
4.3075
0.4752
-1.9592
0.3307
0.44244
1.1205
-1.9098
-0.7102
-0.46399
-1.6117
-0.46651
1.7106
0.8881
-1.5848
1.02959
4.0092
-0.4819
1.2
2.07932
2.8489
-0.4594
-0.7797
-1.6712
-1.10448
-4.048
-7.748
8.6924
2.98996
3.0885
-3.0117
-1.5997
-3.69236
-2.63247
5.83788
1.595
-0.2064
3.9141
-0.2434
NA
1.5047
-1.705
0.0277
5.8038
-1.4237
1.1943
1.30612
0.8594
1.41547
0.60009
3.1727
-5.9834
0.8799
-0.7595
-0.550026
0.6309
-1.2468
3.5486
-1.4411
-0.14122
-2.5624
0.8174
0.8978
0.5345
-2.9586
2.1262
0.3425
0.8585
-5.03068
-1.6062
1.5857
-1.1889
-0.5499
0.56349
0.324
0.6904
0.5067
-0.7872
-1.34093
-4.9019
-2.8209
1.056
-0.7138
-3.5189
0.1798
0.1563
1.1189
0.3107
3.1534
-1.29985
-0.1724
-1.13597
1.6678
NA
2.713
3.43259
3.19245
0.0378
-0.98849
0.6009
0.1887
1.01571
0.6466
-0.5419
0.8725
-2.278
-1.9143
-0.073
0.0545
-0.6087
0.4042
5.126696
-0.5029
-1.8346
1.8929
-0.7023
-2.6591
0.1216
-1.513
-2.0627
6.0058
1.8885
-0.5546
0.023
-0.10172
0.9547
-1.3785
0.2347
4.5812
0.3654
-0.0137
0.00598
0.2238
1.442524
-1.7902
0.767029
-0.70326
0.624593
12.1068
-0.306428
NA
NA
-0.3443
NA
NA
1.4943
NA
NA
NA
NA
2.0178
0.3504
-1.0713
NA
NA
NA
NA
NA
NA
NA
NA
NA
NA
NA
NA
NA
NA
NA
0.70131
NA
NA
NA
NA
NA
NA
NA
NA
-2.4913
NA
NA
NA
-1.7076
-3.6471
0.44001
NA
NA
NA
NA
NA
-1.4663
NA
NA
4.9515
-0.5858
NA
-2.04901
3.2539
0.703
NA
-0.958472
-1.28414
NA
-3.5289
1.1422
3.3884
2.2205
-0.1233
1.9165
0.08899
-1.3901
0.8014
0.6166
-3.3437
-0.2419
-0.7013
-2.2791
2.7878
1.01557
-1.82423
-0.94097
1.74221
-1.5465
0.32059
1.20986
1.6373
0.2357
0.68658
-0.3165
-1.3996
0.1086
1.8206
-6.3454
-1.3925
-0.7592
-5.5788
-4.0117
-3.5074
-1.18358
-0.37463
-0.5439
-0.70722
-1.29259
-0.0018
2.4614
-0.7952
-1.32611
0.3391
1.0195
1.3153
0.5233
1.8143
1.2987
-0.1222
-0.3888
-9.0047
-1.3824
-2.30778
-0.8894
-4.1911
-0.555
-4.1601
2.6272
-0.30371
-4.3566
-0.1268
-0.1523
0.2177
1.5489
0.436
-0.50247
4.35716
0.13308
-1.4192
-0.5529
NA
NA
NA
NA
4.4541
1.56567
-1.61656
-0.06155
-1.984
1.4125
-0.0155
-0.1556
1.7853
1.24398
-0.1139
0.65247
1.16896
2.81919
-0.85024
1.1478
-0.2506
0.232
-0.66858
6.5353
-0.992362
0.6255
1.77104
0.35588
-4.2905
-1.0512
-0.9798
-0.7719
-0.6736
0.2674
-11.28954
-0.872
1.116
-1.12312
-0.8859
-5.4073
0.529
-4.07579
3.71486
-3.2997
-2.5132
-0.60021
0.06779
-1.0835
-4.454663
0.2611
-1.33091
2.82519
1.14523
-2.3577
0.442939
-2.67145
-2.0264
0.2659
-1.4889
10.18739
-1.59444
NA
3.0195
1.1757
NA
-1.2394
0.0473
-3.7404
-2.03931
1.98724
7.1705
-3.4595
2.9282
-0.41515
2.6764
0.5704
-5.25043
3.22696
3.1316
3.8264
9.3571
2.7403
-1.84383
4.3783
-2.2006
1.3049
-4.2944
0.8401
0.02
-0.6558
0.1012
2.72882
0.3103
1.80166
-1.1946
-0.7869
3.1845
-1.461162
2.8414
-2.6784
1.3427
-0.9631
-0.8306
1.15134
4.9504
-5.29376
NA
-4.458995
3.1337
1.7513
-3.8324
0.712329
-0.8576
1.2457
5.303
-0.1329
-1.4352
-0.2872
0.69459
-1.4284
NA
NA
-2.7004
-2.80745
-0.8259
1.5091
0.3684
-1.5543
0.105
1.8924
0.333
3.4661
0.215462
1.6544
-0.933825
-1.5585
1.8199
0.9775
1.7967
1.3706
-0.444232
1.21342
0.80375
-0.3633
0.4288
2.3934
-2.5417
4.0092
-4.7462
2.93
1.6527
0.4725
-2.999
-0.8568
1.0455
0.9101
-0.2041
0.8392
2.7061
-0.4098
NA
-0.3294
0.595054
-1.4975
0.3694
1.2715
5.8397
-1.8352
0.9084
0.8484
0.3091
2.8761
-0.8671
NA
0.1199
-1.0762
-0.2918
2.0643
-3.2276
1.701
-0.0644
0.006
0.3314
0.1618
-0.5931
-1.9158
3.424
0.8006
0.29406
0.4799
-1.4292
-1.60484
-0.7171
1.32761
0.9116
-1.5291
0.96328
-3.141
-1.0119
-1.3991
0.1074
3.2912
-2.2654
0.011847
-0.2281
-0.07506
-1.4166
NA
-0.17441
2.4173
-0.2713
-2.4427
1.28393
-3.5777
2.2121
-1.6832
-1.5171
-0.0243
1.6807
-1.79838
-1.01
NA
1.7312
1.5925
0.115
-1.1085
-0.86138
-0.3889
-1.8767
-1.6519
0.2544
0.05464
-1.3625
-10.6726
0.6923
0.7783
-0.5552
0.8033
1.3861
0.33419
-1.3998
0.6298
-1.2621
-1.188
-0.409
NA
0.8811
-2.8766
1.9107
0.2421
-1.29203
5.2531
0.4535
NA
-0.057245
-0.808648
-1.2052
5.7939
3.5755
0.5423
0.93642
-2.1933
2.5821
1.07016
-2.29339
NA
0.65882
NA
0.9512
-1.9909
-1.1482
1.1573
-0.4221
-1.6658
2.62951
3.7797
-1.644
1.058
0.1689
0.63964
1.768
-1.9472
2.151
1.3165
1.0958
-0.3694
0.0843
0.7222
1.06494
2.3489
2.9727
-1.61316
-1.92547
-0.0938
-2.8343
-0.5076
5.5863
-2.9919
1.0656
1.2995
1.4864
-2.1341
1.48376
-3.1312
-2.00207
-2.308261
0.477
3.2935
-0.826471
4.0066
NA
-2.0955
0.06538
-0.6388
-1.3354
2.0992
-3.2925
0.0129
0.1679
0.2414
2.849287
1.8497
0.1222
-0.3586
1.4855
-4.7479
-2.8935
2.1468
0.5962
-1.674
-0.11688
1.45683
-2.3361
-1.2731
3.3816
1.6373
3.5375
0.9902
-2.56978
0.5178
-1.4564
-0.4705
-2.1107
-0.2337
0.6715
-1.1753
-1.9763
-0.7277
4.7975
0.8308
-3.7857
1.7178
-12.1271
-1.2181
0.2485
0.3212
-0.2099
0.8662
-0.900683
3.6067
2.49829
2.6947
-0.6551
-1.4197
0.7848
0.3237
0.62703
1.2304
2.7032
-2.8626
-0.4407
-0.296025
-0.4988
-1.1525
-2.9923
1.289
-0.0576
0.7601
-0.156
2.25542
-1.6163
NA
0.6207
-1.4302
-4.26129
-0.3135
0.14701
0.1124
2.4613
-0.0198
-0.4116
NA
-3.1154
-0.434
3.8571
1.006
-2.0689
-0.1516
1.5748
-2.7829
0.29472
-0.6578
-0.3554
-0.4862
NA
-1.3261
-4.5797
-2.15067
-0.5826
-0.1242
1.60132
0.0674
-2.1087
4.9731
1.3015
1.5001
0.2892
-0.3855
-0.2377
-0.3621
-1.6262
-1.089241
NA
-0.6625
-5.8645
1.33743
3.5975
-6.67483
-0.63134
NA
-0.9373
1.09137
-1.49629
-6.236
-1.2628
0.6664
-0.684
-0.7754
2.8341
-1.7486
-1.311
1.2534
5.3891
-0.9203
-0.96627
-0.0385
-2.0115
2.6801
-3.47529
1.40328
3.6112
2.1647
-1.47731
-0.5687
-0.6241
NA
-3.9429
-0.0543
-2.7954
-3.1391
1.1343
NA
-4.551
-1.9049
-0.3744
0.7462
-1.96474
0.2152
4.3104
0.7256
-0.32
-0.0489
-0.1568
NA
NA
0.2188
-0.3954
0.7437
0.0577
-2.1763
-1.0899
-2.3243
-1.9345
-9.2359
2.74917
-0.6043
4.2696
-0.1169
-0.0506
-0.04501
0.78996
-0.16361
0.367961
-3.9363
-5.2175
NA
0.2877
-0.90772
-1.9704
-0.904
-2.8376
-0.3469
7.3865
-6.9308
2.78155
-0.4569
0.4218
NA
-0.1528
0.0788
1.3992
1.2423
NA
0.1284
1.1736
-2.989298
-2.8736
-1.308
0.3745
-1.2084
0.2156
-3.9159
-4.3922
NA
-3.8142
-1.58167
1.836011
-2.3071
-0.7393
1.539489
-0.5879
-5.1844
-0.77306
NA
-2.0911
1.5379
NA
0.68482
-0.0786
1.45495
0.7127
1.24026
-1.2179
0.74514
4.14023
1.76633
2.2243
-0.3002
0.9003
1.9311
1.8621
NA
-3.1664
-2.39298
NA
-0.7236
1.5385
-0.2138
-1.6377
-1.1993
-2.9036
1.5949
-1.3193
-0.5449
1.672
0.52238
-2.3775
-1.6795
-0.8114
NA
-0.9161
1.1697
NA
2.0426
0.4222
-3.7561
NA
-0.0572
0.7402
0.690572
1.5173
-0.06235
-0.5504
0.1094
2.0961
-0.0392
1.8582
3.6697
-1.48
NA
1.44661
-0.9072
1.3643
0.50854
-0.564962
0.115957
-1.0138
0.7276
5.66748
-0.8752
-21.4576
-5.8231
0.2058
0.3803
6.78447
-2.2977
1.1332
13.92759
0.3662
-2.25741
1.1034
0.24658
-0.882282
5.10026
-2.8127
-1.3075
0.7475
0.2948
1.2673
-0.8451
1.9625
-0.3641
-0.9287
-1.3867
1.2143
-5.7622
-1.1915
2.4192
1.2311
-2.0833
1.96777
-0.8085
-0.661
-0.9192
-0.89815
1.488
-1.971842
1.7085
-4.1063
-0.0479
-0.8504
1.41842
NA
8.5831
NA
1.9474
-2.4853
3.4138
1.8574
1.7946
-0.93823
2.3035
-2.1144
0.4341
NA
1.3414
2.4839
-1.1908
0.0879
-4.7844
1.0961
-2.1053
-0.6297
-0.1975
-1.9258
0.9271
-1.8145
-1.56858
-0.0737
-4.9088
0.9158
0.1742
0.8156
0.4445
-0.1716
-1.8759
2.488557
NA
-1.5892
-1.48309
-0.97236
-2.3087
-1.3195
-0.9123
-1.748
-0.2697
0.0855
-2.5572
-6.63098
NA
-5.1071
-1.8435
-1.26166
-3.6192
-3.979
2.4611
0.45
NA
0.4398
0.4104
-3.14736
-1.8386
-2.3615
-8.6972
0.8723
-1.6314
-1.1259
1.2303
1.46466
5.1462
0.7363
1.2444
-0.3701
-1.0587
0.6849
NA
3.7429
1.2939
0.5364
-1.4019
-0.83838
-0.23944
-3.127357
0.0226
0.0303
0.3368
-3.2929
0.113
1.1698
0.1077
-3.8885
-0.0105
5.3802
-2.12139
-1.7593
-2.6601
0.3863
2.8482
2.258
1.16163
2.6532
-1.2133
2.2747
2.79074
-0.6486
-0.8139
0.2676
1.3688
-0.25455
0.4848
-2.0719
1.991496
0.188974
0.9789
1.17337
-3.6266
-0.3241
-1.761569
0.9011
-0.2869
-0.4967
-0.7629
-2.3325
0.497
-2.7969
0.6453
2.88156
1.241736
-1.2944
-0.6851
1.9687
2.9201
0.2865
0.6667
0.233073
NA
-1.0452
0.6257
-2.5322
2.3207
2.8012
-2.8977
NA
-0.7246
2.8601
1.13893
-4.1638
3.7955
-0.8395
-0.988164
0.3833
-0.5397
-1.5766
-0.1132
0.3809
0.9834
-4.2739
1.0096
3.2423
-2.4028
2.8186
2.70746
7.608
1.6349
4.0036
-0.2012
-1.1618
8.9638
0.1505
1.4301
1.0914
-6.3135
-2.06591
NA
-2.2153
1.4849
-0.2863
3.9827
-0.9172
-0.22397
1.763
-7.3822
6.8563
0.7698
-1.2944
-0.8575
1.7243
-2.108268
-2.3393
-2.9818
-0.8234
0.8261
0.652
-5.6188
10.7628
0.1534
0.8864
0.908
-1.2125
0.9664
-0.5252
NA
NA
-1.3013
-0.241621
-0.71953
-2.8614
-1.3638
1.8924
6.5928
2.4647
-6.1565
1.6288
-3.4302
0.955
-0.82395
-1.1916
1.1671
-0.196
-1.09336
-0.52247
2.0176
0.4917
2.15888
1.51899
-0.2859
-3.451975
NA
0.0212
-0.485
-1.05498
0.4352
-1.49398
7.8893
-2.9316
-0.782
3.1124
-0.667
3.5328
NA
NA
2.11493
0.9655
0.9
0.74649
-5.5179
5.8685
5.25793
9.7367
1.038
2.05565
-0.10497
0.6989
0.571
-4.2424
-1.0536
0.5872
-0.4071
-2.3179
1.9914
-4.13177
2.8905
0.3662
0.56641
-0.4603
-4.4163
-0.2677
0.3672
-13.9686
3.39895
-1.0831
1.5936
-3.08791
-2.0785
-0.1456
3.152245
-1.4357
7.71045
-0.5621
2.2655
-1.0358
-0.3176
-3.77117
0.1397
-1.7214
-0.18046
-0.4272
-0.4747
1.05349
0.3901
-0.48657
-1.2821
-1.1168
0.0141
5.4004
-1.1587
0.43387
-1.19926
0.78676
2.71297
-1.6283
0.5393
1.9584
NA
0.9019
3.2501
2.2987
0.4517
-1.1884
-0.118
0.16461
-1.1478
NA
0.84929
0.16566
-3.8336
2.9368
0.1619
-0.01536
0.6601
-2.86909
1.4399
2.8109
-0.6423
-0.25488
3.2794
-0.35145
-0.5352
1.3022
-8.5628
-0.78148
4.1646
4.2164
1.025
-1.93512
-3.288
1.71315
-0.0557
1.5244
-0.14075
-2.4036
-1.0079
-3.4299
0.539
1.2611
1.0173
-0.1278
NA
0.141488
-1.1992
11.3741
-8.55056
0.33248
2.91064
-0.59334
-1.5698
-0.087
-0.8787
-4.84335
-8.0189
7.88033
-0.7248
0.5895
-1.1405
4.4625
1.0916
-1.09218
-1.5837
6.47103
0.9483
0.3921
-0.50609
-1.2386
-1.9452
-1.5276
0.49493
1.28788
2.21759
0.0246
-7.3302
-1.6564
0.49524
2.1157
-0.8541
4.1527
0.5629
-0.2585
-1.2548
-0.7102
-1.9897
3.9742
-1.0002
0.4144
1.1622
0.64657
1.72273
-0.7082
3.20304
0.7729
0.1115
0.65792
-5.57527
-2.49218
1.24108
0.77249
0.9415
0.33488
-0.82894
-0.9006
0.48267
-0.1889
0.62665
NA
18.94119
-3.1834
2.76839
-1.3705
-0.44188
-2.06489
0.51464
3.3284
2.48353
2.2002
-0.55067
1.14064
-0.5083
-1.7546
10.0009
1.81734
-0.8226
0.35443
-0.34161
0.613
0.01907
-0.38692
-0.3804
-0.87357
2.1357
-1.312
-0.4086
0.1245
-1.1613
1.05923
1.2669
-1.6387
-0.3328
-6.6647
0.23331
-3.5001
-1.98846
1.8333
-0.363
-0.942
0.89987
-2.1304
0.1313
0.3337
-0.474
2.60552
1.592
2.4593
-0.92428
2.14699
-1.1728
-0.15724
0.6017
-0.75256
-3.3064
-0.00285
1.6005
-1.20238
-9.3366
0.0971
-4.223
-0.8156
-1.5403
-0.6762
-0.9834
2.37547
-2.1594
-0.8165
-2.35343
2.4251
-0.075
0.53601
-2.7512
0.98512
-6.15853
-1.6289
-0.8473
0.7783
0.02984
-0.31986
-1.3502
-1.4068
NA
-3.1481
-2.3355
2.1573
-1.2928
1.5593
0.8199
0.38767
-1.17406
-5.9366
-0.62411
-4.282
-0.59635
1.50281
-1.1184
-0.7
-6.57502
1.34534
-1.03269
-0.97918
2.82877
0.5669
-0.8202
0.0296
0.2599
-0.25752
-0.6468
0.7421
-0.73019
4.0539
0.7784
-0.5916
1.10532
-0.7536
-0.08618
-1.234
0.52049
4.3022
-0.42051
0.6847
2.97
-0.8261
0.9234
-4.5256
2.3307
-4.6669
3.5446
-1.18007
-0.1337
-1.4927
-3.8336
1.3999
1.6921
-2.1436
-0.2326
0.082
1.4028
-0.60992
0.6001
-4.096
3.3024
1.2961
0.4349
-0.3842
0.7834
0.7566
-0.8241
2.13467
1.4781
-3.2503
1.7885
1.2206
1.5918
-0.5159
-0.3204
-0.2198
-1.9456
0.71899
0.2795
-3.4591
-4.0144
1.0937
1.2498
-1.69695
1.917
0.2679
0.76306
-0.7439
0.41935
0.22
-1.3694
1.5155
3.6362
-1.0905
2.6822
-2.0729
0.96684
4.6117
0.3291
-7.5266
5.3177
0.98081
-2.0576
-0.61647
1.63345
0.1794
0.00932
1.5551
1.523
0.8282
-0.074164
-1.518653
-0.491
0.43
0.4186
0.0995
-5.2997
0.7909
4.2265
9.0475
2.7726
1.9523
5.3419
-1.9208
0.9129
0.7263
0.9004
-2.7403
0.1901
0.7394
-1.3524
-0.0679
-1.0615
1.3486
0.4774
0.7263
2.3727
1.1579
-0.1581
2.6551
1.66201
3.08846
0.4275
-0.0762
-1.7885
-1.5336
1.9431
2.3727
0.2291
0.16
7.9135
0.8788
-1.9251
-0.3203
0.5731
0.4677
3.0864
-7.7673
0.4989
-0.0936
-3.20566
1.6397
4.0934
-6.5182
0.0204
0.32582
-1.2548
-0.0921
-1.1339
0.74676
-3.66659
7.4017
-1.7063
-0.7463
6.1043
-2.1719
0.3207
-0.2186
11.0053
1.7186
1.7927
-1.6164
-1.2548
0.2736
-0.3978
-1.4139
-5.2558
-2.6783
-0.316
0.2864
3.86815
-0.8418
-5.2347
-0.7526
0.4536
-1.8288
2.1972
0.2069
-3.7757
-0.51907
-0.2196
-1.5118
-8.0195
1.7831
-2.9367
2.8472
-3.7545
-2.1315
-1.1028
-2.9192
-4.4994
-0.6266
0.4317
-0.7131
1.2412
-0.6423
4.1957
2.33304
-0.8777
-2.047
8.9116
4.1827
2.1626
4.4935
-0.0739
-1.4923
-0.8005
-3.5253
2.9997
1.6597
1.859
3.4501
5.458
-1.8882
-6.6616
3.87282
2.15853
1.6641
-0.1623
0.7643
1.95302
-2.1091
-0.57537
-0.6902
-0.6854
-0.00727
1.1157
-2.0759
-0.4032
-0.01804
10.88644
3.13648
-0.76247
-0.38316
-0.07241
-3.3492
-0.36806
0.23197
0.78185
-0.34271
0.5328
-0.9894
-2.34649
-4.2602
0.69629
0.94748
-2.5112
3.80287
9.1728
-2.1091
-3.65736
-1.29
-0.32579
-0.0192
2.76812
-0.3872
0.9916
-0.05427
-0.78703
-1.132
-2.05068
-4.0265
2.08753
-0.34395
2.9838
-3.19426
-2.47972
4.3981
-0.834
0.29967
0.3956
1.32576
0.19865
-0.85102
1.11376
-0.02733
4.7842
-2.4688
-1.5126
-0.95447
1.94548
3.15285
-4.7842
-0.8641
1.1613
-1.8923
-1.07986
-2.72054
0.90409
-2.57404
-0.8859
-0.57151
-1.36293
1.3837
-1.1028
5.01798
-0.805
1.92737
2.7491
4.3981
1.40105
-0.62093
-1.7153
1.4815
-0.05672
-0.542
-0.4114
0.618683
1.8914
0.7143
-0.48364
-1.89084
-1.78672
-0.6059
-0.9203
-6.62277
-6.052196
-0.27285
3.378
-1.6025
0.7079
-0.9857
5.25956
-0.8947
-2.31987
-3.671
1.16456
2.10604
0.1019
-1.67914
1.74224
1.40307
2.31743
4.1671
0.48172
-5.87734
6.0346
-5.82447
1.09897
-5.04682
-2.0687
1.8036
0.38594
-0.63381
5.7169
0.64
1.8498
-1.231
4.1529
-2.7751
0.5904
-1.72311
-1.7199
1.39535
0.49378
-2.42628
-4.4948
-3.56355
2.91367
-2.58772
0.4801
-3.42575
0.2806
1.4155
1.4031
-1.39001
4.41362
3.5115
0.905
-1.7976
0.52521
-0.3246
-1.6402
-0.6395
-0.26061
-3.63952
0.9829
-1.8599
-0.5444
-0.591742
-2.9067
-6.5798
0.11472
2.7281
0.5764
1.23904
1.54898
-0.97777
-3.7973
-0.3719
-3.5704
2.8715
4.3769
-0.9862
-2.74451
0.7743
-1.3354
-4.61537
-0.3836
-1.1143
-0.3426
-1.60686
-1.15943
5.8397
7.7864
-11.1264
-1.7216
-2.28935
-8.594
1.97
-1.776
-0.5746
0.5545
2.89442
-2.2654
4.9504
-0.76461
-0.9007
-0.35531
1.5313
3.46862
-0.80283
1.09153
-0.2433
-2.68949
1.2223
-0.99138
1.42635
-3.0696
-0.605
-13.1195
0.54692
-1.12863
-7.1908
1.38348
-1.04325
-0.4168
0.55508
-1.89733
0.12084
-0.3291
-0.0561
-1.0991
-1.2001
-0.06335
2.1635
0.8301
3.1413
2.3797
7.7955
-3.9235
0.3796
-2.23273
-5.5748
4.2797
2.6521
-3.4903
-3.36623
-2.9043
-0.51971
-1.9745
-1.3635
-1.0402
1.49257
0.4416
1.4931
-0.3211
0.7336
-3.2604
-1.1977
-1.26057
0.9992
0.19464
-5.6969
-1.6619
-1.2206
2.1753
-0.1927
-0.0632
-2.1346
-6.6158
-5.5113
NA
1.6507
1.0703
11.1185
-2.9609
0.8577
-3.7202
-4.7536
2.0446
4.9504
-1.586
1.452979
-2.0829
1.8848
2.793
-1.82629
-0.8336
-0.4592
-0.025599
-0.6816
2.2443
-0.1224
-3.7262
-7.0748
2.6588
1.6517
-3.8962
2.3551
-1.2768
-1.2461
-1.8433
-3.5072
0.5039
-0.2963
-4.0569
7.2445
1.1241
-3.53558
0.6927
1.36168
3.8641
-1.1851
1.30785
-4.4706
0.8592
-2.1964
2.1763
1.331
0.70842
1.1084
2.9139
1.96159
8.7871
3.22418
0.5361
2.422
-0.9322
-1.4345
0.5417
-4.6062
1.9195
4.90644
-3.9086
-1.582
0.5328
-0.09784
2.3371
1.7471
0.1714
3.8538
-0.7564
-0.28045
-4.5324
-0.6594
-1.0992
-1.9389
-0.7306
-1.7692
3.7829
-0.03413
-1.323
1.04023
0.69759
0.044
2.36387
0.4694
0.4809
-1.69291
0.93615
0.67828
5.0178
1.3982
-2.3475
0.9137
1.4028
1.3427
0.1355
-0.80734
1.98911
-0.24346
-3.14285
0.27085
2.242
0.67383
-0.472
0.49763
0.23332
2.33912
-2.623
2.56798
-0.4887
-6.81122
-1.89872
2.34514
-4.70126
1.65667
-0.40781
-0.69691
-0.37185
3.08024
1.5579
1.0058
-0.3804
0.1786
-3.55781
2.4979
-4.31523
-1.93034
0.9547
0.06592
1.83099
0.66212
-0.4207
4.87479
-2.34289
5.7415
-0.19802
0.88306
-1.8046
-2.96901
-2.7416
-1.33889
1.4182
1.517
3.22436
-1.97914
-0.586
3.56317
3.9001
5.7648
-0.34167
-3.19743
1.056
0.3031
-2.6436
-1.06478
-0.57264
0.95023
0.6863
0.74998
-3.10822
-3.0478
-1.32573
0.50693
-6.1678
-1.7031
-2.485
-0.90508
-2.0311
1.4923
0.38344
-7.1491
-0.23453
0.295
0.7388
-2.7895
-0.4838
-0.21713
-0.1982
-0.3323
0.09467
-4.6989
6.127
-0.5257
-5.4183
-8.0459
3.14758
-0.34664
0.2533
-5.3265
-0.0893
0.1938
2.2912
-3.81167
-2.7461
-3.22702
3.4501
-0.8488
1.5431
2.2238
-4.523
-0.6342
-1.4178
0.3891
NA
1.5975
0.5461
0.1482
-0.1399
-0.4918
5.29943
0.4107
-2.175
-0.0489
1.3614
-0.58532
-0.0632
0.40609
-2.92555
-5.01
3.242
-3.9303
1.88471
-0.93044
-1.680321
-0.8185
-1.9837
2.7556
1.3382
0.24572
1.21494
0.0574
-0.3848
1.1077
-3.68781
1.5516
-0.6982
-6.4988
NA
-0.0466
-0.494
-0.3901
2.72321
-1.9221
-0.10656
1.57073
-5.707
-0.9827
-0.9312
0.0841
1.3239
0.2563
3.424
-0.69265
-0.93589
-3.3154
-4.04073
0.37431
-2.1775
-4.3126
6.4726
0.1099
-0.78689
0.7013
3.2018
-0.9276
-0.2128
-6.46992
0.0638
-1.20507
-0.1039
1.848
2.3508
4.8511
0.5653
NA
0.59325
NA
-0.77326
-1.1244
-1.48541
-2.5831
-1.9476
1.1898
1.2109
NA
-2.4996
-0.27475
1.59075
2.4176
-8.2506
-0.3192
-6.584
2.0764
1.822617
-1.4866
-12.5609
4.28604
2.3788
0.81895
NA
1.2125
-1.0405
0.0893
-2.69258
NA
-1.1342
-3.1772
1.695
-0.6264
4.24157
-0.4619
0.1927
3.1988
-3.2798
0.2741
-1.4557
-0.26747
-12.5852
2.25327
-3.1133
-1.1373
-0.9489
3.1422
-1.46
0.0669
-0.673
0.8637
0.8251
NA
2.6536
-3.44281
5.6058
-2.9169
-0.6777
1.31935
1.2764
-0.9565
2.760424
2.5379
-2.5871
3.2737
-0.9146
-0.626216
-1.2249
0.7511
-5.09795
-4.2453
-1.1854
4.0934
1.8563
2.0117
-1.5591
0.852954
0.369
1.7825
-1.6401
3.0016
0.3313
0.426
-3.132
0.3865
2.9159
0.2555
1.22754
-3.3029
-1.2797
0.5987
2.899
0.8538
0.7139
5.8379
0.8606
0.7183
NA
-1.0041
-2.7232
0.42803
0.3199
-0.2189
-0.93919
-1.0148
0.2317
1.0176
0.044
-1.14555
2.2822
-8.0484
-3.48166
-1.877
-5.7448
-0.3316
0.6239
-0.09419
0.71927
0.098
0.4053
2.0903
-4.1769
-0.4246
-0.2663
-1.4007
-1.6508
-7.8504
-1.7406
-2.7398
0.12819
1.0276
-0.0706
6.931
-0.1919
0.3342
-4.8141
-0.6179
-1.371549
-1.30011
-2.8234
2.1621
-0.4363
-2.0455
1.8137
-0.4361
-0.847
NA
0.9343
-1.1552
2.4267
0.3907
-5.3261
-0.1981
3.5452
-7.588
-1.9998
3.3164
5.1427
1.9236
0.3011
0.5597
0.4883
-0.2471
0.4804
0.07598
-1.7217
-0.72735
5.7607
-0.2196
-2.9201
1.03136
-0.6374
-2.3352
0.8568
-1.0341
-3.888
0.43075
5.079
2.5774
-0.52039
1.8903
-0.56261
0.7649
-1.0741
-0.14194
0.4797
-7.9817
-0.7239
-0.1424
1.82198
5.079
2.0189
-2.0708
-4.86022
5.134
-0.3692
-9.4482
1.2156
1.526
0.1362
-3.3065
3.4166
-2.2379
0.31843
0.9317
10.5712
-0.96516
0.05603
-0.309545
-0.2694
-0.3478
-0.7671
-0.000108
-0.1207
2.1806
2.2403
1.9187
4.0038
-0.4375
2.7478
-1.40004
-0.9644
-4.9068
-2.3455
2.495
0.4909
12.4829
-3.4213
-0.33697
NA
-1.1428
0.5285
-0.8633
-0.7433
0.8261
-0.08255
-0.043
2.2513
-0.7255
-1.1327
5.5701
1.0509
-1.7883
2.5583
2.3382
1.8199
-2.2141
-0.58964
4.5936
8.9039
0.3225
2.9713
-1.5325
-0.063
-0.5574
0.6721
1.3079
-0.67761
-5.09071
0.4334
-0.8392
-0.737
-1.0904
1.80027
0.46696
-0.31948
-1.051676
-0.56125
-0.09998
-0.7011
1.6275
2.2229
0.3133
-4.3335
3.7871
-1.9601
-0.4747
-0.6577
0.972
-0.4837
-1.5509
-1.0044
3.8829
1.4708
0.30126
-2.3546
2.54551
1.7349
-0.5063
-1.8021
-2.003693
2.3046
-6.32822
0.48306
-1.5012
3.6158
0.07702
7.3641
0.1314
-0.1587
-2.2525
-2.61087
-0.5627
2.587
-1.2838
-0.245
0.9909
3.2509
2.9727
1.2758
0.31264
1.8807
0.7375
-0.428
-1.8822
0.3944
1.05019
-2.3857
-1.2312
0.9558
-4.9148
4.3016
0.205
2.24077
3.7611
0.56801
0.0585
-0.6736
3.1518
1.208
3.65828
8.93175
1.07526
-0.81097
-0.7748
-1.0577
-3.8136
-0.3029
0.8443
-0.97721
2.45599
1.3004
2.1681
0.2902
-5.4522
0.621
4.458
-3.5531
1.2508
2.030147
3.5975
-0.4798
2.8005
0.54071
1.1707
-1.06188
0.217
-2.0303
1.1165
-1.4437
-0.3176
4.9504
1.2475
6.18177
0.45239
-5.8638
-4.1686
2.6943
4.4125
NA
NA
-7.8645
3.65214
0.4251
-1.02964
-0.9179
1.1763
-0.2352
-0.1011
-0.07224
2.4704
0.8422
1.7387
-1.0608
-0.264117
-0.2643
-0.3877
1.3403
-6.36918
0.6682
-1.8296
-2.4018
-0.3527
0.7025
-3.2581
1.44078
1.5405
-0.0525
-3.636
1.9926
-8.6106
-0.9919
-3.5202
-2.10275
1.2261
-0.36468
-1.2988
1.8545
0.1533
-0.83078
-1.3145
NA
0.1533
-0.7642
0.1768
-2.3292
1.556763
1.20438
2.9103
-1.37424
0.522
0.60454
-2.4539
2.1243
-7.3781
-4.7935
-0.911884
-1.9754
-1.4788
0.1395
0.1355
-3.1982
3.645
-1.71125
-0.2935
-1.88087
0.1654
-0.1116
1.3793
3.9384
4.976933
-6.0927
0.986328
3.4375
-0.7112
0.7474
1.5918
