-2.19067
-1.54275
-1.50306
-1.5099
1.9046
2.7242
-3.21185
0.4942
-8.8556
-0.70581
1.03015
1.93379
-0.13081
-2.0183
1.49294
3.1134
-2.7745
3.07452
1.82612
4.96397
0.334
-2.38482
-2.16257
1.1883
-1.9634
-0.44461
1.30567
1.74704
4.06693
2.2422
-0.63767
-2.2436
0.24964
4.48293
0.7602
0.04827
1.7171
-1.63456
1.36869
0.3954
-8.6684
0.5414
-1.0716
17.2329
2.7354
0.8251
-0.9826
0.9095
0.3134
0.0235
2.6833
-0.9335
-6.7324
1.316
-2.9226
-2.11703
-1.7995
0.0931
-0.5584
5.55818
-0.13457
-1.7546
0.6079
1.57121
0.31169
1.76636
0.7291
-0.01951
-3.43196
0.0027
-3.2466
1.4439
-0.2107
-1.16561
-6.9726
1.4613
-1.4729
-1.9019
0.724
-1.277
-2.9897
3.7668
0.42542
2.2194
-0.56012
-2.1147
-1.29119
1.23407
-1.81935
0.5448
-0.0921
-1.5571
1.84531
1.86682
2.3347
1.5449
6.0216
-0.4027
-0.3251
2.3687
1.7897
-3.1704
-0.8055
-0.0318
-2.79589
0.5739
1.3165
1.64052
-0.16392
NA
-0.9213
-0.7598
4.3629
-1.2059
0.6191
0.5328
-7.14131
NA
-1.224
-0.8209
-0.08722
-0.2715
-0.9102
-6.0682
1.1672
-3.2638
0.36412
2.03141
0.96501
-0.47356
-1.8952
1.37466
4.2985
-1.1309
-0.1562
1.6619
2.7247
0.0297
3.1137
-3.32325
1.3094
-3.68279
2.2131
-1.09109
-2.0828
1.5842
-0.0149
-1.3649
-2.98705
-5.73547
2.42454
3.1801
-1.8747
2.3702
0.4986
-0.57706
0.3267
-0.8896
0.4778
7.4335
1.6829
2.408
-1.23478
2.2836
3.6671
0.81523
-2.8352
4.4808
0.65246
-0.2129
1.085
11.9403
5.88716
-2.4545
0.52399
-0.0592
-1.5275
-2.7823
1.30718
-1.05232
0.29368
-1.7755
2.0125
-0.8548
2.4048
1.7851
2.6936
0.4714
0.845
0.2152
0.9303
0.92903
-6.4237
-1.36647
0.17315
-1.09895
-1.4236
-3.3885
2.8786
1.40388
1.08217
-1.29518
-7.327
-1.53897
-9.8046
-1.09298
1.9943
-6.14837
3.1301
-2.1256
-2.9148
-3.2264
-0.6133
-10.953
-0.67419
5.20069
9.1388
0.0636
0.06793
2.20959
2.66811
0.8831
0.7593
10.0367
-4.0645
1.5908
-8.3185
-0.76661
1.23504
1.50061
-1.39464
-2.61163
2.6967
0.5967
1.69277
0.3324
0.78418
1.7767
-4.0015
-2.9795
9.206
-0.03898
3.5132
2.0064
NA
0.7837
4.17765
-0.2163
-0.6124
-5.4467
-14.3928
-2.898
-2.37931
2.20138
-0.9316
1.5031
-0.22654
1.6573
1.9427
-2.3724
-3.19423
0.3789
-0.9178
-2.0949
-3.48161
1.9886
-2.9584
1.35787
-0.0129
-0.51193
0.39125
1.8176
-0.3512
1.03901
-2.36923
1.5527
0.1812
-2.5083
0.53854
1.9385
-7.6331
-0.13
0.9551
-0.71325
-0.1782
-0.5774
0.90774
-4.332
-0.8279
-2.07383
-2.9653
0.94643
-1.2391
0.96536
1.0963
7.2576
1.01083
-0.0438
0.5184
-0.4568
0.05217
-0.63
1.89947
8.23257
0.58727
2.6265
13.8286
0.67006
0.63043
5.7671
-1.1098
-1.9223
-0.255
-1.22608
1.6088
-3.95715
1.49837
-0.47316
0.78526
-0.4926
-0.7141
1.5231
-3.3984
-7.84107
-1.53478
-4.4024
-1.25083
-1.11655
0.17536
0.9793
0.18948
0.27606
-2.24537
-2.865
1.7895
1.1449
-3.21679
1.3707
2.1533
2.66282
2.83446
-0.7378
3.5721
1.06171
0.5473
1.98081
-0.9519
-2.1212
-1.11023
-0.0945
1.11948
3.1195
-1.928
2.3346
0.063
-9.9865
-0.6423
-6.4428
-3.3408
-1.0273
0.39769
-6.23823
-2.65762
1.0285
-2.97593
-1.256
0.9981
0.5296
1.1079
0.5842
1.8775
2.8689
3.1465
-0.9204
-0.37955
1.50245
0.8166
0.9475
-0.6289
-2.5144
1.2084
1.28006
-1.84772
1.622
2.9945
-0.2236
-1.5814
-0.36325
-3.62054
1.60925
-1.1981
-0.3189
-3.38438
-0.5972
2.4634
-0.1092
-0.75888
8.40787
0.61106
1.38809
2.59546
14.1785
3.3702
1.2575
0.62828
-1.6852
2.5095
5.93806
0.16107
2.3064
1.045
1.4172
14.0303
0.5539
1.56011
-0.78955
1.1091
-1.1327
0.48082
-2.04817
0.5097
-7.7771
0.4849
-1.525
-0.9586
-0.57108
2.1252
-0.33215
0.309
2.5777
2.3487
-2.99855
-4.2567
-2.37867
-2.19363
-2.03428
-0.27862
-0.3494
12.33354
-10.08531
-6.2604
10.9505
-0.7682
3.4188
0.00131
3.03558
-0.49326
0.677
-3.17349
-1.7396
-4.3293
-0.3894
-1.3625
-3.51572
-1.214
-2.5505
2.0224
2.5464
-0.4318
-2.395
1.1839
-0.55042
2.6836
-0.1952
10.01909
0.3699
-0.4015
1.30975
6.14503
-1.6656
-0.23489
-6.7779
3.3796
-2.016
-4.37701
2.5353
2.291
6.79893
3.0787
1.2409
-3.8126
1.0352
-1.16445
3.781
-0.48032
1.2659
2.44305
0.369
1.50666
2.25153
1.50403
0.73253
17.87707
-1.2401
2.06065
3.26491
-0.3263
-0.2522
1.0088
-1.0917
-0.3931
2.9858
0.7098
-4.0579
-0.3897
3.57084
-1.2662
1.0964
1.58325
-1.3367
1.55219
-2.9181
1.55619
-2.60525
0.7192
9.0072
-2.5696
8.702
-1.5777
-0.904
3.0501
0.98072
3.39418
-1.3753
-6.07367
-0.13472
3.4647
1.60425
3.29955
-1.31909
-3.7047
-2.5154
-1.83136
2.5197
4.1107
2.9578
-1.0058
3.1207
-0.7731
1.5765
-1.029
-1.5187
-0.4062
0.0978
0.4
0.8884
-1.4772
0.3183
-0.6957
0.6079
0.0103
0.6525
-4.5451
0.5458
-1.0543
0.8909
1.0548
0.2683
0.9067
-0.6594
0.1093
-0.6395
3.5374
2.0634
1.7394
-3.334
0.7639
-2.8
1.4197
-3.4772
0.0459
-0.6534
2.8012
4.5692
2.7785
-0.6109
-1.7666
8.6425
-0.6916
1.7102
1.5428
-6.5206
3.3662
-1.2238
6.5158
3.1472
0.5658
0.1935
-0.1655
-0.2855
-0.5951
1.1813
-2.5778
-0.9379
2.7438
0.0672
-0.0096
4.7436
-0.99
1.8115
2.617
-0.3635
2.4623
-1.6521
4.3966
1.1465
-1.4526
3.6083
0.2925
-1.8315
-0.7638
1.4687
0.5384
0.0649
-2.9086
-3.8111
2.0017
-1.0854
-0.473
-2.7895
1.0004
0.4589
-0.4235
-0.9284
6.8584
-0.8459
-1.9754
4.0323
0.4495
1.3114
-3.6299
5.423
-0.0191
-1.3021
1.5652
-18.0452
0.2259
-0.4513
18.4619
1.0666
1.5965
-2.3187
-0.6803
0.3634
-2.7613
0.905
-0.191
2.2829
-1.9614
-0.9705
0.2262
0.9948
-0.0868
-5.9419
-1.129
-0.9985
3.4522
1.1048
-5.5945
-0.0801
-2.8261
0.829
0.5477
5.9021
1.8409
-0.8361
3.3968
3.0759
-0.6495
-0.7406
1.1088
1.8193
-2.9454
-1.2246
-0.0608
2.8198
-0.7141
1.9263
0.7683
-4.0053
1.8924
-0.4914
-0.1881
-0.5304
-2.406
0.8571
-6.3422
1.05412
2.0189
-3.1996
-0.147
0.2617
-2.21724
0.2614
-3.0211
-2.662
1.8369
1.51495
-1.5431
-1.26779
-2.3232
3.87215
0.7906
1.58815
1.63508
-3.83592
3.09145
-1.69632
-5.9716
-4.40215
0.7104
-6.6145
-0.6811
0.3351
-0.42801
0.0222
-1.4395
-0.07142
-2.57908
7.1115
-0.2825
2.0201
1.16847
-1.50417
-0.4977
0.24377
1.5133
5.0383
8.9464
3.14235
-1.38896
-0.8419
-2.40576
1.09223
0.49891
0.10887
-1.1277
-1.07197
-1.57963
-5.85619
3.53677
-0.51311
2.16205
-1.1889
0.5697
-0.1427
-0.3514
0.4086
1.1661
0.0546
-2.0532
-0.2201
0.8511
-0.289
1.5955
2.4645
-5.5345
2.1097
-2.4814
2.1392
-2.7743
-1.2486
2.4626
0.3897
-2.0262
-1.5977
-1.9993
-1.6493
0.8987
-0.5362
-1.0173
-2.06594
0.6816
-2.20678
-0.7625
1.10896
-1.3027
-0.66881
0.79409
3.1534
2.60147
1.0056
3.6778
1.16221
-0.58
1.2702
1.0259
-0.1165
2.2865
-3.06758
-2.75337
0.86837
1.51676
-0.10214
-0.73771
-2.5064
2.7512
-0.9474
5.0745
5.96455
1.2595
4.33099
1.92902
-0.49133
-1.9268
4.57284
-0.9346
-1.071
0.4203
1.77688
-2.3504
-0.3376
4.68722
4.9342
2.24285
3.75447
-2.51271
0.15283
-9.3801
-0.36247
-1.69036
-1.57491
-0.55397
3.4023
-0.8122
0.1631
-0.5827
0.7966
0.7132
0.5527
0.0864
0.0469
-0.4499
0.327
-0.0189
-1.8371
2.4437
16.0393
1.9531
-1.666
2.3927
0.5278
-0.805
-0.192
-0.0856
0.5663
2.3655
0.7139
-1.5636
-1.3306
-0.3078
-3.8918
-1.2066
1.4245
1.8567
3.1247
2.1665
5.9743
6.0535
-1.0513
-3.0809
-0.4045
-0.7288
2.9127
3.147
-3.365
-1.4099
-0.6093
-4.2818
-0.2536
-7.7979
0.5069
0.1732
4.7475
2.6737
1.1917
-0.1613
-0.5339
0.242
7.6331
1.3583
1.3292
1.7712
3.1744
-1.0731
0.0901
0.79219
-1.24803
0.28412
0.3971
5.21391
-1.1404
1.2998
0.56467
-1.286
-0.23136
-0.38321
-4.09433
-2.74157
0.74261
0.3572
-3.47873
2.12696
-2.92036
-1.82088
0.9409
1.05516
2.04309
0.20149
4.8983
11.03497
-6.1734
4.189
-4.5949
0.77496
4.73183
4.46111
-1.86606
-3.44759
-0.6827
2.60326
7.3509
0.6287
3.18321
0.53949
2.8174
9.8261
0.67446
2.0242
-1.2683
-7.71846
-2.49665
2.1091
-2.2666
2.0775
-0.83225
1.32284
-0.2481
6.30467
-3.6722
-2.25248
0.84239
-6.13788
1.41754
-3.3072
-5.8338
-0.0134
-0.4583
-0.2403
3.1244
1.3498
3.0092
-0.3263
5.5357
2.4586
0.517
-0.8395
5.7465
0.3678
-0.2461
3.1594
0.3099
0.4246
0.606
-9.3546
10.551
0.6592
2.0509
-1.04939
-2.90757
-2.36997
-1.1955
-1.9037
1.20698
1.9227
2.0291
-1.77112
5.27871
2.18238
1.36498
1.26453
-1.21317
2.76698
-2.27459
0.7146
2.37531
1.87009
-2.98815
-1.47261
-5.4073
2.14547
4.15306
1.73484
-0.02192
15.1385
0.50635
3.62221
0.32399
1.96412
-1.98999
1.5825
-1.6137
20.8225
-0.8052
-4.83751
1.54316
-0.71371
-2.78508
-1.5224
-1.5326
1.04995
0.8817
1.4618
3.28287
-1.95968
1.6331
5.22519
3.00641
NA
NA
-1.2566
0.7096
0.3393
0.1029
4.2985
-1.6079
4.0555
1.8485
3.4733
-1.8273
-1.9932
2.8048
0.7382
-0.1445
1.3675
0.9436
-0.8217
1.1176
1.7573
-4.2747
NA
NA
0.8077
NA
-2.816
-10.7354
NA
-3.2025
-0.8695
-0.9875
0.1497
NA
1.2122
-0.354
1.5865
1.7332
0.4724
-2.3564
2.5941
0.3897
-0.6533
1.1845
0.4769
1.8905
-0.4208
-3.093
0.069
-2.4141
-0.243
4.3962
-0.8116
-0.3783
-2.2911
-0.3955
-1.7048
-1.6745
-0.5088
1.4808
-0.0391
-1.4362
-0.7387
1.3863
2.0077
1.3689
-0.6521
-1.8046
5.3832
-2.9041
2.4741
2.1564
-1.3007
-1.5713
0.6737
0.325
-0.2973
-0.25338
1.3304
-2.2394
-0.37944
6.8097
-1.47676
-1.70436
1.5097
-1.8731
-1.0352
4.59824
2.1516
-1.0184
0.59325
-5.93868
5.6665
-1.60339
-1.3175
0.2712
2.44843
-0.8469
-1.06977
-0.7698
-2.4152
0.84243
1.5036
-2.00359
3.8302
-1.31936
5.63505
-0.1823
-1.80592
-0.18768
-2.12624
-6.46334
-0.00533
-0.28648
1.06882
0.424
3.4944
0.96974
-0.35868
2.1389
8.1171
0.63246
3.58127
-1.79858
8.04572
14.24123
14.8766
1.8847
4.24278
-1.7016
-2.42965
0.11519
-3.4128
0.72037
0.54091
-0.4621
2.9662
-2.2253
3.1829
3.15123
1.18316
1.2087
0.47563
-2.84571
2.1059
2.19508
0.13621
-1.9118
-2.0814
0.84761
-1.77876
0.295
-0.7871
2.82358
-2.6275
-1.33121
-0.14211
-1.52449
-0.62785
-5.50737
6.7562
-0.47828
-0.21641
-0.302
-0.1195
-2.02
-1.567
1.48264
-1.7033
-0.1656
-1.6594
-3.21521
4.0282
1.5081
-0.21181
0.18092
3.40652
-0.48932
-0.9937
6.0192
-0.35413
0.8587
0.9472
5.6551
-0.16836
-1.88035
-0.74156
-1.66966
0.88008
0.611
1.07733
2.08353
1.50138
2.71704
1.1985
2.82019
-0.14766
6.39573
-3.76789
0.3286
-0.73171
-0.80653
2.83707
-2.29776
-0.5219
2.44323
4.09675
2.84467
1.21647
-0.32
-0.36285
1.41947
-3.20312
4.49967
1.4291
-1.53396
-6.1074
5.10568
-0.0869
-1.4028
1.0079
-3.0048
-2.36601
2.278
0.13345
-0.52784
7.5564
2.30526
-2.39493
-2.2603
-0.1165
-1.44316
1.8433
-2.1635
0.5127
-1.4919
-2.60509
3.4793
-0.3719
0.4632
-1.45859
0.3997
0.8488
-0.88537
-3.0717
-14.6681
-2.8234
7.9991
0.07756
-3.14329
0.07899
1.9988
4.0215
-1.87196
-1.3295
1.7388
1.67824
-2.4079
-0.9862
-1.92765
-1.1929
0.4529
-3.36432
8.02804
-0.2368
1.3697
-2.7762
-0.2595
-4.2872
2.0397
1.1292
1.7931
-0.3032
1.618
-1.1559
0.3695
-2.3525
2.4353
7.0516
1.8848
0.8108
0.464
3.728
2.1038
-0.0924
0.33571
1.7169
1.37103
0.1263
-0.9566
1.7258
-2.78225
-0.19263
5.1233
0.35252
1.9958
-3.61681
0.23637
1.25486
NA
-0.94983
1.0557
-0.7783
2.8117
-0.3941
2.1689
-0.205
0.6677
1.4026
2.17804
-1.29624
-0.5052
-2.69138
3.08384
-3.7051
-3.4664
0.01165
3.8191
4.6866
1.0283
-0.7355
0.2793
-2.3249
-1.97746
1.56307
-0.65147
0.92982
0.4766
1.733
-1.0783
-0.8902
-1.2878
0.9476
-0.53225
-0.5304
1.5328
-2.0165
1.17553
-1.0346
-4.6125
2.5309
-5.01492
-0.7575
2.1348
0.32367
13.4028
-4.1002
-0.64346
-0.08388
1.3756
-1.1345
0.9132
3.16891
1.08987
1.2192
1.2212
1.19424
-2.48955
-0.84372
-2.29747
-0.9165
-0.68414
-0.96306
3.6628
5.93178
3.4822
0.2823
-3.2124
-3.4891
-2.3455
-2.4821
-2.1341
1.4295
0.1171
-0.00143
0.3925
-0.12939
-1.11498
2.90457
-0.23884
-0.2536
0.49586
-1.05482
-0.93636
-0.0561
1.1653
-1.2891
-0.9034
-3.21906
-8.4788
-1.7957
0.63527
-0.28916
8.45058
-2.5103
-2.0803
-1.9109
-2.163
-0.905
-1.52679
0.7986
-2.5419
-0.5179
-3.7022
-1.5586
1.14136
0.6641
4.6557
0.13627
-1.2348
-5.7407
5.6183
2.4617
-4.2707
5.0552
0.4266
1.2872
1.9713
0.0814
3.453
1.8913
-0.0129
-1.90727
-1.00267
-2.14668
-0.8842
1.35538
NA
4.4927
NA
NA
11.0492
-0.5194
NA
NA
-6.2795
2.272
-4.043
1.457
-1.3365
0.3402
2.9259
1.3735
-0.7454
0.1249
-3.39466
-2.22868
-1.6461
-0.7077
0.2668
-0.6599
2.2229
0.6734
-0.3023
-1.0063
4.3113
-3.7415
-0.8101
-1.24141
-1.9043
-1.12062
-0.73298
0.9143
-0.84915
-1.9769
-0.75988
1.14587
5.88073
0.4047
-0.5558
1.6788
-1.9766
-0.3328
1.8476
1.2283
-0.0662
2.739
1.78811
1.4064
-0.245
4.6585
5.40688
3.8169
-0.8495
-1.8954
-0.31878
-0.89353
2.6636
1.0101
-7.3075
3.352
-1.5637
0.17669
4.2465
2.30391
0.57056
0.47462
0.9286
0.44958
0.71804
2.4304
5.9825
2.1331
-0.656
-2.16562
-0.5361
-1.6824
-6.99213
-1.9293
-0.86011
-1.7733
-5.66754
4.81967
2.31073
-0.93012
-0.065
1.5145
0.0315
0.2883
-2.4429
0.9872
-0.9894
-1.729
-1.2903
2.0038
3.8194
-0.8374
-5.3131
-0.26632
1.2325
0.2591
-0.2436
1.0438
0.7683
1.94296
0.55333
1.3412
2.35169
-2.42298
0.68416
4.79132
-1.6828
-4.6232
-0.5406
3.1754
-0.6438
1.43251
0.6769
-4.81654
0.98696
-1.4193
-5.5484
-6.08674
6.7882
0.8471
-0.0731
-1.3108
-0.0606
4.2964
1.4668
-0.2512
-0.5191
0.86589
0.6829
-1.82639
-0.60468
3.6495
13.0321
-1.56661
-8.2918
0.9683
-1.58984
0.1279
-3.1107
1.68248
3.2591
-1.77965
0.0559
0.5333
0.2617
-1.1392
-3.5962
0.4397
0.4397
0.0247
-7.0782
1.61882
-3.7811
2.14404
-4.48577
1.9653
-1.06919
1.1766
-1.38611
-0.7289
-1.7151
1.4345
-2.9452
-6.9465
1.68028
2.22033
2.4769
-1.64123
-0.332
-1.66886
0.5046
0.11071
-0.7923
-0.4988
1.3933
1.9635
-0.4433
0.58022
4.0407
-1.3359
-6.6159
3.2445
-0.37494
-0.4497
-1.63065
-10.709
-1.8947
-13.1828
-0.6021
1.30978
3.2684
-0.8393
0.9359
-1.85751
2.47428
-1.1746
-3.90274
-8.5733
0.32422
-2.5081
1.85806
-0.87753
1.67592
-0.3987
-5.6076
-0.75109
-4.11929
4.198
5.51995
-2.39445
2.6288
-0.7532
0.325
0.9795
4.06482
-3.3331
-2.3267
-1.8614
-0.9729
2.6001
-2.3267
-5.7247
0.86023
1.0471
-3.1869
1.94572
0.5402
1.88773
-0.69346
-15.84859
3.8731
4.8068
-1.7142
-1.3968
-1.13071
-3.63161
1.4894
-2.064
-2.6503
-1.14195
-1.3017
-14.95652
1.213
-6.2193
3.06083
-0.9103
-0.22837
-0.2154
-0.7347
1.3613
-3.7317
1.6646
-0.3794
-0.2645
-0.7167
0.82845
-1.0746
-0.76761
-0.2018
-0.9257
-0.9055
-0.4153
-1.57
-1.37455
1.50005
-2.70572
-0.36606
-2.8184
0.507
0.0627
-4.4655
-4.2594
2.6033
1.1951
-1.0863
-1.995
3.1982
-0.0679
0.3141
-0.2688
-1.0813
1.6183
0.8859
-3.35582
-3.69584
0.362
-0.8678
0.72916
-0.6605
2.13038
1.0137
-0.3515
-3.17
1.45776
-1.84905
-1.8387
2.57765
3.45255
3.66307
1.15951
0.6413
1.83673
2.9672
0.44487
1.8147
-0.92415
1.8968
-1.10101
1.1968
-0.3931
-1.1644
4.11729
0.45296
15.45893
16.505
1.5739
-3.4301
0.3841
-3.0036
0.0511
1.4624
0.2296
-0.8825
-0.2832
-0.1762
0.5429
2.0557
-1.393
-9.0458
0.51917
-1.54761
-0.4705
-0.3877
3.6637
-0.8304
1.0264
-0.2275
-1.7822
0.2069
-1.96625
5.06103
3.7705
1.77657
2.62927
2.03582
0.7456
-6.1018
1.446
3.6614
0.8085
5.932
-3.0385
-1.8912
-3.01454
0.357
-1.81973
5.4685
-1.57558
-0.46323
-1.83633
1.37357
-0.40549
-0.62936
0.0746
2.957
8.5804
-1.37908
12.1546
-0.15133
0.9045
-0.47692
4.77406
-2.12792
0.3806
1.79987
0.83336
0.4931
-1.4451
-0.4091
-1.0398
1.9434
5.29
-1.6595
-5.6621
0.7156
1.0446
0.4464
-4.8969
4.9411
-5.2237
0.7498
-1.10129
-5.8395
3.0719
2.138
-4.6139
-13.37945
1.4217
-1.6665
1.7821
1.5118
-0.22142
-0.41023
0.52454
0.6076
0.56
2.2764
-0.9062
-2.2089
-4.7876
-2.3496
-1.808
0.9989
-0.2927
-0.1882
-14.4921
-1.3402
-1.3776
-2.6332
0.7883
2.0863
2.6861
-0.2049
-0.4413
2.5062
3.5525
2.3421
2.9798
2.3805
-2.8858
-2.9402
NA
NA
-2.6096
NA
0.70231
1.4426
3.1483
1.8823
-0.5839
-0.2535
3.0046
-0.1619
0.27345
-0.71635
3.3323
-0.6787
-0.88825
-1.97053
1.86103
1.6633
2.00423
-1.9131
2.4129
1.26278
-1.53833
-2.66572
-1.29514
-0.6635
-0.92268
0.39127
0.9843
-2.9736
1.03975
2.3875
-1.8553
1.79489
0.92892
2.4228
-4.2836
0.00862
0.8343
-4.138
0.91405
0.32155
-2.607
0.97773
0.00789
-0.78616
-0.9893
0.4234
0.43513
-1.46335
1.72977
0.33239
-0.72939
1.33225
0.3231
0.65839
0.99018
4.39095
8.99106
-1.98138
-0.66622
2.43529
0.9428
7.64695
1.3938
-4.5611
0.949
-0.9503
4.0559
-0.216
2.5969
-1.7228
-2.5062
0.1276
1.1079
0.7541
0.515
-0.9129
2.9744
-2.6794
1.3642
-1.6718
-0.8891
-7.6733
1.935
-1.4148
-1.21359
-0.3197
-4.7647
-0.4913
9.19046
-0.94951
0.24075
-2.37877
0.17977
0.84532
0.10388
1.11579
-1.94648
-1.73789
0.40825
-4.6982
-1.0423
0.3835
1.7566
1.0988
2.0568
-4.68932
-3.54789
2.441
-0.088
-0.4522
0.9543
-8.4459
4.9557
-1.2462
0.9134
-0.9512
1.1007
-0.7837
-0.5896
-1.3228
-7.7482
0.1307
0.20081
-6.31055
2.9923
1.86967
-2.98269
-0.26452
-3.58497
3.2253
0.7609
-1.36009
-8.7791
15.9616
-1.17335
2.32935
4.6215
0.2348
3.9444
0.3751
4.64618
2.49804
-1.60017
-0.2299
-3.03141
-0.0612
-1.71571
-0.70279
0.7197
0.13777
-0.9619
-2.87733
0.23508
0.5916
-1.61705
-0.82738
-2.03514
1.9099
-2.0711
0.5825
0.30393
-2.1579
0.13921
4.11508
-4.58824
-0.89198
-1.55071
-1.21013
3.645
0.6198
-4.44985
-1.62267
-0.9842
-1.0382
2.3647
-1.4281
0.243
-0.7023
4.9269
4.4833
0.8595
0.735
2.79033
0.92003
-1.8002
5.81038
-1.20951
4.2366
0.90536
-2.26775
2.4733
1.15371
3.2223
6.0119
2.7418
-0.3766
-1.63896
-0.33372
-0.37312
0.02094
2.6205
8.97804
-2.06886
1.04628
-1.49237
0.90249
-3.8228
-3.81027
3.3871
1.41622
-0.52875
1.7356
0.487
-0.735
-3.98124
4.05327
-0.0225
-1.23897
-0.1404
-4.2212
2.87604
0.99525
-0.8041
-0.52517
-0.0937
-2.5944
1.03916
-0.0619
-1.25571
-0.60286
-1.36146
-2.2476
-1.27762
0.31465
-0.67772
2.50328
3.81662
-1.49064
-1.25618
1.3297
0.77166
1.42397
-1.5336
-1.45361
-9.46352
-0.184
-1.96261
-0.32203
-2.14273
3.7204
-2.5828
-3.0919
-2.4667
9.5311
6.0096
-4.27042
4.06024
6.4786
3.5289
-6.66933
-8.1369
-1.54225
-0.7824
0.04847
-3.73514
7.777
-6.05882
-3.40881
-0.8742
4.3433
0.70074
-2.10915
-0.764
1.40857
1.2237
-1.78012
4.70604
-6.4555
3.92773
-2.5978
-2.7737
-0.9469
-2.24705
-0.76149
-2.89799
-1.2243
0.13897
-16.24951
-0.48784
-3.23801
1.14127
-0.99462
1.6906
-0.6429
1.12244
-1.06841
-2.39148
2.35199
2.12067
-5.2637
-0.54486
7.4141
0.7065
0.03022
0.50396
1.62724
-6.12001
-11.86641
-2.40108
1.19161
-0.97389
0.87765
-2.48912
-2.854
-1.3198
-1.87361
-0.4183
1.76364
0.23091
0.2824
-1.3765
0.85747
2.35825
0.71194
1.78029
5.00303
3.29941
-0.7797
0.8761
-0.8916
2.7423
-0.1485
0.3986
-1.4174
0.8556
0.2604
4.6564
1.2527
-2.5328
1.7551
1.4337
-0.2076
1.5847
0.0842
-0.5933
-0.0189
-2.1655
8.9877
-3.6625
-1.5794
-1.6527
2.05
-2.6157
-1.1079
1.3909
-0.2915
-0.094
-1.619
-2.3345
0.3977
0.9376
-0.3806
-0.0104
2.8415
1.431
-0.7328
NA
0.2171
-3.65255
2.0898
1.4706
0.5837
-4.6149
-3.4708
-0.8033
1.5932
0.1975
0.2086
0.8847
-0.3839
-5.0112
3.3035
-1.51909
-2.162
-2.5545
0.0595
1.0706
4.2076
4.135
2.7151
-13.4692
-8.3205
9.6596
0.6463
0.5245
0.5344
1.5069
-2.6283
-1.4626
0.841
-4.6741
0.5969
-0.1606
-1.4725
-3.5022
0.3706
2.5939
-1.3535
1.2033
0.4913
-0.5515
-1.6475
9.6299
-7.5486
0.7725
-3.26
0.0219
-0.7403
0.5679
0.3144
-1.8206
1.1374
-1.606
0.4337
2.8111
4.3291
6.4785
2.64163
-0.4197
-0.964
-0.07922
-1.4988
-0.17642
-0.9644
-4.9341
1.59035
-0.85209
3.4439
-1.08063
5.7176
-1.56682
3.38673
0.41567
1.3849
1.89396
1.97451
0.1682
-1.9098
0.36736
-0.44173
-1.06046
-1.2012
1.99076
7.5607
-1.14601
-1.3845
-0.1552
7.72234
-0.02401
-0.58084
0.1792
-0.9718
2.02363
1.9011
7.97468
0.31466
-21.5094
-0.4575
-1.0178
-0.73705
-9.7136
4.90819
-1.47744
0.4681
3.6747
-1.9173
5.3603
-10.89056
-4.01541
3.97513
2.64007
-1.3827
-2.1467
-0.157
1.7962
0.0176
-1.8693
0.49447
0.52014
1.56569
4.9612
0.76478
-0.62863
1.01662
4.63075
-0.1676
3.08314
-2.6154
1.1742
-0.0827
1.48396
-0.33625
1.13428
1.734
0.14541
-0.6214
0.18946
-1.2758
-0.00045
0.2518
-0.5351
-0.10144
1.38868
1.2442
1.09971
3.6247
-1.2469
1.8012
-1.655
-0.4861
0.1019
1.281
0.74666
-2.12158
-3.4098
-1.4484
-0.69192
-2.084
0.2325
0.26274
-0.3619
1.30543
0.0596
5.9783
3.2751
4.78864
0.06622
-1.37394
0.1835
9.2293
1.6262
1.0495
4.76817
-2.9825
-6.05758
2.1541
0.4888
4.8224
-1.80021
0.11444
0.8714
-0.513
0.31343
3.91623
0.0562
-2.0157
-0.2305
-2.74843
1.0245
0.5021
0.44962
-0.7647
-0.1376
1.22607
0.8428
1.9611
4.6242
0.5387
0.4279
1.1128
-0.12945
-2.704
-1.55115
1.046
-9.6784
-2.49409
-6.01283
1.14736
0.8821
-1.4453
0.8076
9.0819
2.6548
-9.5679
-0.26585
-1.73747
-4.9263
1.1101
0.21897
-1.05015
0.15799
-1.0746
2.1772
-1.6699
-0.2786
-1.7652
-0.5732
1.86428
1.91886
-0.14577
-0.08804
0.51596
1.58354
-0.8254
-0.1082
-2.7679
2.97283
-4.6451
1.4612
-0.339
-0.5186
-0.4112
-1.7151
-1.0303
-0.1695
-3.2994
1.4769
-5.7523
2.2122
-1.0509
-2.2003
-2.2885
-1.88085
0.7834
10.953
5.3357
2.0065
0.29717
-1.7467
0.4464
0.41748
-0.3736
0.3045
1.7202
2.64447
2.05108
-0.7047
-0.9904
-5.79345
-1.0052
-0.2046
0.17829
1.58122
-0.73126
5.0826
1.30692
-0.3017
-0.61085
9.4626
-8.46789
4.10518
2.2707
1.5214
2.12127
-4.0513
0.37505
-0.31714
1.05594
-0.5613
6.5146
0.83655
-2.53051
-0.5542
-2.7087
2.17856
-1.04953
-1.4708
-0.804
0.9653
2.07343
3.9053
-2.3913
2.2122
3.41174
1.50213
4.7538
-3.6727
3.58417
-0.02906
-2.68178
12.2448
-12.72438
2.86932
2.2275
0.4659
1.0185
4.9073
4.32881
-0.2131
-0.7886
0.3982
-4.55806
-4.6431
-2.28338
NA
NA
0.61033
-0.8321
4.39616
-0.1986
5.49222
-1.82139
NA
2.01708
0.1102
-4.3607
-2.76383
-4.1349
-5.2417
-0.1318
-3.1782
6.2089
1.71781
5.7437
-0.1048
3.9454
1.4908
1.85883
0.17421
2.8978
5.5022
-6.51181
-3.71639
5.64568
-0.29687
1.29065
-1.54197
-2.6289
-1.2972
-2.1243
2.72245
0.98167
-2.28089
-0.41952
-1.39
-0.34572
0.6152
4.08209
-3.19382
-0.42782
-2.45675
-1.41725
-0.5414
-4.674
-0.7746
-0.4257
0.6575
0.09673
0.99591
0.55212
-1.9736
-0.53209
0.7957
-0.30263
-0.43629
4.81905
-3.08942
-0.7365
2.06862
4.71906
-4.50039
-2.99867
1.0489
-0.52489
3.96607
-2.2239
1.28999
1.7032
1.13904
-0.7985
9.52263
4.56187
6.4625
3.3842
16.60956
-6.4779
6.4536
-2.18579
2.09152
0.269
-2.7446
-0.8596
-0.7796
-3.134
-2.1402
-1.0467
-3.3009
-7.5015
3.22141
-1.252
-2.49831
2.32235
-0.24614
6.29432
-1.16203
2.58848
-3.6936
3.59231
1.13753
0.31859
8.8698
-1.46712
1.77601
-2.42469
NA
2.4285
-1.75323
-0.94496
3.3399
1.24513
3.49207
-1.28394
-0.6054
-0.0908
1.45849
5.46501
-3.33943
0.36925
-3.5649
-0.9933
-0.8954
0.4178
0.58492
1.79256
-0.5972
-8.58
-2.59085
3.33971
2.13
-0.2623
-0.6547
2.46029
-1.1686
2.7657
-10.07971
-2.37697
1.87649
4.8609
-1.65124
-0.06678
-1.2883
1.08592
2.57068
-0.81291
-2.02093
1.69
0.5623
1.42167
-0.65304
-1.8511
1.6341
-1.65943
0.3258
0.45858
-0.78759
-0.257
9.28414
0.40951
1.20323
1.997
1.5907
-0.16219
0.83223
-3.3126
1.95818
4.3432
-2.04133
0.06659
1.99768
0.4759
-4.71379
0.3749
-7.81231
7.86018
-0.7367
1.3286
0.14022
0.9915
-0.63671
0.96432
1.6661
1.75353
6.4178
0.4177
-0.0142
0.827
1.67157
-0.90857
-0.5196
-0.12333
0.71982
0.65275
-0.4518
6.64124
1.36555
2.82275
-0.90099
4.96165
-1.4352
-2.5059
2.96653
0.237
0.8652
1.83016
-8.34816
1.92302
-0.2518
1.486
1.71307
-0.68961
1.27437
-3.3288
-2.9487
-10.8895
5.77241
1.7165
2.739
1.9206
-6.5442
4.8889
1.1925
-0.0372
1.95743
-0.45038
-0.85676
-0.522
0.08152
-1.833
-1.01843
-5.6286
4.27011
0.62329
4.8686
-0.0842
2.32321
-6.5488
1.8889
0.2613
-2.0198
1.1143
1.4303
2.1431
3.17395
-2.93506
-4.8233
-3.9178
0.5532
-1.4726
-2.0089
1.56377
2.7644
-2.77228
2.1057
0.7859
-0.7728
-0.0878
-0.1344
-1.81003
-2.95408
-5.8502
1.8716
0.8018
-0.4223
3.5192
4.9779
-1.7178
-1.6261
-0.093
-0.7819
-6.0297
0.7686
3.8105
2.0431
0.9322
-3.8963
2.0757
0.3499
2.1922
-2.032
NA
-9.6285
-11.2957
-0.4337
-0.4337
-1.994
0.5446
0.8676
-3.1756
1.9067
-2.1835
-1.2101
1.84
-3.8881
0.2973
0.2761
-1.3483
1.4043
0.2801
1.6887
-0.6616
0.093
-0.9092
1.3164
0.4879
-0.0211
-0.3414
0.9292
1.2239
-1.2952
-2.2116
-2.0238
1.7728
-2.2753
0.9805
-0.737
-1.3339
0.0734
-1.4867
0.733
0.1454
-0.9886
-2.4204
-0.4336
0.9936
-1.2999
0.633
0.2223
-3.032
-0.0023
-0.5058
-3.5391
0.0142
4.4162
-1.8918
0.3642
-3.6896
-5.8987
-1.0686
-0.3903
-1.6288
1.7719
0.7671
0.7285
-0.7869
-2.8428
1.90751
-2.4627
3.45983
1.96419
2.62489
1.99545
0.0715
-0.52346
-1.4678
1.1033
1.4322
0.2356
2.4276
0.87562
-3.75156
-3.35166
-2.0629
1.403
-0.1088
-0.33712
0.869
-3.14447
-2.9708
-1.207
-1.0302
2.6925
-1.7985
3.6192
0.5848
4.69379
-0.57519
0.4231
-0.7473
0.03708
-4.21277
2.4996
4.2665
-7.12568
2.16399
-4.69892
-0.2803
-0.20472
4.14812
0.83
-1.49807
2.0442
-2.716
-0.14208
-2.29954
-1.14553
-0.8615
-0.54806
-6.6768
3.12499
-4.23023
-1.0961
-2.78353
-1.03097
-1.12918
0.00388
-0.1931
2.9216
-0.2371
-0.55442
2.3746
-4.2533
-1.00737
7.08615
2.5868
0.32962
-3.64341
0.60848
-1.3843
0.62839
-0.5932
1.1769
-0.6666
3.64229
-2.047
1.3773
10.8321
3.62463
3.8967
0.2875
0.96503
0.8535
-11.7868
2.3567
10.2477
-0.9059
-0.5523
4.782
-1.033
-1.1256
0.6114
0.6891
-2.1067
3.1439
-0.88973
-2.7136
-1.02801
-0.0529
-0.3173
1.1988
-1.71687
-0.4585
2.94272
0.70083
-0.38818
0.3838
4.7609
2.7499
6.0173
4.7255
0.7
1.87886
-1.2191
0.95159
1.758
8.5016
2.3454
-1.1538
0.26494
-8.49712
-3.8938
-0.31476
-1.69551
-2.76175
1.18336
0.7151
1.61524
-2.4405
-1.6632
-0.159
-0.79795
2.07899
0.57635
4.82229
-3.7581
2.45791
-1.22194
-1.7591
-1.01256
-0.36407
1.079
2.3592
-0.0222
0.06376
4.31787
0.82436
4.71746
-2.0153
-1.62803
-2.24595
-13.58613
1.86232
0.2929
-0.42044
4.9985
-0.54589
-0.0275
-1.3647
0.2936
-0.2111
1.92341
-3.47585
6.85403
-6.44347
3.33166
1.0723
3.74307
-0.65208
0.25585
0.3585
-1.5047
4.0298
-1.24375
-1.197
-1.53267
-0.0893
2.11064
2.083
-0.1961
0.0878
0.60975
4.2731
0.0928
-0.514
0.0109
-4.66895
-3.77
-2.64462
-1.5758
-2.7017
-10.67188
-9.5166
-4.14519
-0.1219
1.96832
2.9977
2.9977
0.6643
2.3442
0.68312
0.0543
1.5565
-2.5708
-0.3237
-2.6337
0.06
-0.5049
-0.25704
-0.79079
1.3653
-6.4536
-0.95974
0.4538
-1.58985
-8.0536
7.10801
-0.227
7.7293
0.628
0.14826
1.0946
-2.2483
-1.63725
-3.36922
-0.74486
-1.80556
-0.688
1.8633
-0.42723
-0.23016
-0.39782
1.23528
1.32207
0.2899
-1.08743
-1.06826
0.1368
0.9876
2.0254
-1.81289
0.2772
1.1532
-15.6589
-0.86259
-2.28118
3.6523
-0.6385
0.3571
2.54474
1.21538
-1.6091
0.93177
-0.3166
1.9296
-2.5879
0.39877
1.44534
0.1569
1.47239
0.9067
1.2821
-2.72262
-2.62171
-0.82815
-1.4874
-0.07041
3.0103
2.2637
-0.9563
8.6536
-2.42855
NA
1.6524
3.9158
3.3954
-0.6299
-11.7743
-4.02761
-1.8277
-0.2105
4.1435
-0.92147
2.34788
-2.7244
-0.0119
3.1316
-1.5749
0.71785
-4.80746
0.55209
1.18675
-1.3178
-0.13704
-0.47926
1.60627
2.13621
-1.96864
-3.00478
0.6524
-1.78905
1.61113
-0.15881
0.5608
-0.86892
2.9661
-2.1423
-4.75452
1.1656
2.7224
-1.229
-1.21164
1.96324
0.59988
5.84832
0.0803
2.3448
0.1376
-0.6841
0.3272
2.2257
1.36429
0.9451
0.2322
0.58461
-7.54805
0.4256
-2.1731
-1.45443
-3.596
-3.5953
0.3315
-0.67551
1.34605
-4.61425
-3.39231
0.3762
1.34881
-4.15462
0.1487
3.19249
1.8916
5.20189
2.504
-3.16513
-0.7663
-1.97296
-0.8705
0.0257
-1.6314
0.6207
-0.6816
10.19884
-1.123
2.5217
-1.35569
-5.379
0.23026
-1.1433
0.48344
0.24829
2.7846
1.7696
0.2827
-5.30287
-1.49845
-8.8857
0.3593
0.13
0.51603
6.31522
0.7448
1.54114
2.04441
-2.65455
2.88894
2.4176
2.247
2.5831
-9.97361
1.85686
3.3787
-0.4685
13.4001
-0.21526
0.54795
-5.72927
-1.2159
-1.6093
0.15844
-0.5514
-0.7504
1.60832
-2.01666
-2.7476
-0.725
1.3914
-5.70935
-0.3547
0.62708
-8.7905
0.0565
0.63282
-1.78467
4.31924
5.2998
-8.47318
-2.175
-1.2363
-1.48039
1.33951
0.4168
1.1558
-0.9273
1.0959
0.09276
-0.1077
-5.03873
-10.1764
-3.66133
-1.92437
-0.78686
-4.98897
-2.9856
0.8835
0.36151
1.1736
5.1732
-2.2806
-2.16842
-2.09667
0.48927
1.512
0.91033
1.27723
-1.6718
4.44802
-0.7931
3.98522
-3.14499
-1.4383
0.8414
-0.8384
1.0375
0.39047
1.65306
-3.95993
11.82714
-1.10638
1.30928
1.04403
0.63538
-1.8476
2.9157
0.7927
1.64124
0.8004
1.3672
1.2484
17.7227
-1.2726
-1.97823
1.1519
0.8748
-0.16791
-3.7848
2.2815
2.5779
-2.06063
1.65563
0.4632
1.03768
-1.08316
-8.9873
1.8745
2.0062
3.51887
-2.04072
1.9837
-0.80238
-2.3046
-2.39062
3.2362
-1.4345
-2.1387
-7.047
-0.0221
-4.6966
0.2364
0.0949
1.1547
-0.18651
1.68861
1.6913
0.0657
1.2264
2.0313
7.16017
1.88265
0.03103
-3.8312
-3.64728
-2.1372
-1.4984
0.6743
0.2542
-8.834
0.5705
2.0062
-5.0103
-1.8563
0.321
1.7337
2.4676
0.9957
-1.1499
0.4192
-0.9012
-1.8102
2.20756
2.7803
0.8548
-13.653
-0.36534
0.01213
3.00952
0.848
1.27348
1.79973
4.7761
-2.50253
6.00386
-4.17719
1.6769
-1.41616
3.739
-2.82241
3.5469
6.30914
-0.22503
3.2426
0.91627
-4.3363
3.476
-1.81766
-0.86366
-7.4276
-3.1719
-0.46187
0.4646
-2.8017
1.08217
1.8361
-0.1961
0.8282
-1.50198
1.4413
-6.65413
-0.429
1.7141
5.0339
3.372
-0.61034
-2.8445
-2.3932
6.49359
-5.48
-5.10362
-2.17553
-1.1883
3.0386
-0.9081
1.523
-4.12386
6.5452
5.0339
0.854
0.1894
4.7394
-0.18429
3.5017
-0.9859
3.22161
-1.19485
2.1272
-3.422
2.5007
0.13525
-1.12552
-1.554
-0.3913
-1.07501
-0.0597
-0.9394
-1.92555
-4.0324
-15.0926
-0.953
0.4484
0.8573
-0.05508
2.9909
-0.2361
-4.5325
2.8509
-0.5739
0.7648
-3.07835
0.8038
-0.1783
1.85856
-0.6987
3.5254
-6.22709
18.6545
8.9324
0.8938
2.1572
2.72258
-10.7603
-0.10918
0.28565
-3.79873
-1.7858
5.748
-1.89325
-4.8629
NA
1.9975
-0.5394
-0.6621
0.31388
0.77116
0.9402
0.63931
-0.2279
-0.25877
0.96531
1.3176
-6.0377
-0.5009
3.037
-1.6299
-0.8346
3.1923
-1.4709
-1.27814
1.5873
-2.316
-3.39437
1.8719
-0.8135
-11.9193
-7.4138
4.53996
-0.9035
-1.11378
0.5959
1.49249
1.01977
-1.5777
-0.36454
-4.5974
-0.1242
-3.0305
-3.0715
0.1168
-3.1524
-0.508
0.659
-1.8995
1.8473
-0.9123
-0.0118
0.53016
-2.09901
-0.1579
3.61514
-0.52958
1.9843
4.255
-0.1202
-2.0642
-8.102
-1.86388
5.9682
3.956
NA
-2.54668
3.30505
-0.0927
-3.06612
2.0082
0.7957
0.1314
5.0573
-1.79197
-0.1464
0.6172
0.21115
-1.5176
-0.10758
-3.6425
-0.2124
1.1711
8.3635
2.44805
0.54277
-0.199
6.3613
0.61829
-0.38231
2.91186
-2.21651
-0.7835
0.674
-4.13954
0.2771
-0.80384
6.8457
5.26709
-0.4461
3.4889
0.8888
-3.62697
2.3273
0.6658
1.05668
-1.02115
-0.7099
3.12433
1.30966
0.3082
1.4281
4.44174
-0.2338
0.00669
1.4948
-0.30747
-0.79091
3.1936
0.94878
NA
1.5313
4.20014
0.87643
0.4952
-1.47099
-0.1965
-1.9337
2.9913
-4.2929
-0.4393
-2.5126
-1.2965
1.6359
-0.42621
-2.0163
-1.04364
0.4243
-0.116
-0.45998
1.63381
3.1368
0.77984
0.6509
-2.0135
2.3023
8.79628
-1.00047
0.4585
-1.4519
1.58209
1.1902
-0.21474
2.354
-0.0707
-1.1333
-0.8478
-2.6674
7.8693
-3.3378
0.0371
-2.47462
5.4609
1.1199
-1.0497
6.2988
4.3096
1.69171
-0.18857
-1.47229
1.40492
8.87063
-4.05647
1.62931
-1.2128
3.68507
7.09061
0.3869
0.676
4.45842
-0.83623
-1.8313
0.2791
0.0445
1.5902
3.5843
-1.753
1.8554
1.0788
1.7333
0.0076
0.4814
-0.16606
1.4315
2.17135
0.30297
-0.11974
-1.13167
-0.6444
0.7851
1.5935
-3.9097
-4.8117
2.19662
-14.6928
6.0601
2.36951
-4.5821
6.7266
0.42185
-1.1595
-0.7124
-0.1469
-1.3968
-0.1021
2.5974
0.8317
-0.5642
1.8248
0.6541
-2.2849
-1.4729
-2.0355
4.2615
-4.96317
0.0731
0.5342
0.7865
1.16542
-0.03175
1.33068
5.53566
-2.30564
0.00813
-3.10853
-0.6831
0.27035
0.48119
0.3397
-0.78725
-2.5899
2.8681
-3.37319
0.0549
-3.2058
3.9226
1.31151
-0.17
1.0481
-4.33442
-4.4454
1.74215
-0.92017
-22.9656
-0.53596
2.0848
0.264
0.71555
1.598
-3.9511
2.79789
-2.8509
3.008
0.3647
-2.3833
-0.4974
1.1124
3.65719
-1.95642
-3.31622
-2.4773
-0.477
-0.3567
0.22572
2.1307
-0.7366
-2.0024
-1.6221
3.59564
-1.0001
-3.24347
0.5216
0.8668
0.6865
NA
1.1277
-0.7312
-0.48261
2.65227
1.7346
0.21481
7.02641
-0.2275
-0.3356
-2.6973
-1.6817
-2.67196
0.5236
-2.1819
0.18319
0.81
-3.9299
2.35662
1.0688
0.4346
1.3237
-0.4973
1.67368
0.50817
5.68018
-0.72729
-0.8369
-3.2528
-0.78169
-0.8039
0.4333
-0.25483
1.0258
-0.9145
-0.5314
-4.54302
2.5268
2.7916
-2.2259
1.9085
-0.5297
1.5454
NA
0.5933
1.2124
-3.0902
1.56229
NA
0.8199
1.48
-1.67611
-0.38225
-1.309
8.47787
-3.1016
0.06
-1.6295
0.4054
-0.9641
0.5949
-14.1279
0.18452
-0.9394
-2.2594
0.1241
0.68338
-0.9436
0.4288
1.32506
4.8643
-2.0405
-1.45188
5.06
1.02492
-3.31927
0.2312
1.6146
-0.96504
1.19385
3.4761
-0.7128
5.01276
2.36138
12.8306
1.7832
0.1142
-1.7721
-0.2777
1.4843
-1.9271
5.14225
1.64897
0.7781
0.1355
-1.2873
-0.23532
-6.1645
-2.4534
-1.68728
-0.6165
-0.6826
-2.7482
-2.75206
-1.11559
-1.6819
-2.10398
0.1392
1.30007
-1.9624
1.19203
-1.21981
-1.0065
-0.7084
0.27478
-0.0166
3.19994
-0.9422
NA
0.8632
-1.7133
1.59944
-5.8727
0.08156
1.61495
1.70661
-1.36908
NA
-1.7284
0.12875
-3.81797
-4.6312
-0.93943
-2.14735
-5.4566
-0.7877
-1.3534
-0.0231
-1.02591
-5.8653
0.1645
3.23208
0.1652
2.4597
1.8071
1.0439
-0.7344
-1.3423
-0.3983
0.194
0.6816
-1.19599
1.3593
-2.5484
-0.98861
-0.284
-0.6784
-1.8719
-2.52789
-0.9345
-17.2435
4.03331
-2.1388
-0.6904
-0.9491
-9.5271
2.4663
-0.0601
0.20855
-0.2852
0.00314
2.8464
7.5437
-1.517
-1.5511
-2.30397
1.04081
8.68913
-0.3242
1.7795
NA
1.3895
-3.3571
-0.1005
-0.0688
-1.21768
1.4811
16.0726
1.2622
0.4132
0.9952
-0.1991
-0.1468
2.4569
2.3377
-0.24218
-0.6076
2.4597
3.81925
1.53482
NA
3.0545
-2.1567
0.0136
-2.4954
0.49906
2.2151
0.4165
-0.5202
4.5848
1.2056
0.8317
-0.2563
-0.1928
1.7604
1.32807
-3.9015
NA
1.99811
-3.45571
0.04221
5.4088
-0.1211
1.2381
-0.96783
6.2014
-7.0941
12.05736
-2.21835
2.32931
-0.7148
-0.2798
1.60023
5.4901
0.32129
0.25296
1.6037
0.7795
-1.04264
-1.73
1.1404
-2.684
-1.5392
-2.9398
4.0814
1.1817
-1.30098
1.6749
0.17915
1.8179
0.8411
2.8583
-0.72701
-0.4332
0.2876
-0.04529
-3.71806
7.4623
2.54262
-1.65747
1.41439
0.1262
2.542
7.0744
-0.5303
0.4324
0.1223
8.7072
-1.0078
-4.534
-0.6661
2.23506
3.1954
2.6099
-1.6099
-3.19918
4.9604
1.3701
-1.99647
-10.4385
2.2206
-0.2351
4.04788
-1.83302
-0.7364
1.1935
-0.24504
3.8251
12.111
1.26413
-2.8174
1.8341
0.2983
-1.1348
NA
-0.67975
-1.96918
0.8919
2.61139
1.4455
2.79494
0.83752
-0.3323
NA
0.6697
2.4501
15.5221
2.8749
-0.61616
-3.0537
-5.2823
0.64327
-0.2968
0.35384
0.301
-0.7957
-0.1982
-2.41439
-11.5434
0.0718
-1.75352
-0.623
0.4902
2.0668
2.1041
-7.19438
-1.6062
2.27093
-2.7691
0.0559
1.35966
1.15792
0.6848
-1.8508
1.0453
-4.728
-2.8209
2.68285
-0.4724
2.2115
-2.2112
0.4634
-0.209
-0.0801
-1.26176
1.80675
0.6503
0.25288
-0.57041
-2.39309
-1.9143
-1.246
-0.06341
1.3939
0.518
0.75372
-2.8523
-1.9677
0.0519
-1.2945
7.8506
-2.9097
2.9927
-1.1243
0.9547
0.57831
-0.0515
0.7063
-1.05295
-1.50556
-0.1533
0.2095
0.00118
1.65165
-0.80942
-1.37348
-1.00343
-0.36166
-1.8389
-0.3707
0.2304
-2.32149
NA
NA
NA
NA
NA
NA
-0.3177
NA
NA
NA
-4.54971
NA
NA
NA
NA
-4.17469
NA
NA
NA
NA
NA
NA
NA
NA
NA
NA
NA
NA
NA
NA
1.39535
0.4057
NA
NA
NA
5.7698
1.0508
0.5102
2.5407
NA
NA
-3.8626
1.8888
-1.07605
-7.7444
-1.3594
0.9401
0.2097
0.8014
0.3724
3.3782
0.77815
2.60993
0.1108
0.2433
2.17106
0.39102
0.6681
-1.97021
-1.8553
3.45023
-2.6608
-0.0402
0.76458
-0.8668
3.8525
-0.2437
1.25885
0.083
0.3261
-0.8351
1.6401
0.91445
2.22224
-1.0694
-2.10335
2.53904
-0.6737
-2.4332
-1.378
-1.4299
-1.4192
0.5963
-0.26494
NA
NA
NA
-1.3193
4.1757
1.73497
1.45193
0.34531
-0.4279
1.4091
-0.58568
0.00844
0.2606
-2.74729
-0.7552
-1.08518
0.295
-2.4312
1.13394
0.05693
-0.38492
-1.06254
-1.38605
-2.1758
-0.80934
-5.4073
-4.9969
-3.51399
3.2552
-2.87806
2.7171
-0.673
6.0258
2.7943
-0.1548
0.18017
1.03247
4.0303
3.36218
-0.07896
-2.9393
-2.1467
0.32675
0.2213
-0.5708
-0.7119
NA
3.0195
-4.5286
-0.283
NA
NA
NA
3.5049
-3.7404
2.029
-3.3245
-3.0573
0.5102
-2.9305
-1.9448
-6.12099
-2.2492
1.7272
5.3572
-2.2006
-0.616
0.89718
-4.2506
0.6935
0.7064
-0.8125
2.32457
-0.52627
0.3461
2.36796
-1.3849
1.9846
-1.06074
2.51903
-3.9274
NA
-4.42568
1.45879
-0.7949
-2.1766
2.46742
1.148
-2.7004
-1.4214
0.6417
1.7859
5.0286
0.4828
0.9438
0.54312
-1.83331
-0.9305
4.5758
1.3516
2.1324
0.6464
-3.52107
-1.57634
1.0276
1.60287
NA
1.3831
-0.21118
-0.6172
6.1159
1.27173
0.5798
NA
-1.74965
-1.9924
-1.1047
-3.07002
1.5751
-0.0632
-0.6451
-0.1054
-2.6706
-6.549
0.157
0.0653
-0.2524
0.77188
0.2754
2.53834
0.9626
0.063
-1.4292
-0.0903
2.40502
-0.9602
-0.3801
1.77382
2.2952
-1.9539
-0.59047
NA
-0.7776
-3.02908
1.74414
-3.34174
-0.04248
0.04828
1.1791
1.49691
-0.8185
-0.64296
0.3278
-1.4391
0.6549
-0.98096
NA
-1.3826
5.0065
-0.45354
0.7519
0.45052
5.01193
-2.92451
1.0543
NA
0.8727
-0.9715
-0.82796
-3.93264
0.30994
-4.3518
1.4683
3.9256
2.93781
1.12127
-0.1729
5.7698
1.38217
1.6512
0.3229
-2.56398
-1.1531
0.5795
2.9727
-0.5093
-0.0938
-2.7612
-0.258
-3.63523
0.7018
2.5948
-1.6595
2.09171
-1.92909
-0.8372
-0.95421
5.0898
-2.21299
2.7124
0.72123
1.92105
2.54689
1.8794
-1.14539
3.8175
1.35984
0.6625
-0.4185
1.84124
-2.93911
0.58084
3.6767
0.1952
NA
0.9747
4.8992
-2.4044
0.2983
-11.46921
0.74919
0.1021
2.7412
2.42971
1.7735
8.8548
-0.51
1.765
-2.8626
-0.61772
0.83059
4.86636
-3.2331
-5.44468
0.4542
-1.337
1.00757
1.342
-2.06516
2.32018
0.742
-3.1112
4.2783
1.3538
5.06473
-2.9166
0.6654
-0.89575
-1.23246
1.45746
-2.17113
-1.462
-0.39549
-1.2586
NA
-1.29027
-4.8854
1.7403
-1.7085
-1.39803
-5.9078
1.327
0.9519
0.58861
-3.02101
-0.26756
-1.3999
2.8149
-1.76807
0.7597
3.50482
1.2491
-0.8179
-0.9832
1.0614
1.6205
-2.4729
1.5377
1.60037
7.19208
2.1647
-1.989
-0.5951
-1.7432
NA
-0.7656
-2.2971
-3.8736
0.08512
2.1019
-1.2858
-4.6341
4.96513
-3.97461
2.0919
-3.14724
4.0615
2.6637
-0.0687
-0.19285
NA
0.1533
4.45783
-5.5236
2.93388
-3.12876
2.4064
-0.34768
2.7644
-0.4518
5.2707
-1.6419
-0.6884
-0.07819
-0.2768
-2.5033
0.68907
4.9718
-0.20207
-2.0396
3.49768
NA
-1.76135
-0.4319
1.839
1.2549
NA
-2.06756
-3.6256
0.3804
3.0101
1.2007
1.8372
NA
-3.8626
-1.2427
1.63457
11.7399
-1.9247
0.9382
-0.7271
-1.69942
-2.044
-4.02275
-2.2369
2.18027
NA
-2.9062
0.1848
NA
-3.135
-0.8292
-1.4636
-4.4229
2.0636
1.9311
NA
-4.53293
NA
-1.91182
0.0742
1.45468
-0.77211
-1.3193
-0.314
1.6064
-1.1359
0.886
-0.17969
-0.47724
NA
3.3875
-0.9153
1.80048
-1.52347
0.06345
1.2899
8.0864
-2.86287
-0.37598
-0.82999
-5.68181
0.0524
-2.7331
1.8376
-1.48
NA
1.1048
0.09561
2.8195
-1.4797
1.5428
-1.74008
0.2322
5.7954
-13.0692
-4.0314
-0.2124
7.98017
-7.0908
3.4312
-14.5006
-2.6052
2.33268
-1.8755
-0.44549
-2.688
0.3174
2.0494
0.23679
-0.54605
-2.7666
0.6005
-0.5995
-1.86669
3.05619
-1.51205
-0.75252
0.2434
-0.4319
1.2717
9.9789
-0.6345
1.9474
3.0215
1.2045
0.3202
NA
0.25876
-0.5087
1.3543
0.9071
-8.05057
-3.13363
3.37631
-0.9794
-1.1259
0.74281
2.06921
-0.2413
2.0157
0.29609
-0.1268
-1.84555
1.2947
-4.7209
0.5054
-1.2217
-1.84239
NA
-1.54319
1.1302
1.5353
-1.80675
-2.5572
12.3877
NA
-4.6709
-0.3515
-2.92129
NA
0.332
0.6242
6.773
-1.8636
-1.94906
2.3587
-0.7287
0.1526
-0.85993
-0.1378
0.6341
-0.6557
1.997
-0.26766
0.42493
5.4685
-3.0681
-2.3091
-0.34351
-2.3847
-0.61771
-0.2307
2.62911
0.2414
0.056
-0.12976
1.4893
2.37152
2.2999
1.36488
0.33327
1.4277
2.1752
2.925
-2.88781
-0.1773
1.0228
-0.37892
-1.5508
0.24087
-1.0487
0.86861
2.3382
-0.82965
-2.83777
0.51352
-0.8455
1.24009
NA
0.3926
-0.9591
0.00129
-3.2954
-3.01679
NA
3.99769
-1.4088
2.9103
1.12518
0.7163
-0.1132
-1.4402
1.42124
1.87533
-1.35141
-3.33715
1.4127
3.00249
1.36063
-0.2012
-2.83833
2.3478
-0.8892
-0.91719
1.13686
-7.3325
NA
-2.1913
-3.4198
1.4088
-1.5116
0.01506
1.52547
-0.3539
5.8303
3.40533
1.2086
1.0173
-0.34654
0.6172
-2.2472
-1.4548
-7.74496
-2.949
-0.46388
-0.88061
0.9006
-0.98385
NA
-1.12943
NA
-1.66983
0.8161
-1.40736
1.11823
6.45886
2.86576
-0.0274
-6.1615
0.3806
-4.12507
-1.2851
5.2638
1.0945
1.9749
-1.67572
1.11692
-1.0433
-1.7721
0.3251
-1.1075
0.8261
2.3426
1.704
-0.5127
-0.8249
NA
2.14398
-1.2273
0.6245
-1.4751
-1.8443
3.1124
-1.44457
NA
-0.35192
0.1193
-0.7698
NA
-0.0296
5.91301
12.53354
9.0364
-3.9337
0.82908
-2.382
0.68089
2.63742
1.98158
-0.4071
-2.4018
-3.41
-0.22586
-2.6386
-3.37821
-0.6171
-13.3811
-0.43209
1.58542
-0.3121
-2.4539
-2.01612
-0.11767
2.65087
-1.9664
5.64225
-0.5621
-0.3176
3.0364
-1.7907
-4.79652
0.2986
0.1533
5.1554
3.0107
-0.64364
2.3704
-1.4653
-0.43596
NA
0.02577
0.1098
-0.1522
0.3405
12.09498
NA
-1.11591
1.42174
-2.0751
-1.81787
3.4673
0.46571
NA
-6.7523
1.333
3.2497
4.1203
-0.9944
-0.5159
-2.129
2.20752
NA
5.82915
-6.52737
1.6811
-0.1073
3.7171
0.2239
0.7746
-8.49849
0.26972
0.29239
1.0999
-0.3766
6.078
-2.26756
0.72653
-5.6354
1.35333
-2.6025
-1.9305
-0.4679
-0.0794
-1.15111
-0.5542
1.6593
0.606
0.52481
1.8643
-0.4543
3.9353
1.17256
0.36237
-4.73367
0.1579
-0.674
0.20513
-0.1612
10.56968
0.7261
5.3165
3.9989
1.43426
3.0204
1.3762
-0.6497
-1.6738
0.18444
4.2944
2.43765
2.8415
-1.4997
4.84288
-0.6595
1.6631
1.47461
-0.78445
-5.09
3.8914
0.23528
0.613
2.1046
-3.0517
0.7003
1.58901
1.4979
0.5807
-0.289
2.4984
-1.1889
-1.4577
0.3243
0.5263
-2.3886
0.21262
0.2799
-0.942
1.0779
-0.2507
-0.6266
0.554
1.4256
6.2936
-1.1728
-4.3517
-0.2669
-0.7858
-0.7325
2.97181
-2.81397
0.7512
1.917
-1.0029
-1.66061
2.31943
-0.6762
-0.5887
-0.3941
-1.5627
0.1199
0.9981
-1.7433
0.5993
0.2637
-1.67832
1.5731
0.44
-0.0839
2.51571
2.8104
0.1329
-0.28405
-0.1372
-0.57091
-5.6595
0.10269
-0.6595
-1.035
-3.2289
0.1355
-0.428
0.21081
-2.2008
0.6113
-5.3847
1.3285
2.8231
-0.0582
-0.1229
0.504
-0.5423
-1.3099
-1.711
1.9738
-0.4792
0.2638
-0.7757
0.7193
-2.3573
-2.7783
-4.0948
1.3586
-1.9125
2.1507
2.0603
2.74306
-10.3104
0.6428
-0.884
-5.0085
-2.1454
4.5193
-1.1057
-0.61505
-7.5014
-0.3536
-0.0013
0.45621
-0.67043
1.77373
-1.12424
-0.1133
-1.8621
-0.26605
3.53888
-1.79281
7.9721
-1.64801
4.08381
0.7746
0.36703
-0.6951
-0.78226
-0.3199
0.08699
-2.9256
2.0271
-1.37148
1.1411
1.28458
0.59269
1.58689
-3.37559
0.9114
0.14666
6.817
3.34639
-0.0979
0.70811
2.18186
0.3638
-1.4088
1.1571
1.7366
0.6476
2.015
0.65678
-3.6105
1.6673
-2.42927
-0.81968
1.49349
-5.27711
0.207
2.1366
0.459
1.10333
1.3532
-0.32039
-1.05514
-0.0921
-4.59983
-1.88129
1.9023
3.3071
-3.7937
0.29188
1.62329
0.6726
1.1987
-4.43672
6.1741
-2.36016
6.52247
2.04157
-1.4086
-1.8071
-1.21757
0.04845
-2.98885
0.05878
-4.546
-7.6017
0.93374
1.36151
4.24912
-3.10106
-3.66395
13.6049
-2.92374
0.8375
-4.76226
-10.1917
1.29087
-0.12178
-5.78319
-3.7139
0.10592
-0.74986
-1.7288
3.9949
-2.26923
-1.4222
2.56315
1.6021
-0.9707
2.9385
1.1214
-3.8424
-3.997
1.8069
-6.7025
-0.9785
0.13072
1.2756
-1.162
-0.1438
-5.3828
0.8166
0.4727
-2.1993
1.2402
-0.0191
0.1221
0.7264
1.66793
3.7348
-1.0175
-3.2342
-2.5112
-0.488
-0.2587
-0.4355
2.2396
-0.3872
2.54789
-1.54715
-1.8502
3.956
-0.0901
-0.05402
3.3752
0.75138
2.5635
0.2
-0.834
-0.02598
3.37038
1.2321
0.3632
-1.55673
0.81417
3.64383
-2.20644
0.4189
0.16477
1.58743
-2.1632
-0.2748
0.1804
-1.2339
0.72929
-0.46522
-1.6221
-1.075
0.1804
-0.82038
-1.28331
2.42879
-0.7117
-2.83766
1.8952
0.8455
-0.5152
-0.30679
0.2727
1.8914
-2.91538
1.1233
0.5658
-1.3609
1.1843
2.4743
-0.9203
2.7782
2.66817
-0.6183
-1.65782
3.25087
-1.5692
-6.1558
-2.44957
-5.23779
-8.0504
0.3138
-3.10503
0.5395
-3.97795
0.44306
-2.43684
1.7785
-1.3367
0.64
2.65649
2.96381
2.8107
2.424
1.3859
1.1633
-0.3171
-4.95079
2.8085
-3.1711
-1.0452
2.69116
1.1666
-2.0629
-1.96687
0.31139
3.79323
0.9558
-1.816
-1.1222
-0.30381
-0.49338
-3.8367
0.9937
2.8658
-0.1929
0.7755
6.99557
-0.0069
-1.8948
-0.2681
1.6284
0.5984
-4.28525
0.67751
0.56836
-0.7261
1.00034
3.6744
7.91611
-6.96405
-0.1869
-0.38794
-7.61449
-0.5746
0.3618
-2.2654
2.01212
1.2049
-1.03594
-1.29396
1.487
-1.4543
-1.82497
-2.3541
-1.36643
-8.76066
-1.84885
1.31956
0.0104
1.92364
1.67991
-0.93276
1.99895
1.5165
1.59243
0.5302
-0.82035
1.40015
-2.3026
3.86799
2.7294
-4.52957
0.8401
-3.80199
-1.21738
-3.53019
-1.2012
0.39588
-0.17173
0.6495
-11.67286
-3.2604
-1.927
1.21031
-1.13281
0.92652
-4.81759
-1.65251
-0.0632
-5.51911
2.7956
NA
-0.9292
-1.93044
0.96735
NA
0.0498
1.96517
-0.8928
-0.3788
-0.76618
0.8414
2.54194
-0.9789
-5.8814
-3.4302
-0.13987
0.1225
-0.21052
0.00122
0.0847
-3.69269
0.4741
-1.3895
-1.25054
0.2622
-2.0098
-2.6116
-2.29943
0.23288
2.4669
0.61919
2.0129
-5.23072
4.51043
-0.61
0.88101
0.34328
1.3865
4.4894
1.4276
1.63491
0.9957
-3.527
-0.89401
6.3717
-1.4268
-3.217
0.6386
-1.1183
-0.805
-3.7968
-0.7465
-0.0651
0.6534
-3.1161
0.28996
-1.58991
0.1255
0.1077
-0.4687
8.71783
-0.3979
1.13553
2.8118
-0.11909
-5.19886
-2.2861
1.2269
0.15062
0.82487
2.57996
2.145
1.6233
1.7392
-3.0286
-1.1601
0.2502
0.40455
2.48812
3.68686
0.0343
0.5443
0.7361
0.15349
-1.5675
-2.19486
1.89648
-0.07806
2.36228
2.58508
-0.5202
2.58634
-0.5888
0.9787
0.0073
-1.9158
2.78128
0.1243
2.5729
2.66385
-1.8362
-0.2813
-0.6627
3.74557
0.25063
-0.99757
-0.67694
0.38818
3.05023
2.35445
-0.787
-0.53143
10.5572
6.64144
-0.3426
-4.66598
-3.36377
0.36735
-2.34664
0.47235
0.6925
2.2473
0.7916
-4.2
-2.2527
0.6589
-0.9409
0.78887
-0.4786
-1.043
2.3003
-3.94194
-9.44609
-1.56891
-1.055
0.3522
-2.17501
1.1881
-0.16771
1.84765
0.6377
-0.8488
-0.11412
NA
1.7358
0.04982
1.7012
-0.4918
-0.7682
3.7851
0.3707
2.555
11.92675
-1.2673
-1.8831
1.0065
-5.0137
-1.53635
-3.6116
-0.5246
1.6544
-2.0908
-0.1517
-3.63515
-0.0213
-5.17525
NA
2.8025
-3.0531
1.7764
-0.0713
-0.623
-0.62094
1.7118
-3.3154
-2.33795
1.0546
-0.27707
0.3875
-2.324
1.3001
6.4726
-0.0242
-2.5069
1.6471
-0.5517
-5.6548
-2.1883
0.3243
0.77291
-2.93284
1.3945
0.37487
0.5426
NA
0.706
-0.55855
-0.75537
-2.02827
-1.7992
-0.2926
4.2863
0.2688
-6.2795
-2.4055
-8.2506
1.1018
-9.73994
6.7488
-2.5426
0.3
1.59156
-1.9568
NA
1.2125
-0.72965
0.1117
NA
-0.4041
2.6941
0.8575
-0.3774
-2.88431
-1.1267
1.62414
3.05294
-1.10135
-1.75874
0.2356
-0.7595
-0.6411
-0.4177
-0.2995
1.7301
-0.57281
-0.4162
-1.2161
3.1097
-3.08816
-0.3886
-2.49064
1.71175
5.6058
-0.74515
0.7223
-1.8115
2.1764
-3.3183
0.0302
-0.75802
-2.9733
-1.1464
1.22893
0.2729
-1.7588
-0.4955
2.94576
7.19341
4.41547
-1.531
-2.4702
-0.9553
0.4697
1.1251
0.6566
-3.0103
-3.5631
0.5126
0.2459
-1.647
-1.3642
0.7907
0.7915
1.7629
0.8394
-0.5214
NA
1.0823
0.1752
4.9703
-0.0892
-0.8506
2.2147
-8.53756
-5.8725
7.34281
5.57745
-4.54191
1.6715
4.5237
-0.4504
-2.7813
-2.7363
-0.60919
-2.09776
-0.69
0.3245
0.4092
-2.8234
-0.0704
-1.13993
1.3699
-1.4185
1.7552
0.86123
-0.847
NA
-1.3155
-1.9265
-2.1341
-1.3929
-1.97911
-0.7898
-7.588
-1.4278
1.25199
2.0171
1.14305
1.6768
0.0845
-0.847
4.3279
-0.2196
-1.95295
3.0018
0.4012
0.62196
-1.38417
-4.45158
1.9463
0.5837
-1.5324
0.76653
1.54221
-5.55826
5.2287
-2.1326
-9.5632
-1.393
0.1557
0.847
-2.4994
-2.1418
0.73376
-3.3994
4.87822
0.96027
-0.25586
0.10124
2.0115
0.17753
0.8518
-0.81433
2.5569
-0.9644
0.66146
0.28902
12.4829
-0.3069
-2.35586
-1.7923
3.0614
0.19298
0.84133
-0.0527
0.2918
1.4656
1.6276
-0.9775
-3.1276
-1.1749
-1.42753
0.534
-1.91851
1.11383
-0.917
-0.89946
1.577
-0.91764
0.0149
-0.54528
0.0715
-0.2998
-1.36476
-1.69246
-3.07578
0.29962
4.33963
8.3289
-0.5211
-0.45162
2.42918
-8.30203
-0.56925
0.56524
-1.31337
-1.1205
1.51089
-1.44014
-2.27316
8.68822
6.733
1.6913
-0.1252
-1.2193
-0.74745
0.3121
0.34422
2.9727
0.90918
0.12237
0.3944
-0.6627
-2.4828
-2.1318
-0.5888
3.0898
0.4598
2.5695
-2.1154
-0.58889
0.7293
-0.6778
-1.563
-0.53342
0.3466
-4.63528
0.75535
-2.47887
2.3387
2.0547
-5.52427
0.621
2.77909
4.2366
-3.5531
0.91364
-0.487
-0.3874
1.1714
-2.6433
-0.2927
-0.3176
5.0134
7.0248
2.9923
1.2857
-0.65423
NA
NA
-9.41641
3.92293
-0.551
0.0891
-0.6272
0.2502
0.3504
0.44408
1.35414
3.8562
-0.03288
-0.68897
1.40584
-0.2263
1.0854
0.1322
-1.96761
1.1755
-0.2783
0.266
2.3125
4.7002
-0.02805
-5.75663
0.55412
3.8063
-0.2817
-4.0666
1.051
NA
0.1533
1.51407
-0.47321
-1.918
-1.67035
-1.1532
-0.12705
3.9384
2.11552
-3.07095
1.56049
-3.4744
0.051
-0.039
0.5255
0.6582
2.07786
-4.0319
-1.78908
-1.4358
-5.1408
0.0727
-0.3798
