2.76125
-2.96592
-2.1607
1.5351
-0.06132
0.2221
2.3508
-4.4912
0.643
2.2271
-3.8319
2.1998
-3.8588
-0.69454
-1.50497
0.08749
-1.1174
0.8701
0.0641
1.1195
-1.4104
2.53554
1.6231
1.79677
4.7132
0.29481
-1.4487
-2.9598
1.83416
3.443
-18.58704
-0.22794
-0.66629
-1.268
0.0644
-0.8358
1.43032
0.0733
1.47053
0.3369
0.8703
-1.46582
5.31903
-1.09307
5.94684
2.5016
17.2329
-2.368
-1.254
-4.42231
-1.5256
-1.947
-0.2559
-2.4659
0.2616
1.57627
-1.39703
-2.45838
-1.65143
-6.646
1.3879
-0.5572
1.1774
3.3887
-1.5874
-0.51183
1.5104
6.3656
0.76144
2.576
3.14145
-6.4364
-0.1225
1.5396
3.13489
1.14761
1.42715
1.4394
0.3925
-1.29077
-3.2466
-4.7253
-1.5284
-1.5452
-1.1353
-3.1024
2.9615
-1.8582
0.1979
-2.3388
2.0346
0.38361
4.9408
-2.04048
1.4436
0.98845
-0.5645
-2.96408
-3.29172
-2.69228
-1.42687
-2.03041
-0.5233
-0.67512
-0.0921
0.6941
-1.08804
-0.26604
0.52688
3.2127
-3.07022
-5.3816
-2.99599
-1.9781
1.4821
-1.0581
-0.8055
2.5467
-0.76166
1.15896
1.4128
NA
-5.05937
-1.8599
2.9167
-3.92867
-1.29037
-0.4576
-1.03681
NA
1.7968
-1.74169
1.938
-0.4939
6.8374
1.09827
-1.55642
4.14395
5.79665
2.0651
1.4158
-0.7018
1.0731
-1.9769
-0.1529
1.6894
2.9359
-2.4415
-3.76074
2.0734
2.16403
-1.35096
0.66619
3.18511
0.97885
1.37337
-1.457
4.17779
3.44031
-0.8755
0.29018
0.889
-2.3195
-1.28376
-0.8355
3.05749
2.9002
1.5258
3.4423
0.06293
-0.4707
-1.41833
0.5914
4.4331
0.0386
-1.5663
-0.33057
-2.86023
1.2607
12.4418
5.9682
-0.8663
0.86641
-0.125
-2.1734
-0.58794
-2.7998
6.4568
-2.42306
-2.6692
-2.8851
-0.87219
-2.62519
3.2564
3.1167
-0.77161
0.8417
1.25373
2.86203
3.8817
-3.46463
0.24014
0.11858
-0.19189
1.6477
0.60571
-0.5411
-3.14155
-0.77666
0.5072
0.37124
-9.0601
-1.6173
-0.31452
-9.6783
-0.88513
0.083
1.4303
2.11005
-0.5493
3.46757
-6.0773
-0.61458
-1.0121
-2.89665
-9.4744
-1.6196
1.35881
1.2399
4.55568
9.1388
5.31794
4.00322
-0.20992
0.1189
3.37407
-4.31531
-9.9117
0.89926
-0.48084
-1.9243
-5.40261
-0.5474
-0.0101
1.69025
5.58162
-0.44271
0.9302
-0.00301
-5.22992
8.236
0.15974
-1.38428
2.9453
-1.6426
NA
-0.46112
1.4822
1.342
-0.03068
-4.5711
-1.3729
-0.54844
-5.465
1.24284
0.50706
-12.07965
1.5303
1.4526
-2.6792
-0.82194
1.7043
-1.4891
1.37069
-0.6915
-2.9214
0.0734
0.248
-0.4769
-1.70778
2.42059
-0.02973
3.43387
-0.8393
0.8382
-0.08081
0.22473
-2.17355
-3.4741
1.09463
-0.525
-7.5048
1.1513
-0.4168
0.62
-0.7086
-1.5226
-6.74104
0.2624
-3.9006
-0.794
1.5533
8.86727
1.07831
-1.5411
-0.94384
1.1595
-1.35714
-4.2252
-2.653
-3.02535
-2.28478
1.185
2.5749
-1.5275
-0.4131
-0.63826
-0.5247
5.9704
-0.9857
3.067
0.2518
0.4478
3.18356
-1.429
-1.7968
0.7703
5.7671
-0.4119
-1.9223
3.9435
0.7485
-6.3726
5.61229
0.12429
0.5571
1.7617
-0.24699
0.0219
-0.6748
1.5231
-3.34254
1.98175
-2.04104
0.50621
0.219
-1.01768
1.6532
0.80243
-0.4691
1.4101
0.35051
-2.34695
1.2559
-5.2172
3.0859
0.67991
-2.46207
2.75268
2.57856
-6.33551
-5.2612
-0.05867
0.86333
-0.10877
-1.6744
-2.1212
-2.43222
-0.6068
1.3065
-2.4753
-0.7542
6.0695
1.27226
-10.1475
1.96213
-0.87662
-1.46876
-0.0416
-1.7304
0.1441
-1.0273
1.8553
-2.0842
2.0531
-0.7496
NA
NA
-0.62571
-1.4588
-0.5538
1.59901
2.73367
1.1152
-4.6017
3.09575
-5.79893
1.1621
-0.1483
5.5487
3.1439
0.4272
-1.386
0.3287
7.60513
0.5682
-0.88747
-1.48227
-5.18107
-0.4999
4.492
5.16618
2.59544
-6.20623
1.5732
3.3702
0.7284
-0.6497
3.0021
-2.6579
-0.0505
9.89567
0.911
2.8958
-0.30422
0.29054
1.0288
0.98471
13.1086
0.8679
-2.2573
3.92436
0.9397
-1.78215
0.5343
-1.1327
1.19639
12.65099
0.20411
-3.6521
-2.5936
-0.79794
0.7117
1.1501
1.3757
-0.3705
-3.2175
0.0171
-2.6297
9.1513
1.5757
3.79542
7.3601
-5.5876
3.2929
10.84787
-1.0554
-4.86539
-0.1623
-2.4817
-0.80693
-4.21347
-0.75705
3.289
-2.6053
-0.91314
1.80763
0.3954
1.0061
-13.1368
-0.03402
-0.71765
-0.50128
-2.7366
-1.6562
-0.5835
-0.9234
-1.4353
4.0793
9.3568
-1.68836
5.4994
-2.1091
-2.2628
2.108
3.0104
-2.70093
-4.27876
-0.3582
0.0095
0.1911
1.70022
0.23925
1.3274
1.59263
1.66319
5.19945
1.20086
0.42211
1.78907
1.50565
-0.0776
4.73096
-0.0346
-0.82485
-1.4353
-1.83175
3.9381
17.9265
-0.1037
-3.7693
0.21687
1.1472
-0.2505
-2.3596
-4.9179
-1.3203
-4.32888
1.3159
3.8428
5.67018
-0.64692
-0.2492
-1.2605
0.0224
1.58874
-3.7003
-0.79876
0.68463
3.13687
9.17521
-2.603
4.74354
0.75879
-0.904
2.57915
0.30783
4.33815
NA
-0.9548
3.86162
-4.07869
0.0012
-1.53601
-0.30595
-4.2911
3.16497
-3.16728
-0.1239
0.6708
-0.79
2.3933
-0.48264
-3.7047
-2.6139
0.16201
-0.1329
0.78083
1.43405
0.9835
-1.2419
-1.46317
0.7486
-1.25214
-0.22704
-0.62177
0.39025
-9.9176
-2.4342
-9.50972
-0.09199
-0.3862
-1.31699
-2.90853
-0.3346
2.6034
0.0494
-0.29373
-0.58772
-0.07824
-1.70658
-3.8048
-1.89011
-1.30209
-2.5953
-0.1015
0.00738
-1.03492
-1.8354
4.41386
4.20515
5.7803
-2.38718
5.69489
2.70203
3.44015
3.39782
0.92079
-0.79724
-5.67932
0.9301
2.89687
0.14619
-2.69697
1.58695
-1.6721
-2.98013
2.86298
0.59588
-0.0096
4.27093
-0.0855
-2.8852
1.2919
-0.2755
-1.3617
3.2819
0.6662
-7.6751
2.5759
-0.6266
1.1043
0.6197
2.139
3.0227
0.2784
1.6719
-0.2886
-0.3163
-1.9174
-6.4642
0.0988
-0.1102
-1.8039
1.0386
2.34555
0.4007
-1.3278
-2.25684
4.1792
-1.3863
-4.198
3.13927
-0.6071
-1.01619
2.9279
0.50515
-18.48774
3.06505
0.88009
0.71601
-1.08919
-3.71033
1.29563
2.73349
0.65961
0.03356
-0.0452
1.19983
-2.0765
0.14087
-5.52494
0.34275
0.04555
1.05339
0.36003
-0.58382
2.47766
0.4371
-5.16422
0.4789
5.7074
3.80404
0.8764
-0.2006
0.7105
1.4877
-2.0829
-0.9579
0.8572
-1.8749
0.6784
-0.8353
-3.997
-1.6827
-0.0761
3.0161
4.468
1.1712
-0.3971
-5.9557
-2.72391
2.0189
1.5553
-1.3047
-2.94101
4.8573
3.7803
-0.31953
4.53821
-3.71948
-3.32001
-4.7224
0.94597
1.70609
0.08147
-0.95108
0.18018
-2.05155
0.64599
0.94306
-0.4297
1.8492
2.17285
-1.68653
1.3999
-5.2448
2.12169
-1.76173
-6.31201
2.37367
-4.12484
-0.6009
-0.5161
1.495
1.84407
0.0222
-1.32349
-1.41842
0.92092
-0.43913
2.3738
1.29103
-1.1583
-0.83231
-2.40849
-0.39332
5.039
8.9464
2.5644
2.14221
-2.6782
-0.8419
0.48368
0.66812
1.16589
-0.08857
1.13923
-3.23405
2.81099
0.70186
1.74756
-4.5313
1.78604
-0.7556
0.6142
-0.7499
0.6441
0.6752
-0.1116
-0.7638
-1.4073
-1.1413
-3.6614
-2.178
-1.5205
4.3921
0.2369
-1.1936
-7.2674
0.2788
-0.0399
0.6448
0.8397
1.0932
-0.3991
1.7108
-1.9685
-1.25848
4.2586
-0.02512
0.66311
-0.53786
-0.04582
-4.17049
8.4379
1.8706
-0.64472
0.21996
-0.01577
1.0056
-0.57005
-0.1516
-0.58
1.0259
2.7506
2.53474
0.8527
0.43892
0.30521
2.28022
-0.11963
-2.41224
4.0828
-4.83928
3.6828
1.1632
-0.88651
3.3038
0.55159
1.93716
3.60488
-3.24589
0.99222
1.31376
0.8101
-1.071
0.42503
-3.1283
-0.3376
2.7137
-2.3212
-3.2466
-1.45276
-0.58664
-4.28071
0.69663
-3.07759
0.8123
4.0219
0.1213
-0.301
1.6943
0.677
2.1054
1.5967
-0.7229
-1.0693
-0.7459
-0.4724
-0.2215
0.0549
1.3077
2.9383
2.1754
0.781
2.8841
-2.9292
-1.5357
-1.3308
4.9488
8.1557
-0.6522
0.9574
0.0454
3.3903
-0.8375
0.6481
2.0397
3.0456
5.7182
0.4531
-3.7261
0.7951
-1.0271
3.1626
2.1362
-0.5906
2.8
-4.041
-8.98212
2.2746
-1.41697
-2.35185
-0.9381
-1.99408
-1.69051
7.5099
0.58336
0.5658
-0.766
2.57512
7.6331
6.59954
0.88464
1.50504
3.36719
-0.60651
-1.3597
-0.55586
0.43857
-1.69985
-3.3267
1.1701
0.08003
6.0744
1.2998
-0.0837
1.61524
-1.286
-0.73394
2.1437
-1.74201
1.37106
2.99762
-1.97235
1.53375
0.48874
0.02927
2.28866
0.4504
-0.471
4.2295
-2.85061
1.95019
-4.19946
0.919
3.26092
1.0477
0.1757
-1.16786
-0.12974
-0.23156
-0.25852
0.9807
-3.1261
2.2175
3.10844
-3.57765
-1.47803
2.19531
0.83622
-1.3342
1.49583
-0.7379
-1.8779
-0.2481
-1.34338
2.05327
-0.46335
-0.86987
-6.5745
3.81749
1.53123
-1.0183
-3.6017
-3.34015
0.22316
-0.7237
5.0486
3.3997
0.3541
6.9886
2.3229
-0.5781
0.8112
2.4216
2.2819
1.2037
0.1721
1.496
-0.551
-0.4445
1.7231
7.3169
0.606
-2.59428
-1.17339
-1.0403
3.0878
-0.2894
-0.62288
-3.01811
-1.98195
-2.5132
-7.4727
-0.2327
-2.7668
-0.8728
1.43984
-1.77059
0.99096
5.18886
-27.3936
-0.64804
-1.54452
1.18213
1.56644
-1.2398
-3.389
2.80545
2.44668
-1.7751
-0.10559
1.5869
1.4145
-0.5209
-1.5733
0.3379
-1.0329
1.2043
0.1221
-1.8989
-0.635
-0.0885
-4.6469
-3.2369
1.6914
0.8353
-4.2688
6.4924
12.3277
-1.2015
7.6091
0.5619
-1.072
4.2596
1.31
0.7887
1.2874
1.4145
1.4145
0.4994
-1.7546
1.0057
2.8116
2.8691
0.02911
0.89046
0.72046
-0.06436
1.1037
-3.551
3.44706
-2.1564
3.92848
-0.11994
-2.24427
-3.2577
3.62066
2.2966
-1.913
5.23312
2.9762
1.5103
-1.05405
-2.34474
-1.60078
0.63151
-4.29774
NA
-0.16604
NA
-0.224
NA
0.41689
-18.8296
-1.422
-6.1407
-0.82011
0.43685
2.09879
-0.63662
-1.1721
2.9721
1.83681
1.55813
0.4724
-2.05768
2.5467
NA
1.83361
NA
0.55191
0.3897
0.37227
2.5264
0.0161
-0.2017
1.7892
-1.6054
-1.4587
-3.0925
2.1065
3.1213
0.7957
-0.7169
4.2227
2.4569
-0.1128
-0.5099
-1.3905
-2.0589
12.0003
1.1863
1.4444
1.6163
0.5379
2.2734
3.7877
-1.6944
0.1632
0.8072
0.4651
-1.0672
-2.7559
2.72686
1.06183
0.00692
-2.28326
-2.654
-2.26102
1.3245
-6.29444
-0.1931
1.72072
1.33701
-1.30094
0.7664
-5.44146
-1.8707
-0.1376
-1.67213
-0.13385
-0.74089
0.63526
-1.721
-1.2148
1.5115
0.07646
4.78907
11.4029
0.7048
-6.3211
-0.75588
2.94232
2.11715
0.95493
0.5171
1.24377
-3.2276
0.71468
1.9493
0.17628
-0.37205
13.3762
13.37419
-2.50686
-8.6159
8.9115
0.80646
0.17601
-2.92902
0.08202
-0.0827
2.9662
-0.98275
-0.60604
3.643
0.09591
3.19554
0.65694
0.9572
3.78023
2.207
-2.205
-0.91509
0.36597
0.03583
0.3416
7.16946
3.2888
0.2832
-0.39415
-1.28657
-2.7289
3.2982
3.79098
-0.45251
0.04037
-0.4686
0.45129
-1.63997
1.06362
-1.3268
3.288
-0.8821
2.21537
-4.79948
1.8063
-2.07415
1.8471
-1.11994
4.3436
-2.56792
4.9587
-1.15512
-2.30603
3.0464
-6.44578
-6.3043
0.9386
2.13932
2.86597
-4.82407
-15.6245
0.01349
-1.71986
0.34783
1.4748
2.08227
1.27806
-0.4535
3.33362
1.21416
4.5692
-2.16189
-0.8146
-1.11618
-2.99033
-1.93963
-1.1129
-0.44553
0.7977
-0.08273
1.2606
-1.70202
-0.5219
0.24892
-0.14735
0.1214
-5.0679
1.08714
-7.68409
4.2777
9.924
-1.3402
0.63024
-1.73699
3.2837
0.6822
-3.67163
0.94965
1.0079
-3.0048
-1.4048
3.60786
-1.7085
1.7873
3.85115
-0.68006
-0.41823
0.12344
-0.63426
2.5877
7.6104
2.218
-2.3628
6.9961
-0.37319
-2.19601
1.15168
-1.32365
-0.0048
3.7664
-1.6959
-1.792
2.023
1.13932
-0.76317
-1.109
2.1073
-14.07939
-8.00665
2.7631
-1.88868
1.4852
-2.91961
8.1004
1.2161
5.0877
-0.501
1.2336
-2.0722
-0.5655
-0.04546
3.62618
-2.7037
1.7388
8.75707
-3.14733
-1.601
-1.1083
0.08861
0.2028
-4.7633
0.04588
-0.32537
0.45611
-1.42464
-2.95701
-3.18093
3.8725
-0.59084
0.77497
0.86552
-6.5302
0.4304
3.5143
-0.704
-1.3706
-1.0022
1.983
-0.9263
3.4064
0.1816
6.5891
3.728
-0.3719
0.27033
1.87998
1.9744
1.4854
0.08975
-1.062
-1.10152
-2.0611
0.0651
6.09444
3.3232
0.37828
-6.12766
-3.5196
-0.0559
1.3516
1.747
0.3474
2.5264
0.5716
0.6711
1.6157
-1.0948
1.34637
-0.74054
-0.1801
0.90341
-3.4664
-0.0528
2.7334
0.1773
4.6097
0.849
-0.8919
-3.2506
2.8247
-0.4127
-0.3178
0.223
0.3833
-0.715
-1.1068
-1.3569
0.28912
0.7818
-1.2447
4.67902
-1.0114
-0.1479
-4.5997
0.972
-4.61091
3.1334
-1.87151
-14.4092
-1.2669
-1.6953
2.2624
-1.4328
0.2093
-0.604
8.6759
2.2834
1.4739
-0.18536
-1.5128
2.0196
3.41227
-2.37062
2.1711
0.23246
0.72565
-5.6231
-4.3087
3.1731
0.3766
-0.2203
-2.7704
-2.9326
-1.6257
0.1554
4.4637
0.01195
2.09004
-0.3714
-0.4598
-5.40151
-0.6813
-0.1408
-0.1269
-0.8846
0.4508
3.3898
-7.0018
8.0559
-2.2368
-0.08957
-1.00946
1.01579
0.52559
-0.3992
-0.2824
2.18101
-0.64497
1.1751
4.6557
-0.25591
1.4172
1.80799
5.7313
-3.35965
12.67059
-0.42171
-2.69381
-0.00359
-0.3622
-1.5319
2.0016
1.1751
-1.7235
1.7937
-1.1839
2.48876
NA
NA
11.0268
NA
2.34033
NA
-1.0604
NA
3.7401
-3.0988
0.90424
4.02198
0.11733
-0.40463
-7.87462
-4.8634
-2.6483
-1.19122
-3.1384
-3.51069
-1.2075
1.9681
0.9425
0.8045
-14.7307
0.7828
-0.1617
2.85135
-0.73767
0.62094
-1.0063
2.09134
-2.14539
0.63816
-0.2305
0.79821
-0.062
2.41064
0.7309
2.2194
1.16186
2.63197
-1.09261
0.6132
5.28278
-0.22266
0.18935
-0.0165
-1.0947
1.7717
2.8749
-0.37363
2.0031
-1.72599
2.2124
1.31834
-0.82054
-0.26231
0.35315
0.98216
0.37486
3.0272
0.9149
3.2011
0.6589
0.4743
-0.8495
-5.1213
-3.7755
-1.8954
1.13994
4.9734
-0.4138
-0.49835
1.7358
-0.8304
-2.4127
0.3852
2.1466
0.6026
-1.3942
-2.1278
-1.50278
4.78682
-0.7776
1.5241
0.19111
0.8888
-1.2436
-1.9929
3.1202
0.4374
6.0962
2.8251
-1.3116
1.4943
-1.577
-1.24683
4.01653
0.59632
1.76423
-5.8484
1.63405
2.66034
-0.505
-0.7597
-1.1604
-6.3894
1.2276
2.2087
2.1471
8.40203
1.27074
-1.30674
-0.6155
2.0038
1.80472
2.26397
2.88601
-0.5903
-3.8663
0.5602
2.6145
0.6706
-1.5779
-1.36999
0.03652
1.74
-0.96549
1.7225
0.31546
-0.093
2.3886
-3.1229
7.00132
-1.60045
0.60577
4.83809
-1.7591
-2.5023
-4.5922
2.64347
-0.18542
0.677
2.0454
-4.01058
-1.332
-1.0003
-1.08761
2.07844
2.7961
1.6328
-6.88066
1.39422
2.2376
-1.9524
2.3694
0.1556
-1.107
0.6781
-1.3928
0.5257
0.9258
-0.606
0.6829
0.6829
-0.12465
1.1016
3.6495
-1.92452
0.4817
1.6783
-1.722
0.1057
-4.8351
1.38125
-2.85729
-0.9769
-0.88733
-1.1286
-2.09688
-0.73361
0.07033
2.2157
0.4397
0.27189
1.09622
-7.4279
1.81754
1.22328
-2.03607
-1.3165
-3.25667
0.51315
-2.34109
2.80651
-1.46043
1.12001
0.4881
0.6587
-6.562
4.283
2.6949
1.1999
-7.17619
0.6314
-1.3471
0.3226
1.9715
-1.072
-0.30323
-0.3909
2.84703
-14.60061
4.5994
-4.08569
-0.7011
2.7205
0.6585
-2.10801
-0.60625
-6.6215
-2.5031
-1.93458
0.96555
-0.23304
2.1271
-4.6963
-2.9997
-13.4159
-0.2635
2.02728
-3.71983
5.0692
1.5366
2.9032
1.7836
-0.1598
-0.59491
7.31199
-2.37118
0.79921
-5.06873
-4.36247
3.2364
-2.7947
-2.5812
-2.9293
1.94527
2.41157
-0.2022
2.1309
0.50909
1.02322
-3.5171
-1.569
4.65163
0.3851
0.3747
-1.55685
-2.16394
-3.7376
-2.00518
-4.2382
0.5738
-1.8911
1.40571
0.1749
-0.21269
-18.77249
-0.63735
0.69846
-1.08891
-2.1946
-2.7699
0.08094
-3.5769
1.29507
4.0278
-1.56061
-0.0236
-1.4072
-2.4858
-1.3017
23.0091
-6.5629
1.9924
1.1552
0.9153
0.916
0.6439
-2.1271
0.64489
-3.558
-3.568
-0.8869
1.00152
-0.27561
-1.12217
-2.9738
0.9116
0.981
-0.14659
-1.12035
0.9782
-1.0688
-0.8645
1.661
0.816
0.25396
-0.603
1.1964
0.4276
2.8682
-4.4725
1.2079
-1.9013
-3.1457
0.4008
0.7603
-0.81742
2.00355
-5.15263
-0.12506
-4.17283
0.362
1.28442
-1.62502
0.95688
-0.1888
-3.8296
1.0137
1.7954
2.1913
8.881
0.22441
-0.76063
2.7281
0.17101
0.6575
-0.90222
-3.1901
-1.2227
0.3747
1.8968
1.74397
-0.09618
-0.6714
0.8043
1.8617
1.1551
-1.5338
1.186
4.16912
-1.59448
-5.2118
18.37111
1.356
-0.7493
0.1832
-5.34334
-0.5681
0.05908
1.44554
1.79325
-1.8717
22.2999
0.6444
-0.4284
-1.5806
0.16
-3.1779
0.5879
3.6263
-0.5453
-0.8361
0.13477
3.013
4.1626
5.2355
2.3614
9.8737
0.7262
10.61912
-2.59225
1.5026
-0.9371
-1.239
-3.0455
-3.0962
0.8986
5.83866
-1.0597
1.44643
0.875
2.90333
-3.47655
1.14069
0.08927
5.51
0.44072
1.15301
-12.1943
1.0998
7.8122
-1.344
0.91876
-0.4088
2.2586
-2.3547
1.07415
0.4931
1.7074
-0.6984
-0.623
5.3059
1.1699
6.2022
-1.7588
3.6924
1.6984
-0.264
-1.6687
1.1343
0.6754
0.4512
2.3191
0.9698
-0.6698
-0.81571
-4.18304
0.25921
-1.76678
1.81818
6.5336
0.28561
-2.6825
-0.47688
1.5493
0.3837
0.02385
-0.28502
1.44236
-1.71332
0.4514
-0.31098
-0.29772
5.0927
-1.8011
-0.03014
-2.15477
-0.0306
0.24348
-1.56055
1.47412
-3.09264
-1.59446
0.86773
-9.27333
-0.8511
-1.1283
0.5283
-1.3753
-1.0294
0.76421
-1.94958
4.08666
0.02381
-0.2356
-0.02219
3.70098
1.97636
1.7627
1.2495
-2.9942
1.1709
1.7176
-2.03269
NA
NA
-0.84721
NA
1.98873
0.0594
-0.3642
3.4678
-1.5173
-0.515
0.0249
1.9235
-0.1619
-4.02379
0.2318
3.215
-1.1465
3.3255
-0.5981
1.7696
-0.60613
-2.55988
2.53341
-1.89799
-1.80233
0.756
0.41779
1.3871
-0.34145
1.71717
-0.33056
-0.81824
-4.51184
-0.08571
-1.37405
0.64206
1.90171
-2.38997
2.2154
-1.62731
1.0065
-0.35586
6.8308
-2.989
-9.57088
-1.96575
0.31394
-1.9875
5.78774
1.51441
2.16237
1.1226
1.37998
3.86268
-0.8602
-1.49899
-1.43033
-0.72806
0.77146
-0.68056
0.32952
0.78398
0.23671
0.986
1.32844
0.16076
-5.59954
2.5252
-0.1164
8.12073
0.91
4.09568
2.51751
-3.6762
1.7014
-0.44968
-4.58225
-1.7692
-1.7738
1.1216
-0.0484
-2.0489
-0.1573
2.8969
-2.1345
0.2094
-1.1028
-0.4878
0.0352
-1.1887
0.3372
0.8587
-1.2579
-0.4624
1.8604
-0.5956
-3.2441
0.4942
0.06907
-0.2805
-0.4479
3.4942
-2.0671
-2.6213
-1.7217
-1.0436
1.3042
0.6366
1.1127
-1.5923
3.459
4.2842
-1.0423
2.8128
4.7046
3.4988
1.6445
0.1994
-5.5544
8.6499
4.9255
1.1974
-1.2382
0.9019
1.4758
-1.4259
-1.1341
-7.7482
2.22075
-2.7658
-1.00778
-2.7222
-1.76145
-0.02851
6.2864
-8.8107
-1.1998
-2.67355
-1.47837
3.78438
-3.92385
-3.5286
0.06292
2.6003
-1.0715
-2.61341
4.30722
-0.16534
0.1965
4.4803
1.9682
1.33769
0.71363
-4.8017
3.25401
-3.20793
0.56749
-0.9128
-0.78058
1.6778
0.51596
1.47037
0.2842
-0.9566
0.35806
-1.75589
-1.29063
-3.37342
0.38086
-1.663
0.8582
3.37931
0.68514
-1.02362
1.77142
-0.97979
-1.2126
-3.16344
1.0639
-3.66948
-0.2621
2.0221
-0.8715
-0.5783
-1.2175
1.87181
3.154
1.433
2.7129
0.6769
2.31889
4.29816
-1.9803
-0.92328
7.4999
-1.37558
-3.47326
4.04988
-6.42309
-4.9436
-1.2522
2.06791
2.7586
-2.6435
3.1606
5.9744
2.8042
1.751
-0.079
-1.4831
3.8555
0.73695
-6.31476
-16.4726
8.2321
-1.8702
1.356
-0.7812
0.1772
0.1641
-2.41561
-1.1507
-1.23369
3.20151
-1.5823
1.92068
-4.0053
-1.83391
-3.4248
1.89921
-0.06632
-2.7015
0.03725
-1.04396
-1.3007
2.02146
-0.7281
0.8865
0.55558
-0.71277
-0.48222
1.61318
-0.59139
-2.0708
-0.6004
0.15833
2.60404
-1.81376
-0.5002
1.3409
-0.48261
-0.6311
-10.3391
0.1685
1.92037
-1.397
2.97739
-2.15054
-0.7339
4.17986
-7.6169
-1.2049
-7.0496
3.7682
-2.39445
-0.0173
-0.7824
-4.77229
-3.4313
7.1728
0.0268
1.2805
-1.10094
-0.9545
-4.03598
-0.76733
0.33783
3.8752
1.16435
1.24145
-3.14499
-6.24034
-6.04767
2.636
2.65788
1.5809
-2.3358
-0.14133
-2.5112
-1.78039
-0.40049
0.74949
-16.80026
1.1325
-2.70907
-0.0242
1.6906
0.1041
-0.00714
-1.35892
-3.2319
-0.25107
-3.14948
-0.30302
-5.2637
-0.2066
0.49457
-0.49528
-1.29096
-0.6399
1.12179
0.71893
-1.2608
0.09752
-0.1088
0.07657
0.5393
2.11091
-2.42748
-1.8679
-0.21135
0.4128
-1.8512
-1.5733
0.6681
2.6887
1.8698
3.0298
-0.046
0.3961
-1.2073
0.642
0.2467
2.688
-5.9388
-0.3776
0.7026
3.2841
0.5879
-4.3971
3.2366
-1.6527
2.7809
-0.4583
-1.1584
-2.4714
-1.6654
NA
0.63817
2.7352
1.0519
1.5177
-0.7875
NA
NA
-0.25131
-2.22065
7.5168
2.0898
0.61878
-4.961
-0.99122
0.0254
2.01146
-1.16613
0.61425
-0.4778
3.80309
4.7533
-12.3416
0.1437
-2.288
-3.29638
-0.3831
0.2815
-2.7064
-0.447
NA
3.7477
-1.3367
12.5847
9.5952
0.1863
0.6645
-0.4897
-2.467
-8.1118
2.429
-2.6715
-0.1396
1.5854
1.4787
3.09
0.1738
1.065
-0.0656
-0.1452
4.2834
-0.0848
3.73995
2.1477
-0.62599
1.0911
-0.3182
0.6567
1.29161
7.01236
5.01143
1.81473
2.3219
-1.01707
4.51458
-2.64802
-0.3074
-0.25163
2.40091
0.15033
1.07718
-7.50826
-0.8959
1.1545
2.29848
5.55231
-5.89866
2.67059
-0.55586
3.07654
-0.4522
-0.0102
-0.31874
5.41209
0.1682
-1.9098
1.62436
1.72033
0.19214
0.0291
-1.97864
1.21425
3.84915
1.15316
-1.3845
-0.72262
0.4796
0.17035
1.08284
-0.95473
-0.51632
3.28753
1.0203
-0.39075
-17.03007
-0.59923
-7.61185
-0.82831
0.34291
4.82124
1.2572
-1.41036
-9.74896
-4.68758
4.25793
-2.37348
2.25476
0.4268
-0.1735
2.3165
1.0578
-1.51116
0.3193
0.0176
-0.6243
-0.58058
-2.213
7.4491
-1.03212
2.0479
-1.14536
1.9919
1.1322
1.041
2.78678
1.88922
0.3903
0.5387
0.26668
-1.269
-0.7727
-2.3227
1.0314
0.78256
0.936
1.8165
0.8436
-0.9295
-7.8945
3.31344
-0.9473
1.69251
-3.82203
1.0804
-1.7388
2.37715
-3.1303
-2.1761
-1.0941
-0.5189
-0.854
-0.2094
0.1145
-2.34563
1.29433
0.4964
0.79284
-1.4659
-0.92484
-0.43703
-1.44691
2.31176
-0.9999
6.4648
6.1032
4.5246
-2.172
0.86673
3.39266
-6.6875
1.0697
6.079
-0.35924
2.7359
-1.1906
0.15756
-5.9429
0.8478
0.4888
-1.1517
-3.94149
4.13636
1.9654
-0.2305
0.23802
-2.86112
0.1391
-0.74215
-0.2919
1.8476
0.4677
3.4417
1.1708
-1.5086
-0.7042
-0.037
0.5162
-1.3232
0.34653
1.1548
1.58923
-2.29528
2.36458
0.79809
0.75444
-5.76778
0.59
-1.2327
0.63667
4.8953
-0.69392
1.181
2.65715
0.4372
0.3879
-0.4256
-0.463
1.05135
0.83587
7.2206
-1.2055
1.72907
-0.063
1.23417
1.2583
1.7195
-0.34109
-0.8681
0.436
-1.7848
0.33737
-0.1379
2.07206
1.31025
1.90548
-2.5978
-0.06634
-2.4584
2.4753
-0.95147
0.43955
-6.47259
-1.0303
0.31521
1.0489
5.84982
-2.86293
-0.52315
-5.39849
-0.3308
-0.298
0.4172
-1.9286
-1.852
-0.04607
11.61526
1.76302
-0.938
-1.60487
0.9023
0.6377
-0.1636
2.3158
-3.2586
-0.49321
0.3697
2.35441
-2.5695
-0.6948
0.11846
3.287
0.0174
-2.3068
-7.56106
-0.3577
-1.87525
-0.6212
-2.4506
12.0263
0.4822
0.2392
0.7247
-0.8015
0.9191
-0.6758
-9.97109
-9.8663
3.71812
0.2439
1.3701
-0.9556
3.1077
0.59052
0.35376
-1.08159
0.8922
-1.558
1.5254
3.2363
7.0382
6.5146
0.2974
1.8003
0.0542
-1.2417
-0.029
-0.6202
0.5745
2.171
-0.2041
6.3637
1.7665
-0.19719
-0.5491
-1.7992
0.4719
-2.08389
-5.4113
8.40788
-1.5053
1.2304
0.6291
-12.4938
0.04115
0.9519
-15.5025
9.18805
6.1659
0.5818
-0.9288
0.19528
-0.20056
-1.7792
0.5099
-0.3499
4.24074
-0.5583
-1.9813
5.2978
0.4594
0.39721
-2.42722
0.1102
0.78127
-2.02124
-2.1085
-4.1349
-1.0047
9.0364
1.81067
4.3255
-0.9846
5.5022
-0.5927
-1.7281
2.0037
1.0368
0.26369
1.0218
-0.08743
2.48024
-2.1243
-2.07337
11.8921
-5.24428
-0.89447
-3.3947
-1.65429
-0.3876
-7.1483
2.1026
0.1874
-2.29132
-3.8359
3.2336
-1.8239
0.9387
1.35164
0.00632
0.8077
-0.5624
-0.2261
-0.0837
0.7842
-2.1912
0.4487
0.8789
0.6365
1.7808
-1.04449
-0.6215
2.009
4.0705
-4.8966
1.42281
5.6691
-4.3088
1.7495
1.3797
-2.2951
2.0557
1.92632
6.41028
0.26366
2.3856
-0.73491
-1.7032
-2.2146
-3.33355
4.14363
-0.73005
-9.5873
-0.93881
-1.79636
5.88353
5.90627
6.4625
6.4623
2.97951
0.37083
-7.84535
5.00047
-2.3049
1.1134
-2.671
9.649
0.1452
-4.0135
-3.74208
-0.7077
-1.0416
0.0455
0.71456
-3.70473
-3.952
-6.93567
1.11818
-1.5954
5.8362
-1.44031
0.9943
-3.8019
1.24292
-2.8548
-1.56548
2.38897
4.01682
3.22492
-2.8963
1.41604
NA
NA
1.09779
1.57718
4.20921
-2.87045
1.3487
-5.36522
0.78637
1.74438
-0.9974
0.0674
-10.53187
1.90835
-1.5915
-6.3144
-1.2727
-1.50307
0.17807
-2.20352
2.5547
-1.43136
-0.41955
1.0033
2.0512
4.39589
-10.59365
0.76855
0.51719
-1.1276
0.2608
0.27645
-0.7971
-0.93
-0.87529
-1.0627
-1.5327
-0.47639
-0.5641
-4.07745
2.2901
0.11416
0.37164
-0.62801
-0.25507
1.58214
0.52944
-0.98535
-0.40812
2.0622
-1.3357
4.5298
7.85122
-1.5895
-0.95677
-0.204
0.26149
-1.9021
2.1862
-0.7235
-1.67789
0.39771
8.19955
0.7484
-1.1384
0.7222
0.232
-1.06872
0.8211
1.19174
2.276
6.651
-1.1214
-1.2519
1.6895
-0.2093
0.37867
-1.34008
-5.7233
0.792
0.5916
3.98408
0.08492
-0.23431
6.729
4.2094
9.346
7.7945
-1.93753
1.57696
0.31344
0.55108
-2.21022
0.8652
-2.56561
-10.4479
-0.9677
0.33988
-0.7846
-3.1201
-3.4348
-10.23013
-1.8844
0.63685
1.07561
-2.6777
-0.75382
3.31379
-1.2585
7.5144
-1.7754
-1.59556
0.09141
1.51466
-1.0568
-0.07111
-0.7617
1.69758
1.2787
1.49001
-6.37877
2.4056
1.4303
3.398
-0.9157
-2.98038
-4.94669
-1.2061
-5.6515
-0.9669
2.4729
3.18433
2.98856
-0.387
-1.1191
-2.53676
-1.1195
-0.26555
-0.05581
4.57725
1.15182
2.1696
-6.279
0.7447
0.4206
1.9858
-0.1614
-0.9791
-0.189
-3.0269
-1.5648
4.3657
4.3657
1.1869
-5.3941
-1.0547
-2.0088
2.6278
-5.3807
0.1636
-5.4738
-0.1914
-0.6899
1.4869
-2.9816
-0.9894
1.1546
1.6321
0.9921
-1.4338
2.1586
-0.7627
0.27664
-1.5118
-2.76824
1.6082
1.9067
-0.6202
0.3481
-1.2101
2.2286
1.0177
-1.2376
0.2506
1.1134
-0.0644
1.9355
-0.39235
1.2377
-0.5621
-0.3275
-0.107
-0.828
-2.3244
-2.6868
-2.5881
-2.924
0.478
-0.6986
1.1317
0.647
-2.4404
-4.5894
2.5358
0.2781
-2.4862
-0.9659
1.2041
2.18821
-0.20491
-0.87214
-0.2016
-1.5851
1.7041
-1.75521
0.6511
-1.63015
2.2174
4.4162
-0.42405
-0.11355
-0.10562
1.1034
-5.8987
0.46328
0.7511
-1.7841
-2.93803
4.77885
1.286
-0.6648
29.60193
1.9207
1.4975
0.35103
-1.61526
0.2124
-0.4326
-0.0699
-2.17831
0.69693
10.542
-0.10119
2.25792
2.47038
0.81554
-0.3755
-1.3411
0.3967
3.09813
-2.1929
0.35571
-1.4354
-2.666
0.2714
1.7262
-0.33702
-1.5069
-0.5564
-2.5288
0.6962
-12.7585
-1.1614
-4.28277
2.39479
-4.6669
3.67209
1.2098
0.03318
1.2126
-0.42597
-3.9643
1.99555
1.38835
-2.3582
-4.75275
-0.20587
-0.00225
6.0336
-0.71359
-0.78381
-0.5211
-5.95872
-5.2328
-2.5634
-1.4894
-2.39538
1.30031
-0.46425
-2.2213
-10.6635
5.8218
3.50913
2.5569
-0.10082
1.63691
0.55026
3.0976
1.33885
-3.64134
-1.15228
-0.17847
0.73946
2.9627
0.925
0.30404
0.13379
-0.7425
0.3612
-2.047
-1.9071
3.8967
4.34855
-0.34914
-1.3647
-10.5664
3.86067
2.8513
2.35616
4.08633
2.9334
-2.2723
0.1993
0.95752
1.27149
-2.0614
1.2348
3.7614
-0.73808
6.9759
3.34226
-2.7136
-0.9632
-5.39556
1.3953
-0.08062
-0.41409
1.8592
-2.9045
3.05728
0.5886
7.33045
-1.1238
1.73415
-1.38349
4.01737
4.8715
2.3165
14.77408
1.4008
-1.361
-1.89899
1.52381
8.5016
2.30801
-0.3759
-8.97529
-0.7115
0.60145
-0.79727
-1.33729
0.95826
12.3485
0.6505
0.80668
0.7151
-2.4405
0.03459
1.13918
-1.19377
-2.20694
-0.5605
-0.00829
1.5723
2.47999
0.68926
2.99342
0.00211
2.80554
-3.7581
-0.1597
0.83632
-1.4525
2.5981
0.2257
1.079
0.31696
0.43197
-3.9191
-0.4851
2.6889
-2.05236
-2.68158
2.2982
-2.4483
3.91325
1.32206
-0.35594
-1.10134
-3.0268
1.83762
-1.163
-5.27611
1.7559
-0.03952
-0.48086
-8.02335
-2.3538
1.1747
-0.52073
NA
5.8237
0.30927
-1.5047
NA
0.23705
8.37909
0.4102
1.2567
3.45448
1.0359
-3.6917
1.1934
0.0238
-0.5331
-1.3548
-3.2108
2.4665
-3.49752
5.7709
-0.2652
-8.89111
3.1712
-2.8831
-1.4152
1.0481
0.86357
6.28
1.3253
-0.35644
1.9698
1.1279
0.7953
-2.3188
0.0451
0.5321
-0.90435
1.3305
-2.3635
0.00166
2.0559
0.86344
0.6515
1.02579
-2.30321
0.6056
0.1527
0.60029
-7.2988
2.0566
-0.9767
0.63502
0.2826
0.9083
0.7001
-9.30866
-1.5722
7.6653
1.4983
-4.50423
0.474
0.90009
2.3101
-3.1914
3.80208
-0.31903
-2.32594
-5.02239
-2.47237
-0.74608
-3.22646
-0.6382
-2.0434
-0.07518
2.64292
-0.1807
-3.31981
0.1927
-1.0915
2.3279
0.0864
-0.4071
1.386
0.4365
-2.50412
-1.23437
2.31969
-1.32919
0.29797
-1.9856
3.6523
3.9831
-0.6385
-0.14336
1.5899
2.4661
-1.69
-2.18772
-0.18426
-1.0183
3.11828
-1.6893
0.1549
0.70136
-2.8999
-0.2378
1.35674
2.1687
0.6273
-2.62276
-1.8013
2.846
1.7246
3.0103
2.3862
3.3276
-2.50814
0.9969
-1.6084
-1.2034
3.24237
1.9815
-1.1601
4.96852
-1.5771
3.80657
6.4038
3.2399
0.1026
0.3417
0.0475
-9.1116
1.21255
-4.71377
1.70553
0.64791
-0.2613
0.76191
1.11897
2.01231
0.93479
-0.32013
0.975
3.12114
3.69801
0.30997
12.18396
1.7289
2.9661
-2.2785
0.7188
-1.4566
-1.1229
8.05268
-3.32485
-4.8071
4.79896
1.0088
0.8947
4.18697
1.902
2.1944
1.08618
0.3316
-0.2308
0.6935
1.0664
0.4878
0.2322
2.4738
-4.80528
-0.67247
-2.64775
1.03
5.0488
-0.6172
1.34646
2.4044
-3.6698
0.3315
-1.3056
1.4811
-0.0103
-1.89534
2.5451
0.12879
2.10096
-1.1643
1.67499
2.53278
-1.87423
-1.06307
2.51769
-0.58501
7.7902
7.7154
2.74026
-2.4729
1.06581
-0.57051
-0.01972
1.5707
5.69808
-0.39106
-0.31396
-1.08656
-5.2558
0.1427
-4.18003
4.25412
1.37419
1.31586
-4.1317
0.1188
-0.25202
-3.6555
6.08671
-0.1374
3.46596
-6.06991
0.46358
3.0708
1.9763
3.06004
-2.58157
-0.9397
6.58235
2.0313
2.1051
0.1633
2.96453
2.5034
-10.42124
-3.1062
1.80356
-0.23656
12.89893
-2.03679
-0.42089
5.1929
-5.2368
0.3779
1.8472
1.69173
-0.64474
7.3282
0.1534
1.32328
-0.4943
-0.8265
0.67002
1.11232
0.95943
-4.6243
-0.38213
0.69817
0.8196
0.7874
-8.7905
0.5506
-0.7857
-0.8271
3.9466
0.0139
-5.6015
7.0253
-7.74542
-2.175
-10.79044
-1.1135
-0.25936
0.20049
-0.94315
-2.9894
-3.3957
1.10603
0.1218
-4.66435
-8.66726
-2.26183
-1.82489
5.0588
-0.0849
-1.8143
0.942
0.66064
0.83415
-1.84784
-1.3374
1.3541
0.8141
5.4567
-2.8684
-1.7998
-0.9833
1.3391
2.00582
0.9176
-0.8942
1.04901
-9.57163
-3.4048
1.6665
-0.15569
1.06275
1.329
-1.1482
0.8997
-0.1465
3.0223
1.4268
-0.7991
-4.17426
-0.27627
-0.75596
-2.87978
0.0817
-2.1081
0.1985
-2.245
-1.30539
2.5871
1.3043
0.4763
-4.8293
-0.34613
-1.65242
4.78839
-7.3455
2.2163
-1.1661
1.1003
-0.05033
1.998
-2.3046
-3.61142
3.6873
0.7766
-1.4345
4.2188
-8.75398
-7.80034
-3.158
-4.2188
0.0517
0.71755
0.3563
-0.58136
0.5803
-3.91569
0.66062
-0.89012
-1.28072
1.07537
-0.21092
1.46775
1.956
5.3472
0.80433
-3.1954
-1.51458
0.72582
0.829
-1.3742
1.16804
-1.75155
1.97667
0.3224
-0.31299
-3.4168
0.6891
16.36675
4.5552
1.80926
-2.101
0.22
-0.0257
2.9786
0.9826
-5.3872
2.6842
-1.74858
2.88875
-5.8592
1.48805
-0.3857
-0.8722
0.25748
-1.0363
0.7467
-3.3565
-4.3704
0.6708
7.183
4.40128
0.06462
-2.8076
-5.04661
-3.5695
-0.5793
-0.4268
-3.1252
2.0378
6.62732
4.0042
5.6842
-2.8529
0.09665
5.03001
8.17657
-2.52763
-0.6148
NA
0.7956
0.43419
3.4744
-2.39415
1.72782
0.88619
1.1049
0.674
4.72731
-2.9689
2.91099
3.26882
-1.5407
-0.39248
3.1668
-1.9233
0.9023
5.56249
-1.6635
3.372
0.97843
-2.35862
-3.5125
1.3085
2.9094
-3.8074
-0.78553
-1.50246
0.34426
-0.3816
3.2653
-2.8867
0.73597
5.61074
-0.0868
-0.34898
-0.9551
2.79023
1.54207
2.1367
4.926
1.3444
-11.9184
-22.72447
0.7392
1.51414
2.376
0.89681
-2.8487
1.13492
-0.60882
-9.6315
5.8293
0.9077
-1.2934
1.6829
-3.7323
0.4213
-3.69113
-16.4604
-1.7711
-0.9209
0.6324
1.1337
-0.85032
-2.596
-4.32093
-0.494
-5.6383
2.49459
0.1213
1.4901
7.2727
-1.92151
0.5581
1.9842
-0.48861
-1.1146
-18.8799
-6.4766
-4.93786
7.2799
1.6766
1.19608
1.05848
-6.41255
-1.8424
4.36188
-1.2569
3.79346
-1.2122
2.86043
1.0072
-1.20863
1.75382
0.5024
0.64959
-4.7046
0.5013
-0.0079
2.60712
0.97391
NA
-0.6917
1.9973
3.5791
0.17488
-2.93196
0.3346
-1.7961
-2.5804
-2.246
1.5981
0.1714
1.7836
-4.6554
-1.9469
-1.1056
-2.7707
-1.8719
-1.39566
3.3419
1.33302
-0.62
-3.4458
-0.1522
-2.0023
3.02882
5.78395
-0.44101
1.02982
1.2596
-1.5777
-2.75942
2.8823
-1.3032
-3.0715
-3.6211
0.40074
-3.164
0.58521
0.41239
-1.7299
1.5486
1.58128
-1.8705
1.15434
-1.51358
-2.8937
0.22762
6.4741
-0.27419
1.36829
4.6675
-2.6457
0.2905
0.119
-2.2158
-8.102
NA
4.0787
-1.0387
-1.4185
NA
-1.69714
2.92351
0.41291
-0.64499
3.44817
-0.5857
2.96061
0.2303
-2.51959
0.36793
0.77615
0.31196
0.60329
-0.4216
-1.93944
0.5574
2.08006
0.37861
-2.5713
0.88201
-0.1557
0.1597
4.16986
3.0679
-2.783
-0.288
1.0753
-1.2735
0.4787
-0.08313
7.95293
-1.3705
-1.6892
-1.0513
4.1945
1.962
-0.38354
5.4362
0.3647
-1.61139
2.19606
-1.697
0.04539
0.89114
-0.04775
-0.537
0.15681
2.3161
0.8724
0.00591
1.4281
-0.43386
-3.9046
-0.84479
1.5352
7.24627
1.4278
3.60727
-1.0069
3.1936
0.797
NA
5.5207
-6.42178
-0.5591
4.10455
-0.0182
-0.9303
-0.0111
-1.09524
0.00197
-1.1805
-4.0669
0.17972
-1.42913
-0.2039
-0.47076
-0.0333
-1.58118
2.28929
-3.5794
0.7109
-0.7451
0.59979
-0.8423
0.6967
-1.36942
-3.14809
-5.9358
-0.25768
7.8423
0.3228
-0.86627
0.4585
8.39379
-0.3454
0.47902
1.6109
0.7469
-0.83186
2.354
-1.1333
-1.9716
1.6501
0.4992
5.64934
-0.0804
5.9644
0.02482
-3.39823
0.74747
-3.27686
0.85244
0.672
5.0805
0.0358
1.03891
-0.29456
-1.17851
0.00829
-0.7875
2.2189
-10.03365
-6.09577
11.08044
-2.2129
0.56779
-4.98284
-0.38302
1.6353
-1.03495
1.4982
-0.56673
-0.6646
0.1638
0.2791
-2.20666
-0.828
1.1934
1.2573
-2.0096
0.42626
1.44233
2.14719
0.90745
0.68319
8.1979
3.8125
-0.26832
1.5602
1.80898
1.786
0.91533
0.5567
1.3796
-0.65538
-14.1333
-0.7607
-1.1669
-0.6959
-0.97392
1.71828
-0.46681
6.35041
5.64267
-0.5157
-0.3458
-0.22852
3.6279
-1.3996
-1.22146
1.25864
3.8216
-1.19636
-0.2004
-2.7156
1.42438
1.1876
-1.2241
-0.5174
1.228
2.9072
0.2656
-0.1986
-2.31447
0.80804
5.7135
1.08723
3.41926
-0.94032
-1.5541
-4.97326
-3.4014
-1.3734
0.41632
8.1483
1.0028
3.1556
0.1051
2.6859
0.4765
-0.6405
0.1368
1.0579
2.4744
-2.52531
5.20222
3.0944
-1.5774
-1.98388
-4.30732
-20.8225
1.53627
-2.87843
3.1018
3.31373
2.0659
3.92712
0.82437
-6.10976
-1.8144
3.29376
-2.54358
1.3274
2.73245
-1.5486
-1.83961
0.0261
2.4716
-0.40404
1.169
1.4825
-3.36774
-0.0664
0.74938
3.7937
-0.14048
0.1017
-1.11603
-1.5083
-1.0001
-2.1487
1.20321
-0.6767
NA
-1.2195
1.1835
0.4862
-2.64841
0.06353
2.72982
1.04957
-8.8945
-5.5642
-1.0355
-0.9703
-2.05839
1.40645
-1.98884
-0.38637
-0.4733
-3.42283
-0.4029
-0.96193
-0.1675
11.07993
-0.744
1.3237
5.6284
2.1196
1.47879
-0.03219
-3.1654
4.31
0.15887
-2.05003
1.1311
-3.8511
-1.581
-0.09946
0.04943
3.9431
-2.73482
-0.8039
-1.4015
-1.64025
0.36093
1.4122
-0.26941
2.8244
6.26898
0.1108
2.5268
3.16953
1.8225
-4.2714
-1.01344
0.63719
1.54559
-0.3486
-9.9176
3.16355
0.45745
-2.64468
1.5315
2.6738
3.04173
2.30457
NA
1.4716
-2.53407
-0.12354
-8.72564
-3.1016
8.43643
-2.3656
0.2685
-0.5319
-1.2109
-5.2032
1.0993
-1.87849
-1.1886
0.81166
-2.2594
-2.52811
0.8716
3.69909
1.3537
1.4052
4.8643
3.1768
0.1719
2.61417
4.8947
-0.3438
1.9006
-0.01488
-1.2156
-0.74437
2.08161
-12.47179
0.03073
-0.05511
2.33681
0.9284
-0.51303
0.48332
-2.90977
2.03624
-5.57085
0.1979
2.15857
-1.7441
1.581
0.26412
-2.6116
-1.42221
-1.9397
3.7331
-0.953
0.0616
3.4682
-3.0399
6.71036
-1.9075
-3.39046
2.5795
3.22802
-0.0513
0.0614
-1.3601
-3.715
-0.0787
-1.15956
NA
-1.19371
1.371
0.6355
-6.6802
2.43977
-2.07748
-5.6862
-0.15993
2.6249
NA
0.2181
-3.4413
-7.35155
-3.3947
-1.29365
-0.07571
-4.9886
2.4216
2.73697
0.83829
-0.7877
-0.4072
-1.0645
1.5467
2.37054
2.1543
3.2505
-0.4877
1.4829
-2.2271
0.5216
0.55442
-3.95281
-0.7341
-1.3415
-0.56111
7.55397
-1.98659
-3.49054
1.5927
-0.6784
-3.7379
0.1818
-0.53413
-6.48077
-2.1388
-1.2442
4.3658
3.99776
-7.22885
2.281
0.3356
1.52159
4.4368
-1.0001
3.021
-1.7092
4.7784
-3.40432
-2.16583
NA
-0.7947
1.3895
4.40882
-0.1651
-0.80669
-12.5281
1.5945
-0.69432
1.7958
-0.4336
2.4569
2.4018
-2.35715
1.81543
0.6035
0.29451
3.6124
0.6159
NA
-0.2166
-0.9668
0.68325
1.58237
11.48398
1.7863
0.54481
-1.2101
1.5299
-0.4862
-2.3361
-2.24754
1.7604
-0.86743
NA
-2.4636
-4.37276
0.2848
0.4554
3.70544
1.90041
1.13469
-1.2459
1.4072
-0.3988
1.01676
-2.01893
-3.3582
-0.8615
-0.9752
2.0688
-14.4951
1.56706
0.63432
0.5216
-1.46558
0.7553
-1.25227
-2.022
-1.42418
-0.66347
-2.20194
1.1952
0.1971
-0.25364
-2.51572
4.0814
0.3364
2.2712
1.33281
-5.55289
-0.07518
-0.00719
2.19531
1.466
-0.6291
-0.00666
9.114
-0.18239
1.1629
5.17073
-1.80504
1.359
-1.00529
-1.21413
7.3167
0.4282
0.4699
0.79938
-2.44642
-4.0504
2.2597
0.6396
2.01205
-1.94223
1.33641
1.7844
-3.07217
1.0606
-2.33489
-0.25518
-4.3015
1.7106
0.92838
1.49698
-2.1666
-0.53763
1.5169
4.31436
7.6025
1.37275
2.1516
3.26322
0.9362
0.28929
1.4712
-2.1527
-0.7987
-1.8283
-0.69067
-1.10142
3.048
0.2681
-0.1816
NA
1.6139
13.5921
-0.7999
0.48809
-0.2377
1.2049
-0.1464
-0.2968
0.0856
-2.57296
3.1468
2.65729
0.8799
-0.1982
0.4727
-0.4992
-8.3103
0.71978
1.1012
0.14214
-0.50825
-0.2385
0.6344
0.9403
-0.56842
2.44677
-7.9865
-1.3471
-1.6062
-1.00402
-4.1668
1.0307
-0.1597
-1.93906
-4.25613
0.8902
-0.77763
-1.714
-1.1961
-1.5869
-4.5896
-2.46252
-1.3767
-1.9779
3.7203
0.0392
2.23705
0.50132
0.8515
-2.2112
-3.68108
-1.4987
-10.28726
5.1606
0.1071
1.93136
1.3552
0.10282
0.03491
-3.98035
1.06414
-0.97749
0.51147
-1.76049
-1.8777
-0.6087
5.7209
-6.01839
0.2025
0.1216
-3.08379
2.59526
-0.22883
-2.60056
0.023
0.70623
0.94416
0.41611
1.79732
0.8768
0.09073
1.5236
-1.30575
-0.28446
3.68405
0.07956
0.74978
1.02295
-3.06147
-1.60301
1.66996
NA
NA
NA
NA
5.29
1.88409
NA
NA
NA
NA
-0.1066
0.6278
NA
NA
NA
NA
NA
NA
NA
NA
-1.30087
NA
-0.16797
NA
NA
NA
NA
NA
NA
NA
NA
NA
NA
0.9395
-1.74262
1.62507
NA
NA
NA
NA
NA
NA
4.9464
NA
NA
-1.7805
NA
-1.1012
NA
-3.92759
0.82498
-4.2293
-1.6214
-0.4235
-0.5043
-3.0812
-0.2865
0.00168
0.7566
-0.5621
3.0371
-1.4612
-2.4723
0.72591
1.04284
-0.0877
1.47923
-2.7635
2.10245
-0.978
-1.6491
-4.5817
1.0143
0.1729
0.083
-0.6162
-8.35723
-3.7193
0.6071
-1.60718
1.2913
1.48544
-2.53231
-0.867
0.3951
4.9594
-2.38472
2.7091
1.8569
-3.55006
-1.7372
3.77882
-1.4192
-0.5529
NA
NA
NA
1.37335
NA
3.49246
1.67866
-1.0661
1.49165
0.6384
0.4451
-15.0549
-1.0971
-1.2548
0.232
-5.7046
2.34525
-2.20474
-2.08882
-1.77115
-0.2635
-0.03367
-0.07123
1.116
-1.40107
-0.15401
0.36814
-3.1412
3.4028
-4.10779
-2.62664
-0.00553
1.8028
-1.3187
-0.4954
-0.69828
-2.50354
-2.9036
2.3206
-2.92005
2.33758
-2.51722
-7.46026
-2.07728
0.40048
-0.5875
-0.6933
NA
3.0195
NA
-2.5035
NA
5.3802
2.48842
7.1953
-2.0384
-3.5625
1.4797
0.0826
-4.3333
1.5001
6.3471
5.2638
0.5474
2.40409
-4.32601
0.77726
-0.3801
-0.6427
1.15354
2.9036
1.2269
9.50168
0.28372
-3.96428
-0.04654
-2.79585
-1.00736
-1.1556
1.2479
4.34961
-3.1914
-4.9504
-4.6654
-0.21829
3.9568
-2.08855
-0.5881
-4.765
-0.9733
-0.79652
0.7443
-1.21414
NA
-2.7004
-2.6176
-1.6286
0.2846
0.75409
0.8249
2.75
-0.97463
-2.21376
0.4828
-0.71974
1.3654
1.2634
0.595
-0.8491
-0.08257
-1.0788
-1.0157
0.0696
3.13625
2.6027
1.6527
2.1324
-0.85508
-2.3519
-4.35385
1.7351
1.0276
1.27978
-2.8525
-1.77201
0.21136
-0.1821
NA
1.3831
2.065
1.6683
-0.50747
5.8397
-3.9788
1.25378
0.69106
3.99387
NA
0.98561
-1.1846
-1.3277
-3.24148
-0.09771
NA
-6.549
-9.6835
0.1036
0.5032
-2.86026
0.9235
-1.5336
2.9274
-2.4281
0.0938
-0.99899
0.24661
1.14931
-2.1433
0.0519
1.28508
-1.02329
1.24822
-2.15226
-0.3487
1.1209
NA
-1.50204
0.674
-2.08963
-0.905
-3.25886
-1.993
0.0221
-0.6235
-0.8147
2.6047
NA
2.29961
-0.5025
-0.6322
-0.8281
0.2544
-0.7364
-8.11327
-1.69
0.68973
-0.71587
-3.57978
-6.3364
-1.18006
0.6794
0.5718
NA
-2.4856
-1.0069
0.3595
-3.56618
5.2656
1.69491
1.5081
-0.06719
0.34658
1.98945
1.67682
8.5197
-0.9101
-2.53461
1.1576
NA
1.5303
2.6075
-1.84969
-2.5303
2.6005
0.34269
0.9864
0.3221
1.96664
0.44646
1.43133
1.3317
0.4515
-1.1412
-1.58989
-0.4615
2.9727
-0.3118
1.57856
-0.20873
-0.73453
-1.58805
1.32982
-2.88232
-1.9232
-0.56119
0.3343
0.79455
1.2565
-1.65876
0.477
3.86508
2.27799
-1.9894
1.8903
0.20676
-2.105
0.97094
1.88079
-4.18073
-3.2039
1.19128
0.85359
0.2436
-0.82208
4.3286
2.44535
0.732
-2.5033
-1.62656
-1.1594
1.6864
0.15447
-0.59421
-1.67644
-1.4493
2.61559
2.2316
-0.6725
8.97486
0.87193
0.0901
-2.7857
-0.20717
0.5226
1.833
4.4465
-0.72103
-1.6166
-0.2036
0.34269
-0.0345
-2.48164
0.4259
0.8329
-0.3463
1.0837
NA
-2.5619
-1.4111
5.34661
1.84563
2.1794
NA
1.40054
1.6494
2.56277
0.24671
-0.3133
-1.89373
0.1065
-0.9942
-0.6395
-1.6465
-0.1121
NA
-0.3937
-2.05669
1.42971
-1.28889
NA
-8.39697
2.0768
-1.38731
-1.4568
-1.13426
-5.4459
1.80454
1.327
-1.5048
0.0445
-0.9271
-0.33265
-4.44181
0.7659
3.95664
-0.5955
-3.36244
1.6677
2.8015
1.82142
4.74013
2.1647
-2.0429
-1.7488
NA
5.19873
-0.68283
-1.099
NA
-1.42024
-4.2425
0.2899
-1.4358
0.19217
2.0919
-1.0201
0.2091
-0.5795
-1.60049
2.9862
-0.0273
NA
0.1533
1.917
2.7671
1.3886
2.7129
2.7787
-0.14993
0.1211
0.38846
-0.34538
-3.5662
0.20347
-0.3988
2.17552
-0.85565
NA
-1.47171
-1.22837
0.0554
1.35489
NA
1.30953
2.3731
-3.01481
-3.6256
0.5331
-0.09565
0.1533
0.58131
1.24001
NA
-1.4785
1.47683
-6.7464
-0.62245
-0.7144
-3.46513
-1.8504
NA
-0.00523
NA
-3.713
-1.0767
2.05663
-0.95952
1.58203
-1.36306
5.83832
-1.6279
-0.02485
1.77717
NA
1.52064
2.0511
NA
-1.45853
-0.49077
-1.1993
-2.4904
-1.3193
0.13797
1.5927
0.55652
-2.16166
1.53433
-1.0025
NA
-1.4515
0.2727
NA
2.9727
-2.9899
-0.5931
0.87071
0.7403
8.18988
-6.9232
-0.0918
-3.09252
-0.50944
4.09039
-5.62615
-0.3027
1.82766
-2.4361
NA
-2.0584
-0.19558
2.05531
0.4671
0.10103
-1.64577
-1.6495
1.22058
-11.2639
-1.06775
-0.01001
-3.03485
-1.88952
0.3934
0.7021
14.2432
-2.6052
1.13293
1.1477
2.0494
-1.18185
3.6817
-2.04138
-0.3658
1.0558
-0.1752
-0.69237
-0.16371
-2.6656
-0.62526
-2.5366
-1.62883
-5.64357
0.9512
7.46715
0.22324
1.9474
3.1832
0.78615
0.83287
-1.58797
-2.70815
-16.03763
0.267
-0.5576
-0.6126
-1.4069
-0.6728
1.20478
-1.9042
0.33689
-0.8016
-0.5382
-1.407
-0.0847
-4.7209
-0.53
1.55883
-1.8759
NA
0.12525
0.05095
1.6205
1.42
-5.22974
-2.5572
16.3928
NA
-5.09047
1.11148
-2.249
-3.5813
NA
-0.57073
NA
-0.3348
0.5396
-0.39212
-1.10201
-4.35568
-1.5579
1.8744
4.12753
2.70072
11.7686
-0.3499
-0.9248
1.65586
1.0221
1.97306
0.5955
-0.97253
1.08045
0.17719
-0.9534
NA
0.5571
6.19361
-0.4536
-0.4068
-0.41866
-0.6394
-5.1642
1.3942
-0.77178
0.39289
0.36621
1.21574
0.7754
-0.444
2.9727
0.1124
1.5669
-1.8817
-0.5291
1.4893
-0.00517
-1.3347
0.8854
-0.90884
-0.3629
1.3393
0.52577
2.00652
-2.6477
-0.3984
2.89766
-2.4426
-1.95163
-1.45266
2.79995
-0.5596
-0.97595
-1.55168
0.76694
NA
-0.71367
-1.3193
2.85341
-2.8977
NA
0.43816
-7.1464
0.6965
-0.6177
2.8601
-0.7593
-4.1861
-0.1132
2.06405
-1.42697
0.5579
-3.51111
5.0617
1.74241
2.94593
-5.7381
2.85549
7.57778
-0.2178
-1.4821
-0.3838
0.94976
-7.6441
NA
-0.1747
-5.1855
1.9086
-0.22628
-1.368
-0.8575
0.25298
-2.50857
1.7048
2.91815
-6.50895
-4.8685
0.11327
-2.25654
1.0961
1.5318
2.1108
1.5041
NA
-3.76692
NA
0.2631
-0.99236
-0.408
0.14092
1.5836
0.9033
6.5603
2.79846
-5.8089
2.7533
0.5128
-1.6713
3.5991
-2.5164
-1.44722
-0.05918
0.7783
1.90232
1.77024
-2.04255
-3.0349
NA
-1.2794
0.49967
-1.4751
-0.583
-0.7073
-2.61407
3.07452
-0.70636
8.0699
NA
-1.3928
10.031
-0.8403
-2.75354
0.5945
-3.89724
2.36047
-0.562
1.95351
-0.4071
-7.0866
-2.3179
2.9988
3.26773
-0.3404
-12.08953
-5.2654
0.0405
0.17955
-2.16418
-14.3182
-5.88478
0.3732
-1.5303
-0.3121
-2.4539
-1.9699
-0.51043
1.64312
-2.0071
3.35144
-0.5621
-2.6446
-2.40557
-2.9684
0.4149
0.5553
-0.5122
-1.75667
0.1533
6.258
2.86453
-0.994
-4.202
-0.0152
1.22027
0.1533
0.4517
-0.1899
-1.93019
-1.13536
NA
1.23085
0.09041
0.25554
-3.8511
-2.0751
3.11357
2.6219
-0.04916
-3.1088
2.93
-6.7523
0.70844
0.06348
1.8476
0.2388
1.5244
-0.16366
-0.5552
-1.6453
0.4212
2.28588
0.76393
NA
2.67609
9.0186
-7.61908
-0.0131
0.5246
4.9626
0.7746
-8.84648
13.5712
-3.6387
-1.1937
-1.8626
-0.3032
5.801
-4.35599
0.83545
-0.54349
0.3888
-9.428
0.48172
2.22353
1.13318
2.7454
0.1136
-0.087
0.0527
2.0792
2.4252
0.1329
0.87637
-1.80894
-1.2548
-0.07815
2.2672
0.80239
0.7793
1.8599
-0.4139
1.0564
-0.485
0.3264
-2.6826
3.4415
-0.2945
-0.674
0.5183
0.7491
0.6422
0.5991
NA
0.96224
0.31621
3.48913
-0.4376
-2.52846
-1.88043
-0.2544
3.109
2.40135
-1.8663
4.34285
-1.2702
-2.4873
1.1261
-5.4759
0.301
-1.1047
-1.0466
-0.85968
-3.25824
0.5257
-0.558
1.84446
-1.7406
-9.4442
-1.6387
1.2153
-6.3707
-0.141
-0.69153
-0.363
-0.942
0.3337
0.5378
-3.0245
-6.1343
-1.1728
2.9462
0.3776
-1.6527
1.6005
-0.6526
-2.15143
-4.7796
1.4026
0.2297
-0.70079
0.8009
-1.353
1.0499
-6.6652
0.80284
0.4609
0.2204
0.213
-2.56017
0.18458
-4.5631
NA
-1.52122
3.3273
0.4431
1.5147
-1.5329
0.3685
-0.3752
-3.5443
-3.5316
1.6501
0.8735
1.5499
0.8231
2.6171
0.2132
-0.4316
-1.6297
-1.1279
0.20247
1.1554
0.1462
0.7892
-4.2157
12.8298
-0.5173
0.9236
0.8653
-1.2012
-0.3775
0.84681
6.1279
0.6387
2.179
0.3566
-0.3448
0.2184
0.101
-1.4841
-1.3902
-1.5563
-0.3803
1.4018
-1.19888
0.4349
-0.416
-0.7757
-0.2905
1.2045
0.1853
0.1735
-0.4939
-0.5968
0.0359
1.4398
1.4523
1.9744
2.5002
1.21727
4.087
0.7182
-3.1736
-3.1647
-2.0972
1.17035
6.83626
1.75855
-0.7898
0.67547
1.63619
-0.5067
0.31127
2.43325
0.2036
3.209
-1.51839
0.7077
-0.4394
0.4471
0.7909
3.8463
7.9721
-3.6027
-1.86312
-1.9039
3.33649
-0.73831
-2.83549
0.7746
-1.24697
-3.86138
5.2639
2.3727
2.2866
2.0882
0.13825
1.5073
-1.57736
2.3727
-2.0035
1.2297
1.6636
2.28173
1.5193
-0.15338
-0.7885
2.2737
-3.14564
-1.8231
-0.6705
1.56005
0.0325
-1.2915
-0.1371
-1.1339
-2.02252
-0.1348
13.3895
1.8795
6.42646
-2.438
0.4462
-1.5159
0.7606
3.3784
0.3433
0.368
1.5175
-1.13788
0.19612
-3.1524
-0.7786
1.0134
0.09892
-5.2261
1.7403
-3.9183
3.5962
1.599
-2.8062
-4.2791
-0.411
-3.0617
1.2065
-2.5063
2.1134
-1.5436
3.9949
4.5157
-2.3458
-2.1346
-3.088
3.57339
-0.3144
-3.8424
2.3473
1.859
1.6019
3.8971
0.1197
-0.1623
0.3791
1.0656
-0.8768
-3.372
0.72407
1.0646
-1.42768
0.8085
-0.1716
0.1221
-1.14814
1.04435
-2.21153
-1.0933
-1.3593
9.1728
-1.5052
-4.7987
-0.474
2.3659
0.07864
1.4107
1.749
-2.19887
0.57626
1.66222
-5.24798
-1.09862
1.61969
-2.05082
0.2855
0.0532
-1.87834
-6.712
-2.45042
-1.8494
-0.96975
-1.56075
-0.45205
0.8308
1.95058
0.56746
0.44087
-1.61216
-1.01024
0.18518
0.9028
2.0275
1.07045
-3.9788
2.0498
0.90489
-1.01907
1.4605
-1.2958
1.8873
-1.02687
-0.7756
0.06137
-2.73116
1.4758
-0.9631
0.8039
-1.64838
-1.96551
-1.6402
3.59543
-2.65072
0.481
4.1628
-1.63108
0.46922
0.6469
-5.1418
2.13965
-8.2192
-2.01747
0.8307
6.04673
-10.7552
-0.4569
-0.1927
0.31623
-1.9973
-1.5541
3.0972
0.7321
-2.4363
-0.0674
0.68525
-0.2031
2.03066
1.5489
0.6097
-2.50301
3.6666
-1.66196
2.8085
-1.1979
-0.17817
-2.66396
1.6706
1.4155
-1.4249
-0.8307
3.9871
1.92647
0.51722
-2.61548
-0.22967
-0.55318
0.5498
0.7203
-5.26651
1.0662
0.72918
-1.2519
1.0692
0.7129
-2.9067
-1.4249
1.4894
1.4192
-1.7557
1.4339
-2.8974
2.3655
0.604
0.92485
-1.1952
-2.13809
5.00833
-0.19222
5.9271
11.8983
-19.39524
1.11369
1.83301
1.93751
-0.4993
-1.6083
4.2722
-2.2654
0.5817
4.9741
2.1733
1.2049
-2.53032
-1.46321
0.61187
0.7242
5.7484
-0.5116
-2.7736
-3.7289
0.98772
2.14051
-1.0348
-4.06035
-1.365
-8.32253
-0.20843
0.795
-0.59373
-0.39167
0.19797
-0.61662
-1.8887
5.2838
1.1267
5.52301
1.12513
3.3509
2.6168
2.10069
6.20712
-1.7346
-1.33554
-0.1142
-0.18423
1.0377
0.90661
-3.2604
-1.26735
0.90165
-2.24306
-0.2688
-0.0632
-6.0739
-2.0166
4.9464
1.61821
0.4697
-3.78584
1.77118
-0.23572
4.9464
1.34956
0.3676
-1.007
2.6943
0.56815
1.21777
2.2715
0.1545
0.94023
1.61563
-2.04637
2.31617
0.339
-1.5089
-3.226
-10.25547
2.4946
0.06557
-1.7275
-0.94602
-0.36352
0.8614
4.68324
-1.17191
-3.09646
-4.12594
-1.05242
-1.2834
4.4283
8.7871
-0.44277
-4.13365
0.21284
-0.83134
-2.1075
1.8993
2.6837
-1.62443
1.83118
-0.7465
-3.8745
-4.10444
0.1868
1.82236
-2.3463
5.63622
0.4826
0.3177
-1.0792
NA
-1.95603
0.5454
-0.3316
1.0683
0.82683
0.51784
0.55403
0.14693
1.03278
0.48289
0.91447
4.6921
1.6057
-2.6696
0.98818
-0.43224
-0.7579
0.76501
1.3027
-5.5133
1.5023
1.76795
0.22193
-0.93879
0.59162
0.89343
-1.42496
1.31076
1.07509
-0.71034
0.86658
-0.5869
2.47048
0.68431
1.1637
-0.65009
-0.17834
1.47847
0.33465
-0.09915
0.04655
1.20329
-2.62241
-0.7923
-1.572
1.47984
2.71537
-0.62494
0.96645
-0.02856
3.2338
2.1006
-1.25096
-3.55232
NA
-1.9716
0.74476
1.3094
3.16351
10.125
-7.35949
-0.4072
-3.68481
0.36144
-2.6436
-2.7258
-2.32546
-0.34007
-2.175
1.6176
2.14587
-0.5983
2.4689
-5.0802
-0.542
0.98909
1.23794
0.52094
0.12708
1.6097
-0.433
1.32523
1.73883
-0.4542
0.60327
-4.3659
7.6373
-6.6955
1.26288
0.2058
2.75969
-9.8824
0.5204
-0.0749
-0.99455
-3.454
3.4193
0.29968
-1.1214
-0.4554
-0.9852
1.8071
-1.2093
-1.4999
0.10334
1.2728
-2.96472
9.42646
0.803
1.0065
-1.9541
-0.753
-4.6461
4.25367
-1.6998
-2.30178
1.65573
1.3113
-1.8858
-0.9372
2.2049
-1.1773
-2.34884
-1.72745
-6.4988
-0.0466
0.57075
-0.081
0.144
-1.2173
-0.9954
-3.3154
-1.0058
-0.1966
NA
-3.8199
6.476
0.1099
-2.5069
-0.16174
-0.9752
-3.8381
-2.4388
0.3865
-1.7138
-6.3528
3.14178
-1.8926
0.5426
NA
-1.0794
-2.635
-1.68472
-0.29304
-0.10208
1.2107
-8.3848
1.8243
2.4176
-0.0248
-10.8463
-12.76735
-2.12652
0.3871
-1.222
NA
1.2125
0.1643
3.00615
NA
-0.2764
-0.80249
-0.3737
2.6459
-4.80425
-0.6489
-1.20312
3.4014
-1.44752
0.1894
-0.4177
-1.34584
3.1097
-2.23359
-0.3886
0.5812
-0.281
-1.36245
NA
3.1701
-0.6659
5.6058
0.4464
-0.83637
1.4849
5.242
3.6815
-5.59787
1.2804
2.2632
-1.13229
-0.63139
1.738
0.8435
-0.01417
0.50757
0.95738
-1.28913
1.60795
7.57049
3.37432
-0.90611
-0.0412
-17.46968
-2.7662
-1.6846
1.3294
-3.5631
1.43913
-0.206
0.7707
0.71427
-3.3817
0.90299
NA
1.8003
-0.0099
1.05252
-4.72708
-1.0148
3.5297
-0.5249
-1.4685
2.2822
-10.76553
-7.33865
0.5885
-5.0273
3.8788
-4.1281
1.23745
-0.72131
-1.4347
-0.20476
0.1188
0.15479
-0.10433
0.15127
1.3756
-0.0674
2.8034
-4.64758
-0.79847
0.0917
-1.2182
-2.8234
0.1374
-2.87674
-0.98372
-0.1376
1.85266
NA
-1.8399
-2.611
-3.09746
4.73505
-7.588
-1.1213
-5.292
5.60425
1.9236
1.2508
0.5597
-1.6457
2.13603
-8e-04
7.50619
0.5423
-1.0397
0.3256
2.19576
-2.4565
-0.6374
-0.64363
0.9928
-1.2629
-2.9649
-0.069
-0.76225
-0.8114
1.54271
7.00003
1.13925
-2.0708
-3.5421
-8.9587
1.9338
-3.2679
-2.60181
1.98711
0.847
-2.73
0.016
2.08322
0.70515
-0.7671
-0.63653
-1.77028
2.5233
-1.10611
1.5824
2.2558
-2.3779
-0.20804
1.5045
-0.711
12.36628
-2.13657
NA
-0.18501
-1.3827
2.5515
0.3833
0.742
-1.2235
-0.389
0.5328
3.8656
1.4719
5.8663
4.4895
2.3382
1.837
9.3801
2.8703
-0.2682
0.4621
-1.0633
-0.8033
0.64161
1.17829
0.55528
-0.6069
0.6483
-1.0132
0.42596
-0.4144
3.56148
0.92975
-0.65238
0.0715
-0.8306
-0.766
1.18478
2.0927
0.9418
2.94239
4.3594
-1.02516
-0.57951
1.70191
0.972
-0.6468
3.2014
-0.9516
-0.06996
1.90417
-1.6446
1.8779
4.90123
0.4991
6.733
1.6691
-0.53381
0.7309
-1.7822
0.54987
-0.61791
3.26595
1.1399
0.3651
-0.86478
-0.4009
-2.3331
0.5283
-2.1173
2.59457
0.4614
-0.5669
4.6647
2.1685
0.7606
4.16328
-0.58728
-0.5037
0.89902
0.06457
1.9365
-2.0406
2.13613
2.2861
0.4866
1.46846
4.2695
2.53605
0.0852
6.9127
0.35965
-1.8635
0.27856
0.96375
-1.2525
1.26745
-0.89476
4.94247
0.1006
-5.3261
-2.3794
3.02116
NA
-7.94591
1.83297
-1.3553
-2.1729
-1.1061
-1.60343
1.0376
-4.83033
-1.4934
1.076
2.81
0.5465
-0.289
-3.2213
1.32852
-2.67646
-3.2581
-2.68757
0.1533
1.7914
3.0602
-4.17731
-3.6564
1.8087
-4.77487
-0.4164
1.8545
0.1514
-0.486
-1.66777
-0.8148
0.9876
2.8347
NA
-3.0049
0.1533
-0.19896
-2.33993
-0.7642
0.0364
3.79753
-1.30249
-0.91636
3.11238
2.9789
0.7644
-2.2227
3.22686
0.83285
-0.78915
0.55261
