2.02879
2.3138
3.25053
1.5004
-0.5425
-1.8839
-1.97577
-0.18255
1.7801
0.008761
0.4527
-7.594782
-0.8668
-1.0557
1.51651
-0.1977
-0.745
0.1045
-2.1439
-1.4354
1.2885
-2.62563
-1.5661
2.3047
-1.1013
1.6507
0.58329
-1.0862
0.7915
1.8394
-2.8272
0.00528
0.37818
0.67004
-2.42378
0.1695
1.37521
1.7529
-0.68767
-1.1517
-0.1059
1.7982
1.043
1.67511
1.1986
-0.3769
-2.3918
3.6433
0.1762
0.63792
1.8041
0.5603
0.47269
-0.0545
-8.3746
0.665396
1.63476
-0.58753
4.4984
0.89123
-1.45339
2.14479
-0.82531
0.12161
-1.1811
2.74728
-6.9936
1.546663
-0.9056
-6.3742
3.7132
-1.0629
-2.2486
-0.0328
-3.8521
3.1143
-0.5609
-0.5406
-4.09311
1.02357
-0.801
-0.5022
-0.8118
-0.44752
0.810582
0.18508
3.3304
0.3716
-0.44473
-2.78416
-1.9758
-2.19782
-1.86474
-0.7899
1.73407
-0.3865
-1.3175
-4.428646
0.547
-3.5851
0.8804
5.44297
-0.3653
-12.8646
-1.8847
-0.0642
3.00875
-3.4316
3.0716
NA
-0.05628
-1.77478
0.8281
-0.60981
0.3368
NA
-0.71546
1.25199
1.25921
-5.02
1.0373
-2.018147
1.8166
0.95056
1.3563
-1.1464
-1.09733
-6.234
-0.94922
3.1236
-1.2058
1.1271
0.1272
-2.9058
-1.4276
0.69055
-6.9664
-1.36091
-0.4091
1.6522
0.9632
-1.91582
0.3732
0.373085
1.8526
1.9476
2.1034
0.75916
0.33823
-1.12745
-1.20646
1.6804
4.9066
0.1572
-3.07582
-0.2507
-1.8165
-0.912627
-0.099
-3.10214
0.03831
-2.6364
1.1249
-2.12518
-1.66649
0.729
-0.5397
0.23284
-2.0089
2.8537
0.1613
-1.2455
-3.7422
2.62174
-3.88551
-0.9662
-1.1973
4.7279
0.904
-1.2659
-2.5356
-2.419
4.4841
1.093586
-0.79108
1.01732
3.2596
-0.91824
1.3831
0.0966
0.4204
1.26418
-2.4617
0.9649
0.0652
-0.2044
0.566
-2.2886
0.9893
-0.9254
5.3357
-0.28416
-0.5365
1.90982
0.77136
1.7658
0.0366
-2.1396
-0.90486
-12.4523
-0.23286
0.23933
1.839754
5.4882
-2.42543
9.0739
-2.3651
-0.3611
0.0217
-6.26171
1.9807
-2.12181
-1.09692
0.1545
1.0757
4.482
-1.02676
-2.161
2.12616
-2.69577
2.4455
NA
-2.526738
-1.856254
1.93063
-0.2964
4.14341
1.9933
0.7204
-4.3125
-0.80258
-2.9754
-1.0772
-0.02592
-0.2435
1.0257
-1.24573
1.33998
1.77828
0.2883
-2.4833
-0.0357
-0.7009
-0.08921
-0.50372
0.089925
1.2261
1.2642
-0.2823
1.947054
0.45745
-0.10955
-2.5045
1.3782
-0.31735
0.1288
0.29022
-1.01417
-0.9947
5.5006
0.6472
-0.44839
-1.8133
0.2646
-3.1785
0.5586
-0.09326
-1.19202
-1.2144
0.43762
-9.6186
2.7305
-1.08629
4.2931
1.3199
1.4641
0.5668
-8.7693
-1.4937
3.181
-0.6805
1.1631
0.0181
-0.0677
-1.6834
2.317
-1.50627
-1.8373
0.52884
1.3914
-1.1991
-4.347485
-0.16527
-2.119
0.3391
-2.693612
16.286655
0.9209
-1.15852
-1.4362
1.6556
3.6191
-2.8323
4.5436
0.9632
-8.2532
-2.51607
-1.7252
0.09377
-2.14905
-0.6728
-4.2982
0.5362
1.1419
-1.61611
1.40425
0.152322
-3.0928
-1.906
-2.88344
0.44182
0.3788
2.26948
NA
NA
0.06625
0.0628
-1.5731
-0.15657
1.1542
3.5081
1.1863
0.0848
3.80823
-1.15492
-0.84375
-1.99298
-0.7108
-7.20179
-1.51169
0.3531
-1.57737
0.6401
2.32379
0.155737
1.9439
2.28498
-0.2529
0.9958
-2.4709
-1.2466
1.5268
0.59251
-1.0389
1.7297
1.26038
-1.27307
-1.39206
1.12363
-0.42136
4.1046
-1.6946
5.52157
1.24051
0.951116
3.41986
3.28004
3.9995
0.1621
2.2615
0.1177
-3.2514
3.2299
2.2071
4.8043
2.2497
-2.74209
0.02902
-0.4089
-1.3469
2.87579
-0.0691
4.0538
0.22181
2.01621
-1.4299
-0.01563
0.7055
0.7399
-0.2116
-0.0483
0.4214
5.2657
-2.6241
6.9569
1.9178
-3.4814
5.2406
-1.94641
-5.8262
0.8336
5.02006
1.2508
0.9172
-3.16465
3.54576
-3.1201
1.13707
-0.6164
1.3157
-5.2549
3.1911
5.9034
1.9668
1.834
-0.8423
2.07932
0.5816
-2.1542
-3.44826
-2.7878
0.06172
-0.538
-0.5388
4.78386
-0.63108
4.4079
-4.1767
-0.879378
0.08492
-0.11062
1.0021
1.7205
0.04572
-3.34629
-1.047
6.0893
1.7117
-1.835
-0.4453
0.94804
0.0722
-0.955524
-3.9929
-6.8107
-2.7642
-0.5542
5.7428
-5.18008
-0.0181
2.3162
0.6815
1.8418
-1.9224
-2.1152
-0.0286
0.5655
0.2012
-2.463879
0.1504
-0.2426
0.1518
-0.5594
-1.64297
-0.70536
0.00246
-2.66468
1.4365
-2.13855
-3.6291
-1.1947
0.9624
-2.94833
-3.24057
NA
-0.2706
0.3569
-1.84707
0.3361
-1.9689
-0.4024
-2.7085
-2.61999
6.4027
0.7757
-3.93082
0.1901
-2.7606
3.7003
1.6084
1.4863
3.669
2.4437
3.4552
1.2429
2.1894
1.4683
-2.0612
2.4286
0.0628
1.7463
4.5162
-2.9661
-4.7778
-0.1767
1.3114
-1.0362
0.3762
-2.1213
-0.9387
0.0644
-0.325
1.9825
1.6868
2.6524
0.3192
2.124
0.4541
-0.3119
0.1969
2.6291
-3.0414
-3.9253
1.1274
6.4975
-0.8418
-4.8104
-0.4654
-1.2337
-1.9213
4.8893
0.4131
-3.2851
1.5549
-11.44
11.2638
0.8777
1.9894
-0.8595
0.3451
3.8308
1.6935
9.8457
-1.3662
-2.7594
-2.4556
1.9176
-1.1999
-0.8594
0.9698
0.7926
1.5971
1.7297
1.1539
-0.3785
0.6501
-0.0884
-1.6925
-1.1172
-0.3231
-1.526
1.08939
2.5801
0.9674
0.1557
-1.9145
-2.3155
0.8148
-1.8485
-11.0531
-0.5797
1.2693
0.3563
-2.0438
-0.2717
2.0625
-2.0061
-4.8283
3.2284
1.7441
4.4208
-1.4852
1.3152
3.2373
-2.0537
1.2993
0.7967
-2.3254
-2.8929
-2.5303
-1.0767
-1.7007
-0.0651
0.488
0.6083
0.6377
-1.1988
-1.451
0.4729
0.9044
1.7533
-1.7314
-1.5276
2.3074
1.3518
-0.3707
0.8523
2.4767
-1.9873
-2.0844
-0.3682
1.1755
-1.2407
-0.6306
0.4789
1.75037
-0.73749
-0.0108
2.2152
-2.6393
-1.5116
0.12941
0.8313
1.15502
-0.47744
-2.59723
6.4416
-2.3527
-0.20607
-0.57164
1.1405
0.80855
0.33046
-0.2579
-0.43705
-1.59937
0.21855
-0.3287
3.55611
-1.05184
2.09323
0.95258
0.08707
0.54145
0.70307
1.40453
-0.8761
-0.43326
-2.52941
-0.33884
2.22297
-1.514
-5.6953
3.27211
-1.05654
-1.0647
1.78134
-0.53855
-5.80611
-1.77974
0.06338
3.08798
1.7454
0.50326
-7.59462
-0.5196
0.0501
-2.6268
0.8963
2.5103
-0.5536
1.1049
-1.2727
0.5213
-1.9609
-0.1833
1.0224
-0.8818
4.4912
-0.4719
2.109144
0.89548
2.941963
1.977356
-1.6916
-0.058726
1.177829
5.6526
0.295512
0.377991
1.0895
0.964
0.827895
1.827
-1.155519
0.957752
-2.191135
-1.2572
0.587299
-0.6767
0.614801
0.41306
-1.080153
1.1212
-0.2456
2.6786
1.8625
1.5316
-0.8258
-4.0417
1.5148
0.6123
-1.2353
-5.06
2.6681
-3.5537
-2.8444
-0.0928
0.1294
0.4284
1.856
1.8689
25.3806
-0.325
-0.8413
0.629
1.1312
-2.3782
-1.0466
-4.4829
3.1172
-1.4837
-0.796
9.1488
-0.8684
1.0406
2.3177
2.7372
-1.1364
1.8755
-0.2261
0.325
-3.9994
2.0764
-3.4604
-3.1582
-1.8611
-5.1853
-2.0395
-0.0269
-3.8521
-1.3617
-0.7526
-0.5147
-1.3663
8.9458
0.14752
0.533
1.59306
0.7697
2.43562
1.27865
-0.3783
-0.06084
-2.81943
1.0253
0.7442
-1.62987
2.13192
0.6831
-2.32027
-0.69066
-2.97919
2.6062
-3.43957
1.5128
-1.60913
-1.036
0.60452
-0.84284
3.5845
-0.55862
-1.95763
-0.21128
0.138
-0.80264
-1.28888
-2.75866
0.51253
-1.378
-1.25291
0.1733
1.33682
-3.00592
-1.46112
7.40223
-10.43778
-1.19634
3.75424
-0.03213
1.6552
2.3927
-3.5183
-1.5769
0.44286
1.61877
-3.2477
-0.2157
0.4459
-1.4798
-3.4605
-1.0833
1.608
1.1626
2.6306
0.7049
2.6073
-1.5339
0.4806
0.7547
0.8821
-1.464
-1.6954
-2.7502
-3.4134
-3.4709
-0.3529
-3.6654
2.7656
-0.269
0.9764
-7.3149
0.5597
1.6629
-9.2411
1.2657
-3.6807
-4.9625
-3.8975
0.5773
4.8344
4.9762
-3.3876
4.4544
4.159
4.0538
-1.1845
2.0212
-5.0789
6.0273
-2.0023
5.2088
3.6169
-0.7212
0.753
2.5306
-1.4121
1.2231
-1.2253
-4.1035
1.6747
-1.1509
-0.8254
1.166
2.6603
3.0384
-2.5494
-1.8054
1.8197
-3.2825
15.8624
9.6023
-10.6951
-0.5383
0.4671
0.3173
-0.9971
0.7706
1.1748
0.9396
-2.2032
-0.2045
-1.5663
0.2915
1.2802
-1.265
-0.1111
0.1197
1.19867
-4.33042
-0.45466
-0.41406
2.20897
-1.04893
-2.70557
0.1628
-0.3895
2.26135
-2.2258
-0.89213
0.73406
-0.84668
2.9023
0.4258
-0.40667
2.8926
-0.39172
-4.905
8.35074
-0.15086
2.7513
-0.0261
2.14932
1.26041
1.9757
0.8771
1.89036
-1.7871
-2.67557
1.30841
-1.21081
-0.69282
2.4623
0.1279
-1.0608
-0.23238
-0.7294
-2.70113
21.62742
-1.04753
13.3526
0.23987
3.26717
3.0371
0.20488
2.1889
1.5245
1.6521
1.4652
0.3596
-1.2718
0.32798
0.77514
-1.1811
1.32656
-0.3564
-2.0322
1.8259
-1.15659
0.9183
0.03237
-1.5096
-0.2457
0.08297
2.09363
-0.19969
-0.0266
3.89461
0.27575
-2.0979
-0.4764
-2.12808
-3.79289
1.5692
2.10103
-2.7691
-0.34634
-1.0608
NA
NA
-0.71584
0.8671
-0.76316
NA
0.6626
13.42293
NA
1.67583
1.81797
-0.4139
-1.60765
1.7033
-0.04446
0.3041
-0.7115
0.47261
-1.86221
2.31068
NA
-0.03741
-2.2348
-0.70298
1.62911
2.73423
-1.0287
0.80484
-0.80053
1.3925
0.3059
-0.6425
-0.5047
3.4549
2.49659
-2.09582
0.88142
4.00087
1.4977
2.4917
-0.06587
-0.67398
-1.10029
-1.86762
-2.3318
3.44695
-0.8738
0.5727
1.49175
1.4023
0.80128
-0.7045
-1.15772
1.17306
-0.96786
1.6146
1.004019
2.048398
0.287165
1.652697
1.800278
-4.455628
1.241607
-0.385391
-4.88544
0.288091
0.317
2.680823
-2.18122
-1.722635
1.5543
-1.536609
0.711251
-0.448954
0.201509
1.0681
0.683009
1.263177
-0.850324
0.299937
2.881644
1.3219
1.1417
-1.0125
-0.3068
0.46863
1.0328
-1.94918
2.1911
1.4683
-0.6791
-1.64954
4.3646
10.1414
5.2349
1.4132
-2.69415
2.64337
1.72285
1.08465
0.9869
-1.213
0.13387
-1.94715
2.7349
-0.4986
-1.4838
-5.13045
-1.22933
1.4295
1.19994
-0.46049
-1.71186
-3.5068
4.3685
0.1993
0.0376
0.75936
3.1965
2.41607
4.28466
-1.3748
1.56294
0.5893
0.53379
3.9111
-2.5156
0.8285
0.5208
-0.3596
0.76306
-1.2652
-1.3666
1.44476
-1.2107
0.6674
-0.5271
-2.925
2.94193
2.01796
0.9902
-2.1717
2.9092
-1.2136
-3.08364
1.07997
-4.9025
1.71403
-0.35331
0.97451
-1.39243
1.2329
-0.5601
0.9413
0.34104
4.0285
-1.5901
-2.47324
-0.50537
1.596
-2.61877
-1.58847
-0.69662
0.7993
0.5047
-0.05061
1.7152
-0.07762
1.53209
0.4623
1.3144
3.0768
2.02
2.72185
-0.80374
0.6983
-0.3435
-1.0329
-1.2707
-0.39323
-0.69323
1.1612
0.50208
0.9161
-1.21373
-0.34987
1.62496
0.2625
-0.48773
0.4332
-1.3012
0.843276
2.03618
0.43326
-2.06713
3.3892
-0.90538
2.97285
1.30188
-1.4333
2.21553
0.64611
-1.81573
8.6773
1.8706
-0.1442
-2.60128
-5.32778
1.0902
-0.674
-2.08597
2.808985
0.07234
2.3457
-0.1889
-0.5524
-1.52998
0.24529
0.14082
-0.736956
0.8334
-7.13885
-0.70878
-0.3745
-1.7283
0.01901
-10.29819
0.80679
0.41105
0.7882
-0.36864
-0.5915
-0.0434
0.2638
-0.782
0.1236
0.992
0.063
1.4981
0.4764
0.5337
0.6516
-1.8573
-0.2378
-2.1387
19.4525
-10.42978
-1.70589
-3.6355
1.94839
-2.4405
0.1437
-0.0566
-0.2494
-2.842
-5.2651
-1.6672
1.3622
0.5762
-1.3125
NA
-0.5064
-1.08262
-1.2929
-1.86872
-0.61489
-1.90796
-1.6159
3.0415
1.1936
-1.7555
-0.92232
2.20547
0.7871
0.58246
0.15531
-1.20493
2.62031
1.0074
-3.67035
-0.8843
0.00766
2.37516
0.3891
-0.45914
0.61927
0.2202
2.032554
-2.39134
0.000171
0.63404
-1.5303
0.4142
2.93517
0.75986
-0.9295
-1.4077
-1.1952
1.5468
3.63415
-2.871441
0.1382
0.94144
5.84934
-1.62944
0.2445
1.66595
-0.742558
-0.9623
0.1819
-1.21827
0.3308
1.2363
-0.87999
-0.8129
-0.93748
-1.0089
-1.6831
1.305
-0.24687
2.9358
0.75826
0.5824
-0.00413
-1.1022
-1.10595
-3.74676
4.38328
0.02942
-0.88438
0.62229
-1.434
3.328
1.9363
-1.69504
1.52374
-1.1096
0.3694
0.46649
-2.30918
3.9371
2.72898
0.3655
6.13867
-0.13199
-0.23886
0.59033
-0.6527
5.713
1.9677
-1.74689
-2.17278
3.0349
0.80084
0.8328
0.95962
0.7516
-1.5606
-1.8018
4.53292
2.3125
1.6968
0.9897
-1.1239
-2.9702
-1.5592
-1.0848
1.3024
0.1207
3.5325
-0.63634
0.1772
-0.8975
2.9935
-1.8923
0.4876
NA
0.1899
NA
NA
2.25582
1.72899
NA
-1.3284
NA
-8.45569
3.2181
2.18243
-0.46091
0.55279
1.16206
-2.0653
-0.5891
0.5023
-3.16408
-0.3044
0.2355
-0.6645
-0.26953
-4.9104
3.6481
2.7468
0.1874
-0.333
-0.5434
-1.2251
1.0011
2.2243
-0.1845
-0.1426
6.3305
-0.57619
-1.16709
0.94383
2.4965
-3.7273
-3.1746
1.5631
-0.5416
-3.8784
3.0186
-0.3065
-3.0195
-0.291
1.3757
-1.3272
-2.7065
1.6905
-1.2139
-0.3546
-0.1506
0.2144
-0.7104
1.06407
-0.3038
-0.1466
0.67868
9.0122
9.0122
-2.944
-0.53917
-0.09598
2.1672
-2.0917
1.3085
0.521
0.2358
-0.2925
-1.8867
2.326
2.75379
0.1623
-3.09215
5.3432
-0.6664
-0.3368
-6.5394
2.0995
-3.9964
-1.51788
3.45564
-1.04302
-1.65092
-1.74371
0.8311
-0.13939
-2.28675
5.08906
-0.4869
0.58657
-0.2264
1.5041
0.77346
1.85338
-0.38874
1.7603
0.23076
-1.1699
-4.8835
-1.313
0.8588
0.2493
-4.7543
-0.33404
0.16044
-0.04604
-0.4619
-0.0599
0.1656
-5.0007
2.6759
0.6468
-2.0987
0.234
-0.5274
-2.0763
0.4012
-0.00554
-0.30316
1.83028
2.2019
2.4824
1.95643
-2.5451
0.8865
1.1942
1.8468
-2.2286
-6.8615
4.2837
-3.6269
2.0278
-2.2344
1.7019
-1.43059
-1.0205
-0.4735
-3.9479
-3.18311
1.1043
-5.8412
-4.046
-3.1869
1.3697
2.0133
-0.259207
-1.0277
-1.8778
1.9685
1.8982
0.8963
0.5862
0.5764
0.87123
-0.1612
1.8095
0.1026
-2.1693
1.10165
-0.0175
1.02506
1.1142
-1.0154
3.7109
-1.986232
-1.36644
-1.909
-1.3843
-0.2775
0.4551
-0.8311
0.6058
0.7123
1.51477
0.88912
-0.3626
-0.82972
-0.78983
-2.39261
-1.1743
0.1368
3.8679
1.186
3.6314
1.3219
0.676
0.4954
-1.35496
1.3909
-0.4804
-0.9007
2.79467
-3.9829
3.8824
-2.15771
-1.6425
-0.99346
1.0813
0.8378
-6.3041
0.1759
1.1431
4.37158
-0.5324
-5.0492
-6.71053
2.0999
-5.6748
4.4633
-0.75201
-0.1788
2.63229
-2.5479
-3.1701
0.437283
0.8302
1.2744
2.26675
-2.6418
4.6187
-1.75138
2.55187
-6.00485
-0.49892
3.0553
-1.67776
1.1195
-0.27628
1.3624
-0.96192
-0.1638
-2.9718
0.2558
-0.4637
-0.1987
-1.9013
-0.75557
0.0758
-0.9989
-4.5914
1.0876
1.45646
0.3438
1.1699
-2.87301
0.50925
0.13247
2.08575
2.3072
-3.8807
-2.037298
-1.51046
4.5445
-2.19046
1.1151
-3.08949
-0.3436
-0.2535
3.9485
0.57048
-4.00176
-1.2821
-0.218
0.85659
-0.9247
-1.0462
1.59389
-2.5397
-0.5624
-0.41019
-1.89393
-1.55406
-1.7719
-0.6011
-1.8649
0.3156
1.5432
-0.2873
0.95883
-1.08417
-0.4461
-0.5785
-0.46988
-2.20093
-1.32
1.504283
-0.406517
0.66807
1.7308
2.7819
-1.4927
-0.5628
-0.172549
1.80865
-1.6855
0.848579
0.4109
0.5535
2.47478
1.956
1.27332
-3.72912
1.0082
0.273
-0.7009
-3.2896
0.43117
-1.0896
-1.9999
-2.2145
-3.3427
2.5117
-4.999
0.3813
2.3693
0.86997
8.83254
2.2174
-0.5508
-0.8365
-1.15694
0.8484
2.8204
-4.48191
3.9046
-0.7869
-0.0774
-2.0025
3.8426
-5.0726
-1.4465
0.55112
0.7589
-0.08567
-1.59527
-3.1676
-1.6917
-0.31201
1.2947
0.379
-3.19007
-4.10664
4.58634
-2.71689
2.0533
-0.30869
-3.5309
0.8249
-0.00531
0.07035
-4.5158
-0.95012
0.73746
-1.6987
-0.02558
-0.30611
-0.28415
-3.5657
-1.57115
0.66912
-5.52844
-4.21104
-1.3472
-1.12339
1.5456
1.0105
-1.24372
0.77254
-0.0393
1.4987
0.62
2.10582
-0.16568
4.4908
-1.0582
-0.769
-0.5142
-2.52715
-0.3919
0.3869
-1.87193
0.06134
0.16224
3.17329
-0.47878
2.26525
-2.5731
0.2041
-1.6414
-4.44499
-0.4769
1.0413
1.4893
-1.75465
-2.88836
-0.7573
-0.8686
-2.03259
-0.8188
-0.1239
-0.52605
-10.98663
-1.3019
1.14359
-2.2047
-0.8541
1.8333
-0.6338
0.4241
-0.4748
0.6828
3.7124
-0.8905
3.0739
0.52522
0.456872
0.5635
3.1896
-0.30999
-3.41964
-2.31224
1.02069
-1.42273
-0.467
-1.74249
-1.62817
1.0244
-0.98995
1.63332
-1.6247
-2.60803
1.71126
2.28776
-1.7848
3.88055
0.77323
1.1385
0.8196
0.92369
-0.7949
-2.21227
-0.2037
-2.45853
0.42137
3.02112
2.39307
0.5507
2.13414
0.78903
NA
NA
NA
-1.55078
NA
-1.24755
-2.7513
-0.7004
-3.09809
-5.4916
0.6811
0.728651
-0.0192
-1.7662
-2.3416
-0.88441
2.39132
3.22316
0.3949
1.4151
2.0709
0.8013
-0.4709
2.0133
-3.6622
-0.9825
0.1865
-0.7671
-2.2638
-0.39536
-0.7996
-1.3986
-2.58966
1.0615
1.5618
-3.26316
-0.40932
-2.55214
-2.057
-0.19381
0.58279
-4.25602
-1.8238
0.05953
-10.4934
1.3501
-1.806
-0.8871
0.4949
-0.7437
-2.4313
-0.5016
-0.1569
-0.3876
0.1423
0.0482
-3.046
-1.3586
1.25293
-1.6387
1.18324
-0.09851
-3.54537
-1.08344
1.65579
-1.366773
-4.658458
0.6103
2.626378
-5.1798
-0.3862
-1.7213
-0.2956
-1.1606
3.6429
-1.4581
-1.9831
2.0156
0.7015
-0.4773
0.6775
3.001
2.3123
-0.8004
-2.1784
5.3583
-1.5559
-3.4162
-0.32195
-1.3617
-0.1078
0.1412
-3.5525
-3.2708
2.5823
5.95984
-1.2518
-1.1579
-6.8604
1.4001
-1.912
1.5297
-1.68885
-0.63684
1.6717
6.19392
0.15311
2.04955
4.30225
-6.11246
1.3912
0.25981
-3.64551
-0.1255
3.11746
-3.2304
0.3231
-0.2341
1.6481
4.4185
1.3533
2.575
5.0506
-1.1468
0.038
-0.5848
0.0647
1.3727
0.7761
-5.0117
1.6407
-1.7552
3.152
0.0781
-1.6347
-4.411
0.0449
-5.0118
0.3524
-6.5135
0.7543
-0.0612
0.2885
10.8666
-0.0275
3.38807
3.5467
0.14559
0.38053
0.5728
-0.69428
4.1096
1.29364
1.34376
-1.70999
-0.53235
-0.46689
-0.88549
0.996
-0.53126
0.28011
6.3517
0.4416
-2.1878
-0.1843
5.9768
3.636
0
-0.194
-1.5382
-0.2762
-0.2027
-1.0891
0.0914
1.3307
1.0751
-1.1929
1.2099
-1.8042
-4.4253
-1.1667
-0.4067
0.9617
-4.8235
-0.1427
1.9762
0.2074
-0.8052
0.4383
1.4129
0.2611
-3.3527
-2.8966
0.5472
-0.5308
-2.5331
-0.7746
0.5095
-3.0787
0.7364
-0.4016
1.8837
-1.5791
-0.1278
-2.4751
-4.2195
0.24659
2.4907
2.88453
-0.4296
-1.3378
1.6402
4.3743
1.0708
-2.4772
1.0914
1.0441
0.8209
-0.042
-0.2948
-2.39
-3.2599
-6.0307
0.86878
-0.90944
1.03869
-0.2869
-0.46396
-1.2433
0.4416
0.2289
-0.0997
0.89741
0.13256
-1.0791
-2.80017
-1.41501
-2.88268
0.06587
0.54754
1.77461
1.23825
1.03914
0.80113
0.8228
-1.66064
-1.06661
-0.7291
0.6795
-1.73896
-3.4861
0.6864
-2.20303
-2.17384
-0.38465
-6.33438
1.1019
-4.9561
-11.0244
1.64482
9.1925
-1.1681
-1.52841
-4.80746
-2.76149
1.9786
-1.5295
-0.3846
-0.27468
1.76595
-0.58827
-1.4113
-1.02731
0.16176
-2.68159
5.4662
0.80536
0.8862
1.62296
1.65797
-1.69119
0.64336
-2.41119
-3.35991
0.53114
2.0306
2.34512
1.08359
1.05278
-1.7491
1.6909
2.36428
0.5156
-0.11839
-0.88568
-0.79417
1.72182
1.03736
0.9694
2.96062
0.8272
2.2729
1.16297
-3.79285
-1.11803
-0.02023
-0.8485
2.11686
0.61312
-0.732256
0.8682
1.61743
-1.769686
-1.099604
0.9314
-2.8225
-0.48346
1.088907
0.292268
0.1182
-1.843141
0.229214
0.8807
1.72283
-2.4245
1.4971
1.4971
0.098483
2.7543
4.6752
-1.8497
1.1671
-0.1549
-0.429
0.7613
-1.7077
-9.8837
0.3688
-0.4592
0.9164
0.2479
0.96904
1.45219
0.85702
0.86518
3.59627
-4.5528
-1.04084
0.2911
0.31359
1.5029
2.2637
-1.5625
0.9257
-0.1178
-1.8686
NA
1.43008
0.9564
0.21047
-2.09101
-2.15874
1.21297
-0.4426
-3.78505
-1.3151
3.78411
NA
2.16216
-1.08323
-1.931
2.3567
0.3124
-1.6805
1.20151
-1.4517
-0.37353
1.8072
0.94595
0.09222
-3.214
-0.24521
0.46203
0.07802
-2.21101
3.7686
-2.40522
-1.5807
2.67459
3.95658
1.29184
-3.15656
6.6489
-4.18025
2.53975
-1.74665
2.36201
-0.64
-1.552407
2.1678
2.100116
-2.40625
1.964909
1.96121
1.516567
1.993688
-0.730044
-1.5622
-0.7851
-2.678004
1.4518
0.89919
-3.1657
2.71623
-1.06341
0.9095
1.2058
1.45559
-2.25866
3.6852
-2.07305
2.242
1.0632
1.72886
1.1591
1.5017
0.2404
-2.4864
3.8691
0.6992
1.0278
3.257
1.1108
0.4864
-0.048
0.6432
4.8091
-1.8139
-0.83199
1.0671
-1.37527
0.01104
0.7471
-10.02966
-0.7274
-1.2122
0.13895
-0.4509
3.63555
-1.25282
2.0461
4.15875
-3.3849
-0.6025
1.7801
1.6728
0.93507
-0.3016
-0.51736
0.82825
-0.90276
0.9334
-0.4556
5.6303
2.3015
1.3232
1.6658
-0.4523
1.43149
-1.72731
-7.80987
-4.7763
0.63352
-0.9376
0.3964
1.16362
1.4406
-0.1678
0.89958
-0.0048
-0.25455
1.01557
2.03906
-0.6636
-0.04105
10.05858
0.42007
0.17
-0.96787
3.2329
-0.81524
1.575
-8.391
-1.6217
-1.61353
1.46007
-0.33808
1.06123
-1.717
0.3695
2.7211
0.1706
1.5938
-0.1602
-1.3213
-2.3464
-1.6407
1.0562
2.1904
1.3584
0.3592
-0.5303
0.29383
-1.081
0.8342
0.1651
-0.63427
-1.18164
-0.4315
-1.7757
0.14806
-3.16888
0.0075
-0.34334
1.36185
-0.63115
0.66
-2.00487
0.0216
0.4116
2.7694
5.0447
3.41342
-1.396
-0.2504
0.34847
-1.2008
1.1099
3.8061
-0.0955
-3.4371
-0.41577
-8.53226
-0.36492
1.7724
-1.3677
0.0627
0.50854
-0.43442
6.17428
-1.6047
1.55389
0.52328
3.50853
-1.609
-1.8095
-1.75729
-1.06956
-0.278
1.2205
-0.5472
-0.85452
0.3198
1.79244
1.81569
-3.655313
-1.0574
-4.79909
-2.528
-6.01511
0.156283
2.02453
1.2618
-0.4259
0.44147
1.4986
-1.8502
3.0981
2.9939
-0.1561
-1.247243
-1.44604
1.2181
1.4872
-1.95997
-0.43792
-1.220238
0.1672
-1.15179
-0.2858
-0.59532
0.3925
1.0742
1.775
1.577088
-1.8247
-2.169071
3.1701
3.4498
-0.198828
-0.9718
-0.0227
-1.6143
-0.3308
0.34488
-2.483992
-0.9406
4.7916
2.80718
0.6584
-1.1891
0.3783
-0.2016
0.19914
-0.77233
-1.00398
-4.4356
2.2284
0.87381
-0.18104
-1.2679
-0.25371
0.35296
13.3464
0.37932
0.16566
0.50491
-0.0704
0.68111
1.9551
1.0977
-0.972363
2.6041
-2.3456
-0.27182
-3.0749
-2.694
-0.756352
1.2673
1.7339
1.2939
-0.0195
-0.1237
-0.7311
0.7901
0.9783
2.0089
-3.2754
-0.632613
-3.839837
-0.198
1.23026
0.05031
0.6792
0.732567
-0.4154
0.514786
3.1868
0.622262
-2.44312
-1.647847
0.247884
-2.0376
0.921346
-3.186
-2.12871
1.39518
-1.4711
3.41408
3.20857
5.36184
1.4616
2.7532
1.0221
-1.3869
1.4401
1.21039
-0.0492
1.0779
0.9801
-0.5885
0.1504
1.5937
0.3725
0.34834
-2.6682
-0.55733
-0.88666
-2.21954
-0.48544
0.02082
-0.11762
-1.8689
-1.2584
1.0072
-1.00335
0.6709
-1.21954
1.34685
0.92084
1.108
2.6929
NA
2.91114
2.98312
-1.30416
2.31206
2.94228
1.29794
-2.925875
-0.7528
0.5379
2.1011
-1.00769
3.70627
-1.983
0.8245
1.8973
-2.3561
0.3355
-0.4649
3.9549
0.3597
1.6718
-0.18316
0.7048
0.08965
2.53608
3.3787
1.99755
0.0484
0.0574
-5.5757
0.31625
6.42345
-0.7926
-3.5337
-1.2116
0.49915
-1.1587
1.9927
0.000678
4.5803
7.2455
0.4674
0.7204
0.0485
1.1716
0.3075
1.1428
-0.125
0.706
-0.9578
0.05
-1.718
2.5268
4.3523
-5.414
0.41219
6.142
-5.0142
3.4594
-0.834
-3.4882
-1.73547
-0.3033
-0.15424
0.7743
-6.0017
1.8036
-0.9339
-2.4787
-3.4115
2.5475
-4.26096
-1.61629
0.2295
-3.3794
-1.6367
-1.984398
-0.0966
-0.777537
-3.57983
0.7851
-2.237448
-1.0097
-2.2794
-0.5737
-2.03973
-1.3719
-1.6139
-12.5938
15.0362
-2.9566
0.5945
-2.3069
0.1963
-2.1882
-0.2841
-8.96
-3.1428
0.5944
0.9804
-4.0765
-3.3302
-1.8626
-1.5547
1.9011
0.3568
-1.1328
-2.8606
2.41903
1.0653
NA
2.96964
6.1487
8.7829
0.9517
-1.62815
0.2412
-2.06289
0.20027
2.9698
1.98518
2.8844
-4.2572
0.6623
-0.24831
-1.83139
-4.26419
-1.56
0.75096
0.95906
-1.267
-1.16595
-0.02111
1.8373
0.6883
1.09329
1.1632
2.43822
-4.9639
1.54666
1.3727
-1.1477
-1.41166
0.3045
0.77977
0.84924
-2.0628
-2.8898
-1.35198
-0.48074
-1.9276
1.5512
0.15209
-0.88771
-0.1916
-1.6493
-0.8178
-0.05759
-2.0055
-0.06996
1.65547
-1.36829
0.6668
8.51962
1.7817
6.44649
3.2859
1.30961
-0.67028
1.56571
3.98332
1.7746
1.3722
-4.4565
-3.51938
1.14088
9.58317
0.2825
2.24596
0.64964
-3.02143
0.77266
0.50721
-1.42413
1.0222
1.0222
1.4751
4.0997
0.2261
1.574
-1.197
-2.0279
0.06286
0.3218
0.701866
-0.98429
-0.5421
-0.5934
-0.4594
-2.54641
3.13132
-1.45
0.143916
1.027557
-0.89987
-5.95716
1.55758
0.42907
1.67436
1.689863
1.7146
2.7904
-0.3284
0.397802
-0.7482
0.078544
-0.350213
-0.6426
0.6853
3.721203
2.9146
-0.6972
0.324572
-1.527054
-7.266505
0.934076
1.90629
1.3532
-0.20358
-1.5952
-0.767425
0.610594
1.644238
-1.7014
-2.154889
3.9637
2.605964
0.2536
2.571634
6.532806
1.2863
1.26047
-0.0491
1.1018
-3.8712
-4.151359
-5.7832
-0.810592
-4.639074
3.2284
2.0563
1.743487
0.882993
-3.331133
-0.5563
0.4574
1.8656
0.1317
-0.2648
1.5473
-0.0928
-0.6518
2.2697
1.87102
0.11217
-0.51484
-2.10177
1.68573
-0.07448
1.30776
-2.10302
-1.7545
-1.65895
-1.2334
-1.79538
0.2643
1.4129
-2.0599
1.8051
0.911
0.22094
2.31108
-5.4568
5.39019
0.4362
1.1106
NA
-0.66335
-0.80527
-1.22997
1.8528
-0.8427
6.98477
0.82485
-0.79985
1.30242
2.277
-0.66652
0.62386
3.28444
0.7442
3.46059
1.1831
-2.29391
0.48368
1.2215
0.3746
0.72347
1.48044
1.5356
-1.035603
-0.398299
0.35085
0.6079
-2.450717
1.068721
0.6597
-1.16599
5.15187
-0.1928
1.51993
-5.4232
-1.31192
-0.69535
0.3132
0.46074
2.60812
0.60866
-1.11352
-3.60679
-1.8434
0.96143
0.7012
-2.8095
-0.4674
0.092535
1.1414
-0.673
-1.53645
0.00685
-0.36864
-1.5589
1.535
1.9943
1.0877
2.6998
-0.6312
-0.4999
-1.2612
-1.50935
0.271
-0.9879
-1.2503
0.3216
0.00998
0.41665
-3.21291
0.47352
2.2447
3.14404
-2.8256
3.1249
2.44899
-2.1229
-1.4354
0.8786
8.522
-2.4299
-1.2453
2.2894
-1.0338
-2.17903
-0.4508
-4.1615
0.53951
6.0425
-1.9519
-3.2256
1.721
-2.7053
0.0534
-0.1583
-2.69779
-1.9498
-0.6747
1.0401
2.6954
0.4511
3.3336
-3.4174
NA
-0.339
0.3563
-1.00029
0.0688
-0.44271
1.713
-3.33774
-2.5942
3.66262
-1.9207
-3.29447
-1.32999
-0.4371
-0.1952
-1.12282
5.0799
1.7156
-0.77422
2.34642
1.8561
-0.6331
-5.5852
-0.5355
-1.0276
-0.2057
-1.1435
1.9765
-2.0342
2.0436
-3.028
-4.7476
-0.75299
-0.327
0.41487
-2.2671
0.7213
-0.9365
0.31707
1.2597
2.0858
-5.3362
-5.0453
4.797
-4.52266
-1.2538
0.5813
0.8866
-0.9907
0.6189
-5.07365
-1.5231
3.2114
1.1746
-0.2859
0.22616
-0.3087
0.36163
-2.0451
-2.1356
2.0483
0.3418
1.1101
-0.7039
-0.3951
-1.5998
-0.28381
-3.71021
-6.83751
-2.28429
-4.08778
9.50673
1.8342
-0.8719
-2.8426
2.81626
5.23422
-1.4491
-2.8388
-0.348
-1.7787
0.1536
-1.4943
-2.5162
0.5805
2.0505
1.377
1.3011
-1.4789
-1.3306
0.409913
2.6997
2.5322
-2.4976
1.104865
-2.8502
-3.0325
-2.3352
-1.1968
0.4936
1.134
2.6287
0.1619
-4.9679
0.765
-2.1047
1.0955
-2.017121
0.78717
1.8808
-1.5844
0.30349
-0.03709
-0.13071
-2.71199
-3.403
-4.02921
-0.7281
0.1766
-2.184169
-1.134156
-0.593915
1.2204
-3.67281
-0.144751
0.3654
0.70051
-1.9513
0.07255
2.0296
-0.55968
1.095222
-0.05402
-2.2358
0.148713
2.029895
1.5898
0.992598
1.694865
-2.69522
-2.8081
-0.08805
NA
-1.5779
0.40123
1.1617
0.3359
0.9324
-3.188078
-2.75768
-0.1535
2.4414
-1.76788
-1.4328
2.55573
2.7458
1.824632
3.1395
-2.9709
-0.67456
0.8106
0.8419
-1.4263
-1.3741
0.27623
1.43075
0.4827
0.11898
-1.6803
-2.9105
0.3438
4.0439
3.013
0.1966
-2.0396
-1.6108
-0.3295
-1.55513
0.735714
3.3395
-0.9273
-0.6317
0.7375
3.26404
0.7331
0.1679
0.55826
0.299
-0.69152
0.4965
-0.6306
-1.147095
-2.7791
3.0492
-0.8507
-0.16484
5.05505
9.2909
1.11948
0.32631
-2.4838
-3.5181
0.7206
1.1527
1.1527
-0.2349
-1.1373
0.885
-0.4178
1.5996
-0.2191
0.2077
1.5123
-0.784
-2.09706
1.78574
-2.18359
1.62615
0.88551
-1.2172
-0.45375
-2.429751
-5.3786
0.2896
0.5945
-0.5166
0.1534
1.0346
-1.59198
0.5236
-1.889
1.47485
2.67174
-0.550274
-1.01138
-2.2688
-0.309241
-0.9291
-0.95652
-0.30272
0.3184
-1.57033
-0.041
6.8769
-1.9977
1.7308
-0.7353
-0.52565
1.2934
-0.08908
0.71674
-0.8986
-2.25681
4.08073
NA
1.7565
0.3962
0.7402
-0.6667
-3.63195
3.50399
1.79303
-0.82833
-1.64855
-0.2031
-0.29976
-3.1661
0.1624
-1.122283
0.10973
2.0367
-0.8795
1.5264
-0.0678
0.75377
4.1997
-1.3972
-1.5747
1.808304
-1.6101
0.411085
-0.1134
0.084963
-4.47454
-1.053687
0.9456
0.0598
0.9481
1.5655
0.6098
1.6834
3.0778
1.9922
-1.1497
-2.74194
1.9901
0.4531
0.1307
0.8633
2.48292
0.4965
-0.04881
0.6535
0.5768
-1.7441
-4.52443
-0.482
0.652405
-0.8854
-2.229
1.9343
-0.4459
0.56346
-1.731
-0.4824
1.5594
1.565
1.59612
0.3053
0.3223
2.0808
0.1362
3.04729
-0.9186
-1.4932
-0.2877
-1.2326
0.9011
2.1036
-2.37128
3.2111
-8.299
0.4029
1.3055
0.6217
-1.1983
1.2426
-0.50323
4.3077
0.3061
0.4722
0.4973
2.99634
0.95247
-0.66684
-7.48497
-5.74135
0.41712
-2.6854
-0.49492
2.64574
0.452568
6.0116
3.77138
-1.8646
0.8576
-0.41354
-2.26138
1.91115
0.87149
-0.0834
-0.74096
-1.51999
-1.2513
2.1267
0.245867
-0.9865
-2.4927
-0.8979
0.0432
1.4514
-1.13669
2.14091
-2.22133
-1.49559
1.16902
0.04227
0.7141
1.15628
0.9326
-1.90745
0.2176
-1.1603
-1.8621
2.0046
-7.4339
0.6134
-3.70722
-0.3874
1.424747
0.79633
-0.8654
0.14249
3.200427
-1.01088
-2.17955
-0.07019
-0.5074
-1.833
0.8971
0.93747
0.31817
3.867824
-4.18049
-0.3257
1.17627
-1.8239
0.2257
0.0305
-1.606398
3.3382
-2.7077
-0.28223
0.1022
4.971676
-4.5239
-0.2711
1.01293
-1.2907
2.9243
-1.797249
-1.06393
-4.3287
-3.9947
1.308856
0.20938
-2.389306
0.75072
-3.79055
-1.65277
-2.5371
2.4686
3.86714
2.9475
4.07381
-2.0566
1.6675
-1.5488
-1.2422
1.9824
-1.4788
0.5851
3.3911
-5.54933
-1.2487
3.2982
1.3374
-2.3323
-0.1614
9.1684
-1.95839
-0.2149
-2.4769
1.6034
0.5108
-1.34394
-0.15796
-0.3879
0.4746
-1.708945
-0.61065
1.7761
-2.5961
0.86735
-0.348325
0.6173
0.3062
-0.056229
5.7346
-0.1284
1.4111
1.12408
-4.00871
-2.68642
3.1668
-0.64645
-0.7566
5.94235
-3.8812
-2.7006
-5.2281
1.33295
0.4982
1.1298
1.50731
1.47084
2.16608
-2.9229
-2.29038
1.91899
-1.02673
0.2513
-1.68885
8.948
-1.305322
1.3764
4.4923
-0.61764
-3.67
2.9277
1.7344
0.30849
0.46938
-2.73873
1.0398
0.1868
1.306
1.6032
3.6521
1.6089
3.1518
5.39811
0.4297
-2.9051
-1.00501
2.678
7.0172
0.7402
-0.7974
0.6849
-1.2109
1.3053
0.091
-2.320077
1.3056
-0.82683
-1.0899
-1.0054
3.6129
-0.757616
14.85238
-2.8201
-2.2009
-1.52831
-2.28821
-1.8058
-0.834959
-0.28877
-0.8822
6.0915
NA
-0.18612
-1.0151
-0.20462
1.89734
0.0239
-0.25306
0.3726
2.8858
2.02631
0.94
-0.0908
-2.56135
-5.5121
0.8334
-1.536353
5.5254
0.92487
-1.6886
1.2459
0.80222
2.046859
-0.2645
2.4328
5.2735
-0.542
-0.2939
-2.6469
1.315
-0.2199
1.35395
-0.938037
3.68567
-0.48695
3.66501
-1.2616
1.183
1.012086
0.51326
-0.69461
4.5335
4.65223
2.9171
-1.5083
-2.87483
8.322668
1.265898
-0.3183
-0.2127
0.8706
3.0953
0.2193
0.2418
-0.2966
-1.5705
1.08041
-0.804954
-1.6077
-0.63585
-0.920337
0.2696
-2.5746
0.8961
-0.06639
2.36553
0.5098
-1.78877
-3.2324
-0.96302
-0.001791
3.9879
-0.20375
0.692701
0.22094
3.6778
-2.5334
-1.492038
-0.162
0.3556
-1.3304
0.23525
10.4304
1.7507
0.7833
-0.7571
1.5566
0.31935
-2.561372
1.4736
-0.26343
0.1695
8.0064
0.8159
0.9279
NA
1.6929
0.6737
0.0986
1.14051
4.3039
-3.142
0.9327
-1.943936
-1.3684
0.1297
1.08562
1.4831
4.8096
-3.23586
-1.11669
1.4758
-1.784
3.1896
-1.9558
-6.2865
0.2728
-1.01616
1.610383
1.6188
0.1395
-3.6885
2.1891
-0.3274
-1.628134
4.115748
3.5358
1.9169
0.63316
7.15358
2.566
-2.15623
8.283
-0.4612
0.5254
0.805779
0.9054
-0.8049
-1.58229
-1.511
0.50603
-2.7141
-1.9166
-0.0624
1.32362
1.72615
-1.4848
-0.3454
1.0693
3.948
-3.12494
0.9365
1.9281
-2.2695
-0.8767
NA
0.34022
-3.1229
4.8837
NA
-2.50506
2.5211
0.2
0.564
2.6663
1.7974
0.1211
2.35133
-4.85578
2.502
-0.6581
-1.54709
1.7148
-2.2828
-0.0637
-1.5603
2.41211
2.0621
-0.00877
-2.3793
0.5619
4.8323
2.3699
-0.0524
1.70618
1.85227
0.4751
-1.1655
-0.92343
0.08453
0.2496
2.4229
0.9637
1.4295
-0.9284
-1.3128
-1.5032
-0.4064
-0.152986
-0.493887
-2.5404
0.007375
-0.9832
-1.0749
-2.383
1.4915
-0.9889
-2.4399
1.9696
1.9838
-0.114
-0.22243
-1.78648
0.501
0.5361
-1.642
1.0383
1.003
-3.10213
3.56872
5.4941
-0.0011
-2.762
-0.68908
-1.17437
4.5561
-3.0739
1.1249
-1.7834
4.2817
0.8378
-0.33341
-0.311999
NA
4.0084
1.3044
0.317
-5.0275
-2.6188
-2.7953
-2.73768
2.76786
-2.1812
0.5179
-2.1769
1.4953
3.5662
5.0493
2.6385
0.06401
-1.66896
-2.15427
-3.6756
1.9475
-0.49842
0.3284
-1.1035
-5.44141
-0.91234
-0.88533
-5.29643
-0.4039
-2.3354
3.9823
-0.2211
2.02
3.4943
-3.0374
2.9011
-10.2969
-4.4251
1.3267
-1.102
-2.639814
-1.8778
1.42272
-2.2501
1.11557
-0.22128
0.16005
-0.46625
-4.4757
1.606
5.1316
0.6925
2.90197
5.38525
0.578
0.0753
1.4466
-0.88325
-0.4233
-0.1432
1.5227
-0.00378
5.34554
-0.2421
-1.10045
-9.6871
-0.38954
1.1249
-1.254
0.0876
-0.70791
0.11313
-0.815
9.0848
4.7374
-2.84501
-3.3102
-2.288832
0.67449
-0.8464
-1.91024
-2.0927
0.4104
6.6824
1.34274
1.3182
1.3413
-0.0044
-1.0144
0.648186
0.5204
-0.3946
1.8515
3.0571
-0.6309
0.3325
-0.4402
7.15654
2.9568
-3.1231
1.2978
0.6567
-4.7523
1.9929
-7.7835
1.1592
2.6703
1.2773
2.56898
4.78332
3.6906
-0.546
-0.6664
-1.76165
-1.9118
0.60352
-0.3069
-2.6839
-2.4378
2.7049
6.87254
0.3869
-2.111
-1.801362
0.3419
0.9798
1.3668
0.49557
0.3364
0.8467
2.8254
-5.6026
-2.2699
0.11157
-1.4042
-0.9532
0.92351
-3.5537
-0.909192
0.5147
-1.8097
-0.688
0.3603
1.5058
-0.3925
0.6834
-1.21862
4.69375
0.3544
-0.0534
-1.16937
-1.2374
1.34335
0.61805
2.7345
-0.1036
0.3849
-0.16585
-1.40474
-0.38124
-2.6128
0.8882
0.35623
1.346532
3.509201
-5.24741
-1.1161
2.56245
NA
0.29513
1.7869
-2.6153
0.52922
2.939
-3.6895
1.5743
-2.22687
-0.3538
-4.19725
1.64097
2.5458
-0.1186
-0.251481
-0.0355
0.3398
0.8831
1.7314
0.4319
-1.29879
-0.0785
-0.5171
-4.50371
0.40545
-1.8179
2.52804
3.5365
0.481
-0.9267
0.2086
-3.5925
0.00769
-0.71458
3.60843
-2.13693
0.15625
-5.5921
0.0489
-1.3296
-0.6945
0.88054
-2.9615
-0.3563
-0.7935
1.2091
0.501197
1.03
0.344
-0.107
0.9702
-0.66804
-0.917
0.75289
-0.42281
1.7907
1.92764
NA
-1.5367
2.20717
3.4859
2.6392
-5.8689
-2.6163
-2.365
-1.61534
-1.9323
-0.7207
-2.04948
-0.35727
1.7893
0.3806
0.24356
2.2797
2.46741
-0.8302
3.34584
-1.54552
0.2306
-1.03204
0.3989
-0.7005
-4.1991
1.22858
-5.4939
1.5801
2.05747
-0.1868
2.9633
0.13069
0.7673
0.2264
0.141231
0.2301
0.69519
-0.20255
-0.8728
-2.6199
0.0137
-0.220967
0.623
-4.0346
-1.3298
1.0823
0.33605
0.560109
0.2452
2.4257
-1.23797
2.0939
2.2807
0.7196
-1.19769
-6.3067
-2.6198
0.59555
-2.8796
-0.2871
1.3638
0.4168
2.14084
-1.7375
7.35161
0.7519
0.7267
2.5232
NA
-2.9923
-0.40435
0.9447
0.79541
1.4822
-3.37257
-1.347274
-1.01074
0.007
-1.2511
-0.63866
-1.1736
0.2678
NA
-3.2532
0.27384
-3.1132
-0.4588
-0.198
1.0682
-0.24405
-1.76347
0.2744
-0.6508
-1.272402
-1.0566
-1.9547
0.18554
-3.9303
5.20787
-1.0856
NA
0.57341
-1.29013
-2.63971
1.62255
1.48419
3.76587
0.6885
-0.674
-0.41856
-1.1213
11.4848
0.6255
-1.6784
-0.5666
2.21168
-0.1091
2.71245
0.61689
2.1038
-1.2109
-2.9473
2.4416
-0.7326
0.9885
0.45889
0.9698
-0.1307
-2.46559
0.422582
-0.2253
0.96889
-0.2141
-2.21858
27.0004
1.7648
0.7097
-1.3655
3.869
-2.34815
NA
-3.0786
2.394
1.9092
-0.8744
-0.55214
-9.78623
-5.1608
0.84332
-2.8793
0.949231
-2.92154
-0.6157
1.9919
1.3778
-0.1748
4.1241
0.2571
-0.852403
-0.6187
1.30096
0.2597
1.5436
-2.0713
-1.3379
0.7968
NA
-0.34108
0.7368
0.6802
-0.2283
-3.9109
0.45513
1.9902
2.7331
1.07968
-0.1413
0.36859
-0.485336
4.483
0.2787
0.337491
2.04016
0.3822
-0.53323
0.05934
NA
-4.6003
1.2077
2.1208
-0.8684
-2.9594
2.7439
0.983836
-1.2894
9.1857
0.044802
2.7394
-1.7415
4.6489
-1.53252
0.4183
-1.55687
-1.42789
-1.2595
0.0911
3.4682
0.20415
2.18299
-0.2949
-0.7313
1.3609
0.7814
-1.9724
0.7464
-0.38862
-2.8175
1.4194
-3.56483
0.6096
0.3152
-12.1479
0.41804
-1.65391
-0.3282
-3.6052
-1.761036
-2.4257
-1.8317
-1.5377
1.74464
-0.72746
-2.2371
0.76313
-0.1708
-0.9303
0.89652
-0.08337
-1.199
NA
-1.01514
-0.9195
2.7561
3.21908
-1.93444
0.0774
-0.9164
-4.96173
-1.6989
1.51192
-0.06712
0.87754
2.1493
-0.1509
-0.4665
0.0109
-0.03
0.09137
-0.3125
-0.92958
-0.6924
12.9774
-1.87283
-1.53517
-1.1663
3.8922
3.06587
0.148
1.3961
2.405
-0.92692
0.1433
-1.2157
-4.0364
-0.4087
-13.2776
-0.4045
1.8967
-4.13717
-0.29891
-2.84108
-1.7806
1.2355
-0.0482
NA
1.5111
-1.42218
0.008
2.555
0.931026
-0.7234
-1.491
-1.57185
-2.58387
1.66907
0.4948
-0.0838
-2.3668
-2.39604
1.6849
-1.3433
-0.5799
-1.13415
5.1988
0.80268
3.621
3.6291
0.1664
1.3301
1.323
0.1035
-3.5514
0.6223
-0.7197
-1.32057
0.0878
-3.6002
0.33655
0.80548
-5.9923
0.7475
-2.0451
-0.9902
1.4934
0.228
-0.9036
0.80167
7.81256
-3.0571
-3.0413
2.0436
0.02306
NA
3.4943
-0.3588
3.212351
-2.19921
1.59564
4.72746
2.54731
-1.1823
-0.5301
-1.07443
-0.9776
-2.00247
-3.3423
-1.16705
3.96783
1.1999
-2.3642
0.6158
-2.33977
-1.47633
-0.33619
-0.42101
1.1963
0.7233
-0.81619
1.50854
3.7126
-0.7378
-0.1267
1.3209
-0.4695
0.26407
-1.4928
4.39875
1.9211
-0.602
-0.513
-0.1487
-2.3164
0.38483
-0.185
0.4642
3.4425
NA
-1.5138
NA
NA
0.3046
NA
1.1008
NA
NA
NA
NA
1.573
NA
NA
NA
NA
NA
NA
NA
NA
NA
NA
NA
NA
NA
NA
NA
-2.73524
NA
NA
NA
NA
-5.2438
NA
NA
0.2446
-0.90966
NA
0.94
NA
NA
NA
NA
NA
NA
NA
-1.1644
-0.05174
NA
-0.3673
-2.5599
NA
0.35797
1.332696
-4.8011
0.1029
-1.6728
-2.28844
0.8095
2.0549
1.2355
-0.75667
2.5809
-1.341
0.52466
1.9752
1.566
2.05089
1.3904
0.5798
-1.68499
1.49388
1.65023
-2.3852
3.4877
2.3858
0.763
1.40909
-3.157
1.43522
-0.0105
-1.6639
1.4044
-2.584
-0.04794
2.94017
1.30542
2.2826
-0.3236
0.12962
-3.19953
-0.8877
-0.9647
-0.3821
-2.11079
2.168
4.4149
-0.014
0.0295
-0.2144
-0.6041
0.3429
-0.1292
1.31929
-1.9346
-3.2133
1.227187
0.0136
-2.05869
1.5956
-2.3924
2.5698
NA
NA
NA
-0.266519
1.0954
0.855242
0.001124
0.245142
0.37332
-2.684797
4.1693
-1.274301
-0.08632
-0.566
1.11064
-0.138
-0.5949
1.6998
1.2592
2.53388
0.91656
-0.3263
-0.2364
0.8868
1.8892
0.3632
0.785
0.5354
0.28275
0.2974
0.7468
1.0712
1.1351
1.8095
4.3833
0.3224
5.6116
-1.1287
-0.68318
1.13546
0.5891
-5.69782
0.4224
1.726119
-0.44108
-1.6145
3.14901
1.10954
1.03832
-1.1094
0.4232
1.958
-4.3368
2.9713
3.91646
2.9399
-4.46196
-4.6694
-4.24768
-2.82769
0.9499
-0.47101
0.12097
-0.066627
-1.85525
0.1986
0.339
-0.956
1.41127
-1.18979
1.118005
NA
-1.5863
-1.94657
NA
NA
-1.1073
0.3448
NA
NA
-0.1318
-2.1271
-1.5483
-0.51144
-0.6394
-0.4925
-1.22542
5.02923
0.68993
-1.1134
-0.2032
-0.5466
1.2039
-1.26636
1.7944
-1.5942
0.6707
1.0283
0.12222
5.2467
-1.8555
-1.54
0.52853
-0.5418
-0.407275
1.5026
-0.4222
0.11004
-0.4207
3.12871
-3.5343
-1.42774
0.45882
5.55758
-4.42045
-0.88028
-2.66584
1.71865
-4.233
9.2537
NA
-2.866
-2.0877
-0.28277
0.6963
-0.5173
-0.4494
-3.33101
2.51712
-2.09343
1.49475
-2.25425
-1.8918
3.7557
1.6917
1.18541
-0.44402
-1.2883
0.5766
-1.4121
2.498
-0.4456
2.14639
1.90899
3.0799
-0.9402
-0.7935
-0.6197
1.8084
-1.0346
1.5012
-0.628
1.1835
0.8466
-0.1428
2.73012
0.1916
0.09545
-2.736391
-3.4464
-1.9621
-1.89621
1.31201
1.90554
1.19702
3.5055
NA
1.2915
-2.8145
0.5075
0.22208
-0.6406
1.00596
1.83767
3.60834
-1.8096
NA
-0.12519
-1.52787
6.52703
-0.85969
-0.3082
-3.1497
NA
8.8854
-3.57732
0.8447
-1.98189
0.4421
-2.0409
-0.1026
-2.7867
0.5946
-2.50754
-0.3465
-4.6489
-1.37508
1.0752
0.7528
0.29733
-0.836
-5.091
2.48137
-2.9638
2.8148
-0.6217
-0.7888
-2.00876
-1.30743
3.352616
0.1857
-0.48281
-0.5706
NA
-0.115
-0.2273
-2.2356
-1.2329
-2.49287
0.00418
5.6568
-1.13587
-4.3317
0.330127
2.86876
NA
0.0177
2.2241
-2.1405
-1.759
-0.16769
0.1527
3.29073
3.37525
-0.8697
1.8988
-2.9126
-3.8905
-0.72816
-2.0548
-1.2763
-1.30037
-0.5633
1.19403
-1.41
-1.8841
-0.7507
NA
-5.8053
-0.02718
3.278212
-2.1797
3.09804
0.80921
NA
0.1697
-1.3558
3.00873
0.41832
1.2193
1.530138
2.9868
-0.72903
-4.177713
NA
0.84692
0.2076
NA
0.392
-1.7078
1.0028
1.3554
0.48858
0.4202
-0.4184
-0.07189
-2.54795
1.363
-0.9623
-0.94331
-2.3758
-1.17277
1.4148
1.3088
0.53349
-0.752
-0.2775
1.38321
0.4158
-1.4851
-2.0055
-0.5927
2.3693
-3.9605
0.28827
-2.7225
-2.2033
-1.0978
-3.4334
-0.5033
0.161
2.5687
-1.19544
1.26607
-3.2109
0.5858
-1.7149
-1.058133
-3.731
-2.5939
0.39796
-0.6181
-2.603542
1.41248
-0.3664
-0.2564
2.54654
-0.1893
1.3133
-0.948
1.016
NA
1.27417
-1.2993
-0.2623
-2.153
-2.47696
NA
0.89767
-1.6417
-0.0754
-0.69921
-1.97916
-1.83139
1.9505
-3.74988
3.11242
2.20799
-0.7448
1.9351
-0.16102
0.83108
-3.7664
2.24642
-0.6743
-3.04708
-1.35416
1.57081
2.2559
NA
-0.7263
2.2229
2.10601
1.9676
0.5517
1.37529
-1.975
0.69652
0.3124
-0.6898
-1.26419
1.7982
0.77656
1.2257
-1.0292
-1.33157
-0.211
-1.01272
1.6456
-0.0701
0.3806
1.89265
9.29512
-2.12012
1.2644
-3.64975
0.11644
1.481
1.4616
-1.1776
0.9537
-0.1454
-1.3337
1.49088
2.6921
0.8263
0.06432
0.8004
-0.8817
-2.026
0.7339
-2.247847
5.5571
0.246156
-0.28275
1.26265
-1.35758
-0.70949
NA
1.9887
-0.64772
1.87434
1.4647
2.3411
-1.83719
3.82343
-2.26673
1.7294
1.394
-1.3971
-0.50098
-0.111
2.34001
-1.0675
NA
6.8325
-0.58326
2.0601
0.5285
-1.64573
-0.3439
-0.93997
NA
2.06605
0.2481
-0.75867
-1.3882
NA
-1.39553
-1.121573
-1.1305
-4.4298
0.31386
-1.704233
3.7794
-2.903
-0.01993
4.6518
2.415
-1.0168
3.1872
2.06225
2.04349
-0.85642
0.4118
0.378215
-0.9806
-0.6346
-1.37149
-1.1504
0.0701
-1.9379
4.7656
-0.3402
3.59995
0.35155
0.13415
-0.2124
2.0201
-0.67091
0.42746
1.1272
NA
-0.17671
0.528363
0.1242
0.26266
NA
-0.7015
-3.642437
0.56719
1.5172
-3.05461
-0.35141
-0.517134
-1.59088
1.3883
NA
1.9969
-6.1631
0.43255
-4.885389
-0.5151
-0.72346
-2.9695
0.0128
-1.52792
NA
-1.6124
-4.029642
-1.6163
2.0533
1.5167
0.28521
-1.2491
-7.7078
2.61875
-0.6769
-0.14717
4.2523
0.2979
-2.448
3.055842
4.16902
0.42324
3.1304
2.9713
-3.0301
-1.6291
0.103
NA
1.44689
-1.52441
-2.2721
-0.7514
NA
-1.7926
0.2592
-2.49833
-1.6387
-0.7733
1.8096
1.9969
0.8334
-1.09671
4.8528
NA
0.49062
0.66096
1.1976
0.70219
-2.45264
4.0282
-4.8674
-1.69365
0.5989
4.45696
-0.6222
-0.82246
NA
-0.0692
NA
-1.2995
-0.38826
-2.9749
1.6856
-1.0898
-0.3589
0.35828
3.4284
0.47356
-4.8885
1.508
-0.3102
NA
1.30978
-0.035397
-1.151168
-3.12174
NA
0.48213
-0.65338
2.5418
0.5434
-0.77229
2.11432
1.5293
2.6149
0.3894
-0.5212
-0.474044
-0.8357
1.3567
-0.83064
NA
0.49291
1.45851
-1.10727
NA
-2.45707
0.1326
-0.47606
-0.32873
-4.8302
0.0109
1.81334
0.5619
-1.75248
-3.4895
-0.4881
0.75201
-2.3421
2.35429
-2.0248
NA
-0.92543
11.1468
1.784
4.0711
-1.3724
-0.5657
1.6639
-1.6418
-7.3229
9.23683
4.46687
1.9797
4.2256
-0.499
-6.39189
0.66879
-2.47815
2.0431
-1.5491
5.23991
0.55149
-0.18752
-0.0799
-1.0963
-2.08802
-5.14097
-2.75305
0.6082
0.70217
2.63174
-1.0864
1.55044
1.6219
1.327
0.625
-0.35163
2.4483
-0.5719
-0.47132
-0.2318
-1.2619
3.9504
-3.33832
-0.449
-0.8993
-0.1607
3.293
-2.7553
0.1002
3.7523
-1.1931
1.18129
-1.4224
-2.48365
-1.4233
0.87583
NA
-0.87668
0.44671
0.70839
-2.05839
2.5201
-5.806
4.4249
-1.91926
-0.2719
-4.068
-1.3616
0.1287
-0.04244
0.8933
0.1639
1.85236
-3.26319
-1.0789
-0.86712
1.27695
0.05121
NA
-1.82833
0.4085
-3.5309
-0.7637
-14.48763
-0.23506
-1.47807
0.8216
1.3568
-1.516
NA
3.1378
-1.56125
-0.1703
-3.5115
0.29391
6.78366
0.0471
NA
0.1242
2.8867
-2.8081
-1.5888
-0.145
1.11141
2.66234
-7.5655
0.04469
2.215638
0.27505
0.66323
-0.54026
-3.19386
0.96203
0.56006
-4.6475
0.1327
1.6726
-5.1607
1.1722
NA
-3.11383
NA
-0.4256
1.332885
1.6424
0.358581
-1.5759
-2.7922
-0.18706
-0.67253
0.5164
1.35559
2.263
0.625223
-0.611
0.25555
0.67123
2.3683
0.7521
-0.3587
1.396
-3.9605
1.3254
2.408409
-1.5731
2.9804
0.0928
-0.1072
1.32812
-1.83991
0.41046
3.80059
0.0364
-0.2596
2.02474
0.9354
0.90054
0.6692
-1.15511
-1.1634
-0.16401
-0.03945
1.01222
0.191
2.1764
-3.3432
-2.1662
-1.09289
-0.69993
-1.873
-1.58236
1.44841
-0.377
0.2477
-0.4564
1.0855
-0.5723
0.6113
-0.37811
3.51227
NA
1.846
-1.1989
-1.429
-2.60482
6.45343
-5.5066
NA
1.08147
-2.3099
1.9362
0.9729
0.65104
5.2152
3.1571
2.1805
-3.7422
-0.1199
-1.22529
1.8908
0.31
-0.20477
11.16721
-3.78157
0.5215
-0.4766
-0.3954
4.5497
0.06308
-3.0206
-0.73829
-0.21747
2.63137
4.0306
11.09482
0.198
-1.40483
-1.63839
NA
-1.76643
1.6889
1.83253
-8.1566
-4.5345
-0.0441
-3.1856
1.138774
-1.0113
3.92789
-1.7508
-1.1164
-3.1817
0.8083
1.3795
-0.1064
1.0059
-1.10987
0.0861
2.6435
-0.5794
-0.620213
-1.49936
NA
1.080128
NA
-1.7726
-0.522905
0.3556
-0.7535
0.14022
-2.15217
-4.0226
0.17212
3.3382
-1.241
-2.0539
-2.4528
-3.5408
-0.2904
-2.7593
0.4136
-0.34731
0.312972
-0.18122
0.0516
-0.6613
-1.023114
-1.9967
-1.8099
4.5285
NA
-1.9299
2.44518
-4.0084
-1.5686
0.413027
-1.417497
-0.42866
7.42249
NA
0.815935
1.7565
-0.2021
1.19068
-1.2476
-2.8049
-1.3586
-0.4131
-4.1782
1.6397
-0.9588
-1.2731
-0.38429
-1.1691
1.7205
-1.14934
-2.3384
5.82099
-0.8552
1.0947
1.13141
0.38923
-0.5955
2.291
1.0465
-0.3125
0.4954
-0.16101
2.43008
-0.2697
0.47156
-0.804
3.1333
-2.5366
2.6522
-0.0966
0.7044
-1.5893
-0.7747
-0.601693
-0.61824
2.8276
1.99299
-2.40564
-4.21984
-1.7662
-1.63971
-0.159
1.2108
-1.2812
3.639622
-2.84937
1.5534
-0.5569
2.9613
0.0171
3.8047
1.9969
-0.26412
-1.636
2.14036
-0.0986
NA
-0.988
2.248394
2.3735
1.40173
0.2407
-0.693643
-3.4643
-0.569709
1.2147
-0.2746
-1.4509
0.77092
2.2675
3.0162
-0.29961
-1.16337
-0.44748
1.787926
-0.0445
-0.57371
-0.47152
-0.64697
-0.5303
0.8949
0.71576
-2.301847
3.1691
-0.16607
0.16031
-0.4744
NA
-0.7902
0.8565
0.2891
-1.2605
2.6476
-1.1902
-3.96315
1.7011
1.3587
0.6834
0.46707
0.1822
-0.168
-1.13686
-3.87261
1.34747
-5.0337
0.5126
4.0353
10.5016
3.8878
4.8806
-1.48227
0.068201
1.5435
-0.90965
-0.76829
-1.14084
0.76189
-0.4753
-2.8118
2.2561
3.0952
-0.52205
-3.1722
-1.34045
2.3323
0.11884
-0.1986
0.00625
2.71588
-0.1081
-1.18127
-0.107
4.0332
-0.32455
2.25809
-1.06205
3.714
0.15373
-0.28596
2.6299
-1.266
-2.4748
-2.7897
-0.566
-0.0675
-1.8393
-3.1809
5.19844
3.08107
0.28047
0.3241
NA
-3.9008
-7.0787
1.161
-1.9886
-1.3008
-0.2716
1.2711
-1.9402
-1.21885
-0.68539
1.3538
1.81057
-1.8691
-2.05484
-0.7788
-0.1168
-0.201
-1.5523
-6.8417
-0.5572
-7.037
-0.59955
-1.74159
1.2395
-1.7836
-1.0185
8.599
-3.701
1.2983
1.5699
-1.1716
1.0298
-2.5474
0.41773
-1.6973
0.3578
3.0464
-0.0148
2.1335
0.7453
-1.5783
0.3376
1.8768
-0.8068
-1.5314
-0.9472
-2.040422
1.64612
0.958
-4.7762
-0.977
-8.9552
-0.0356
0.07689
0.2929
0.8359
-0.24223
-5.4939
-2.50986
1.7025
-0.402558
0.9575
1.1291
-0.3286
2.8659
0.24893
-3.9958
-3.28494
-2.6268
-1.3606
0.7246
-4.7396
-1.52389
NA
4.27227
-0.6244
-0.6231
6.61862
2.2181
-3.43631
0.463
-0.13004
0.7456
-1.1505
0.9951
0.65163
-0.7355
-8.7756
0.406626
-3.207915
-0.65783
-1.5925
0.9134
0.80041
3.7239
4.8956
2.88709
-0.29858
-5.4839
-0.73537
0.643
0.23726
1.161
-1.0333
-0.0695
0.859106
-1.341486
-0.4597
0.65656
0.4969
0.1496
-0.1523
-0.4737
2.69949
-0.5073
-0.71269
-0.4437
-0.98769
-1.1937
2.60422
-1.89059
-0.9922
0.48826
1.78243
-0.464898
2.5187
-1.1665
-1.597791
-0.4651
0.7734
-2.488377
0.81547
-0.7164
-3.2645
-0.0014
-1.41405
-0.7587
0.212526
-0.26166
-0.15918
1.0154
-0.0035
-0.1746
-0.060585
-3.21541
0.966141
-0.3848
-0.815917
3.23865
-4.244
-2.027
-2.846151
-0.914922
7.612314
2.1082
4.10526
-6.3711
1.1829
3.77321
-1.441937
-1.02057
1.4199
0.392214
0.051544
19.111275
-5.7399
-1.9199
-1.17908
0.90627
-0.6782
-1.2831
-0.50058
0.1997
2.890212
3.1549
-0.63922
-2.84728
4.4025
-0.0262
1.0613
-1.4274
0.31979
-1.427125
-0.3802
-1.92815
-1.72997
-4.01515
0.530815
0.71656
-2.2588
-1.5482
-0.39712
-1.7472
1.153044
0.51408
-0.5285
1.7143
0.56315
-0.0802
0.3152
4.2049
-3.86697
-2.58278
-0.53152
-1.886202
-0.5285
-1.09447
1.10368
-0.8428
-1.6285
0.1951
4.65093
1.86572
-0.6277
-0.1745
-3.75814
2.02271
-0.7865
-0.26495
-0.4869
-0.36769
-0.83723
-1.293
1.26373
2.71085
0.4776
2.2237
-3.02048
-2.3433
-0.8334
0.84118
1.77244
0.207
-0.85146
2.228701
-0.74757
-1.57071
-1.46942
-0.08134
1.9235
1.3014
0.1279
-2.0414
1.37492
-1.0918
-0.7296
-0.7205
-0.50782
2.03668
-0.91162
3.46224
-0.32482
-0.9239
-0.9089
21.60566
-1.18401
-0.9326
-0.32714
0.2211
0.404
-0.297248
1.7524
2.18293
-3.6217
0.62775
-1.1811
6.15495
-0.98231
0.9613
1.34099
0.06191
1.01229
-0.8238
0.623
2.1945
-3.05398
-2.4602
1.27951
2.06837
-0.11198
0.86869
2.57231
4.45003
2.84527
-0.79741
1.4616
0.3515
0.86453
-0.40534
-0.1991
-0.7881
-1.14776
-5.1031
1.0429
-0.2425
0.1228
-0.2064
2.0926
4.18587
0.5557
0.8032
2.7922
2.9619
-0.4564
-0.60468
-1.9302
-0.4552
0.1338
1.9134
-1.2062
-2.6635
1.9943
0.9698
-2.6187
-1.0964
0.8793
0.9343
1.793
-1.5201
2.6737
-0.1521
-5.6847
-0.0565
-1.3275
2.1323
3.699
0.8445
6.5328
-0.6102
-0.1436
0.0457
0.7608
0.0922
0.9085
1.177
-2.4731
1.5193
-3.1567
-1.5817
2.1835
1.6093
-12.1197
-0.2405
-0.2575
1.1919
-0.2342
-1.2013
0.1614
-0.0281
4.7569
0.6079
-0.0399
2.778
-1.9784
-1.3572
-0.6235
-1.8435
-2.9057
1.1237
-0.2189
1.7502
-0.9509
2.1973
0.8528
3.6418
1.5688
1.5702
0.8974
0.3255
-0.6322
-1.3565
-1.6451
5.3576
1.2089
-0.6887
1.1873
0.481
-1.3565
0.8936
4.2363
-0.7361
-0.6361
1.8114
-4.1029
-1.8773
1.17713
0.1846
-0.2643
-2.1271
1.14757
0.9545
0.6321
-0.0491
-2.7326
-1.1937
-1.2727
-4.0184
-0.68031
0.0953
-0.43925
3.01354
0.60233
3.9113
3.3487
-2.91454
-1.8969
-0.9916
-0.16786
1.8804
0.31115
2.3265
-2.55085
0.41978
0.63227
-1.64626
0.1438
-2.9586
-0.76033
0.1062
-4.04966
-4.4056
0.53866
3.7404
2.8265
-0.7843
-1.28133
-0.5055
2.8514
1.448
NA
3.74789
-7.71491
1.52242
2.31276
2.3605
-2.32865
1.6814
-0.7174
-1.11222
-2.51471
-1.8597
2.905404
-0.56013
0.07351
-3.187
-2.7691
2.13619
3.1076
-2.4299
-5.92438
3.6749
-0.0135
-1.2377
2.09435
0.52956
-3.72896
-4.8977
0.8413
-4.55459
-1.6946
2.08203
-0.3258
-1.1404
-3.7507
-2.1718
0.57104
-1.93979
-0.2582
0.8066
1.9768
-1.6293
0.1703
-0.15721
-0.0854
4.304
3.308507
2.51743
-1.8956
3.40851
-0.03819
11.5036
-0.63026
-4.09348
NA
2.6987
2.3658
2.9038
0.0905
-2.3947
-0.26835
-0.873
0.2347
1.6984
-2.04478
0.52224
-0.92677
-0.09778
-2.2698
-1.8977
NA
0.3821
-1.75355
0.9326
-0.4105
-0.0781
-0.448293
0.46355
-2.02127
0.9448
0.2612
-0.0825
0.0511
-2.34156
0.2267
0.98024
2.24893
1.6138
-0.6121
-0.8279
0.3151
-0.2407
-1.4121
-1.1932
1.4022
-1.1655
-5.8721
0.5999
-3.039
2.3621
2.34521
-4.6834
-1.4245
-4.6366
-0.7467
-1.0318
-3.8657
2.53924
-7.7865
2.2118
-0.7287
4.5329
3.50833
-1.8057
-0.1003
0.465
4.64986
0.0464
-2.1575
-7.9385
3.10622
-1.9545
-1.08202
1.40478
-4.3709
-0.10383
-5.7764
-0.7151
0.13282
1.6958
1.04652
-4.4779
1.5813
4.2595
-3.06547
NA
1.9357
-2.6451
2.6318
-0.7162
1.8308
-0.5008
-0.1982
1.6636
1.3652
-2.2619
-0.9475
1.8608
1.2174
-0.12522
0.09705
2.0847
2.2606
-0.5376
2.2208
-1.3957
-3.6694
-2.0096
1.8156
-3.5508
-2.3963
-0.8572
0.8486
0.1952
-1.6779
-0.4797
3.6626
-0.734
-2.8637
1.8633
0.7044
0.1803
1.0572
1.4737
0.8114
-1.51858
-0.4483
-2.0909
1.4281
-0.2533
-1.4317
-0.5008
-0.02357
0.229
0.7448
-0.1078
0.2376
-0.6288
1.234
0.9344
5.2135
-4.6811
1.4975
-1.6211
-0.7403
-1.2919
1.1508
3.3079
0.0129
1.0382
2.8292
0.7589
0.0039
0.0265
1.6613
-0.4853
NA
1.5448
-0.0806
2.7056
-1.9046
1.8706
-0.9612
0.3717
1.0354
0.29631
1.9845
2.3985
-0.7601
-1.3487
3.2114
0.6589
1.8456
0.2865
1.8893
0.0039
-0.646
-5.6445
0.1265
-0.1412
0.0039
1.9298
1.0953
-3.1925
-0.978
-0.3036
-2.0501
-0.4642
-0.1578
-4.522
-1.3857
-0.181
2.3851
-2.73
1.2621
4.514
-0.3889
2.3464
-0.9087
-0.5905
0.4242
-0.2194
1.2933
-1.0327
0.9645
1.5906
-2.4769
3.7661
0.9172
0.6812
1.5749
-0.8992
-1.79
2.3066
0.4242
1.2685
-1.1294
0.3759
1.3537
0.3367
-0.13261
2.0192
-0.02533
-0.195
-0.9118
-3.8529
-2.7281
-0.6682
-3.45892
1.2253
-0.3265
0.8877
0.612
-0.9525
0.6109
-1.4783
2.0536
0.9134
2.4356
2.3813
-1.5288
-3.3841
-5.1281
-1.74042
-0.8945
-0.6022
1.3037
1.0251
-0.9993
-0.4928
-0.5913
-2.3086
-0.922617
0.1003
9.0122
-3.9536
2.3515
8.6247
1.529
0.18259
0.5244
1.74053
0.5962
-8.8119
-2.4907
0.4678
1.5506
0.32848
0.3321
-0.6953
-4.7252
-0.6132
-1.0063
0.02224
-0.84103
0.07014
3.04465
-0.875067
-1.2864
3.19529
-1.0675
5.46348
2.7761
-0.97797
2.0381
1.213
0.8285
NA
0.8378
2.2792
1.2627
-0.5108
0.1702
0.0242
-2.2823
-3.5166
-2.89269
0.5524
1.6083
1.55965
-4.27
-1.05215
-1.0336
-1.11436
-2.25533
-0.99803
9.729895
-1.054492
1.6427
-1.04698
-1.0677
-1.68379
0.13616
NA
-0.3441
1.0652
-2.292751
1.2082
0.4051
-3.3047
NA
-1.4458
1.53724
-0.33368
-0.6315
-4.6431
-1.03378
-0.068679
-2.7104
3.2441
0.5685
1.04634
NA
-0.5539
1.61656
2.68026
-2.19556
-0.47416
1.88585
-0.4375
-0.064919
0.8721
-0.021507
1.221
0.48282
-0.7693
-1.5444
1.58936
NA
1.10443
-3.1005
1.6812
-0.5539
-2.31169
NA
3.325529
0.75065
1.97846
-0.27256
0.16788
-1.0321
1.85421
0.9005
0.5546
-0.01456
-1.4115
1.057
-0.645804
-2.48925
3.57156
-1.63158
2.5556
-1.77559
-0.7552
0.900216
-0.4333
-2.3485
NA
2.1453
NA
1.6052
0.34735
NA
-1.926539
-3.7806
-0.979
1.8007
3.02653
0.76834
0.1695
1.2015
0.39871
-4.0948
-1.0854
1.2296
-0.39326
-1.550209
-0.21661
3.30609
1.2709
-4.5459
0.8286
1.06286
0.8589
4.1043
-3.072573
-0.2048
0.0459
-0.8388
-1.5796
-4.1536
NA
-3.141
-0.27508
1.31337
4.2502
5.227
-0.06366
0.95179
-1.337
-3.23459
1.95753
0.0918
2.09676
-3.4506
0.242676
-0.6968
-3.44794
0.2666
0.152766
-0.9784
1.2202
0.559
0.1643
-0.5413
2.3361
1.7117
0.74814
-1.98036
2.60012
-1.526217
-1.9383
2.37892
-0.4266
-0.83827
2.3812
0.9566
-1.1917
-2.04657
-3.5723
1.8943
0.7703
-0.8459
-0.70779
0.8413
0.745
-1.4858
0.6627
-0.03064
-2.1331
0.00633
4.02136
0.04044
0.315
-0.78321
-2.001505
NA
0.71015
3.3935
-1.999
6.0388
0.576
-1.84563
1.809855
2.6801
-0.388
2.549
-2.6923
-0.83985
1.0017
-3.94145
0.1446
-1.5961
-3.6791
-2.7842
-1.3808
-0.1633
0.8106
2.30996
-0.02646
1.68217
0.9892
-1.3955
-1.4065
-0.2674
-1.4961
-1.94961
-2.82051
4.2849
-1.6245
2.2857
0.0018
1.214
2.0222
-1.3081
0.8977
-1.1965
-0.2188
1.86679
-3.95172
0.857
-1.8387
NA
1.07
-1.6889
-0.5384
-2.3758
2.94514
-1.559
0.08437
3.9086
0.66598
0.2854
0.8338
0.7182
-6.65808
-6.3685
-0.9246
0.6149
2.17021
-0.31986
1.7877
-1.2755
2.0357
-2.5308
-1.1515
0.3788
3.0567
-1.6387
4.9722
1.0979
-0.4207
-2.3863
-2.4033
-2.7769
-1.1196
-1.6296
3.35691
-2.49511
-0.95086
4.0351
4.0351
0.3558
0.5406
0.2341
0.3786
1.08857
0.3476
-7.0861
-3.3908
-2.24861
1.9228
0.1036
-5.1029
0.5873
2.48916
-3.2362
1.71016
2.3862
-1.8909
1.0902
-0.5287
1.64879
1.5428
1.6147
1.5521
-2.9308
3.6626
-2.8514
1.69122
2.14887
-0.32571
2.9176
2.091
-2.50419
1.65537
-0.3778
1.9183
-2.17674
5.0942
3.1047
1.919
0.3656
NA
2.83039
1.7571
-2.7059
0.267734
-0.20618
-0.5603
2.69627
1.88969
-0.2696
0.11772
-0.88807
0.1688
-0.9833
0.0849
2.73371
-1.8113
-1.0407
-1.8083
1.87114
-3.74012
-1.5409
-1.3284
-0.42152
-3.0846
-2.158
2.5966
-2.40861
-4.54737
-2.45284
0.3419
-1.4641
-1.1511
-1.0707
0.9316
-0.4568
-2.40239
2.5429
0.5157
-1.9575
1.5299
2.962
-3.12184
1.25455
1.60067
2.3692
1.09626
-0.2944
0.4293
-0.3073
1.3069
-1.2838
0.3662
1.0431
3.682
-0.576
1.1292
1.87294
-2.165
-0.5108
-0.9043
0.5999
-2.5213
2.22472
-1.81303
-2.4024
-1.2213
-0.9654
-2.17377
-0.2467
3.42711
0.7774
-0.61841
-3.9605
0.1379
-0.584824
-0.0147
0.3799
0.6199
1.11971
-0.394456
-4.2481
5.8734
-3.8726
-1.28062
1.2753
10.955
1.3485
-1.1262
0.3374
1.26465
3.6257
0.0202
-3.8477
-0.00569
0.5543
4.09241
-0.68168
0.14651
-2.5865
6.2074
-0.0601
2.166
0.283
-0.5902
-0.0297
0.69024
-1.8858
-0.8458
-13.41816
2.768896
-1.066018
-1.4837
-0.42962
-0.50056
0.1529
3.0913
-4.293
1.422
0.33717
3.0808
-4.4362
0.5679
-3.4574
0.2633
0.76
-1.6387
0.0363
NA
NA
3.0933
0.06473
-1.28467
0.30061
-0.3725
2.59122
-1.6993
-0.6794
-0.17268
0.3592
-3.174853
-0.93724
-1.7285
-2.4899
0.1727
1.1081
-0.68696
2.28002
-0.28827
1.16181
0.2967
0.9712
0.83449
-3.0374
-2.02439
2.780999
-1.8971
0.89206
-0.86877
1.11258
-3.17885
-0.94523
-1.58794
0.1958
1.73328
-1.6952
-6.1011
1.41041
NA
1.9969
-0.6808
1.4772
0.9486
-2.6378
-0.183906
1.0257
0.3619
-1.5311
0.2854
3.2133
1.8338
1.2509
-1.59376
0.45566
-1.39571
4.95335
1.0253
-1.31613
-3.278041
1.1288
1.02011
-3.4914
-0.85332
1.6829
-0.1068
-1.1671
1.2095
1.8578
-0.48573
0.555
-2.5483
1.66383
-1.6198
0.37782
4.3534
-0.41573
