-0.21737
-0.71196
-0.19163
0.4906
2.5297
-1.86568
-1.84796
-2.09301
1.479
-1.419887
1.53142
3.58495
-4.34434
-0.73625
1.5509
-1.65457
1.54284
1.8123
-1.57279
-0.389924
-7.92472
-3.59769
0.66526
-1.16776
-1.59897
-2.3063
1.729789
-1.41021
-0.38952
-0.46894
-0.52197
-0.55151
-0.74266
-1.82787
0.20395
0.63271
-0.3646
-0.44912
0.1111
2.66234
-0.77746
-1.08662
1.25695
0.53735
0.74649
-2.20529
-1.38712
0.3488
0.6581
1.67216
0.2224
3.62403
-1.68363
0.00544
0.7399
-0.60502
-1.36768
0.219
-1.14705
1.8295
-0.7143
1.6153
-3.87445
-0.56609
-0.3002
0.47581
-2.35716
0.48497
-0.1884
-1.0512
0.57007
1.34867
0.65144
-1.125
0.4905
-7.33018
3.09728
0.05496
1.3332
-0.03941
5.63997
2.0417
-0.0889
1.57629
2.50181
-0.41879
-0.8676
3.36843
2.24976
-2.3658
0.31583
0.04236
1.74316
0.73714
1.94582
-0.09187
-0.6633
-1.1811
NA
4.6153
0.30579
-0.04774
2.28212
-1.86912
0.84228
-0.21569
-0.12282
-2.4587
-6.28956
-3.3571
1.86467
-0.1556
-0.97087
3.47594
3.70401
-2.53729
1.98837
0.4864
-3.85843
1.332096
-0.72832
0.96827
-0.81112
-0.16398
-0.84453
1.23016
-2.244601
-2.97677
-0.75493
-2.64183
1.55404
-0.32169
2.4336
-0.11668
0.383601
-3.06
0.66756
-0.12303
-2.49534
2.758083
-0.29932
0.29593
-2.34343
-1.3194
-1.1756
-1.51539
-2.0414
3.5301
1.53372
4.5094
1.35707
-0.41595
1.3175
-5.43947
-0.6115
-0.08451
2.30717
-4.0038
-1.3832
-1.22582
-7.13274
1.59626
-2.24283
-3.10402
-2.31703
-1.51446
-2.26
1.33623
1.68229
3.83626
-4.596299
2.8748
NA
-0.8276
-0.85066
-4.11835
0.08531
1.46339
0.61457
0.9285
4.52447
9.31942
-3.31838
NA
-1.29749
-0.15845
-1.2306
-1.656
-2.20441
3.26001
3.1348
-3.130378
4.66775
-2.47129
5.74085
1.77047
1.11156
4.33777
0.6271
-0.7819
-2.326488
NA
1.40087
2.565877
-0.93698
-0.82024
5.19074
1.00733
-6.30602
-0.05836
-1.37175
3.24137
1.0149
1.70276
0.110497
0.471214
3.44498
-0.1151
-0.15825
-1.1918
0.21644
1.09407
2.365
-1.81113
0.31744
-2.06903
1.58649
2.85915
1.27906
-0.6296
0.798114
-0.8947
0.04376
3.67439
2.32953
2.19212
0.1002
1.40736
-0.36145
2.348894
0.52337
0.929
-0.024
-1.1715
1.11255
0.03621
-0.69205
0.03205
2.19092
-0.63857
-3.673601
-2.46463
-0.39775
1.46028
-1.25428
-3.40947
-1.85564
0.7763
-2.77829
-0.64483
2.86549
1.11452
1.36102
-2.64958
-1.4728
0.1361
-1.11802
0.1838
-1.74796
0.76407
4.05695
-4.89531
-0.3065
-0.60198
-1.00924
1.2026
-0.51425
0.0486
2.60037
4.1868
0.27013
1.70814
-5.33626
0.77968
-2.50189
-1.4869
-3.655131
9.61429
-3.4097
-0.50512
-1.18114
0.04493
-0.35616
1.324
-2.3169
-1.65076
-2.98714
4.63976
0.66369
-1.7152
0.739076
-2.98964
-0.14444
0.80418
-3.09388
1.3683
2.837059
-0.36173
1.12075
5.02629
-1.66796
1.4488
-0.43293
1.40254
-0.8739
0.4485
1.91661
0.9649
-0.021186
-1.29365
0.4445
5.05601
-0.13446
-1.98394
0.52123
1.80922
-0.47012
-1.31182
-0.18685
-1.3626
-1.78575
1.17369
-2.2665
-0.52073
-0.002725
3.27674
-0.24086
0.3377
2.23383
-0.90879
0.74075
-1.48685
1.05172
0.53724
-4.43149
8.96474
-0.79863
-2.31599
1.51235
1.09693
0.72365
2.33398
-6.03433
-2.52199
-6.5564
0.02983
2.51651
1.055303
-0.2241
4.77471
-1.20369
-1.04273
5.02591
-1.76776
-3.53639
-1.1769
-1.5472
0.3213
0.34889
-1.2054
-1.00397
0.88072
2.52692
-1.91465
0.81802
0.86104
NA
-1.10595
0.3302
-1.18749
3.95473
-0.8762
-2.25242
2.91245
3.6393
-1.6719
1.64758
0.40123
-1.83574
1.64655
3.72065
-1.7041
0.3167
-0.6143
-3.818735
-2.28015
-0.7881
6.63626
2.07644
0.15604
-0.57299
-3.01054
-2.4333
2.43317
2.32004
1.22956
0.79838
-1.77599
0.0904
-1.03946
-0.51593
-1.0088
-0.64272
1.6126
-0.368
-0.217
-0.154
-1.97491
2.1173
4.22979
0.35772
-0.49275
-2.23247
-2.29818
-1.89965
0.81499
-1.21704
-3.80666
0.75098
-1.14314
2.53964
3.40947
-1.13354
1.39938
-1.89158
0.75241
-0.5245
-0.97828
0.5146
-2.9088
-0.6786
1.4185
-2.97223
4.18681
0.8556
-0.22659
-3.30748
-1.43932
-0.6881
0.557479
0.749579
0.55681
0.64696
-9.5342
4.3063
1.78037
3.49
0.302324
3.38746
-4.29576
-2.1869
-2.1816
1.82669
-1.02537
-1.36411
-1.78681
-0.41889
-0.242804
-1.1537
-2.70956
1.61913
1.6625
-1.1013
-1.4548
1.3631
-1.1838
2.98475
1.91833
-2.98803
3.75282
-1.11803
0.92718
-1.83
1.18835
-0.40512
0.44748
1.648093
8.6293
1.48084
-2.86662
4.33416
-0.898461
1.61557
-0.04209
-0.22
3.26696
-0.01269
-2.00988
-0.54167
-1.10365
-0.18458
1.9133
14.59801
1.19182
0.22726
0.6344
0.0134
0.84956
0.45425
-3.41557
-2.136245
6.832
-2.23906
1.41228
1.77633
1.11923
-0.88224
0.4172
-0.3524
-0.79036
-2.13297
-2.14409
1.20317
1.41822
1.1171
0.3762
3.62259
-0.4623
1.629383
2.463744
-2.1276
1.04133
1.7728
-2.67498
2.19872
-1.5414
-1.7111
-1.14184
-0.26631
0.48695
2.6107
-0.5528
-1.93045
-0.75601
0.554393
0.66806
3.39471
-0.62789
NA
NA
0.1285
0.74269
0.83973
-1.55024
0.147
-0.19087
0.1618
-0.45475
-0.71822
-0.84497
2.34553
1.1512
1.40288
0.27782
1.66218
0.50466
1.76188
-0.43988
-2.2008
-0.74652
-2.1871
1.29588
-0.02806
-5.07783
-1.7685
0.2583
-1.41167
3.6525
-1.31599
0.15559
-1.5185
0.5212
2.4945
3.00352
0.1792
0.9669
-0.44025
-2.3387
0.26325
-0.157034
1.94818
4.02364
1.84182
2.60226
0.821
-1.7353
0.31779
3.77801
2.277
-1.77625
0.937727
0.58039
0.61957
-0.313729
7.741907
0.3524
-1.27889
0.09622
0.42432
0.93512
-1.19751
0.03005
-0.12229
0.08054
3.03902
-1.58683
0.43265
-3.3939
5.84859
2.36099
-0.80336
1.05785
-5.40944
5.35445
-2.64034
2.2615
0.20707
-0.05574
-2.38517
0.90309
-0.78403
-1.0637
-3.6035
-1.54653
-2.0809
-3.2837
-0.464792
-0.98017
-2.73744
-3.37094
-0.05996
0.31164
-1.84577
3.24692
1.13335
-1.10235
-0.06322
0.7067
-0.41741
0.71484
-0.68245
-1.52629
-1.21025
0.44647
2.45204
1.01071
-2.75424
-2.16423
5.20527
3.53123
5.25198
0.12081
0.954
0.1172
-5.8005
1.95973
0.10277
-1.21367
0.53045
0.59272
-0.87887
1.54123
2.24767
1.268716
0.0659
11.89867
-2.08603
0.92772
-0.91645
-4.44983
-1.154
1.08952
0.40502
0.5866
5.71419
7.60011
0.1781
-2.30554
-0.9574
-1.1362
2.69292
1.336
-2.38065
-3.40116
0.7792
1.63761
0.221399
-0.39177
4.78965
-0.03038
-4.14738
-2.84288
0.96487
1.84939
2.7109
-0.49904
6.04147
-2.42806
0.40517
-1.74337
1.45354
2.37884
-1.1176
-3.87092
-1.59659
0.18383
0.5679
1.07283
-2.83406
-2.5883
1.72709
-1.56108
5.33425
0.96781
4.11124
2.42321
0.48297
2.2554
-0.1536
-1.8209
0.6002
0.7122
-1.06587
1.00999
1.4541
1.77674
0.13426
-2.57156
1.51
0.412
1.24546
-0.10471
-1.24378
-1.13714
-2.47935
-3.1333
2.19051
-1.5573
2.41629
-3.1572
-2.981502
2.716855
1.420495
-2.64337
-1.25875
-1.91103
0.8645
NA
-0.12847
-5.76781
-2.90393
-3.3967
-2.174026
0.803468
-1.41134
-0.397217
-0.25978
-1.231
-1.80285
-1.47218
-4.67223
4.19692
2.305
-5.67414
-0.52757
0.93
-2.22491
-0.89485
0.2078
12.5882
-0.1381
-0.84769
NA
1.61
2.65
-2.2
0.803
-1.13
4.41
-1
1.74
4.58
1.64
-1.84
2.73
2.44
2.63
-2.05
-2.97
0.706
-1.45
-0.177
-0.0301
0.142
-0.413
2.06
-1.25
0.315
0.359
-1.5
0.0294
-0.326
-0.704
-1.29
-0.667
3.9
1.58
3.44
0.164
0.898
-0.42
0.295
2.54
1.74
-2.91
-0.105
0.943
0.577
-4.94
-1.9
-3.24
0.246
-0.738
-4.31
-3.64
-2.19
-3.12
8.29
0.188
1.14
1.27
-1.26
-9.45
1.88
-1.1
-0.05
1.39
1.33
-0.107
1.07
0.337
9.6
2.11
-3.91
2.82
-1.21
1.2
3.6963
0.3802
-2.3284
-2.7834
2.0786
-0.465
1.9646
1.2496
1.5971
-1.2693
1.2408
2.1615
2.1628
-0.7339
2.2996
-1.0797
0.6108
1.2644
-1.1731
2.0759
-0.9041
1.705
-0.2518
-1.065
-1.8103
-2.5765
-1.2371
1.93552
3.4988
1.5021
2.2867
-2.8266
0.6036
1.4606
-1.6581
-0.2987
0.3005
0.252
2.4269
1.0305
-0.635
-0.8242
0.5563
1.2223
0.70544
-1.05493
2.41358
1.38698
-2.0704
3.3917
3.80948
-1.19046
-3.6145
2.26291
0.4732
0.138
0.84424
6.1187
-1.02781
-3.47109
1.6894
0.6258
0.30761
-2.12868
-0.77229
-1.81162
1.57628
-6.75467
-1.05296
0.35678
0.97177
-1.16101
0.11193
0.79149
0.27103
-1.8071
1.30919
2.51316
1.47259
2.27421
-0.09381
-0.8971
3.7506
-2.70104
-0.43175
0.36182
0.49218
3.31433
-0.88549
1.24833
-1.20603
-1.08898
-0.84013
2.5278
-2.01492
-0.12731
0.8392
1.1111
1.7857
0.8369
-1.2809
0.0862
-1.268
-2.6997
-1.4664
-3.5557
0.0622
-0.7945
-0.6856
0.311
-0.6104
-1.7453
5.9469
0.1712
1.2588
-1.4949
-2.3692
14.77185
-0.85271
-10.22848
-5.09022
1.02768
2.82901
-2.0001
-0.23426
-0.558
0.10561
0.07508
1.25729
-2.53601
-0.9116
2.1686
4.30913
-0.44647
-0.96976
-0.51739
-1.52796
-0.17158
-1.38702
3.16142
-0.9786
-0.77086
0.37428
0.91947
0.57221
0.55404
0.34272
0.8217
1.86673
0.10159
-2.2068
-2.72735
-0.20457
-0.04679
1.82783
-1.54861
0.3105
1.0664
0.51275
0.8817
2.42277
-1.50119
10.9731
-2.54097
-3.5673
-3.9533
-6.82768
3.9268
0.88097
0.43062
-9.24251
-0.34557
0.77489
-2.4947
-1.50333
-0.68706
-0.18762
1.38808
-0.5954
1.5167
1.97928
-0.54827
0.83768
-2.49104
-0.1738
-1.19764
-0.15484
-2.1449
2.62814
3.63448
2.44389
0.42275
0.1202
-0.29957
0.88825
-1.59042
-1.65054
1.96683
1.65621
1.26437
1.33258
2.3206
0.2642
0.22394
-4.98777
3.97184
-1.6898
-0.0249
-9.14371
0.8277
-0.08987
1.1278
1.84188
0.76163
0.959
0.82268
0.15346
-3.17992
-1.26399
4.45793
-1.01289
-1.57986
NA
2.4445
-3.73008
-0.10788
-1.52455
1.92155
-0.31194
1.58883
-1.56772
0.32347
-4.02957
1.18446
-0.94708
-1.50887
1.70241
0.92633
0.26803
-1.39249
1.03457
-2.17442
0.14638
-1.30644
4.3356
1.78954
1.17971
0.5874
2.45223
1.33261
0.8265
-2.72787
-0.06675
-1.66452
0.83486
0.24848
24.88787
-2.79416
-1.4742
-0.2758
3.20222
-1.17869
0.78143
1.93862
-0.25838
3.78752
-0.92935
-1.49554
-1.40604
3.3597
-0.03652
0.66231
-0.36987
-1.15283
1.10012
-5.3628
2.16239
-0.2627
-1.01503
1.20026
4.99434
2.37276
0.10087
0.0524
-0.08356
-0.98503
0.84607
-2.15654
0.6762
-0.72712
1.76142
-2.3447
0.74037
0.12477
-0.47271
0.48189
1.62761
5.25664
-1.30489
0.04319
-3.83004
-2.04228
-1.20733
-4.5742
2.48164
-0.443
-3.8521
-3.30719
1.6541
2.48693
-5.7697
-4.464
-0.03566
-0.09883
0.98139
8.5248
-0.37177
0.3968
-1.66661
-0.62443
1.2994
-1.6658
-0.76814
0.69051
1.46509
-0.97325
-2.74952
1.99564
2.1511
-0.5407
0.23793
-0.3338
-0.85301
1.62867
1.07679
-1.27957
0.13059
2.06431
-0.70288
1.6605
2.05439
0.66273
2.01744
1.45698
-1.14623
-5.2615
-2.40663
-0.91571
4.0171
-0.1383
-6.18124
1.11988
0.02563
-3.21501
-1.24654
-0.11247
-0.55453
-3.58698
3.53305
0.54093
-1.6364
-0.5251
-2.49414
-1.43081
0.7425
-1.24671
1.52655
-1.41443
2.04331
-0.6537
-2.05279
-2.00808
1.115
-0.43429
-0.2609
0.32888
-0.64631
0.73794
-1.4937
-2.88786
1.56454
-7.63663
1.47197
2.6464
-1.1894
1.48517
-1.26356
-1.91134
1.7015
1.51281
2.70662
-1.07139
2.03477
1.81878
0.83806
-2.4854
2.80625
0.67017
6.50761
-1.67453
0.14236
0.13962
-1.28351
-0.06604
3.62084
-3.39337
1.63882
-1.4954
-0.54678
-0.117805
-0.261965
0.061134
-0.749952
1.216494
2.104094
-1.791525
1.730949
-0.448033
-2.227972
-2.095252
3.440052
1.010805
6.286368
-2.463771
0.505753
-1.317848
-0.915998
-0.03129
2.424766
0.067133
3.609521
2.174306
1.248621
4.326022
-1.381869
5.149282
-1.084601
1.922607
-0.194004
-1.459001
-2.228221
-1.253085
1.442595
-2.4483
2.603905
-1.98843
2.90372
0.0594
-1.05464
3.71571
-0.81905
-0.21454
6.81931
-1.32193
1.79091
0.27907
-3.67597
1.32579
6.73755
7.61626
-4.46659
-4.77174
5.56888
-0.12545
4.72528
5.19778
-3.18685
-0.36337
5.94037
-0.08965
2.00143
2.29505
1.4634
-2.3837
1.76345
0.56528
-0.52879
-0.6694
-5.7013
5.67764
-2.33497
-6.42239
6.2913
-6.21035
5.98788
-0.8971
0.753
1.0661
-1.24576
0.37643
-0.1646
2.67135
2.44717
1.404
0.17155
-1.25309
1.2021
0.9773
-5.24312
-1.01835
-0.78212
0.09814
1.25878
1.05651
-1.060019
-1.8486
0.040631
5.103257
1.204168
-5.102104
1.200547
0.3465
3.269377
0.9528
-0.550878
0.485077
-3.3027
0.095706
-1.537288
0.247709
-0.3245
-1.921558
0.467765
-0.025247
-1.046634
0.573419
1.598324
-0.497341
-0.943349
-0.641653
-2.886241
1.921804
-1.443728
-0.563278
1.225824
6.42068
-0.246674
1.06144
-1.68237
-1.58677
-0.64712
-1.44964
-0.63325
0.6812
2.0756
0.06102
-2.01713
0.89107
-0.89401
-2.7635
-1.38138
0.0329
0.49836
0.87459
1.97068
0.08144
0.63422
-3.67348
-0.84218
-1.3545
2.31177
6.9007
-0.1378
-0.80074
0.24353
2.79769
-0.23975
-5.54759
-2.79883
-0.74295
1.02647
0.05054
1.805
-1.5903
-0.6076
-0.30776
0.02696
-1.75308
2.03662
-0.3652
6.39592
2.39236
1.22603
-1.81842
3.55045
-1.70267
2.10121
-0.5991
-1.36637
1.64463
-0.6455
-1.76882
0.50448
-3.08713
-1.06735
0.50777
-0.93846
0.38629
-0.09168
2.2957
-0.5907
-0.20436
-4.74675
19.62316
-0.7294
19.64865
-17.2103
12.96057
-8.77828
-1.96239
2.82103
-0.00316
-0.88596
1.54471
0.64098
1.53845
-0.3631
0.1288
-1.2718
-1.14044
-0.01305
1.49137
-1.1811
1.23387
-0.91007
-2.7015
-1.0908
1.55567
0.53394
-0.3018
-0.5089
-1.6206
0.25064
0.72107
-0.87445
2.00569
0.98977
0.29981
0.12373
-1.37747
-5.53684
3.83393
1.74897
0.84644
0.04045
0.07614
0.49753
-1.58294
1.44525
-1.16571
-0.41865
-0.32365
0.49399
-1.0608
NA
NA
1.66603
0.00617
-1.73822
NA
1.09458
NA
2.06471
10.76038
NA
1.58567
-2.75441
-0.71179
1.41524
-0.5223
0.62524
1.00643
1.78093
NA
0.56875
1.6515
-3.01
-0.30235
2.93012
1.67282
-2.65988
-1.23819
0.34553
-2.06853
NA
-2.35507
NA
-0.7964
NA
-1.60293
NA
-3.65937
1.60511
1.77647
1.13
3.81237
2.98481
-1.32943
1.65098
-0.28872
-0.04363
-0.22809
1.2712
0.43484
0.32997
-1.75533
0.27882
0.90354
-0.77774
-0.07087
-0.45693
-2.33768
0.7252
1.42044
0.39961
1.46758
0.44337
0.93802
2.34611
1.45058
-0.37162
-1.3264
-0.29936
1.54972
-0.27952
1.04425
0.32733
0.96035
1.43925
1.6146
0.94517
1.09393
0.64334
0.24991
0.61173
0.08286
-0.19826
3.80365
-1.42284
-0.54552
-0.40005
-1.12755
0.7922
0.58671
0.17841
0.52465
3.80868
-1.25359
-1.03494
-2.34491
2.27794
11.28144
-1.68979
0.03442
0.15308
2.17993
1.66647
-2.93029
-1.14666
-0.1552
-0.05902
1.50594
0.9892
1.71991
-0.96876
2.85577
0.43565
3.5191
1.32514
-1.1512
-0.22188
-4.28581
-0.93728
1.0377
-0.18873
0.88577
-1.09139
1.12021
1.3015
-1.48701
2.20358
1.67396
16.12104
15.41692
4.64797
0.7188
-2.70267
0.69059
1.98148
10.27836
2.03724
-2.46977
0.0752
0.73909
-1.15577
2.36755
-0.33892
0.51067
0.81969
0.62309
0.59448
0.18008
3.54051
-0.18583
-0.42349
0.137
0.88637
2.0645
-0.4126
1.65034
-2.74903
-2.6614
-2.2663
2.55773
0.9654
-1.2111
1.2819
-1.08524
1.30203
1.6936
1.39819
-0.11824
1.15359
-0.6598
-0.24664
1.56344
0.3707
2.91166
1.80918
2.60735
-1.56226
0.71679
2.28783
0.73297
-0.30312
-2.36352
-3.25701
4.11632
-0.38579
-2.67827
1.45468
-1.31144
5.63767
-0.97002
1.05001
2.49378
-0.1786
0.91829
-0.51691
0.85071
-1.65801
3.16155
-0.41121
1.66461
-1.65431
0.06868
0.73415
0.34874
0.1727
-2.39375
1.25388
-1.06057
-0.79692
1.98191
0.02521
-2.2722
0.24022
0.8463
-1.33189
-2.06837
1.6089
0.1976
-1.4389
1.91481
0.5227
2.88262
-0.52789
2.09561
0.97341
-2.11515
0.68548
1.75587
-0.41183
-4.57347
-1.65149
0.6369
-0.5601
-0.02332
-3.85863
-0.87507
4.50838
0.52569
-1.05776
-3.95409
-3.84652
-0.9901
-0.23331
-0.56791
-2.25092
2.99344
2.22263
-0.19874
0.50338
0.26727
1.1213
-0.58066
-0.07836
0.32902
-1.1958
-0.0779
-0.37626
3.67867
0.46758
6.1716
-5.41031
-0.64768
-0.28702
-2.23045
-0.98524
2.08451
3.06115
-0.6816
2.10184
-0.32207
-1.6238
0.22884
-0.98721
-0.71118
-0.19885
0.75326
-3.4258
1.00603
0.816
-0.1175
-1.09242
-2.60462
0.41662
9.30693
3.61421
0.97182
-0.6532
-1.6059
6.61741
-0.11341
0.49851
1.04126
1.61109
0.04287
-3.92599
-2.84622
3.26394
1.58392
0.22921
-1.34878
0.29514
1.09461
-1.86555
-0.51731
-2.79668
1.44997
-0.10433
-3.23167
-1.05018
0.46023
1.07767
1.34732
-0.1108
8.46389
0.437
0.545296
-4.0653
3.98465
1.39476
1.27957
-1.284604
-0.607843
0.6329
-0.05545
-2.9318
-0.5718
-0.67019
-0.1889
1.88034
2.05115
1.37282
-3.10008
1.09028
1.0106
-0.27969
-1.35861
0.8334
0.29647
-0.25693
1.3355
-1.50404
1.25767
0.0504
-4.99447
-5.12347
1.12649
-7.14332
1.64377
0.07242
0.17145
-2.14071
0.01305
0.12597
1.62962
0.02218
-1.77597
0.0767
-0.6734
1.1368
2.9024
-0.7646
-1.8799
-0.4372
-1.9811
-1.5186
-0.0466
1.9259
-0.1014
0.2863
-1.3659
2.2588
-6.36597
-0.34898
-4.72739
1.80359
2.9743
-3.53205
0.04802
1.41614
-1.63562
0.411393
0.37887
-0.577201
-0.132696
0.655808
-0.640909
1.161757
1.627714
0.367099
-2.23409
0.47088
-3.51531
4.478
-1.9595
0.65758
-0.98109
-2.34235
-1.55818
-0.95167
1.35693
-2.72998
-1.41551
2.89724
-0.5434
-2.48111
0.93714
0.67502
0.5433
-1.55885
-0.2719
1.9922
-2.30544
-0.373746
-0.118276
-0.70627
2.231
2.9388
1.0074
1.821
1.2016
-0.3004
0.72553
0.13863
1.64745
-0.49981
-1.33128
-0.21285
-0.46802
-1.24871
-0.34852
1.14414
0.56045
0.99214
-2.95903
0.78286
-0.12721
-0.11036
-0.4366
-3.6306
-2.73057
1.382772
0.87915
0.02688
-0.0438
2.75864
-0.48453
1.14153
-1.22812
-0.65503
1.44425
-0.6381
5.56917
-3.36514
-3.56926
0.54412
-0.79333
0.49195
1.08854
5.84748
1.00115
2.09632
8.03837
3.12715
-0.69115
0.516377
1.742588
0.28488
0.1819
0.17114
1.5397
-1.7426
-2.24834
1.73149
-0.0758
0.3294
-0.4938
-0.3583
-0.11466
-0.84236
1.65527
0.26795
-1.1572
-1.261311
1.305
-0.19425
-0.42117
-2.49844
-1.37887
0.38613
0.54627
0.17911
1.0884
4.2017
-1.90418
1.20768
-1.01342
1.19823
2.66884
1.01175
-1.02352
3.30297
2.00727
0.67835
2.9427
-0.48709
0.18594
0.85114
1.3942
0.78378
1.28901
1.799872
-2.507815
-0.332724
2.268775
0.359023
0.046338
-1.355892
1.78066
4.33602
-2.2825
-4.29897
0.17021
3.70237
-1.97943
0.0706
1.36043
6.523
-0.2099
-0.2285
-2.211
-0.0723
-5.43136
-3.11412
1.011
-0.4089
1.38207
3.07419
0.90415
1.32641
1.09641
0.81924
-1.12992
-0.07229
1.2108
0.380615
4.25748
1.83854
-1.47517
-3.22558
0.39607
2.87956
2.3125
1.39969
1.73778
-1.2502
4.73689
-0.08343
-0.79958
0.01299
1.2056
0.9733
-1.74465
-1.61173
-1.74122
0.88853
0.11476
-1.05822
2.19581
1.48337
-2.43644
-1.3195
1.52031
-0.70745
1.42803
-0.02938
-0.19547
3.31776
1.6866
0.18422
0.712832
-2.19348
-1.56149
NA
-1.06897
NA
-0.86795
NA
6.30117
NA
1.38596
1.37693
NA
2.68717
0.52727
-3.9334
NA
3.87117
-2.57893
7.71789
-0.61361
0.4228
1.5671
1.9336
-6.92314
0.02593
-0.74697
-0.10314
0.20126
3.11077
2.76401
-1.798274
-4.0154
3.43691
-0.82244
-0.02168
1.9231
0.0684
0.2406
-0.31455
0.034
0.8874
1.3559
1.0831
3.638794
-0.12156
2.38284
0.39279
0.0486
0.16362
1.09151
-0.71762
0.7255
1.00684
-0.4395
-2.229
0.20918
7.59484
-0.72792
-0.88666
0.16787
1.55121
1.19079
2.68159
5.62441
2.42787
0.2005
2.58056
1.07769
0.53267
0.885
0.2302
2.32269
1.79696
0.70762
0.7135
-2.30842
3.39079
-1.43858
-0.61636
-0.17583
1.60675
0.78889
-1.18232
-0.59673
-0.71813
1.1848
1.7985
-0.00591
-2.20036
2.99712
-0.76438
-0.15749
8.6181
1.8452
-1.3418
2.0996
-0.41
-2.0483
-2.30697
-3.8521
0.21091
8.66917
-1.2645
0.17363
-1.36031
-0.06567
-0.7934
-0.722
1.3608
4.15308
0.97609
1.30612
-0.25195
-3.1614
3.973
-0.1208
-0.1809
3.00294
-0.9418
1.50856
0.7351
-1.02278
-2.29391
2.85869
0.9915
-1.11636
-1.5627
0.0541
0.22413
-0.12637
1.77408
-1.411
2.02925
4.9038
0.45208
-0.92099
-1.13342
3.130001
1.349798
3.63067
-0.27442
-0.6724
-0.35178
-6.06067
0.88392
15.45283
-1.23969
-0.36881
0.83328
-6.40899
0.12677
0.6607
-1.090656
1.52306
2.2218
1.36031
-1.00377
-0.51095
1.09514
-0.74178
-0.53864
-3.882059
-0.265949
-0.0746
0.626
3.64
6.26
-4.1
0.738
0.582
3.07
0.591
3.08
-0.751
-1.63486
-0.05758
-1.83406
2.09286
-1.71662
-0.46116
-1.05038
-0.96747
0.28942
2.02309
-1.86912
-1.84936
0.23569
-2.65455
-0.01819
0.22807
-0.40873
1.3321
1.475
0.9419
0.479929
0.67263
2.33911
-0.34571
-7.46363
4.79301
-3.84215
-1.292
-3.37215
1.9722
1.11788
1.57029
-0.8617
-0.91894
-1.75396
-3.37883
-0.4748
2.911437
5.29506
-4.08739
6.81905
1.13506
-1.0574
2.33259
-1.2836
2.934
1.1768
0.4927
-1.00897
-1.30735
-0.77491
-2.81312
0.34879
1.2341
1.6505
0.24664
1.206
-3.85565
-0.51549
0.13083
-0.92472
1.19876
-0.9377
1.76063
-0.50509
-0.5614
0.0323
4.0218
1.09448
-5.93344
0.95145
-1.43497
2.24149
0.57028
1.92439
-0.8311
0.7123
-0.37178
1.03684
1.5587
-0.3529
0.73743
2.51789
2.4228
-1.34797
-0.98852
-3.73112
-0.46442
3.51891
1.2661
4.10753
1.81897
0.12117
0.30155
-1.82545
2.02281
-1.75
-1.43
0.062277
-0.761798
-0.20173
-0.50232
-2.1322
2.13786
-2.16525
-4.79888
2.23905
-0.80943
1.4748
-3.0266
-1.27598
-3.33171
-1.73987
3.22765
0.87089
-8.7433
-3.6133
0.36237
1.6582
-1.33453
2.22071
-0.702
-6.03067
-6.4021
-1.732887
0.55713
1.61204
0.10299
-3.53211
2.63001
1.04857
-1.5488
-0.26026
5.25178
-3.75
1.76749
-1.38936
0.62573
0.98884
0.5677
-1.61572
-3.21897
0.81464
-0.3724
-2.5479
1.23503
2.18098
-0.43268
0.24901
-3.74033
0.67668
-0.34444
5.58975
-1.79318
4.60036
-0.9616
-0.051
-1.42467
-2.1063
2.07489
-5.96846
-2.87917
-0.87645
-1.85262
0.6961
0.36409
8.00045
-1.38517
0.3691
-2.89957
0.35276
-1.38173
-3.79059
-7.86416
-0.55259
-0.78252
-1.3752
-1.7363
-1.52218
-0.59449
0.3625
-0.98211
1.44647
1.79634
2.58437
-1.6519
-1.36881
1.90389
2.88849
0.57213
1.15709
-0.66154
2.7666
0.11382
-3.03724
0.36355
1.44783
-2.44922
-1.12878
1.83202
-3.76265
-0.5912
3.67146
-1.376893
-0.34612
1.4199
0.13822
0.29316
-0.44608
-0.97379
-0.65644
-2.1128
-0.37037
0.3414
-1.56892
-0.3862
-0.59865
1.24314
-1.28209
-1.31689
5.36992
1.52488
1.44618
1.19471
0.67106
-0.9766
-1.02023
-1.3216
1.8697
1.8201
1.3316
1.42433
1.47365
-1.4983
-1.27347
-0.80358
-2.5954
0.3539
-0.5583
-0.9349
0.40296
2.14009
-1.62869
0.51858
1.33307
0.94065
-1.22365
-0.97169
-1.05941
-2.07
0.514
0.275
-1.63
0.419
1.15605
-0.56749
-0.455767
0.214199
0.78979
-2.21899
0.74336
2.1797
-1.01883
-1.24863
1.7924
-1.80966
-1.5558
0.01349
1.76014
1.00064
2.07442
1.59848
4.39691
2.31724
-0.7
-2.4513
-0.3927
0.8054
-0.3954
-0.508
0.18025
1.55057
-1.0303
1.0743
-0.1336
-0.63513
0.58644
-0.1066
-0.39408
-1.86732
4.01986
0.13307
0.26335
1.99606
-0.73493
-1.37292
1.79989
-0.92565
0.88093
1.97492
-3.85527
-0.441
-0.1295
1.1147
-0.82526
5.72854
1.88334
0.92801
2.65677
-1.8425
0.57769
3.90195
-0.4264
0.71533
-2.4287
-2.088606
-0.8813
1.1886
1.35384
-1.70584
-1.62891
0.48503
2.16983
1.1883
-0.855
-2.52317
0.8156
-0.74056
2.325
-0.68687
-4.23314
4.43828
-0.0774
4.387044
1.389943
-2.892
1.2484
0.4073
2.57219
-1.3313
-1.01405
1.50321
-2.66807
0.25248
-2.40213
2.179
2.7646
-3.83311
0.36758
2.04752
-1.5705
-1.71215
0.53415
0.60963
0.96291
2.10777
-3.54933
-1.0925
-2.29314
-1.84445
0.83519
0.85721
4.43518
-0.353
-1.09973
-0.22278
0.75873
-0.24912
-0.96815
-0.13741
1.97139
-1.77818
1.9273
-2.24517
-2.05905
1.95801
0.14005
-4.31253
0.27523
0.90821
-0.00453
1.80909
-5.67476
0.91782
0.301304
-2.76178
2.45708
-0.81827
2.07118
-0.64526
0.97606
0.33238
-3.18206
0.67059
-1.02266
-0.06169
0.834
1.4987
0.53012
-0.74133
-0.24072
1.02109
-0.52972
-2.95027
-1.87775
-3.71757
0.72494
-1.30411
1.21553
0.90005
0.67966
0.61387
-0.66572
-2.48149
0.13429
-0.27275
3.70003
-0.24346
0.41569
0.8717
-2.1876
-1.83822
-0.3504
-0.97964
0.8883
-0.7076
-0.4769
1.1817
-4.0881
-2.3161
0.6309
-3.8957
3.02269
-2.44045
-0.6615
1.74941
-0.75006
0.52475
-0.06603
0.10211
2.23226
-5.98937
4.73016
-1.41876
-0.74696
-0.62953
-0.67502
0.48872
0.6832
0.13232
2.4563
-0.87576
-0.18719
-1.67701
0.37545
1.4177
-1.18834
-1.11862
0.50065
1.41299
-0.46026
-2.51593
0.27565
1.240053
-0.27465
3.38719
-0.93819
-0.88756
1.06729
2.64822
0.69179
-2.71895
-1.88212
8.57704
-0.07456
-0.42467
0.1286
-1.52639
-1.83419
0.52914
-0.30206
-0.1463
0.51148
2.6305
3.91225
-0.66076
-1.67911
0.8926
-3.4769
1.14763
3.09335
-2.41234
-2.04094
-2.77486
-0.00366
0.01475
-2.09031
-0.17454
-3.23856
5.05693
0.1757
-1.12217
0.86571
-3.0296
-0.63735
0.91734
2.33662
-0.32662
1.19711
0.5383
2.12759
-0.08306
0.35867
NA
NA
NA
NA
-1.540093
0.330442
0.725735
-0.720956
-3.1761
-0.98001
-2.18158
-1.48917
-1.88101
0.2519
-5.42933
0.71939
0.33566
4.8008
-0.535785
0.44159
1.62927
2.17681
3.13688
0.20817
0.40273
1.15364
1.63251
4.1543
-3.74405
-1.25851
3.97024
-2.67819
4.5168
-3.68623
4.69549
1.87375
0.19948
1.8896
3.17494
1.26728
0.68558
1.92835
2.27021
3.06089
-2.21595
-1.0513
-0.78769
-1.05986
-2.25596
-1.08328
0.84267
0.92649
1.60308
-3.36302
-3.85374
-3.66928
3.95358
1.507214
-3.165059
-3.843477
-1.881488
-0.379791
0.674928
-3.135721
0.993794
-2.66237
0.703624
0.36734
1.29465
-1.52071
0.607372
-0.117649
-0.74483
-2.1224
0.328442
-1.465453
-3.05988
-1.08877
0.77717
0.50103
1.3618
-2.43479
0.0074
-0.7901
3.49619
-3.61499
0.34601
-1.38432
0.28406
3.28977
-6.03341
-0.12806
1.6813
-1.20265
-0.4682
0.007889
0.3069
2.594133
-0.310237
-1.719206
-0.842794
1.275858
-0.282603
-0.71556
-2.990728
-1.233059
-1.691519
0.4605
1.302571
1.458864
1.367649
-0.604406
-1.785773
1.534504
-0.651634
2.580982
2.3941
-5.617685
-7.144295
-0.978749
-0.472706
1.154735
-0.582456
-2.09479
0.22835
-2.48
-1.53
-1.28046
0.1022
-1.76035
3.76884
-0.97233
0.76173
-3.2849
-0.71125
-2.82494
5.97269
2.95154
2.53273
-1.1579
0.73745
-2.75407
2.94494
-1.07473
-2.71756
2.09745
0.4069
1.88512
1.31858
-1.30216
0.50487
-0.70215
-1.29162
0.86164
-2.79962
0.43831
0.2716
-0.2811
-1.5609
6.4892
-0.20273
0.44864
0.33764
-1.6224
0.44555
4.48363
-7.02478
-1.16378
2.2397
-1.21951
-5.6126
0.9725
2.56713
-1.00185
-2.501
-1.5987
0.005
-3.5091
1.1147
0.3231
-1.4248
0.714
-0.142
1.4191
0.849
0.887
2.2081
2.7589
-1.6773
2.4276
0.2005
2.193
-0.3101
-0.59028
0.5289
0.3323
-0.80714
3.35714
-1.98518
1.0587
-0.3636
0.12841
0.53307
0.9447
1.1109
-0.58067
0.94709
-0.24002
-1.69847
1.6795
-1.18245
-4.4512
7.0132
-1.0866
0.0344
-5.09451
-1.1423
-5.20242
-0.57642
-0.76989
0.00248
2.5342
-2.41406
-2.17569
-2.13347
-0.8669
-1.48091
14.8419
-1.84761
3.46329
1.30444
0.50778
-1.0334
0.03544
-2.97875
1.28002
-1.56586
-0.86631
1.75378
2.33053
-0.48375
-1.87884
0.70135
-0.35723
-1.19105
-0.20576
-3.22118
0.69711
-1.7062
-0.69953
0.52183
1.87668
0.38975
-1.5175
0.77583
-3.94389
2.07033
3.7316
-1.499
2.16761
-0.45697
0.93949
1.88368
-1.2671
1.23175
1.66168
-1.34505
-2.11611
0.57372
0.23307
7.62891
1.173
-0.816
-0.1313
1.1813
0.7756
1.3296
1.0128
1.6422
-0.83136
2.04569
-1.70732
-0.12876
-0.40504
1.17605
1.71709
-0.46843
-2.21289
1.36854
0.05135
0.30353
-2.82105
-3.02258
2.505
-0.87846
6.23593
-1.31847
1.568
-2.4306
0.9677
-2.5815
-3.05537
7.62535
-2.04101
0.7551
-1.88713
-1.50734
2.69445
1.0706
2.357
2.4781
-0.13709
-1.17629
-4.78196
5.60575
3.93946
2.2751
0.9789
-0.057
0.9308
-0.5673
2.68191
-3.76784
1.8894
1.1239
-0.17762
-1.30332
0.51136
7.97663
-7.13787
14.12324
-0.25604
0.75098
-2.06475
0.84571
0.01403
-2.18053
1.7258
NA
2.6439
0.5601
2.0638
0.30006
-1.44297
3.1596
-0.04856
0.46673
-0.02931
-1.1596
-0.19666
-0.72792
1.26681
-0.63416
-0.2604
1.40258
-0.5175
-3.16988
-0.71466
0.53282
-0.63691
1.18821
0.80055
-2.13132
0.78293
-0.2443
1.92617
-0.441
-0.65804
1.44895
3.99184
-5.22028
6.33291
1.60884
-1.43221
-1.13589
1.30524
-0.61949
-4.84829
-0.37205
-9.3534
-1.40403
-3.23919
3.52685
2.06566
-9.52349
1.1019
-5.01522
0.07612
8.20144
-1.71975
3.2556
-1.96435
3.60241
-1.05252
2.24213
0.91871
1.48917
1.82354
2.10124
0.32739
2.88594
1.51443
-1.24706
0.99978
-0.1917
-0.32075
1.86792
1.66778
0.50472
0.3599
0.8072
0.35415
-4.22816
0.24801
-1.03098
2.42987
-1.12543
-0.01812
0.02565
-0.77617
-2.15476
-0.4276
-3.4458
0.06189
2.4054
1.54011
1.64397
0.35516
-2.15875
1.02008
1.62198
-1.7491
1.31987
0.32066
0.36595
0.12562
2.22221
-0.29815
-2.22128
1.1318
-2.32058
-0.6018
1.33484
-1.31986
0.41989
1.64006
1.99064
-1.98738
-3.22264
-1.83423
-3.24138
-3.00199
0.47007
-1.1145
-0.19508
-1.00891
1.08057
1.5331
4.44168
-1.79739
0.0776
1.36309
2.31994
0.9314
2.31667
-0.32595
-0.26447
-1.6811
-2.08342
-2.54667
1.0533
-2.8562
-0.21471
1.62748
-0.27003
-0.43163
1.28121
0.37731
-2.81772
-1.8164
1.68142
0.801
1.54427
1.6561
1.5234
-4.89663
-0.33043
-0.57133
-0.89425
0.905309
0.73117
4.943031
-1.998965
-1.262458
-0.343798
0.478646
5.520997
-0.045594
-0.437498
-7.235488
-0.529962
-2.8175
-0.956239
-1.811515
0.820083
-1.03476
-2.75017
-1.38247
-1.0814
2.78923
1.72554
-3.86801
0.11901
0.6001
4.49291
-4.91086
0.1428
-1.2175
0.56639
1.3061
2.26525
2.34102
-1.62173
0.39589
1.21138
2.9365
0.32924
-0.06676
-1.60331
2.75105
-0.98341
-0.00321
-0.7815
-1.79774
1.9903
NA
2.3975
-0.00409
-1.5787
1.36168
-1.57021
-0.3388
1.33499
-0.73309
2.29604
1.18704
-0.3559
NA
NA
-1.6136
-1.6729
0.62345
9.3818
2.43614
0.50686
-1.90695
-2.48965
2.5537
2.80717
0.68064
-2.46481
0.69825
0.04766
0.43793
-2.50437
-1.12344
2.4102
-0.36736
0.67332
0.0143
0.61316
2.4199
0.42331
3.66057
-1.90246
-1.19291
0.64087
0.96411
2.38819
2.12391
1.98765
-2.99397
4.1885
0.35246
-0.13835
-2.07357
-0.63465
-0.07299
-0.59577
-0.57935
-2.05004
-1.81689
1.41574
-1.67659
-0.21496
-0.2526
2.25561
1.12098
2.3966
0.71582
2.79693
3.48909
-0.18611
-0.06779
-1.4603
-1.11414
-1.0546
0.86842
0.80588
-0.07991
0.045
-0.10506
-0.16304
0.24363
0.30167
-1.17051
0.3538
1.8453
4.30513
2.392
-0.08058
-2.51235
1.13988
2.7848
0.45861
1.11874
-1.32891
2.98725
-0.14419
-0.10831
-2.130271
-0.909027
-3.241581
-0.154003
2.656668
3.89867
-2.450815
-0.157563
-0.750362
0.057381
-0.025051
-0.915182
5.02816
0.430899
-2.009679
0.5232
0.102656
1.004243
-1.153942
-1.307731
-1.4621
-3.815653
-1.10864
-2.57446
0.0689
1.85605
0.36513
-0.40515
-3.29751
10.65217
-1.34516
-0.72725
-1.2122
-0.4902
-0.27788
-0.4509
1.93833
-1.9986
-2.73446
-3.96487
-2.03967
-0.47644
3.26567
-5.0238
1.46344
2.27706
-0.96599
-2.76654
0.6607
2.05332
6.91649
-1.8602
1.31236
3.03203
-1.0139
-1.89605
-1.69336
-4.71644
-2.52903
-0.96258
-1.04172
7.62443
-0.47513
-1.44526
1.05942
1.06667
0.92266
0.1247
2.30156
0.97683
-1.05207
-3.76494
-4.25833
-2.28334
3.16165
-0.4742
-0.160254
-7.37035
0.39599
2.805631
-2.4995
1.6709
3.33824
0.034437
-0.1197
0.28621
-0.37042
0.3056
0.7624
0.93876
1.254656
-1.39488
-3.26105
-0.7931
-7.791841
1.58357
-1.31222
-1.15794
1.999229
1.7879
3.730269
-0.69324
0.39664
-0.7635
-0.62645
-1.06682
0.15677
-0.97744
-0.8539
1.3578
-0.900038
-0.36894
0.4885
1.331642
4.62086
-0.04948
-1.998336
0.413131
0.515423
-0.807018
1.258439
1.329185
4.581
1.15425
0.28333
-0.00987
-0.148613
1.588967
0.468417
-0.91466
0.72127
-1.115
-0.393365
-0.919191
0.8459
0.83054
-0.47041
1.47717
0.01474
-1.281694
-0.28065
1.6433
0.42451
1.48099
0.63748
0.82445
-0.68464
-3.05572
-0.2103
-1.708
1.504
0.8468
0.35191
0.73713
0.86013
-1.66398
0.79476
0.06397
-1.13653
0.33809
-2.2261
-0.13358
0.2727
-2.25716
1.14365
-2.708618
1.126379
2.65265
-0.11774
1.0301
-1.05614
2.52293
-4.67989
-3.6179
-0.9841
0.0627
-5.47259
2.15926
-0.2127
-0.08678
8.79502
-1.86855
-1.878243
-1.604371
-1.42719
-0.6826
1.30847
0.17028
-1.59659
-0.19829
-0.34115
3.00388
0.67887
NA
-2.402168
0.43467
-2.14541
1.29599
-0.01688
-1.15275
0.679801
0.51558
1.22507
0.339109
1.634933
-0.9268
1.18246
-0.36737
-1.59377
0.4726
3.9952
-1.2983
1.55217
1.11529
-1.2326
-3.3431
1.49419
-2.51702
-5.33809
-0.0035
0.3546
-0.63707
0.7364
0.8186
1.37589
1.89492
0.00617
2.44352
-1.21821
3.63189
-1.23572
1.75781
0.7178
0.24986
1.12755
-0.5986
5.00974
-0.75032
2.898
1.4557
4.3029
1.4702
-2.1832
-0.97049
-2.87234
-4.75478
-0.2342
0.07182
0.11891
-2.1265
0.94192
0.04069
-1.7303
0.67321
0.62956
-1.44451
1.95521
2.0294
0.89342
-1.93157
1.5109
4.01678
-2.529195
-4.13347
-2.03771
-0.68432
0.3682
-2.34924
0.3908
-4.9352
-2.51238
1.96122
3.1701
3.43822
-0.59
0.96464
0.1329
0.05575
-0.52896
-0.94254
0.28666
-0.47442
-0.1002
2.6003
2.29284
-0.3916
4.29228
2.09758
-1.78038
-0.67985
-1.5441
-0.70146
1.943983
-0.332082
-1.2848
1.1691
1.19772
-1.50338
-4.47256
-2.8345
0.76236
0.01459
-1.88003
4.982892
-1.09044
1.6051
-1.00662
10.71898
-1.96192
0.27141
0.97025
1.1273
1.19817
-0.80245
1.31259
0.33239
0.77244
1.4581
-1.0026
0.142196
2.0947
-0.09834
-0.6422
3.8896
-3.609602
-0.844835
1.18395
-2.3501
-2.42543
-0.21576
0.110274
1.387837
-0.30825
-1.0386
0.0026
0.2656
0.274837
-0.0333
-1.2026
0.7901
1.786086
2.478598
1.9132
3.6605
-1.99521
-1.74269
-0.47817
-1.6446
-0.281366
-2.1555
-1.7371
-0.487969
-1.15608
-0.90984
0.66889
0.66324
0.40134
2.24903
0.55326
8.88821
1.11798
-6.26359
2.52313
-0.60545
-1.01864
0.7448
0.33629
-2.58051
2.87929
-2.49044
0.70093
1.47525
3.88596
-4.69008
-1.30858
-0.23663
-1.77631
-1.55562
0.50592
3.2108
6.55931
4.57687
3.41155
-0.54519
1.3308
-0.774864
1.1987
3.90986
1.1667
1.0176
0.76133
0.7447
1.61802
1.9518
0.29789
0.2509
-2.8169
0.41516
-1.51104
-2.24354
-0.77154
-0.1995
-1.01203
1.14717
-0.32048
-0.49842
-0.62981
1.37994
-0.18789
2.42676
1.69565
0.16543
0.4368
2.93251
-3.80737
3.66976
-1.04472
-2.39174
-1.50385
1.03969
0.71317
2.30151
1.10915
2.627
-0.57
-0.37629
-0.53205
-0.84342
0.03404
-3.88619
1.14978
2.54638
3.26202
1.28021
-0.5508
0.85546
1.266
2.3086
1.32146
0.01174
-2.29968
-1.3791
0.60359
2.34166
4.18361
0.63973
1.82731
2.05917
-0.114
-5.61
6.01966
0.96901
-0.2253
-2.85402
-0.4583
0.0582
-0.42076
-0.7467
2.96738
-1.152
3.2285
2.7701
-0.10195
-2.0463
-2.1328
-0.198
-0.83713
6.82245
1.14458
0.72956
-0.44522
-2.3144
-0.16243
-0.05353
-1.41367
2.08316
1.6852
1.26331
-3.72225
0.08064
5.39771
0.960234
0.90264
-1.30094
3.42691
-0.21133
-1.4281
1.88475
3.72441
-0.33517
-1.71429
-1.5625
1.1901
0.6001
1.44433
-2.4139
0.7769
1.137
1.1285
-1.0996
0.6974
-0.0685
-1.9736
-0.7953
-0.2818
-0.7117
3.371
3.423
-5.9843
2.13811
6.6316
-1.8415
0.1336
-0.9276
-2.48798
4.52432
-1.034
0.9552
1.06044
3.1548
-6.59098
0.1587
1.46075
-0.43404
0.4638
0.64317
-1.41685
-0.7312
0.56997
0.93891
-0.43371
-2.77837
-0.23744
2.50163
0.38277
3.06531
-1.98529
-0.72142
0.4632
1.3336
-3.73119
-0.53477
15.38171
1.18597
-3.2136
2.90612
-0.49592
-1.72589
2.9644
-0.3789
4.12911
-1.08041
-2.4103
-1.2683
0.45627
-1.45158
0.89241
1.34792
-1.3719
0.75885
-2.15223
1.6659
0.497
-11.4
14.9
-1.15374
-0.0032
1.25778
0.166
-2.65128
-2.10078
-1.90724
0.57
-7.39816
-0.2351
0.54731
-0.88885
-1.9938
-0.26044
1.53434
0.86043
-2.42781
-3.3302
2.58393
-2.57188
-1.84922
-2.00275
-0.23417
-1.48745
1.72634
0.1578
2.60947
NA
NA
-10.83648
2.32583
7.68979
-1.63359
-0.71841
0.41817
1.7661
-1.39913
-0.54923
-0.75626
1.04322
-0.42081
1.8899
-0.8778
-1.8982
-3.36886
-0.8814
2.00772
-3.25127
2.83649
2.2591
-0.5011
3.81905
-1.41034
-1.57842
-1.44377
-0.14906
-1.39733
0.33556
-0.3114
-1.2293
-0.86033
0.33856
0.62861
1.92086
1.1443
-1.0141
0.64593
-0.0968
1.20056
-4.20465
0.97222
0.65998
0.29069
-1.00085
-6.22725
-1.83179
0.61876
-1.06424
0.2577
-1.14231
2.6335
-1.32694
-0.12913
-0.12715
-6.50378
0.75345
2.31394
-1.39183
-2.32857
1.36551
0.70994
1.80166
-2.37773
-0.72535
0.9692
0.02874
-0.3008
0.0554
0.60555
-0.8705
-1.0257
2.56116
2.26713
-0.73839
-1.39055
-0.53
1.60305
-3.51831
5.4573
-5.24671
-2.44836
1.42588
1.02362
-1.36142
1.67277
-2.07073
-1.02999
4.81791
3.13944
-0.04405
1.09159
0.36054
0.60648
1.6622
1.34821
3.576
-2.33917
-0.41992
0.38607
1.9076
-2.8029
11.1061
0.089328
0.424557
1.82497
-2.3008
3.21789
-0.61814
1.08207
-1.99242
-0.03636
-2.89704
-0.62278
1.6575
-7.657297
6.22349
0.566918
-1.757495
0.102931
1.455234
-0.748357
-1.21578
-1.86556
-1.14558
0.11598
0.3768
4.0808
0.53484
0.67483
-0.54526
1.78183
0.11294
0.043814
1.35995
2.33485
-1.37978
-0.76207
-1.587712
-2.02365
-0.59573
-1.45274
-1.5079
2.85455
-3.48906
-1.3789
0.01881
0.13448
0.61732
2.8308
1.02456
0.22797
0.26761
-0.2813
0.83449
-0.89566
0.3351
0.2651
-1.99255
-2.2671
-0.10496
2.53784
-2.306801
1.23236
-0.68394
-0.89163
1.9052
2.641598
-0.11446
0.75979
2.7904
-0.556794
-0.12813
0.75027
-0.642088
0.351834
-1.38318
-2.40608
0.2428
-0.44134
1.222988
1.009293
-0.771669
-2.148938
2.37004
0.18556
-0.68527
-2.69365
2.8512
1.25092
2.93061
-2.7954
0.90018
2.55368
1.09007
-0.55918
0.70102
6.01401
-2.63056
0.98607
-0.01332
1.4024
0.0849
0.71043
0.53491
-3.26361
3.75276
1.44771
1.22884
-1.20376
-1.4921
1.25393
0.63241
-2.01336
0.787943
0.106772
2.33852
5.8071
0.56147
3.64759
0.25485
-3.200002
2.228759
-0.586247
1.365054
-3.22392
-3.91275
-2.5736
-0.97531
-5.7832
-0.17858
-6.40389
-1.81207
1.76126
3.6831
-1.20356
1.1635
-1.81589
-3.655644
3.058262
-5.36108
1.922035
-0.181833
0.402918
0.647075
1.128514
0.841558
-0.532591
1.395363
1.203304
1.250509
2.75239
0.4327
1.90465
4.23972
-1.10687
-2.26743
-1.83801
0.945
-1.17178
2.01221
-2.19276
0.20236
6.73789
1.85647
-3.59236
-0.098741
-2.01636
1.8051
-0.08795
-0.883792
0.5089
4.96859
-0.819596
0.542879
1.11329
1.06023
2.88889
-1.99203
3.61093
1.3666
-0.95551
-0.0561
1.79381
-3.30385
0.84367
-0.8427
1.15087
-2.78663
4.73018
0.87933
-0.87336
-0.82445
0.43975
-0.91701
1.63541
-0.58617
0.59752
1.34603
-1.50565
0.41008
1.46797
-0.26502
0.63569
-0.27343
0.3746
1.70886
0.44302
1.44018
0.41605
-1.60457
-5.3985
0.41032
-0.25632
0.74283
1.08366
-1.76684
-0.87931
1.38799
0.47351
1.76679
1.04808
-0.85621
-0.02712
-0.6414
0.43995
-2.75571
0.96431
0.15113
-0.30934
-0.38959
-0.14567
-0.2487
3.57614
2.86149
5.42638
-1.41273
-0.73306
1.21732
-1.32284
-1.2385
-0.66916
1.03131
-0.39573
-0.04379
0.6647
2.59821
-0.46479
1.31175
-1.48569
0.85432
-1.11388
0.88175
1.65413
-3.33874
-0.30915
-1.30356
0.7316
3.16624
0.82984
-2.86626
0.84979
0.54321
0.4437
-0.4989
0.26181
-3.956959
-0.9808
-0.154024
0.2918
-0.08128
-0.5304
1.75591
1.9544
0.9369
-2.553089
1.3503
-0.3309
0.17
-0.8833
1.9857
-1.0045
-0.044045
2.6239
3.289489
1.447788
2.7647
-0.677773
1.107457
0.84569
-0.904545
-0.42517
-3.10488
-0.74519
1.95256
-1.7791
2.1171
3.40018
2.71855
0.566722
-0.808039
-3.2404
1.80952
2.991142
-8.0949
0.92113
-0.5335
-0.672854
0.668124
-2.704
-2.112762
1.435873
-0.498205
-0.99033
1.51521
-0.12377
10.20019
10.2577
-2.3202
-2.2772
0.0124
-1.0041
0.733684
-1.143
-1.734954
2.393351
-0.08264
-0.2413
2.096881
-1.478122
-4.13021
0.07063
-0.02409
-0.392
1.09976
1.967313
5.82162
-0.14023
-0.402007
1.70316
3.2123
1.05208
-2.399998
-0.17184
-3.275961
3.97722
-1.24577
-1.93247
-0.2637
0.53126
0.85858
-2.528562
NA
-0.08855
-0.502895
-3.39564
-0.23245
-0.02471
2.1007
0.633165
1.4501
0.01853
-0.70807
-0.31325
-0.55653
0.03339
1.713
-0.5013
2.8401
-3.29127
-2.98682
-4.78088
1.20511
-2.07525
-0.19881
0.44923
1.2751
1.0557
5.42845
3.67001
-3.19915
-0.5644
0.39994
4.12841
1.0616
0.4838
2.04778
1.27751
-2.03496
2.8822
-0.39804
-2.2497
-3.65231
0.72064
0.19196
-0.21519
-1.38761
-1.87184
-0.63649
-2.11025
-0.70637
-0.1185
-0.43542
0.25033
-4.80488
0.08937
-0.77421
3.85775
-0.52205
0.64322
2.82026
-0.84246
-3.25221
1.0164
-0.8453
-0.47711
-0.06853
1.32246
1.2597
0.605
-1.52919
0.9799
1.5187
-1.280189
3.84668
3.46618
-3.19108
-0.79104
-3.29613
-1.50357
-1.52055
2.9384
0.21687
-0.24558
0.643
1.07
6.91
3.46039
0.0755
1.70707
-0.1234
-0.28897
0.5437
0.69703
1.99906
-1.77805
-1.92248
-3.17126
-1.0721
-1.1586
0.79226
-2.67836
1.08953
-0.7161
-5.4415
1.82898
-0.15233
-1.95063
-3.18416
3.50109
6.83478
5.61746
7.25901
0.32405
-2.79474
1.4149
-2.92459
3.39257
4.7452
0.75736
-1.71003
2.16824
-1.494
-1.85451
2.39918
-1.13095
-0.85682
-2.49969
1.51665
-0.76428
-2.58099
0.14865
0.70567
-0.28567
-1.59013
0.27989
2.50821
2.64006
0.91959
-0.07561
0.00734
1.30809
0.556
-1.0773
-0.47173
-2.65601
1.44022
-0.0621
-2.32076
1.90082
1.44295
1.17853
-1.65905
-0.5002
-0.01265
0.4915
1.81927
0.52811
0.2222
-1.6846
-1.93143
-4.0624
2.15769
-1.69763
-3.0325
0.06714
3.17296
0.03698
-0.02536
-7.43391
-0.05205
-0.49663
5.0846
1.29546
-0.14728
-0.19679
-3.29754
-2.00927
2.55666
-1.001
1.94615
0.19671
-0.32672
-1.52954
1.49856
-0.9127
1.31888
1.2694
2.38714
-3.3653
-1.45613
-1.53657
-0.85145
-2.19703
-0.93477
2.16499
-1.58921
3.25697
-2.75587
-5.12137
0.27773
-1.07538
-0.46613
-0.50528
1.647983
0.0939
-3.065502
-1.8308
-0.65527
-0.98772
0.0393
-0.52346
1.0553
1.5872
-1.85128
-0.299
-8.64676
1.48654
0.30502
-3.82918
-2.35939
-2.48345
-2.73131
NA
-3.946
0.32627
NA
-1.17474
0.62895
0.79749
-2.98799
-1.6525
NA
-4.47573
-0.0678
0.02975
-1.57288
-0.242753
0.891159
0.62975
-1.16678
-1.86744
0.26701
0.86212
-3.35347
-2.30799
-1.31262
2.02428
-4.3528
0.83249
0.3367
3.15825
1.7534
-2.74044
-2.19755
0.49783
0.78521
1.41066
-1.43086
0.6052
-0.98719
-0.09137
1.81912
2.509093
-0.77129
0.38518
-0.39283
0.90169
0.52551
0.95101
-1.7779
-1.6803
-1.0033
-0.25762
0.43207
3.71747
2.766272
-1.18561
1.341402
0.30877
-0.012211
-1.41196
-2.29555
-2.96544
-1.6795
1.2694
-0.8442
0.366696
-0.71106
0.0833
0.94663
1.11556
0.44839
1.40564
-1.225
3.13568
0.03917
-1.576434
-2.33615
3.72428
-1.05553
-0.45505
0.393972
-0.7134
1.8937
0.09672
-0.80944
1.26055
-0.45188
-0.49809
0.288334
-0.538787
0.22835
0.6136
2.89455
-1.13233
-2.42752
-1.36722
-0.11478
-0.98246
3.46
0.74977
3.08757
-0.24347
-2.44721
-4.87503
0.25114
-3.07122
-0.2097
0.9805
0.54057
0.95519
1.40158
1.5996
-0.01206
0.43276
0.38938
-1.37712
-2.32798
1.0373
1.225248
-0.02692
-1.72808
-0.1395
0.9101
2.11755
2.30649
2.79488
0.78432
0.34728
-1.162397
1.26309
0.2908
-3.51551
-0.25499
-2.89603
-2.30156
0.91974
-1.36046
0.46741
0.3288
-1.31944
-0.68039
2.44887
0.08396
-2.63801
2.18086
-4.1138
-1.7557
-1.331
-2.32361
0.7709
0.30699
0.719274
-0.118966
4.58054
7.09908
-1.75449
-1.113942
1.45043
-3.12481
0.482634
0.47769
-1.8463
1.89747
0.1854
2.368237
1.5516
0.96839
2.20135
NA
-0.145
0.23681
0.01105
-0.43614
1.09582
0.3355
-0.59878
0.33402
-1.07196
4.10629
-4.38
-2.7424
-1.38857
-1.61
-1.61961
2.00269
1.26844
-2.95528
-2.74719
0.1624
-0.6483
1.36844
2.3856
-0.41926
1.41975
1.35335
0.7727
-0.7812
0.13846
0.58833
1.57663
1.913052
-0.95942
-0.28326
1.03995
-0.7802
-1.25781
0.3854
0.83876
2.13684
0.22085
-0.35317
-1.04757
-0.09654
-0.15179
2.06381
-3.8115
2.66171
0.59184
0.82914
1.95778
2.74289
0.027626
1.322498
0.0219
-0.2642
0.09257
0.23415
2.81382
2.09146
-1.13116
-0.949807
-1.53468
-1.65496
-0.9218
0.69953
1.31951
1.62236
0.15206
2.11275
0.74157
-3.23228
-0.44988
0.65585
0.589821
0.08544
-1.57256
1.00892
1.38167
-1.1044
1.29679
-0.33325
-2.229
1.07639
-0.24956
0.5581
1.05089
-0.99841
1.16033
-0.56949
1.5978
-0.911519
0.38792
-3.5201
1.33692
-1.42868
0.132199
-1.46672
-0.00666
0.13798
-2.8345
9.28976
1.17039
0.2633
-0.695561
-0.06134
1.30044
0.76693
2.61598
4.12459
0.03428
1.5393
-0.84936
0.69324
0.7359
NA
-7.96972
-1.36
0.08073
-0.0831
-1.37387
8.62291
0.8549
-0.12059
2.0997
3.272
1.45458
-1.34562
-0.693
-2.23012
0.70729
3.8112
-0.503402
-1.467081
2.14968
0.1331
0.1081
0.73136
-1.1493
0.62185
-7.2466
-3.11268
-0.01216
-2.23539
-0.60987
2.25058
0.07791
-2.82877
-0.7201
-1.1177
-5.19039
0.87273
0.043199
4.068154
2.01903
-0.96225
0.58179
0.958305
-0.8304
-2.2321
-0.14351
-2.72389
-3.47567
-0.78025
-2.24276
-0.07928
-0.07833
-2.65871
0.6957
1.4812
-1.96343
0.974944
-2.13544
-0.857029
0.78602
-2.06036
-1.8583
-0.34956
-1.45276
-2.45921
-2.53372
-4.00456
-7.2866
0.06948
0.616316
0.26844
-0.60687
8.86701
1.04382
-3.79699
1.22916
0.13106
3.02172
1.29646
-1.66414
0.404825
0.2429
0.32589
0.222232
-1.833
0.7664
2.041677
-2.47846
-3.06104
-1.03231
2.79015
1.95066
0.95421
2.20589
0.2084
0.8882
1.68031
0.89473
0.63562
-1.69559
3.33976
-1.362
0.30498
-0.7975
-3.3856
-0.59072
2.11305
1.1634
-0.36122
0.84833
-0.66
1.2042
-2.7217
-1.23006
-0.1074
-0.77634
-2.2525
-3.09977
-0.4358
0.5058
4.891317
-3.60764
-1.04677
-1.0351
0.44279
9.32799
0.1059
-1.87737
-2.61028
2.127
-3.06871
1.21476
10.219145
1.04296
2.05043
0.65024
-2.00263
-2.06177
0.21865
0.07117
-3.88219
-2.80336
1.27591
1.1684
0.93984
-1.1611
-1.03039
0.0926
1.51958
-5.00204
2.21947
-2.16024
-1.00005
1.80868
1.98026
0.10989
3.01
0.6633
-1.61154
0.131199
-0.96944
-0.13296
2.2921
-0.3867
4.11931
-0.9327
0.045716
1.119916
-0.5256
9.253673
-2.29513
1.1224
-1.235475
1.29958
0.6771
0.458618
1.07146
-1.00846
0.60914
1.53965
0.2126
-3.32077
-0.94467
0.8804
0.21308
-1.21927
-4.97181
3.75608
-1.00925
0.7377
-2.51702
-1.26829
-2.47694
1.519029
-2.66014
0.12059
0.0787
0.606
-5.13186
-0.59233
-0.4084
-4.0469
2.18488
-1.85795
0.39578
-1.96943
1.9755
0.57361
0.14658
-5.07168
0.89401
-0.96673
-3.30265
3.4775
-0.69804
1.31919
-0.29386
1.53927
-0.9635
0.44013
5.22308
0.8427
-3.62683
-1.74991
-1.58614
-5.35055
1.0411
-0.967917
-0.34701
-0.79559
-0.72655
0.233456
2.53134
0.07554
0.1789
-1.05542
-0.46511
2.66363
1.59811
2.42364
-1.50411
-1.09418
2.02929
-1.61819
-1.39972
-9.02563
0.098
-1.95675
3.01125
0.69708
-0.50206
-4.17722
-0.02647
-2.17924
-0.00737
0.54069
1.76281
1.71582
-2.49244
1.13368
0.92627
-1.85869
0.32259
2.50904
0.5297
-1.56542
-0.33939
-1.38024
0.28829
-1.5002
0.5699
-0.94684
0.64626
4.14776
-0.9118
-1.0732
0.14944
1.7126
-1.65896
-1.53684
1.72851
-0.20294
0.76334
5.5108
0.162981
1.0235
2.6581
4.84105
-0.3532
-2.26759
-1.91434
0.7533
0.8801
2.90288
-1.64878
-0.64302
-1.01747
0.75378
-2.9619
0.58822
3.7439
-1.01149
15.02213
1.31444
-2.00008
-0.61629
-0.28689
1.03554
-2.4092
-1.74998
-0.8729
-2.68126
-0.9443
-1.59435
0.1928
-5.9004
1.16425
NA
-1.56411
1.80839
-2.28538
2.75295
-0.81544
4.53805
2.86465
-0.39349
-0.2975
-1.62504
-0.7948
1.45614
0.10302
0.23702
0.84458
-1.62241
-0.9633
0.18389
1.1313
0.5733
0.4875
-5.89878
1.76014
-0.97065
2.22901
0.87914
-0.25248
0.1722
-3.829
-3.63106
-0.82413
-5.3849
-0.10709
-1.98019
-3.20544
-1.1587
-0.52292
0.457853
3.17451
5.06344
0.50129
1.27394
-0.57772
-2.80742
-0.05953
3.03476
-0.30219
-7.28332
1.46059
-2.6469
-1.33
1.50153
1.74351
-0.22916
0.72472
-2.07437
1.26501
-0.34638
1.22177
-3.11662
0.64842
-0.81425
-4.7101
-2.58
1.64025
1.4957
-1.32502
-2.83968
7.9583
0.73353
5.66965
-2.69839
1.22679
0.58139
0.29861
-0.592
0.33928
3.28886
-0.57839
1.20183
-0.97022
-0.912243
-2.00259
-0.44877
0.2203
2.1009
-0.97927
0.04356
-0.2194
0.97345
-0.58336
-0.7234
6.39401
-1.64608
1.17765
-2.2836
-1.36932
1.34664
-0.5084
-2.54475
-0.9086
1.3388
-2.21026
-0.9945
-0.5397
1.98962
-2.0711
0.7065
1.37828
-0.27661
0.07573
-1.0757
1.62999
-1.40659
2.15641
6.341
-0.93197
-2.29127
0.08222
-5.88202
0.56717
2.661629
0.2958
-2.0597
2.41352
-2.1199
-3.06214
-1.56837
-1.6885
1.88694
-0.4795
3.83887
-3.87941
1.18159
0.73251
1.95216
-0.54141
5.09352
-1.53288
0.07912
3.61824
0.4909
1.590942
-1.792
NA
1.791995
1.6276
1.66274
0.68156
0.82485
1.94414
2.42566
0.35887
2.90827
-1.60294
1.3369
0.4382
-2.4305
-1.18509
-0.6686
0.1311
2.13158
0.2683
-0.346254
-0.21584
-2.1486
-3.65204
-0.1698
0.48183
1.62205
-1.50463
2.2274
-2.599356
1.598318
0.894
-0.646869
-1.9405
0.15389
-12.04249
1.29665
-1.1144
1.36444
0.3396
-0.07854
5.35374
1.43235
1.73111
-1.627946
2.17835
2.0773
0.27763
3.08417
-1.1714
3.59739
3.56642
3.98344
2.4599
0.26137
-6.33227
-1.09493
0.11803
2.47429
6.28302
-1.13427
1.29561
NA
-0.040299
2.6005
-0.474051
-0.74762
-0.440676
-2.7286
0.0549
-4.44668
-0.74633
0.804327
0.09744
-1.35232
1.51747
-0.15187
1.22974
-1.59519
-2.31924
1.44517
-0.38475
0.93831
0.82699
-1.13375
-0.39821
3.29338
0.5427
-2.34392
0.35324
2.0794
0.68937
-1.7239
1.41806
2.3755
-0.65667
NA
-1.82404
0.64626
-1.5626
1.6713
-3.12356
3.57431
NA
-1.98634
-0.12601
3.249927
-2.6883
-0.28128
NA
-1.0618
1.38967
2.11107
-0.83598
4.09325
0.55209
1.98495
-0.61988
-2.4967
1.7942
0.79229
0.62607
3.09562
-1.14697
1.9498
-1.46196
-1.1966
-2.45762
-0.29487
1.74698
1.26813
-0.46823
1.94143
-0.71136
0.63036
-1.76477
0.732118
-1.30464
2.72589
1.23832
3.342874
-3.41
-3.98321
1.6579
-1.94607
-0.8365
3.73467
2.17209
1.87727
0.16093
-1.29243
1.09247
-0.32816
-1.44416
0.04431
-1.97883
3.5897
0.28198
-1.5032
-0.46218
-1.55982
0.36386
2.65915
-1.61579
-0.52096
-1.82878
-3.7771
-0.47841
1.52953
-0.83368
4.8835
-2.38432
-1.75015
2.29571
0.56361
-4.76
-3.34799
0.0088
-1.6087
2.9777
-0.9522
0.68276
0.73728
1.06106
-0.525155
-3.871
0.9661
-0.07971
-0.6277
-0.12377
-0.25314
-1.48257
0.68315
1.38811
-0.090107
-3.28534
-1.891
0.17385
4.37
1.01
-1.9826
-0.3132
4.34703
-1.4294
0.17273
0.70503
-0.96326
2.17242
NA
-0.9299
-4.74023
3.78966
1.3044
1.43129
-2.11768
1.2375
0.15319
0.42968
-0.127
-4.14
2.6814
-1.33792
-1.0191
0.34011
-3.08908
0.35042
0.07373
-0.37502
-2.5
-0.39046
3.9769
4.65809
0.249585
-0.5725
2.2366
-0.01571
-0.34545
-0.19357
-1.63115
-2.73542
-1.63438
1.764845
0.16733
-0.54671
0.006205
-5.71132
-1.92963
2.43838
-0.32387
-2.27562
1.80268
0.19913
2.2386
1.25256
-1.05966
2.1097
4.3355
-0.174
0.9137
-0.14693
0.5559
2.02035
2.99
-1.5766
0.16183
-0.75736
8.46792
-4.4251
1.1966
0.171988
-0.166
-1.51001
0.0553
0.6759
-0.33761
0.05127
1.65404
-3.25692
1.3626
-1.2471
1.13917
-1.81259
1.3754
-2.1698
-1.08451
0.82172
3.79
4.33797
2.30773
-0.87971
-0.58997
3.65559
0.56706
0.2657
2.34122
-0.42498
-1.1165
0.41962
0.36378
1.4329
0.78887
-5.59146
0.42181
0.826
-0.08542
-0.30654
-1.63
-0.676
0.969
-3.13788
11.1
-0.34345
-0.14914
-0.0473
1.15
-2.79352
2.8031
-1.94212
-0.40189
-0.16417
-4.3
-4.0735
3.1352
0.9756
-0.4293
-1.9097
0.20568
4.6599
-0.5631
0.79249
1.060218
1.66358
-0.222
-0.50708
2.93
-0.7068
-4.24549
-2.91559
0.5391
0.94783
-1.41656
1.81
-0.4913
6.13985
-3.58505
1.70881
-0.337
-3.31506
6.56658
-0.59244
-0.34621
0.7482
1.50399
0.1574
2.8413
1.06235
4.07508
2.61039
-0.66626
0.70214
-0.47046
-0.7963
1.14572
-1.66216
2.3464
2.36
-2.7591
3.28481
3.53134
0.97537
1.14646
-0.411
0.75073
3.4557
1.347317
7.5238
-0.36239
3.11
0.438
0.80072
2.7138
-0.8862
-0.265288
-3.03415
-5.04
0.8376
0.31424
2.32466
-2.0825
1.1297
-1.59749
2.5779
-0.8443
1.08372
1.53
2.18098
0.42378
4.39878
1.6549
-1.60819
8.66651
-1.16376
1.16
-0.44031
-1.6383
-0.6344
-0.40159
-0.60704
-1.9279
5.32756
-0.191
-2.71518
0.66837
-1.2
3.9944
2.24315
-2.215
-0.53994
-1.13211
0.81941
2.19986
-2.74763
0.3419
0.19301
-0.65207
-6.08422
1.6149
0.361
-1.4956
-1.10775
-0.59368
-1.58029
-0.52388
3.863199
1.45222
-0.402
5.00475
-0.29262
-15
-0.36669
1.30992
-1.36534
1.96324
0.12718
-1.14802
-0.12138
1.29081
-1.56658
0.72772
-1.32448
-3.55064
-0.24094
-1.1223
-1.22808
-3.9929
-0.403
0.698
-0.80512
1.51841
-2.66718
1.3137
-0.0153
-0.716351
2.14582
-3.76352
-1.1327
0.6665
-1.57902
1.517647
1.29934
-0.4355
-2.02809
0.3544
3.5204
3.41563
-3.60026
0.26666
-0.65706
-0.96305
-3.14159
-1.12846
-1.32535
1.49916
0.63349
-0.9145
-1.930359
2.99876
-0.1036
-1.57571
0.12621
-0.55322
-2.36892
-0.43528
-9.24049
1.89216
0.763
0.19999
-0.83207
1.80171
-2.5848
-1.3097
-2.86624
3.94705
-8.23544
1.72661
NA
1.33342
1.94963
-0.8204
-0.39237
0.1532
2.09045
-0.15596
3.52881
-0.57663
NA
-0.5397
1.3079
-2.68898
-0.00192
3.49769
-2.99686
0.05804
2.79
-2.692933
-0.03287
1.074
0.89156
0.14729
0.38892
0.145124
2.666028
3.18109
1.76712
-0.9974
-0.11068
-0.581
-2.92
-2.65397
-1.8344
0.49155
-1.45499
1.1
3.37928
0.02143
-1.0812
2.4619
0.4824
2.27055
-3.349489
-1.57085
-0.086931
-0.22748
-2.47451
1.46201
-2.2274
1.31604
-0.22692
0.99727
1.0269
1.2605
-0.06886
-1.1699
0.63645
0.98596
-0.53486
2.69642
3.09247
-0.3563
NA
-0.7878
-1.74753
0.9753
0.4013
-1.2972
1.2649
-0.63257
0.98339
-1.89855
1.03
0.522242
-0.54639
-0.124
2.55321
5.23529
-1.46547
-2.30652
-1.6228
2.01
-2.20168
-0.48342
1.12088
-2.25603
1.71993
3.51955
-1.10588
1.13342
0.34665
NA
-1.52735
2.44294
3.77929
0.97433
3.537
-0.49949
-5.8689
1.92824
-0.25713
0.0983
-0.08198
-0.20011
0.46983
-0.65757
0.19621
-0.2938
-2.16581
0.79762
-4.88483
-0.315887
-0.4449
2.0712
1.7042
2.60877
1.71419
3.95448
-0.8302
2.78815
0.27889
-2.177459
1.30059
-0.29206
-0.5697
-2.16915
0.35553
-4.13
-0.1714
0.13196
-0.72953
1.37842
-5.43899
-0.15729
1.15588
1.560291
0.416122
2.08603
4.403787
-0.30262
0.753
2.74905
0.941283
-0.00385
-0.50045
-0.19346
1.41163
-1.98266
-2.567
1.23388
3.73079
-0.45075
0.12014
1.51654
0.61453
-0.140569
4.11841
-2.13034
-1.34908
-1.26913
0.09509
1.86177
2.77236
0.0627
1.67755
2.10164
-2.16971
1.455
1.57467
2.72245
-4.10389
-3.47431
-0.161557
2.45743
0.65719
1.39901
-1.38103
-1.128949
-0.22406
7.49447
0.7634
0.366
NA
-4.15
5.06452
2.76704
0.27429
0.57436
1.5914
-3.7401
-1.78859
-2.12994
-0.0897
-0.12512
1.76745
1.296001
-2.50606
NA
0.3091
-2.08763
-0.2724
-3.40306
0.32672
-0.18611
-0.8605
-0.1243
-1.19918
-1.16732
-0.33432
0.61363
-1.3222
1.29245
1.5669
0.0661
-0.8966
-1.95
2.22381
-1.88114
-2.11044
3.01222
-5.80281
-1.049
0.74458
-2.19105
-0.04239
-2.38542
1.08947
-2.98308
-1.41601
-0.33514
-0.81414
-0.7548
-1.75993
-1.2803
8.78984
0.2791
-1.30893
-1.06784
-1.37284
-2.18578
-0.4424
0.95787
8.399
3.53186
1.01641
2.26396
1.18618
-1.18227
3.08428
-1.960263
-0.76603
7.96238
1.78033
-0.957
-0.14918
0.24216
2.7026
-0.82225
-0.09496
-2.25055
-0.24218
-0.3423
-0.2141
0.035123
-0.85831
0.86997
4.48941
-1.92863
NA
2.34238
4.4615
2.03002
NA
1.0121
0.960178
NA
-3.5473
1.0532
0.01268
3.590547
2.86577
1.45818
1.6912
3.35236
0.576
2.61325
-3.4437
-0.40922
-0.29359
2.18742
-0.42312
2.91084
-8.70495
-3.0399
0.59287
0.30494
-1.279503
NA
-1.02282
-0.465
0.6624
0.15724
1.1677
-0.57864
0.08409
0.09932
-0.36388
-3.11769
-3.49795
-1.06666
0.180486
2.38872
1.90686
0.62131
-0.9059
-0.94751
0.37011
-0.8836
1.48588
0.02298
-2.35439
0.86632
-1.0707
3.72878
-0.46309
-2.41239
0.57878
NA
-2.38565
-1.42589
0.59911
1.7276
-4.05088
-0.76882
7.20281
-0.35993
0.70946
2.6947
1.19959
2.61475
0.82779
-5.655111
-0.691877
2.38354
2.4396
-1.290665
1.35358
4.020521
-0.805
0.38083
-2.34514
-0.6392
-1.40779
-4.37068
1.64203
0.51423
0.0249
0.4531
0.62842
-2.01924
-0.23667
-2.19753
-0.53061
-0.50389
-0.3999
-2.10998
-0.6168
-8.65953
2.18546
-8.80427
2.52709
0.29899
0.82029
2.161927
1.05814
7.31389
-0.19494
-4.33632
-2.00396
0.23914
0.2275
-1.64843
-0.00711
0.48231
-9.04347
1.26384
0.25801
-2.091778
-2.3158
0.28306
2.34688
1.28135
0.53201
-0.68198
0.93545
0.9572
0.0533
-0.3006
NA
0.23326
0.44545
0.59399
3.09442
2.23165
-2.79136
-1.74196
-0.5326
5.55922
-0.9373
2.26068
1.04475
-0.55653
2.2523
3.34675
-1.44443
3.752
-1.74
-1.29766
-0.262232
-0.788607
-0.01959
8.76007
0.585
-0.4714
2.21538
-0.9342
0.84564
-12.82548
-0.82778
-1.28667
-0.06234
1.48215
0.1531
-0.9899
-0.85209
1.2296
-1.36975
-0.36276
-1.50085
1.7228
7.91356
-3.6482
-13.68171
0.87539
-1.48259
0.2813
0.36098
-0.10193
1.16345
0.74852
0.35257
-2.4775
9.6112
-0.955481
-2.64462
0.48008
-0.75356
-0.2925
-2.84218
-1.9811
0.3304
0.18644
-0.890753
NA
1.554
1.569864
0.7491
1.14432
0.4225
0.7104
-3.0334
3.50183
2.92331
-1.33189
-2.308804
1.39854
-0.97732
-0.87015
-1.24391
1.02856
-1.2351
1.69548
-2.831148
-1.92052
-2.1572
-3.04671
-1.28719
1.50806
0.46448
2.66279
2.88
-1.17154
-2.0193
3.8065
1.897917
0.13
1.13089
0.53
0.92287
3.4115
0.072871
0.96172
1.1737
-2.92657
-1.05635
-0.64045
0.27816
-2.21531
-1.1931
0.7853
2.3132
-4.3072
0.2536
-1.56613
-1.770729
-0.05675
0.55708
-2.61419
8.1375
-0.0699
0.26394
-1.4072
NA
1.09479
-0.7033
-4.15852
-5.02001
1.1608
-1.56671
-5.89213
-1.19194
-0.2683
0.07445
1.1893
-3.8704
-0.65466
-0.48439
1.09648
4.08184
2.0376
-0.5301
-1.54151
0.89413
-0.98636
1.59219
-2.76299
-3.35751
0.05747
0.22328
-0.83311
-2.87309
-0.11336
4.189309
3.23
-2.35464
-0.577328
0.40052
-0.3697
-1.0049
1.1963
-0.06072
-2.942
-0.04227
-0.44838
-1.3774
-3.7126
0.08727
2.13549
3.4472
1.37256
-1.27871
0.9842
0.95102
2.37159
-1.209605
-2.50091
4.29857
-1.708519
2.592193
-2.0483
1.0954
-0.74635
0.046187
1.71266
-1.349555
-0.177782
0.01982
-1.80145
NA
-1.03093
0.2855
NA
NA
NA
NA
NA
NA
NA
NA
-0.34235
0.33035
NA
NA
NA
NA
NA
1.68943
0.56895
NA
NA
-0.0084
NA
NA
NA
NA
NA
0.49826
NA
NA
NA
NA
0.90823
NA
0.18344
NA
NA
NA
NA
NA
NA
-5.23662
NA
NA
2.23211
-0.89019
1.30478
NA
-0.46466
NA
NA
NA
NA
NA
NA
NA
-3.66881
-0.01343
-0.32078
-3.61662
3.9672
1.09625
NA
-1.262
-0.89454
-0.68962
NA
-0.01321
0.33356
-1.30411
-0.38878
1.67268
-19.27977
-0.1167
0.65739
7.53848
3.3051
3.8278
-0.2558
-3.09069
-2.983
0.8912
1.4521
1.38339
2.25896
-1.61457
-1.577
1.1998
0.71052
1.03
1.19309
-0.19864
-0.44075
0.79255
-0.40827
0.43137
-2.1063
0.7639
1.15655
0.15017
0.2592
2.682063
0.49433
0.74255
1.18472
-0.72077
0.56434
-0.43249
2.69499
0.0652
-0.08256
-3.70846
-2.19795
1.2084
-2.59664
-2.78425
-0.06999
1.83534
-0.36197
-0.954
-1.11
-1.1667
3.37291
0.453
-1.18604
-0.2256
-2.68
-1.36372
5.6813
1.61261
4.15961
2.0466
1.18465
-1.17887
-0.4984
0.798
-0.2041
-2.106
-0.33681
0.644754
-0.71813
1.2168
2.3819
2.56338
1.8495
NA
NA
NA
NA
0.21274
1.20898
3.5164
0.4024
4.25252
-0.46681
2.83461
2.869
-0.821
1.13
-3.16
-0.739
4.92
-3.09
-4.6
-1.54
-0.38487
-0.2067
-0.5784
0.5412
0.3843
-0.9658
0.75
1.2712
-0.21761
0.13933
3.76915
1.0712
1.04441
-1.24068
4.27171
-1.45923
1.63072
-4.3559
0.1355
-1.44019
-0.85434
1.70598
0.51115
-0.74393
0.30765
0.97139
-1.23736
2.16988
0.54757
0.4446
-0.58045
3.37967
-3.1413
2.26579
0.8459
0.56521
0.46117
0.96731
-3.499355
0.512
2.9713
1.08229
0.84801
0.55185
6.81891
0.8293
-1.678299
0.9418
-1.77406
-2.65987
0.2069
3.95255
0.59532
0.2881
-0.02092
1.97593
0.55007
-1.05745
-1.54408
0.82793
0.92058
-3.81383
-0.188
-5.05799
0.562218
-1.50527
-0.94355
2.64779
1.71541
-1.74524
0.79803
NA
-1.5863
0.192058
-1.76764
0.41766
1.28339
NA
-1.1694
NA
0.71523
6.12576
-1.1686
0.99207
-0.66712
NA
-0.41069
-0.2653
-2.6454
-3.46
3.62128
-3.07897
-0.02533
1.1754
-1.20993
-0.16455
1.7891
2.61775
-0.5632
-2.00017
5.34556
-1.86799
-1.54
-0.47819
0.21971
2.47487
0.68334
-0.41998
0.96191
0.5601
-1.27929
-1.45971
2.40217
-4.54542
0.75365
1.8132
4.10165
1.96977
-3.55212
0.61353
-0.26141
1.29182
-4.09917
-5.29161
4.095462
NA
-2.322867
-0.894
0.39063
-0.32539
1.38441
-2.95815
-1.876273
0.38213
-1.05514
-1.158
-1.76431
-1.34792
3.573017
-3.16935
2.38563
1.073
-0.60713
-1.9534
-2.098
NA
-7.64389
4.46448
-2.58408
-0.875
1.1141
1.26979
-1.45775
0.40387
-3.85593
-0.185041
2.135802
2.3545
-0.57994
-0.96367
-0.57418
2.37085
1.81592
-0.02063
-0.8324
0.17482
-0.56158
-0.18137
0.06595
-2.597851
1.0859
-0.604
3.0709
-0.74047
0.96072
0.902
-0.3423
-0.50517
-1.9763
-0.1428
1.11032
1.14289
-1.32035
0.0955
1.94449
-4.4509
-1.59847
-1.98744
0.334
0.1637
-1.202
-0.89989
2.62869
-1.31432
-1.53559
0.3082
NA
2.20093
0.538626
0.4176
-1.64079
3.38455
1.00588
1.4077
-0.88467
-4.39174
-0.47984
-0.54615
1.2398
3.6679
-1.9
-0.55149
0.65583
1.59053
-0.4622
-5.08236
0.4361
NA
-3.11142
2.3492
6.91855
0.31088
-3.18128
NA
1.02692
-3.37533
-0.55112
-0.51353
-3.248
2.26133
-1.23899
-1.75815
-1.04992
1.65995
-0.70895
-1.82019
1.02155
0.93094
0.86387
0.6479
-0.21276
-1.48119
-1.88118
-0.45341
-0.1747
-2.87171
0.04628
-1.61348
-4.57817
-4.72515
NA
0.78536
-0.34518
-2.04365
-2.55282
0.6556
-2.10178
0.21077
3.5641
0.4109
0.7968
-0.32388
-0.944
-3.21565
1.550214
-1.50652
-1.4132
-3.42905
0.07522
0.87008
0.98788
0.8127
NA
-0.62073
-2.89514
-0.5714
-2.68754
0.23958
-1.41682
0.802
-0.575
-1.9769
0.76882
-0.62107
7.4719
-1.5092
0.5602
-4.30811
-0.39195
-0.93689
NA
1.40715
0.27163
0.2069
1.00032
-0.55
0.70766
-0.1939
0.73782
-0.86417
0.0654
-2.74465
-0.23114
-1.9527
1.24779
-0.482
-0.31502
1.8302
-7.40848
-5.47467
-1.43893
3.85806
-1.68
0.595285
-0.6099
-1.3559
-0.125867
0.90331
0.4296
-0.63872
-1.8841
-2.63489
-5.20528
2.43047
3.59779
-0.44742
2.68229
-2.37505
3.52691
-1.65124
0.18643
NA
-0.64831
2.23389
-1.487421
1.14911
0.76606
1.60093
2.65399
-2.8607
-0.67121
2.06443
1.38107
0.8291
-1.87086
2.0783
NA
-1.58959
3.80516
NA
-0.43704
-0.83833
0.993
2.738014
-0.7684
2.05532
-0.34218
-1.45677
-1.2918
-0.04382
0.6285
-0.95802
2.492956
1.85423
-2.28436
-0.4252
-0.91582
-8.74162
0.86548
-1.182879
2.62129
1.21412
2.62079
-0.85857
-2.02
-0.04956
-0.3082
2.13
0.95031
0.18235
1.5138
0.35403
1.59374
-2.70736
-1.63077
-1.42874
-1.002776
1.01335
-0.32687
2.005
-2.6303
-2.77229
3.02509
-1.92035
1.68176
-1.42232
-0.99196
-1.5033
0.84255
-1.0347
0.00859
1.28859
-0.8259
-1.60903
-0.0581
15.2
0.206534
0.592
0.44724
-3.37723
1.40387
1.04342
-1.31284
-0.11032
-0.74142
-0.94111
1.1325
0.73313
0.266
-0.53784
-0.54043
0.33757
0.73619
-4.41696
0.28166
1.64534
2.84164
3.09769
0.4194
4.66994
-1.87095
-1.47891
2.15478
-2.64014
1.164978
-0.65078
1.4556
0.41959
-2.87625
-2.08414
-3.55432
1.30301
-0.11153
NA
2.42719
-1.66794
2.36312
2.07712
1.25703
-0.45533
0.81655
-0.54788
1.71166
-0.752866
0.27878
-2.92062
-1.5236
0.10797
-8.823175
-2.44499
-0.206
1.07
0.29852
-17.83212
3.57
-2.05142
1.04774
-2.34148
-3.21625
1.3392
0.15827
-2.038047
0.02097
3.1991
-0.60544
-2.5336
1.77237
1.76299
0.7279
1.61922
9.13562
2.11099
0.05966
-0.72866
-3.12864
-4.8846
1.52136
-3.45626
0.25425
-0.39425
-0.68239
0.475623
-1.4001
-0.55007
-6.3547
-1.9886
-3.788439
2.75515
3.191179
0.753593
NA
0.49686
-0.56325
1.21223
1.59606
0.9325
0.5147
0.36077
NA
0.607552
2.92748
2.42251
-0.04913
-4.343
0.7539
-2.09691
4.398191
0.83174
1.22949
2.02359
0.83243
0.16364
-0.3808
-0.57604
NA
3.32796
-0.6051
2.9072
-2.79719
2.56
0.973003
2.162457
-1.6714
-0.8017
1.68157
NA
0.08442
0.86805
-1.104601
0.41117
-3.78552
-1.57158
-0.03287
-1.010752
0.8383
-2.00666
-2.61144
0.2742
0.79852
-0.82282
0.07221
0.26749
-0.65708
1.0774
0.24461
-0.613892
NA
-0.82936
0.22799
0.1146
0.192
1.90267
-1.675013
NA
-0.55165
-3.95015
-1.25039
-1.12112
-4.31061
-3.68192
-1.33851
-0.24341
-1.39298
1.6082
-2.6028
1.43678
0.64547
-0.12284
1.34112
-1.14147
0.44262
-2.95
5.23536
2.13776
-1.7595
-0.14284
4.0599
3.13948
0.31354
0.30072
-0.96508
0.36344
0.39239
-0.74858
-1.36982
1.27236
-0.48487
4.25321
0.19129
-1.08111
1.19034
4.29707
3.27239
0.784
1.54958
1.07587
0.33265
1.884
-0.55715
NA
-0.10147
-1.642652
2.02368
1.00876
NA
0.2778
0.36017
1.96598
0.1633
-0.95429
1.7814
2.8602
-4.7556
0.93394
0.86981
1.5466
2.61346
-0.23397
NA
-0.46296
-2.55263
0.93663
-1.745248
-1.97207
-4.27114
-0.04152
-3.98675
-2.91737
1.5172
-2.90938
0.2791
NA
0.94046
1.30088
-0.68646
1.33469
1.2559
NA
NA
0.05737
0.772541
0.37259
1.9504
-1.91884
-0.50755
1.514098
-0.3681
3.35392
-1.88791
-1.71884
-0.41655
0.89664
0.79216
-4.20618
-1.79476
-0.2083
-1.607
-2.11754
-1.54741
-0.774
-2.65782
-0.03519
-0.96348
1.15171
-0.92629
-2.73585
-0.453487
3.33461
0.32041
-0.2808
-0.631973
-1.8827
NA
-0.19998
0.75597
0.2925
0.197284
-1.21156
2.79953
0.40745
-0.30343
-0.538996
0.1393
2.22287
-0.38966
1.56474
-0.29004
-0.9119
0.0487
NA
-0.93071
-1.20205
-0.18573
0.5676
-1.03
NA
1.72053
2.49819
-0.1762
0.812444
-1.15147
-0.38086
-1.20628
-3.33676
-0.76281
3.67
-0.01613
-0.56776
1.3363
-0.65885
-0.17288
0.51399
0.8376
NA
0.17488
0.65027
0.872719
0.3973
-0.03217
-1.2004
1.39569
-3.03107
0.00321
-1.435139
-0.99132
0.09686
0.29193
1.6631
0.63655
-1.31482
0.26525
0.2174
0.31781
0.10577
-1.1402
NA
1.59359
2.7609
0.13676
1.019055
-3.710206
0.0302
-2.96974
-0.079816
0.950735
-0.3589
-0.93229
0.37672
3.87509
0.999
0.15838
4.57641
1.51328
1.70367
NA
-0.17723
0.26453
-0.42295
-3.03558
-2.63665
NA
0.7427
0.76778
-1.05123
-1.1794
-1.7591
0.5552
-3.30157
-0.31819
-2.23132
0.44431
-0.51581
1.68327
3.62101
0.49864
-0.67827
-1.13774
0.0155
0.17841
1.53787
3.1023
0.77455
-0.85428
0.25524
-1.61539
0.8205
-1.18148
-2.26653
1.77543
1.0964
NA
-0.32702
0.10538
-1.63253
-0.17489
NA
-3.84936
-0.20093
1.37467
0.13118
0.20942
3.31513
-1.10763
1.47622
0.95372
-0.35156
-1.35358
-1.19821
-2.090726
-3.6821
1.30857
0.4961
0.09101
0.9583
0.562719
-0.00706
-1.0331
1.0257
1.88727
-0.40221
-0.38729
-0.4054
-0.87359
1.75812
-0.15391
1.3718
1.62158
0.59978
0.9108
2.46686
-0.1451
-2.6565
-1.43156
1.5226
1.508715
-1.07112
-1.84719
-0.35699
0.93388
NA
0.6274
7.79633
2.28857
4.43625
2.398415
-0.6064
2.98928
0.549803
-1.6112
-0.1426
-1.34499
-6.94366
-0.0585
8.48532
-0.91266
0.194901
0.22312
1.37
0.25048
4.017251
1.22693
0.7641
-2.5793
-0.8465
8.78043
-3.57084
-0.4756
-0.41129
-0.4502
-0.1995
0.78299
-2.283418
1.25076
7.46319
-1.12115
1.93183
-0.84889
-4.15237
-1.83092
1.38754
0.38573
-0.80438
-0.42163
0.90386
3.57832
3.47647
-4.5456
-0.90383
2.21348
-2.03647
3.67894
-1.23618
-1.31403
-0.72837
-1.71742
-1.30963
-0.00267
-1.09593
-0.3409
0.98137
0.317427
1.6484
-2.84993
-0.44104
1.88479
-2.11479
NA
0.35509
-0.7692
-2.3453
-0.12802
3.76462
-1.21288
1.6685
0.5852
-1.02187
-1.623006
NA
NA
-1.68838
1.01903
1.41694
0.8265
-0.29807
0.88456
0.59571
1.54197
0.54476
-3.391295
2.95325
1.9653
2.45884
-2.84795
-2.24697
-5.96852
1.36877
-1.04859
-0.674
-4.33137
2.82
1.12097
0.004965
-1.27636
1.56335
-0.44584
0.52673
-3.1543
0.8642
3.73542
0.64836
0.33367
-2.11344
1.37958
0.982
0.9013
-0.3593
0.64478
-0.30797
-1.0409
1.5396
0.8074
NA
-4.16876
2.46907
-0.53178
-3.52512
3.61463
0.69539
0.68818
0.988116
1.60477
4.57561
-1.52305
0.008022
-0.31019
NA
4.37
0.31248
2.95279
1.67688
-2.06927
-0.41838
-1.10641
0.91402
1.17
NA
0.5833
1.136714
-1.39
0.4026
NA
0.14693
-0.693027
-1.7511
1.38231
-1.55008
1.23553
0.0504
-1.8512
1.47382
-5.126207
-3.66877
-0.7674
1.44381
-2.06204
-2.55261
-0.16313
-0.15465
0.0638
1.23
-1.89268
0.4674
-0.5722
NA
0.46318
0.2889
0.51452
0.087
-4.696378
-0.67864
2.40928
-0.0616
9.16969
NA
4.88979
0.32811
-0.354416
0.855
2.39691
-1.5394
-0.421
-0.52878
-1.72703
2.32174
-0.4207
-0.98127
1.0892
NA
1.31747
-0.251812
-1.3228
-1.50085
0.93708
0.42272
-0.19271
-0.10941
-0.13785
-0.406
-0.1901
-0.75787
-3.9706
-1.3656
-1.64691
2.82906
0.1635
-2.730496
0.21039
2.33
-1.6921
0.00761
1.6694
-0.45841
1.7616
3.90235
-1.67694
1.72374
0.726
-0.687672
-0.9193
0.5854
-0.33809
2.17457
-0.92249
-2.17072
0.58282
2.80062
2.17167
-0.33986
-0.81372
0.67538
-1.48622
1.73314
0.1165
0.174376
4.68
0.75508
1.8214
1.96186
1.868952
0.165341
-2.15994
1.29028
0.69597
-1.1261
-1.9164
-0.914
-2.00406
1.92734
0.0457
-0.4386
-0.12147
-0.167036
-1
2.58683
-0.18472
-0.77273
-0.60502
-0.353
NA
-0.85299
-0.87217
-2.15392
1.20975
1.26986
5.64119
-5.48009
0.76
NA
-0.5181
2.57167
0.3855
-2.8264
-1.18711
-2.33386
1.8683
-9.17343
-0.62696
0.029976
1.9084
0.5338
0.75759
-1.4283
-1.25521
-2.08735
-1.33542
-0.8534
-1.739385
0.0306
2.246
1.12009
-1.0354
-1.8
-0.37674
NA
0.2793
0.30896
1.81166
-0.609085
0.19536
5.73881
4.10482
-3.24002
-0.73198
-0.37102
1.70715
0.31201
-7.26096
-1.84512
0.10567
-3.203023
-1.77653
-0.22154
1.0824
-1.4921
-0.22605
2.58334
-7.83467
NA
-0.04042
2.2515
1.48261
-3.42882
1.76401
0.58825
1.09425
5.0954
0.0441
1.19606
1.39664
-1.20315
-1.18164
-6.53497
4.00153
-0.08638
2.54642
-1.33368
1.67968
NA
0.251669
-3.1817
-1.1318
-1.99029
0.02073
-3.89
-0.17799
2.66354
-0.2616
2.3061
-0.92714
2.62
-2.05844
-0.565544
0.41093
-1.36513
-1.6206
NA
NA
1.16336
0.92364
0.1
-0.35531
2.54417
1.54355
-4.03589
3.08721
3.06393
-1.18864
-2.27908
-4.61002
-1.15569
-5.2671
-4.52119
-0.67037
-2.2108
0.7596
-1.32279
-0.829502
-1.34016
0.4136
1.1051
-0.38749
3.14131
-1.86358
-1.89
-1.01101
-1.09004
1.80256
-0.69641
-0.92328
2.50986
0.90661
0.3094
-2.53
-1.46172
-0.98948
0.07366
-0.14911
-0.212603
NA
-2.0055
3.12058
-4.0084
-3.69638
-1.42129
1.34978
-2.20737
-0.39109
-1.35975
-5.4485
NA
1.1105
NA
0.3117
-1.3146
-2.15152
NA
-1.99471
0.72957
-1.362804
1.00926
-1.6228
1.31658
2.5144
1.00468
-0.0621
-2.9533
3.00676
-5.31
0.917853
-0.3845
-0.88292
-5.28
-0.3217
2.06575
-0.1611
-0.98044
-0.21022
-0.56042
0.05374
-1.2976
0.63495
2.3
-2.88996
-0.409
0.377926
-0.2695
5.85122
-1.30681
1.36315
-0.240094
-0.87697
-1.40661
1.01313
1.11302
NA
0.927265
0.89677
-0.95159
2.98848
-0.55177
-8.9477
-0.387555
0.70516
2.82691
0.515198
-1.2572
-0.01427
3.48655
-1.79728
-1.78284
-3.1289
-0.94637
-1.16149
0.6429
-0.12264
2.75
3.0209
1.23504
-3.03824
-0.3186
0.17548
-1.0257
-0.42513
-0.246391
1.9969
1.16023
-0.0211
-1.99409
-0.98019
-4.92755
-2.09697
-4.04999
-2.4134
1.4491
-0.82794
2.54784
0.9231
0.78822
2.04654
2.79325
0.8344
2.086
-1.23837
0.56012
2.09727
0.03508
0.55833
0.08169
-1.77902
-1.05487
2.0009
0.51053
-0.34279
NA
-2.01324
-0.04231
1.46405
2.0583
1
0.39191
-1.4035
1.86373
-1.2983
-4.41019
1.54726
1.239195
-0.31252
-1.42748
-0.05627
1.58532
-2.11587
NA
1.34778
-1.20602
3.32466
1.76145
-1.00799
1.0537
-6.59692
-0.61793
-1.48659
1.61607
-0.29364
-2.05751
-1.24794
2.01
-0.06223
-1.37796
1.84993
2.05
0.44951
-0.17225
1.10574
0.11941
-2.14406
4.7874
2.09
0.43413
0.62998
0.4486
-0.67102
-0.622
NA
NA
0.2563
-0.054
3.23894
2.81973
-3.0635
2.97298
0.88237
-0.60316
-1.89214
1.19667
1.42419
2.936147
0.6357
-1.7881
-0.47534
0.191
2.216907
0.3152
-0.74043
1.87791
-0.20908
-2.89561
-4.45123
0.421586
-1.18829
-10.19897
4.270897
-2.08589
1.80927
-2.53507
-1.52033
0.96787
-1.54645
1.93764
-1.5936
1.61793
-2.48237
0.88371
-3.107888
-0.08448
-0.740469
-3.78229
-3.7878
-0.07809
-3.06977
1.21963
-0.17504
1.41084
2.0447
0.71435
-0.34245
-0.82556
-1.3393
-2.17194
-0.19827
1.43435
-0.07673
2.0371
1.13721
0.12235
4.58735
-0.61766
1.21114
0.47448
2.73616
-3.432605
-0.7684
-0.92974
3.84081
0.37034
1.07221
2.01549
2.09415
-1.28992
2.72322
1.0675
0.09761
4.98877
0.32869
0.571616
2.333614
4.67066
0.00665
-0.544175
0.52511
0.06501
-0.38778
NA
0.28634
0.8518
-2.842293
6.649499
1.257274
1.51644
-0.7799
3.49102
0.3936
-1.1427
-0.25732
1.10432
-0.9115
-0.54903
-1.36679
-0.45117
-0.50786
1.56475
1.282784
8.37773
-0.24258
0.54877
-1.76482
-0.91526
1.34379
-0.33337
0.10036
3.332293
-0.2697
-3.5009
-1.80939
1.22574
-1.67176
-0.355018
-8.130521
0.09092
0.51708
-2.9663
1.05338
1.88032
-0.89082
3.00525
0.46207
-1.7836
-1.246995
1.8675
-1.357777
-3.696488
2.9586
-2.278312
1.269548
1.15987
4.25435
0.69264
0.087504
0.38706
-2.313886
0.07971
-3.2473
-0.608097
-2.966793
-1.16081
1.569652
0.26081
-2.130535
0.750682
-1.039995
-0.47483
-4.282211
-0.507003
4.50493
0.13275
-0.41955
0.100346
0.63678
-0.6943
1.61879
0.62727
-1.71729
-5.64215
0.140101
-0.48425
1.98149
1.4227
0.970769
-0.72019
-1.03062
-0.06633
0.13517
-2.53465
-1.670928
-8.852
3.13945
1.9006
1.91928
0.75273
-1.093194
-0.15068
-0.701203
0.26989
-0.630316
0.603141
-0.92069
1.40706
1.66346
-0.63997
-0.1673
0.86349
0.616121
0.64591
-2.07
-2.112491
-1.397402
1.567493
-0.42092
-1.86124
0.46915
1.03268
1.22399
-1.9
0.28
0.35267
-4.66285
-2.3124
NA
1.10278
-3.04234
3.22789
0.743356
1.4354
0.282
4.0066
0.229952
-0.418546
1.35061
2.027219
-1.523897
0.75351
0.79877
-0.17168
1.94854
0.826971
-0.1623
-2.7263
1.8111
-0.251
-0.5603
0.517776
-0.70298
1.74664
0.10798
-0.99
8.954345
-2.0992
-1.5191
-0.454576
-3.62021
-0.4575
0.62712
0.3423
-2.11064
-2.305494
0.16676
2.48771
-0.9115
4.562456
1.0119
1.39926
1.260063
-0.79134
-0.961772
1.19403
-1.73252
-0.50517
-1.14981
1.23987
0.497864
0.693587
-1.830026
1.491811
1.79691
-1.51902
0.0715
1.679
0.5695
1.31823
0.69971
1.56628
-0.70466
-0.43039
3.29182
-0.10489
1.84413
0.69618
0.67449
1.69446
-1.67677
-3.08677
0.9146
0.60911
-0.41556
-5.38789
1.85164
-2.22284
1.0885
6.2269
0.9595
0.13978
-0.54014
-1.7953
-1.88919
-3.34265
-1.19675
-4.65325
0.87038
-0.46394
-2.3733
-0.5734
-3.31855
-0.75655
NA
0.60968
-0.73936
0.02759
-0.52718
-0.7481
-0.5688
-1.53417
-0.48386
-1.37448
-0.38769
-2.83039
-1.07208
-0.04781
-0.9486
-2.48352
1.0637
0.57582
1.4973
2.2161
0.922
-3.09849
-1.36328
0.91357
0.55148
5.7984
-6.41212
0.74107
-3.74804
0.19667
-0.53221
1.11455
0.6662
-0.6119
-0.18737
-1.27554
1.09997
3.61299
-1.55165
0.43518
1.3289
-5.51686
3.4043
0.08869
-1.66364
-1.20454
0.1986
0.99253
2.88041
-5.19229
0.67686
0.54737
3.316491
0.59157
0.2092
-0.06184
-0.42399
-0.6277
-2.36482
4.682056
-0.113638
-3.46893
-2.42302
0.92857
-1.64767
-1.3046
0.27586
-1.87722
0.95508
-2.10071
-1.5482
-0.00343
-0.66634
2.06076
-1.1164
-1.02224
0.81199
1.92073
1.21046
0.88904
-2.20984
-0.60174
-1.00708
2.03404
-0.12629
-2.26592
-0.6086
-5.99159
0.563
0.60328
1.08204
-1.12232
1.32172
4.3286
0.29324
-0.5344
-3.31513
-2.44801
1.10072
0.383
-0.85138
0.32547
-0.39628
-1.1656
-2.54774
-0.5505
2.11856
-2.5046
0.40992
2.29441
4.19992
-0.70289
-1.16816
0.28361
0.66928
1.11035
-0.96448
0.26406
-1.62551
0.35428
-2.5395
-2.4056
0.0826
-3.6541
0.28796
0.21798
-1.62789
-1.7193
0.66647
2.2249
0.13604
-2.0414
0.05856
-11.97188
-2.53542
-1.027813
-1.8304
-1.17849
1.78339
-1.18485
-0.73274
-1.0171
-1.59071
0.25184
3.16105
1.16154
-0.946
-2.6721
2.60925
-0.13149
-0.95749
-2.74719
-1.01738
-0.57937
1.24766
0.79808
-0.69833
0.9155
0.89722
-0.42056
1.51389
-2.98812
1.7222
1.07401
0.62281
3.25822
-0.6998
3.11886
0.4403
-0.33832
2.14844
-3.5309
1.19341
-1.1429
0.75304
-0.27829
0.6612
-0.86398
1.08013
-0.19591
-0.70736
-1.54352
2.5151
2.22782
3.316
-0.17967
1.8094
-1.31606
-0.53474
-1.27021
0.13063
-4.9644
1.07217
0.35371
2.73228
3.82005
5.1722
2.37337
0.9865
-1.0757
1.6092
-3.529062
6.737
-1.23517
0.12785
1.8606
0.48604
-2.30006
0.76552
1.52964
2.24938
-0.2666
-0.81259
0.89409
1.21703
0.43618
1.8791
-3.50855
-0.78293
-1.18144
-5.055
0.9066
-4.13439
-0.77001
-0.46934
-11.16412
0.4132
-3.10144
-4.98778
-1.82224
0.233
0.77786
-2.52212
1.49523
1.3611
5.28365
0.8437
1.6469
-2.8152
0.51895
3.59674
3.0538
-0.33242
-1.40423
-1.4211
1.1409
1.1326
0.0989
-0.1536
1.8444
-2.3004
-0.1029
3.5176
-1.9007
-0.327
-1.1923
-0.22063
-1.1105
1.058
-0.2992
-0.8003
-2.2881
1.6999
-1.5427
0.1307
1.0294
0.41562
1.5026
0.6774
0.3372
-0.1586
0.07692
6.5934
0.6216
0.8373
0.462
-4.1017
0.2316
0.2646
0.9106
3.9679
0.0559
0.2433
0.0622
2.6153
1.1175
-2.6187
-2.844
1.595
0.2941
-1.8551
5.4043
-1.7697
0.4891
-0.2557
-1.9227
1.7044
-0.76454
-0.80746
0.40634
-4.98695
1.5032
-0.86414
-1.56524
5.29172
-1.7254
0.28554
-1.65436
-0.96976
2.25219
-2.48913
0.9995
-4.31021
0.81714
-0.4526
0.51533
-1.03356
0.1916
-0.64169
0.92567
-1.95055
-0.54364
0.793
0.80304
-1.5816
-2.2471
-0.11304
-3.1084
0.66232
-1.26611
-1.57264
1.84992
0.84347
-0.90791
-0.14787
1.43488
-1.30428
-0.07082
0.20769
-0.64643
0.67698
0.87091
-0.49666
-1.28979
-1.70717
0.17878
1.30119
-1.70317
-3.66221
-1.68891
-0.12686
4.36843
-0.10725
1.3649
-2.43752
-1.1034
0.50916
4.95805
-5.511
0.55263
-3.06979
-2.43933
3.14846
2.33235
-1.25449
-2.8377
0.9528
1.74119
-0.87208
-1.90827
0.89958
2.609007
0.32848
0.63064
0.06583
-0.4152
0.38785
-0.1339
-0.14342
-4.72532
0.1752
-0.16711
-0.01217
2.2016
1.976893
0.62896
-1.109675
-0.00499
0.55211
-2.8138
0.9891
-3.76491
-0.15387
-1.31645
-0.30011
2.26232
1.2856
-0.96903
3.42
-2.60598
0.53401
-0.74008
-0.62159
-4.2242
7.25063
-4.925118
-0.42536
-0.72962
-4.59674
-4.32484
1.39603
3.3801
-1.5681
0.9025
4.8165
-0.5854
-2.0691
0.43226
-1.05243
-0.72922
-2.50398
-1.2109
0.3064
0.35155
1.49362
0.03239
-0.4018
0.39334
0.00495
-0.2565
1.4791
0.245
-1.91075
-0.43668
0.3542
1.01805
3.16258
1.5099
2.27582
0.34879
-2.0206
1.69454
-1.2
-0.94755
2.69403
-8.147452
0.06079
-3.07649
-1.54234
3.13
-2.3099
-4.94895
1.51614
1.54235
1.92298
2.20514
-0.0135
-2.3005
2.73886
-1.68818
-1.65341
1.63806
1.61349
-0.848405
0.36639
-4.80772
0.7643
-10.73149
3.54649
1.5331
-2.95178
-1.69587
0.2438
-1.0188
-0.4641
-2.93031
0.427125
-4.21919
0.56338
0.0642
0.29968
1.26973
8.31545
1.11148
1.09462
0.32204
-0.09609
0.09577
0.9703
0.68124
1.06847
0.1818
-2.85366
0.3835
3.56756
-3.78437
0.78271
-1.47
1.4519
2.094
-1.38472
-1.39827
-2.45701
0.38389
4.2057
1.39593
2.31178
-0.1499
-0.0463
-6.95322
0.32473
-0.6895
-0.57441
0.91249
2.6987
2.29175
1.82592
2.43569
0.19821
-3.190264
-1.70163
0.1363
3.12317
1.02496
0.79663
0.210633
-1.07913
-1.00333
2.9107
-1.50035
1.4982
-4.67537
NA
-0.07287
-2.2986
-0.16714
-0.46843
1.67029
-0.16622
3.65225
0.3461
-0.0781
1.2634
1.3135
0.4227
-4.30456
0.82896
1.18832
-0.13056
5.07282
-3.40887
-0.73903
0.6825
-1.53571
-1.08553
0.89257
1.03513
-1.9481
2.78542
0.61616
-0.07466
0.0593
-1.42138
2.5525
-0.63595
-2.41847
-1.5117
-2.80917
-0.75699
1.42456
1.88834
-0.2113
-4.43893
2.20538
-4.67153
-1.66012
-4.62054
-0.83593
1.29455
-1.56348
-2.3097
-0.70295
-2.77203
1.40567
2.7973
0.39013
2.29162
-0.65575
-0.76358
-0.24645
-2.4393
-1.2688
0.12259
1.51311
1.88576
-4.89701
6.69023
0.13824
-0.77703
-1.57659
1.989637
1.0042
-2.68757
0.49075
-2.74776
1.11335
-0.6288
1.3652
0.35304
-2.16099
1.34764
2.92831
-3.7251
1.8308
-0.1176
1.8289
-0.8859
-1.09666
0.3257
-0.64873
1.15099
-0.02669
1.8716
0.657487
0.47881
2.325487
-2.99857
2.5888
-1.2547
3.7766
0.6801
4.54249
1.00256
-3.74519
2.09798
-2.22342
-0.6673
-5.0082
-1.07143
0.27326
-2.07722
-0.986
-0.0107
8.85214
2.38673
0.34599
1.0674
-4.3383
-4.73216
-0.8572
0.276502
-0.3902
-3.1796
0.2522
3.48402
-2.00815
2.13351
-0.5075
-2.1497
0.9573
-0.8092
1.5718
-0.52002
-0.46376
-0.55414
-1.0254
2.75465
2.62268
0.241693
-0.0112
0.86674
0.88389
-4.24762
-1.39798
4.06898
1.63999
3.41841
-0.35831
-1.26778
-0.56285
3.34988
1.28902
-0.34611
-1.12654
-0.00673
-0.05493
1.08499
-0.2392
-0.35683
2.26156
-4.0777
2.62552
-0.63827
1.62922
-1.85669
5.10862
1.0407
-1.76745
1.38635
-7.57433
1.86017
0.83888
-0.2539
1.1163
-1.18399
0.252
0.7329
0.058
-0.9585
-3.27044
1.81688
1.549
-0.0107
0.37904
-3.67704
0.00908
1.80277
3.81251
-2.1576
3.0938
0.00719
0.44441
-1.02186
1.95627
-7.34066
0.34799
1.6603
0.0132
-1.6835
-3.19653
-1.81434
NA
1.71852
-1.24136
-0.95095
0.18507
-0.14911
-0.0434
-1.39704
2.719
-1.218
-0.15834
2.2083
-2.19169
-1.1363
-0.89514
-0.63585
2.3964
0.32734
-0.4588
1.72733
0.574
-2.1783
-1.10358
1.92548
2.3947
2.6178
-1.89192
-0.5823
0.61391
-3.98502
-0.22247
-0.93477
0.61791
1.21904
2.13333
1.1582
1.7808
0.30025
-1.8328
-1.6993
1.93923
-3.3618
2.03956
-0.96564
2.245
-2.53843
-0.71516
0.8458
-0.5309
1.19248
-0.0586
1.9796
0.21715
-1.7584
1.30268
2.0776
-2.3711
0.20369
-3.2244
2.35783
1.0369
1.79548
-3.41329
-0.81131
0.00399
3.83308
-1.1997
1.00321
0.74174
0.0284
0.28314
-0.05018
-0.98371
-1.17798
-1.40316
3.02681
0.97653
-1.018743
1.32761
2.562
1.5321
0.2697
-0.02572
3.63512
0.34165
-2.22804
0.8854
-0.8314
0.72984
-0.6217
2.51557
-3.77278
-2.35786
0.10797
1.2253
-0.17814
1.97081
-1.20169
1.60569
-0.70229
-0.21839
1.0156
-1.07247
0.62425
-0.76709
-2.3494
-2.54192
1.83038
0.15013
-0.04242
0.31113
-1.5979
-9.3065
3.18762
0.41171
0.83688
1.55258
-3.85278
1.437418
-1.5251
-2.48303
0.21157
-5.21517
-1.81662
-0.095
-0.8435
0.64807
-0.48606
-2.54578
1.86594
-2.805502
-2.20626
-1.75532
0.0971
-1.4295
-1.89891
1.188
-3.447509
1.37104
-1.1091
8.8793
1.529
-0.2642
0.31389
-52.63076
2.13
0.75184
1.53035
0.60601
-8.88224
-2.5902
-2.77242
-3.0721
-5.18658
1.73334
-0.50812
5.07123
-0.47775
-0.63512
1.45972
-1.00864
-0.33957
-10.06426
-1.21642
2.299403
-1.06668
-0.07743
-0.38736
-1.11438
2.23839
-1.68195
-1.105765
1.72664
-1.05112
-0.5488
-0.7804
7.13068
-2.78985
0.572597
-1.47416
-0.61928
0.6238
-0.21595
3.1233
1.69778
0.98374
0.00205
1.6641
-0.7974
NA
1.07277
2.8485
-0.66149
1.8259
-1.99223
-0.12293
0.13385
-0.25974
-0.433992
-4.05504
0.18769
0.7424
2.39267
-0.32674
4.71216
-1.14784
-0.9568
1.96549
0.36042
-1.15129
0.55392
1.4641
1.60789
-2.50159
-0.57966
-0.00561
-0.86341
-0.40439
1.05537
-3.05671
-0.95395
-0.23617
1.6651
2.55458
0.03783
-0.29382
-0.16639
-1.47859
-1.83305
-0.10045
1.955619
0.85877
2.13397
-0.41543
2.0781
2.99949
0.27432
-0.30373
3.55849
0.0186
1.10527
0.69294
-2.0605
1.11874
1.25414
1.01365
-0.40061
-5.71062
-0.39286
-0.57091
-3.0228
1.62101
2.30114
0.43297
-3.13878
2.8436
NA
3.21744
-1.1938
-2.8455
1.33683
-1.19105
-0.16187
-0.86955
-0.59338
0.21077
0.63954
4.21288
-0.6152
-0.13798
-2.38598
0.95898
2.83124
0.22945
2.331
1.28249
-2.78853
3.162
-1.0995
0.89087
0.60251
0.6061
-1.00543
-0.92204
NA
0.2401
0.4232
2.54016
0.87845
0.73329
0.45408
-0.82992
1.13353
3.25258
1.87181
-0.24795
1.64046
-2.89495
-1.39271
-0.16136
1.17575
-0.9125
-1.015
0.204809
-0.653
-0.0961
-2.92083
0.05558
4.11496
1.2016
-0.24851
2.36392
1.80853
1.34783
NA
NA
0.91655
0.0614
-0.41584
-0.35306
-0.21137
-0.9175
0.51868
2.14479
-1.27896
NA
-2.2298
-0.86562
-0.4187
0.61258
-1.6039
NA
-0.0291
-1.19766
-1.96333
-5.7591
3.30048
1.65395
0.32554
1.68699
-2.335802
1.0333
-1.32741
-0.4818
0.67209
-0.97301
0.85494
-2.4601
-0.39537
-2.4667
-1.87747
NA
2.13475
2.10857
0.8786
1.970973
-0.55417
-2.86353
NA
4.17794
-4.52732
0.03769
0.92223
-0.92773
-0.81193
0.03427
1.38482
0.78445
-0.600925
0.559
-1.14365
0.673772
0.10145
-1.60448
-1.47106
-1.8088
0.502139
-0.76558
-0.50258
0.609905
0.72292
-1.69625
-0.37453
2.99688
0.000289
0.77059
3.59124
0.83345
5.28402
1.48201
0.731
-4.7127
4.16683
-0.15844
-2.10259
-0.42899
-0.211798
-1.08
0.31864
0.316
0.3731
1.87021
-1.6632
NA
-1.32
1.55955
-1.73
-1.5155
4.202
-0.817708
-1.3002
1.37483
0.251036
-0.000298
-1.1708
-0.7749
-1.78168
1.87795
-3.5628
-0.546
-0.16113
-3.43428
2.10321
1.86448
-2.30909
0.86227
1.62118
-0.411
0.334548
-0.71478
-0.17862
-0.8025
-0.473979
-0.84476
0.46128
0.66614
-0.32895
0.392
-0.40271
2.486266
0.62925
-1.49999
-0.4306
-0.25829
5.28
-2.18084
-3.09703
2.07783
-3.758611
-1.22
3.66
-0.20778
-0.759
-0.79958
1.72216
-0.197657
0.422646
-0.85507
2.79865
1.6178
-1.314127
-0.25069
0.06342
1.52
-0.25699
1.76
1.41662
-2.32069
-0.8459
2.01289
1.04438
-1.334745
2.22
-1.1357
-2.27
-2.1817
4.38435
0.39758
0.276
1.55043
NA
0.22782
-0.8469
-6.2
-0.653
-0.16976
-0.000333
-0.407356
-0.34551
-0.20876
0.444
-1.901657
1.48876
-1.72919
0.07625
2.30852
-2.25228
-1.5069
-0.3347
2.25503
-1.49514
-0.64671
-3.11572
-2.97904
0.94984
6.8073
2.4142
4.29022
0.35311
-0.27906
-0.5548
-2.53464
1.3629
-1.94445
-0.31456
3.03267
2.17209
1.00317
2.902323
-0.17871
0.31355
-0.19731
0.14538
1.45171
-1.2368
1.19509
1.14141
-1.023
1.1989
0.8302
1.6488
0.0395
-1.9621
-0.03656
-3.38378
4.2642
-0.74449
-1.59833
0.37307
1.73023
0.4065
1.91158
-1.78115
3.15175
1.64749
-1.08
-7.174
-1.3081
0.59215
1.6179
0.60897
-2.1193
-0.00979
1.80151
-1.4984
NA
1.2632
-4.57906
2.25953
0.48431
-0.76902
-1.26764
1.0964
3.0183
-1.559
1.43861
2.05452
-3.0482
1.650697
6.684581
0.41085
-6.5602
-1.23549
0.4924
-1.0523
-1.2755
1.64672
2.92459
6.3071
2.28125
-0.1105
0.1425
-2.0491
1.20927
3.0511
-2.65257
0.54793
0.336046
3.90975
-1.74961
4.72661
-1.15526
1.1792
1.07996
-0.15419
-0.4207
-0.5708
-1.4549
-1.96783
2.2508
NA
-1.7816
-2.0041
3.54267
-3.55318
-0.28707
4.01036
-0.4634
1.09097
1.73925
-1.6816
-0.91627
-1.93893
1.15461
4.00113
0.36087
0.8627
-0.87583
-0.4384
-6.93963
-2.2356
-0.4524
-0.94466
-0.1521
0.47753
0.4319
0.02241
-0.78162
5.94389
-2.92883
-1.63902
-3.21
1.6207
-0.15202
-1.52765
-1.152488
-1.38996
1.17187
2.611101
-2.0359
0.03752
1.95248
3.64089
-1.41565
0.6599
-1.3485
-0.96832
-3.116
2.83559
-0.4621
1.45697
0.26253
0.36292
-0.8136
1.13908
1.05919
5.09049
0.54826
-2.62622
0.84536
2.3849
1.94512
0.68017
4.78197
2.15898
0.75976
NA
0.94598
4.0662
-3.17562
3.51521
2.11011
1.9297
0.22966
1.3237
-0.33636
-1.84637
-2.618
-0.75047
-0.6054
-1.06862
-2.36717
-3.19274
1.186054
-1.60022
0.1958
2.0474
-0.50213
2.04595
-2.22797
-0.64951
-0.838412
1.87368
-1.213165
-0.91571
-0.41555
-5.74232
0.35829
-1.62758
-0.91577
-1.29972
-1.8678
2.49648
0.33865
0.98854
3.74421
-0.643
0.04392
1.2112
3.04694
-0.3048
-2.65619
2.5118
-2.90654
-2.57661
-4.19522
-5.5085
3.9904
-3.45141
0.3324
1.57157
1.66782
1.5761
-2.38681
-1.06412
-0.662
0.885179
1.3374
-0.90219
2.8316
-2.2297
-2.35358
2.3977
-0.80053
-2.24341
0.958
2.72587
-1.78988
0.73334
2.05068
3.76702
-2.37034
-3.22792
-0.53182
1.13209
-8.30034
0.5172
1.34404
0.39062
3.3122
0.05453
-1.42932
0.6022
-2.75035
-0.40084
-0.15077
-1.85774
-2.57962
-0.6231
1.62492
-1.29891
-0.374544
1.36408
-0.39745
-1.13738
3.57265
-1.276275
0.61024
1.013
-0.82589
1.2695
-3.61186
1.6066
2.22528
-0.8948
2.65887
0.31311
-1.97568
-0.6106
-2.38
-0.94059
2.16256
-3.18053
-3.13207
-1.05507
2.60946
0.12032
1.27343
-2.1574
0.148
2.57907
2.26006
1.0969
-3.50075
-0.91916
0.7044
1.16036
-0.8188
-1.14634
-1.5664
0.20221
1.91704
1.1997
-0.75871
0.31166
0.571
0.22018
5.33687
-1.3465
-0.34824
-2.99952
2.03309
-0.385668
0.2856
0.21474
-1.37802
0.083098
-0.87699
0.50035
0.95759
0.14186
-4.08432
0.1072
-0.668
-1.25735
-0.5115
1.3047
0.08488
6.75505
-0.1939
3.88994
3.7314
-2.60269
-0.42299
-0.5397
0.45932
1.7122
-1.8257
-1.3291
3.10969
0.03964
1.3044
-0.5378
0.6548
0.8376
-0.83861
-2.6572
-2.91
1.8371
0.68228
-1.77571
-0.15315
-2.33445
2.82493
-1.35
-1.947723
-0.45793
-1.1847
0.34977
-5.58625
-1.24871
1.08046
-0.657
1.59
1.0116
-0.6973
1.785
0.71471
2.10878
-2.84184
0.90873
3.0808
-4.70584
1.65347
-2.1269
1.60603
0.09161
0.0363
NA
1.3516
-1.51554
4.05727
NA
0.493534
2.9852
-0.23783
0.35603
-1.04462
-5.50239
0.85959
0.8274
0.65387
-0.66304
-2.19471
-1.26368
1.11645
0.54288
-0.945
1.62432
1.91729
0.48915
-0.87696
0.931304
-0.82626
0.3886
0.87739
9.92788
-3.29183
1.31534
-2.00847
0.4098
1.03964
0.31765
-5.66088
1.47
-0.32233
-0.4105
1.1531
2.01543
0.40466
1.3758
3.43346
0.665291
1.77055
-0.3536
-2.5665
-2.79449
-1.51466
3.29919
-1.98895
-1.89913
4.80253
0.87234
2.00455
-3.88073
-2.84482
-1.1005
0.13622
1.9969
-4.708
-1.239283
-0.265
-2.17
-2.27731
-1.51661
1.066411
1.5781
NA
-1.49658
1.3054
1.7255
-0.17714
-1.53459
-0.8288
0.97659
1.81751
-0.738849
1.48947
-1.53156
0.12272
1.527332
-1.76641
0.60001
-1.7003
0.9789
-13.46758
-4.536724
0.7836
NA
-0.3074
-1.22769
-0.396378
0.40708
1.75604
-1.12462
4.1082
1.17991
-1.41748
0.7514
-3.44988
NA
1.05605
0.32241
0.9609
0.2958
0.157
0.05595
1.965565
1.6956
-0.4806
-3.09469
0.779427
2.92984
2.4107
0.7951
-0.653
-0.92108
-3.55
3.02626
-0.21094
0.6396
0.9048
