-0.29149
0.62961
-0.53231
-2.48242
2.9131
1.01353
-1.4445
-4.1795
-0.15217
1.479
0.60376
2.99495
2.11224
2.86218
-4.89818
1.87946
-0.295
1.71262
1.88393
-0.86635
1.42985
-2.71155
-1.43689
-5.18357
-8.21229
0.24836
-0.18052
0.47071
-0.03441
1.966
2.56882
0.7786
0.10492
-0.724
1.41
0.018
-0.61539
0.79922
0.71494
0.10766
0.2912
-1.6902
2.3047
-1.06704
1.68717
-0.63372
-0.3995
-1.19435
1.69429
0.124
1.65086
-1.47496
-0.32742
-0.07206
-2.6935
-3.40751
-0.05503
0.49851
1.749
1.59301
-3.96e-05
-1.19556
0.03619
-0.83994
-0.48595
-1.60353
-2.1661
0.0758
-2.15
-0.501
0.761
1.2
-0.19552
-1.62532
0.19936
-2.4893
2.77309
0.677
-2.71
2.61
7.20242
1.29201
-1.32844
4.49088
0.73579
1.04838
-4.13025
-0.70369
3.09428
-2.46568
-0.1117
0.18986
-1.17891
NA
-1.82992
0.62108
0.805
-1.0781
0.55537
-0.44979
-7.08025
-2.0109
1.95805
-1.86475
3.39334
3.49296
-0.5203
1.42
-0.1484
-2.00889
-3.76447
1.03291
-0.47591
-1.9984
-0.337
1.71558
-1.99488
-0.80421
-0.34642
-0.1584
1.11468
-1.45662
1.1215
1.96806
3.857719
1.13
3.8051
1.90453
1.20906
0.69821
1.05648
0.63223
1.27964
-0.85604
-0.07402
-1.16114
0.8032
0.912452
-1.23965
-2.40135
-2.73819
3.08711
0.87876
2.5743
0.84564
-1.30873
-2.66377
-0.51067
-1.50576
1.42142
4.04331
-2.2205
-2.860414
5.31634
-2.48497
2.7844
-13.02033
0.94701
1.5172
3.75004
-0.35367
3.10356
1.527
6.8855
NA
-0.0609
-3.71686
-0.6356
0.61669
4.63325
-1.97504
3.55151
1.79604
-2.18362
-0.86703
-4.13763
-1.9548
NA
0.09899
-0.55761
-2.23212
2.3824
-0.80398
-0.06413
-0.9439
-1.19616
2.61536
-2.16133
2.05268
0.9966
1.8166
1.49971
0.70747
-0.79146
-4.00249
0.13032
0.75346
0.13562
-0.86221
-1.04975
-1.9384
6.03367
-1.34573
0.99758
1.0149
-0.02497
0.1272
0.08069
1.98578
-8.42
-0.1931
-0.4091
-1.48335
0.89479
2.30157
-0.30901
-0.003
0.12976
0.72898
-1.98532
0.62422
1.51654
1.39089
0.63408
1.089257
-0.93797
-0.0177
2.50747
-0.04798
-0.69613
-0.96199
2.30816
-0.18123
-0.47483
-2.121498
2.81942
-0.68718
-1.75676
-0.71727
-0.48861
-0.70805
-4.27146
2.42
-2.62512
2.46181
-0.2606
1.23978
1.0501
2.73164
-0.56561
2.49144
0.60575
-1.28928
1.7009
-0.48234
-0.51244
0.00668
0.2116
-0.52496
-0.13908
1.17359
-1.21293
1.34
1.67857
0.72231
0.20811
3.250779
-0.32572
-0.28
0.3104
-0.69033
-3.96874
-1.542
0.35467
3.0135
-3.76203
-0.89221
-2.32
0.52259
0.58746
-0.07964
-2.2835
-1.56932
-0.9632
-2.12903
4.51417
0.98661
0.7458
0.71778
1.26477
0.5295
-3.1931
0.2263
1.06206
0.85042
0.8584
3.414201
-1.00874
1.23126
2.67921
1.32758
0.965
3.07245
1.6658
-1.0765
-2.28593
0.05731
5.31595
2.22712
-1.95019
0.8467
-0.59268
2.48164
1.31859
-1.79443
0.6759
1.05691
0.24397
-4.17215
-0.0754
-1.3356
0.38853
1.22138
0.223
-12.47875
-0.36119
0.09017
-0.10655
-1.20007
5.47348
3.66798
1.30165
-3.89506
-3.31017
-0.57694
5.70746
3.03902
-1.96615
-0.145
-6.46883
-0.219
-0.1654
-0.72904
1.59885
0.37406
-1.37
-0.3036
-0.95895
0.35813
0.3306
-1.523484
-1.23774
0.591798
-0.05913
-2.57322
-1.37067
-0.9813
7.0611
3.11661
2.33607
-2.25977
1.4446
1.09964
NA
0.57144
0.52038
-0.2507
0.571
-0.45161
-1.0313
5.1177
-1.312898
-0.36314
0.53449
1.6616
0.7223
-1.90971
-1.24729
-0.82271
0.11499
1.5194
2.97028
-3.40156
2.2277
-0.30748
-0.99857
-0.9979
4.03155
-0.6199
0.03922
1.76916
1.0257
-3.14601
0.39655
0.73589
-2.77051
-0.9672
2.13718
2.18417
-4.65355
1.8
0.08985
-0.85473
-0.04628
1.41324
-0.36577
0.61847
1.9494
1.0797
1.8991
-1.807
0.317
2.46806
-1.02876
-3.09388
-0.37796
-1.81733
-3.23407
-0.19
-0.91606
-0.7029
1.42
-0.21613
0.95212
-1.60211
-0.7974
-0.50293
-5.41393
2.05954
3.5097
-0.48694
-0.0354
-3.35422
0.66915
0.64931
-0.81721
0.4692
1.37418
0.03919
0.5944
0.369
0.311
-5.51417
-0.5468
0.604
-0.08415
-0.52454
-0.72962
0.755
-0.57008
2.69875
2.1863
-0.83947
-3.53066
12.37895
-1.28058
-0.68203
0.36645
-0.49851
1.73308
-0.01877
0.42911
-0.8473
0.68846
1.91832
-2.80236
4.65323
-0.6699
3.10101
-1.048
-0.17311
-1.7549
1.9384
-2.40502
-2.23
1.170495
-2.64067
1.58405
1.90914
-1.8594
-4.55995
0.2383
2.0202
-1.988184
1.25482
3.61776
-2.51224
0.50172
-1.29148
14.17421
-2.50558
0.13919
0.401
1.70044
-4.967632
-2.4459
-1.3427
-1.85
0.127
1.47049
1.00233
2.54359
1.58572
0.93359
1.18697
0.59206
1.6321
2.87428
0.86074
-3.62237
1.88762
-2.21928
1.4665
-0.57324
-5.74031
0.6541
-2.27053
-0.04723
-0.189
2.8426
1.0313
2.41871
3.77212
0.923
1.62513
2.02365
1.3788
-2.26977
0.557954
2.03161
0.72789
4.98325
NA
NA
-5.85818
-0.4534
0.097
3.68701
-0.1109
1.2183
0.36728
-0.68704
0.61408
-2.69027
2.83015
-8.14
-0.5109
3.73569
-0.49201
-2.46488
-0.38905
-0.3053
0.59067
0.30697
-1.05074
-3.498
1.48592
-0.64598
-1.02404
0.8742
2.02508
3.53362
7.07169
-4.46554
-1.13787
0.6401
4.06262
0.237
-2.2109
2.0809
-0.70891
5.92345
-0.5323
0.2198
1.9439
3.78839
1.05854
-3.93475
-1.4436
-0.24667
1.5534
-0.877
-3.77004
1.64059
2.3849
-1.71975
-1.23527
2.33702
1.37411
0.65298
3.5333
1.05382
-0.38402
-1.09281
-1.82994
-3.7178
-0.1666
6.40156
-0.86321
1.5631
1.77989
5.17961
-2.5571
0.66301
-1.52327
-0.2664
-5.87538
0.40388
1.418
1.47
-2.57862
0.30909
4.42
3.3109
5.47238
1.9139
-2.1206
3.49652
0.94762
0.73162
-0.20621
-0.1748
-0.241
1.38951
-2.03004
-1.76497
7.174
-2.10697
-1.21349
2.0701
-1.25093
-1.65076
0.76719
5.52485
-0.65346
6.29
-2.8
1.99
0.15178
0.73659
-1.12713
2.15488
-0.63213
0.70687
-0.2349
-0.67545
-1.87665
5.10743
-2.6032
-0.2857
-1.09475
-8.98
-1.7903
-1.99681
3.20479
6.8818
-8.17299
-0.7379
0.2122
2.43021
-0.99609
-2.2274
-9.74003
-0.0838
-2.74516
0.54547
0.91815
-1.36492
-11.77322
-0.90512
-5.7058
0.22578
-8.34962
0.61742
-0.24721
-5.25
-1.65753
2.240543
-1.84334
2.02257
-2.94191
0.25777
0.36066
1.32956
-3.38
0.68504
0.45192
-4.6148
-2.03293
-2.76802
0.2638
4.15391
-1.0873
0.14016
-3.89029
1.61759
0.75904
1.40801
-1.83089
-0.63521
2.06268
-0.91361
6.02
-2.12573
0.35619
-5.44705
1.13733
-0.90538
1.7073
1.74154
-1.13165
-0.2569
0.7554
-1.12
1.18595
-0.19722
-0.74589
2.14093
-0.10613
3.43363
-2.58527
-0.70259
5.51643
-1.54303
-0.78988
0.58928
-0.77112
0.15538
1.132
2.34286
-0.1536
2.30304
2.01594
-1.85675
1.8474
0.89843
-0.52242
2.49276
0.736
1.17829
-1.48962
-2.19116
-0.2379
-6.1317
0.3143
-0.79588
1.82426
0.33996
-0.12686
-0.72926
-2.5124
1.29836
1.88417
-1.35479
1.26781
-0.213345
-3.15905
0.749849
2.189329
-0.6251
2.068897
3.722631
-3.08
-1.60362
-0.46307
1.79797
NA
-0.73288
NA
NA
2.477141
0.13724
-5.7052
-3.20089
-0.05038
-3.926874
5.536848
-0.83143
-1.5574
1.850143
-2.47927
2.32684
1.51419
-0.29819
-0.68438
-1.19307
1.34
-5.17
4.29
-1.43
-1.41
0.81633
-4.20957
2.38949
3.16994
0.8409
10.0809
1.6065
3.4682
-1.2361
2.6518
4.4463
0.6978
3.6295
1.3976
2.0559
1.9668
2.1981
0.4094
-3.8288
-3.9798
-1.2998
-1.1888
0.7429
-0.485
-1.7031
1.7437
0.9814
-1.7804
-2.8334
-2.2279
0.0844
1.2023
-0.8586
-9.7309
-1.4632
-1.6289
2.3366
0.1874
3.8883
-1.9122
-0.9723
0.5512
3.2824
-1.7676
-1.5683
0.3504
-0.416
-1.4655
3.2353
-5.0705
-1.6796
-2.6439
-0.3521
8.4607
1.7364
0.7039
0.9299
1.0493
1.3924
2.7648
6.5696
1.6821
-1.0907
-0.0137
1.3263
-3.083
-0.595
-0.0283
1.1744
-1.1452
-3.7604
2.6657
2.8066
-5.0406
1.262
1.0299
-1.9025
0.3905
0.10213
-1.16965
-0.7194
-1.08452
-1.18656
-0.5523
1.9112
0.94356
-0.59995
0.36567
-1.16459
1.06988
-1.11965
0.2833
1.40345
-1.43209
-0.19754
2.03903
-0.50903
-0.03826
2.24146
-0.13163
1.8307
-0.54979
-3.59273
-1.25477
-1.02698
4.74659
-1.65071
-1.1897
1.26
2.64902
-0.24693
-2.57326
1.49659
-1.539
-1.82235
-1.55269
-10.83289
-0.5797
1.26685
-2.81926
1.24588
0.54
5.77753
2.79364
1.82606
-1.57851
4.85209
3.76971
-0.48123
0.16562
-1.5487
0.21657
-1.01423
2.19552
1.04304
1.06159
-1.9335
-1.50993
0.25733
3.12407
1.24357
-0.69352
0.28678
1.13477
-2.13449
1.17779
2.66042
-0.86729
-1.66605
-0.3676
0.04551
0.33513
-0.58576
-1.06102
-0.4868
-0.08372
-0.36006
3.09575
-1.2162
-2.2627
0.12824
-0.35571
2.1067
4.82051
-0.34545
-4.23085
3.323
0.65252
-1.35261
-0.54902
0.90951
2.32543
1.27896
-2.6919
1.2377
-0.1633
-1.241
-0.3386
1.1747
-2.0628
-2.3908
-2.411
0.9819
2.6042
0.4979
0.7526
0.3015
-0.3727
-1.2354
-0.2945
0.7397
-0.1434
0.4059
0.7759
-0.5661
0.3158
-2.417
-2.52
-6.82
-6.07
0.43
-0.201
-0.684
2.35
-0.0078
1.85
1.34
-1.38
-0.408
-0.864
1.83
-1.36
-2.27
2.71
-0.307
-1.49
-0.0982
-3.38
2.6
-1.75
-1.61
1.38
0.983
-0.242
0.622
0.472
-1.87
0.085
-1.9
-0.953
2.01
-2.62
1.81
1.29
-1.37
-0.185
-0.307
0.635
-1.36
5.78
-1.04
-0.0544
-4.91
-0.227
-3.75
0.852
-1.99
0.151
-0.118
-0.309
-0.5376
0.7273
2.46556
1.55241
2.51031
-0.40075
1.56522
1.70836
-1.08035
0.20577
-0.65017
0.36897
-1.90704
-1.07337
-2.15588
-5.99147
-0.3368
0.79779
-0.7165
0.2132
-1.08507
0.58402
1.16309
-2.18908
-1.52837
2.40414
-5.05435
-0.85778
0.41561
1.35007
-2.6227
-1.39183
0.5949
-1.36911
5.75731
2.02763
1.56596
-1.25583
-2.61741
-1.6368
-0.86158
1.02725
1.85227
-0.23308
2.05831
2.0546
3.54005
1.55574
5.51484
-0.98501
1.81457
1.51122
-1.13
0.2337
2.32124
-2.25547
-1.74622
-0.07898
-2.73398
-0.7683
1.6462
-0.81245
-1.6248
2.05396
0.80206
1.99049
1.74481
4.07884
-1.44158
1.30745
4.0765
-1.69544
-0.92564
-3.572
2.628
1.58026
-0.82352
0.52652
0.86164
0.1641
-2.64883
2.65852
24.11944
-1.21727
0.86494
0.19719
-0.13743
0.62398
1.82816
0.68133
-2.54455
-0.60279
0.54337
1.5714
-0.37991
-0.89214
-2.46695
-5.28033
-0.70505
-0.51244
-2.68579
1.20998
-0.27834
5.43591
1.93549
0.70908
-1.7305
-1.68767
2.26004
2.76486
1.01767
0.77915
3.54508
1.00241
-2.23111
0.3329
0.17814
1.47606
-4.13172
-0.94369
-0.8119
-2.76518
1.9626
-2.53196
-1.1221
0.0222
0.38184
0.2159
4.49404
1.87082
1.32974
3.5155
-3.8521
1.71129
2.04299
2.02854
0.12695
-1.3663
0.44239
4.06951
0.83005
-0.33481
0.62819
0.06765
0.7311
-1.04123
-1.26
1.21181
1.73106
-2.88394
1.68523
2.74027
-0.20997
1.66383
0.68904
-1.00108
0.92256
-0.465
3.29436
-3.49056
-2.68404
0.69564
1.41312
0.07099
-1.17207
-0.6401
-2.49588
-0.6759
1.71301
-2.42421
-1.9277
-0.1127
-1.1568
-1.74171
0.99796
2.72889
-2.78875
-3.3835
5.35925
0.78818
-0.16792
2.26634
0.50016
-3.62671
-0.00498
-2.6646
-2.66413
1.0342
2.63086
-0.79414
2.01136
0.7682
-1.90567
-2.33012
-1.6011
-9.41476
-1.0492
1.81816
2.72263
0.78851
-0.5077
0.73966
-1.75563
-0.58934
1.20134
1.76276
1.6552
-3.50467
-0.27848
1.666
0.01347
-1.73949
-1.76076
-0.43945
0.66085
-3.40568
-1.278364
0.158692
-2.208714
0.4475
-0.294075
-4.394552
-1.704907
-0.637553
5.899987
1.588534
0.628771
1.651869
-1.261434
3.210454
-1.689429
2.334202
1.752065
-0.306809
-0.553178
0.868745
-0.657962
0.362938
0.004602
-0.433823
-2.2503
-2.185013
-0.8723
-0.5222
-2.44743
-0.354844
3.41627
-0.62357
-3.00145
0.33474
9.0503
-0.67765
-1.75073
2.59421
-0.91003
-0.10855
-2.61284
-0.08302
1.54031
0.89804
2.43081
-0.01777
-3.15047
-1.32729
6.30577
-3.41051
-0.80055
-3.27551
-4.8344
-0.31781
-4.33949
5.73263
-9.97321
-8.51568
7.58247
-4.31555
-3.85679
-6.32243
6.58247
2.3122
0.15337
-3.80358
-0.03973
-0.80002
-4.09159
4.20368
-6.9924
6.28271
6.23413
5.06843
-0.89341
1.82329
0.1073
0.8217
1.10737
0.35368
-1.51703
0.88308
4.18975
-0.19758
1.46066
0.78717
-5.80226
-0.22486
-1.74193
1.00521
1.29601
0.06678
0.75452
-1.2825
-0.99208
-2.92822
2.48732
2.78508
-2.01204
7.7823
-4.4663
-11.44808
0.96617
0.8293
-1.11269
-0.94251
1.64804
-0.2045
-1.38827
0.04571
1.06279
2.3961
2.0257
4.95597
-0.80189
0.57429
2.54282
-0.32028
1.9634
0.1768
-3.82214
2.53446
-1.37262
-2.55556
0.13883
0.23985
0.83513
0.44232
0.01169
-1.9768
-0.81851
0.72806
0.74323
-0.9856
-0.86066
-1.01606
-2.3638
2.1471
6.9892
1.13853
-1.44961
-1.2692
0.78879
-1.2675
0.27492
0.48263
2.26512
-1.57952
-0.16869
1.62879
1.3426
-1.54224
2.05397
0.88994
-1.2721
-1.77962
0.09325
2.44559
0.83734
-2.4701
-2.1258
-2.019
-1.03088
-2.18221
-0.12579
1.18792
3.2098
1.90214
-4.6731
-0.75632
0.78836
-17.19745
17.52332
13.47966
0.39675
-4.18135
7.3012
5.12504
-5.00865
-0.60545
2.77014
-0.5613
-0.0185
1.71239
2.45648
-1.86951
0.74679
0.60953
2.55731
1.61972
-1.77094
-1.58635
-0.5862
-1.20714
0.28098
2.35681
-1.1811
-0.3564
-1.16133
2.54123
-0.05513
1.37514
-5.4674
-0.82382
-3.39736
2.26042
-0.62889
0.11958
-1.02838
0.14446
0.37582
-0.21119
0.63342
3.1051
0.3961
1.62722
0.63247
-1.4857
0.2569
0.19795
0.26145
-0.1923
-1.88656
0.48209
0.52326
1.87355
-1.32003
0.95103
1.20201
-1.61507
-0.64212
1.48288
-0.62731
NA
0.5725
NA
0.4745
0.80565
13.4997
NA
1.47198
0.09973
0.2433
-0.47
NA
0.5665
1.95985
-1.34915
0.05348
-0.00936
0.39919
-2.45833
0.9634
-0.14379
-0.06932
1.11014
NA
-1.04671
-0.6991
-2.2571
-0.10526
-3.48214
-2.04258
1.7712
0.65116
1.33952
4.19843
0.73508
2.82142
2.56915
2.9457
1.50659
0.91203
1.93456
-2.59515
-2.76873
-0.02582
-0.7319
-0.09916
1.93123
-1.19629
2.1948
0.17174
-1.9707
-3.57503
-0.44069
0.00719
-1.24389
-1.49022
2.37515
-1.31017
-0.41565
-2.19874
1.4013
0.96483
0.67965
0.4093
-1.08645
-3.56257
1.62368
-0.41995
-3.57836
-0.05662
1.12435
0.63595
-1.2536
2.6904
0.97174
0.50108
-0.45826
1.21282
0.2074
1.34156
0.18224
-0.48475
-0.05643
1.15116
-2.20975
1.5737
-0.0184
-1.05355
-1.66946
1.76663
-17.0021
1.94597
-0.92927
-0.18859
-4.53026
0.70204
0.24713
-0.78193
1.7268
0.36827
1.44158
-3.0136
1.58259
-1.64272
-1.15205
0.56838
0.1377
-0.21382
0.15301
3.56104
-7.74507
0.51483
-0.2352
-1.69779
1.63441
-2.72682
-3.20888
6.56236
-3.32015
6.7499
2.30909
-0.30408
-0.25706
-0.27593
3.18033
0.97656
0.06933
1.05429
1.69658
0.78542
0.10009
-0.15257
-2.18811
0.21139
0.94423
-1.39838
0.45332
-0.23773
1.3356
0.85923
-1.69033
-4.20975
-5.36917
0.92155
-0.9174
-2.20341
-1.37677
-3.217
4.6537
-1.048
-2.84122
2.39007
-1.66904
0.5075
0.01889
2.39402
2.57816
-1.49855
-0.2799
0.73732
1.18216
-0.71735
-0.84179
3.75234
1.529
0.64636
2.4867
1.36867
0.38483
-0.12314
0.19873
3.11419
-0.18658
-0.22551
-0.87442
-1.18421
0.9225
-2.00164
1.21148
-0.90649
-8.2528
0.62642
1.34336
4.27979
0.78969
-1.61954
0.237
-0.41916
0.89903
-1.3552
1.92
1.54695
0.46913
0.72965
-0.3443
-0.57948
-1.23684
-0.9728
-1.523
1.50816
-0.72317
-2.72935
-2.94508
-2.17318
-0.26645
-1.77716
2.26865
-1.84363
0.40951
-0.64305
-0.46301
0.4086
-0.28642
0.1082
-0.23987
1.66735
0.30252
-0.01401
-3.89634
-0.50751
-1.15391
2.11207
1.54292
-2.11291
0.99243
0.39984
-2.78312
0.75676
-0.5601
0.05228
-1.14413
1.09878
-1.62729
-0.94794
2.31189
5.4769
0.06651
1.47992
1.64592
0.05946
-0.15465
-1.2653
-1.01243
-0.91534
1.562
-0.0779
4.00494
0.78719
-0.13754
4.94958
-1.09839
-3.4974
0.41628
-0.05608
2.52804
-4.61767
0.46486
-2.21893
2.5302
-1.18121
0.28659
-1.19967
-6.3005
-2.50674
-0.33896
-0.80033
-0.03385
0.67979
-0.76343
1.38297
-2.7488
0.10479
0.42881
-1.83262
1.04105
1.69757
-3.37865
3.49299
0.95102
1.24578
-0.44531
1.74196
-1.23208
-2.01074
5.1216
-4.46832
-0.70756
0.007
3.38069
-0.98672
-1.8295
8.61988
0.36928
1.86
-0.1442
-1.88419
2.2201
-0.20396
1.7818
1.62306
0.57275
-1.49684
0.41557
1.9191
1.80153
2.12
2.6644
-0.21821
-0.48206
1.0399
-2.83419
1.50939
0.1716
0.8334
-8.77124
-0.33461
-0.4617
-1.36107
0.19977
0.41286
0.58463
-2.16434
1.29777
0.0242
0.51853
-2.49978
-1.0777
-2.35572
0.55198
0.4649
0.2052
0.92767
-3.5303
-0.7949
0.4382
-0.92594
-1.4065
-0.32469
-1.04636
-2.62106
0.46579
-2.14432
-0.47535
-0.96535
1.20907
-0.31873
-7.20511
0.55082
-2.86713
-3.46176
-0.63309
-0.96187
-0.000123
0.152221
-2.597301
-0.099617
0.532502
0.708139
-1.436183
-4.17934
-0.914
-0.26901
0.38802
-0.90053
0.10343
-0.61651
1.95678
-1.27765
-4.33009
-1.49582
3.0155
-2.21676
1.88578
0.968
-0.59334
1.09678
0.35959
-0.01816
0.35388
2.10187
0.6646
0.758147
-1.2224
4.287135
1.02601
-0.13902
-0.6849
-0.4442
3.0013
2.8481
0.9612
0.2245
-7.3055
0.8143
0.20879
1.8157
3.7235
0.42113
-0.0641
-2.05909
0.09122
0.11103
1.1934
-2.99864
0.93549
-3.42841
0.14294
-0.46285
0.62742
-0.6299
1.7059
1.61629
-0.0275
1.35
3.49
-0.01749
-0.8951
0.25803
0.14475
-2.71321
0.45884
-1.29957
-1.2248
3.46933
4.62205
7.00412
-0.3706
-0.0776
-1.69229
-1.36187
0.43326
-5.86353
-0.012
-0.1597
0.39175
0.14684
0.48988
-1.21146
-0.69233
0.7083
-0.05133
0.52311
0.1819
-1.48016
0.49282
0.38908
-1.56232
3.9399
5.0441
-0.0711
-0.51264
-1.28459
2.68879
-2.14
-2.52877
0.961147
-0.443615
1.305
-0.232198
1.22
0.42332
0.81494
-0.18615
0.16784
1.01931
0.3607
-1.74666
0.48743
1.71199
-1.15763
2.23867
0.19939
0.75092
1.5831
-0.02179
2.52764
3.11773
-0.75223
-3.64162
0.28888
0.576161
0.307742
0.915395
0.050598
0.052278
1.09217
1.79723
3.68926
-0.60708
-2.43927
-0.03226
7.2595
-0.5347
-0.6286
1.54411
-2.95414
2.27201
-3.05016
-3.67897
3.13338
-1.34295
-0.02279
-0.0054
0.9708
1.55547
-1.09663
-0.79189
-1.88946
1.1862
1.9825
1.2108
-1.46158
-1.97231
-1.28734
-1.34144
1.10653
2.64464
0.30377
3.55384
-0.64674
-1.31
-0.78707
-0.0926
0.99391
2.07101
-0.07871
-0.95074
1.45471
2.69339
0.48049
0.40785
-1.04357
0.99656
-0.19132
-0.14422
0.40885
0.71384
-0.8854
-0.8604
-1.72238
0.00374
-1.55951
1.86291
-0.96146
-1.39335
-0.38113
NA
0.90819
NA
NA
6.52797
NA
NA
1.12848
1.69415
NA
-1.77412
0.39268
NA
1.70707
NA
-2.99142
NA
3.05015
0.12823
-0.4918
-1.30725
0.00999
-2.0473
-3.14284
8.68832
1.12861
0.01918
0.30816
0.06879
3.2555
4.53913
-1.00635
-1.1445
-4
-2.62
-0.255
-2.85
0.1847
-1.61527
1.50789
3.71243
-2.35603
-2.88092
0.1216
-0.48731
-0.5434
0.57437
1.48019
1.0011
-2.86605
0.1165
4.51941
6.3305
1.2942
-1.08612
1.89335
2.18998
1.56365
0.56686
2.4965
1.59935
2.0262
1.55747
-0.75607
-1.62855
0.73271
-0.77666
-0.27353
0.26377
-0.46405
-0.14769
-0.00964
-2.50561
-0.49047
-2.38713
0.01964
-1.36863
-0.30674
0.85715
-1.2861
0.91652
2.30406
1.7888
-1.12277
-5.62786
-5.26234
8.82714
-2.9777
-1.8399
-1.2467
-1.35725
-0.28916
1.56973
0.32128
3.28371
2.14909
-3.32498
9.89709
0.61933
0.51484
-0.94676
0.95154
-0.85394
1.41231
0.25738
1.5023
1.4
4.5132
4.95446
1.01643
4.71082
1.9886
-0.18372
2.75776
-0.9418
-0.22292
5.2268
1.0783
1.02895
0.77922
0.81101
0.88312
0.63636
-0.08337
-0.53797
5.0136
0.48456
0.11595
-0.29399
-0.97559
-0.73409
3.07448
-0.14569
-0.4375
-0.66476
0.48807
-0.39
-5.96423
1.63012
1.8077
-2.15244
1.42846
-0.37616
-0.55341
1.6621
0.0363
0.2289
-2.86791
2.29691
3.18239
-0.18644
-0.04644
0.4165
0.65962
-1.53808
0.38499
-3.44301
-2.19443
-1.5689
1.5159
1.4245
-5.6606
0.6618
1.1837
1.4116
0.2446
0.1603
0.2862
6.0112
2.7639
-0.663
-1.77066
-1.06318
1.0429
-0.73464
1.72863
2.80697
1.59242
-1.37511
0.06684
-1.12306
-0.21368
2.74699
1.48455
0.69519
-2.85405
0.04783
0.9016
1.4118
0.37852
-3.20224
1.56129
2.15728
-4.10114
0.65521
-2.3955
3.73592
-3.39844
1.97523
-4.54817
1.70828
0.19833
-1.0205
4.42733
-0.87259
-3.62673
-10.22463
-2.633
-6.99705
-2.55152
1.2615
1.61877
-4.46257
-0.50664
-1.51387
-0.2086
-1.53376
1.28112
-0.02233
0.33016
1.84057
0.69898
-1.82696
1.58291
-0.0491
0.19401
2.84303
2.17421
-1.28491
0.11493
1.26
0.883
0.56782
-3.8989
-2.49875
-4.82
0.92397
-0.41775
-0.0965
-2.13873
4.0098
-1.42349
-1.56452
-2.26522
-1.42781
2.50193
-0.85982
0.7123
-1.97671
1.55784
-1.3651
0.70382
2.28986
1.83958
-0.82789
2.35703
-4.48446
1.5953
-1.37464
4.02229
-0.58274
0.676
-1.81294
-0.9652
-0.24162
0.8129
-1.78537
-0.853
0.5979
-1.06717
4.14185
3.9481
-0.6577
-1.08433
-0.43111
-1.85293
-1.16
0.70872
5.49773
0.05317
-1.34946
-6.3329
-0.39763
-2.7288
-2.34291
-0.9792
-0.5967
0.23021
-0.26878
1.7513
0.53153
-0.99622
0.3099
-0.15063
0.40007
2.12619
-2.60462
0.74423
2.51314
-1.41503
-0.61216
-3.09989
2.28023
0.82845
-0.48729
-2.68007
-1.581
2.1641
-3.24189
0.43
1.3079
-0.69821
2.79492
-0.13466
1.95488
2.52479
-0.11457
-2.92096
1.7433
-1.66803
-5.81921
-0.7673
3.68724
-2.96749
0.58721
-0.2363
0.77536
-0.92194
-0.98639
-1.63228
-1.25732
-0.99191
-0.5899
-0.52962
4.50851
-1.48541
1.7678
-0.3236
-0.036
0.35215
-0.77245
-0.6141
-1.72002
-0.78795
-2.2554
2.18746
4.40588
0.88903
0.24183
0.11062
-0.8071
-4.83259
0.221
-2.42219
NA
-5.30696
1.69106
-0.13918
-1.14
-3.1
-3.72
-1.35
-1.52872
-0.20038
-1.16916
-2.3148
-1.65484
2.29562
-1.19596
1.47778
0.68693
1.64658
0.23946
1.70278
0.24101
1.00442
0.44395
4.88912
0.3551
0.44653
-0.95219
0.9514
0.6478
-0.96232
1.02
-2.46132
-0.3541
-1.6209
-0.3524
0.5707
4.33345
-0.4872
-1.75871
-1.6652
2.62028
0.7006
-1.3543
-0.4047
-0.3435
0.2236
-0.49649
-0.13142
0.7985
-0.47039
0.3652
-1.2997
0.7093
0.3602
1.0783
2.141
0.9032
-0.22944
2.2283
-0.83606
-0.251984
-1.283024
0.12434
-2.2754
-1.31937
2.16761
-0.64904
0.73411
1.2595
0.3131
-1.85557
1.47115
-0.93477
0.0078
1.0874
-0.12159
0.84774
-0.77155
3.2081
0.38269
-0.31026
-0.60129
-1.60941
0.50059
0.7486
-0.4105
0.33101
3.19238
1.1473
1.16164
-0.78734
-0.15431
-0.884
1.11475
-2.5859
0.2159
1.2902
-1.38547
1.02136
1.8986
0.05247
-7.32274
-0.3746
2.28262
-0.07862
-0.0087
-0.45728
-0.55214
-1.8425
0.613
-0.22367
-1.1714
-0.308428
-0.279396
-1.449793
5.8467
-7.19835
-6.04407
2.74594
2.07154
-0.03263
-0.8451
0.3392
-0.3859
0.0835
-0.6876
2.3492
0.29828
-3.84384
0.22958
-0.0774
-0.1781
3.17778
-4.98744
-1.4433
0.5313
-2.9892
1.5498
-0.7494
0.4581
0.24007
-2.16578
-1.96956
2.26126
-0.93859
-0.35273
-1.75365
0.26332
-0.31939
-0.2505
-2.14108
-2.43715
0.389
3.265
-2.88856
-1.26926
-0.13654
-0.06189
-1.62005
2.05925
0.43189
4.60944
0.19265
-0.1909
-2.21651
-4.42595
-1.09423
1.54089
-0.3162
-0.64233
-0.79631
0.82096
-2.2507
-3.05375
0.96165
-2.09413
1.79453
-3.48021
2.23016
-0.3711
0.80836
0.80935
-0.8915
-5.16449
-0.0304
-0.72994
-1.73856
1.56
1.34
-3.69
1.51
0.154
-0.59822
0.986
0.45379
0.25883
0.54525
3.26112
-0.31562
0.42945
1.06985
-1.33029
-2.20641
-0.21975
1.06677
1.27491
1.1055
1.75849
-0.4765
1.30433
0.31448
-2.833
0.49004
-0.0934
-1.03146
3.8502
1.29176
0.92655
0.35737
-0.76667
0.41415
-0.6396
0.419
0.7364
0.6435
-1.7446
-0.4787
1.338
-0.5544
-2.2871
-1.6082
0.7556
1.6614
1.3226
0.5823
0.6916
4.31743
1.22632
1.0996
-5.74758
0.58806
3.12847
-0.44569
4.32467
-1.71181
2.19594
-1.4438
-0.94761
-1.13852
-0.64969
0.41303
0.62007
-0.82973
-4.38165
3.44286
-0.75699
0.43429
-1.5825
0.91084
-0.63973
4.42672
-1.33372
-0.4469
-1.81131
-1.14337
-0.11784
2.78756
2.19754
-1.45352
-2.86687
1.66395
3.74944
-0.50202
2.86192
4.42806
-2.69639
-0.41526
-2.17823
-0.38025
-1.21493
-1.53072
2.7125
-0.30892
2.4529
4.08349
0.40474
-2.91578
1.20124
-0.22477
1.5029
3.42045
-1.92865
2.47871
-0.36316
1.10642
-0.2037
-3.1128
1.00743
2.25879
0.49575
1.20413
NA
0.29409
2.04558
1.16465
1.68219
1.08604
1.5652
0.76771
NA
NA
NA
NA
NA
NA
-1.42061
2.9293
-0.7349
1.06376
-2.29756
2.12004
2.50685
-0.0322
1.80928
1.53006
-5.31134
-0.28318
0.6892
5.04873
-2.0804
0.699
1.42265
0.98623
1.98881
1.53725
3.73219
0.73441
-0.97209
-1.02902
0.05936
0.91798
1.22801
-0.1425
0.71971
3.02325
-2.65077
-3.65106
-4.7198
2.72226
2.39671
-3.86373
-0.22771
0.98739
0.5997
-0.5401
0.86857
-1.75832
1.09087
2.20294
2.5479
-0.8092
0.6529
3.9881
1.06253
2.53332
4.90451
5.83061
-5.03836
-0.49649
-1.6904
-0.37282
-7.002547
1.403413
-2.050391
-1.658419
-0.836828
-2.1254
0.829257
2.755345
-0.819956
-1.138562
-1.4746
-0.904395
-0.72938
-2.158421
-1.004548
-1.98271
-1.09324
0.80754
2.73151
-0.64067
-2.8322
-2.32783
-1.4112
0.89765
-0.87707
-0.8651
2.64052
-0.90086
-2.05109
0.70108
-1.31878
0.6551
-0.5834
-1.61773
-0.567
-0.05119
5.7597
-0.85132
-0.81757
0.62686
1.25653
-1.40032
-0.18164
0.43476
0.4451
0.69848
1.60344
-1.8433
-1.25367
-2.23164
-4.1187
-9.79612
0.97311
-0.94701
-2.64516
1.50296
3.2295
-0.15466
0.52203
-0.67686
-0.01302
-2.83207
5.93981
2.97193
-0.88306
-1.61722
0.9909
-3.28636
1.21095
-5.04519
1.38381
0.2378
0.3203
-1.92412
-1.40636
0.40003
0.29798
-4.94607
2.54357
1.0731
-0.8991
0.0288
6.33728
-0.8594
1.10117
3.64265
0.66276
0.4799
4.2378
5.5373
2.2397
0.0303
-2.38166
0.90236
-0.58686
-5.8664
0.9447
5.53134
1.2615
-6.87003
-1.2083
2.0246
-1.2351
-0.16841
-2.10097
0.85848
-1.89515
-1.41941
4.44978
-0.19953
1.22225
-1.82033
-0.5848
-1.9024
-0.89711
-0.96457
0.11176
1.9287
-0.6309
-3.4303
0.68731
2.07476
1.1207
2.57822
-4.62209
0.69477
-2.15827
1.5689
NA
-0.26551
-4.53559
-0.88208
-2.16424
-0.20694
-4.11153
0.23818
-1.11916
5.50679
-1.6242
0.42469
-2.56949
-1.2178
-2.32008
-1.02153
14.66271
4.30525
1.75
-2.41
-2.75
-1.02
-0.198
-1.61
0.28
-2.13
-3.38
-0.42
2.79
0.334
4.22
-0.625
0.546
-0.0635
-0.72
-3.23
-0.366
0.0149
-2.72667
8.86808
0.40006
-5.09805
-0.184
-2.87239
-0.011
0.32376
-2.02989
-1.56092
0.44098
-1.95029
1.43672
0.06435
-0.5007
-0.6259
1.2162
0.7597
-0.5494
-0.3326
0.9852
1.9965
-0.1532
-0.1351
-1.39944
2.72808
-0.66401
-0.28564
1.01714
0.96247
-0.76353
0.32201
2.4068
-1.89547
-0.66021
-3.2553
1.0314
0.5583
-0.5923
-3.32802
-2.4513
0.8043
0.57641
-2.84873
-1.15618
-0.1191
2.4627
-3.8829
2.37564
-0.08022
-1.63643
0.6981
-5.08677
1.60353
0.6494
0.6869
1.543
1.028
0.2166
4.8077
0.5945
-3.84973
-0.57509
-0.07427
-0.6075
-0.24442
-1.02366
0.165
1.57654
-2.38905
-3.49281
3.46571
0.3569
0.62202
-1.3603
0.18085
-0.45737
1.74662
-1.06194
-1.22708
1.7649
0.70559
-0.2637
0.0757
-0.835
0.41506
-0.47679
1.18188
-0.83683
0.27822
0.4488
1.86918
-1.89058
-1.70206
-0.2454
-1.70845
1.73009
1.22405
0.96375
1.5762
-1.84909
3.06298
-0.421
2.75349
1.26772
1.82507
-2.08687
0.86032
-0.74194
0.1734
-1.73838
-0.05796
-0.18076
-2.52214
0.07158
-0.24599
0.8524
-9.21456
-1.88505
-0.41806
-2.14208
1.36805
-2.62727
0.14585
1.1019
-4.91866
1.96539
8.99118
2.32824
-0.9169
-1.30834
-0.27428
-2.23742
-0.37042
0.9153
3.3628
-0.4353
0.41512
0.06053
-0.52772
-2.42238
-0.56472
-0.52648
2.5303
0.82704
-0.86483
1.44402
-0.35337
-1.64073
0.98156
-2.61374
0.83082
-0.89143
0.1805
1.13376
-4.79605
-0.75086
-0.12412
-1.57934
-3.15161
-5.03087
1.27699
0.40221
-1.26574
1.50776
0.92805
1.55703
0.04774
2.52921
2.10917
-1.19162
-2.96261
0.47202
2.78426
-1.38649
-3.11355
1.31872
3.048
-0.0862
2.05079
5.43005
-4.72256
0.42143
1.33057
-1.63574
2.50073
1.65022
-1.5142
-0.50829
1.01768
2.05715
-1.60396
0.5788
-1.27158
-0.75397
-4.7777
0.84209
0.843
-4.4503
0.29037
0.44233
1.1145
0.94397
0.56689
1.53238
-2.28782
-3.1255
2.01276
-0.94472
2.0167
-1.07793
0.3923
1.4088
0.24888
7.35377
-0.3893
3.5162
0.6962
3.45529
2.77288
1.0533
0.4567
2.84783
-0.21039
0.07436
1.2683
-0.2936
-0.75571
-0.6592
-6.39474
-3.13944
-1.85351
0.97083
1.4388
-3.16215
1.22589
1.78302
1.50685
-0.16596
-1.55823
1.18605
0.72283
1.92429
-2.35883
5.53571
-1.30945
2.51089
-0.9088
-0.55699
-1.44856
4.40433
-4.63097
-0.8625
1.44634
0.27701
-0.20667
1.41408
0.6988
0.2655
-1.02963
-0.37878
-1.92198
-1.6025
-4.03244
-1.18321
0.1428
1.07453
1.43924
7.65305
0.06743
0.75448
0.88371
2.15688
-1.8686
1.2988
0.80578
NA
0.41972
-1.10931
NA
1.45141
1.85812
NA
NA
0.49374
-1.22224
-1.03468
-0.1253
-0.31305
0.07107
NA
2.83227
1.15965
1.44451
-0.27649
-0.96158
1.79908
-0.5642
-2.26715
-2.4929
0.86302
-0.07135
0.59649
-0.44714
0.60928
0.48496
-1.1482
0.89683
-0.20532
-1.92599
-0.61124
-1.1111
0.51256
1.38446
0.82126
-0.4097
3.24396
0.44013
0.39427
6.37657
3.82386
3.9605
-1.93669
3.79381
0.9029
-1.66719
3.03955
0.33023
-2.04165
2.73214
0.51625
-4.31257
0.7893
-2.1226
-3.42405
1.57183
-1.94836
0.5659
1.3826
-1.72765
0.29121
-2.30635
-0.1694
1.38454
-0.16093
1.15906
2.32068
1.50094
-0.03035
1.3173
2.1364
2.2463
-0.72639
0.29237
-1.74951
2.27044
1.45932
0.23511
3.07492
-0.3502
0.99501
3.2363
-0.64839
0.26108
0.12395
8.73703
5.22575
-0.18515
1.0737
1.06924
1.19794
0.33306
-1.02962
4.34301
1.56209
1.33639
2.25303
0.46039
-0.99903
1.0373
1.32277
-0.18202
1.298914
0.739803
-1.816286
-2.673338
0.394352
-1.178951
-0.228158
0.753813
3.8892
-0.023528
0.899165
-1.604854
1.501057
-3.396708
-0.575344
0.503333
0.302251
-0.824621
-1.518077
-0.055855
2.181335
5.881628
2.16092
1.00873
-1.4338
0.10189
-13.90495
-6.94749
0.2398
0.25534
-1.2122
0.27564
-0.13975
1.6478
1.06413
2.5054
-0.53317
-0.78755
0.63849
3.50866
-2.79524
1.33664
1.38432
-1.13359
1.4114
0.08302
2.11463
0.5844
0.1528
-0.64053
0.59364
-1.40761
8.4291
0.69861
-0.3064
-0.33307
1.70905
0.55154
-3.10684
1.00681
0.03654
-4.16
2.54
-0.757
6.95
4.03
-1.58
-1.76163
0.4492
0.494398
-1.54
0.75741
0.32066
3.61888
0.8186
-4.1602
1.62462
0.15732
-0.11441
-0.11657
2.357899
-1.3018
0.41598
-0.30646
-0.96793
1.618298
-2.0373
1.37073
-0.997828
1.70813
-2.09663
-0.03785
0.45039
-8
-0.00178
-0.60302
1.010611
7.633095
1.22968
-1.42307
1.7364
3.712761
1.22756
-1.39231
-2.65237
0.85161
1.71975
-1.85338
-0.7682
-0.09949
-0.1529
0.99182
-0.47824
-1.25258
-0.39082
-0.17421
-4.140596
4.62388
0.319203
-0.440569
1.011786
-1.619904
0.154994
1.30316
1.67859
0.08493
-0.1911
0.1651
-2.84493
-0.48524
1.19089
-1.2199
-1.0011
-0.68334
-1.45285
-0.2819
-3.6927
-1.637199
-0.66522
0.50885
0.32188
1.3494
0.33524
1.51814
4.3411
-0.21172
0.3298
2.62804
0.2959
0.2235
5.11925
-0.783
-2.81385
-0.0162
3.33864
-1.22024
-1.57711
0.88218
0.36602
-0.38914
1.74737
0.59394
-0.20148
0.2897
1.81287
2.87008
0.09487
14.55387
6.83188
-4.5096
-1.99639
0.94917
3.24063
1.427
-0.25877
2.11431
1.80996
-0.6176
0.37854
3.63364
-0.130483
-1.621262
-0.820395
-11.87697
-0.4289
0.238
0.77646
-1.22283
1.68678
1.1762
-0.43461
-1.6531
-2.17529
0.492
0.0779
2
1.41451
-1.10708
-0.45208
-0.89421
-0.98814
1.35181
-0.76465
1.6019
-0.51267
1.0074
-0.7312
1.3069
-3.82289
-5.46
-0.3875
1.0985
-0.1175
-1.069
1.14231
0.80202
1.68
0.212
0.22765
-0.0432
1.80636
1.08757
-1.32889
1.98449
-1.33868
2.4837
0.7643
2.8485
1.56317
-1.16956
-0.00192
0.637
1.17705
1.37286
0.03733
-2.0168
-1.59379
-1.03219
-2.44045
0.54728
0.50936
0.2968
-2.2512
-4.10056
1.6905
1.50052
0.79624
-0.94749
2.15177
-2.39915
-4.37185
-3.48025
0.6217
1.9565
0.73039
1.30116
3.44232
1.0029
0.0134
-0.06635
-1.1768
-0.3694
-1.71635
-0.06162
-0.7855
-1.42671
-2.11681
4.79012
1.53707
-1.01508
0.54954
-1.07148
-2.064458
-2.428133
1.67265
1.6678
1.11486
-0.203
-0.83745
-3.91
1.71728
-0.08799
-1.97578
0.73535
0.0198
-0.09912
-1.27
2.339123
1.0605
-2.00621
-2.2589
10.59827
-0.8539
-0.34498
2.99148
0.25933
0.33651
1.10385
2.20222
0.9843
-0.205873
-0.69555
0.97921
-1.47611
2.462226
-0.05973
-2.67986
-2.92892
-1.73798
-0.1831
1.9116
1.7339
1.3366
-0.0431
0.092
-0.4382
-0.1867
0.0736
2.17176
-1.3609
1.9411
3.8662
-0.33193
-1.80836
-0.201255
0.733266
-1.8708
2.06454
-0.6146
-0.93799
0.33503
-10.6
-1.45146
-8.94
-2.37397
-0.564
-0.13648
-0.0676
-0.22641
3.66
-0.33221
-1.53438
0.18329
-1.39
-0.5246
0.62813
0.999
2.38869
-5.09127
1.23942
-4.1913
-1.2987
-0.80062
2.24316
0.40984
4.79016
-3.05969
1.82
5.92
-4.33
3.81
4.44
4.55
0.94464
1.30825
-2.5
-0.2207
0.5352
0.8411
0.752
-0.2995
-0.46762
1.62136
1.0898
1.37917
0.28022
-4.20983
-0.66027
-2.52002
0.29326
2.36203
-2.12936
-1.09724
-2.2237
-1.27385
-2.419
2.00937
0.38715
0.1089
4.08317
-1.34258
-4.60436
0.31129
-0.79584
-2.32879
1.25329
0.7934
1.0072
-3.3972
-0.06886
1.70246
-0.51852
0.13497
0.23284
-0.0437
-2.17618
0.19728
-2.48203
-1.04608
NA
3.40361
0.53459
1.108
-0.292
-1.00265
0.90358
1.89104
-3.58
2.85546
-2.55234
-0.61426
2.05933
NA
0.70313
1.28232
-2.7373
-2.19
-3.5518
2.72782
-3.24
1.5432
6.72991
0.26086
-0.26791
1.5398
1.67
0.3531
-0.56975
-2.71045
1.38304
-4.85494
0.9226
-2.2428
1.75427
0.2286
0.0521
2.28838
-0.27
-2.38315
-0.65236
-0.44866
4.3972
-1.80657
2.3134
-3.9555
1.2844
0.41953
0.471
-0.7452
2.5832
0.30516
9.05804
2.16
-2.92795
0.87275
-3.36
-2.10863
-0.13
-1.47536
-0.9994
0.0289
-1.28271
5.01682
-1.6396
-2.69
0.458
3.28
-4.93
-0.60685
-2.11645
4.67161
-1.887
-4.78488
-0.29068
0.51082
1.0363
-0.254
-3.65808
3.69968
-1.7835
-1.9758
-1.00027
0.13302
-1.0229
-1.16167
-2.01709
-0.183
7.2455
1.9397
0.7577
1.246
1.1092
1.2261
-0.1071
-0.2595
-0.1754
-2.7252
-1.3146
1.11442
-0.4016
0.7921
4.0826
-0.635
6.6951
0.8614
-7.4681
1.1779
-1.02159
-1.09076
-1.88556
-1.1215
0.69694
-4.38126
-1.82721
0.74599
-2.1155
1.02999
0.61
2.38154
2.7861
-2.52861
-1.10722
-1.74133
-3.65526
3.63064
2.01961
0.4027
-2.20475
-0.39304
-1.5414
10.5263
0.60882
-0.78678
2.58182
0.42967
-2.10671
-4.0781
0.9667
-1.06047
2.64782
0.6978
-0.107
-1.23146
-1.37757
4.77324
-0.95456
-1.24963
1.89299
3.1807
13.9401
-2.69642
0.19704
-3.10103
-2.4704
-2.5953
-3.02444
-7.77662
0.92306
-4.7625
-1.9856
-3.16013
-1.11448
1.63979
-0.73704
-3.31535
-2.0074
-1.75541
-1.5153
-1.53513
-0.75134
-1.87865
6.22901
NA
3.20294
2.31571
0.36444
3.31241
-0.123
1.3
-1.44
-0.434
-0.393
-0.227
-0.274
2.76
3.3
-2.67049
1.37355
2.8891
4.04066
-1.16941
-1.61323
2.89611
-2.71814
0.11535
3.17239
3.3032
-2.8013
-1.43996
-0.13808
0.4125
-0.80904
1.31328
1.58997
0.02625
1.00189
-0.70947
-3.5671
-3.01754
-1.84153
-2.25502
-0.00992
1.90977
1.47088
-0.34777
-3.64966
-0.5547
-1.96906
-1.56444
-0.35265
-0.35461
-0.45332
0.48897
-1.22173
-0.21897
-1.72785
-8.71475
-0.70526
-0.94292
2.237
1.58468
-2.3394
-0.58758
-0.30389
2.34298
0.13658
-2.83236
-2.07529
-1.43962
-0.3545
0.05036
-1.81509
0.9119
-0.70003
0.73682
-0.76877
-0.3178
0.8272
2.5661
-0.67522
2.20276
0.918
-3.4824
3.156
1.55371
3.6531
-0.22488
-6.72644
-0.3586
-2.7001
-3.71608
1.20227
0.21311
4.47201
0.66746
1.17209
0.73332
0.13189
-0.81698
-2.08708
2.79581
-0.42882
0.17286
1.32496
-1.76891
-2.12122
-1.1434
-6.0135
0.07803
0.4809
-0.51911
8.92694
0.61636
0.61917
-0.53808
-2.3008
-0.53837
1.14713
-2.99637
-2.71322
-0.8552
0.85946
1.45528
1.11702
1.99314
6.97233
-0.45344
-1.98269
-0.9346
-1.16757
-1.13562
-1.8471
1.62851
0.24993
-0.10272
2.5795
0.14143
-1.48836
0.46293
0.04768
0.03086
-0.68832
-1.29349
2.18957
4.878
5.49088
3.04438
1.73917
-1.31114
0.4628
-0.49994
4.66451
1.56141
0.3351
0.3495
1.80471
-0.78352
-1.76252
0.92216
1.80931
1.4792
-1.84647
2.06454
-1.0088
-1.7724
-2.70333
-0.55287
2.51513
1.22549
-0.74284
2.7904
-0.3484
1.02101
-0.87809
-0.25434
0.87972
0.78705
-0.23784
-2.1419
3.0878
0.66252
-11.56833
3.26939
0.79317
-4.18565
0.59953
0.13161
-4.49852
2.36875
-3.1453
-0.12094
-3.44856
0.55442
-0.3639
-0.48807
-0.69113
0.45733
1.84839
-1.97396
1.27325
1.18946
1.2222
-1.72908
2.47937
-1.90695
5.20673
-0.71931
6.00279
0.68417
0.0813
0.66351
0.96376
-2.302
-0.63042
1.90365
-1.21837
-3.90456
-1.0807
-0.08131
0.60177
1.47711
-5.16744
3.17356
4.61253
2.77058
0.65251
-2.37081
-4.52382
-0.3639
-2.83409
0.6723
0.3088
0.70535
0.75992
1.70505
1.48438
-0.51797
-1.17488
1.84668
2.36207
0.26
-1.9719
-1.08044
-1.47712
1.52502
-1.35955
0.61055
3.75434
1.08672
-1.48407
-1.50701
-1.65178
-0.39875
0.43586
5.3398
4.51494
0.70086
1.11218
0.2004
-2.36156
-4.20256
-0.40782
-4.49433
2.46335
2.31123
2.7001
-2.80029
-1.6498
-0.8529
2.05927
-1.33145
-2.58716
-1.08502
-0.09029
2.27708
-0.3744
0.50361
2.08534
0.86946
-1.37564
-0.52927
-0.35115
0.3746
0.70724
-3.75187
-2.16186
0.62176
0.67543
-0.08947
-0.25219
-0.72269
-0.14126
0.7155
-1.85987
1.27803
0.60158
-1.38748
2.28089
0.19444
-1.39866
-0.48716
0.5808
-2.65121
-0.1966
1.5609
1.30862
0.16111
-0.367
-1.84221
-5.47341
1.42669
5.12039
-0.28119
3.73843
-2.25693
0.27631
0.35834
-1.66219
0.24988
1.27253
-1.27922
-2.2715
-0.3359
-2.10333
-0.95477
-1.65737
-0.44892
-1.67185
-3.55697
-1.70819
0.7162
-0.05167
-1.3395
-1.54985
-3.7305
1.540653
-0.59973
0.465398
0.06611
0.010534
0.6939
0.63339
-0.253786
1.45055
2.1642
2.98036
0.9218
1.09882
-1.037828
0.3058
-3.2712
1.08481
0.4851
-1.313341
1.75686
1.9403
-2.290058
-0.895147
-0.390158
1.126375
1.352322
0.307858
-2.93108
-1.91667
2.26234
-0.016666
2.206936
0.5267
-2.4305
2.65288
-1.762946
7.144545
-0.043056
1.0379
0.59069
-0.963742
1.448916
0.631655
1.089012
-1.4364
9.92422
-6.42685
0.34356
-1.76387
-2.83709
-0.03487
-0.6692
0.433855
-1.143
-0.0627
-0.8376
2.83458
-0.3519
-3.93244
0.18492
0.14244
0.79157
1.294081
5.90709
-0.45337
-3.16241
-1.30619
3.09682
0.27296
-0.63268
3.6771
0.67715
4.26153
-3.08
-1.2288
-1.32254
-0.80283
0.02163
0.29898
0.5139
-3.469819
3.486831
-0.033132
1.02601
-0.40583
0.41282
0.1363
0.37565
-0.51791
1.1337
-1.74347
-0.79058
-2.37
-0.30778
-1.93
-0.82926
-0.621
0.0195
-3.2374
0.9533
0.87326
-0.93433
-1.8218
-2.42654
-0.76409
2.63
0.86294
0.1121
-4.8238
-1.4
-0.7294
-2.15
-0.5591
0.3001
0.35801
-1.02
-1.50701
0.58925
0.14051
-2.79464
-4.84996
1.44768
1.35524
-0.25313
-0.7395
-2.91877
-0.548
-1.98
-3.277
1.28075
2.07783
-0.37902
-1.67975
-0.5079
-0.72296
-3.28741
-0.48844
-1.15449
0.29146
2.09786
-1.84101
-0.87
-3.1122
1.3189
0.8814
-2.354
3.3692
0.8785
7.6736
3.2281
0.7183
0.7323
-0.2227
0.36748
-0.54168
-0.85896
0.64591
-1.85686
2.51846
-0.83619
-0.84857
-0.817
2.4744
0.908
1.5313
-0.614
-5.61
0.31766
0.25162
0.9111
5.46448
0.24634
-0.21001
-0.28213
-1.92
0.78797
5.48141
-0.78642
7.96
5.08
-8.03
-0.9655
4.86174
6.77608
7.47846
0.12919
-2.00383
4.55
-1.75
-4.93
-2.7
-2.48624
0.012
6.06396
-1.68179
-1.85529
1.0961
0.71489
-0.24698
-1.93106
3.21175
-0.49583
0.94647
-1.5623
0.23459
-1.06335
2.64941
-0.11696
2.41131
-0.38469
0.79604
-1.36878
-1.56098
-1.0879
-1.04782
-2.65338
-1.59458
-2.17064
0.21842
-0.32943
0.3469
1.11672
2.8643
0.99065
1.13872
0.61799
-0.19258
-1.63799
4.39334
-4.06864
-0.95045
0.20473
-2.1047
-2.27325
0.54859
-7.69386
1.32505
-0.67221
1.13
0.104
0.134
0.477
-1.89
-1.30206
-0.69485
1.42217
-1.59585
-1.29705
-4.57327
1.23737
2.17497
2.56658
0.1379
0.66
0.29458
-1.99253
1.3226
-0.56593
7.5
-6.5958
1.3955
2.43072
0.558801
-0.98424
0.14952
0.74877
-0.22192
-0.2301
-0.58262
1.06545
-0.60566
-3.18424
-1.72369
4.38433
-2.28827
0.84973
-0.60813
-4.72525
0.9935
-2.93602
-1.79284
NA
-3.9893
-0.04253
0.365
NA
-1.64
1.22556
-1.63
1.5875
-1.40468
0.79062
1.43552
1.86055
0.50658
-0.158
-1.10024
2.77994
-1.8709
0.13143
-1.91574
-3.95108
-1.5029
2.42164
0.82434
0.97865
1.07008
-0.66772
1.62379
4.37551
-1.21503
2.73393
2.10784
-0.86545
-2.64458
-2.80428
-3.06
0.9282
1.5833
-1.41744
7.6744
4.17605
-0.63294
-0.07543
-2.28521
7.48582
-2.46832
-1.92964
2.4263
0.84183
2.60604
-1.74726
-1.7444
0.6742
-2.82553
-0.99331
-4.9492
-1.61387
2.1268
-0.34101
1.1758
1.19823
-6.12
3.64
-8.66
-0.78142
0.1395
-1.6956
-6.27312
-6.75552
0.76154
0.15321
-2.3383
0.09396
-2.6247
-1.15532
1.00423
-2.37736
0.4468
-1.42226
-1.62431
-1.48128
1.20117
1.2775
-0.11093
1.8428
-0.03182
-1.1697
0.19138
2.4328
-0.18303
-0.77267
4.56511
5.41
-0.03938
-1.73503
-3.11064
0.7206
2.54981
1.28834
0.49061
-1.39108
-0.44998
1.06336
0.401
1.5996
2.01303
-4.73921
0.0666
-0.73563
-0.98513
0.16868
0.42891
-0.17113
1.202601
-0.63794
0.19309
-2.92107
0.2777
0.12626
-0.58343
1.02152
-0.3275
-5.03558
1.25947
-2.82
-1.67401
4.4136
0.6762
3.62133
0.19903
-0.07996
-0.61396
-0.50974
-2.20986
1.65424
-1.51937
-1.95626
0.35783
0.52967
1.19804
0.19166
-0.65877
4.89687
0.42101
-0.75819
-1.06213
2.35366
-0.1164
1.44067
-2.09535
-0.2761
0.1635
0.24247
1.41312
-0.79762
-0.52523
0.7302
-0.39171
0.40387
1.06277
-1.49701
5.84648
-1.993637
1.42384
-0.7548
-3.14511
-0.57201
1.54512
-0.174
-0.47127
0.73005
-1.17909
-1.86648
-0.917
1.6379
-1.68094
3.76744
-1.81814
-2.8921
-0.57246
-1.76368
0.76924
0.4547
4.97229
-0.57691
2.25194
-2.22882
-2.99572
0.1624
0.65192
-1.5785
0.12982
-0.97951
0.74266
1.04928
2.20598
0.74772
0.00208
4.85487
1.32147
-1.1423
-0.2661
0.48499
0.59437
0.34022
0.96853
-0.4047
-1.27095
0.23812
-0.37039
1.04375
-3.84391
-0.01218
-1.4311
-1.14721
0.400318
-0.834
0.5947
-0.21747
2.42449
0.11914
1.3
1.22611
2.29601
-2.95425
1.664096
1.069874
-0.2648
1.7546
0.64876
0.90003
1.52063
-1.29314
-1.62671
-0.54011
0.10575
-0.28709
0.32039
1.13157
-0.04939
2.75957
-0.8549
-3.54455
-1.59122
1.24894
-2.37171
-1.90189
0.08056
0.42675
-0.5532
-0.61816
-0.2864
-0.5099
0.93207
1.52928
-1.62272
-4.82016
1.87024
-0.940161
0.37769
-2.55188
3.20484
0.3554
-1.88233
-1.66477
1.54971
0.16073
-1.5005
-0.91434
-1.39176
0.01752
-3.8237
-2.84345
8.41444
0.49693
4.9651
0.29432
0.60284
0.54158
-0.79332
10.75603
1.30936
2.63195
2.53646
-0.12596
0.87657
-0.05924
1.53
1.7701
0.1403
NA
-0.4384
2.57
-1.02536
-5.05492
5.45456
-6.29798
-1.3154
-0.8287
0.47549
1.62147
0.05669
-6.5818
0.12443
-0.86505
-0.88939
3.272
0.8652
5.9322
-1.25231
1.11
3.0047
0.8944
3.51851
1.36
3.15705
1.0723
-0.10163
-0.237
0.9443
-0.1299
0.17322
0.82275
-0.12012
0.01911
1.31668
-0.5108
1.021
-0.1804
0.3067
-0.2991
-0.05122
-1.13447
0.94823
0.390894
3.944095
1.98334
1.01151
-2.5319
0.73423
0.71986
-0.80071
-2.89501
3.09383
-0.5127
2.0378
-1.89305
-2.30695
-2.08325
1.85
4.72
0.9048
0.53818
-1.76339
-0.05652
-0.16101
0.96878
-0.59501
-1.96252
-1.519544
-0.07286
-0.7853
-3.14701
0.37013
-7.2866
0.94024
-0.576761
-2.86642
-2.42519
8.52775
0.56463
-5.2992
-0.57929
-0.76991
2.77278
1.42877
-1.80024
0.296059
-1.25528
-0.63414
0.2347
-0.69025
-1.6128
1.4737
-0.29948
-2.33998
-1.82172
2.21996
-0.25754
-1.39968
1.3903
-0.99858
1.67931
-0.62763
-4.0781
2.43884
-0.55592
-2.5077
0.39752
-0.26911
-1.87068
3.4808
3.38716
0.601
1.75737
-2.1492
0.00891
1.01093
2.97299
0.48023
-1.94119
-1.00516
0.68112
2.07574
0.05009
-1.27919
3.79328
0.80999
-0.9157
-2.5524
1.19182
2.21815
-1.13927
2.27819
2.60107
-0.4548
3.43412
4.85679
-0.03179
0.3584
-2.6524
-1.0471
2.19014
-0.36479
-1.27532
2.1049
1.32
-2.04625
1.49935
-0.00672
-2.6248
-0.25049
-1.22946
-0.90734
4.19609
0.02758
-1.12859
1.63022
-3.2247
1.32742
-2.7458
0.53402
-1.96141
0.43258
-0.06669
3.30936
-0.37611
2.946
-0.16794
3.24887
1.15231
1.43259
-1.07886
8.59335
0.56021
-0.1491
-2.83006
-0.0157
0.25528
0.3266
0.7715
-0.2285
0.40174
-0.75765
0.42238
-2.05346
-0.67522
0.28385
0.21163
3.34
-2.63919
-1.82
-0.59375
2.07562
2.49673
-1.26933
0.1553
-0.26916
-0.25029
-0.94848
0.6802
1.26996
-1.23661
-0.79246
-0.38768
-0.37331
0.1859
-1.7882
-0.85519
-4.9314
0.59766
-3.0836
-0.3699
0.167
-1.80019
3.16452
-0.7997
5.27669
1.3323
5.19029
-2.2483
-0.62074
-5.30956
1.23844
-0.187396
1.54528
0.12153
-1.30831
-0.318183
-0.7753
0.00569
0.9154
0.3583
1.58218
-1.74091
-1.45528
3.3705
-0.6042
3.11297
0.55
-1.88657
0.12219
-2.4298
1.45
-8.6327
0.39305
1.3299
2.79512
-2.65526
-2.2534
1.52804
0.44142
1.067
2.25283
-1.77237
-0.55767
-0.02091
1.2222
0.34538
1.38
-0.73659
-0.11634
-1.93525
0.2165
-3.5925
-3.63264
-0.87982
3.11861
3.76322
4.3475
-2.25153
1.18138
1.62752
0.19573
0.551
-0.41403
1.00067
1.63098
4.38
2.9295
0.88203
3.857
0.48682
-0.34894
1.53688
-2.18923
0.36524
0.76982
-1.21
0.9027
-4.3791
4.17728
-1.26647
0.69942
1.4906
-0.8572
-1.68322
-0.137
-1.39136
-2.0413
-1.24823
0.386
-4.42
14.85078
1.48881
4.304
2.3839
3.37902
1.46614
-2.2477
2.81014
-1.77835
3.29567
3.82366
2.35416
NA
-1.59186
2.51
-1.31192
-1.0442
5.35173
-0.7213
-1.90815
NA
-1.23115
-0.95982
-2.1308
-0.75015
2.11378
0.46178
-0.9235
-0.6486
-1.9478
2.69899
1.168998
5.98927
0.03785
0.67087
3.18643
0.87617
-1.68305
1.08855
-2.2035
5.35314
-0.13925
-1.25527
-2.4
-2.10234
0.97139
-0.64677
0.22684
1.24362
-2.7232
-4.3439
-2.7839
-0.46105
-0.84217
-0.87555
-3.59292
-1.3179
-1.59147
-1.32193
1.48135
0.2961
0.01501
-0.32207
1.63545
-0.32999
-0.67272
2.40592
0.52966
-0.98076
1.64065
-0.80194
2.67222
-0.17097
-0.74862
-2.06818
1.13
-5.0801
3.69057
-2.43702
NA
-2.03091
1.4726
2.52354
-1.44339
5.51913
-1.1959
-0.49226
1.24226
-2.07728
-1.59426
-1.8116
1.96359
0.38016
-0.78793
-0.777
-0.24221
1.01075
-0.40135
0.9978
-0.1532
-1.30283
1.20093
0.6444
-1.00175
0.21368
-2.55463
1.00132
2.20554
-3.12829
-1.174341
-0.6209
6.40671
-0.326147
1.9791
0.8481
-0.5609
1.57097
-1.34014
-4.295
-0.87754
-1.37095
-1.26459
-1.57805
0.26925
-1.81698
0.03481
2.25725
1.00549
1.23598
-3.64132
-1.12366
-2.87632
0.45851
-1.08
1.11793
1.38107
-0.0565
-1.18828
-2.05972
-0.6051
-2.96536
0.36708
0.4607
1.07676
0.377
1.78334
1.15035
1.46019
-2.94059
0.63639
-0.01145
0.2782
3.45417
-0.68266
-1.39936
-0.51214
-1.70715
2.79727
1.99439
0.6936
3.65144
0.2873
1.05048
NA
-1.02834
-2.25613
-0.60821
2.20835
0.51694
0.4809
0.7697
-0.13524
0.5969
0.15771
-0.01383
2.3604
1.34284
-4.46925
-2.04
0.3433
0.31443
-0.67744
-1.139
-0.65198
1.3307
2.4742
-0.28374
-1.02095
1.01035
0.56827
-4.5773
-1.26
2.01207
2.44543
4.257483
-1.9445
-2.59268
-0.73347
0.3444
-0.01149
0.45376
-1.57925
1.3816
1.5912
-0.0944
-6.92874
0.707
2.1891
0.13973
-2.27219
2.64946
3.80962
1.99365
-0.28624
-1.07013
2.4776
-1.6788
-3.11
-0.4918
-0.95566
-1.34249
0.74905
-1.0907
-1.44184
-0.44453
0.7605
0.66951
-0.7393
2.004133
1.19914
0.06219
-1.11163
-1.50216
-0.3981
0.79012
-0.0749
-2.64499
0.88372
-1.43533
9.0532
1.35639
1.10756
-2.5
-0.80912
2.9166
-1.21074
-1.45716
0.8979
4.01621
0.52067
4.2615
-3.8356
0.89619
2.0794
0.29689
0.54727
-2.23479
-2.43056
-0.65384
NA
1.39464
-2.24165
-0.36297
-3.09644
2.98326
NA
-2.21395
-0.09574
1.3112
1.32814
-0.61365
-0.73433
-0.26773
-1.58477
-0.43008
-2.5332
0.00119
23.24611
-2.85336
0.803
-6.34716
-2.69666
-0.4599
-0.22293
-2.51134
-2.50186
1.44942
-1.55526
-1.080698
2.4614
-3.97592
1.03673
0.97094
-1.2071
-3.68635
3.00181
0.69289
0.67092
2.222878
0.17497
-0.91119
1.68074
-0.96835
2.87212
1.4708
2.22046
2.4194
1.93364
1.11882
-0.27627
-0.7875
1.70236
3.076
7.40608
-2.47064
-0.72409
0.005
1.5434
1.6153
2.68449
1.34811
-5.07893
-2.6245
0.51632
-4.65998
-6.2804
-1.43796
0.16925
-5.91
-0.16196
3.80036
-2.44128
-0.32031
1.44612
-0.3113
-0.17935
0.2367
-0.09033
-0.42361
-1.02893
-0.73276
-0.56988
-0.74037
-0.1261
3.7051
2.48858
1.0159
-0.442
0.41864
-0.51872
1.12588
3.02667
2.67
0.0246
-1.39
1.3292
4.62
1.31387
0.04405
1.65623
-0.9284
-3.91898
NA
1.5878
-3.52397
3.73887
-1.71625
1.42267
1.12809
0.96348
-0.905
-0.08392
0.0294
0.9297
-2.53359
-3.05206
1.0747
0.83382
0.48481
-2.2671
0.00987
7.01929
-0.88945
0.00439
-2.128
-1.0398
-2.37187
0.6068
-0.25477
-3.08
1.810322
-2.1029
0.56072
-0.6506
-4.96
-1.86195
-0.22648
2.48341
-4.91
-1.32713
2.19179
4.5915
1.3958
0.05161
-0.371
1.89435
3.5394
-3.2283
0.8594
-3.36
-4.435763
1.21685
-3.85362
-1.25797
-1.48701
2.12727
3.95086
-0.42366
-0.93958
-3.13522
-1.08243
0.70845
-0.9995
-0.114
1.5056
-0.88937
0.23295
1.8443
0.26
3.18997
0.97933
0.4242
0.9026
2.40309
0.07103
-1.30641
1.77
1.51829
-0.42473
-1.61373
-0.38591
-4.5013
1.16
-1.0112
-4.81774
-11.8893
0.32611
0.85068
0.8272
1.79325
-1.57793
0.21966
-1.47153
-0.675
1.25851
-0.59829
-1.91287
-2.59607
1.59741
0.6891
0.83418
-0.2634
3.99992
-4.7279
-1.0433
-2.79479
-1.69347
0.8297
0.2735
0.59454
2.60893
0.34001
-0.66498
-2.1241
3.88138
-0.43123
6.56
-1.18448
-2.1688
-0.04915
4.65528
2.67463
3.8053
1.28034
-0.84974
-2.94624
0.371
0.40215
0.30486
0.9476
1.2504
0.9937
-3.54394
-0.16906
-0.54571
-0.67968
-0.71707
0.59736
-0.87317
0.56915
1.291995
5.25334
-1.02
4.6825
0.01676
-1.45843
1.6131
-0.49213
2.33287
2.6327
1.3245
-0.190443
-4.92445
-0.17006
-1.18244
-3.04448
-1.39907
-0.42348
2.59162
0.24542
1.24803
1.22446
0.90072
-1.1748
-0.94018
1.11966
-1.45795
1.41408
0.08261
0.0488
-1.62881
-1.85216
-2.87641
-1.0067
1.4452
3.5
6.41
-4.9003
5.39979
2.35095
-0.5632
-1.1639
0.45997
3.50225
0.3192
-1.6817
-0.89777
0.21694
-1.67645
0.3419
-0.42087
-0.48334
-2.31355
0.9934
-1.66359
-0.41612
1.05027
-3.48973
-0.952
2.86536
2.54626
-2.2699
-1.5114
-0.00785
1.74738
0.11752
-1.42099
0.50859
1.6314
-1.693104
4.434
1.98761
-4.39326
0.5097
0.54467
-3.10609
-0.5375
0.1506
1.3538
0.6522
5.3412
-2.61336
-0.642862
1.63708
-0.98
-0.4119
0.16192
-0.438876
-2.5915
-3.5219
-6.33459
0.80661
1.43614
-4.57
7.0611
3.33459
0.27594
-5.6686
-0.1146
-0.05289
-1.17994
-2.3892
1.17545
0.75329
-2.15392
0.4012
-0.70782
-3.24097
0.08519
-1.09983
-3.15139
0.0807
1.20694
3.46611
5.05851
2.76914
0.1719
0.37128
-0.1036
-0.53424
1.2
-3.43228
-0.39797
-0.92754
2.21781
2.01036
-0.96447
-0.12653
-0.04403
-2.21756
-0.74028
1.11709
3.39927
-10.89118
2.50489
NA
-1.88781
-0.7067
-0.72626
0.4261
-0.28697
-0.8223
-2.27926
3.3333
-0.6413
-0.91224
2.00877
-1.0275
-0.56059
-0.26354
1.43299
0.66334
-2.3652
2.6919
0.52285
1.45045
-0.58014
-2.35488
1.87278
1.09394
2.25985
0.18931
-0.23306
1.29722
-0.6126
0.86888
-0.62797
1.25954
-2.11305
-0.86229
-0.09493
-1.03795
1.74924
-0.21515
-3.157415
0.623794
1.9843
-1.95845
5.88006
-0.244
1.52774
-0.89641
-0.17689
0.05319
1.79896
-2.5232
0.45874
-0.10844
-1.5926
-0.127
0.51179
-0.36002
NA
0.3756
1.0772
-1.20351
-0.71103
-1.015
-0.20231
-2.16076
-0.6134
-0.41473
0.50052
0.23485
0.35178
0.34024
4.66173
-1.44729
-0.71456
-0.3032
-0.9499
-0.33148
-1.02225
-5.04504
1.9986
1.15541
-0.937
1.8804
0.42679
1.60869
-0.16903
1.26171
-1.13161
2.67856
2.2796
0.4769
0.77495
NA
-1.22685
1.92675
-1.03126
0.47717
-0.9477
0.96906
1.3558
-5.8689
-2.5465
0.01672
-2.78947
-1.3559
0.59512
4.3079
0.503884
1.79324
0.58156
-0.466684
2.2797
3.1305
4.02178
4.453268
-0.82728
0.287
-7.05782
-0.73349
2.98551
2.340571
0.49437
-0.20061
-1.422692
0.20523
0.07884
1.84728
1.05746
-0.90685
2.4263
-1.33115
-1.99284
-0.33588
-5.59
1.384825
-3.18991
0.11118
0.94987
2.75477
0.773267
0.216
-2.24513
1.40601
-0.22647
-1.80428
0.94967
-0.08841
0.4118
-0.6354
-0.68571
-1.34447
-1.67581
1.51339
-0.6309
-0.2464
-4.1564
2.13082
2.21843
-1.5055
2.72436
-2.59684
-3.37151
0.676645
1.88897
-0.58388
2.68307
-0.3124
2.09882
1.71365
1.6573
1.80213
6.48578
-3.86
-2.95719
-1.5191
NA
0.3715
-0.846104
-1.39908
0.60346
6.3305
-1.42125
0.99979
0.68864
1.0728
1.65038
-3.3392
-0.66329
-1.76347
-1.85033
-0.98958
1.94267
1.4805
-1.86296
-0.31143
1.55103
-0.408537
NA
-0.31441
-3.14528
-0.21698
0.56753
-2.41552
1.338295
-5.61004
-1.31
1.33382
-0.0622
-0.7232
1.89423
1.70843
-1.0096
-1.9547
0.93931
-0.75128
0.35177
0.26485
2.3699
4.52824
0.07224
-1.77149
-1.59
NA
2.56587
-2.77513
3.83656
0.02725
-4.39218
2.16554
-0.20559
1.06326
0.27916
1.73215
1.11485
-1.30146
13.31905
-0.81103
4.01542
0.48804
-0.88926
0.76662
0.10803
2.4103
0.99984
-0.74827
1.86991
-2.66
1.15612
-2.23304
2.05873
0.22008
0.38599
1.49799
3.94598
-2.98773
0.19333
NA
0.38305
-1.23959
-0.24041
0.10845
2.14722
-0.385
2.02794
0.080261
0.43766
-0.74005
-2.46599
NA
-2.8078
2.33552
-0.20842
0.55223
0.267921
-2.07
0.28473
-3.90107
-0.5056
-1.4648
1.813271
-5.12173
-0.85604
2.46366
-1.18146
1.2074
0.69753
1.52874
-0.59276
3.1142
0.280395
0.27064
-3.39074
0.0151
-0.18955
-1.6792
-1.23998
7.23288
-3.82211
0.37152
NA
-0.65341
-0.32167
-0.12339
1.53046
-0.84934
2.24723
0.07815
-0.3012
-4.09861
1.9902
3.09997
-2.41356
3.12293
0.27402
0.297
-1.8505
-0.32132
3.25356
1.18387
-0.21125
NA
-3.36175
0.63246
1.89202
-0.992
0.2808
-4.35802
-2.44
1.4032
-0.8684
0.72383
-0.00157
0.28868
2.74131
1.22874
-1.29208
-1.40876
0.43221
1.66721
-0.62574
0.5624
1.91619
-1.239822
2.82633
1.32728
3.71735
-2.35
-3.16164
-1.34282
1.40743
-0.21148
-3.6092
4.11797
-1.12656
-2.07
1.1466
0.30186
0.0208
-0.82815
0.09091
0.74508
-0.0693
-0.52
-2.69976
-0.10069
2.20547
2.16593
1.89331
-5.52903
0.15031
-0.23721
7.3929
3.759262
-1.54812
0.58954
-2.52433
0.266
-1.01934
-0.9953
-2.84897
-0.00609
0.481
-2.33187
-0.54872
-2.6832
-3.0454
4.18066
1.41614
0.370851
-0.16829
NA
0.88491
1.39969
-0.24594
0.04484
NA
-0.61705
0.644
3.65472
0.2179
-1.81979
-3.18902
-0.6146
0.73899
1.32407
1.609
-5.21909
0.2191
-2.2457
1.60488
1.92183
-1.72205
1.17498
-1.89477
-0.15997
-5.94562
-0.235583
-0.95505
0.06136
2.5235
-0.37848
-1.53766
0.146795
-0.52141
-0.38003
1.01818
-0.70344
-0.27646
1.3
-2.26302
0.62247
-0.40978
3.10649
1.1078
0.16197
1.37444
-0.9527
0.01091
0.52132
-1.3684
-0.2661
2.56334
0.36969
1.446503
0.70889
-13.42838
-2.7083
1.74067
-2.000028
-0.05093
NA
-9.60483
0.2813
2.63318
-1.9658
0.15944
5.27
4.29775
0.08045
1.68332
-0.35692
-1.37193
-0.44319
-1.84773
-2.97228
-0.66144
0.51796
0.8328
-0.51399
NA
1.37179
1.06566
1.25928
-5.35977
-0.64206
-0.592
-0.407
-1.6538
-0.37243
1.2162
0.7054
1.4384
1.72013
1.8307
-0.95144
4.25244
-2.99166
2.34506
-1.93759
2.03055
-0.443189
-0.88127
-1.4566
-2.10538
-3.0737
-1.45255
1.61249
1.65
-1.46077
1.5621
-7.44191
-1.19361
2.31329
-0.94669
-1.95866
-2.10116
-1.9132
2.9154
0.74544
-1.1606
1.3301
0.60474
-0.28222
-0.652
3.0805
1.4267
-0.67411
-0.685
0.59623
-2.63818
1.7526
-0.11355
2.60197
8.38745
0.03956
-0.42705
1.37839
0.15647
9.80407
-6.139
0.7475
-1.890101
-2.36504
-1.5474
-2.12
-2.35481
5.6636
4.84009
0.16977
-2.2365
-3.0106
-1.52042
-1.43077
0.96329
-1.37568
NA
0.509
1.17373
-2.48
-1.13646
-0.44262
0.17401
-0.89761
-6.89715
-0.69876
-5.11763
3.86182
2.55644
NA
-1.84004
0.1789
-1.14448
2.55722
4.10264
0.9451
-1.24124
-1.60619
0.08661
0.26245
-0.67078
2.44002
1.70929
-2.47313
1.09456
0.07927
-1.41877
-2.41053
-1.663655
3.09945
1.22746
1.51844
4.129618
-0.9454
-1.46425
1.2131
0.426036
-0.0269
-2.41346
0.18808
1.62425
3.70846
-0.4328
0.10274
-1.66492
1.08689
-0.51235
1.61597
-1.56543
0.7567
2.794
-0.465538
5.20327
-0.569814
-1.909709
5.676327
-1.659939
-0.77081
0.376096
0.93893
-0.38011
NA
NA
-2.97952
NA
NA
NA
-0.2923
NA
NA
NA
NA
NA
-1.59265
NA
NA
NA
NA
NA
0.85559
0.88768
NA
NA
NA
NA
NA
NA
NA
NA
NA
NA
NA
NA
NA
-3.62498
NA
NA
NA
-0.86891
-0.86365
2.41109
NA
NA
NA
NA
NA
NA
NA
-0.85877
NA
NA
NA
NA
NA
-1.24125
3.71015
0.56947
NA
0.34145
-0.54119
NA
-0.26166
0.40764
-1.58806
-0.11643
2.17678
3.2539
3.06062
1.62256
2.0248
-1.56471
-2.91475
-5.7945
0.0712
2.10301
1.19577
1.09456
-0.28866
-1.63101
-1.50109
0.74807
1.5921
1.5462
-4.38
2.75334
0.32871
0.4392
0.05494
-0.6214
-0.448
0.945
0.85942
-1.21653
-0.1748
0.88443
-2.59427
0.17632
1.3867
-0.14912
1.36767
0.21718
-1.8
-0.547
-1.84
0.86106
-2.51
-2.584
-3.16025
0.5895
-0.62033
-3.38098
0.1889
-1.14538
1.84
-1.24137
1.8288
-2.1743
5.96419
0.8683
-2.32545
2.1405
-2.27535
-2.04607
-0.2437
-3.62
-0.0754
-2.1217
1.1689
1.2135
-1.2522
-3.05
-2.87643
-0.88102
1.28283
-1.5782
-1.6705
-0.9498
0.28018
-1.76974
-2.38738
2.5698
-0.946
NA
NA
NA
-0.77721
-0.54848
1.44191
0.89863
-0.5293
0.12089
-0.97666
0.48721
-3.91249
0.02843
-2.37886
-2.80563
-1.29288
1.63924
-0.06149
1.31194
3.06968
2.01926
0.64394
0.05568
-1.28981
-0.88828
0.50378
0.0437
0.4683
0.1093
-0.1054
-1.1087
-0.0751
-1.7088
-0.6633
5.0646
4.8344
5.3867
-3.3213
-2.098
3.2767
3.1157
-1.12814
-0.185
1.60667
-0.3618
-0.20501
1.4979
0.91977
-0.96311
-3.5683
0.42439
-1.91802
-1.7838
-1.06706
-0.21697
0.16019
-1.39915
0.1448
-0.15743
-0.6441
0.2874
-1.4559
-1.21294
-2.4245
0.8813
-2.3225
-2.03303
1.17298
-0.1561
0.15402
-1.13959
-0.5023
-0.9712
1.49346
1.73413
-0.56876
1.16276
0.82124
-0.56574
1.24701
2.87823
5.26355
-1.57517
-1.83367
1.09761
0.18881
4.2502
0.1421
-0.4623
1.11699
-2.4803
-0.04423
0.51542
-0.0823
0.7889
-0.24696
0.85923
-1.00015
0.75335
-0.14264
2.41432
-0.36165
0.70511
3.31027
0.25191
0.83692
0.27384
-0.03941
1.39123
0.6661
1.24853
-0.17739
-0.20988
-3.819589
-3.1741
2.9713
1.67982
6.67612
-1.66199
-1.795524
-0.594
2.416
1.2126
-3.02201
-4.40578
1.0218
-6.50089
-1.25695
-3.332054
-1.591654
-0.46485
-1.40464
-1.78722
1.08309
-0.47547
-0.8478
-1.632892
1.03214
-1.16801
-1.4568
2.64926
0.598
1.45708
NA
-1.70993
2.2261
-1.4873
0.64084
-0.11709
-1.29871
NA
0.0503
NA
-1.29517
-1.1892
-1.45529
1.5676
-1.14729
-0.88954
-2.12438
-1.4164
-4.3904
2.18835
-0.08085
-2.74977
1.30861
-0.47265
-0.11303
-0.5361
2.64
-0.98544
0.44401
1.4434
-1.34138
-0.4116
0.63057
-0.79087
-1.16772
-0.02133
0.09718
0.36434
-0.7105
-2.1493
5.2445
-1.8555
-1.92205
-0.29065
0.21758
2.01607
-0.04087
0.37775
0.85232
-2.7646
-0.4222
1.0102
-5.2317
-2.09547
-0.0204
1.45195
-3.55462
-0.41298
-0.414458
-0.27449
2.21429
-0.90841
0.263
-2.40449
-1.31
-2.07518
-2.23692
0.11861
NA
4.301683
NA
-0.76724
-2.55309
2.97977
-0.9006
-1.42211
-1.92899
0.72773
-1.73568
-0.92046
0.35713
-0.16571
-0.31828
0.70126
0.80682
5.85
-1.87069
-2.32074
1.42977
0.41024
0.20601
0.1941
2.38017
-1.71081
2.01566
NA
1.02351
-0.1131
NA
-7.43886
5.45238
5.01499
1.42211
-1.3051
-0.1792
0.67574
0.13577
-1.68751
2.498
-0.017113
0.438
-0.09182
2.42514
2.1639
0.41484
2.78169
4.4422
0.63877
-0.7878
0.6236
-1.62063
1.74608
-2.15613
-0.3996
0.46343
0.4284
0.98605
0.516
0.8125
-5.84529
0.607
-1.3174
-0.14993
0.50196
-2.15695
0.308
-2.38338
-0.74166
-0.10671
-1.9621
-1.33153
1.28111
1.21288
0.93868
-0.8311
-0.01345
0.09429
NA
1.07814
1.287768
0.53855
-0.21157
-1.64614
-1.01149
0.94933
1.097
-1.14246
-4.59
-0.36904
0.79763
1.71086
3.66765
-2.0529
0.42537
-1.43183
-0.49046
0.69574
5.43244
0.71814
NA
-0.4271
-0.2385
3.33943
-2.3328
-0.98015
6.7311
-3.17959
NA
1.70926
-0.26003
2.8169
-1.20071
0.084
-0.7443
-0.319017
2.606097
-0.29249
0.27409
-0.555
1.78581
-5.07968
2.28389
-0.88222
-1.60233
-2.80371
-0.28844
0.51831
-2.48048
-0.11304
-4.68712
-1.72496
-0.24758
2.5859
0.82565
-0.215
-1.35358
0.24331
3.316928
1.51
-0.16515
-2.47635
-1.1716
-1.38989
-1.9507
1.59653
-2.5597
-0.0932
-0.7647
2.2426
-1.2466
-1.07436
-0.927
0.79001
-0.08042
0.31892
0.42792
-1.4428
NA
-0.24508
1.87737
-7.00849
1.29524
-1.07635
-0.9712
3.00562
-3.08973
-0.3026
0.06151
0.69938
0.34076
-1.73043
2.47949
3.81231
-0.24529
0.3979
-0.10763
-0.293401
-1.05311
-2.132
-1.49059
-0.10235
-4.8659
-0.1395
0.2871
-1.94
0.17286
-1.54985
0.1078
0.1644
1.70324
-0.7184
0.9159
1.8309
0.27192
0.47763
-1.73378
-0.4823
1.95392
-1.36971
0.5013
0.7716
0.96106
3.2543
-2.66674
-0.9371
-4.29846
0.03514
2.0158
0.377783
1.1162
0.51582
0.49252
-0.50436
-0.54555
-1.84866
1.31676
-1.60631
0.734
8.58329
3.36567
-1.7446
0.23189
-2.22
3.26086
-1.90966
1.09363
0.38903
NA
-2.55548
2.725178
-0.641715
1.05054
3.56387
1.19301
2.0816
0.88439
-0.57376
1.08721
-1.11926
-3.61196
-5.7404
0.42293
-0.8825
-0.2723
-2.72324
1.4731
-4.1562
NA
-1.4857
NA
-0.11449
-1.71855
1.6355
1.901517
-0.24881
-1.41717
-1.00004
1.68359
-1.05691
-0.22985
0.79424
0.9695
-1.87191
-0.62268
2.15212
-1.94027
-0.59992
-2.13999
-1.0668
-0.82328
1.02763
1.1119
-0.02581
0.83846
0.427
-1.9819
0.97135
1.2949
2.447525
-0.9005
-0.43246
-0.6512
-0.3291
NA
-0.92701
-0.67806
-3.22591
1.05404
-4.01691
3.07183
-2.7225
-1.33743
-1.10662
3.33276
1.9782
2.93453
-0.687092
-0.04974
2.55836
0.72845
0.82403
-3.824848
-0.05931
3.1792
0.81102
-0.05284
-3.06762
-0.6339
0.465
-2.2941
0.3455
-1.8971
-1.4655
0.5067
4.67305
-1.232524
1.51959
NA
1.41845
-1.95728
-1.31178
-2.26669
-0.1913
0.48136
0.06127
NA
0.93957
0.33523
0.57493
-0.1011
1.2713
0.4996
-2.48422
-0.91411
0.52834
-2.40572
0.24817
-0.347113
-2.20414
-3.65171
3.20233
1.19629
-0.338
-0.02612
2.5536
1.22643
0.2355
1.55
-0.25218
-1.48338
-4.10824
1.6735
-5.15969
-1.18526
1.8158
NA
-0.9505
2.37775
-0.85916
1.7471
2.12523
1.59544
-1.2378
0.67254
-2.24697
4.2201
2.9254
0.3297
1.4729
-15.39204
3.6126
2.42363
-1.76265
-11.88013
3.61726
-0.846687
0.91253
0.27442
1.77943
3.0219
-1.51988
-0.863781
1.24376
-1.4962
1.57513
-0.4772
9.45343
1.47611
-0.31435
0.40138
1.11765
2.04963
-1.2036
-2.419487
-2.70309
-0.37863
0.0943
2.01
3.24209
-1.8801
NA
-0.53873
0.94582
0.07747
0.33877
0.67296
-1.36886
-1.30659
0.7528
0.09738
1.1532
1.57367
0.82608
-0.0815
-1.12374
-1.087
-2.7097
1.38279
0.54502
2.26622
NA
-1.3914
-2.8896
-1.43967
3.0647
-0.75528
0.63844
-0.38984
-5.46371
-2.22616
-2.48752
5.3174
-0.00176
2.3841
-0.03841
-4.5637
-1.55515
1.83568
0.574474
-1.88418
-3.83102
0.30567
1.3083
0.80956
0.30899
-0.43207
-0.9212
-1.33789
0.65151
0.7203
NA
0.247
0.5395
1.77828
2.69351
-1.217
-0.5875
0.28984
-0.18098
-0.37279
1.47112
0.7196
5.17884
1.016179
NA
-1.71988
0.17458
-1.02638
0.3901
1.5695
-1.403
NA
-1.79337
0.9486
-2.85582
-3.11197
6.9403
1.97886
-1.55
-1.88665
-0.58398
2.59372
1.07601
NA
0.79026
1.17976
-1.04248
-2.3802
4.75538
-0.4441
6.47492
-2.01057
3.25832
-3.59531
1.01883
-1.33258
0.9913
1.36015
1.28334
0.42612
-0.0488
0.02849
0.51691
1.19796
-1.62347
2.83461
3.40637
-1.38849
-0.89965
2.56384
0.13001
0.52987
-1.85219
-1.40173
-0.26935
0.34407
4.28765
-3.79196
-1.81031
-0.12423
2.31484
0.92714
0.84076
0.984
2.62976
2.358094
2.65379
-0.83235
3.66558
-2.480919
2.10199
0.53736
NA
-0.2135
-0.6627
-0.458714
-0.02915
3.05841
-3.0695
1.44982
-1.1737
2.55764
NA
-1.66892
2.22144
-0.28262
1.99085
-0.24933
1.7655
1.986553
1.51114
0.740154
-2.05767
-0.1626
-3.28359
2.52071
1.5172
1.40955
0.72586
-1.2055
0.7777
-0.38687
1.43012
-1.39876
-3.51903
NA
NA
2.0146
-2.381371
-0.3129
-1.5305
0.04663
-0.7056
-1.52299
-5.119656
4.6696
-1.2001
0.2172
-0.19659
-3.22741
1.73161
3.8842
0.4929
0.97127
0.94851
0.5393
-4.14575
1.80316
-1.1481
5.64
1.0943
-2.2186
-1.56183
-1.6032
-2.50818
-0.4541
1.38679
1.7336
-0.64295
2.57997
0.29014
0.15204
-4.89072
2.17497
-1.8788
-1.358198
-1.1679
-3.53833
-1.2765
-1.32864
-1.17634
0.3639
-0.85652
0.99371
2.1566
-0.58665
-2.883442
-0.99026
2.10127
1.14005
-1.9832
-0.56821
-1.4465
0.53128
0.103
2.8693
NA
1.11446
0.305113
1.10975
-0.21809
-3.69189
-0.4503
-0.17246
NA
2.27792
-0.18752
-0.81169
0.88995
0.89582
-3.2061
1.46946
1.87814
-2.56721
-0.61131
-0.54658
0.56826
3.01005
-0.1495
1.9969
-1.1951
1.76695
-2.3282
-0.5776
0.67448
3.6608
-0.22288
NA
0.16598
0.17689
2.125821
-0.3381
-1.99814
-2.12395
0.91434
-1.07051
2.54999
-0.522
-2.1166
-0.30119
1.06174
1.7253
-1.42891
NA
-0.840299
0.8055
2.26834
1.2939
NA
-2.82041
-0.28301
1.58131
-2.1411
1.08613
NA
-0.312401
1.37339
-1.15376
0.45509
-1.747996
3.49699
1.21994
0.8957
-4.8885
1.29685
-2.15014
NA
-0.05543
1.68224
-0.4783
2.02313
0.081
NA
0.38981
-0.5815
-3.05045
-1.41499
7.0805
-2.9544
2.281
1.91137
2.971
-1.07542
-0.6563
-1.54159
0.4514
1.52691
2.39835
-1.4445
0.03901
0.02782
-1.3515
1.0489
1.0075
-1.21991
-2.34686
NA
-1.3743
-0.8432
2.57267
3.89361
-1.00707
NA
0.7548
-3.96051
1.65597
0.1754
0.77246
1.15609
-1.12347
-7.045759
0.6653
-1.12519
-1.44526
1.66543
0.21424
0.8958
0.08531
0.579048
0.12318
-2.32023
0.62019
-0.30485
1.75342
1.2633
1.89301
-1.3063
2.40104
1.88427
4.83776
0.9818
-1.27273
-0.80445
1.9545
1.45311
1.16357
2.91381
-2.0248
-0.06422
0.22137
NA
0.53029
9.37063
2.35303
2.47911
0.29952
1.285
4.101159
-0.5123
5.21026
-1.4128
-3.18661
1.548831
2.3026
2.13548
2.05046
-1.6418
-2.7634
-1.2673
0.4015
3.0669
8.6773
-1.0936
0.681364
0.09444
8.2097
1.1791
-2.64903
1.777668
NA
6.45249
-0.65365
9.78215
-3.62502
0.8773
0.2364
-0.4882
-0.1912
-1.650009
1.07775
-0.72436
-0.12723
-1.84
-1.43747
-6.25338
-3.05414
1.49963
-1.91878
-1.383467
-0.12194
0.28282
1.63527
3.17858
-1.37185
-0.6036
3.47514
2.8333
-0.15391
2.7498
0.71746
-0.03552
2.75623
1.356892
1.7075
-1.47134
-1.21239
1.91507
-4.03781
0.99884
-0.34514
-0.00694
2.003859
0.1834
2.3239
-0.56721
-2.01803
1.36401
-0.2002
0.01175
0.102344
4.2794
-0.48009
0.62453
-2.8299
-0.40993
-0.4799
-1.85906
-0.9052
-0.0034
1.44985
-0.78161
0.25054
-0.57526
2.1298
0.2029
3.7523
-2.42293
-1.16618
0.65029
-0.48556
-1.72181
-0.4929
1.6008
0.83797
-3.099192
NA
0.33548
1.10893
-0.13382
1.5466
0.72148
9.24775
-0.589
-3.17098
-1.06785
-3.23905
-2.35557
-1.32368
0.11646
-9.36769
-4.51019
-1.46089
0.283
-0.11708
0.70013
-4.19784
2.18278
-1.04257
-0.16266
0.7055
1.745
-0.6764
0.95435
0.1449
1.02744
2.30783
-0.15321
-0.71397
-16.60953
0.8772
-2.54899
-1.77379
-0.28086
0.6409
2.14049
-0.9951
0.2526
1.54
-1.43662
NA
-6.3033
-2.97
0.33
1.28158
-0.29687
1.5548
-0.94607
0.75182
-3.48936
-1.5108
0.83849
-1.3569
-0.94416
0.4916
-13.32632
1.06183
-3.09078
1.70712
0.3217
0.61763
-1.3978
0.31604
-1.50668
-2.250557
NA
2.8171
1.7226
3.41004
3.87071
-4.6948
0.62613
0.85033
0.7708
0.2156
NA
-3.374
3.00452
0.12718
0.2141
-0.13904
-2.82943
-1.5888
1.326
-0.6721
1.607
0.61344
-6.89656
1.00908
0.05866
-0.1548
1.49369
-1.524
1.90084
-0.1428
-0.07733
-2.58293
-1.03601
1.02714
-4.631413
2.15402
1.09304
1.7302
0.5591
0.0984
-8.06517
NA
NA
4.6055
-0.4038
0.6823
-1.72762
0.54231
-1.31375
-2.57203
-2.2935
0.69392
-0.90883
1.46866
1.15309
0.27023
1.73401
-1.38859
0.98459
-2.015667
2.31217
-0.5913
-2.83203
0.3192
0.21141
3.22397
-0.4135
-2.4012
-2.1179
1.45912
-0.30301
-0.15669
0.15897
-0.3964
-3.9379
-0.3335
0.73363
-0.27283
-2.234802
0.7985
-3.89479
0.43663
1.1865
-3.454817
1.4832
-1.86543
-0.88195
3.75249
-0.5968
-0.5366
-1.06548
0.00728
0.203471
0.5806
-2.0011
-0.92168
1.25777
-1.21946
-1.97561
-0.96911
-0.978
1.01558
0.61426
0.05185
1.5831
0.42906
0.9533
NA
-0.2887
-1.22724
-1.2307
-1.177559
-1.1391
-2.45
1.6031
1.9241
1.0899
-0.8211
-2.85684
0.55022
-1.62
0.65664
-1.57649
-1.15925
2.13843
0.30702
-1.4966
1.69157
1.623794
3.09319
-1.8539
0.58846
-0.84076
2.0972
0.43433
-0.828614
-2.94619
0.004167
2.94896
5.57131
0.4263
NA
-1.32664
2.60794
-0.1224
-2.1546
-1.64074
5.70906
-5.5066
NA
0.4515
-0.4206
0.13264
-2.58791
0.97916
3.5584
0.02862
1.90948
0.51481
-8.68458
-2.492584
-0.91099
2.835039
0.51764
-1.9832
-1.39336
0.1165
-2.474962
1.3935
-1.83713
-0.38059
0.1939
-1.48222
-3.33
-1.07267
1.3424
2.3037
-3.9985
1.32
0.61048
-1.8483
3.471
-1.92374
-0.26991
-2.80608
0.5457
-1.20362
0.1788
-2.94782
-1.7716
2.28927
-1.40034
0.20125
-2.3596
-1.54239
-0.88702
-2.2237
-1.11728
-1.76152
NA
1.79657
-2.6619
1.55462
1.83219
3.66903
3.5224
-1.16153
1.87391
-2.66001
-0.1021
2.1796
-1.07183
4.95394
NA
2.450997
1.0672
-3.1817
0.00924
3.279
-0.31229
0.3594
1.3573
1.0685
-1.83836
-0.57632
-0.49675
0.7593
0.66462
-1.61128
0.29732
-1.62489
NA
NA
-6.87608
-0.31624
-0.29203
-0.75476
-2.03955
0.6121
-2.11798
2.82536
1.946521
-2.96506
-2.08266
-2.60161
0.0387
-4.04307
0.7825
-1.26226
-2.21913
-4.58826
0.55136
-0.38247
-1.79526
-0.60387
0.4136
0.9071
0.0249
1.17187
0.48335
0.09372
-1.3054
-0.60059
-0.9132
0.13017
-2.0534
-1.31377
-1.1584
0.2121
-0.098661
0.2941
0.1639
NA
-2.03022
2.69152
-4.23133
-1.9893
-3.71135
-0.25124
0.3338
-2.29123
-1.12878
-0.552
-0.99761
0.4769
2.78145
NA
-0.02827
-2.71925
1.16091
0.66007
-0.04138
-1.3942
1.5331
0.0662
-0.1172
-0.24839
NA
-0.02347
-1.57613
-1.66211
19.71016
0.41861
-2.16876
1.3556
-3.94039
-0.94038
1.10414
-0.4966
-5.2143
-1.0408
1.9356
-0.8869
1.79029
0.12175
-1.1251
0.6672
1.11324
-0.97357
-1.024837
-0.983
-1.34941
-0.5421
-0.73075
0.31274
-5.86462
-0.616276
-0.1577
-0.74411
-0.69596
1.0257
0.00774
0.62777
1.07108
-2.04582
NA
-0.484668
1.03962
-1.3799
1.04
1.38886
2.7451
-0.371
-1.585
-1.31885
2.11954
5.4187
-0.98632
3.99297
-5.605
-0.26406
-2.6861
-3.52907
0.21663
-1.255
-0.37954
2.30465
-0.327
-3.06887
-3.50316
-1.99223
-1.6701
-0.68395
-0.900771
1.9969
0.123
0.93911
-0.79353
-0.8825
-1.10498
1.52532
-2.78095
1.0255
-1.67207
1.1643
-0.35491
-0.15315
-2.0761
1.24515
-1.880867
-0.96402
1.72883
1.11498
3.19265
2.0177
0.01372
0.372
-1.68992
0.14831
1.26471
1.67943
NA
-1.2393
0.79346
1.88657
3.4517
1.20716
-0.05413
-0.56112
-0.9346
-0.9013
4.34918
-1.22784
-5.51172
0.67438
1.04066
0.63556
-0.54089
0.62404
-0.3265
0.10366
1.06383
-0.56453
2.25131
-0.53159
2.82928
1.73574
-1.50399
-0.74641
-1.16158
0.21647
-0.55521
-2.03942
0.37632
-1.86321
NA
-1.03658
0.49222
-4.67019
1.30514
NA
-1.03823
0.33862
-0.70175
3.19926
8.82
-0.8563
0.44271
0.17095
-2.27591
1.57952
-0.8813
1.0073
0.15977
0.81655
0.3489
-0.22677
-0.4744
NA
-0.150819
0.19947
2.60918
1.2555
-2.4796
-1.97624
0.40298
0.96305
2.44644
0.8473
1.81412
-2.50201
0.51099
2.9593
0.5981
1.6974
-0.30011
0.82748
2.74891
0.2629
-10.18718
1.85595
3.94748
-1.57922
0.08515
-1.58314
1.54577
0.96501
0.1109
1.98454
0.9495
-2.41777
1.74225
0.9789
3.08243
1.69782
3.71449
0.123
1.46078
1.7164
-2.02969
2.33
1.30582
0.0729
1.07546
-0.53918
1.87483
0.1279
0.399
2.36816
-1.7063
3.40537
-0.55856
-2.6843
-2.02841
-3.76108
1.38336
0.3586
-1.89642
-4.64013
-0.09859
-0.07611
-1.22216
-0.76422
-1.3766
1.864
-0.35631
-2.56066
-1.266
-1.7085
0.53571
-1.77034
-3.30959
0.44368
0.7898
-1.0748
-1.91933
-1.20586
-0.53881
3.90618
0.04583
0.58418
NA
1.43434
-0.20003
-0.36865
1.49985
-2.31755
-0.88995
1.64211
0.2998
1.19228
-1.76979
-0.5737
-4.80249
-0.09238
-0.26909
-0.22821
-0.9115
-1.70887
2.86283
0.9242
-0.22628
1.1057
-0.65469
-1.4982
1.67483
-5.22037
-1.44344
-0.87638
-0.45287
-3.6146
1.10309
0.5309
-1.46827
-0.20413
-2.06905
-2.38893
1.35348
-1.44903
0.04748
-7.53877
1.31823
1.20401
-0.8501
-0.6329
0.43785
-1.7836
9.47837
-3.23097
0.99285
-1.53522
-1.63702
0.4411
NA
-0.12294
0.39386
0.06275
-0.72749
1.19787
1.1621
0.0519
-0.36394
-2.10318
0.78335
-1.39859
0.264
-1.65246
-2.25267
-0.08638
0.74506
-0.5129
-4.04095
1.14538
-4.13361
-0.69349
0.34726
0.81108
-1.6945
0.89613
7.8222
-1.0207
1.19089
1.70347
-0.1651
2.2867
0.17418
2.80251
-0.00866
-0.27486
-0.11904
-4.48663
0.6391
-2.407
1.09861
-6.36547
1.42938
0.00147
-2.48814
-0.29108
0.3248
0.21708
-1.29815
-3.07
1.176
0.51861
-0.18031
1.7097
-0.15764
-0.11183
0.50803
1.213
0.54517
3.87343
2.1336
1.2429
3.77676
-1.1677
-4.94423
0.6335
3.6545
5.01337
-1.23872
-1.8316
-1.26069
-1.8296
1.02246
-2.81002
-0.8008
NA
-0.94767
-0.29013
-0.75819
4.32829
0.03192
-0.8858
0.76255
-0.55994
-3.67873
-1.0675
1.06583
2.80687
1.96661
-0.798
-0.926
0.0275
-1.32749
0.7637
-0.25425
3.1813
-0.09203
0.26526
-1.07792
3.0095
2.6241
0.41321
-1.60383
0.68812
0.4295
-0.65643
-0.64265
-0.41594
0.269603
2.40996
-0.78718
-0.62141
-1.86341
0.08674
0.3358
-8.59495
-0.0619
-0.5091
0.0743
-1.639725
0.61941
-2.78043
2.6712
-0.22804
-4.32368
-0.4612
-6.39189
1.36815
0.28588
-1.23938
-1.07453
-0.44198
-3.62555
-0.9115
-6.08697
-0.12011
0.00708
-0.10549
-3.13877
-1.23835
1.1564
1.01091
-1.50312
0.91172
-1.06985
-3.1624
0.25711
-0.76733
-3.16302
4.21691
2.3061
2.41785
-0.72479
0.1428
-2.49133
1.21456
1.04672
-1.85417
-0.7958
-0.91835
-0.21929
1.65395
0.85741
-1.7904
1.36555
0.1551
-0.08486
0.00869
1.91788
-0.43106
4.6799
-1.0557
0.42478
-1.40267
4.42309
3.91682
1.69981
0.54075
-2.34989
0.11592
-0.1484
-1.243
0.41403
-0.75518
-2.2215
-0.3428
-2.65814
0.97925
3.39129
1.97359
0.51638
0.9194
0.9595
-3.5885
-1.4541
3.32754
2.100097
0.31722
0.01004
0.24781
-1.01193
0.8321
-1.26809
-2.7439
0.9653
-0.7194
-3.85732
-0.48017
1.6893
8.621
-1.13289
-1.45771
5.60154
0.6436
-2.08
0.2029
-0.67806
-0.64515
-3.64826
-4.05627
-0.54327
1.37444
-0.65293
-2.55341
0.07587
0.03448
-0.57315
-1.86594
0.51926
3.0374
1.0637
-1.54367
-0.90542
-3.16928
1.22364
0.52301
0.5431
-0.05545
6.51386
-0.2407
3.15835
-0.2245
1.1829
0.65239
2.83636
-1.12097
-1.24238
-0.02418
-0.32729
-0.1561
1.02837
0.68371
-0.01166
0.34761
-1.9396
-7.13345
-5.93804
-0.9601
-0.98522
1.19933
2.0155
-1.84449
1.77071
-0.04551
-0.83707
-1.10387
-0.47645
-0.0197
-3.2922
-0.95131
-1.10572
-0.3438
-4.64
-0.63646
-1.58282
-4.77
0.174232
0.04752
-1.39933
0.0608
-2.37
-1.36964
0.01742
1.80061
1.3066
1.23858
0.28644
0.86029
-1.67297
0.9864
1.06481
1.4822
0.84073
-0.52699
-2.48018
-1.26
-0.07866
3.94128
1.14191
1.58541
1.88334
-0.83841
2.76
1.92793
0.20812
-2.43962
1.30123
4.89712
0.04051
-3.54584
-1.54772
-1.29619
-0.00115
-1.99077
-0.77476
-0.3648
-1.39802
-0.49931
-1.4853
-0.84852
-0.5812
-0.7712
5.36
0.553
-0.71797
3.02986
-0.02874
0.0034
-0.79914
0.7172
-1.10986
1.87083
1.01372
-1.55126
-0.60769
-0.04206
-0.98832
2.27063
-2.53137
3.86884
-0.00137
0.94126
-1.55957
-0.7091
1.33618
2.63619
-1.66
-3.46587
-1.7269
1.0325
-0.18687
1.1123
1.87491
1.08423
1.54712
-1.34232
-2.41521
0.84573
2.03478
-0.40658
1.70225
2.49546
-3.0696
-1.98866
-5.2944
0.23847
-0.14732
-0.97178
-4.4842
-0.6252
-2.51687
2.3945
-1.4182
-1.82174
2.63007
-0.3106
-0.10272
2.8547
0.6081
0.578
-1.38033
2.53959
-0.10161
1.16351
0.72176
-0.91386
-0.477
16.74135
0.08923
-0.1704
1.0737
1.87195
1.1245
2.01262
0.931828
0.27668
-2.97416
-0.94026
-0.74097
-1.2509
3.25678
-3.65647
-1.3856
0.29441
-2.39647
-2.11749
0.59314
-0.17741
-0.04812
0.70885
2.67277
0.90684
-0.32467
3.19983
0.82573
-4.45873
-1.36724
0.06683
2.27351
1.3094
1.06396
0.6447
1.89862
1.56116
0.92837
-1.00919
-2.26971
-0.78306
0.59957
1.97569
1.93248
3.06846
-1.8043
-1.1486
2.27337
-5.64283
-2.4602
-1.62724
0.59435
-1.60426
1.01324
-0.0085
2.65645
-2.55959
1.689
3.67306
1.16589
1.98709
-0.99734
-0.01876
-3.44861
-1.49849
-22.11472
-0.96127
-2.02035
-1.23499
0.76599
2.51334
4.17753
-1.2351
-0.39911
-2.09226
-5.61519
-0.42296
-1.03872
-0.04854
-0.11208
0.58657
-0.80694
-1.5288
-5.10192
1.09499
0.87897
0.7341
-1.37777
-2.6954
0.21414
-2.3313
1.73869
1.22281
2.12559
0.88942
6.86041
-1.54414
1.36653
-1.2925
-2.4
-1.51731
0.4617
-2.67575
0.7304
-1.8333
-0.1763
0.18598
1.37952
-0.67654
-0.1536
-2.345
-0.80667
2.7304
-1.46264
1.2263
-0.89106
-0.327
-3.60945
-2.80532
2.18482
0.02216
-0.7573
-0.02137
-0.12546
-0.54178
-0.12202
-1.72052
1.89988
1.2571
-7.61937
7.88476
3.78672
-0.44831
0.42487
0.41815
-2.33
1.34707
0.20102
2.76752
1.58699
-1.63399
0.23982
-2.1466
-1.77526
-0.18316
1.42863
1.39235
-2.34765
-2.63319
0.5105
1.827
0.5712
3.3582
-10.80798
0.36815
-1.3099
-1.20429
-0.58634
0.33607
1.60147
0.12897
-0.03067
1.36
-1.22139
1.64557
-0.92577
-1.21762
0.81065
1.15271
4.017
-3.12225
0.47128
-1.12712
-1.524
NA
-0.99082
-0.15714
1.25228
-3.57918
0.11122
0.65846
0.36153
-0.67045
-0.39417
2.03967
-0.00795
5.2291
1.43514
-0.44073
-0.12153
5.31273
1.04286
0.73876
2.1213
0.9383
1.336
0.8528
-1.19636
-0.12
-0.04555
-0.40889
0.6619
-0.40963
-1.13282
0.1253
-1.62301
-4.36796
-0.3763
0.46242
0.85759
0.18933
-0.49944
0.7987
-0.34992
1.44131
2.5074
-2.85072
0.9946
-1.16743
2.55
0.612
-2.76487
-2.71764
0.83304
0.84059
0.24375
-1.68
-3.65
-0.637
1.21811
-0.27581
0.86797
1.49653
-1.67
-1.56
0.45533
-0.0988
-4.5294
0.47796
0.835
-1.032
-0.25079
-0.593
-0.209
1.513833
0.85868
0.03354
1.18
0.331
-1.33
0.659
4.72192
1.34864
-0.9638
-0.363
-0.13942
-0.67346
2.23
-2.78
-1.30063
0.577
-3.42
1.51007
-1.3939
2.36
-2.56
-4.08996
1.02154
0.22553
-0.625
-1.31099
-2.06351
-0.603
2.44836
-2.96
0.45743
0.06658
-5.54003
2.77722
-4.56067
-4.50609
0.0722
-0.1538
-4.7398
2.02
-0.709
1.3341
-1.66828
-0.56502
-3.42
1.3987
0.88044
0.55195
2.41042
2.012835
1.53205
-0.102
0.8035
2.71458
-1.77
0.0638
0.19
3.67227
-0.134
0.057
0.588
-4.69
2.29
-1.23066
2.777058
3.7818
-2.77611
-1.94
2.61119
-0.68441
-1.22487
0.05523
-3.10824
-2.98318
0.92566
3.1097
0.77268
-4.38
-3.63
-1.2753
0.7527
-2.2919
1.78
2.16295
0.56883
3.44
0.05168
0.66319
-1.13
-2.31714
-0.60874
-0.573
1.86943
1.1929
-0.71307
0.448
1.26
-6.1049
-4.96
0.2595
-0.0388
2.52475
1.70955
0.59429
-1.42054
3.93255
1.7804
-2.3598
-1.79069
5.3484
1.57753
-1.51777
-0.67119
-6.93695
-0.28629
-1.7105
1.08789
2.10542
-0.584
-0.223
2.03894
-0.61113
0.4146
0.1703
-0.25818
2.16
-1.34
-0.0084
-2.74601
3.77542
2.13456
3.2068
-0.5249
0.47571
2.34
1.64141
0.16695
-0.79866
0.691
0.423
-0.44584
1.15316
-5.08372
2.7
-2.95
-1.1671
2.38
0.65668
0.35986
0.22317
-0.744
-0.852
-0.0983
0.98366
0.39457
-1.3
0.498
0.268
-3.06402
3.44
-4.55379
NA
-0.62989
0.258
-1.1019
-2.13
0.9113
0.9214
-1.0786
-0.311
1.308707
-0.14242
-1.66039
-2.96
0.431
1.76037
0.0612
2.32871
-0.7446
-0.16405
0.402
0.90261
-0.95522
-1.48
2.35
0.32842
1.82897
NA
2.11689
-0.46418
0.99365
-0.6121
0.2798
2.5592
0.51957
-1.35868
-1.40534
1.18
-0.0449
-1.11
-1.91103
-0.933
-1.41
4.64561
0.00757
-2.7625
1.13738
2.80464
-0.44464
5.96065
-1.34129
-1.24
4.26
-4.63881
-4.67099
-1.88872
-3.55267
-0.83178
0.54
-1.03
-1.94596
0.408
-1.34
-0.416
0.57585
1.68046
-0.663
-0.78636
2.7973
0.97189
0.0832
-1.8057
-0.46551
4.64875
0.03288
-2.1929
-0.391
-0.77273
-0.352
1.18
3.40292
1.1438
-4.36802
-5.44
1.79
-2.05
-1.29281
-0.715
0.765
-2.1278
-2.06
2.61515
1
2.97368
0.8322
-0.5152
2.92599
NA
0.9103
-2.91898
0.26804
1.3157
1.22812
-0.3129
-1.50713
1.9035
3.1335
2.82519
0.7765
0.068
-3.18096
0.7929
-2.78924
-1.05571
0.6903
1.36532
0.5819
NA
-1.78619
-0.975
0.35191
1.376611
0.34349
1.2015
2.65948
0.3889
0.0852
-0.03699
-0.01676
2.03334
1.4496
1.39653
0.4238
0.4142
1.401061
-0.1744
2.1327
-0.37189
0.40739
0.55332
-2.31752
5.93423
-3.52336
-5.23982
-0.4166
1.72124
-0.3608
-2.8156
1.7363
1.07468
-0.6937
-0.6028
1.49896
-0.562
-0.2944
3.66213
-0.45026
-0.08819
3.40724
1.1623
1.1401
-0.801623
-1.96901
-0.8784
0.64269
-2.67622
-6.17238
0.017162
-0.5264
0.01853
1.05395
1.47704
-0.9638
-1.3867
-10.36161
-4.8399
-0.05456
-3.05849
-4.10941
2.61686
2.35081
-1.51408
-0.87832
-1.2879
0.64273
0.3708
-2.75059
-0.49634
-1.18499
-3.86361
-0.019
-1.8148
2.30406
-0.02411
-0.60103
-0.02642
0.36934
-1.18568
0.75609
-0.68391
-0.3425
-3.39
2.72966
0.82081
-0.43653
-0.2539
1.9095
-1.37836
1.764
-0.9559
2.55184
-0.0908
-0.3405
-0.42325
2.33216
0.29888
NA
1.1089
1.14911
0.65438
-0.75675
0.70912
3.0983
0.25099
-3.4416
-0.75873
-1.47269
0.038
1.09139
-0.62414
-2.9494
0.30228
-1.38591
0.13722
-2.06361
-1.2814
-1.54772
1.09637
0.6787
-1.12455
-1.22665
2.2083
-2.2316
-0.47619
2.7728
0.55713
2.10525
0.3663
-0.8169
-2.87801
1.9211
0.21803
0.4521
-0.56139
0.02693
2.99262
-0.5311
-3.57351
-1.06481
-3.98215
-2.62528
5.46832
-4.1217
0.4803
4.34771
0.49596
0.0091
-1.9286
1.229
0.762
-1.05325
1.5379
0.8884
-1.61303
-1.3857
-0.181
3.09668
0.18835
2.38437
-0.9306
-0.36552
0.3725
-1.91
-0.10375
-1.67703
-2.35052
0.9722
-0.29802
-0.5465
-1.44382
-4.4135
17.72194
-0.54319
2.4213
-0.6174
3.51444
2.06665
-0.67215
-0.87343
-2.50682
0.92593
-2.49918
0.28135
-0.815
1.12494
1.81787
2.58136
1.52352
-1.83269
1.00999
-0.16426
0.31925
-0.19336
-0.90411
0.23851
-0.82996
-3.24
-2.60093
0.23702
-1.7997
1.22072
-4.76383
0.23762
-0.14
0.2886
1.97336
-0.02077
0.317
-0.07389
2.17251
0.0126
-0.0371
-2.94173
-3.7948
-0.89819
2.12565
-3.8446
0.04911
0.5751
-1.46593
-0.91925
7.73214
0.84305
1.0285
-0.83121
1.96016
-0.47039
1.32009
0.92
1.4809
-1.2977
13.24303
NA
-0.19749
1.67545
0.9725
5.90712
-1.8208
-1.32322
-1.06575
-0.21061
-2.52163
2.54439
-2.52327
0.75754
-0.15403
-1.62536
-0.30108
-0.80053
-5.12326
-1.96378
-0.20497
-0.21977
-1.41624
1.01448
0.5069
-0.5566
-3.43374
-1.5784
-0.61349
-1.5239
-0.02235
0.05045
-0.27601
0.6367
-1.08
-3.1128
8.99741
2.29946
1.529
0.7343
1.12641
0.10479
-2.06888
0.7987
2.0592
2.25119
2.46
0.36026
1.2226
-9.23848
-2.27748
2.75419
-0.39681
2.04152
-3.01387
0.97874
-3.94673
1.9608
0.62278
-0.09171
0.6205
-0.129
0.04409
-1.1992
0.74117
-1.76893
-0.70413
-1.63985
2.76602
-0.5222
-1.21707
-0.82632
-0.99365
-3.68443
6.32219
-2.2796
-1.28577
6.98482
2.78097
-0.96222
0.70735
1.00581
-0.29543
-0.586
-0.92793
0.6439
-2.89965
-2.09655
1.71434
0.9298
-0.43267
-0.630095
NA
1.09818
0.4663
2.54514
0.02981
-3.09048
0.16287
-0.83672
-3.59316
1.36101
0.06586
0.85072
-4.33318
-1.82656
-0.33634
-1.9785
0.39752
0.60038
1.4329
0.26571
-1.47623
0.42807
-0.52013
1.18678
-0.00646
-0.28749
-1.01428
-0.84874
0.21231
-0.428999
0.05986
-0.80321
0.6966
-2.04225
-0.15745
-0.38361
-1.19736
-1.14016
7.02926
-0.88349
1.27644
-0.22296
1.94782
0.78933
1.543202
1.96468
0.5305
3.04153
0.5093
-0.45894
1.17262
-2.59792
-0.54399
2.857
-0.71582
-0.75555
0.45435
0.30522
0.49803
0.09886
2.60037
NA
-0.2436
-3.20594
0.5759
6.36075
-0.3742
-0.92288
-3.56216
0.97675
0.173704
-3.92565
0.46806
-1.2027
-1.05381
1.81772
-1.68562
-3.15318
2.18339
0.82149
1.78744
-2.5497
0.06762
1.11391
0.45238
1.74983
-0.22271
-0.61645
-0.15606
0.7523
-0.63922
-4.95097
0.43663
-0.54673
1.5823
-1.86056
-0.15541
-0.07533
0.00878
-4.20738
2.46392
0.51767
-1.80296
1.77988
0.5503
1.72691
2.68241
-1.3175
0.48727
-0.75654
0.01322
0.36914
0.1109
-4.66989
0.04034
1.16
2.42929
-3.52544
2.08788
-2.81323
-0.0671
-1.15308
-1.22758
0.03627
5.9358
-0.52949
1.221
-1.88436
-1.45672
0.17123
-0.4068
-1.09225
-2.24072
-1.0491
1.84586
0.94674
2.3262
-0.107
1.41785
1.36219
NA
2.46559
-0.97713
NA
2.04858
1.4726
0.40976
-0.81662
0.16537
-0.20756
-0.9175
-0.53971
-3.73671
3.31793
-0.6205
1.79949
-4.22889
-2.0411
1.12337
0.96071
3.44162
-0.25836
-0.7719
-0.09913
-0.4906
-4.6363
3.45776
-0.80453
0.91556
-1.594175
3.32787
-0.2934
-0.6813
0.28013
0.22241
0.97674
-2.31099
-1.39826
-5.40477
NA
2.1453
NA
NA
-1.12006
3.15371
1.01332
NA
-0.75833
2.48738
-4.54074
-0.79567
-0.64348
-1.56898
-3.03124
-3.64451
-1.79683
-0.35985
-0.327783
0.3693
-1.36271
0.215447
-0.5451
-2.60754
-4.0948
-1.05744
-1.0211
2.775016
-1.819038
1.46039
3.07273
-0.21571
-1.68683
-0.37545
3.01946
0.1572
-2.951002
-1.08857
-1.30104
2.61842
1.1175
-1.352205
0.40649
0.93224
4.18301
0.8451
0.21931
-2.36008
-0.81002
-2.5514
-1.24484
-0.7929
1.65466
2.3499
0.172405
0.37478
NA
-3.141
2.29729
-0.20905
2.7548
-1.9645
-3.1175
-1.4968
-1.03442
4.25717
-0.8988
-0.37755
-1.28885
1.22689
-2.409609
-0.06418
0.01143
-1.4035
-0.33238
0.07376
-2.079095
1.4289
-0.271662
0.86558
-0.7426
4.235
2.88983
-4.8892
0.11486
1.4443
-0.9342
2.29377
0.773931
0.44104
2.8838
3.0497
-1.12545
0.9823
-2.7873
-0.7137
-1.07314
-2.71596
3.87217
1.8134
0.3822
0.25982
-0.83906
2.221848
-2.21718
-1.00525
-0.35969
-0.2429
-2.196
-0.0959
2.91938
-4.13386
-0.44851
0.25451
-3.24066
0.6131
-0.21787
-0.38543
1.59562
-1.58991
0.75613
-1.0892
-3.0867
-1.0804
0.37802
-2.63771
-0.51269
-2.82678
2.55689
1.6925
-2.62038
-1.9811
0.07059
1.20259
-1.28621
-0.4916
0.2368
-1.73409
1.25685
NA
-3.46866
-0.16661
0.295904
-0.73407
-1.903
-2.35753
1.38678
-1.2072
-2.8494
2.70089
0.25601
0.841925
2.42671
2.4467
0.88072
-0.29636
2.706452
0.08293
-4.3924
-1.4964
0.4051
NA
-2.76044
-0.27432
-0.08089
-0.4879
-1.26865
1.63713
-3.25617
-0.414
1.77043
0.828
-0.903
3.1676
0.2589
1.02699
-0.9724
0.47082
NA
1.20723
-5.93776
-0.94675
-1.38867
0.13716
4.02
0.75113
0.42065
-3.10894
-2.05229
3.746862
0.00748
0.345
0.96274
-1.91465
1.5059
-1.29707
1.2962
0.342187
-1.4563
0.4927
-1.9621
-2.72583
4.27477
0.60338
-1.15769
4.79628
1.6424
0.6488
-0.24038
1.6424
-0.20659
-1.3081
0.95555
-1.22736
-0.76525
-1.70349
2.25
1.302
-2.31
20.9
-0.25959
NA
0.51548
0.47695
-1.50463
0.8233
0.32583
0.94076
0.40885
-1.6252
0.61729
-1.32871
-1.2355
2.15641
-0.45601
3.89847
1.5265
1.234336
3.2217
1.21181
0.88317
0.42276
2.85191
1.62244
-6.51022
0.86319
1.37
0.14196
0.41166
0.6149
0.58
0.8865
0.33407
-0.0231
-2.03499
2.53831
-1.63518
0.84487
1.509
0.04933
2.29324
-1.39
-3.81
1.2193
2.99977
0.2447
-0.92195
1.68754
6.11
0.857
1.0979
0.76719
-0.34317
-0.2488
4.41966
1.76511
1.43651
-3.95334
-1.6855
-0.14998
-1.63869
3.23249
-2.3096
-2.73673
4.00509
2.7526
1.50927
-1.62542
2.08
-0.7333
-4.1914
0.5712
0.38197
3.56121
0.43722
3.04
5.23876
-2.95901
-1.7684
-0.34795
-2.541
-5.44739
-2.3854
1.72217
1.89531
-2.67
1.18143
-0.97096
-1.58496
-3.50565
2.38
0.8575
0.36732
-2.5813
-1.44733
0.4209
-0.22115
1.5416
2.16183
2.2677
-4.49
-3.2362
2.51369
5.88662
-1.76316
-1.9
-0.57934
2.4649
1.71
1.721951
-2.38047
1.64393
1.08746
3.62745
-2.9584
-2.46038
-3.0097
-0.0853
3.13336
0.7685
4.65845
4.65034
2.14566
-2.94953
1.3055
-1.476
1.92415
-0.84362
-0.34814
0.0078
NA
1.65932
4.89379
-1.5764
1.91827
-1.08719
-0.987285
-0.6714
0.5913
NA
-0.3307
-0.82201
-1.373
1.49
2.36944
-0.0688
0.38616
-4.3954
0.753
-0.33798
-0.67964
-0.28172
1.96034
2.93546
1.7974
-0.27804
-1.88212
-0.97555
-2.74032
0.16018
0.82743
0.62211
1.17216
-1.6
-2.9592
-3.56126
-1.77617
-0.34278
-3.9938
-1.7636
1.94575
-1.97499
1.92
-0.5405
-1.627
1.4939
3.94896
0.0631
-0.9424
-3.11705
-0.90769
1.118
-1.80955
-1.17
-2.42013
-0.637
-1.6333
2.57195
-1.79175
1.07
-1.43343
0.575675
-0.93394
-2.31206
-1.05965
0.400061
-0.02533
0.26004
0.1966
1.53609
1.8565
1.88
-1.73877
2.25957
-3.22981
-1.57762
-0.42639
0.36156
NA
4.09019
3.57935
-1.9602
-3.24628
0.812
2.55141
-0.14636
-9.89
0.19064
-2.68405
0.5099
0.2725
-2.11
0.5298
-1.99
7.54058
-1.34763
-0.9131
-0.64057
0.594442
1.75403
-1.61738
-1.8304
2.19525
1.77941
-0.62903
-1.74838
-0.2647
-1.77987
1.61582
3.2991
0.966
0.64986
-0.83391
-2.7647
-0.63934
-3.16185
0.8069
1.4722
15.79397
3.79273
2.4345
-1.45928
0.16125
1.839119
-0.522
1.1414
-2.1574
0.416
-0.68792
3.45386
-0.982
1.566
1.66932
0.1157
0.2713
-0.6543
0.17029
-0.0546
2.13706
-1.89974
-3.77716
1
0.23515
3.33332
-0.33591
5.98785
1.47592
-1.71271
0.64774
1.11394
-2.8948
-4.36
0.979
0.25979
1.05864
-0.13197
-0.1351
-0.10381
6.79368
2.07354
1.08106
-0.0456
-1.43702
-0.8643
-1.43637
0.28762
2.06583
0.64807
2.18277
-0.09668
-0.71528
1.6
1.03552
-3.23166
0.0114
-1.05376
1.36
-1.79422
0.33452
1.19391
-1.24142
-3.15071
-0.8325
-0.83087
-0.44551
3.8098
-0.0465
-1.35975
-0.159
-1.49
-2.19656
0.33321
-0.18224
5.33
-0.42772
0.02713
3.66875
-2.92946
-3.50796
2.7243
-1.36648
-1.89259
0.76575
1.20385
3.80702
4.45045
-1.1847
-0.32858
1.63
-1.3891
-0.495
-1.35599
-1.10249
-0.632
-0.03216
-0.87008
2.13517
0.0199
1.56532
NA
-1.49
-4.33944
1.42
1.6463
2.83388
-4.69
0.36
0.05835
-1.52029
0.05936
NA
0.60926
-0.3421
NA
-2.87
0.55222
0.00897
-1.18989
2.96925
0.302
-0.86659
-8.34
0.91377
0.8488
-3.29196
-2.71342
1.26481
0.25732
-0.8187
0.17389
-0.0965
-2.1345
-3.17847
0.97273
-5.53601
0.87776
-1.73
0.25712
-1.12677
1.44971
-0.01801
-1.05048
0.67284
-1.69
0.4804
-1.41169
1.46592
-1.55957
0.428831
0.65913
-1.49882
0.18097
0.54223
-2.4911
0.288702
0.311
0.9712
-2.5199
-1.94
0.48955
1.52024
-2.7022
0.33271
-0.05445
-2.0653
1.0418
3.42786
-0.22684
1.26535
-7.94755
0.028814
-0.958
-2.04111
-0.83374
0.44419
-2.37257
-1.94209
2.33265
0.27847
-1.10563
-0.07747
1.97893
-1.14872
-0.7863
2.5273
-0.11369
-1.44219
-1.09821
NA
2.30283
NA
-0.12524
NA
-0.57763
0.87093
-0.02944
1.743
0.53819
0.22377
1.2819
NA
-0.44166
-0.5768
0.84131
-0.15182
-0.9653
0.56461
1.33239
-0.90534
1.0257
1.21744
-1.22799
0.54511
-5.12288
-2.2529
NA
3.1325
1.1673
-6.7015
-2.0987
-1.10037
-1.32936
1.68401
1.98899
-3.82449
NA
0.11516
-0.51911
-0.47102
2.99128
-1.33
0.38356
0.42637
-1.11917
3.22167
0.102386
-2.7179
-0.13015
-0.8513
-1.8076
4.3534
-0.77163
-0.04593
1.82129
