2.8929
0.68041
-0.8227
-1.77839
-0.81872
1.9226
3.4319
2.2501
-0.17767
-0.83205
2.7272
-0.2281
-1.09
1.21
-3.37089
3.51
0.30453
1.6493
-4.87572
8.2087
-0.87213
2.84335
-0.1019
-1.7366
-0.13457
-7.74512
-3.0737
0.522
0.97917
-2.57
-0.2286
-0.722
0.04448
0.71876
-0.7123
-0.8136
2.2087
1.52
0.7439
-2.9617
1.99
0.98
1.01118
0.8621
-1.52827
-0.3975
2.52282
-1.52
0.4429
-1.37627
0.359
-1.97142
0.6861
2.00488
0.182
-0.362
1.76272
2.1
-0.68115
-0.492
-0.4012
-3.56
-0.0204
3.43
1.62363
0.0681
0.36984
1.78779
-1.9219
-5.16701
2.1258
1.9283
1.50983
-1.1723
0.60466
-2.5273
1.8041
-0.15538
0.77
-1.02
-1.61054
-1.43251
3.5191
2.5924
-0.03981
-0.5799
-0.01735
6.36781
0.66267
-0.04225
1.47783
0.9552
-0.36264
1.8064
-0.3102
-0.9301
-2.676
-1.1811
NA
3.44636
1.6931
-0.46521
-1.7955
-1.17174
-6.8619
1.69585
3.138
3.1671
-0.19904
-2.2486
1.1246
0.61623
4.90932
0.92312
3.49447
-1.7918
2.06037
-0.5609
1.58817
0.54408
0.34415
-3.6016
-1.153
-1.4937
-0.9448
0.75058
0.92535
1.04199
-0.66454
1.1716
0.7349
-2.7778
4.07595
-4.13737
0.50812
-0.413
-0.55026
2.55148
-0.5283
-0.9368
0.10809
-3.0561
-0.24084
-2.0414
2.52893
-0.99711
0.93535
1.2935
1.42753
0.66593
-1.80795
0.1185
-0.19515
2.02999
3.8214
-4.0926
-0.7921
-8.0935
1.1346
-2.3133
-1.93794
-9.01984
-8.9187
-0.0704
2.0445
-2.9233
-1.7145
-3.48777
3.86009
-0.18169
0.019
-1.27381
NA
0.1121
-0.84464
0.3546
0.7464
-1.7233
0.87493
2.1373
0.02744
-2.2605
0.8656
-0.18119
NA
-1.54783
0.7697
-0.95799
0.99792
0.72206
-0.1574
0.529
0.40257
-1.6153
-4.26486
1.62803
4.81098
0.77115
1.17759
0.9952
-1.7395
-0.4556
0.39489
0.87538
-2.9772
-1.14244
-0.7778
2.7843
-6.20285
-1.3458
1.7962
-1.3529
1.14104
0.1272
-3.29275
-1.4276
0.89184
0.7799
-0.25231
-1.3181
-0.32044
-1.7991
-2.3723
1.33495
-3.03937
1.95097
0.3784
-2.0717
0.84139
-0.30771
0.48788
-0.70078
1.1496
0.90467
1.07678
0.56976
-0.8755
-0.9404
1.01912
1.83968
0.35558
-0.26968
-0.64943
-0.96274
1.74411
-3.87717
0.15617
3.4664
2.9117
0.447
-1.79985
2.33033
-3.39
-0.4408
1.5374
-0.79382
1.00814
-0.9075
-2.91825
1.61148
-1.57294
4.5291
1.1235
-2.6364
0.2488
0.322
-2.33756
1.19779
0.47127
0.07064
4.1868
1.75365
-8.6393
-0.67148
-0.011
0.55524
1.20045
-3.6296
1.8186
-3.7827
-1.20874
1.50691
-1.72407
-0.46058
-2.49385
-0.7325
-0.5379
0.5627
1.1706
-0.1714
-1.85
-0.2682
-2.4387
4.4841
-0.77201
1.756
2.3791
0.20954
-1.42642
-0.7941
-10.79961
1.81319
-0.8276
-1.2088
0.2908
-1.09349
3.3195
0.8495
1.1247
1.4488
-1.08
2.20796
0.697
0.96475
-2.4617
0.9649
-0.596
2.94263
-2.309
1.3691
1.842
1.5545
0.58847
-0.1159
3.01648
0.44506
1.1871
0.7302
0.27878
0.2899
0.45977
1.8581
-0.4788
0.63926
-4.3356
-1.4857
3.71119
-1.9072
-1.18363
1.71203
11.61062
0.3315
0.84148
1.52695
1.1298
1.9751
1.0543
5.4882
1.5131
-0.18227
-1.46227
0.0736
9.89822
-2.3651
-2.62774
0.8107
-3.3301
-3.9047
-6.30485
-0.15475
2.31952
2.08192
1.6391
-1.8849
1.81198
-1.24279
2.13539
-2.44302
-0.83831
0.8404
1.48255
-0.87215
0.35487
3.68393
-1.13555
0.4619
-0.2131
2.46448
-1.8593
-1.7731
NA
-0.69136
0.7473
2.316
-2.5919
1.19475
4.05217
0.43262
1.6351
1.2616
-2.33016
-0.79469
1.57
1.3244
4.5496
-1.06843
1.55781
-0.24185
-0.8738
-2.5745
-0.2642
1.22784
1.0181
0.60843
1.6277
-0.23183
-4.0927
3.0585
0.13466
-0.91712
-1.2559
3.02006
1.19217
2.23817
-0.38746
2.78532
-0.01129
0.16463
-0.51004
1.86338
0.2036
0.92812
-0.30841
3.4776
3.21521
1.68083
-0.24343
-4.17825
2.23339
-2.45346
3.4686
6.5369
-0.5223
-0.877
-1.89903
0.78297
4.98056
-0.6551
0.455
1.489
-1.87928
1.11722
-0.0465
-3.45452
3.60067
-0.98562
-1.18689
-0.02062
0.018
0.2428
-3.92833
-0.1514
-2.19023
-3.12666
-0.96125
3.20945
-1.47842
-1.89123
-8.01722
-0.8157
-8.9113
0.92017
-1.9228
-3.53524
-0.53905
-1.57972
-1.0042
-9.83669
-1.7292
-1.04247
1.98
3.78774
-0.22446
2.54744
0.33044
1.0608
1.38402
-2.8202
-0.79972
4.40975
-0.92784
0.5391
-0.3016
2.3031
-1.0644
-1.6588
0.6044
0.8166
-1.151
-0.46069
-1.25328
-6.01553
0.267
0.40232
1.61711
-1.82152
-1.83902
-1.62843
1.07798
0.45139
-0.413
-1.97823
0.595
1.06234
-3.5508
-1.27542
-0.45229
-1.48
-0.81005
-1.0879
0.49699
0.61772
-3.13
-2.41184
0.29988
-0.41946
-1.0322
1.88943
-2.31968
-1.02371
-0.1421
-1.09846
1.26295
-4.17294
-2.92125
5.0728
0.48918
-0.339
-1.7404
-4.4492
0.40671
1.2025
4.43292
-1.512
-0.973
2.84898
-1.1684
1.65109
2.64045
-2.4755
1.0763
-2.0906
2.7627
-0.87262
0.27785
1.9726
4.04248
1.35
0.3708
-0.04621
0.08023
0.3375
-0.9226
1.9223
-0.28285
-2.5977
-0.36523
1.50255
1.4093
1.15405
4.5604
1.1224
-1.33114
NA
-0.35096
-0.0666
1.80698
1.58671
0.91533
-0.6605
0.0628
0.74787
0.1618
-1.14052
-0.48935
-1.50701
0.3261
0.75479
0.08907
-0.3914
1.10116
3.297
-1.74782
-0.80636
-3.35699
-0.9972
-0.8834
-5.79565
0.12175
-1.46065
-5.67065
0.1287
-0.07784
-1.62208
1.07192
-0.31287
0.25231
0.52742
1.82122
-2.63173
-2.2104
-1.07103
1.53691
-3.60163
-0.3367
1.93461
2.61595
1.8173
0.75847
-0.20846
1.1081
-0.31961
0.0287
-0.0726
-2.7086
0.56344
0.54343
-2.05316
2.6429
1.48459
-0.55785
0.6349
-0.959
0.4749
0.2744
1.1039
0.19213
-1.85551
3.87851
4.2867
1.4695
-1.72439
1.5764
-2.4841
1.474
-0.74449
-1.44544
-2.2675
-5.81
-0.20728
1.54392
0.87838
-4.1344
5.3684
0.67387
-1.6597
3.65656
-1.1091
0.1556
-1.6691
0.15649
3.2299
-4.33641
0.825
0.864
0.315
3.397
-1.02753
6.0132
-2.72448
-0.311
0.01875
3.9827
-1.1131
3.25
1.49
0.66
-1.0639
0.97847
4.0096
-1.70944
-0.34542
2.12924
0.46333
2.0967
0.6723
-0.41576
-1.031
0.4269
1.10623
0.10527
1.0307
-1.839
7.0294
5.2445
-0.4586
-2.0987
-3.2462
-0.9483
-2.309
2.3742
-0.7997
0.1139
2.8251
1.3122
-0.7828
0.9433
1.2415
0.4631
-0.4461
5.1418
-1.3598
-0.6061
0.9172
-2.1125
-2.2641
-0.1708
-5.5525
0.9753
0.6446
-2.27037
1.51501
-3.4323
-5.2549
6.0237
-3.6357
1.22944
-7.1721
0.42021
1.78321
-0.9328
1.9733
1.10516
1.652
-3.462
1.81
-3.63822
-0.3979
-0.8788
3.9821
-0.41141
-4.18666
-3.78245
0.7483
1.9753
0.4368
1.0021
1.7205
0.64409
2.0626
0.2788
2.8
-0.28347
1.89
2.87
-0.79026
0.50615
-1.41782
-0.6334
0.65394
2.08243
-1.54327
2.01732
-2.5741
-1.54008
2.27771
5.69599
-1.53
-1.51017
-0.5992
0.8366
1.0943
2.3175
1.3191
-0.4405
-1.8359
-0.318
0.3079
0.14517
-3.86925
-2.72001
0.17097
-1.63878
0.68029
-0.90915
1.3698
0.11378
0.02982
-2.64476
-0.78462
0.6588
2.19185
1.89684
1.5176
1.32951
-1.46239
0.03748
-2.98504
-2.9424
1.6638
0.98226
1.27032
3.35508
-1.56743
-2.60179
-0.2145
1.92599
-0.03476
1.7453
NA
0.46007
-0.21717
1.0548
-4.00862
-2.10517
4.26388
-0.5458
-1.42139
-0.15843
-0.003
0.18459
-0.62086
-4.32725
-0.97764
-5.1343
3.13231
5.65113
-1.06521
0.39233
-0.3247
-0.39414
-2.02733
-1.0605
0.579
-7.26456
-2.95018
-1.40392
10.13902
1.6084
-1.50546
3.1167
3.02415
0.17752
3.80263
-0.37158
1.70607
2.05911
-0.21247
-1.45527
1.84176
5.68491
2.1395
2.87551
3.2187
5.754
-3.42903
-2.88281
3.72415
3.81284
0.27532
-0.8234
-4.06658
0.7429
-2.91303
-1.13094
2.11567
0.07153
1.13326
-1.44483
4.7867
1.85828
1.29799
1.34821
0.69968
2.6041
1.93132
1.92007
5.2704
-2.0931
0.1925
0.59795
-1.3211
2.22477
3.49185
-2.73989
-0.2926
3.9275
0.95233
-2.9408
0.5545
3.88289
4.45626
0.98585
1.64527
1.8923
-0.75591
3.52267
-3.1367
5.34837
-2.59319
7.65243
1.07676
-3.2639
-1.83162
0.6892
1.36579
-2.65982
-1.4085
12.53142
-6.20756
2.28106
-3.2852
-1.0859
-0.6088
-0.47319
1.3263
-2.1442
1.23024
2.9376
1.53584
-4.11333
-9.7782
-1.80398
-1.85118
1.6186
2.2316
-0.3816
-1.4682
-0.3429
2.2956
1.2955
0.2484
1.3022
0.7023
-0.5363
1.7795
1.2154
-0.6495
-0.3971
1.3481
-0.1512
-0.7618
1.5998
-0.3262
-1.8152
-1.2303
4.1078
-2.0961
-1.1369
1.54257
3.0538
1.0231
1.5918
-0.7105
-2.9888
1.6291
-0.0704
0.688
0.7067
-11.2219
-0.5797
0.2497
-1.0797
-0.624
2.4358
0.9672
-3.1433
-1.839
-4.7276
3.2492
-0.8478
4.4208
4.661
-2.1065
0.0065
-2.0945
0.1824
-0.2298
0.6869
1.8689
-0.79
-0.7012
-1.0445
1.7276
-3.5678
-1.1658
-0.2985
2.3972
-2.0044
-0.0651
2.5626
0.488
0.6083
-1.0919
-0.0731
-0.6039
0.3086
-1.2162
-3.1059
-1.6699
-5.1373
3.1214
1.7611
-3.4722
4.5383
-0.4398
-3.0042
-1.5276
-2.6694
2.6746
-1.6765
4.0681
-0.0375
0.0153
1.0709
2.4792
0.1836
3.4749
-1.64788
1.0423
2.458
0.19899
1.1755
0.6344
0.11535
2.19613
-0.57782
-2.43099
-2.3308
1.4127
0.6203
0.78843
-2.6139
0.0307
0.5088
-0.5488
-0.4048
7.5335
1.0329
0.8041
-2.3772
-1.3262
1.1002
2.4131
-0.74177
-2.8392
1.60216
-10.78414
-7.01219
0.8882
0.9523
0.4817
0.2076
-0.2015
1.05478
-6.042
0.85327
0.76301
-0.6998
0.75532
-1.76667
-2.80459
-4.23539
0.75879
0.9053
-0.30743
-0.24861
-1.0758
-4.3314
-1.5779
-0.62803
1.52484
-2.39903
-0.7892
3.66207
-1.73352
-1.83122
1.8013
0.87261
0.25602
0.77666
0.4421
-1.48541
-1.51328
-0.6115
-1.99016
1.4494
-0.973
-0.5136
-0.7136
1.63747
-1.514
0.20016
-2.18965
1.3098
5.04326
-0.1667
-0.69994
-7.05379
-0.0665
0.13788
0.8427
-12.33454
-0.5075
-2.5726
-2.4947
1.63506
-0.57651
0.7581
-0.59429
-1.75055
0.8038
0.6935
0.56347
-1.04617
1.0063
-0.32783
-1.40031
-0.38346
-1.51168
2.9646
0.22767
-1.61449
2.81821
-0.75034
1.3509
0.88005
3.0546
0.38
1.28032
-1.7091
0.64781
1.33259
0.6337
2.62417
-4.6953
1.3541
5.58719
-1.7755
-0.34468
-19.3522
19.554
0.5549
2.50747
0.95653
2.07006
1.50494
-0.0931
0.94969
-2.60072
-1.9727
2.72024
3.27144
0.07274
0.4617
0.0645
-2.3227
-0.347
-1.19078
-1.56661
-0.3652
0.0811
1.8625
1.30135
2.01488
-1.49594
-0.16039
0.8572
1.68957
-4.0417
0.95207
-2.67733
1.66461
1.19365
-3.87571
0.9979
-0.54012
1.42049
1.4736
-2.4905
0.5782
25.3806
2.03027
0.4089
0.96921
0.9676
0.3378
0.7118
0.1223
1.0097
-1.32526
-0.02665
-0.29322
-0.27678
1.53728
-0.99811
-0.12868
-2.47911
-2.3905
-5.1637
0.5921
-0.4053
-0.47568
1.4101
2.2528
1.36459
1.76802
2.46095
-0.3049
7.29945
0.63967
-1.36358
2.3965
2.3345
-0.2214
-2.38278
-0.29536
-0.62689
-0.57578
1.90841
-1.81579
-0.57625
1.9861
2.70968
-3.97312
3.7664
1.9626
0.2483
-4.97133
-2.6095
1.76465
-1.1898
4.96021
4.40891
2.12428
-1.26479
-3.9499
0.8697
3.51127
-0.03269
1.42753
-2.7333
8.5248
0.656
-0.00158
0.468
0.811
-0.355
0.0689
-1.15
-0.337
-1.79
7.72
1.3
3.24
1.48
5.02
0.836
-0.599
2.51
0.144
-1.49
1.42
0.556
1.9
1.57
1.8
0.777
1.58
-0.278
-3.41
1.1
-3.92
0.474
2.11
-5.84
-4.44
-3.28
1.37
-0.411
-0.089
-0.106
-2.9
3.58
3.93
0.133
0.271
3
-0.22
1
-0.718
1.26
4.46
-0.447
-1.16
-0.912
0.772
-1.81
0.18
1.94083
0.7682
-1.19357
-3.03455
-0.59984
-9.5601
-1.89955
0.6994
2.6088
3.4265
3.67304
-0.72302
-2.51107
1.6552
-1.6853
-3.7567
0.43592
-2.49204
-0.07816
1.06856
-0.01403
2.23594
-1.2772
2.62685
0.8648
-2.4215
-2.6531
-1.92045
0.98203
1.8115
2.00907
-2.68865
-2.2076
3.80807
2.24631
0.46263
2.76111
-1.30272
0.43558
-1.38499
-2.30283
0.93305
-5.01113
-3.0289
-1.2849
-0.6719
2.01483
-2.73922
0.44629
1.59505
-0.12447
-2.04331
-2.45425
-0.92139
0.72369
1.95214
3.4688
-6.92316
0.17088
-0.49969
0.01111
3.01139
1.5988
-0.7737
2.27561
-0.7978
2.16282
0.49631
-3.94532
-0.97823
1.3516
3.80119
0.17537
5.80243
-4.4452
-4.32358
5.3322
-8.7068
-4.22425
4.4429
0.2729
3.70361
0.232
-0.33653
-4.03205
3.28464
-0.9808
-2.75212
-0.27173
-5.33676
6.0237
-3.32615
6.2913
1.70224
-6.1696
3.79765
-0.6087
0.8582
0.8092
-1.25651
-0.0482
1.80899
0.7912
4.1813
2.57526
1.62896
-1.8122
-4.221
0.1684
0.45158
-0.38082
-1.55518
-3.7251
0.1805
-2.6995
0.4942
1.09437
3.4323
-3.61263
1.4874
0.53137
-1.92303
0.98894
4.15899
-1.5657
-0.2952
-1.9303
1.66631
1.19398
0.4533
-2.47461
-0.09775
-0.85806
2.17698
0.42014
-0.0028
-2.85774
-0.11526
1.71475
1.43205
-0.819
-0.52378
0.1197
2.28258
1.0674
0.254
-0.6542
8.96416
-0.17086
-0.2104
-0.44446
1.69255
-2.15767
0.91782
-0.46347
0.04747
-2.9898
-0.45193
0.90961
2.00756
-0.9773
3.11875
-1.2064
0.4258
3.11253
6.35646
-1.4019
0.0484
2.03566
-0.24842
-5.73597
3.77891
0.39034
-0.8032
1.09911
-0.67647
0.2188
1.18253
-0.0191
0.76937
2.0518
0.72791
-0.6751
1.6193
-1.2159
-4.7131
-0.9935
0.1318
0.0863
-1.9098
0.4037
-1.8921
-0.0612
0.2488
2.5399
1.8746
-1.9173
0.8936
-0.2001
-0.9509
-2.2804
-0.3813
-3.6199
0.1279
-0.5037
4.8575
-0.7294
17.5683
-15.0025
12.3933
-5.5355
0.9147
-1.5814
-1.0976
5.8657
5.4932
3.0808
0.6848
0.9806
0.6376
2.3454
1.4875
0.6656
-0.271
2.1678
-1.9433
-1.2718
1.4694
-0.5744
-1.1811
-0.8822
-0.8578
-2.662
2.8701
-1.0022
-1.3814
0.0475
1.3343
-3.0206
-0.80255
1.7127
0.9183
1.45096
0.91865
-1.2936
1.5682
-0.1076
0.39729
0.1982
1.06576
-0.3893
NA
0.13539
-5.3594
4.45113
0.36783
1.26321
0.41045
-2.30818
1.54103
-0.41678
0.9078
1.41975
1.78214
0.41972
1.4264
-1.79341
0.21482
-0.04009
-0.94135
NA
0.04855
-1.7323
NA
0.32349
0.01776
12.78285
NA
1.60409
-1.01876
-1.53492
NA
0.6737
0.63257
-1.33896
3.74216
0.70239
-0.1171
0.70638
-1.62944
-1.2013
NA
-2.3475
NA
-0.14833
-1.67999
0.6741
-2.2348
NA
-1.32508
-4.47824
-0.04682
1.8848
0.1677
-0.02334
0.63783
3.34089
-1.0287
-0.0835
1.00724
0.28305
2.65875
1.53152
-1.7005
2.11028
0.50729
-1.79895
0.0137
1.506
2.03896
2.4917
-0.96057
0.33749
-1.667
-1.16884
-2.33873
2.5437
-2.9585
1.91774
1.7388
0.738
-0.393
0.68603
-2.8117
0.39838
-0.8739
1.27418
1.44767
1.55009
0.20766
0.41795
3.03552
-0.52748
0.4789
-0.93227
2.06298
-0.6186
1.71457
-0.60637
0.6255
-1.3271
0.29259
0.88566
0.33183
-1.59164
-6.13594
0.72059
0.8544
-0.41774
-4.75094
0.317
-1.0782
-1.64682
-1.4609
3.61021
0.84498
0.25039
1.5737
3.8653
-3.43461
0.0678
-1.60744
-1.40888
-2.40684
1.8545
0.11366
-5.29012
-1.60414
0.11123
-2.71224
0.95741
0.6927
-3.41439
-3.26845
0.56977
3.49331
-0.3353
1.03685
0.8098
-0.27887
-0.0954
-1.78041
-3.4503
0.90171
0.8195
0.1529
-0.52755
-1.589
-0.34763
-0.4262
-1.79134
-1.22622
3.54435
3.50743
-0.05504
-1.65652
-1.01636
4.98353
12.62802
-12.71665
-0.0655
1.9415
-1.87425
2.07673
2.3604
-3.32591
0.92581
-4.8571
0.23753
0.24331
-1.0445
-0.3156
-0.1702
0.2319
2.09717
0.41955
-4.37814
-1.23119
-3.39792
0.78748
1.9748
-3.72096
3.5257
0.60053
0.0376
-0.05622
1.92753
-0.49031
3.5778
3.72083
0.30625
-0.6968
-3.01873
-0.29287
0.726
-3.52089
0.4572
-1.53659
0.4417
-1.3288
-3.35087
1.84798
0.21322
-1.01685
-2.48437
-2.02867
0.45322
2.80382
-1.33682
-1.57749
1.15169
3.6242
-0.49617
0.96807
-0.16404
-1.01611
-2.67464
1.25078
-1.2107
-0.64704
-0.6346
-0.82138
0.6912
-2.925
1.29968
-3.3425
-0.4444
-1.43056
0.9211
-0.4579
0.8162
-6.05323
0.90893
-1.8284
3.54588
-4.1554
-0.42366
0.6985
1.0442
-2.01137
2.79249
-0.19785
1.11966
-1.83302
1.50449
0.07815
-1.2522
1.30235
-0.55028
1.2311
4.15317
-0.05144
1.31705
1.5244
-0.3583
0.0356
1.18403
-1.25767
1.2554
1.05609
-3.43933
1.90775
-0.34633
0.9972
1.5511
-0.65818
0.0542
-1.66879
3.48579
-1.68094
-1.68392
-0.9128
1.2875
-3.22546
2.0671
2.01576
-0.3656
-2.3999
-0.4688
-1.1346
0.26207
-1.23753
1.16928
-3.4379
1.77559
1.7287
0.9987
2.33552
2.0706
-0.89614
-3.6772
-2.09317
5.26829
1.42519
0.5004
-0.1098
-1.67
-0.0358
1.74755
-1.93967
1.17991
2.50981
-3.81277
-1.11893
0.3943
0.55988
-0.56483
-0.799
0.71157
-0.33624
-0.4507
0.9968
-0.1342
0.9435
-1.7228
-0.2488
-2.63298
0.94772
-0.25949
9.34753
-0.67277
0.9082
-0.1069
1.1158
0.8463
-0.10306
0.04279
-1.4734
1.31031
-0.5507
-1.42182
-0.05291
-0.55428
1.5327
-2.3737
-2.11268
-0.18798
1.30539
-1.83755
0.35864
-0.94376
0.8334
-6.7946
1.6193
2.9909
0.42566
0.3564
1.22883
1.73477
10.00519
-2.5486
1.1239
-0.40452
0.07023
0.5835
1.01269
0.28905
1.3849
0.78875
0.782
1.0079
0.5714
1.0012
-1.6237
-0.6862
-2.1919
0.246
0.7098
0.1175
-0.4388
-1.8573
-0.5984
-2.6461
2.25248
0.25581
-6.4435
1.3892
1.5148
-3.6355
-0.34958
-0.168
-0.2762
0.08636
-1.8472
0.75192
-2.3239
-4.84648
-1.2851
1.0339
0.2671
-1.3125
-3.80554
-1.7217
-1.46055
2.0775
-1.99583
0.8568
-1.71172
-0.1497
3.0869
-2.4655
-1.84756
1.14649
2.83348
0.0418
2.00474
0.49509
-0.94725
0.78987
0.64659
2.83701
-1.1281
-0.5933
-1.2591
1.2395
1.9652
1.0074
0.1195
-1.0028
0.1705
0.0682
0.61982
1.78916
-0.49583
2.1964
-0.0236
-0.2626
0.4042
0.7226
0.27171
-3.39296
1.25782
0.60721
-1.87685
-1.3728
0.95655
0.57081
1.38989
0.2946
0.1454
2.7361
-0.8648
0.4913
0.15461
-1.1658
-1.5061
2.96263
-1.0086
0.36778
-1.6288
-0.60933
-5.81
2.17396
-0.1976
2.38193
-0.26608
0.32246
0.1819
-0.4095
1.3043
0.4572
-0.45312
-0.41967
1.8976
-0.48068
0.92495
2.4704
3.3234
-0.4948
-0.79277
2.57146
-1.12166
-0.70075
0.99011
-0.30049
-0.50971
2.5895
-0.59171
0.3656
3.32209
1.48136
-0.31439
0.6659
1.51863
2.15014
1.57
0.321
3.33
-1.04
-3.65
2.01
-1.91
0.732
-1.43
-1.16
-2.97339
1.08229
2.19233
-1.18218
-7.79
-3.9
-2.0057
0.37029
-0.15034
0.03928
0.0539
-0.06538
-0.5647
-3.9559
-2.2825
3.4374
-1.8582
2.4676
1.95162
-2.09952
-2.69519
7.3601
-0.6352
0.267
-0.2647
0.93163
-0.5386
-0.31459
5.0619
-2.6461
1.6597
0.9655
-1.0514
2.6774
-1.3885
1.493
0.8328
-3.2137
1.41975
0.35686
2.51162
0.53904
-0.7624
0.43456
3.31093
-1.5606
-1.1931
0.79946
1.0084
-1.75687
1.39975
0.59826
-1.2926
-4.61345
-0.1275
0.4955
0.9733
-0.3354
-2.0481
-3.3261
-1.2868
-3.8669
-6.5458
0.8178
1.094
-1.2449
-0.5849
0.1793
1.986
0.7742
-0.4884
0.28551
1.30234
1.0932
1.5696
-1.30681
0.99533
-2.0158
-0.76801
-0.5506
NA
0.3566
NA
NA
3.7547
NA
0.8139
1.53419
NA
-0.16661
NA
-7.49908
3.74459
1.21935
0.4228
0.5212
0.40695
-0.95883
-0.03462
3.0581
3.0042
0.49897
-1.59959
3.0191
-0.3911
-0.2057
-0.59769
2.14038
-2.94128
1.05743
0.2631
0.461
0.2068
-0.4747
2.5322
-0.8575
3.45969
2.56547
-0.05062
1.31181
-0.59108
-2.12381
0.7429
-0.42687
1.0011
-1.3077
-2.229
1.1234
6.50221
0.42908
-1.39475
0.71583
-0.69567
0.88297
2.01574
-3.41202
1.2434
0.41
3.2361
1.5708
-0.6812
2.4121
-0.6803
2.1014
-2.2566
4.1692
-2.6179
-1.2141
-0.2782
-0.0669
-0.1041
-0.4022
-1.3265
-1.0644
1.32
-2.6194
1.295
-3.654
-2.3326
-0.22477
0.99933
-2.1978
7.8207
-2.3211
-0.5944
0.9847
-2.9107
2.5043
-2.0732
0.21319
-0.27988
-1.29153
1.85598
1.888
3.2765
4.6699
-1.0667
-0.4962
-8.2867
-9.6391
-4.5638
3.14153
-1.48
4.6134
-1.71776
-0.69886
-2.7224
-1.95785
0.95815
-0.7086
0.60514
0.22542
-0.0816
0.3323
0.7179
4.7726
0.000732
-0.238
4.46449
-1.89926
-0.41082
0.69958
0.978
0.20725
1.11487
-0.3611
-1.73257
1.6424
-6.3711
-1.0021
1.84156
-1.8
2.19
-6.97
2.79
-0.37
2.75
1.94
-0.64
-2.2901
-3.5071
-0.2832
-0.27562
-0.80914
3.7631
-6.1045
-3.31794
-3.5509
0.5711
-1.7536
1.04664
-0.32874
-3.2332
-0.26551
0.24829
5.83339
-2.94803
-2.04751
-1.49733
0.007
0.154
-0.312
0.623
-2.04
-1.58
1.61
-2.94
0.388
3.4398
0.12714
1.2571
2.61613
0.73832
-0.27098
0.88471
1.54571
0.99434
-0.87444
0.06497
-1.18425
-4.63554
-0.4419
3.38161
-3.3231
1.69891
-0.30535
2.76733
1.58818
2.37
1.40875
-3.10132
-2.44526
1.47426
3.09941
-3.67773
-4.046
-3.0493
-2.04722
0.94369
-0.47406
1.87665
-0.45718
0.96289
-0.6352
-1.4123
-3.2667
-2.7527
-0.2235
0.8362
0.4654
0.3695
1.2736
0.4126
-0.75001
3.44146
-2.8832
-0.25179
0.3798
0.2789
0.2789
-1.5391
-0.0323
-2.09574
-1.35157
1.85888
1.64924
0.1959
0.8959
1.65351
-0.06153
-0.58104
4.0566
-1.4116
2.97681
0.169
-1.9536
-1.30449
0.5141
1.568
0.30745
-0.8311
1.22462
1.33638
-3.16292
1.50597
0.86744
-0.6613
2.28566
2.82561
-0.3399
-0.89079
-3.35045
1.5978
0.14659
0.18405
1.18201
1.5504
0.57758
-0.5535
0.65991
0.3678
-1.8572
1.4602
0.28498
0.46711
-1.1982
-0.0421
-1.162
3.55907
-3.882
2.0366
-3.8637
4.3755
-0.10744
1.12982
-2.4903
1.9395
1.06127
-0.7686
-1.01284
2.1147
-1.39896
-9.7467
0.67265
-2.11593
-0.31104
5.4117
-0.617
4.32091
2.6315
-1.10633
2.6017
1.0454
1.45164
-3.47727
1.30054
-0.6174
-0.102
-4.268
0.60176
-1.76129
2.60553
-2.3407
-0.129
0.8304
-3.7142
2.79651
1.1933
-5.846
-0.42361
3.0553
-2.39403
0.63512
2.81743
-1.8948
0.72851
-0.49694
1.27554
-0.79459
0.4067
-0.72607
-2.45564
-0.66029
-0.4696
-0.81737
-0.1987
-3.3014
1.4251
1.4251
0.55311
-1.6833
0.47978
-12.1981
-3.78917
0.68558
1.50935
1.73351
0.04144
-0.01389
1.20913
1.3788
-2.9055
-0.005
1.37444
2.22937
0.11035
2.14538
2.21104
1.9074
0.16932
1.254
3.11
0.19317
2.4699
0.221
0.60007
5.15302
0.31531
-0.84614
-2.50678
-2.08515
1.51828
3.7512
0.1736
-0.8696
-0.2975
-0.84518
-0.1454
3.2366
0.723
-2.0331
0.4325
4.286
2.1001
-1.9667
1.6833
7.1449
0.48037
0.82345
1.48296
2.5551
-0.9247
-0.82972
-2.7413
0.2465
-1.5521
-0.2729
-0.7027
-2.5179
-1.05834
-1.3521
-0.4943
-0.45969
-2.55171
1.5688
0.2288
-2.3796
-0.4206
-2.4964
-0.0205
-0.2877
-1.26803
-1.0866
-1.70856
-3.05199
-2.16698
-0.93728
-0.96124
-0.50533
-1.5679
-0.80101
0.32938
-0.918
6.93
-1.2
2.56
0.4547
-1.21912
-0.71888
1.505
3.6681
-1.5668
-2.2178
-2.83517
1.9768
-0.02081
-1.40703
-1.58037
-1.49958
-2.1003
1.7524
1.8063
0.48316
-2.9303
0.8755
-0.5734
-0.76876
0.6925
1.29784
0.44335
0.57135
0.1688
-0.4105
0.74293
1.6949
3.568
2.66819
2.3646
-0.39058
-2.86936
-0.2379
0.27338
0.27922
1.65413
-3.7713
-0.68467
0.15898
-4.0686
-0.8394
0.738
-1.8425
-1.84208
-1.31622
1.7163
1.1965
2.0412
-2.9407
-2.97534
-1.44154
-2.88171
1.32239
-0.2367
-0.5348
-3.194
-0.1673
2.027
-0.4142
-1.12825
-2.87309
-8.0493
-1.55425
-0.35892
-1.10105
-1.54633
2.22437
-1.48684
-4.39969
3.31068
-0.0774
-0.32038
4.5261
-5.20144
0.3572
1.1682
-2.4594
0.6149
-0.2443
-1.57254
1.91765
0.0725
2.68071
-0.99951
-1.03608
-1.5838
1.12089
-3.7428
1.57338
2.24333
-0.28271
1.328
-0.5391
1.7335
-4.7502
-0.244
-1.28
0.0409
2.22
4.1
-3.22
0.00652
-1.97769
3.53245
0.36106
-3.16283
0.39364
0.05294
-0.9585
1.34537
3.53469
-0.43568
-1.1057
-0.0614
-1.0291
-2.1032
1.7342
-0.7519
0.3267
-0.9282
-2.21
-0.173
3.008
-1.06822
-0.00612
0.2349
1.20872
-1.37516
5.79396
-5.3929
-2.2406
-1.2127
-0.0657
-0.7684
1.4276
-0.26833
-0.75498
1.89641
1.5437
1.35982
-1.11677
1.16723
1.12783
0.73942
0.60398
-0.68357
-0.33824
2.72834
-1.1066
0.23786
0.081
-0.4054
0.8209
2.8529
-1.0582
-0.9744
-0.10044
1.46473
-1.7071
-2.17965
-3.293
-1.95574
-0.0392
4.19455
-1.0703
-0.3495
-0.0484
0.2167
-0.0322
-1.61986
0.4279
-2.392
1.4314
-0.4769
1.6137
0.2909
-3.1975
-3.6482
-0.7573
-0.125
2.1688
0.7876
0.106
3.6
0.742
4.54
-10
-0.819
-0.133
-0.492
-0.554
0.0586
0.989
5.99
0.279
-3.22
-1.70547
-0.7249
-0.80277
3.20653
0.5405
0.1
0.6421
0.5969
-3.09486
1.19801
-0.76002
-0.2161
2.7714
0.5482
-3.3047
-1.41256
1.97
-0.4469
-2.7331
3.47947
0.7707
-1.34917
0.75285
-1.64781
-0.343
0.36653
3.7331
0.74776
0.0405
1.51787
1.56385
-2.18089
-1.89561
-0.0129
-1.1822
-1.10175
-1.8225
-1.3873
-1.10357
-3.282
-1.71549
2.5107
-0.51072
-2.5916
3.84861
1.78982
-1.95868
0.60923
1.1506
3.01332
1.4778
-3.59531
2.5699
-0.71391
-0.2037
-0.2037
-2.4466
3.79003
-1.20848
-0.76066
NA
-2.2558
-0.24658
2.18615
-1.66064
0.68958
-1.1827
0.77458
NA
NA
NA
NA
NA
-1.5212
NA
-1.6659
-1.09809
-2.07043
0.2928
-1.92046
-1.64645
-1.4995
0.90376
-5.4809
0.15671
1.66867
1.63218
-0.0067
5.6205
-1.24457
-0.4099
0.76123
1.6285
2.96314
2.63561
3.7121
0.66499
0.15742
0.3547
-2.52304
3.87861
0.6221
0.2998
1.93772
-1.15181
-0.6158
0.3226
-1.17586
-0.97044
-1.59835
-1.1421
0.6721
3.89964
-1.15422
0.31837
-2.38302
0.91002
-0.8273
2.1471
-2.1932
-3.2799
-0.61881
0.89774
-5.22696
2.06738
1.19807
1.6715
0.12945
-0.87164
1.62132
-2.72961
-2.58695
1.21355
1.456
-7.11547
-0.44694
0.40913
-0.90929
-1.90846
1.53888
-2.604
-1.77792
-2.16285
1.05792
-0.707
-3.52647
-2.1224
0.78693
-2.67676
-0.4973
0.58724
-1.5695
-1.1094
-2.16154
-1.26584
-2.3066
1.65226
4.32732
0.5736
-1.2499
0.4047
0.17237
1.64196
4.613
-1.87936
-4.52757
-1.74623
-2.40983
-0.63695
6.03682
0.95816
1.00834
1.86453
0.05681
-1.11754
5.04791
1.0258
-1.1455
2.51283
1.60692
-2.55283
1.2244
-0.3751
-1.99609
-0.49174
-1.35399
3.001
1.07021
2.60342
-0.1839
-3.493
-0.55855
2.5494
5.0731
2.75214
-3.3264
-0.63436
0.5267
0.90805
-1.5322
0.641
0.4396
-1.5003
3.6946
-1.8481
-0.8025
-5.669
5.9189
7.0055
-1.1837
5.6959
0.8262
2.6906
-1.0663
0.5164
-0.4006
0.969
-1.703
1.2376
-1.8006
-4.4329
2.9135
-0.9911
-1.1141
1.028
4.0689
-0.8295
-1.0294
-0.2162
4.1214
-7.3155
-0.1974
3.7815
1.3912
-1.1414
-4.1373
0.454
-6.012
0.9777
-2.9085
1.2615
-0.7783
4.2502
-1.6774
-3.2386
-1.2626
0.9596
0.0792
-2.9305
0.3079
3.519
0.2881
-0.2245
3.731
-3.1705
-1.9517
2.9381
2.193
-0.7487
-1.76452
0.06928
1.7712
0.80685
2.95636
-5.6746
1.3166
-0.78101
-2.43713
-0.21514
-1.2505
3.152
1.37723
-1.09514
-3.11675
2.65095
-4.32015
-2.2578
0.71424
1.91451
-3.73507
0.90083
-1.03253
0.94425
0.15434
-1.77149
-2.19127
-0.06149
1.78805
2.72561
-1.6309
1.10309
14.56415
-1.46808
-1.1698
2.25069
2.4634
0.78817
3.6147
-2.16831
1.05434
-0.63221
1.6267
1.92047
-0.50628
-1.40595
1.01196
-0.52046
0.7896
-2.07623
-1.47497
1.88924
-0.03094
-0.8764
0.29945
-2.3721
2.12969
6.83584
-4.38749
4.2745
-0.4573
0.3491
0.4747
-2.52425
1.4577
-0.4596
-0.37217
-0.73219
-0.6251
-1.63665
-5.7261
-1.5138
-1.16015
0.2671
0.98449
-0.45011
1.17419
-3.61379
-2.00092
0.08957
3.4256
0.2665
0.2448
1.63965
-0.08177
-2.22232
-0.222
2.97948
-2.45353
1.25235
0.36241
-0.82155
-3.0288
5.1258
-1.60802
-2.79307
-1.82833
0.0954
-0.4861
-0.67768
1.4159
-3.20193
-4.5127
-4.37213
0.77603
0.62849
1.19667
0.08601
-1.6389
2.291755
-0.620677
0.2037
-3.8829
-0.0582
-1.0687
-2.08685
-3.36374
0.38004
0.57004
3.28889
-0.352619
-2.226491
-0.364915
0.4641
1.428348
0.799599
-2.5748
-2.36268
0.64243
-2.0869
0.69115
-1.5496
1.12252
-6.9335
-0.4986
1.4679
-1.52462
1.59926
0.0725
2.2185
1.57352
-1.0907
-3.3614
-1.18684
1.47359
0.99325
0.78428
-0.94393
-1.26056
0.407
0.8022
-0.2659
-0.22318
-0.0997
-0.26566
2.0652
-1.11365
-0.3606
-0.89519
-1.069
0.9736
3.1204
-0.00698
0.547
0.53823
-0.01618
0.3176
1.2096
0.5938
-2.19387
-1.466
0.5328
3.88423
-1.4336
-0.59494
4.6744
-0.3782
-9.1149
7.02173
6.99359
9.82098
3.04391
1.1019
-4.54643
-11.0244
-2.1985
9.2583
9.2583
-2.07906
-3.81231
-0.7658
-1.1964
3.4875
-4.48003
1.5331
-0.15781
-0.46286
0.06289
-2.33885
0.67029
1.97835
-1.43586
-1.116
-1.10007
1.9774
-1.09602
1.7986
-1.92971
1.76628
2.4312
-4.64993
1.83119
1.99381
2.75578
-0.3601
-0.22068
-7.12219
1.14665
-1.79042
-3.09447
-1.78259
-0.19797
-0.21452
-0.67601
1.9118
0.1058
-3.448
0.78732
1.7275
1.54829
-0.37474
1.0446
-2.4136
1.071
1.6649
2.92796
-1.7491
-1.8776
2.51923
0.769
0.3192
-0.12125
1.08178
-0.75941
-2.2257
0.15661
-3.3294
1.84189
0.19347
-1.0764
1.30163
-2.5531
-4.65741
0.4621
-1.5913
2.2199
-1.59635
-0.91018
-0.1601
1.03148
1.66469
6.24569
-1.84473
-2.31394
0.9314
1.22664
0.27401
-1.05154
0.78957
-2.1999
-2.92781
-1.26483
4.1032
-2.8101
1.0533
0.3843
-2.62777
-2.45588
-0.2301
0.72249
-0.81663
0.5877
-0.64649
-1.38119
0.35565
-2.53004
-1.7731
-0.26259
0.30932
1.28222
0.82961
1.55178
-1.03279
-0.9728
-0.22388
5.00038
-2.48003
-0.27793
1.03128
-2.22126
0.4942
1.92235
-9.6331
3.1191
4.2536
-0.04398
-0.76474
-0.99909
-5.2476
3.13779
-1.52001
0.34436
1.21754
0.39758
-0.97402
1.09217
1.0883
1.15603
-0.93964
0.9138
0.28275
1.75506
-5.10595
-2.82208
0.51484
0.7382
0.70685
2.27513
-1.5625
-0.4294
-1.93189
-0.16825
0.2374
1.55798
-1.29845
-1.1244
0.73709
0.3038
NA
0.60708
NA
0.5291
0.7774
1.08058
0.24788
-0.3791
0.76502
1.94975
NA
NA
4.45376
-1.931
2.3567
2.01218
2.43834
-0.13903
-1.4716
2.0312
-1.3927
-2.4628
-1.09947
0.3454
0.4555
-1.88441
-1.30348
-0.09503
3.0248
1.30668
2.17713
2.0562
0.0143
-0.1617
-2.14999
2.20654
-0.521
2.36
1.65
3.42662
-2.39
-0.697
-3.23
0.952
1.03
2.76
-1.96
-0.981
-3.53
4.66
3.4
3.29
0.294
-0.0755
-0.586
1.6118
-2.59661
-1.03066
-0.07202
2.51042
1.39333
2.20079
-0.75254
1.40053
-5.5712
1.07184
0.79603
0.1093
0.7177
3.56973
0.95903
-0.3074
1.12562
0.37237
-1.14284
-1.2877
0.1592
2.64522
2.41411
0.90224
1.11928
2.19142
0.33408
0.25433
-0.87679
-2.05727
-0.9908
-0.71253
0.742
0.8176
0.3501
2.8822
3.75776
0.90715
1.1821
2.242
-2.62192
0.67829
1.97031
1.16061
1.18462
0.9974
0.30005
-3.15518
0.58957
2.51137
-2.03249
-2.54145
3.8892
-0.75759
0.15462
0.55393
0.50567
2.286
-0.00846
2.7049
0.33682
0.3164
0.2463
0.63466
0.2671
5.50198
0.42964
-0.82227
-1.8139
0.85426
-1.12619
-0.28914
-2.15336
1.09
3.5577
-3.13431
-11.61663
-2.76065
-0.1842
-1.2122
-0.28896
3.3849
0.11386
-1.11089
3.00458
-0.06755
-0.36981
0.38226
1.097
4.5239
-1.0589
-2.2833
0.82959
0.93719
2.6202
-0.761
-1.35832
1.6411
1.97649
-0.0997
-3.1933
1.0618
0.25801
0.60908
0.6164
-1.9618
2.5646
8.3088
0.9663
1.6103
1.0668
0.98856
-2.80099
4.1749
-0.7549
-2.8257
0.3377
-3.2954
-3.9598
0.38785
1.1852
-0.542
-0.3311
-0.41856
-1.6957
0.51095
-0.4408
0.42254
-0.08615
-1.18363
-0.3664
0.85857
0.83098
-0.78654
0.4853
-1.21979
2.09012
-6.9623
-7.24719
-0.6159
-0.9992
-2.7528
-1.154
3.54612
-2.3617
0.839
3.46051
-1.1152
-0.67237
-10.6453
-0.81072
1.1621
-0.82997
-1.90897
2.86638
-2.71526
1.4845
1.35544
-0.8412
0.1427
3.44615
1.01548
0.53551
-4.6772
-0.55682
0.3765
0.70556
1.22598
1.2576
1.22792
0.2772
0.27778
1.13844
1.65215
0.05861
-1.2172
0.1651
0.3525
-1.841
-1.1039
1.54312
-0.57735
0.04018
1.6964
2.81789
-2.74245
0.10564
0.27112
1.84055
1.251
1.6281
0.64269
1.10669
1.51319
1.32339
0.388
1.3378
1.64378
2.6574
0.0216
-0.62937
1.4696
0.21466
5.37174
-1.30077
3.85551
-1.408
-1.0494
0.18212
-1.40835
0.36043
0.89741
0.07344
2.53092
0.57014
3.4371
-2.75496
15.21047
0.50429
-3.74419
-0.0214
-0.37705
1.3341
-0.9584
-1.31641
-1.05616
0.5348
0.0627
1.70242
2.06458
0.82143
-0.1046
0.11917
7.80568
-0.0123
-1.80776
4.15619
-7.62179
1.0186
0.4596
4
2.97382
0.67629
4.6828
0.0248
-2.7226
-1.015
2.35654
0.91344
2.3147
-3.72906
-3.526
0.94436
0.59027
1.10889
2.1313
0.8639
-1.541
-0.41712
4.66482
-1.40517
4.25044
1.05606
-1.73676
-4.6279
1.29106
-5.62214
1.36296
0.2034
-1.5223
-1.20694
0.61064
-1.1358
0.1048
1.2618
-8.28
2.5973
0.24342
-2.90157
-2.35822
3.41936
1.2134
-1.81705
3.0172
-4.10322
-0.23256
3.90773
0.8712
0.69635
1.3271
-0.75172
1.52125
-1.4328
0.76783
-1.5187
-1.89086
1.07325
-1.5041
-1.0917
1.55359
-0.15862
0.74717
2.66658
-1.2248
1.512
1.69312
-2.71726
-2.57382
-0.8877
-0.35043
0.8976
2.34442
-0.5018
-2.8545
-0.7701
1.91
1.6598
-0.672931
-0.19709
0.27283
-0.96038
2.98243
2.99651
2.4636
-0.57085
-0.16888
-0.12199
-1.2169
-0.16331
-1.21829
5.3951
-0.93413
-2.31475
-1.4127
1.66766
2.09
0.34266
1.59438
0.4727
1.99459
-0.1311
-0.19545
-1.2642
4.4576
-0.99899
-2.13615
0.64272
-0.30815
0.35637
-1.05
12.4523
-0.2853
-2.17945
0.38983
-0.602
0.2163
2.08743
-1.97897
7.13113
-0.50371
1.7867
-0.39845
-0.057
-1.4418
0.15906
-0.40346
2.0016
-2.5241
-1.1314
-0.41367
1.05551
-3.1426
-2.694
-0.78181
-0.60288
1.08218
1.8615
1.7339
1.25649
-0.0167
0.3012
0.2554
-0.67605
-0.97737
0.7951
0.6451
3.46396
1.9132
3.7006
-0.705
-1.5085
-0.6319
-4.9295
0.50027
-0.40954
-0.11866
-0.5797
3.58589
-0.30385
10.0875
3.53519
1.5917
0.09388
-1.9556
-1.73345
-0.0249
1.3338
0.6512
1.16409
0.72787
-2.9701
0.59089
-4.47072
-0.28676
1.7892
-1.2987
1.81
0.00913
4.52
-0.4184
4.38627
5.98283
-1.3142
4.31048
3.51494
1.4223
-0.276
1.33132
3.05045
-0.10135
-0.259457
0.64783
1.177689
0.147061
-0.78324
0.3215
-0.7391
-0.26419
0.457
-1.57
-2.5006
1.47142
-0.7885
-1.71254
-0.0329
0.6709
-0.9027
1.09
-1.74
-0.2449
-1.45
1.8463
-1.9628
-2.59634
2.16535
-0.16596
1.2224
-1.37616
-0.5932
1.82058
1.74193
1.69479
-1.4976
0.24011
0.0819
-0.4212
2.64733
0.278
1.69011
0.0938
3.5257
-3.75107
0.0924
NA
1.3835
-0.15319
-1.50218
-0.48052
-3.7732
1.57548
0.78283
-2.1418
1.4836
4.24264
-0.7752
1.0923
-0.5277
1.2739
2.01394
4.2078
-1.70138
-1.71547
4.27744
-0.34877
0.120573
-1.852993
-0.39942
2.42558
-1.6186
-0.4967
-1.105347
0.02197
-1.233877
2.225871
-2.6209
2.265274
2.1036
-1.83062
1.2003
2.97825
0.3591
1.38467
-0.56532
4.48224
-0.80724
1.57231
0.2317
-2.00632
0.51034
0.1639
0.43412
-1.54
0.19729
8.20726
-0.5283
-1.1091
2.21285
4.43141
3.7681
1.4825
-1.63168
-1.4954
-1.0596
-2.1554
0.7525
7.2455
-0.64914
1.531269
1.344953
0.368459
0.010327
1.049
1.432968
-0.3442
-0.000453
-0.921563
-1.340394
1.1844
4.283342
-3.69287
-0.08601
5.371408
1.517656
-1.868028
-0.989137
-2.473667
3.0519
1.09031
-1.58938
-0.50496
1.1542
0.58514
-5.71106
1.84206
-0.7648
-0.6293
0.21124
-2.3375
-3.09741
1.35096
2.1599
-3.83741
-0.26251
-1.7076
0.2394
1.3223
-1.3176
-1.6367
24.31924
0.14999
1.08883
-2.6062
-0.818
-0.62708
0.37505
0.7851
1.02953
-0.4979
-0.79619
-1.11476
1.99
-3.29524
-1.1108
0.4811
-1.87
-2.69
-10.27316
14.47255
-2.98789
0.87679
-2.3069
0.96315
-2.65298
-0.14377
0.893
-2.41086
-3.2168
-3.1008
-6.01874
0.2351
-1.24745
-0.71689
1.26994
-3.0787
3.4404
2.31808
-2.16281
-1.6894
0.83592
-0.7883
-2.56966
-1.29104
-2.59986
4.5723
-1.2193
2.11538
NA
NA
3.14874
12.26245
-1.0493
-0.23843
1.72872
-1.4218
-1.1125
-0.1403
0.37373
-0.55428
-0.6904
1.75363
3.0929
-4.2572
2.82356
4.30496
-1.8207
-0.2374
-2.2633
2.69213
-1.39227
0.90038
-0.20301
-0.24357
-0.33812
-0.92332
-0.99973
-0.975
0.70016
-0.7423
1.8301
-1.35172
1.4825
1.09053
-0.99639
-0.08353
0.84371
-4.2992
4.13216
0.09549
-4.9639
1.6427
-4.9479
0.3097
-1.46224
1.9319
-1.0066
1.66253
1.60003
1.04478
-1.69367
0.70159
1.58243
-2.2608
0.3217
4.3802
-1.5701
0.43017
1.8205
-2.2508
-1.2822
1.09133
-1.65629
-2.73044
0.91036
-0.197
0.06305
-0.8178
-0.13108
1.6378
-0.8417
2.72908
-3.35932
-1.21569
0.6668
1.68467
1.6006
1.61696
5.4504
-1.76269
2.7021
-0.20857
1.68043
-2.15274
1.53608
4.2075
0.7835
0.5971
0.1501
2.04589
1.23409
0.67653
1.3722
-1.35631
2.62759
-2.86641
1.51883
0.59986
-0.51031
0.0614
0.30824
7.92984
-0.40871
1.52474
-2.35126
0.58772
1.68787
-2.9106
-1.6678
-1.6495
-1.26631
5.82962
-0.77887
-0.7905
0.45508
-11.03334
-1.197
0.8808
1.24817
-2.54819
0.8571
-0.7502
2.66249
-0.1454
1.80613
0.42625
1.50205
-0.3746
-1.4761
-0.7906
-0.4531
-0.7453
-0.93811
2.5482
-2.14601
-1.14375
-1.92264
2.24317
-5.85014
0.9852
-1.039
0.9888
0.74054
0.1853
-2.2199
-1.5565
-3.4292
-0.35866
0.3021
-2.0735
-3.7224
-1.5841
3.11034
-0.0796
-0.03273
0.84637
1.18868
2.7904
-0.15874
-1.76158
-2.5958
-0.49614
1.89735
0.3529
0.0202
0.38833
1.4319
2.0566
-2.28276
0.8332
2.66162
1.38662
-2.3842
1.75185
0.32823
0.03082
-0.81241
0.1536
0.17918
0.69097
3.88452
0.52898
1.2222
1.4412
1.01031
-1.49675
-1.3554
4.44107
4.10408
0.79829
2.98424
6.10071
1.27132
1.3569
0.06647
0.3936
-2.28065
0.06297
-3.22432
4.03158
0.02213
-2.7183
-3.48054
-4.10287
-2.30265
2.03617
6.8704
-0.259
8.2859
0.33389
2.83694
3.0311
-0.12104
-0.8884
-0.01486
0.72658
-2.24835
0.9395
0.52915
0.83369
1.3715
1.47898
-0.31388
0.86861
4.35098
0.33515
1.4783
0.64238
2.5722
0.06168
8.85811
-0.1017
1.6596
-1.81435
-1.6838
0.5756
0.80539
-2.9492
0.06329
-0.8263
0.37544
-1.97196
-0.76487
-0.39441
-0.05814
-1.63651
-1.44329
0.57081
0.55852
-1.0797
5.3398
2.5404
5.3398
-0.76219
1.17884
1.1421
-0.90809
-0.58168
-3.2972
-0.7479
2.2947
1.57083
0.54026
-0.2995
0.77022
-1.56765
2.308
-2.02694
1.20178
4.51
1.36
-1.00176
1.53637
-0.6994
-0.205
1.8955
0.7442
-1.41
-1.50317
1.2549
0.5
-1.31
-0.82094
-2.83
-1.13
1.2009
0.7051
0.17484
0.407
-1.12
1.18595
-1.741
-1.95
-0.9887
0.46337
0.718
-0.626
-0.8534
3.18
-1.18
-0.627
0.606
-0.265
0.1933
-0.69561
-2.24619
-0.92326
0.459
2.0036
-4.16933
0.6597
1.9197
-1.7455
-2.0465
-1.9015
-1.12178
4.73287
0.53486
-3.2613
-5.14902
0.45689
-0.93351
-2.39
1.0961
-1.8943
0.461
0.6048
-0.3048
-0.8617
-0.3331
7.4778
0.0742
3.41605
0.6749
-0.0859
0.94968
1.31324
-3.64966
-5.03804
0.86946
1.80401
-0.66059
-1.8743
-3.23099
-1.6535
0.5962
0.8858
1.55873
-4.42565
0.2059
-0.808
0.9682
0.2557
-0.2021
-1.4832
-7.2803
-0.74555
3.18666
1.4535
1.1623
2.03135
-1.5669
-1.4845
-1.014
0.8395
-1.1535
1.2062
-1.2372
7.5016
-0.7697
0.3782
1.11
-0.29234
0.3801
3.272
1.08012
0.5817
-1.02447
1.4948
4.3323
-0.09109
0.3428
0.42146
-2.239
-2.51796
-3.7663
3.01086
1.12534
-0.3035
0.4085
-1.3692
1.456
3.7693
3.5065
-0.1404
-3.2469
0.86185
-10.2876
6.70852
-6.13705
-0.3209
-1.6237
-0.8687
1.3304
0.52699
-1.17645
-0.5072
-1.858
-0.8365
-1.7516
-2.3545
-3.97104
-0.0597
1.0994
4.99211
2.36539
6.0425
2.69
2.1294
-6.9402
-6.0003
2.8882
0.0668
-0.2077
1.57708
-3.66997
1.70665
-0.72937
-0.03462
-0.4573
-2.9848
-3.4174
-0.36242
-3.20125
-0.00799
-0.0196
-0.04953
0.45352
0.36812
-0.69614
0.1565
-3.38196
-2.48596
-0.17266
-1.73252
0.39772
0.00447
-1.0849
-4.71166
-1.25871
-0.1952
2.11579
-1.6902
1.7752
-3.16824
0.88627
-3.57
-1.2
2.68076
3.0564
1.64645
-0.04363
-4.9028
-1.7881
0.29696
-2.2796
-1.0276
-0.07495
0.85809
-1.02637
0.72125
-1.15223
-1.33511
0.41327
-1.62939
0.47189
-4.95775
0.0675
3.61
0.2201
3.0768
1.50669
-0.4673
0.4096
1.1073
-1.85557
-2.7957
0.8602
-1.8519
-1.04
4.4
-3.229
-3.90923
-1.14351
-1.1648
0.76369
-1.66697
-0.80437
2.53316
-2.96
0.1069
-7.8272
3.2114
0.77768
1.1746
-0.62156
2.36591
-0.5425
0.6043
0.34163
-2.08538
-4.64079
2.0785
-1.7354
-0.24777
-0.32
-1.2397
-1.54695
0.192
1.38384
-5.4305
-1.53
-0.6981
0.829
0.7626
0.07536
4.6742
-4.88204
1.99927
-0.4698
1.68542
-2.21854
-4.8916
-0.51757
1.90792
-2.54236
0.81419
4.173
-4.20206
-1.67735
-1.7787
1.69624
-0.2882
-0.49801
0.7775
-1.20595
-2.18308
1.8145
1.8711
-1.14383
0.94961
0.45789
0.1604
0.6285
-1.87972
-1.06971
1.2676
2.82452
2.816
0.82547
-1.30245
-0.13803
-1.47782
-1.6954
-3.07771
-2.39477
-2.1278
2.14588
1.00501
0.4862
-0.9073
1.8582
1.93495
2.0793
-0.0883
-0.57308
-1.2758
3.42076
-3.93418
2.70497
-2.67961
2.8702
2.0277
0.8864
-6.56369
-1.32165
-2.10379
0.06989
3.1247
0.0984
0.32159
-1.24441
-3.85368
-2.05055
0.2066
1.01198
2.48621
0.64798
1.1433
-2.30684
-1.64727
-0.73789
-4.2514
-1.38739
-2.04583
0.27944
-2.52541
0.6816
0.837
2.0426
-1.5036
2.9771
-3.21
0.17209
-0.5586
-1.87303
-2.26865
0.5748
4.41254
-1.92706
0.3206
1.93272
2.94355
-1.463
-0.91705
0.15772
-2.85845
3.97729
NA
-3.98166
-1.23994
0.3476
NA
-2.04744
-2.00688
-1.77339
2.5384
3.52988
0.93781
-2.43007
0.78605
0.46867
1.70747
-1.0317
-1.42732
NA
-2.74699
-1.98825
-1.89742
-2.1857
-1.64023
3.17104
0.90633
1.24729
1.97296
4.32978
4.3982
-2.2809
-1.91994
0.2592
-3.59906
-3.94004
-1.26447
1.05731
0.83028
-1.4093
-0.6071
3.05521
-1.64151
1.21862
-1.84279
-2.30722
2.12751
-1.7224
0.3471
3.93135
-2.32104
2.5272
0.71289
-2.6896
0.371
-1.20426
1.9756
-2.67546
-2.5708
-6.4891
1.52173
-0.60353
-1.0195
-2.09813
0.9332
-1.51246
6.2379
3.06714
7.0497
1.26256
-4.30106
-7.40859
-2.1793
-0.1072
0.35907
-0.18577
-1.1748
0.6285
0.26311
-1.3603
-2.87526
-0.3926
0.3327
4.4237
-0.52868
-0.63937
1.4153
0.85652
-0.8507
4.4839
-2.94831
-0.51205
4.0219
1.6775
2.07968
1.70963
-0.4608
0.1442
-1.71779
-3.13729
-2.39868
-0.23713
-3.07334
0.4161
1.274
-0.4094
1.5996
0.8201
-0.36861
1.23209
2.2413
-1.76543
1.2123
-0.53286
0.09915
-2.67079
-1.28296
3.47
0.23396
0.53321
-0.457
5.3536
-4.5498
0.54393
-1.2172
0.49906
1.0731
1.06349
0.1561
3.30492
0.04135
0.40412
0.153
0.34496
-1.29218
2.3761
-0.37555
1.32489
-0.456455
1.38269
-2.31058
2.3168
2.11121
-2.8266
-0.9559
-0.72119
-1.52
1.0414
0.366
5.19698
1.04129
6.8769
-1.46803
0.47712
0.04919
-0.2518
-1.356
-1.1746
-0.39021
3.9666
0.47186
NA
-0.3856
-0.85577
0.81842
-0.957
-2.30398
-2.4623
0.8224
-0.66897
2.38
-0.778
-1.96
4.0538
3.7693
-2.13
2.7797
1.97025
0.68721
0.553
-2.59414
0.91374
0.84838
-1.33682
-0.94747
-4.1507
0.2732
2.08273
-1.16333
0.6566
-1.96297
1.54422
1.03188
2.76571
-0.8407
0.10934
-0.49541
0.82873
-1.24011
6.53128
-4.65969
1.7708
-1.6101
-3.00113
1.03327
0.6704
1.71419
-0.2113
-0.8087
1.49655
-3.88
-0.32168
1.03
0.37334
3.6023
-1.31564
-0.6691
-0.2642
0.808
1.59994
-1.1497
-2.3715
0.92557
1.73007
-5.05311
3.38439
-1.5129
-0.184
-2.2057
-2.3946
-2.38125
0.0802
-0.9936
-0.59382
-2.46369
-0.00781
0.18482
-0.1596
0.76715
-2.57607
-0.8294
0.94395
2.5882
2.4257
-1.54213
-1.75397
-4.873
-0.1009
-1.5681
-0.5695
-2.4685
-1.6523
-1.16726
1.557
-1.557
2.44887
2.1206
1.281
0.31526
-0.5556
6.3188
-1.90086
-0.02239
-0.5175
-0.1605
0.69427
-2.6675
2.80418
-2.026
0.9322
0.15327
1.3246
2.5234
-3.5938
2.53403
0.0039
-2.152
0.00629
-0.7359
NA
1.01346
-1.84398
-6.262
-1.2766
-0.01632
1.16047
-6.2176
-1.25026
4.5529
-0.6391
1.59179
-2.4888
3.272
2.57
-0.94786
-2.26394
-0.62004
-3.8146
-6.4023
0.27937
1.1697
-1.05929
-0.96132
-0.50266
-1.30616
-0.239
-3.019
2.53546
1.84424
0.08109
0.2768
-0.62566
-0.97058
-0.3006
-0.91403
-3.2304
2.31904
3.40695
0.2375
1.16012
-3.6913
0.08414
0.3689
-2.03913
-1.35585
-2.56688
-3.25921
0.2057
-1.47175
-0.0313
-2.24863
0.0459
-0.92834
0.84128
-1.71898
-1.03076
0.19007
16.1685
-0.45581
0.48596
2.32917
-7.3711
0.6107
-2.05017
0.8116
0.516
-4.50695
-0.8654
0.4973
2.61794
0.2645
1.30484
0.19599
-0.0317
0.23399
-0.5064
-0.3548
-1.833
-0.954
0.7624
-1.3057
0.1867
2.17998
0.60793
-0.5566
0.2257
-0.41279
3.3382
-1.7271
-0.33085
-0.24777
1.13413
-1.829
0.1394
0.741
-0.52684
2.6524
3.103629
0.52
-0.45979
1.49566
1.55994
1.8213
-0.00162
-0.07014
-1.30699
-0.13815
5.3142
0.02768
-1.52884
1.22605
8.27426
-3.1413
-0.77323
7.5387
0.2664
-2.3851
-1.1149
0.2245
2.0932
1.42368
-0.96289
-3.4205
0.59675
3.547
-2.04659
0.722
-1.6621
-0.02449
-1.2722
2.2076
-0.28959
0.20801
-1.3323
-2.59633
-2.71558
2.47017
1.3409
-0.56426
1.82372
0.4994
1.80891
1.3374
0.6907
-1.7487
9.16622
-2.831
-0.43012
0.14081
0.11358
-0.8582
-0.81998
-0.98834
0.56398
-1.37539
-0.9132
0.2004
-1.50837
-3.4653
3.50974
-2.5962
2.2496
1.80727
1.68181
2.28194
-0.058
-0.71078
0.606
1.706
-0.07595
-1.5432
-4.82214
0.18849
-4.5006
3.46834
0.4733
-4.38438
-1.07
-3.04415
-1.013
-4.37035
0.41077
1.63829
-0.94545
5.77484
1.156
-2.42287
-0.63565
-2.96626
1.7424
0.65435
2.4704
-0.2007
1.4944
0.66456
-0.7411
4.9259
0.5097
1.43501
1.5338
-1.7876
0.59738
2.10194
-1.66839
1.62565
8.36
0.3741
-3.87921
9.1944
6.2358
0.2692
-4.6735
-0.74099
-2.53636
1.4065
-4.03409
-0.68363
1.8035
0.259
2.7123
0.0651
-0.86144
-0.98491
-1.0229
0.11
0.9961
-1.1136
-0.53266
0.46086
-1.97625
-1.70698
2.4084
-0.18732
-2.78
1.7126
-2.0926
3.32268
-0.9534
-0.82428
1.6089
3.3947
1.5018
2.5306
-0.17433
-1.45703
5.20185
1.25039
-0.7073
2.01107
5.65146
1.0764
-0.21815
0.00557
2.2157
-2.36066
0.8801
-0.1729
0.5315
0.773
-0.50383
0.1443
-2.14684
-1.05281
-2.19243
-0.35978
13.8908
-3.81944
-0.14027
-0.45779
1.09409
-3.2285
0.418
0.03801
0.5951
4.185
NA
-0.86568
-2.40947
-1.19464
6.17382
-0.7332
2.64274
0.77707
1.0019
0.06152
-0.6248
-0.82628
0.03143
-0.67546
2.8858
3.109
1.4999
0.5747
-0.0176
1.6899
1.89128
0.62898
-0.16988
0.6628
1.58273
-1.77498
-1.5921
-5.7758
-0.0336
1.2188
1.37014
2.79351
0.0589
1.0058
-0.1947
-0.3372
-2.7651
1.46888
5.29958
-1.19613
-0.2939
-0.80195
-3.702
0.41279
-3.04853
-0.00507
-0.588
0.32526
0.3154
0.375
3.87876
4.0703
-0.1192
-0.665
1.25783
-2.4655
-1.0968
-0.42629
-2.9614
2.53538
3.0124
0.16565
-4.13267
4.06
2.5552
4.60247
-0.9768
1.65708
4.15497
2.03527
0.88791
-1.36228
-1.34873
-0.29872
4.5803
0.6367
1.05384
-0.65297
-2.21772
-0.32345
1.249
-0.84806
1.11226
-1.97151
-0.49694
-0.8414
0.37687
-0.46135
1.57046
1.15142
0.49519
-1.47338
6.3863
0.92194
-0.27423
-1.13683
-1.20697
0.36809
-1.20861
-2.81053
-0.35
-1.1013
1.4744
3.9879
2.52322
-0.7794
-0.7757
0.2139
-0.0276
0.15126
2.22146
-0.801
0.85327
-1.9802
0.535
-1.96748
-0.3943
0.71601
-0.162
2.00415
-0.8256
3.4562
1.67961
-0.051
-2.8207
-2.9477
2.12793
1.49901
0.7454
3.8417
-1.81421
1.5785
8.73646
-2.23385
-0.9981
-3.9702
4.3911
3.85006
-0.0741
0.482
3.73759
0.54145
NA
-1.8457
-1.31763
-0.0792
-3.41
0.8572
0.77
-1.57669
3.48744
-0.9522
-0.76595
0.4305
-0.96366
0.8903
2.4483
4.93759
-2.61497
-0.05912
-0.424
0.45519
0.76546
0.92954
1.09139
-0.93261
2.90306
3.6094
-0.59863
0.3421
0.2348
0.2776
-13.14461
-1.48457
0.8572
-0.28628
0.2957
0.71815
1.52491
-0.404
2.09544
2.061
0.96374
1.0537
2.28274
-2.98956
-1.78821
0.1959
3.30652
-0.4866
1.6539
0.24215
1.78165
-0.74263
-2.2087
2.6821
1.25803
-0.60822
-1.07409
3.02698
-0.7961
1.0082
-0.36685
0.2658
-1.87276
-1.7225
0.8174
0.63754
1.03807
-4.2807
1.51887
0.0581
-0.4923
-2.1619
-0.16935
-1.22182
1.22121
2.01798
0.55164
-1.36275
6.9152
-0.3454
0.51311
3.948
0.4699
1.09
-0.9402
1.27937
2.1021
0.50204
-0.82339
2.49316
-2.17517
-0.63933
NA
0.8273
-1.0143
-2.93315
4.35043
NA
-2.63052
1.44195
0.5562
0.564
-4.303
2.15182
1.39279
0.4801
-1.1426
2.66605
-0.8198
-0.83573
1.26793
0.01733
0.67618
0.0267
-0.54106
-0.8996
-0.90772
1.7589
2.90517
-1.92695
2.261673
1.41195
1.08323
1.32544
0.58047
1.075
1.87702
0.81173
-0.91354
6.2721
-2.3423
-2.973583
0.18884
1.41692
-1.5032
-0.90304
3.5046
-0.62817
-5.311673
-0.1389
-3.3876
-1.07195
3.7215
-0.17341
-2.10947
-3.26007
NA
-2.4399
0.8622
0.70904
1.5193
-1.050288
0.01181
0.59664
-3.7051
3.46
-0.25997
1.003
-4.58206
-0.61113
-0.886
-0.0367
-1.8488
2.12553
-1.68451
3.3063
-0.81955
5.09228
0.7787
-0.3556
2.355618
3.8575
-0.418
0.79077
1.6467
NA
1.492
4.02049
1.2255
0.9786
0.09599
-0.0992
-0.62805
-4.90702
-0.0718
-5.4633
-2.4941
2.5191
-1.1659
0.25923
-1.14991
-1.06075
1.52109
3.88483
4.63798
0.96992
-0.565462
1.7797
0.23444
-1.09934
2.2639
0.10085
-0.81034
-1.47499
1.66552
-1.9022
0.608
-0.3117
-5.30288
-1.95788
1.23
-4.946
-2.26553
1.769
1.293175
-0.90424
-0.137289
-2.46124
-1.0601
-1.67667
1.55757
3.50704
-2.788568
-1.374
0.3315
-4.13086
-4.4251
1.15493
1.56957
-0.26255
-1.08248
-1.7632
3.82492
0.98789
1.30007
-2.34069
2.1183
0.492
-1.0573
1.0358
0.91713
3.57536
0.10466
-0.29799
2.3298
-0.9714
2.0875
0.95453
1.1398
1.3912
-0.2066
9.9144
-1.1715
0.8768
0.69933
0.23375
1.08682
-2.07339
-10.9087
0.39897
1.3722
-3.4142
-0.65497
-0.4779
1.1735
-0.7988
-2.71928
0.90719
-0.3994
-0.1455
-1.5335
2.06572
-0.98602
1.60997
-0.1288
4.3693
9.0848
2.43662
-3.45898
2.7122
-0.9142
2.0008
-1.83531
-0.638089
-3.4155
1.64529
-0.25298
-0.6798
-1.66817
1.03916
6.86144
-1.4986
-2.0338
1.96125
1.3324
1.2597
0.98226
0.71444
0.6514
1.0419
-0.55703
2.7769
1.095651
1.6786
2.03554
2.77337
0.85231
1.3397
-2.354
0.4348
-0.01153
-1.02111
3.84239
5.1048
-0.69372
-2.4189
-0.6387
1.2123
1.64403
-0.547
-4.0955
0.4552
1.75
-2.30677
2.13093
1.4752
-1.7606
2.81426
2.60911
1.2773
2.1833
-0.0649
6.05516
0.65761
0.91497
-0.8452
-1.352851
2.11
-1.06312
-1.1636
2.64147
-0.30732
-2.822
-2.4575
2.2981
0.1981
5.89136
-1.03517
-0.768158
-1.303667
-0.09799
-2.87617
0.3419
0.44499
3.9256
-0.4162
2.02464
1.1979
1.0487
0.3364
-0.6023
0.28389
3.03458
4.4387
-15.098
-2.2699
0.5208
-2.763
-0.1293
-1.4042
1.24269
0.357
-0.47247
-4.43839
0.68147
-1.329165
-3.07831
-1.06788
1.4921
-0.4719
0.10485
1.5058
-3.47658
-0.35851
-2.17732
1.672937
-3.7128
2.7013
2.87
3.07463
0.3544
0.4948
1.43829
-2.9442
0.8178
2.45652
-1.80984
1.38
0.38565
-3.2248
-0.4213
0.2688
2.3234
0.30891
0.8932
-0.279
4.79093
-0.1036
-0.21379
-3.5421
-0.4094
-0.7827
-1.62924
-0.4463
0.00993
-2.5848
-2.4583
-1.91256
-0.5125
1.4696
3.4981
-10.39641
2.52906
NA
-1.5482
2.3777
0.53467
0.69795
2.6516
-0.08867
-0.078
1.24399
-0.34269
1.5617
1.73569
-2.31992
0.04171
0.45298
3.19841
1.23346
-1.3899
0.74443
-1.074
-0.04073
-0.0552
1.11752
1.5441
2.85152
-0.12699
1.22471
-0.20026
-3.1855
-4.49262
-0.84137
-2.1813
3.69165
1.12446
1.8225
0.1047
-3.3495
-0.85255
0.1831
0.90374
-2.45186
3.25951
6.0383
-1.2061
-1.85255
4.24066
-0.417
0.6424
-0.89437
-0.6981
-3.02175
0.33192
2.2504
0.41978
-0.2452
1.68137
0.93595
2.53187
0.26751
-0.3563
NA
-0.9644
1.07754
-0.27452
1.17267
-0.4994
-0.48889
1.10372
-0.30527
1.04043
0.344
1.69069
-1.22747
-0.9551
-0.6688
1.3652
-1.85328
-0.9298
-1.2433
-0.44186
0.913
1.07193
1.9899
1.11523
2.2796
-1.25999
-2.5308
NA
-1.70658
-1.5367
2.18627
-0.80142
3.7793
3.62841
1.22689
2.6392
-0.90697
-5.8689
-0.46423
-1.6881
-2.24182
0.32859
1.89729
-4.527
-2.59988
-0.13081
-1.67907
-0.00623
-0.19659
-2.03179
1.99329
-0.25297
-0.7049
1.48038
-0.5575
2.00154
1.5838
2.32329
-1.8239
-0.8302
2.71
-2.07556
-2.89033
1.1363
0.409
-2.03825
-4.00589
1.8308
2.25581
0.31735
-2.9505
-0.035
0.07933
0.4296
-0.00883
2.0879
-4.72328
-0.06456
-1.30309
1.74564
-2.8842
-2.1905
-0.79481
-1.3377
0.4213
-0.0904
2.9633
0.4195
1.079
-1.81
0.194
0.8026
0.592
0.6261
-1.74063
0.46198
-5.1808
0.31414
-0.037
0.65633
-6.73365
-1.41553
-1.3298
1.76391
-1.5393
-1.39304
3.56881
0.2452
2.683
0.5732
-1.18509
2.32919
0.33219
-2.3203
4.80945
1.36354
0.6212
-2.928
-1.66013
1.86024
-1.6
-0.45561
0.3645
0.48698
-0.4694
0.63928
-0.68283
6.68478
0.7519
-1.31943
0.74007
2.11747
NA
-2.16288
-2.79
-1.56
2.12331
0.90923
-1.6662
-1.84862
-1.45796
-0.45892
0.92271
-1.34023
-1.26937
2.7116
9.9728
NA
1.1621
-0.82605
-0.79037
0.14973
-3.27459
-1.33829
-0.8866
-0.76676
-1.53612
-1.2661
0.558
-0.7232
1.29251
-1.38977
-1.9547
2.34
NA
-0.828
-0.1974
-0.2277
-2.8385
3.59
5.7955
NA
-2.91
0.156
-0.689
-0.6104
-1.3325
-0.47063
-1.12784
-0.8775
-1.51692
-3.1752
-4.8344
13.79089
5.8435
1.4766
-0.62244
-0.93485
-0.44077
-2.35804
1.56745
-0.31604
3.4111
0.85779
2.2526
-2.31891
0.3771
-0.927
-0.77566
2.81041
-0.6704
-0.2479
-0.3607
-0.12539
0.212
1.1747
0.10144
-0.28615
-0.3144
-2.56357
-0.2621
-0.78349
0.90076
1.663
0.64833
-0.36587
-3.65
2.19743
-1.03821
0.7097
0.70757
4.08388
0.679
1.55976
NA
-0.08179
0.25243
2.2328
0.5523
-0.8681
-3.4387
-6.34996
-2.899
-4.45444
0.8116
-3.2923
1.69755
2.01388
-1.8087
0.43
1.488
-1.39595
-2.65452
-4.4822
0.13126
-0.61606
-2.97152
1.82989
-0.6187
2.67
-0.05231
-0.9054
-3.89817
-1.33899
7.1685
-1.5173
0.3542
0.2012
NA
0.5747
-1.71497
-0.61464
0.8886
1.1264
0.01005
1.08174
0.37694
-5.0659
1.9902
-1.2382
1.73
0.12819
-0.0968
-1.40278
4.3526
-0.55654
0.25665
1.16373
-0.98134
-2.1006
-0.50824
-0.1256
1.63904
NA
5.21509
-0.03364
-0.8684
1.84522
0.11773
2.21
1.67375
1.8371
-2.0311
1.50785
2.52215
1.51
0.9389
-4.3239
-1.71571
0.4242
0.61693
-1.43618
0.5517
-2.20015
0.85678
-0.25536
1.3456
-0.71064
0.139
-0.64276
-1.38786
0.8305
-0.6775
0.5683
0.27357
2.19358
-2.64967
0.00728
2.70125
-7.8267
0.3152
1.26474
-7.151
-1.3513
6.77173
-0.60236
-1.53327
1.08475
-0.11618
2.40827
-1.41741
0.10984
2.9698
-2.39503
-2.84104
1.8378
0.6122
1.94834
-1.4315
NA
0.63593
-0.07383
NA
0.36541
-0.9195
2.6163
3.3384
1.51626
-2.97413
-0.7048
-1.37438
-4.87554
-2.9309
-0.1221
-0.933
0.4188
-0.95015
-2.7751
-0.33156
-0.5822
-4.65992
-1.0826
-0.08483
-0.92519
0.62655
4.84833
2.2074
1.06168
1.49243
-13.1578
1.94785
0.47776
-1.2004
0.4159
1.107
-0.65254
-1.21162
0.1433
-1.28851
-3.68624
-0.00668
-1.49467
-1.5795
-20.0483
3.4413
-1.33712
2.5437
NA
-0.04452
1.83231
-1.28523
-1.25815
1.87571
-2.0673
4.3546
-1.3062
0.48987
-7.89454
-2.95689
-1.7646
0.55758
-0.0482
-0.26808
NA
1.44481
-3.05812
0.08472
0.008
0.83311
0.6029
0.4801
-1.69435
-0.90765
-0.7858
1.32189
-0.5203
-0.03643
1.24405
-1.5704
1.76148
-1.49154
-2.0622
-2.47086
2.06888
-1.4042
1.2387
-1.08365
1.512002
-2.37961
5.2341
-1.36402
3.621
0.0858
1.92421
3.66422
1.3217
0.89151
0.98385
-1.69453
-2.78434
2.27435
2.56806
0.221
1.6184
1.2232
-1.70195
0.817352
3.39
-1.1813
-3.4756
-1.23188
1.1283
0.7798
0.9312
-6.0132
1.0165
-2.0451
-1.53669
-1.06089
1.2723
-0.0377
8.1375
-0.16539
-3.06857
-3.0317
8.0962
2.4573
0.9138
NA
-1.4493
1.39136
-0.8151
-11.06353
2.85987
0.1986
5.11588
-1.89747
-0.5301
1.260501
-0.20993
-1.00961
-1.301
2.54642
0.24505
-2.2124
2.06889
1.42914
-0.42133
5.3395
-0.3238
0.32924
-2.522
-0.93455
-1.16763
3.20651
-0.8084
0.34869
-1.23993
-0.30502
1.1963
-0.4814
-0.0314
-2.3139
-0.96376
3.7126
0.31161
-0.91232
5.0834
-0.94818
-0.98618
1.5439
1.88838
1.90316
-1.69807
1.53798
-1.41921
-2.97032
-0.85632
-3.05968
0.80453
-0.6268
-0.92983
NA
NA
NA
NA
NA
NA
0.699
NA
NA
NA
NA
NA
0.15802
NA
NA
NA
NA
NA
0.63085
NA
NA
NA
NA
-1.37554
NA
NA
NA
NA
0.00822
NA
NA
NA
NA
-2.95508
NA
NA
NA
NA
-5.2389
NA
-1.1887
NA
-0.15981
NA
-1.0805
NA
0.99581
NA
NA
NA
NA
NA
NA
-4.18371
-4.293
-1.9572
-1.43393
NA
-2.04433
0.40771
-2.48171
-1.0631
-2.0354
NA
-2.02498
0.08556
3.27779
1.79934
-0.1167
2.61062
3.408
2.40989
0.18
-0.337
4.3047
-1.87302
-3.0929
0.89864
0.81
1.09481
0.534
2.41
-1.5032
-0.9972
1.93
1.26109
-0.3467
1.9529
1.566
1.17292
2.4352
-0.04671
1.91013
-1.01062
1.97839
3.07184
-2.1886
0.2387
0.57281
-1.24602
1.81
-2.1284
-1.94444
0.0522
2.01359
-2.12623
-0.0105
-4.36
-1.6639
1.64703
1.36475
-2.76157
-2.08
1.85108
-0.41001
3.771
2.2826
-1.55895
-0.53264
-3.46
-3.07139
-2.6953
0.4897
1.71768
-1.3718
1.777
-0.73717
-2.1404
5.5264
-0.5325
1.59589
2.0105
-2.1401
-0.3478
0.87928
-2e-04
0.140688
-1.528
1.10929
-1.6705
2.26091
-1.96194
2.48415
-0.6636
1.05235
NA
NA
NA
-0.15176
0.7334
0.0329
0.01512
1.06008
-1.4692
0.4227
-0.55553
1.8
-0.201
0.201
0.2352
0.414
-0.4828
0.3949
0.1279
1.30406
-4.4189
-0.53872
4.20335
-0.99971
-4.3559
0.86187
0.9174
-4.13364
-0.0811
-0.78686
0.24244
-1.26861
0.8408
1.7673
-0.2402
3.01046
0.764
7.5761
-3.1064
0.846
-2.56083
0.37272
-0.01802
1.31039
0.77101
-3.5752
3.15012
3.77712
6.1042
0.3337
1.09
4.09729
-3.01507
0.429
-3.13471
1.68587
1.54
0.0408
-7.23071
-0.1394
-0.3266
-1.6209
0.29694
-0.71875
-1.308
0.74687
0.7067
0.339
-1.1195
1.69864
-4.01
1.14744
NA
-1.72265
-0.05324
NA
NA
-0.5455
-1.5165
-1.0352
-0.71141
NA
NA
-2.30574
1.58595
2.60208
-0.3337
-0.6394
-0.1208
2.5237
-2.0733
-1.38506
4.3542
0.9154
0.59449
-0.19662
-0.81254
-0.69372
-0.55385
1.25858
-0.29694
0.9936
-0.10664
1.2211
-0.8154
-0.247
-1.31244
-3.1752
-0.83842
0.83055
-0.2655
5.2956
-1.8555
-0.497
0.52
3.14
1.6973
-2.87121
-0.4534
-5.10747
-0.7183
0.7826
1.93
-3.47
-0.35522
-1.76369
2.5221
-0.17216
4.82
-1.84978
-2.62658
2.75142
2.8022
5.6967
-2.517
-1.5664
-0.44674
-1.9129
-0.71327
0.50689
0.16009
0.1448
3.39629
-6.3515
-0.4524
-0.15102
5.8666
0.92031
-2.3
0.2366
-0.3582
2.2883
0.284
-1.64855
-2.2221
1.042502
NA
-5.11527
0.80009
-2.06501
0.16801
3.8089
2.498
0.01426
1.72177
-0.04218
-0.08928
-0.02924
3.1327
2.00929
-1.08956
2.4031
-0.9747
-0.20975
-3.98538
0.8218
-0.290904
1.6919
0.9156
0.7401
0.50626
-2.2972
-3.951
1.934269
1.332243
-0.48429
-0.72579
-0.82833
0.42046
-2.57135
1.78648
-1.9621
0.58015
1.74376
1.3912
0.70133
0.63185
-0.57956
-2.3912
NA
1.38508
-0.39592
0.65021
-0.16044
1.908
1.1403
1.08553
-4.27394
-1.06349
-0.1665
-1.1272
0.07492
3.62371
-1.3745
0.12917
-3.0902
-1.52854
NA
0.70103
2.80121
6.35353
2.03616
-3.08918
-1.14368
NA
-2.57012
-12.1612
2.7661
1.9489
-1.8296
1.91245
0.30078
-1.6617
1.1742
-2.48
-0.59675
2.21106
-0.23857
-2.7867
0.54949
-2.10266
-0.5274
-4.6489
-0.14051
-0.2252
0.60507
-1.0978
0.43412
-1.1594
-1.97636
-2.63992
3.1101
-1.8329
1.2377
-1.7962
-2.9638
3.5077
3.143963
-1.1275
0.6881
-0.97177
-0.72554
-1.75362
-2.36318
-1.39944
-3.6995
NA
-1.08791
0.153
2.92129
0.0027
-1.91829
-1.19358
-1.348633
-4.3317
-1.220978
2.0408
-0.674
0.0803
1.29064
1.3236
-2.0068
-2.0967
1.51695
-1.8811
-2.3469
-0.46137
0.28467
0.116
-6.41087
0.888
2.69919
-0.4823
2.8813
2.45
-6.2857
-2.75086
3.78927
-0.39869
1.74443
2.41546
0.2886
-0.39733
1.94886
1.68087
-1.36932
-2.24
-0.18982
-0.5938
1.4385
NA
4.7477
-0.1578
-2.87336
-2.3326
-0.78296
3.5077
0.24466
NA
-2.01801
2.40137
-1.12595
3.0079
1.2193
2.12122
2.16538
0.6001
0.6138
-1.2543
-0.3566
-0.3458
-3.30304
2.1036
0.86808
NA
0.36423
0.07408
-1.42427
NA
0.392
-1.7078
1.247158
1.64121
1.50667
-1.4261
1.55327
-3.1287
-1.4659
-0.1356
-0.28904
-1.4454
-1.26411
-1.70304
-2.31512
-1.0668
-2.77022
0.81696
-1.66997
0.3859
-1.4189
-0.8067
-1.213844
0.45778
0.6749
1.63855
-3.9605
3.05333
-2.77763
1.5785
-0.88871
-0.65268
2.5502
1.75
-0.25616
4.56108
-0.50208
-0.51425
-0.407
1.50259
3.09056
1.35559
2.8972
-0.09438
-0.59386
2.02012
2.3658
-0.3136
0.8778
NA
-1.2993
-2.76315
0.28143
-2.06772
NA
0.267
-0.701
0.3834
0.82
-0.94778
-1.4668
0.70417
-0.83538
3.01222
1.02079
-1.70781
0.67648
1.9351
-0.71891
0.1109
-3.27139
1.03781
0.1626
5.828
-0.2008
-1.1105
2.33
-1.69
-3.24179
NA
-0.89453
3.32
-3.1851
2.08184
1.9676
0.9858
0.75372
-0.5416
1.25611
0.73257
0.42167
-3.18382
-0.23434
-3.7223
-21.0483
1.4018
0.33527
-1.6101
-3.01833
0.88875
0.5647
0.0471
1.73827
-1.0292
8.8663
2.54028
-1.54983
1.8007
1.88947
2.02544
-0.0126
-3.1514
0.338
-2.9679
1.87065
0.112
-0.5556
1.34535
-1.2545
-0.1235
-1.31601
0.486
0.9484
-3.5071
-3.76052
-2.81515
1.74945
-0.257
1.60698
0.4714
-0.129
0.6812
-0.2042
1.5015
NA
-0.10048
-2.026
-2.77381
-2.91
0.7528
-1.46659
-0.23508
1.09678
0.78218
-0.13436
-2.41
NA
-1.2665
NA
-1.8321
-0.5277
0.4235
1.4647
2.168
-0.54689
-1.7316
-2.3815
-4.86
2.60176
2.27846
0.3774
1.394
-3.61382
1.9807
-2.7456
0.06701
2.29683
NA
-3.88497
0.2151
-1.3224
0.30123
-1.48998
-0.65768
1.1843
-2.4489
0.35988
-2.97513
NA
-0.79506
-1.04
0.36728
-0.41021
-1.38088
NA
-0.88605
-0.5595
-1.3271
-2.01861
-1.79894
NA
0.89429
2.24783
-1.86608
-3.01019
-0.0189
4.6105
2.09146
1.227029
-1.3541
0.8388
-0.00742
-2.11698
1.46
-0.40377
0.00759
-1.4161
-0.58312
0.28832
1.12087
-0.21541
1.984
-1.64088
0.5523
2.80311
0.39268
0.23192
-2.76
-0.88477
-2.55351
-3.54048
3.9703
0.762
0.5757
0.02541
1.53452
1.884
-5.87547
0.18371
-0.2779
0.485
-0.8704
NA
1.8531
0.16435
0.51391
-0.0843
2.2538
0.0817
0.03653
0.846
NA
-0.1238
-0.25236
2.3997
-2.57
1.91884
2.43154
0.8524
-1.908
0.327
-0.72509
-3.19566
-2.92
1.20601
-0.09768
-0.9911
-0.2965
-2.2475
-2.57036
-1.4
1.3883
3.78334
-5.8553
NA
NA
-2.2689
2
0.32806
0.2886
-2.5104
-1.2001
3.5398
-0.1269
-0.7774
0.27041
-4.17355
0.54714
-2.97354
2.0533
1.5167
1.0512
1.11851
-0.91081
-2.6292
3.45981
1.91449
-1.351
-1.36193
-1.49
-0.20367
-7.7078
2.78718
-2.52433
-0.66016
-0.1192
-3.09217
1.70747
2.79088
0.3639
-1.11951
0.14827
1.72
-1.89595
-4.1975
-1.1199
-2.33
3.3
-0.73732
2.9713
0.245
-2.46678
-1.23534
-1.272304
-1.98122
-0.414
NA
-0.80003
0.6719
0.21992
0.539
0.4777
5.4033
-0.94709
0.36599
-0.4925
-0.3032
0.9748
-2.22797
-3.07589
-1.9067
-0.895
1.61899
2
-0.8104
-3.1722
2.3569
NA
2.6697
0.46325
0.6409
2.02564
1.7027
-0.509
-1.53316
1.5702
-2.66855
-1.23908
-1.90159
1.351286
-0.8246
-0.1581
0.6
-0.20004
NA
-5.2389
-3.66968
-0.0692
NA
14.13431
0.0302
-2.9749
1.43079
-0.06525
-0.48526
0.1313
0.58108
0.36006
-2.2811
-3.4705
2.0636
-1.2374
-4.8885
1.61624
NA
1.58019
0.574
-2.77105
-0.4707
-0.37657
-2.63928
NA
-0.98095
-2.6822
-3.36051
-1.80779
-2.04665
-0.71613
0.70579
-1.0189
0.44837
1.5293
2.54711
0.91093
-0.37908
1.3567
0.68721
0.5767
NA
0.4365
NA
0.5341
4.05238
2.39
-1.36033
2.4696
-0.165
0.01579
7.341
-0.741
0.17572
-3.92342
0.84677
0.43505
-0.43888
1.90381
-1.5621
0.7896
0.74047
-0.13997
-2.6152
-3.16853
0.21925
0.47519
-2.2889
0.11115
0.2903
-3.09
-2.0609
0.77416
NA
-0.22627
-8.2946
2.47222
4.42543
3.0833
6.52789
0.16654
0.36339
2.18
-1.1595
-1.66964
-6.09786
0.3293
8.80743
0.41563
0.93273
2.74952
1.61583
-2.7095
3.51441
0.80235
5.10905
-0.59655
8.89276
-3.66232
1.07407
-0.9688
5.6464
0.2699
-0.44153
1.67254
-0.8455
2.2402
-0.14881
-1.54605
-2.86386
-1.8239
1.51424
0.46451
1.7734
-0.588532
1.33
1.54767
0.753
1.5444
0.60358
-1.82247
-1.24512
5.21847
-0.92212
-1.09505
0.94304
-0.157
0.78147
0.31474
1.083525
0.3388
2.1403
-1.99649
-0.85427
-1.2474
3.67633
-2.72
0.0897
NA
NA
3.7523
-1.7604
0.8746
1.76596
-0.47911
-0.60577
2.05896
NA
1.59365
-0.69128
-0.37173
2.73606
-9.71925
-4.27869
-1.77
-1.32054
-1.5665
-1.661523
-3.60306
1.18552
0.14727
0.586
-1.25
0.30842
-0.63927
3.23
3.0523
-3.46
-17.7103
2.54882
-2.58409
1.5396
NA
2.8613
0.1402
0.48989
-0.81538
-3.5309
-1.3886
0.76507
-0.70332
-0.46545
-3.53534
0.331157
3.32
-0.6721
0.96353
-1.15922
-1.74459
-3.84057
NA
4.2573
1.75324
1.1341
0.5002
0.83333
1.76506
NA
-0.163
0.9736
-3.82798
-1.5888
2.396
-1.183372
0.65257
1.09469
-0.08113
8.2658
-0.129
-3.1927
-2.81
0.1389
0.65329
-1.25278
0.84977
-0.40409
-8.40539
-0.45898
-0.273
0.12054
0.49224
-0.39253
-1.12703
-4.6475
0.04075
1.85499
0.4601
-1.236
0.60651
NA
0.50899
-0.4307
2.3069
1.25804
1.7902
-4.03828
-1.41
-2.85215
0.10885
1.8829
0.70508
2.08526
-0.39301
-0.6406
-1.38177
0.12106
0.3445
-1.4793
-0.4741
2.6463
-1.0459
-0.0108
-3.75907
-1.70498
-1.39784
-1.26092
1.2087
0.10395
2.71818
-0.593
0.044886
1.56774
1.7725
-0.21576
1.8479
0.55461
0.1569
1.5463
0.7678
-1.54076
-0.58689
-1.04136
-0.0765
-1.81332
0.25819
0.55983
-0.09646
1.05886
-1.11239
-2.84058
-2.3004
-1.25811
3.10135
2.12053
-2.7285
0.6821
-0.98379
-0.23
1.4512
0.0369
0.09983
1.13707
-2.4434
-0.078
-1.0498
-0.876
-0.4089
1.07225
1.09
0.1733
NA
1.94348
-1.64303
-0.817915
-0.68235
5.7009
-5.5066
0.51128
NA
0.4818
-0.5542
2.10043
2.94039
7.2693
5.38
2.02091
0.98982
-2.58
-3.13942
0.70541
0.2615
-1.27794
-1.66445
2.250635
-0.74338
0.78459
-4.6614
0.54564
-0.7175
5.6733
-1.55
-0.39575
-1.56457
-0.16228
-0.9577
3.5149
-0.5964
0.66837
0.85514
-3.0708
-1.6992
0.18166
-0.9187
-0.75952
-1.4921
-1.0937
-2.92357
NA
-0.70798
2.0821
4.53919
-0.5467
1.5751
1.6468
-0.79216
0.585595
-0.0441
-0.96014
-0.8227
-2.85494
0.173
2.48855
0.6295
NA
-0.11506
-3.1817
-1.96731
-1.21191
6.95641
-1.35456
-0.1084
2.59054
-0.5548
-0.0297
2.555
NA
-1.5226
NA
-0.43486
-0.18994
-1.35487
-0.3368
-0.7116
2.71439
-4.0096
-2.13587
2.26921
-1.88151
-2.64516
-4.2585
0.5062
0.7227
0.1574
-2.44276
0.195
0.03758
1.0341
0.68622
0.90546
0.16054
1.20321
-0.01032
-3.169
-0.682
-0.9782
-0.2568
-1.96166
1.07907
-1.68851
-0.0682
0.436
0.98851
NA
-1.93
2.60377
-4.0084
-2.1161
0.73053
-2.2986
-0.615
6.7133
NA
-0.66078
0.857
-0.35599
0.39935
NA
1.07822
-1.29797
0.04328
2.25064
-2.03769
-2.8049
-0.9417
-4.79697
-1.52195
-0.540682
0.4364
2.16003
-1.0351
-0.9588
-1.49204
-0.63282
0.4581
-0.465231
-2.188
-0.493
-1.18
-1.00431
-0.81588
-5.81
0.89137
0.2571
-1.28588
-0.9105
1.2904
-1.4735
-0.40877
1.3019
-0.45038
0.83983
-0.277
2.12443
-1.04126
-6.0458
-0.371
2.44141
-1.4457
3.05173
-2.04207
2.33348
-2.12
-3.197
0.13659
1.06965
-1.8716
-2.15803
0.192
-0.481
-1.21482
-0.17122
2
-2.7
-2.6325
-0.94022
-4.439
0.7412
-1.02267
1.0226
2.52447
-1.1139
-0.0248
-2.16648
0.663
-2.209718
0.64036
-0.75954
0.5858
2
-1.69602
2.16121
2.09559
-0.22055
NA
0.68692
1.17125
2.01286
0.1967
2.29788
0.783
-0.9072
1.43993
1.10848
0.15226
NA
-1.2815
0.32648
1.49066
-0.58048
1.40281
0.8224
-0.947
3.57
-1.7317
-0.0445
-1.22197
0.58952
-2.14
-2.46
-0.09892
1.48453
-0.5955
1.14
-2.26126
4.08
0.24772
-1.97
1.41569
-1.45633
-1.5293
0.5
-1.2517
-0.461
0.30323
NA
-1.57386
1.23364
0.28318
2.38424
-4.0144
-1.3749
-3.58491
3.4704
-2.44997
-2.23499
-0.7486
0.1822
0.0282
-2.62757
3.83828
1.9848
3.19171
0.88329
0.85311
3.28473
3.3987
-8.92178
4.06605
4.21676
1.19281
0.75172
-2.29902
0.32717
1.67785
1.12328
2.04411
0.48656
-2.9781
0.1093
-3.22321
-0.78146
-2.8874
10.0626
2.26093
-3.98233
-1.29174
2.29011
-3.9478
2.3323
0.76933
-0.8126
-0.1755
0.459
-1.6383
-0.1309
0.8437
-0.94798
-1.24
0.1251
4.34475
-0.6999
0.2179
-0.82006
-0.243
0.6661
-0.8774
-1.5678
3.2621
0.3445
-0.3958
1.6047
2.11488
-2.0082
-0.91847
0.5907
0.73518
-1.13201
-2.49738
-0.1633
0.39934
-0.23904
0.35655
0.73749
-1.58318
-0.5194
-5.4826
-1.6993
0.11664
-0.6135
NA
0.6822
-3.2535
1.14363
-1.5077
0.56376
1.42875
-1.62594
0.9135
1.6845
-1.7435
-0.20003
-0.14894
-0.1343
-2.2829
0.24799
4.2992
-1.1811
1.8633
1.32523
2.1834
-7.96557
-1.98716
-0.84218
-0.44619
0.3102
-0.27509
-3.173
-1.2848
-2.40257
-6.37574
0.02974
-2.32276
-10.52624
0.79036
1.2395
0.40353
-1.49752
-7.77591
-4.45726
1.4387
-1.32894
-0.7239
3.7878
-1.2186
1.96412
-2.5474
0.00451
-3.58419
2.777
-0.0148
1.7366
0.7453
0.00516
2.20135
0.8984
-0.36525
-2.14734
-0.34239
-0.13598
0.48061
0.4619
0.64497
-7.3103
1.11998
3.2447
0.0645
1.9779
0.84908
-0.13378
-0.99279
-2.18105
0.2409
-4.53112
-1.64829
-9.006
0.10806
-0.8391
0.41182
-0.1921
0.31756
0.2929
-1.2871
0.53573
-3.34475
1.32903
0.68909
-1.1489
-0.60313
0.31612
-0.3286
2.30273
0.53612
2.3501
-0.8178
0.29748
-4.1149
0.67331
-1.63217
-0.54289
0.66392
-5.48459
-3.08081
NA
3.93725
-0.46114
4.0176
-3.82027
0.9873
3.57182
2.04291
-2.5474
-2.39442
0.65798
-0.90077
0.37381
-0.36569
3.0408
-1.42205
-3.44264
-1.22423
-0.9238
1.18487
-0.72916
NA
4.974
0.6106
-1.06485
1.9084
0.951
2.7997
8.9569
-0.29286
-3.72827
-0.93156
-0.98428
0.88302
-9.12807
4.8614
4.78007
-0.37961
-0.4141
2.97601
-0.9115
0.85745
-0.82361
1.161
-0.90734
0.9195
-0.20769
-2.37299
1.3654
-0.94195
0.60755
-0.28066
-0.39646
1.60262
0.99079
-0.2404
2.73927
-0.97088
-0.38122
2.57538
-0.3737
-0.17929
-0.39743
-0.62232
1.01553
-0.1509
-0.52141
2.10493
2.9762
0.58686
-1.76823
1.3275
-0.29173
1.0904
-0.07
0.9595
-2.55029
1.2458
0.66865
-1.5056
3.4141
-0.2771
-0.15112
0.4126
-0.6558
-3.00241
-0.185
0.56181
-0.67505
-0.49136
-0.6924
1.06481
0.01321
-0.4633
-0.0377
-2.05355
-0.23806
0.8091
-0.0761
-3.26857
3.22875
0.2737
-2.15423
-1.96415
-0.83502
-0.73821
-0.36169
0.40018
-0.656
7.74153
1.0362
-6.3711
1.1829
4.2248
0.94855
-1.4514
-0.18115
1.4199
19.53904
-3.6907
-5.27486
0.18641
-0.9983
-3.93762
-1.25216
-0.6457
1.39361
1.87239
0.05192
-1.1274
4.5986
-0.0868
-3.3264
-0.4406
-1.99406
-0.89751
-1.4822
-1.18982
3.3117
-0.43402
-0.87346
-1.4274
0.3097
-1.55304
-0.3802
-1.6546
-1.37993
0.9864
-0.58174
-3.01282
-0.8961
1.74543
1.27458
0.55318
-0.50288
0.7646
0.128
2.73053
-1.64812
0.20802
-0.77202
-3.37845
-1.8876
0.9193
1.1601
-0.71034
-1.6285
-0.39924
0.61535
1.1836
5.09148
-8.20642
0.71058
-0.446
1.58244
-0.35372
-3.58064
0.88836
-0.8428
-0.92937
-0.1498
-0.46205
-1.1656
-2.92928
0.6481
1.18528
1.67818
0.87419
-0.80397
1.57022
2.16122
2.2169
-1.09258
-4.64866
-0.6126
1.97476
0.37935
0.4995
-0.02307
0.097
1.7326
-2.0453
3.82633
0.1454
2.2816
-2.0414
1.3694
-0.1226
1.8956
2.13373
-1.0135
-8.6949
0.8606
-0.626
-0.13096
4.1171
-1.0007
2.2299
-0.0429
-4.16837
3.0725
-0.9669
2.60099
-0.2557
-0.5281
-0.9786
-0.6812
22.0874
1.2293
-1.4627
-0.9326
1.49719
0.8447
2.00662
-0.4649
-2.78391
-0.83058
3.272
2.1614
-1.558
-0.1641
0.76887
0.93694
5.9786
-3.47598
1.1533
-0.17313
-0.7021
-0.398
1.62837
-0.3717
-0.42974
1.1926
-0.0689
-0.1042
0.1781
-1.6703
-0.7119
2.1945
-2.1744
-2.4916
2.1351
2.27
0.207
1.5436
0.2178
-1.43507
2.759
-0.3562
-1.839
2.1585
3.2585
-0.4002
0.8796
-0.0231
-0.8329
5.1908
0.73
2.1241
1.3241
1.2928
2.2515
-1.5813
2.5399
2.19
-0.58012
-0.7759
-0.0434
0.5911
-1.0874
-1.9081
-0.9694
-0.5889
-1.88
-5.53909
1.1638
0.5824
4.7361
-0.3986
-1.5884
0.5667
-2.8836
2.0926
-1.0242
3.3632
0.873
0.5557
-0.5442
2.8425
2.563
-0.972
-2.56734
-0.4833
-0.4039
1.8172
-0.0888
2.2746
-1.2062
0.9698
-2.5478
-0.00873
-1.9472
0.206
-0.2325
-2.8204
1.5256
2.43245
1.0991
-0.86266
1.747
0.6301
0.8
-2.8874
2.41758
0.0686
-4.5669
0.9644
-2.406
-2.792
-1.69
1.7083
0.8721
2.7313
-0.1014
0.3288
1.5462
2.8053
-2.6957
3.221
-12.6107
-0.8936
0.2608
0.4752
1.8524
-0.0514
-0.3132
-0.1432
6.7122
-5.80503
-1.2089
0.1614
-0.11835
4.6699
0.5891
0.99071
-1.01646
-0.41403
-0.40071
0.09604
2.74594
0.02423
-0.7477
-2.4416
0.1749
-0.70161
-1.9698
0.26389
-0.41868
-6.7819
0.13956
-1.80134
1.38567
-0.8898
1.8877
0.8327
0.16875
-0.7958
1.74108
0.26777
-0.4433
-2.03403
1.31219
-1.04202
-2.36671
0.10949
-0.4131
-0.7497
-2.86967
-0.95337
-0.83483
5.89668
1.43092
-0.6849
4.2363
-0.19643
-1.74694
-0.22678
2.38943
1.27349
-3.12138
0.05729
-4.2984
0.07997
-0.3913
-3.24346
1.57072
0.91518
-1.7516
-1.7516
-0.1646
0.9452
0.6321
2.54674
3.5494
-1.83802
-4.5294
-1.3954
-0.0574
-0.81025
0.4165
-0.9353
-0.08269
0.70107
0.4843
1.08004
1.2503
-1.63732
-1.19
1.9627
1.8804
0.96151
0.75495
2.2277
-2.66363
-1.7516
-2.50052
-1.65963
-3.18
-3.4021
-12.13162
-2.94421
-1.1421
-3.275
-3.20665
-4.21397
-4.21052
-0.02359
3.69465
-1.36921
0.97797
-2.0269
-0.55165
0.8979
1.4849
-1.3766
-0.55034
0.67394
-0.27126
2.21136
1.93359
0.64945
2.107
-2.4872
-0.15038
-1.3087
2.53686
NA
1.5118
-2.883
2.0444
-2.8957
3.6119
0.0683
-4.3838
1.65119
-2.52253
-0.7787
-0.7559
-1.64375
2.685
-1.73594
-2.32457
-0.17522
-3.0207
-1.6057
3.34585
0.7035
-5.44771
2.83789
3.19331
0.06297
-2.03484
-1.7128
-3.05472
-1.89355
0.5438
1.92755
-4.9773
-5.7887
-4.8916
-4.32345
-1.79382
-1.6534
-0.2368
1.64
0.16555
-0.86841
4.34
0.11336
-0.29928
0.5786
-0.0817
1.44308
2.1827
-0.6532
0.47037
1.1303
-0.0573
1.96
-0.01078
0.3135
2.5167
-1.12482
-2.06786
1.01138
-0.4103
0.01217
-3.3883
1.59408
-0.96191
1.9449
-0.28478
-0.02793
2.7943
2.39636
-0.144
-2.70356
-0.8557
-3.51275
1.14068
NA
2.6987
0.4317
2.4791
-0.61561
-4.4848
0.136
0.9341
0.00696
0.12034
0.60859
-1.55649
0.21699
NA
-4.0888
-2.46337
NA
-0.79555
-4.6007
-1.97071
-1.29185
0.9113
2.35536
-0.375
1.68776
1.13138
-0.77702
2.56662
-0.73553
-0.25488
1.9826
1.28532
-7.67582
-3.048
-1.44151
0.06946
-2.31785
0.74307
-0.13002
-0.245
0.6617
0.55886
-0.61289
0.6982
-0.0434
0.22686
0.56082
-0.20432
-0.79774
0.996
0.86664
-1.89709
1.64399
1.32714
3.79407
1.4614
6.0746
-2.94299
4.5077
3.92395
0.35877
2.3621
-4.59866
-1.7244
-4.6884
-0.25789
-0.5099
0.42329
-1.9688
-1.0557
0.97074
0.24622
0.1733
2.5363
0.4497
1.79874
-1.8057
0.0464
-2.25999
-1.2688
1.0042
0.69688
-0.04671
1.5163
-1.26836
-4.32102
-0.7151
-1.0318
0.97468
1.0042
-0.22617
0.00171
0.82281
4.2595
-1.96383
0.87882
-2.19818
-0.83737
1.2289
-2.96058
0.481
1.5925
1.8308
-1.15
4.846
2.13282
-2.46421
0.67929
1.39693
0.05859
1.81896
0.96739
0.06467
-0.09558
1.31495
-1.6673
1.4417
1.99737
0.7227
2.20015
3.611
7.451
-0.35914
1.40284
-3.6694
-1.9707
-0.31308
1.48177
1.4053
-0.19611
-0.185
0.28084
0.66599
0.1953
0.8798
-0.268
0.2792
3.27446
-3.09891
-0.3845
1.4053
1.27342
-6.3217
0.15436
1.15834
-0.5075
0.76821
0.73589
4.3037
0.0177
-0.72987
0.45109
-0.0181
4.922
-0.51055
-0.51916
-1.52892
-0.5337
-2.01507
1.55256
1.10028
4.2185
-1.81491
-0.75454
1.5115
0.3477
1.527
2.28871
0.254
0.50582
2.91322
-0.17148
-0.27224
1.00642
0.78864
0.8509
-0.81331
1.05882
-0.55389
-0.8229
4.2964
1.3737
0.0769
-0.0117
3.33246
-0.7082
3.0629
2.4733
-0.14002
-0.95766
-1.2583
-1.2417
2.25308
-0.7408
-6.4622
1.6824
-0.1657
-1.08897
-0.59393
-0.377
1.0019
0.50996
-1.33607
-0.11092
2.2083
-1.3681
1.86146
2.39691
0.103
1.13245
1.9211
0.2844
0.30258
1.41918
1.0544
0.07448
-3.9962
1.06129
0.70418
-3.4593
0.0039
-2.21969
0.21787
-12.1612
-0.0318
-0.60186
-1.6993
1.52544
-1.3857
-0.181
2.3866
1.6993
1.35841
1.65753
0.262
2.2755
5.43494
-0.8348
-0.3621
1.9279
0.3645
-1.0327
-2.0527
1.1802
0.05719
3.69273
0.14316
-0.64884
0.5923
0.8687
-0.97229
-5.3393
-1.52182
0.52312
0.25817
2.45327
1.27309
3.97758
-0.0504
-1.92088
-1.97064
0.98401
0.731
-0.5852
2.28591
-2.39566
0.2674
-3.05636
-1.74715
-0.08479
-0.36878
1.2253
-0.50769
11.30542
0.71268
-0.5804
3.3427
2.13135
-0.1396
-3.65528
1.57596
-1.4378
0.695
-0.39549
0.69724
3.9453
1.6126
1.6296
3.509
-1.5406
5.1297
-1.5288
-1.7767
-0.24087
-5.38417
-1.81923
-0.8945
0.10068
1.98698
1.50713
-0.8435
-2.3218
0.50033
-0.86845
0.5862
-1.98203
-1.88105
-2.2248
-0.2698
1.4532
-3.2413
-1.1617
6.3702
-3.518
4.11562
7.7515
1.78365
-1.43615
0.6993
2.24978
2.0896
0.78673
-7.8202
-2.21347
3.16718
0.00178
1.4362
0.04738
0.6984
0.26072
-0.77189
-1.7954
-0.68526
-0.04945
2.33158
-0.279
0.6492
-0.6994
0.84767
2.22189
5.1654
1.09378
0.7611
3.8428
-0.24328
-0.58558
-2.1119
0.85457
-2.4607
1.8895
1.15499
1.82652
NA
1.22168
0.50766
1.21044
2.24124
-2.24949
-0.4287
2.95058
-0.18931
0.1702
-4.0315
1.1748
-1.74546
2.94923
0.0242
-1.21627
-1.9056
-0.86195
-0.0125
1.36027
-1.15
-1.6814
-2.95398
2.3494
1.15008
-0.22918
-1.55465
-0.355
-2.9995
14.3681
-1.0123
-0.7695
1.8641
1.54
-0.44215
-0.60973
0.41
0.1702
-0.19994
0.68
-0.964
-0.3441
0.18092
-0.22872
-0.7695
-3.92782
1.1904
1.841
2.20721
-1.0664
-1.20314
NA
-2.2485
-2.6795
1.4073
-1.17227
-0.6315
-1.52247
-0.3301
0.25183
0.639
-0.8476
-1.52201
-1.12969
-1.529
3.82696
0.1557
-4.75986
-0.49917
0.63596
-2.8429
3.26638
1.8118
-3.33493
NA
-0.5539
-0.4688
2.5475
0.77683
-1.27882
1.1506
-2.9701
-0.3605
-5.0956
0.8721
-2.1954
-1.80723
-0.06571
0.80294
-1.55613
-0.0869
1.4767
2.7804
1.23395
0.9253
-0.6156
NA
NA
2.81667
1.12231
-0.20618
-0.9175
0.5168
0.4523
-1.48077
-0.5128
-2.2784
0.2037
0.4188
-2.54879
1.84769
-1.4289
1.68
4.496
-1.7014
-0.84705
-1.43
-0.7552
-2.6016
-0.4098
NA
1.82202
NA
-1.57899
-1.1021
0.63694
NA
-0.72135
-4.91951
0.63543
-0.14756
2.6
2.2668
0.4021
1.7972
-0.833
0.9919
-0.657
-1.48978
0.68922
0.41033
0.307
0.36095
-3.7278
-0.039
-0.48658
0.05659
-0.55014
-1.4825
-0.35684
1.56186
2.63
-1.30336
1.52883
1.65
0.26349
-0.24753
4.1704
-0.46842
-2.9554
-1.5
-0.36851
-1.87642
0.20168
NA
1.6732
-3.5491
2.34944
-2.54757
-4.4189
5.92665
0.47065
1.74459
-1.84
2.94
-0.89596
0.0918
-1.21099
1.1
-1.3407
-3.24
0.53844
0.29291
-3.00834
0.70705
0.52755
2.19934
0.20783
0.04322
-0.27131
2.9078
-7.04376
0.40474
0.363
0.43821
-0.4047
-0.33411
0.76355
1.6821
2.45
0.91274
-0.1349
-2.00119
-3.81943
1.97335
-3.12233
-0.00209
0.598
-0.4266
0.91
0.96672
-0.9036
-0.6025
0.16113
1.21188
0.76139
-0.0881
-2.3565
0.721
-1.05
-0.395
-1.4553
0.30436
-1.52275
-1.55408
0.272
-0.82624
0.703
0.5022
1.72
1.0058
1.08
NA
0.992
-0.76371
2.99602
0.56531
0.68332
-0.4461
-1.6206
-2.0256
0.351
2.08511
0.17318
2.55
1.89446
1.44
-0.03318
5.69204
2.24006
0.03845
-1.7605
1.6567
-1.5896
-1.0536
-3.0627
-0.1762
-0.78408
0.1744
-0.0424
6.4074
-0.4207
-4.567
-0.71403
0.0018
-5.50446
-2.75587
2.1837
-0.57097
-0.9965
0.10332
1.27263
0.04522
0.139
-0.6121
1.56071
-0.87761
-1.833841
-1.9621
-3.4594
4.202
-0.20903
-0.6636
1.6784
-0.16851
2.9576
-1.065
-1.32135
-0.00622
-2.70253
-0.8825
-0.8011
2.3397
-2.07046
0.36651
-1.6141
-1.9228
NA
0.73845
0.56719
-0.2591
-0.12349
1.8313
-4.4827
1.39983
1.11963
-2.5018
0.69658
-1.3987
-6.5602
-1.1233
3.3
-0.47898
0.6149
0.6627
-0.39556
0.7289
0.7902
-1.2755
4.567
-2.5308
0.5804
-3.36309
-1.6494
-1.26848
1.2193
2.875
-1.55707
4.6877
-2.73419
1.1557
-0.0438
2.0936
-2.4257
1.6186
-1.8539
-0.2301
2.49251
-0.1614
-2.2703
-0.85766
3.3455
-2.7509
-0.01506
4.0323
0.0682
2.48299
-0.8648
-1.03672
0.1418
1.4037
2.23339
-3.3413
0.4359
3.4454
0.4359
0.5532
3.1695
1.4676
-0.89124
-6.8319
-3.5503
1.81599
-1.51346
4.3349
3.94768
1.9228
0.05188
-5.45706
0.4743
-0.01239
0.658
-2.76573
-6.7424
-3.651
-0.20201
3.17229
-0.62294
-1.16809
2.9592
1.5428
1.58639
2.4046
1.31176
3.49784
-5.122
3.10127
-2.8514
0.5139
0.10194
-2.20301
0.36744
3.53196
-3.10483
0.291
0.2035
-0.56361
0.2838
2.25561
-0.122
3.99653
0.4442
1.919
0.7022
NA
1.0893
NA
-2.70561
0.82521
0.9976
-3.8968
-0.16644
-0.49395
-0.15526
-0.94012
-0.5912
-0.1839
2.0653
-0.98151
-1.909
-0.0667
-0.9987
0.0975
-0.9833
1.46757
-0.34768
0.07287
-1.01196
-1.91055
-8.0754
-1.9751
-2.0983
6.51734
-1.40137
0.776
-2.88925
-0.3164
0.45216
-0.40513
-1.32193
-3.95078
-2.55
1.5708
-4.4194
1.4888
2.28335
0.2306
1.5201
-1.18173
0.33089
-1.23078
4.0198
1.8565
-2.3592
-2.419
2.39739
2.757
-1.8651
-0.8025
3.35736
0.667
-3.3658
0.6716
0.1841
1.73686
-1.79025
-1.68
1.3553
0.3848
-2.41259
3.73257
-0.58487
-2.7655
0.22197
-0.05586
-1.4542
-2.9983
1.72151
-0.896
-0.39411
1.83984
3.32
0.03533
0.94235
1.4509
-1.15389
-1.28066
0.6052
4.04959
-0.5964
-4.6193
-1.81
-3.22214
-0.0324
-2.30723
-2.1574
-0.1389
3.97673
1.11783
3.52
-3.9605
-0.7495
-0.0147
0.60696
1.09308
1.8672
0.57194
0.2715
4.12191
0.83986
2.8331
0.4242
-1.67894
0.34605
0.94169
13.31267
1.0594
1.2254
-0.05472
0.68709
0.46937
0.5005
0.13378
13.36174
0.83
0.8987
0.09169
0.947
-2.83685
1.07352
-0.4165
1.8385
0.6916
0.6295
-2.13721
-1.02946
0.9577
-1.4582
0.6279
2.166
-0.74498
-0.04691
-0.0297
0.13351
-2.08747
-4.3383
-1.63651
9.1937
3.61394
-1.1847
-0.896
-1.3387
-1.49249
-1.37687
-1.5322
0.03557
-2.20745
0.95712
-0.23236
2.1006
-1.16279
-4.23051
1.62878
-1.43334
-2.62454
1.6707
1.27891
1.24093
3.0808
-4.7632
0.9793
-1.4844
-0.40033
NA
-0.78629
NA
-0.2757
-1.60981
2.43221
-0.00532
0.62663
-0.76551
0.3133
-0.7196
0.5101
-2.1881
-0.8187
0.8684
-0.3629
-1.1443
0.14216
0.67024
0.08256
1.73464
-0.69943
-0.65555
0.9313
0.82894
-1.1175
0.46633
-0.33782
-0.31467
1.1081
-0.52947
1.6252
0.65877
-0.36533
-0.2518
1.04924
0.0226
0.5273
0.56833
0.7062
-2.853424
1.3985
1.54207
2.24465
-2.0653
4.17726
0.9122
1.88
-0.9048
0.8692
0.795
-1.24
-0.02595
2.07
-1.49956
2.168
1.62142
NA
1.94
-3.32044
-3.72392
-1.3532
2.3871
3.20863
-0.6637
-8.22651
-3.4355
-0.502596
0.7489
0.038
0.2854
-1.2964
2.04786
1.2509
-1.0259
2.11
-1.48921
4.1082
0.85208
-1.50534
0.4516
-2.13413
1.4114
1.0699
0.0319
0.66733
-4.31839
0.6339
2.54278
0.27521
-0.69425
6.2091
0.74741
2.15095
1.02341
0.92708
0.5097
4.21294
-0.1537
0.81182
