0.1224
0.32862
1.8956
0.8328
2.09921
3.93497
3.4319
-1.61525
-7.6447
0.45096
-0.4798
-2.588
-2.9187
0.74149
-1.8779
-1.82985
1.6493
0.5173
-1.1963
0.1475
7.9529
-1.59359
-0.60147
1.46158
0.79359
-0.745
0.1112
-2.37449
-1.13752
-2.77419
2.1023
2.2087
0.09459
-1.6902
1.72938
0.282
-0.00561
-0.42147
0.6264
1.6502
-2.10488
0.7224
-0.95047
0.0711
-0.9574
-1.58449
2.0522
0.00919
-0.23235
-0.05468
1.6418
-0.59648
1.043
1.34152
2.3177
-0.41492
2.6127
-0.19931
0.99065
0.9028
-2.0648
-0.68744
-0.6443
-1.5625
-0.7487
-1.488
0.93061
1.3292
1.7232
-0.8277
-4.0675
0.15384
0.7696
0.6398
1.61017
-0.4416
-1.1811
NA
3.054
1.09804
-0.79795
-7.0295
1.8684
0.52113
-6.6748
3.3582
0.15529
-3.00675
0.38764
1.207
3.01923
4.95
2.2372
-1.9816
-0.5609
0.3601
-0.2229
1.14013
-0.79793
-0.3414
-0.7292
1.9775
1.43891
1.63506
-0.7892
3.3304
0.344
0.7672
-1.10553
2.3946
-0.4125
-0.2213
0.67845
1.6762
-2.32576
-0.5504
-2.30606
-1.67381
-0.07717
0.3312
-2.13781
1.20138
-6.1727
1.38293
0.2631
-2.13855
0.72469
-4.34557
-2.3556
0.668
-0.39411
2.10353
-3.3483
3.7884
-0.3653
2.89043
-0.72426
1.60936
-10.87815
-1.3782
2.5989
3.24861
-4.17
2.28443
NA
0.0992
3.2534
-4.1978
1.27648
-0.2924
2.2761
-0.88226
7.3902
NA
-1.22557
0.4754
-1.3453
0.66219
-5.0796
1.35238
2.23
3.7103
0.9701
1.40324
0.07915
-3.48
-0.3962
0.74219
-1.12081
3.01996
-6.6292
-1.3365
2.2102
-1.2058
-0.30097
0.1272
-0.2045
1.3566
-6.9963
0.84057
-0.55366
1.6522
1.0668
1.88946
-3.56217
0.5776
-1.29536
-2.640914
1.14432
1.8526
-0.6867
0.9312
1.7781
-1.602
-0.8738
0.02689
-0.761
-1.46608
0.823
3.5698
2.3134
-0.89
-2.63879
0.11181
2.4591
-0.74281
1.0483
-1.6907
1.24627
-2.29119
-0.782
1.58498
0.69399
-2.12752
-0.2464
0.1871
-1.8264
-2.76197
-2.54868
-1.8208
-1.82084
0.0486
1.90975
-1.191
1.44
0.09305
2.0216
-0.31825
-1.12705
-3.8283
-3.7827
-0.56903
-1.2365
4.73056
2.0734
-0.7323
-2.74473
2.43
0.7757
-3.31274
0.0505
-0.60161
3.26
-1.51991
0.9128
1.0473
1.4488
1.5683
1.2961
-2.4617
0.9649
0.908
-0.3352
0.566
0.342
5.3816
-1.25901
1.70987
4.54862
0.1056
1.14022
4.0765
-0.94418
0.048
-0.74347
-12.4523
-2.47038
0.7083
2.15126
2.10696
-0.00761
-3.44518
-1.54068
1.14282
8.92774
-3.4184
-2.3274
1.5905
-0.0122
-3.3301
-8.5843
3.72496
-3.4931
-6.10117
1.81505
0.879
2.73008
-0.09861
-1.2685
0.102
0.3572
-0.51065
-0.5597
1.67106
-0.57559
0.9609
NA
2.7369
-1.2415
-3.1349
-2.33026
-0.122409
-2.03444
-0.1085
0.7204
-2.26171
-2.858333
-0.8703
-0.4203
3.31355
0.76177
-0.5762
-2.6571
-1.1918
1.9609
1.860174
0.79704
0.57802
3.32545
-0.5839
-0.6579
2.3214
0.11013
0.00476
0.585498
0.306067
-0.577276
0.7496
-0.50734
-0.02745
1.4924
-1.3859
-0.004
2.1173
-0.35774
-2.2224
1.3395
0.0641
-0.2831
0.67389
1.18634
-1.7641
5.5452
-1.8417
-0.6083
-0.93309
-4.3383
-2.55331
1.4233
0.5586
0.19543
5.38365
-0.5427
-2.5204
0.2292
0.5551
-1.0042
-8.76821
5.83273
-0.40544
1.8109
0.9487
-0.5897
0.1602
0.5668
0.2412
-0.3166
-1.3641
0.3802
-1.9265
0.797927
-2.2477
1.1726
1.966681
-2.83792
-1.576
-2.37567
1.915
4.04353
-1.95855
-2.77612
-1.0681
-0.4294
1.11842
-1.6941
-1.07218
-1.11509
-1.96
1.55807
-2.28292
1.64444
0.92056
-2.1822
0.26232
-3.66157
2.89268
3.83
-2.8323
-2.17578
4.08
1.01441
-8.24
0.40308
1.6489
-3.94147
0.65406
-0.5572
-1.49793
2.1122
1.7468
3.75144
-2.05968
0.24915
2.0068
1.1419
-1.34636
0.1571
1.35394
2.24007
0.21369
0.1813
2.4447
-1.2078
1.9457
-2.5977
0.8734
0.77195
0.869
4.5604
3.14631
-0.54446
NA
NA
-0.3565
-1.7168
-4.106
0.10786
0.0628
0.1618
-1.5505
-0.46079
2.7201
-0.3018
1.078
-2.0525
-1.13963
-0.26452
-0.71184
-0.4658
-0.3757
-4.87167
-2.43447
-1.2469
0.6401
-2.3583
-0.2827
-1.5412
0.45614
1.9439
2.3229
0.75422
-1.8579
2.1296
-1.80824
-2.3209
1.5268
0.5727
0.50209
0.1226
1.05595
-0.3484
0.5368
0.35421
-1.147
0.9053
0.53933
2.1283
-0.99875
4.88673
1.20273
1.1821
-1.4209
-2.0312
5.8513
1.3271
0.19872
2.28391
3.3109
0.1621
-4.52876
2.2615
3.81448
-2.06409
-0.35281
2.58336
0.49986
-1.64111
6.0132
-3.118
-0.8307
-0.52734
1.18096
4.0689
-0.3027
0.6723
-1.23358
-0.4028
-1.055
0.0418
1.0025
-0.2757
-0.2961
5.67028
-2.0447
4.0417
5.1537
1.60887
-8.3212
-1.2571
-0.3287
-0.2847
0.3409
0.3173
-1.9282
3.2595
13.29564
-1.8518
1.2684
0.15421
0.9172
-2.6885
-0.8135
-3.40885
-2.2876
-1.99638
0.13912
0.6708
6.5224
1.9668
0.68
0.9144
2.4595
-0.062
-3.462
0.83089
-0.4338
-0.66419
4.1598
-0.49895
-3.9538
-1.17839
1.40893
-0.3012
0.6983
1.21051
1.9035
-0.9581
6.61563
2.25501
1.332
2.2106
-2.63469
4.7635
1.67515
-4.08904
-0.099
-2.4169
-0.1224
-0.9725
-2.37055
-2.585
0.1994
5.651
-2.81815
-0.4575
-1.2714
2.297
0.4157
-2.87
-1.1215
-1.8033
0.9485
1.97427
-0.1889
-0.5898
3.1517
1.7895
0.4125
-1.7323
0.2427
-0.39969
-0.17992
-0.02928
-0.2014
-2.46067
1.0603
-1.3449
-2.40984
-3.16
0.963
-2.76817
NA
-1.13013
-0.2706
-5.36066
-0.1263
0.16677
-0.139
14.2
1.50284
-0.06583
-0.85568
6.31234
3.31059
0.93
-3.71156
0.2461
-0.80508
-4.73402
1.549
2.6518
3.7035
2.85
4.0082
-0.6681
1.5412
2.4594
-3.7713
-1.188
1.6858
3.0607
3.9204
-1.2921
-2.8861
-4.0795
2.8398
3.8444
-2.3443
-3.4469
0.7429
-0.8562
-1.3406
-2.626
0.0485
-2.8748
3.0991
1.7178
1.2211
-0.9647
2.0939
0.2143
-0.3418
-0.9758
-0.136
0.7167
-1.1462
0.4903
-2.2245
0.839
2.0823
5.4824
-2.5532
0.7306
-0.6044
-1.2264
-1.8951
2.7356
2.5445
-3.9844
-4.9306
-4.1591
-3.1367
-2.1688
7.8676
1.0481
-2.8422
-2.9059
0.5218
-0.5325
4.963
2.2286
-1.0859
-0.0406
-0.8799
1.3263
3.8934
-2.5416
2.1865
2.19
-7.2321
-8.6314
-1.3576
-2.1571
1.7617
-0.1755
-0.395
2.2589
2.2315
3.2752
1.5395
-0.4289
1.7795
0.7151
-0.0165
-0.7339
0.0349
1.6813
-1.8731
-1.2265
0.6616
-0.3231
0.1114
-1.8659
-0.3971
1.6461
-1.5314
1.54407
3.5821
1.2531
1.1467
-2.6406
0.7004
-10.8478
-0.5797
-0.2355
-2.4427
-2.0462
0.4285
-3.852
-0.4888
0.368
4.4208
1.5427
-2.0945
0.3718
1.0192
-2.5721
-1.3089
2.1944
-2.3945
-1.1306
1.5168
-0.7874
0.7427
-1.713
-0.0651
0.5157
0.4403
0.3394
-1.1705
-0.1962
0.7123
-1.3816
2.2905
-4.0508
5.0364
-2.6244
-0.5338
-1.966
3.3094
1.3686
0.3726
-1.694
1.026
2.7705
1.1606
-2.0134
0.4252
1.7519
-0.1992
0.7028
0.5854
-0.5655
-1.4867
1.4805
0.2121
-1.3019
0.7554
-2.0032
-0.9673
-2.9165
0.5422
0.3841
-0.5488
-0.2016
7.4057
-3.4957
0.8313
0.4479
-1.3931
-1.0033
-2.57655
-6.86857
0.05313
-0.2015
0.12729
0.87782
-4.50514
0.68117
-0.32644
-0.1961
-0.35614
1.08355
3.81176
-2.19804
-0.77096
-1.01399
3.03833
-1.2847
-0.50977
1.35334
0.9266
-0.58477
0.6065
1.1062
0.92513
-0.68012
0.78433
0.06088
-2.4949
-0.03151
-2.25565
0.62295
-1.5469
-0.1852
-5.55449
5.34623
-0.85298
3.7621
-3.60141
1.49018
0.34472
-4.16454
-0.5075
2.5726
-2.4889
-2.4338
-5.559901
2.359419
4.913125
-0.680023
1.416318
-1.2727
0.26227
0.7984
-2.097193
0.401715
-1.752
-1.18875
2.08037
-0.90987
3.2648
-0.61766
1.05505
0.99623
1.9039
3.85167
0.5539
4.22893
0.64603
1.61271
-1.13179
-1.34593
0.614
3.1916
2.71913
0.94283
0.27605
-0.93848
0.7493
-1.1091
-0.3652
1.6126
1.51716
-1.6248
-0.0348
-0.54095
-4.9294
1.44671
4.3356
2.3737
-4.4246
-0.42862
-0.02594
1.2927
1.06758
1.5761
1.9994
0.33918
23.33829
1.09447
1.03333
0.60673
0.26132
3.1884
-1.21266
-0.23888
2.29376
0.2775
-3.62166
0.959
0.04845
-1.124
-2.3457
-2.10279
-2.34106
-0.2474
-1.11187
1.2339
1.99648
-0.3049
-13.5131
0.78525
2.90429
0.851
3.8839
-0.13934
-1.2052
1.99153
-2.1881
-1.2025
1.45674
-4.06203
-0.84825
-0.9141
3.7664
1.9626
2.45075
-3.6662
-2.6704
-0.57478
-2.645
-1.18696
-2.01097
-3.46485
0.55318
-0.13331
8.5248
-0.35761
0.67677
-0.01434
0.52674
-2.24137
3.0604
-0.98179
-1.2783
1.72405
2.09
-1.66863
3.90503
1.06265
0.3336
1.86479
2.06937
-0.05813
-2.30253
-2.69112
-1.07488
0.75216
0.22819
-2.51546
4.167
-0.7307
-3.52757
-1.11194
-2.9801
-1.08106
-0.4703
-1.34194
-0.37189
3.14729
0.54277
-1.6114
-2.02649
-0.89698
-0.1446
8.399
0.04712
-4.2087
1.51709
-1.2701
1.61002
-0.92088
1.69613
0.19877
0.9828
-2.79081
0.33004
-2.4609
9.4243
4.07156
2.83386
-4.02599
4.74248
-0.63789
1.6552
-2.0727
-3.5183
-1.06811
6.4652
-0.81819
-2.9029
4.3026
-7.29
-0.878
0.414
-2.72
-2.42
1.01
-2.48
1.7
-4.37
-0.55
0.774
3.05
4.72
1.65
2.29
-1.18
-1.32
-1.67
0.775
-1.32
0.161
-2.46
0.186
1.34
-1.47
-0.5222
-2.45
3.2688
-5.0078
6.7707
0.1476
-0.054
2.2552
-0.8318
0.7
-0.7978
0.8914
0.373
-2.9787
2.2473
0.8641
6.0703
-6.5191
-4.4454
-0.7847
-2.2658
5.3652
-9.265
-5.1943
4.3593
0.0468
4.4482
3.7306
0.0716
3.9877
-2.6568
0.7232
0.9152
-6.0237
6.0502
-2.9943
3.2576
6.2913
1.5243
-1.2764
-1.3831
2.0439
2.645
2.7661
2.1486
0.6625
-5.2669
1.4223
-0.72
-0.9033
0.2997
-1.7219
-1.2864
1.7548
0.6115
-1.0109
1.6435
-0.463
-1.2196
-0.6092
-0.9254
-1.995
-0.3555
-2.2288
0.758
-2.1808
-0.3857
0.851
0.1305
-0.2181
1.1387
-2.0806
-1.1995
0.4287
0.1197
1.0674
-1.7814
-0.4963
9.4944
1.28817
-2.1696
4.13408
-2.372
-0.1192
3.06744
2.34897
-0.49414
-0.19306
2.31344
0.13062
0.4258
1.94302
9.1873
0.99722
1.09886
-1.14775
-0.55575
-5.0582
-1.3176
0.24641
2.11339
-0.12621
-2.65281
1.72941
-0.7277
1.6497
-0.0273
-0.3423
1.86324
1.10024
7.99676
1.7673
-0.99639
-3.5359
-2.69666
-2.8812
-2.41882
-1.44152
0.12868
0.16477
2.64183
2.3336
0.1279
-0.49422
-7.82581
-0.7294
-1.07223
13.3526
-9.0121
-1.7849
8.17745
3.13996
3.0371
0.65188
2.1889
1.4875
1.0826
2.7395
1.4652
0.3694
-1.2718
-0.39025
1.13287
-1.1811
-0.19424
-0.45745
-1.24089
-1.02258
1.72068
3.0517
-0.18538
-1.6684
NA
NA
-0.9183
0.9183
0.8074
2.8655
-0.1076
-1.09458
0.1982
2.00255
0.8223
-0.0343
3.8577
0.26029
-2.0979
-0.25622
-1.07339
-3.07271
-2.63682
-0.12543
-1.01838
NA
-0.1927
-1.03112
NA
NA
0.6997
10.14077
NA
1.4783
-0.4139
1.494
0.5411
1.98924
NA
0.5665
2.89915
-1.91162
-0.1754
-0.4303
1.06392
0.3041
-1.3643
-0.7137
-0.88442
1.8824
2.6572
NA
1.34394
-0.45065
-2.70161
-2.2005
NA
-0.9496
-0.68379
1.54131
3.24279
2.43786
1.74476
0.3059
-0.6425
-0.4112
-0.88067
0.38702
-1.86027
0.17342
1.2494
1.68477
1.16474
-0.4827
-1.69299
-0.2365
-1.4345
-2.23986
3.1135
-0.93197
0.5369
1.3713
1.3523
1.09093
-1.4008
-0.03108
-1.3672
-1.66909
2.04002
-2.08889
-0.7143
0.6442
-0.73917
1.6213
-0.20008
2.21988
-1.3108
3.37674
-0.6012
-0.58882
1.7421
0.33304
-1.60663
1.8284
-2.08513
0.6517
-1.11162
1.71486
-1.52739
-2.0391
-1.99007
-1.52743
-1.77175
-0.58017
1.2694
0.85047
-4.2432
-0.6532
-1.71819
2.11931
1.7268
1.3219
0.72798
-1.45497
-1.52928
-2.72891
-0.18579
-0.67062
3.07353
-1.5798
-1.03883
2.01244
6.0458
0.41345
-7.48025
1.54719
-0.04577
0.6616
1.07915
4.8995
13.57949
-10.45695
4.56952
4.3646
2.5735
-2.65142
0.5546
-1.0003
-1.17924
4.69041
0.1028
0.90727
0.41959
0.10307
3.00372
2.33062
-0.47927
0.54145
-5.1715
0.30648
1.04885
2.7936
0.76188
0.9179
-1.855
0.87539
-1.7546
1.23932
0.82602
0.0376
0.649
1.529
0.2493
4.68822
3.48287
1.36999
-0.68735
0.53871
-0.26591
-1.20011
-0.59472
0.06058
0.32521
2.03623
1.05382
0.0627
1.74405
-0.80756
2.5869
0.5504
-1.22496
0.8285
3.1287
-0.3596
0.48027
-0.34792
-1.6252
1.4069
-1.2292
0.10126
-1.04733
-2.79067
-4.01596
2.49735
3.4123
0.84354
-1.3829
-0.8189
-0.37392
-2.4059
-1.73401
-1.81843
2.1542
2.3227
1.5634
-0.43407
0.64687
-1.2522
0.93987
-0.69369
-0.02208
4.0285
-1.9576
-0.1246
0.61724
1.8099
1.90093
1.7213
-0.27208
-2.91273
0.1087
0.9972
0.7765
-0.76185
0.24156
-0.12
2.8989
0.12484
1.29267
2.0671
-3.34103
0.64681
0.02316
-1.23768
-0.3461
0.55525
-0.50845
-3.23134
0.78049
-0.02035
1.45666
-1.26039
1.1862
-3.51876
0.75565
0.6564
0.1217
1.19804
6.64436
-0.3128
0.311
0.80411
0.5012
-0.665638
1.36582
0.3636
-0.5873
-2.52626
-0.799
0.1774
4.6744
-2.1075
0.1249
-3.58983
-4.54276
-1.34133
2.8327
-0.73423
0.6565
10.04516
-3.93706
-0.59852
2.4689
-0.3893
-2.9321
-4.25268
2.2201
1.0467
0.2749
-0.12197
-0.13965
4.28387
-0.3013
-0.65089
1.3214
-2.30478
0.2507
0.20881
0.45552
2.04224
-0.94311
0.85286
-4.70585
-1.31277
0.7767
-1.7295
1.9912
1.34718
-1.99268
5.1901
1.2206
-0.46239
0.7882
-0.27971
-0.97306
0.8223
0.9459
1.3251
-0.341
0.5868
1.905
0.618
-1.1094
0.86
-0.8907
-0.6976
0.0916
-2.1238
-0.2255
0.1167
-12.28888
-2.24646
-0.94021
-3.6355
-0.64444
-1.74034
2.75
-0.276
-0.0178
-3.59
-5.3
0.544
0.636
4.37
-3.9927
-4.4431
-4.2211
-0.07144
-0.41906
-2.3651
-1.2708
3.32898
1.3937
1.32604
-2.72
3.0415
2.5596
-1.49353
-0.2615
2.34005
0.787
1.89
1.3554
-0.45196
0.1195
2.9548
0.9067
1.1589
2.31107
0.4424
-0.96756
-0.5533
-1.85542
0.35002
0.0205
-0.87278
2.32803
-3.6862
0.6831
-0.7222
-1.7505
-2.6071
1.4525
0.71687
0.30719
2.87981
-1.2827
-0.57145
3.3389
1.0094
-0.447
-0.1294
0.81481
5.78314
-0.1835
-2.45267
-6.39382
0.3728
0.1819
-1.32988
-4.2437
0.65035
0.4572
-1.6074
1.03165
-0.879
-0.793
1.3
0.3787
2.06971
0.3833
-2.27643
0.51006
-0.28619
-1.5803
-0.80813
0.7444
4.78905
0.75378
2.0103
-0.15732
0.73126
-1.434
-1.42388
1.89246
-2.48234
0.25595
0.313
1.24
2.12
-3.34467
1.7206
2.22157
2.57024
-1.4514
-0.3937
8.1938
-0.2099
-1.1313
0.87982
-0.5386
5.6243
-3.1215
3.56887
1.9677
-6.27449
-4.34374
2.9097
1.278
0.58162
-0.6158
-0.8251
1.1885
-0.03233
1.28662
4.2126
0.7453
1.1731
-3.74896
4.18808
2.3125
0.0427
1.6968
-1.8518
-0.5694
0.8123
-0.5442
0.9897
-0.5487
-1.3895
-1.7177
0.5373
1.4555
-0.6649
1.5254
1.1132
0.4902
0.1891
-0.70638
0.95296
-1.43875
-0.95849
1.5433
-0.4674
0.44741
NA
NA
NA
6.11717
NA
1.92808
NA
-1.3284
NA
-6.69753
1.24869
1.20739
3.32042
1.11791
1.9336
1.2373
0.00578
0.59689
0.43372
0.2972
0.02148
-0.93748
1.02059
-1.08661
-0.7956
-1.19421
-2.88399
-3.32102
0.81464
-0.5451
0.1535
1.6674
-0.5905
-2.9589
3.4925
2.8637
1.2757
0.1837
-0.9177
-3.9993
-0.1188
0.7429
1.0011
0.00448
-2.229
0.2817
6.92099
1.25406
-1.02222
-0.20603
0.8321
1.8117
-3.90058
-3.48253
-3.27131
1.2434
1.1313
1.3516
-0.7128
-1.9169
-0.242
2.538
-2.2566
-1.4226
-1.1902
-0.421
-0.5286
0.3567
1.65812
-5.5166
2.7419
-0.3038
-0.0709
-0.82618
-4.6515
8.8927
-2.944
0.7659
-2.43421
1.41806
-1.9929
1.69745
0.0646
-0.7934
-2.1536
5.1949
1.05823
1.0499
6.47859
1.2109
5.2937
-0.5443
-7.7179
3.3281
-3.4595
-0.80742
5.2268
-0.48634
0.9915
-0.0915
1.49265
1.0422
0.62663
-0.3266
-0.38266
2.3206
5.21353
-0.4869
-0.21099
1.091
-0.3424
0.36953
0.49618
1.32076
-0.43
0.4089
-1.36856
-0.04907
-1.43431
-6.3711
-3.90037
-0.4015
-0.22817
1.1144
0.83054
1.50077
0.1495
0.34643
-0.26821
-0.1534
-0.47762
-3.6161
-0.0599
-1.2506
-0.0737
-5.7834
1.9647
-2.3094
-0.0045
-1.054
-0.4224
0.4354
-0.5274
2.8139
-0.583955
-0.1828
-1.28026
-0.32574
1.24291
-0.61935
-1.22903
-2.11161
2.23673
2.46071
1.987
-3.36168
1.4881
1.3805
1.376262
-1.0808
-3.4124
-5.134727
-0.783333
1.297329
-3.6083
-0.618505
1.8359
-0.124533
1.6467
-3.31874
-0.59336
-4.0004
1.6459
-7.8855
-3.5574
-1.0047
-4.6391
-0.69797
1.73786
-0.7505
-1.1124
-2.2009
-0.379
2.2498
0.8313
1.5144
-0.71241
-1.0633
1.9201
-2.8832
0.3798
0.3798
-2.65011
0.83578
0.66226
1.29594
-1.6239
0.55861
-0.51125
2.53637
4.0566
-2.73241
-0.65393
-1.66535
-2.51891
0.51541
-0.88284
0.7123
3.13699
0.83408
1.5587
-0.2731
-0.2051
2.3464
-2.0188
-0.56
0.327
2.45715
1.75966
0.39979
0.5188
2.25252
1.956
0.866
1.12
-1.6176
-0.02894
-1.162
3.73632
-3.8637
-0.9321
2.61811
-0.10429
-2.02152
1.0813
-0.02817
-2.5376
0.60893
0.70535
0.46589
1.03499
0.61656
0.4257
-8.9645
0.8782
-3.92306
1.16838
1.6102
-3.5211
2.36369
1.3038
-1.12542
5.96123
-1.67606
-0.0523
-8.6038
-2.00172
0.67324
-0.1521
-1.47057
-1.21028
-2.3366
1.96544
-5.8133
1.37029
-0.90333
1.02081
-1.54042
0.1176
1.43818
1.26272
-0.68906
-0.21123
-2.81665
-1.78061
-0.50015
-3.1307
-1.9634
-0.65375
-2.1495
4.048
2.11551
-0.83156
2.5184
0.9099
0.43079
0.8419
0.06026
2.51545
-0.67594
-0.21
1.52219
2.4064
-1.6312
2.1648
3.1996
-0.3349
-0.2319
0.22759
1.55612
0.68225
-1.75225
-2.8885
-1.5861
-0.0696
-0.6854
0.38075
-0.44609
-6.55206
3.08553
5.5206
2.1351
0.58229
0.36469
-0.9247
-1.1004
-1.8512
1.4771
2.0854
-0.2012
-0.4943
-1.01166
3.3206
-0.0928
-2.3796
1.7286
3.6669
-1.7332
-0.4729
-1.47272
-1.7864
0.0919
-1.0209
-0.6999
-2.7134
-4.2939
0.5813
5.26883
-1.3808
0.64947
-0.308
1.35183
-0.57558
-2.2106
-1.00983
2.3047
-1.35232
-1.42408
-2.1003
0.183
1.5562
1.62815
1.91139
0.63821
-3.9585
0.0594
-0.8185
-1.0121
-0.38632
-0.49803
-1.1468
1.9511
0.2383
2.41659
-2.1939
0.5275
0.1287
2.2695
4.23375
1.956
2.10375
-0.18552
-1.34131
-0.0122
0.1307
1.0082
2.65872
-2.62136
-0.3088
-1.1223
-3.3768
-2.9689
-0.90601
0.24562
-1.8425
-0.057
-2.8573
-3.0645
0.0713
-2.26
-1.2932
-1.48931
-4.64814
9.50816
-2.17712
-0.8622
1.5609
-2.3409
-4.13171
3.07359
-0.0774
-2.0656
4.0602
-3.9881
1.7976
-0.1288
0.4074
0.7589
-0.4054
-1.3432
-0.59926
-2.0495
-5.25686
1.4621
2.85429
1.02597
0.3981
1.50052
1.01478
-3.54169
-0.2007
-0.16749
0.62111
-0.4722
-1.8628
2.29767
0.12046
0.35688
-0.706
-3.42104
0.66063
0.8841
-4.6213
-1.1057
1.35164
-0.2503
-0.49863
0.3027
-4.63019
0.5233
-2.2751
-0.76356
1.2012
-4.60646
-2.14847
-2.09683
-1.3472
0.32781
2.0247
-1.82559
1.5456
1.31921
-0.2477
-0.78233
0.84554
0.55333
0.13277
-1.0078
0.77411
-1.06904
0.44402
4.4908
-1.0582
-0.5403
-0.08467
-0.31561
1.27276
0.16632
-0.1076
3.07903
-0.0561
1.01699
2.15461
-1.03405
-0.0935
0.4145
-1.7273
-3.6786
-0.4875
0.7125
-3.7219
-0.65
-0.3675
2.0559
-3.96931
0.89185
-0.7255
-8.27092
-1.66011
-0.35545
-1.10365
0.17327
-2.997
-0.383886
-0.108651
1.170102
-0.6338
0.5335
0.1
0.3503
0.0528
-0.7391
1.3427
-0.28386
-3.2121
-0.60329
3.036
1.6281
0.7592
-0.66207
0.653
-0.2888
1.31495
-1.1044
1.55506
0.03565
0.63089
2.15454
-0.6936
0.59043
1.66443
-1.6247
-1.9189
1.43142
-1.8158
2.36821
2.4529
3.94731
3.35561
-1.8251
-1.30876
1.2511
3.1095
-2.82396
-1.92531
-0.57539
1.196
-0.2037
-3.1128
4.08644
-0.7734
0.7296
NA
-1.64525
0.8808
-0.18373
1.17173
1.88539
-4.23143
0.72424
-0.8532
NA
NA
NA
-2.53671
0.41148
NA
-1.6659
-3.0628
-0.5055
1.3808
-1.6791
-2.24529
1.58099
0.00572
-5.3552
0.34219
0.32964
0.0275
-1.5685
-2.3416
-0.33971
1.82243
0.35478
1.6285
-2.65725
3.50231
-2.1126
-0.74766
0.2793
0.938271
-1.44237
2.455488
2.099173
-3.248699
1.234319
2.155768
-1.72324
0.70255
-0.73557
-0.06621
0.13075
2.1471
-3.08984
0.5945
-1.4194
2.42308
-0.71775
-2.57906
-0.02919
-0.9889
-2.5161
1.802
0.80547
-4.4149
-7.29
1.4
-3.36
-0.155
-2.53
-3.03
0.428
-0.744
-3.66
2.48
-0.714
-0.715
0.928
-1.45119
0.335
-1.07
-2.35
0.944
-2.43282
-1.0724
0.74859
-1.43019
0.40599
2.5187
-1.20149
0.21101
2.69227
-2.3066
1.5913
-1.0325
3.92419
4.19304
-1.13645
0.1532
0.33471
-4.237175
0.407719
0.3043
-0.8506
-0.941306
-5.6493
-0.0229
-0.2229
-7.8277
1.3563
-0.6712
-1.6777
0.425
3.001
1.5671
2.5305
-0.8851
5.7905
2.3941
3.4033
-1.6001
-1.5667
2.1465
0.3239
-0.7061
-0.1675
-1.3664
-0.484
0.4396
-3.09752
0.14997
-3.8899
-4.96009
5.63856
2.35558
-1.1579
0.4178
-6.8489
-0.5783
1.42451
-0.90895
0.38137
-1.912
0.11514
-1.12743
-2.7748
-0.2956
1.028
5.29027
-0.8019
-4.6702
4.2666
-6.3863
-0.8153
0.49197
0.454
-6.0457
0.9777
-1.60629
3.26768
-0.0591
4.2502
0.005
-0.5984
-3.7977
0.523
-0.8389
-0.4899
2.5115
1.6274
1.8642
0.2597
2.0536
-0.5848
1.9134
-0.529764
0.615176
2.5585
-5.6746
-0.009733
2.826
-1.838183
2.97092
-0.349125
-2.670174
-4.3317
-2.301386
-3.249121
-1.674578
-6.311175
-0.888394
0.902615
-6.661309
1.519424
1.0802
0.48324
1.8828
1.376595
-0.9606
-1.1498
0.6561
16.724828
0.363348
-0.949926
2.95973
2.05078
0.52682
0.95733
-2.3942
-0.5473
1.14515
-1.7489
0.5302
-0.6438
4.1096
-2.81331
-2.84151
-0.23133
0.07756
-0.1557
-3.26687
0.6819
-0.08333
0.4011
1.1635
-3.1413
-4.136
0.47946
6.238
5.29183
4.2745
0
-0.194
-1.6406
-0.978
-2.0269
-1.8675
-1.7009
0.075
-0.6011
0.9325
0.1642
1.3581
-2.1423
-0.9089
-4.1589
0.3739
0.0913
-0.1211
-0.2283
1.9031
-0.2221
0.8509
1.7055
-1.7795
1.5479
0.0453
-1.616
-2.8209
-4.0244
-1.0945
-1.3235
-2.0988
-0.6896
0.188
0.2762
-1.0716
-3.1041
0.8901
-0.33217
1.6553
2.3379
1.5865
-2.49806
-0.1816
-2.57495
6.34842
3.07331
-1.4437
-1.9994
0.5721
1.4727
2.1032
-0.3872
-2.6314
-4.03345
0.2929
-0.44036
0.8732
1.23375
0.8209
-0.3593
-1.68006
1.00409
-0.91695
1.66002
2.96555
-1.23163
0.65358
0.6194
-0.00324
-1.0451
-1.2433
-0.62482
2.3677
-0.33893
1.39946
-0.28372
-0.29483
1.1734
0.46628
-0.11926
2.48863
-3.43721
-0.06135
0.69553
-1.1644
-0.7835
2.90415
-1.4223
-3.4861
-0.7193
5.1216
-0.3782
-4.85567
9.74062
1.05697
3.70246
1.1019
-4.83724
1.52999
10.57554
-2.2439
8.9016
-1.7433
-1.42407
-1.24611
2.23768
0.06493
-2.7174
-0.01011
-3.09563
-0.7206
1.2609
-0.70147
-1.12656
-1.39692
-1.44956
-0.6448
0.06657
1.96478
2.741
0.97861
4.12254
-0.53296
1.80545
-3.95575
-7.9036
0.40869
-0.89835
0.57373
0.87654
-0.18013
-1.17327
-0.42185
1.8032
-1.38721
-3.448
0.8735
-0.02791
1.34446
0.41958
1.46576
0.82217
1.6649
-1.7491
0.55581
2.56325
2.52384
0.3869
-1.06527
2.18311
0.2998
-1.66281
-0.46817
2.73372
1.00281
-0.42523
0.28174
-4.44749
-1.19482
1.05478
4.6951
-0.8485
2.2199
-3.35997
-0.81786
-0.26042
0.89728
1.2383
-1.74319
0.38771
0.924
-0.83778
-0.77279
1.18869
-2.17838
1.0533
-0.68025
-0.2301
1.26452
-1.72956
-0.3663
-0.56526
-2.7073
1.05719
2.06794
-2.90804
1.4884
0.81471
1.4971
0.68714
-0.038
-1.43717
1.7946
4.9476
-0.3327
-1.9995
1.6011
0.4119
-9.0788
2.4325
-2.218
1.5599
1.5591
-1.715
0.5011
-4.18589
-1.02409
0.3
-4.64832
4.321
1.1416
2.0911
-0.40133
4.4679
-3.91155
0.37065
0.45309
1.26265
2.2637
0.5499
-1.4681
-0.23087
0.42193
-2.321
3.06875
-1.8686
NA
-0.45351
1.01406
-0.51772
1.11232
-2.4521
0.31155
0.38944
2.301
NA
3.7671
-2.00231
2.31111
2.37839
2.39136
0.01124
-0.4044
-0.3221
0.4555
0.12737
-0.57518
0.54913
2.0562
0.0143
-0.0114
-3.33581
1.7154
3.17538
1.28794
4.23937
-1.28712
-1.62667
-1.60022
-0.54343
-0.5038
1.43036
4.3763
3.7383
-1.67544
-2.76941
0.04277
-0.60697
-4.0788
0.74106
-0.08375
-0.5648
0.2066
2.2692
-0.92897
1.3002
1.081
0.74868
-1.2661
0.98598
1.13639
-0.94803
-1.54217
0.60373
-0.7402
-0.7851
-0.23259
-2.2488
2.79998
1.4518
0.09034
4.40311
-0.95942
-1.58207
0.17858
0.85914
1.71602
-0.81737
-3.7552
2.64195
3.4407
3.59565
0.1074
1.1821
2.242
-1.47751
1.0632
0.88922
1.1737
-1.77
-2
1.12
3.89
3.32
1.09
-0.215
-0.396
0.88
0.855
3.19
-0.148
0.0102
-1.35
-0.0388
5.91
0.5047
2.19135
-2.3323
2.19762
-1.03133
0.91306
-1.29709
0.2291
-1.26514
-1.36025
-7.0459
-0.7274
-1.2122
-0.73272
-0.74484
1.66483
2.29253
-1.6204
2.16549
-2.52422
-1.42788
1.59107
-1.26325
3.63344
-0.5083
-1.6728
1.6703
-0.40392
-1.1401
0.6766
0.06063
0.45788
-1.0213
-4.2917
-0.1873
8.7134
4.2549
-0.1684
-1.7274
0.9326
1.14495
0.08517
3.29135
3.30432
-2.0571
-1.96949
-1.55
0.3964
-0.2585
-2.4979
-1.8327
0.4073
-0.3917
0.2925
-0.2587
-0.9669
0.3196
-1.10977
0.53064
1.3552
-0.2608
-5.43039
-0.9992
-1.154
-3.55
3.53
-1.84368
-10.3879
0.9946
-1.77906
-1.0819
-2.56511
-1.3436
-0.2841
0.84217
0.13169
-1.89542
-3.0731
-0.02969
1.2551
0.9444
-0.2095
-1.682
-1.32
0.877522
0.9301
3.7031
-1.83
-1.41
1.06
0.2772
1.07608
1.43306
-0.5546
-0.13073
-0.2415
0.2341
0.9401
-0.8473
0.28723
-1.056
0.5895
0.609
-3.65296
0.231
0.2287
-0.825
-0.345
-0.88537
1.48681
1.9239
1.3752
2.2321
2.54036
-1.3472
0.6709
2.63983
5.27951
1.6488
-3.4766
3.41813
-1.2948
-1.48958
1.24715
0.88611
-1.17
1.95873
0.17748
13.67392
0.3927
-0.51065
1.6903
-0.15979
1.47986
0.1329
-0.749
-1.81
-5.511
-0.739
1.30225
-0.77555
2.97303
0.51714
0.20112
-2.2449
-2.7196
-3.76553
-2.9394
0.83889
0.6408
0.6746
-4.2814
-0.84951
-0.9935
-0.52405
2.93603
-1.0769
7.76985
-2.55057
2.07618
-0.7312
-0.6645
-3.4812
0.0845
-5.38859
0.2815
-2.00054
1.2618
-0.3369
-8.284
3.15302
-0.5919
3.2354
2.298
-0.8649
3.82895
-2.66185
10.8786
-0.87713
-0.7811
-1.1954
-1.00604
-0.45361
0.7741
1.2156
0.0767
-0.63613
-0.4738
-0.0058
-0.59671
0.57663
-2.51853
-3.76586
4.53192
-0.5165
-0.3299
-0.0987
0.17
-2.01912
1.7901
1.392
1.66454
-2.84627
3.4498
-0.7244
-1.1534
0.8365
-0.9777
-1.5275
-0.3314
0.5859
-1.1493
-0.5194
0.84404
0.04773
3.4141
2.2774
0.17304
-1.50052
1.69873
-0.907
0.5229
0.27306
-0.8456
-4.2481
2.2284
0.60725
-0.1532
1.24417
12.4523
2.32779
0.2414
1.15604
-0.14879
-2.6455
-0.0704
0.9852
-1.07915
0.518
-3.3991
-0.26387
-2.29406
-2.74617
-0.75241
1.9848
1.45211
0.3416
-0.0195
-0.1111
1.0933
0.7901
1.36
3.07
1.9132
-3.0486
-0.46414
0.47009
8.1
0.993
-0.252
3.0816
1.00306
2.66874
1.5066
-0.0374
6.32794
-0.4154
3.1868
-0.28111
0.46542
-2.07732
1.33689
0.3771
-1.979
1.37418
1.9966
-2.8778
-4.298
0.168
0.89381
3.2108
1.2571
2.7193
5.79402
0.90911
5.16738
0.7756
-2.0395
-1.5998
2.985
0.49664
-0.8829
0.7447
0.1555
0.84
2.4929
0.4847
-3.347055
0.05905
-0.71076
1.11549
-0.2147
1.8883
0.0503
-3.34715
-2.68493
-1.39765
-1.2584
1.2157
-2.9005
1.089
-1.4539
1.40919
-0.8059
0.08699
-0.13648
0.45406
2.48985
2.74193
1.108
-0.23609
0.68059
-4.15366
3.04551
3.79746
-3.88687
-0.18489
1.13178
-2.95022
-0.12735
1.61991
2.54009
2.83253
0.56287
-8.40462
2.1011
1.16941
2.27613
-1.5669
-4.11993
1.16909
-1.40663
-1.4801
2.38195
1.5533
-1.111
-0.9115
3.0003
1.6525
2.1036
0.259
1.1745
1.4226
1.2003
3.48762
-0.18957
-0.8142
3.51704
-5.5757
1.61303
-0.4121
4.4522
0.95196
-1.82976
0.02743
-4.75852
-1.2116
-1.22944
0.56006
-1.1587
4.5803
-2.0584
0.5056
0.7104
2.1731
0.4343
0.8449
-0.2626
-1.1242
-1.03
0.70487
1.1527
3.2305
0.4642
4.7868
-0.0769
-4.1826
3.4851
-1.6406
-4.05462
0.21155
0.035
1.54628
1.1542
2.03455
2.70387
-0.84762
0.62715
-2.3663
-3.66336
-0.2214
2.6141
1.41845
-3.34098
0.80731
-2.05697
0.3874
0.87442
-2.51393
-2.42921
-1.6367
16.7646
-2.74067
-2.2988
-2.20909
-0.55203
0.19721
-2.3956
-0.90245
-1.07235
-2.32027
-0.84141
-1.1108
-1.49639
0.16795
-2.25262
-13.452
14.3785
-2.6244
-3.0109
-0.73386
0.8992
-2.13167
-0.2841
-1.58353
-2.83769
-6.9647
-1.9938
-0.65183
-4.9151
-1.51108
-2.2236
-2.17505
-0.5912
-1.0139
-1.2485
-1.7369
-0.7801
-4.2234
2.2071
5.94408
1.10864
NA
3.88944
4.8073
0.1355
-2.7757
0.79462
-0.88751
-1.1125
-0.0477
-1.88267
-4.1757
1.24153
2.30851
-1.11873
2.3047
-1.6009
0.543
-0.4922
0.39843
-1.6781
-1.2404
0.96282
-0.975
0.3074
0.40555
1.8968
1.23462
-1.02091
1.05994
-1.86228
-3.35662
2.74081
1.3609
0.44107
-4.9639
1.66034
4.11138
0.60737
1.25792
1.8956
-2.29097
-2.69919
-0.85825
-4.87022
-1.8204
-0.55864
-0.78039
-0.7533
0.89472
-1.7507
1.81052
-1.0897
0.31143
1.21061
1.79967
1.76388
-0.62835
6.05277
-2.3168
0.89475
3.71863
0.34764
0.24263
-0.01335
-0.7391
-0.07212
2.53604
1.3538
1.3722
-0.42527
1.94849
0.6152
2.67926
6.74443
-0.1725
0.6485
-1.75465
-2.56826
1.0681
2.17345
2.518
0.01509
0.6986
-0.25693
6.8019
-0.473
1.574
-9.9801
-1.197
0.55597
-1.97533
-1.37183
0.94165
0.44964
-2.41081
-0.6701
-0.7906
1.3676
2.4272
-0.05442
-1.53174
0.23334
-1.45
-0.26131
1.03701
-1.27521
-5.50334
1.6219
0.3351
0.20349
-2.3633
1.8897
2.48016
-0.01905
1.1056
-1.8441
2.08686
-0.6786
2.7904
-1.5987
0.337
1.4363
-2.22627
-0.56757
-0.6556
0.7091
1.94047
-0.57469
0.5185
0.42117
-4.53868
0.8332
2.9235
-0.72211
1.42036
-1.16392
0.9869
1.39347
-0.79926
-0.57456
3.28317
1.2222
1.2731
0.6303
-1.2339
4.7489
4.73874
-0.3297
0.28836
3.12075
6.66261
0.52377
1.06625
0.19828
0.3936
-1.0225
-2.4728
-0.087
-3.8523
-4.7656
-4.20442
-5.1417
-1.0242
-0.2337
6.61257
2.0422
7.41271
2.1987
3.5786
2.7792
-2.1375
-2.7485
0.1617
1.247
-2.5024
0.3849
-1.1902
1.40621
1.0914
2.9394
-0.57277
-2.18306
0.31803
0.81027
1.35483
-2.62201
-1.26693
1.36343
-3.8214
0.14925
-0.4368
-1.35252
-1.72501
0.8576
0.41761
2.2761
-4.57085
3.69558
-0.8235
1.2004
1.23601
NA
-3.2335
-1.81714
1.11454
1.36307
-2.39582
1.48243
-0.8769
5.1042
0.39427
0.20893
2.62939
-0.30746
-0.7779
1.6907
0.72772
1.06637
-2.32924
2.0119
0.713
2.9826
0.65899
1.2173
1.28544
0.3746
-0.1625
1.52175
-0.3579
-1.46823
-1.721
0.91244
-0.91252
1.7867
-1.57404
0.1069
3.1893
-0.10647
-0.66991
-0.6864
5.61406
0.85085
0.6664
-1.2342
-2.15462
-0.12937
1.26245
-0.7827
-0.71402
-0.25797
2.0258
0.27661
2.7799
2.41834
0.32433
-0.706
-1.6859
0.0409
0.06365
1.71481
-1.9827
-6.50154
-0.2539
-2.00244
0.36795
-1.54327
-3.7305
-1.5346
0.75429
-2.67
-1.2647
-0.5362
-1.08708
-0.3047
-2.61
0.26575
1.4192
2.0962
1.2428
2.21
-1.494
-1.2306
-2.21
2.6312
-1.5627
-1.22
-0.755
1.3
-1.3702
0.341
3.272
-0.0307
-3.68732
-0.77595
1.89879
3.4382
0.343
-2.28
-2.59
0.875
2.75
0.167
-2.2343
-0.804
3.86243
2.2079
-0.2158
3.0873
-10.49362
-6.56816
-1.7284
-1.6842
3.0611
-0.0864
1.42
-0.981
-4.18077
1.45342
0.31949
0.912
5.8615
-7.6602
-0.7302
-0.20392
1.36
-0.646
0.1711
-0.681817
1.2272
-2.42434
2.42
-3.19
NA
-1.5123
-0.013
-3.37692
0.4159
-0.0317
-0.50602
-0.39089
-1.1771
-0.10454
-3.1867
-2.39308
-0.334
-1.53241
-4.80601
-1.712
-0.08577
1.05703
0.7848
-1.6902
5.3781
-4.666257
1.75
-1.865
0.71126
4.293
1.8561
0.3598
-4.9028
-1.589029
0.35555
0.084413
-1.00425
-0.9806
-0.117134
-0.391413
0.93529
-4.7476
2.13889
0.0675
-0.7361
-4.587813
1.59162
-2.6976
-1.1149
1.5148
1.2597
1.2197
-5.3362
-0.25764
-1.74913
-3.66397
-0.464222
1.50636
-0.597076
3.059584
-1.8833
-0.00397
-6.13736
-1.7504
-5.0971
3.44108
0.785
-0.2746
0.6043
-0.0738
-2.0451
-1.7354
2.0785
0.43302
-2.259255
0.1986
-1.6993
-0.26665
-0.8392
-2.0003
1.02861
-3.54415
-1.50957
1.2845
-2.07643
6.655
-3.3543
2.1077
-3.2775
1.1958
4.65177
-1.44398
-1.6094
-1.9261
1.09287
0.46927
-2.21543
1.93214
-2.97877
1.0271
-1.54608
0.85857
2.61419
1.5103
0.097
-0.1769
0.45845
-1.6053
-2.6309
-2.5946
-2.5358
1.8898
1.01191
-3.19602
2.37921
-0.6014
-1.39308
-0.22932
-2.9964
2.0502
-0.2015
2.8702
-0.5709
0.8963
-0.0192
-5.9517
4.8844
-1.3401
0.79777
-0.047
0.16657
-4.34962
-1.986
-1.9282
-0.5648
-0.93148
0.74256
1.2694
-1.44861
-4.3529
-1.18973
-1.39298
-2.19859
-0.83621
2.34481
3.684
0.66414
1.4635
-2.5767
2.2436
1.9759
2.55871
-3.23415
2.24086
0.2919
-0.1781
3.1151
2.8365
-0.8951
3.228
0.3293
-2.74387
1.3781
-2.23895
NA
-3.9893
0.3476
NA
-1.13592
0.2536
-1.19955
2.6787
-1.62465
-0.03271
0.1379
-0.22756
4.2227
-3.42952
0.307
-4.8048
-5.3204
-0.25198
-0.28862
3.4503
4.73698
4.44088
-3.12894
-2.763793
-3.631881
1.8859
-1.1396
-1.8841
-1.3741
1.5836
0.56458
0.72794
-1.9857
-1.86514
1.7196
0.29589
3.1858
2.4071
0.6742
-1.2528
-1.4945
-2.5358
5.2137
-4.3038
1.33048
-1.54108
1.9455
-0.2107
-0.0727
6.4707
3.6756
12.50074
1.03532
-3.48173
-5.5335
-1.64177
-0.4158
0.5913
-0.9001
0.4899
0.5981
1.50185
-1.25419
-1.16271
-2.680048
3.292525
1.16323
0.8404
-2.8849
0.73754
-1.01644
0.06851
-0.5647
4.3771
2.34782
9.2537
-2.8677
1.79987
-3.764304
2.45037
-0.00371
-8.03382
0.8344
-0.666268
1.5996
-0.06238
-0.8102
-0.8087
1.4
-0.3703
-2.0631
-0.92246
1.75453
0.8767
0.40525
-2.61423
3.2728
0.57105
2.11131
-0.96071
-0.45074
0.42044
0.3851
0.2154
-0.5166
0.1534
-2.29171
0.423812
-0.49109
1.092
2.1363
4.4251
0.55349
0.44571
2.43318
2.3168
-0.8499
-0.99194
-0.05698
-1.71421
-0.5835
-1.12809
2.3089
0.5611
7.076
-1.58
1.4822
-0.6545
1.35776
-0.29272
-0.317
3.81219
1.4499
2.7214
-1.22786
1.9116
-2.4602
0.3962
3.41572
0.708
-0.7058
-3.42521
4.06741
-2.2395
1.40012
0.94455
-3.2808
2.0522
-1.6714
-2.493151
0.1624
-0.95792
1.5114
2.04075
-1.31492
1.12589
-2.05413
1.806
-0.9476
-0.2791
0.17873
-1.5539
0.72649
-1.6101
-2.41729
-7.66628
-0.27999
-0.2174
1.3445
-3.8816
-0.11543
0.8095
0.132
-0.8082
0.778
1.8826
-1.1497
0.276
2.01
1.04
-1.5435
-2.2057
-0.14566
-0.2747
2.8264
0.10346
0.6315
-0.1596
0.3194
0.88697
0.5768
-1.5439
-1.5332
4.50112
-2.4092
2.024
-0.46661
0.00692
-2.3124
-1.89126
-0.5471
1.4693
-0.77
2.2992
0.509
0.00861
0.6465
1.4181
-0.80228
0.18021
1.9284
-1.2608
1.08
0.609
-4.6294
1.3246
-2.27589
3.56546
-0.3826
0.512
0.958
1.272144
-1.2937
0.25275
-0.05313
-8.11718
-1.13703
-0.8097
7.7165
3.272
0.71729
-3.9654
2.6502
-2.2436
-2.52058
0.0759
-0.90044
-2.318
-0.71024
-1.96566
-0.4525
2.21534
-0.0834
0.94211
-0.97319
0.48112
-0.704
2.29
2.24767
2.6646
0.35776
-3.13549
-2.79267
-2.62121
0.36562
-0.07645
-1.19332
-0.95716
-2.98754
0.5001
4.0337
-1.44561
1.23924
-0.1439
-0.92811
-0.12614
0.48919
0.81716
-1.2866
1.9204
4.53621
-3.34743
-0.4054
0.39616
-7.29
1.16
-1.76937
1.00991
0.7343
-2.73551
-2.1528
1.39993
0.29924
3.53175
-2.18502
-2.50579
-0.45515
0.56666
-1.833
1.5997
1.0625
2.2496
1.6678
2.65729
3.2269
-0.5566
-3.96385
0.366532
2.18101
2.85754
2.75983
-0.78281
-0.7434
0.6252
0.62493
-2.0346
-0.4053
-1.77535
1.3801
0.1112
-0.61969
-3.6147
3.26494
3.29
2.9666
0.44069
-4.2073
1.69484
1.31873
0.163
-2.6524
1.23382
1.86715
2.8536
1.20205
0.522643
0.76541
3.1276
-2.0566
1.1191
0.30077
-1.2422
2.0304
-0.73957
1.4263
-0.7191
-1.65232
-1.46131
-1.48342
0.66762
-0.1608
4.59114
-5.9974
1.9818
3.60333
1.3374
-1.4361
2.1046
1.22
9.3259
-2.831
-0.2149
-0.2544
-0.9304
-1.02134
0.4746
-1.2278
0.2371
0.1067
-0.9444
-0.00494
5.78891
0.84106
1.4302
-2.616
1.286
-1.6906
-1.90428
-0.9588
-0.8392
-1.31647
2.17897
-1.0001
0.92726
0.9561
-1.013
-1.85096
3.4274
-0.967
5.1535
1.707712
-3.871
2.5811
-1.7499
-3.69145
1.7424
0.996
0.1682
-1.34284
1.2407
0.0901
0.7753
-0.89054
-4.04276
-0.35871
-2.9229
0.95085
-1.71586
1.74307
-0.44163
0.36659
-2.92573
9.0271
-1.446
-0.33396
2.9935
4.4923
-0.91252
-1.4037
-0.6421
-1.36203
-1.80824
2.94
-1.492
-2.30961
0.00484
1.7604
0.20358
0.9746
0.9961
-1.3788
0.8097
3.06279
-1.20766
1.79216
1.41885
-1.9581
-3.0894
-1.0109
1.74
3.0931
-1.3593
0.192
2.6709
3.101
1.4648
0.74959
0.3921
-1.04634
0.6849
-1.2109
-0.1421
-0.39205
-0.89671
2.5709
-1.0172
-1.64608
-0.15087
-3.60394
-1.3803
8.97827
0.44986
-3.001
-2.22
1.3905
1.3823
-1.8058
-1.2609
NA
-1.33625
0.59544
-0.2452
5.83668
-0.3243
-0.21174
4.7756
0.110407
2.5343
-0.51808
2.71085
-1.70397
1.96272
-6.6855
-0.1283
-2.33726
0.7862
7.98808
0.8111
1.5971
-0.1208
3.1402
0.1705
1.92055
-1.0356
0.8802
0.15639
-0.41455
-2.9248
-2.02031
-2.0055
-0.8267
-0.2939
-0.52288
-2.28604
-0.6901
0.0677
0.21342
-2.9136
-0.04022
0.38555
-2.5998
2.55659
-1.1
-0.7091
1.23715
0.1751
0.65857
0.78706
0.09253
5.16163
3.16883
0.5625
-0.7886
0.89324
3.37544
-3.0353
7.48596
0.62348
1.49484
-1.5098
-0.15415
1.7864
0.8762
1.0812
-0.59506
-1.51292
0.67161
0.66112
-0.04485
-0.5076
2.8265
-0.93193
0.75816
0.6337
-1.3456
-0.4001
2.4191
-1.79604
0.99303
0.60947
0.53565
0.56186
-0.34055
-0.73607
2.83965
-0.67475
0.96501
3.9879
1.0202
0.453
-0.0348
-4.799
5.239344
0.037
2.01946
-2.7305
-6.15253
-0.162
-0.8848
7.3721
0.6851
-1.27293
-2.437
-3.55197
1.94321
-0.70925
3.8417
1.9434
-0.50444
-4.5869
-2.539
1.54539
3.3201
-0.38742
1.9093
3.5729
0.6207
NA
-2.0676
2.9772
0.06063
0.62582
0.9195
0.7697
-2.3577
-0.3875
-0.1391
-0.945
-0.3644
-0.68725
-1.82478
-0.7773
1.11
4.8883
0.51034
3.0514
-1.8342
0.02548
-8.74153
-0.9729
-1.37864
-1.6198
-0.11991
1.54431
0.4733
2.1891
-0.4044
-0.5626
-4.06354
2.69318
1.96765
2.8403
1.21992
0.37088
-1.45718
1.74644
2.61288
0.93284
5.58037
0.5254
-1.4312
1.6
1.1279
-0.48147
-0.83652
-1.1
-1.62238
0.80832
0.056
-2.07638
-0.0363
0.7065
-1.2765
0.139795
-0.3454
0.5039
3.874
4.0954
-2.8769
1.23628
1.6364
-1.95253
-0.8767
NA
-0.287
1.45357
0.13767
-2.81804
5.00614
0.7706
NA
-3.22459
-0.0966
-5.446
0.2183
0.0158
-1.3499
0.2245
4.4161
1.294
-12.9629
2.0278
4.5816
-0.8219
2.6723
0.31847
0.52607
-2.41356
1.4096
-0.8533
3.3584
2.0894
-2.11
-0.9905
-0.122
2.4116
-0.6253
3.15428
2.027595
-2.71317
-0.44278
0.6108
-0.12271
2.07496
-0.0481
2.8924
-1.031
-2.644
-1.548165
-0.3415
0.00947
-0.99612
-0.5459
-1.5961
-0.9398
0.11078
-3.9524
0.28235
-0.981759
2.4169
-2.3823
-1.5663
3.5604
1.2857
-0.581
0.8923
4.13183
1.9292
-0.9904
-3.871
1.003
-0.4779
0.84686
-0.0011
0.6207
4.6199
-5.1354
0.9677
0.9076
4.1001
0.23715
1.56951
NA
4.16565
1.3044
-1.17035
0.623571
-4.8138
-2.345
2.0448
2.99768
3.2962
-1.82
2.8015
3.5785
5.0493
0.53082
1.4993
0.07103
-0.0704
-2.00062
-1.42014
2
-2.2445
-1.9022
-0.72265
-0.7388
-1.906
-5.3927
-2.08018
-0.1151
0.614
-4.23121
-0.4039
-2.44987
2.1777
-1.41591
4.1026
-4.1824
-2.29344
-0.08461
4.7247
-2.4197
0.000818
-1.46106
-4.43
1.29185
-0.28292
-1.8238
0.5128
-1.9619
-1.392477
-1.80866
4.15157
-1.21332
4.23793
-1.8612
-0.75868
1.087
1.314
1.8576
1.2912
1.3067
-1.6038
2.13514
4.16654
0.56178
2.13604
2.1761
-1.25578
-0.0652
-0.2861
1.5227
0.23622
1.4238
-0.73885
-12.9122
0.76695
-0.65279
-13.4688
1.7499
-3.4142
-1.181304
-0.4779
0.09259
-0.4758
-0.0244
0.33752
-1.0302
1.04176
1.1894
3.88782
-2.958
2.9131
1.46623
-0.3418
-0.22075
-1.2426
-0.19109
7.01174
-3.2425
-2.40118
-0.7748
1.4354
3.65219
-1.2863
2.15127
1.76234
1.1936
-1.96059
2.2216
4.44438
-0.3843
1.3956
-1.26
3.8845
4.4054
-0.3716
1.1163
-4.7186
0.5954
-0.33323
-7.217032
-1.6897
2.5824
1.11022
0.52769
5.67521
0.44543
0.5356
-7.871
0.48057
-0.7774
0.4192
-0.59313
-0.91675
1.8901
-0.9603
2.84144
-0.896
-0.1081
-6.1146
1.2561
5.43917
-2.111
0.447335
0.39316
-1.89666
-0.98263
1.0986
0.34215
0.221
-0.6808
-0.8085
0.07042
-0.670166
3.0463
2.59117
1.4562
-13.6826
-2.2699
0.1204
-1.28954
-3.1525
-3.7586
-0.87859
0.892
-4.7341
-0.528
1.698194
-0.215
-2.71257
0.3544
8.4459
0.4948
1.07036
0.459383
-2.70848
-0.32214
0.7832
-1.05722
-0.18597
-0.02326
3.3296
1.3474
3.59
-0.8291
-6.4985
2.62518
-0.1036
-0.00845
-0.22819
0.9965
-3.08692
-0.26439
-1.36226
1.79689
-0.0814
-2.5848
-1.479977
-0.91616
-2.46827
1.97953
-2.05098
2.56577
NA
-0.62995
1.72329
-0.1191
3.3805
-0.6413
-0.3646
1.3755
-1.56971
-0.15098
-3.01847
1.65475
2.7789
-0.161
0.775
-1.3975
-0.9961
3.33869
-0.3069
-0.6027
2.3363
2.40928
-0.5544
0.80105
-4.66578
-1.291
1.62735
3.5365
-0.759
2.0134
0.5143
-2.61
-0.5593
-0.42994
6.2574
-0.7519
1.15616
-1.20534
-1.00926
0.43527
1.57511
1.6
-0.2037
1.2235
-4.7359
1.47484
-0.5436
-0.7839
0.7002
3.36193
0.2398
1.0153
1.2649
-0.28023
1.35065
1.27695
2.15045
0.344
0.4027
-3.0458
-0.77061
NA
-0.06761
-0.8952
-1.14489
1.637
NA
-1.43716
1.94324
-1.3835
-0.17071
1.00946
2.6392
0.5424
-5.8689
-2.5374
1.8621
-3.1253
-1.8093
-2.0973
1.25
-2.1872
2.23231
-0.595
-0.42681
-0.61883
2.27273
3.21507
-1.91543
-0.8302
2.83203
2.69674
-1.1
-1.061926
-1.10976
-0.07902
-2.1645
-4.2741
0.9415
1.2615
-0.30608
-2.06871
1.58
-0.734
-0.136699
-2.8539
0.87
0.2264
-0.29771
2.491
-2.61346
0.59582
0.478376
0.9176
1.9119
1.05696
-0.96137
-0.6379
0.0933
3.4567
-3.0176
-1.3298
-0.78778
-0.37225
-1.66
0.72387
0.2452
2.7429
0.6368
1.80866
-0.816
0.7196
0.4439
-0.59549
0.23986
-0.0604
-2.78938
-3.77329
-1.1707
-0.195
0.928385
-0.26595
2.8844
0.459
3.10149
-0.23598
-1.1817
7.05496
0.7519
0.7565
1.5998
NA
-4.8213
0.99282
0.82236
-2.21925
-1.83317
-1.48529
-0.9952
-0.833
-2.01483
10.0875
NA
-3.41
-0.68505
-0.3177
-3.16023
-1.7511
-1.86
1.0682
-2.9702
-1.1148
1.35039
-0.6861
-1.32219
-1.0306
-1.9547
2.36227
NA
1.6316
4.48013
5.17781
-1.78035
NA
4.53984
-0.64885
-1.94107
4.04912
0.82458
-0.1626
-0.127
-1.7167
-1.1356
-0.67896
-8.4694
14.369437
0.4547
-1.12468
-0.80416
1.6944
-0.83375
-0.0814
3.40092
1.66527
0.74374
1.1813
-3.69446
-0.755
4.62865
0.90718
1.8484
-0.7195
-0.06291
0.3775
-0.23871
2.4621
-0.1219
-2.10926
-0.22002
6.646
2.15677
0.5033
0.566
0.7097
-1.01651
2.007
-2.50787
NA
1.5701
0.5479
0.577
-0.825
-0.0362
1.68564
NA
-3.1195
-8.5967
3.24342
-3.14502
2.73205
-1.73932
2.5637
2.04708
1.11087
2.5515
-2.9723
-0.6157
1.2921
-1.96419
4.63743
0.0108
1.22833
0.21112
1.71993
0.17909
1.15906
-1.51465
1.9481
0.7968
0.2012
NA
-0.40018
0.6624
-0.39123
0.7368
0.842
-0.13
1.05732
-0.03085
-3.61339
4.63527
2.92141
3.23705
1.71062
11.89016
0.7722
0.0683
-2.71946
3.1478
0.54019
2.32415
-0.2595
-0.9887
0.48187
4.99351
NA
-1.76696
-0.8684
2.7439
1.544
-1.67206
1.2566
0.59818
2.5076
0.60797
1.3512
2.7973
-2.94794
-1.79982
-0.02301
-2.158122
-2.63269
0.9987
0.1283
-1.26837
4.39327
-0.3361
-0.844
0.89124
-1.4891
-2.207
-0.19418
-1.16472
-1.16758
0.5806
1.78352
-9.87674
-0.059912
-8.5953
2.1217
-1.7233
-0.87007
-1.04
-2.60875
2.44982
-1.37863
-9.1824
2.57639
-0.61763
-2.83021
0.5682
1.19252
-1.15443
-3.33208
-0.206
0.0362
NA
0.64902
0.43237
-1.199
NA
0.18539
0.03215
4.35933
3.17901
-1.68114
-0.6505
-1.67437
-4.1758
2.2457
1.94043
-0.26354
-0.42093
2.16467
4.80637
-0.86723
-2.1508
-1.5841
-0.7832
-4.0807
-0.4309
-0.76679
-0.5857
-12.1975
-0.00341
-0.02957
-1.2004
3.8831
1.81356
1.5267
3.0423
-1.08709
0.1266
-1.21104
-4.0027
-2.06839
-5.81
-1.6604
1.9711
-13.2776
-0.1028
1.60909
4.30965
2.64073
-0.82156
-2.6732
1.8558
-2.90351
-1.549
-0.0482
0.3123
NA
1.2435
-0.8866
-0.45729
0.008
0.3363
0.4765
-0.34146
-0.5206
-1.31859
-2.20518
1.6359
0.01383
-0.345
0.9214
-1.8602
-1.4673
1.6849
-1.29801
-5.43275
0.1779
3.621
1.02043
0.95798
0.3214
2.8812
-0.982012
1.2585
1.3301
-0.16602
-0.87717
1.267175
-0.8335
-0.35258
1.3024
-6.4561
0.84827
1.49
-2.3927
-1.808
-1.05273
0.92224
-1.1099
6.76292
-5.2616
-3.0413
2.2902
-0.62173
NA
0.25498
-0.4062
0.43443
0.9495
1.19249
4.81459
0.6837
0.5803
-0.9361
1.97505
-2.23032
-3.3423
0.11119
-1.38584
5.1928
-0.66456
-5.38e-05
-2.3642
-3.48
2.3
-2.5782
-0.122
-0.86362
1.1963
-0.0122
0.3367
-1.4542
2.8781
0.1208
-0.4428
-0.91536
-0.47525
1.90033
3.16628
-2.49
5.61057
-0.835
2.89
-1.91
-0.00847
2.03
-0.185
NA
-0.9965
NA
-3.4408
0.113
NA
-0.27529
NA
NA
NA
NA
NA
NA
-0.0035
NA
NA
NA
NA
NA
NA
NA
NA
NA
NA
NA
NA
NA
NA
-0.16816
NA
NA
NA
NA
-1.93176
NA
NA
NA
NA
-5.6359
NA
-0.9095
NA
1.11981
-1.00146
NA
NA
NA
NA
NA
NA
NA
NA
-2.80079
NA
0.22558
NA
-1.72
-3.22884
NA
0.44231
1.0085
5.39598
2.0369
-3.04885
0.86044
1.01491
-1.2535
1.35872
2.08302
-1.18155
0.3438
1.7789
-1.5616
2.99339
1.4604
-0.11567
0.95443
0.7326
0.15228
-0.2079
-1.95105
0.38445
-0.13559
-1.7096
1.98546
-2.67063
0.43325
3.6257
2.2826
-0.2142
1.103
-2.04258
-0.2322
-1.1165
-2.6027
5.1864
-4.2897
0.99622
-4.20341
-0.4492
-0.42069
0.2655
-0.1352
2.3065
-2.6755
-2.74094
0.2289
-1.6705
2.18366
1.30034
0.1501
-1.77905
1.4041
2.773378
NA
NA
NA
-0.42769
-0.33707
1.46169
0.45522
0.54344
-0.84696
4.3478
-0.38955
3.81336
-0.7519
2.63665
2.26811
1.37732
-1.20938
1.2707
-0.0362
-1.12312
0.44822
-0.75652
-1.9878
1.39577
0.6566
4.35529
0.1236
1.37
5.1074
0.77385
0.3834
-1.28517
-0.07514
-0.2337
1.7403
-0.72617
1.7792
1.7308
4.70775
-1.73375
0.8459
-1.11483
0.51062
-2.144
1.0539
-2.49
2.9713
6.47458
5.5951
1.27083
-4.56
-2.6344
0.5185
0.9446
-2.6778
0.9552
1.45653
-0.22203
-4.36
-0.28193
-0.88575
-2.53354
0.64768
0.41
0.047017
1.02032
0.57588
-3.216
0.52169
1.58235
1.16492
NA
-1.67069
2.78625
-1.9608
NA
-1.0004
2.2148
NA
1.60625
-1.81954
-2.6535
-0.9618
1.82009
1.79591
-0.6709
-0.6394
-0.5784
-2.07532
-1.22284
-0.03868
-0.25919
-1.4934
-0.9303
0.3849
-1.00905
-3.1752
0.6707
0.8708
5.1767
-2.0218
0.4824
0.2123
0.6554
1.18512
-0.4534
0.1278
-0.01817
-0.34991
-1.4581
2.3687
-3.5343
0.145
0.14154
5.6051
-0.96378
-2.17082
-1.41305
-4.4311
6.64863
4.2252
0.004629
-2.81
1.99738
-0.31882
-0.09874
-1.1211
-1.91
-0.490732
-0.4524
-3.7793
1.17751
-0.23963
2.5008
-0.52649
NA
-2.1993
NA
-3.11523
0.951
0.00546
-0.32744
-2.07607
2.70065
-1.80773
0.0135
2.3545
-0.302
0.4314
0.99429
-1.83564
-0.21506
-0.172532
-0.7015
-0.4337
-0.529174
-0.9565
-0.5662
1.5267
-3.7061
1.523
-1.0212
-0.22246
-0.02683
-0.29747
-1.84558
3.16487
-1.9621
0.22449
1.1318
0.83234
1.8044
-1.5209
NA
1.2685
0.46
0.5075
-1.29421
2.55783
1.07228
-4.50399
0.08612
2.44176
0.43516
3.73831
-1.8304
1.80615
4.8985
NA
0.60564
1.60519
-0.07877
11.74545
0.32893
-3.2137
-0.1904
0.4546
0.73749
-1.6022
1.35035
0.18234
0.81184
-2.0844
-0.32749
-2.7867
0.5946
-2.3749
1.20126
-1.11251
-0.5274
-4.6489
-0.80905
-0.2189
0.1889
-1.54
0.64967
-1.33417
2.8825
-2.144
-3.00775
3.43147
2.0968
-0.85067
-3.04252
0.062054
NA
0.7969
-2.1629
-0.0472
-1.2863
-1.32294
-0.9476
-2.73109
0.13331
-9.19622
-1.43375
-1.2961
-4.3317
0.42848
0.0177
0.7699
3.2611
0.53956
-0.10539
-0.4842
1.1751
-0.41627
0.62181
3.2543
-0.0604
-4.08907
1.24963
4.05491
-0.8832
1.05416
-0.74385
-2.99
1.5671
-1.33736
-0.52242
-3.00614
0.43085
0.9334
NA
-5.1441
0.278
0.44216
-2.4387
0.89153
0.58061
NA
-1.76
2.73344
-3.10842
1.0266
1.6944
2.8058
-1.84316
-3.765
2.3517
NA
0.0923
-0.415
-0.32234
NA
-0.8328
-1.7078
0.9911
0.872
-1.4261
3.35791
-0.17668
0.27435
-0.4912
-0.32422
-1.831975
-2.85852
-2.3
-1.0668
-0.6288
0.3812
-2.4657
-0.0478
-2.39907
1.0769
0.44146
-1.93
-1.9161
-0.2773
NA
2.43479
1.56
-3.9605
1.6257
-2.7225
-2.1182
-1.52347
-0.913
1.94826
0.5009
-1.70219
-1.5774
-2.1753
0.20953
-3.03073
0.99228
-1.07476
-1.096
0.80801
0.88268
0.4177
0.42
1.3697
NA
1.017
0.56916
0.0723
-0.1192
-1.54392
NA
2.27174
-0.05234
-0.07513
-3.67219
1.36
-0.56941
-2.04
2.48148
-0.5109
-0.9045
-0.4574
0.0225
-2.7
5.46947
0.03793
-2.6108
1.4353
-4.36812
2.25242
-2.44036
NA
1.0183
1.16065
1.94964
-0.69074
1.00057
-0.542
-0.46027
-1.11132
2.9921
-0.9612
-17.91395
-1.32023
1.74889
-2.09009
4.40905
-1.03
-0.25214
1.7918
0.8901
1.93972
9.18225
-3.7054
-0.55594
0.81548
-4.31718
-0.5556
-1.01
0.06544
-2.0464
2.09537
2.2653
1.11
0.4714
NA
-1.69693
-3.50184
-2.708
-0.4669
0.41318
-1.03505
0.19714
3.4084
-0.90542
-1.1246
-0.20975
4.03
-0.4494
NA
-0.416
0.4235
1.4647
2.4552
-0.59128
0.0417
-2.20159
1.82899
2.54274
-1.19157
1.26444
1.36
-2.28795
0.80171
1.00788
NA
-1.04129
1.2166
0.13608
0.97216
-1.09199
-0.3439
1.65196
0.2962
-0.31812
NA
0.2859
2.96917
-0.82794
-1.4
NA
-0.5953
-0.69082
4.3393
NA
0.55549
3.68289
-1.08645
2.0023
-1.8039
-2.15482
4.6698
3.32256
0.8834
-0.241
1.7593
0.57657
0.29092
2.07136
-0.6379
3.2948
0.4366
0.4646
1.61171
0.521
-1.63994
2.58269
-1.5661
-2.05793
1.88773
0.61205
4.21324
1.63995
0.23309
2.57567
0.38282
-0.00475
2.333
1.95
-1.12234
-0.05852
-2.7417
NA
-0.10721
-0.0136
-0.64903
1.01167
0.05534
1.12283
NA
1.0296
3.39082
-2.27242
-1.6351
0.31217
-3.90495
-2.22579
1.95924
-2.96392
0.5186
-0.87867
1.1081
NA
NA
1.9969
-4.4434
2.0676
-1.255962
2.60969
-0.1559
-0.00859
1.1419
3.0585
0.82032
-0.88521
-1.41006
-0.7774
-0.3027
-4.2143
0.3253
-0.82776
-1.9797
1.8877
0.59245
-0.2973
-1.2434
-0.96179
-6.3708
2.12035
-1.84858
-0.697
3.745
0.3639
NA
1.874919
0.3493
-1.77
-0.43909
-1.466
3.19801
-2.0126
-3.0504
-1.33114
-1.504491
0.103
-1.0828
NA
1.23245
-1.40722
1.69
NA
-1.85
-0.4128
-3.78509
-3.39281
-1.4078
-0.87829
1.8798
1.8096
-0.14499
-5.91809
-0.65129
-2.9502
NA
-0.32939
0.27985
0.55997
2.85
1.72529
-1.37
-0.94017
-2.05224
0.0385
2.92708
-0.6222
NA
0.569
0.4709
NA
-2.0866
0.0302
-2.12444
1.17176
0.49743
-0.80019
-0.3589
0.4663
-3.4705
-1.0629
4.53
1.35296
2.1714
NA
-2.0067
-0.685
-0.66603
-1.39759
NA
-3.3652
-0.59356
0.5392
2.5166
-2.2214
-2.27711
-0.3854
0.90485
1.6664
2.9847
2.60351
-2.09582
-0.65894
-0.17294
1.55216
NA
0.31021
1.3134
NA
1.80153
-3.9605
-0.28537
-1.65
-0.49367
-0.49194
-7
0.2082
0.7211
2.24118
0.562
1.26601
3.94431
-1.7099
0.72993
1.47697
-1.9779
-3.2362
3.5118
2.15896
-2.0248
NA
-0.1815
-8.1095
1.578606
3.11863
-0.55865
0.953
-1.6418
-6.61732
-0.7851
10.1141
-0.9233
-0.9924
8.0323
1.1881
3.15508
-2.09768
-0.692
NA
-0.8465
-0.7067
5.05554
-3.5754
2.202
-3.9141
1.0767
-2.12069
-1.07795
-0.1524
-1.518
-6.2611
0.85027
0.53868
-0.2242
-0.4188
-0.4793
2.48926
-0.88774
0.9019
1.5444
-2.33815
0.50604
1.08
0.56457
-0.87527
-0.31161
-0.444
-0.0961
4.7436
-2.8299
-0.7554
-2.7552
-1.5425
NA
3.7523
-1.28048
0.8746
-1.09849
-1.08014
-1.4233
1.12074
NA
0.66534
-0.75454
-0.63817
0.76257
-6.69427
-0.66046
4.59062
1.95053
-4.0902
-4.43333
-0.46273
-1.54291
0.0209
-2.1387
0.33936
-4.1355
0.357
-0.57943
-2.90042
-2.73742
-3.36776
-17.94304
-0.81326
-2.51664
1.5396
-0.8274
NA
3.96428
-0.30554
-3.38883
0.51318
0.9365
-0.8103
1.3197
-2.14
NA
3.5274
-0.63656
-0.16305
-0.47569
-0.5789
0.97445
0.7662
NA
0.0496
-0.278
-1.55888
0.0692
-2.4565
-1.1495
1.4738
0.57021
-0.48246
-2.41767
1.01462
5.1904
1.0963
1.3615
-0.44587
-2.8382
-2.54
2.03622
-0.09389
-4.77
0.97421
-1.18412
1.065
0.4601
NA
-0.3725
-1.74506
0.63924
0.38106
-2.91271
-0.5908
1.64981
1.8821
NA
0.23295
-0.12488
1.42285
2.6463
0.2403
0.1847
-3.59658
-1.33882
1.3184
-3.29
0.0928
-0.4841
-1.8335
3.34968
1.57888
0.56294
0.469
1.68482
-0.20009
0.5116
-1.19027
-0.70538
1.4156
-1.1634
0.9402
0.6559
0.3423
0.8254
-2.86
-9.5966
-2.6798
-2.20999
-1.01389
0.5608
1.7151
-0.1212
1.5888
0.5107
0.947
-0.456
-0.3756
1.07421
-0.1192
1.6497
-0.34025
NA
-0.9161
-1.2468
-0.3996
-0.60518
-5.5066
NA
-0.0128
-2.21677
1.9362
0.93644
-6.6334
0.654
-2.27749
-1.9866
0.82894
-1.17847
0.05852
0.1394
2.3041
-0.57786
NA
-0.61254
0.2251
5.9747
0.51967
-5.2636
-0.82295
-0.43964
2.145
4.0306
8.43036
-2.22845
2.01791
-1.40394
-2.9554
-1.6021
-0.18554
-3.95602
NA
-2.55737
2.2448
-1.08295
3.04209
1.59448
-0.0831
-0.5777
-0.1739
-0.15157
-0.00777
0.8019
1.6988
0.979
-1.1164
0.71
-3.2431
-1.5456
-1.0346
1.1707
0.20109
-2.76841
-0.39693
-0.3368
0.752
0.39792
0.07292
2.7937
-0.5794
-0.5283
-1.53311
0.7519
NA
-0.9668
NA
0.788
1.0848
-0.45523
-0.322701
-0.7707
-2.0036
-3.12709
2.15
-0.82071
-1.81995
-3.26922
1.5727
-3.9081
0.7227
-1.05215
-0.82331
0.4136
1.0786
0.36951
-0.94962
0.93142
-1.72665
-0.98476
-0.3628
-2.30546
-1.7301
-1.01542
0.78275
-0.62561
0.313
NA
-1.65609
0.92687
2.62471
-4.0084
-0.71716
-0.40278
-0.11279
-1.96785
-1.76851
-0.67345
-0.53386
0.42253
NA
2.60638
-0.27466
0.7978
1.29297
-0.3333
-3.5508
1.7466
-1.0538
-1.26687
-2.96852
0.35614
-1.2444
2.9391
0.6936
1.51547
5.86819
0.29
-0.42001
2.0776
-2.21702
0.76259
-0.5955
1.18262
-1.99045
0.423
-0.96204
2.07909
-0.30944
-6.2781
-0.2504
2.72029
-2.2685
-2.43266
2.79
0.8139
2.24312
-0.5032
2.08729
-2.2128
-0.07168
-0.185
2.7181
1.9969
-1.42709
-0.89824
-2.58066
0.7412
-1.7662
1.80947
-0.78304
-0.5283
-1.6512
1.2267
-1.99829
-0.42686
-1.0925
-0.2997
-1.2057
1.9969
1.7931
-1.636
2.89117
2.0009
1.15845
-0.0986
NA
-1.391157
1.03387
2.0583
0.0295
2.41424
0.2001
-0.7242
-0.9072
-0.1632
5.80873
-1.967
NA
-1.4266
0.403237
0.5245
2.97602
-0.873
-1.29249
0.43685
-1.6267
-1.3414
NA
0.28
1.43042
-0.8886
-2.18258
0.07996
2.0473
-0.5955
-0.08336
0.4021
-1.43852
4.92396
-0.6916
0.54695
-2.9911
0.28839
0.06827
-0.3391
NA
-0.041
0.5071
0.1107
1.086245
-3.1107
-1.27985
1.3054
2.2065
-0.02269
-2.66743
-0.7675
-0.82709
2.51515
1.7418
1.0545
-2.04166
-3.48293
4.0353
3.3987
10.09529
3.6854
4.2558
-2.19201
-1.69115
-0.144
0.68279
-1.4338
-2.0008
-0.8379
-2.7874
1.34
-2.8874
-0.149
-3.1722
0.08347
0.2076
-0.54977
0.0729
-1.4386
-0.76598
0.26067
1.71988
-0.08277
0.1707
-1.7891
4.831878
-0.67814
-1.2413
-0.8774
3.74391
0.16172
1.54777
1.1563
3.074157
-0.30874
-3.31498
-2.52045
-1.3358
0.1006
0.6061
-6.40563
-2.7803
0.26594
NA
-3.2461
0.3251
0.338
1.161
-1.739138
2.3995
-1.8604
-0.170038
1.69315
-2.481073
-0.9115
-0.2757
-0.38003
-0.9817
-8.5637
-1.74548
0.8199
-0.06849
-0.262
-1.975
-1.5523
-2.04958
-7.7078
0.58689
1.0076
-1.7836
-0.7559
-4.0255
2.8511
1.2983
-1.1937
0.7895
1.1641
-0.9022
0.0519
-0.086
-1.1731
0.29108
2.8611
-0.264
2.2281
0.7774
1.555
-4.882
0.5046
0.8984
-0.1217
0.847
-2.078162
-1.7101
0.4619
0.79006
1.62187
0.5567
-5.0664
-0.8105
-8.9702
-0.88708
0.67027
0.3248
0.2929
0.16807
0.63938
-3.75058
-0.0706
1.7025
1.0766
1.1561
-2.4672
-2.0402
2.8175
-0.16764
-4.1703
0.00472
-4.2807
-1.9102
0.57159
-1.56223
NA
-1.8428
3.9426
-0.87742
0.05193
2.0502
-0.9738
3.18382
1.9895
0.51785
-0.52139
3.43762
-0.6156
-0.1616
-0.9773
0.5781
0.55463
0.4171
-3.03296
-2.2462
-0.45135
-2.91522
-1.5282
-0.2252
3.24305
4.9956
0.14337
-0.31664
-0.19334
-0.9115
3.3111
-0.01575
1.2249
-1.548
0.47689
-0.97092
1.69691
-1.71968
0.63903
0.4415
-1.7021
1.7219
3.14635
0.7628
1.41747
-0.09022
-0.1302
-1.30524
-0.35962
3.26173
1.8157
0.02714
-1.01788
-0.89691
-0.6403
0.3989
-0.673
-0.67699
-1.99407
2.11388
2.64418
-0.32469
-2.95328
3.54131
3.29949
-0.3957
-4.09459
1.34484
-0.8226
-2.40128
1.4605
-0.0852
-1.29926
0.7907
-1.8666
1.1384
-1.04862
-2.9037
1.1757
-1.89879
0.10172
0.44619
-0.3166
-0.79106
-0.41386
-1.56236
-1.48318
7.27896
1.648
-6.39071
1.24146
4.02201
-2.00928
1.4199
2.3874
-16.19508
-7.09654
-0.58899
-0.0173
-0.58835
-0.2914
-1.06709
1.51796
0.5673
-2.4366
-1.45764
-0.54187
-0.6277
-3.0259
3.31
-1.4003
0.38097
-1.2277
0.92797
-1.6546
-2.4775
0.9864
0.45766
-3.44733
0.81683
5.4332
1.3125
-0.34134
0.7646
0.66
0.36554
3.75619
-3.4205
-1.5419
-0.22541
-1.97444
1.1601
-0.8428
-1.55951
0.65194
1.2765
5.02156
0.63512
-0.446
-1.81287
2.4556
0.4229
-0.8428
-0.21681
-2.66267
-1.5041
-0.6788
-0.5483
0.4776
2.02685
0.3784
-1.16432
-2.3433
1.02052
1.70741
-0.4258
0.86797
2.16028
2.04581
-2.01126
-2.62663
-2.4056
-2.7872
-0.95235
3.85262
0.398
1.27321
0.5858
2.70421
0.1136
2.1376
-2.0414
0.47507
-1.0918
1.8593
2.143633
-0.626
-1.01589
-1.3325
3.0725
-1.03971
1.2717
2.23014
-0.07639
-0.5281
-1.0648
0.65754
-0.55791
0.54995
-0.807
-0.50817
-2.77721
0.20735
3.272
-1.74566
-1.7353
-0.1675
0.04326
-0.4665
3.39064
0.06316
-2.5856
-0.7086
1.10237
-0.317
-1.07
2.1945
-0.08074
-2.4602
1.60502
-0.06454
1.46945
-5.3308
2.38461
-1.4295
1.86323
-18.5242
1.9136
0.98758
-0.1991
-1.02798
-1.46349
-1.88079
-5.055
0.8934
1.1666
0.233
2.0926
0.70639
0.5557
0.939
2.7954
1.9222
-0.44003
-1.219
-1.6732
-1.9302
-0.4552
2.0083
-1.2062
1.881
0.9698
-2.492
0.8203
0.5775
-0.0193
2.388814
1.0991
4.9375
1.0484
-1.6892
2.4311
3.699
3.0238
1.6343
0.8302
1.0739
0.113
0.422
3.922
1.4824
-3.0077
1.1163
-1.3221
-5.9204
-1.1657
0.5232
-1.665775
0.527588
0.8543
-1.0561
-2.572421
-0.0281
4.0342
0.5891
-2.0696
-0.717562
2.48449
0.9186
-0.273825
0.151534
-2.4028
1.1258
-0.250401
1.623
-0.192527
1.905815
1.8448
0.8528
1.369864
-0.12
-0.449973
-1.384815
5.3576
0.165523
-1.460969
1.318635
2.018073
-1.9251
1.240497
4.469303
-1.144776
-0.02618
1.527173
6.408212
-1.061424
1.919387
-5.1936
-1.3476
4.7032
0.05331
1.29946
-1.191184
-0.43258
0.95116
2.08
0.5823
0.5439
-0.97173
0.9668
-0.356162
-0.6317
0.4976
-4.5027
-1.32017
-0.2648
2.0151
2.2672
-1.22526
-0.41859
-1
-0.74004
1.48431
1.29001
1.10357
5.3357
2.2674
-2.18084
2.0496
1.65393
2.67341
0.21734
-1.44252
-2.57811
-1.99878
-4.0781
-4.7134
-1.5296
-0.44816
-2.76527
-3.404027
1.63715
0.77761
-2.0747
0.00801
-2.0234
2.8552
0.05956
1.454
-0.34916
-0.74808
2.20449
-0.201
11.5036
1.5396
5.22138
-2.5732
2.40079
-2.14692
-0.5682
-1.08697
2.6497
-0.30724
0.3191
-3.53145
3.1076
-2.3255
-5.15942
-0.54258
2.402207
-0.02363
-0.05033
-0.57134
-0.76919
0.411
4.9256
-1.39519
-1.5328
-0.36664
3.9941
0.66275
-1.64
-0.3686
-0.92842
-0.2389
-0.248999
2.140543
0.35615
-0.88206
0.1703
2.78221
1.89082
-0.3312
3.5582
-0.12836
1.5708
2.553696
-2.5105
0.25407
2.0296
2.094
2.2939
3.04083
-0.66556
-0.03446
-0.7278
-4.58734
1.74948
1.3554
2.6987
0.77256
2.43919
0.13676
-0.04491
-1.19
-0.5885
1.2378
-0.32035
-0.5973
-1.5836
-3.8929
0.3821
-0.10234
-1.1019
-1.8576
1.1542
0.9326
-0.0904
0.36316
-1.870131
1.6568
1.62719
3.06408
0.4603
0.81193
0.42698
-0.04186
0.370208
-0.25443
0.7237
-1.6126
0.046841
0.94216
0.1902
0.2836
-0.4583
-0.7583
1.96611
1.4907
0.2838
-0.2759
5.7499
0.895
2.5238
3.72301
-0.75045
-4.5301
-0.4311
-0.85041
-1.9688
-0.24896
3.0282
0.5188
0.3448
-0.1003
-2.2144
-2.1213
-6.9664
-1.2688
-0.5157
1.436
0.5928
0.860786
-4.3569
-0.90578
-0.52754
-7.8686
-0.45635
-1.0318
2.5292
1.0042
0.0227
1.3652
2.78342
0.30509
-2.4616
-0.7479
-2.6199
-0.3189
1.7304
-0.22658
0.8081
1.8038
-0.4924
-0.9215
-4.5079
0.36224
NA
0.6114
-1.0928
1.78
1.2293
0.1464
2.1052
-0.1904
-0.2049
-0.7716
-1.813
0.7227
1.5387
-1.8453
5.0763
-0.4312
-1.7
-3.6211
0.7584
1.8868
-0.8572
0.3377
-1.4508
1.80363
3.6373
-0.0514
1.3385
0.3219
0.5344
-1.5991
1.86197
-0.60065
-1.7814
-0.3988
-7.47912
1.804
-1.332
-0.9829
0.57875
-0.1655
-2.9547
2.47031
0.45454
1.9004
-6.4622
1.2928
-0.85385
0.0352
1.0103
1.1819
0.48473
0.1696
0.8509
-0.25934
1.3259
1.4842
3.6912
-0.967
3.08307
0.4905
NA
1.8964
0.38304
4.044
1.2008
-1.7045
2.00104
-3.4426
0.6423
1.4531
-1.7505
-0.05196
3.88
2.3432
0.303
-2.1858
0.2037
-0.9746
-1.14609
2.3503
0.2545
1.0019
-1.53526
2.41558
-1.47593
1.04732
1.7094
-1.2277
-0.4342
4.63568
-1.4666
1.77753
-2.0678
0.5568
1.4604
-0.7854
-4.12024
1.37232
0.1018
-1.9594
0.6897
-0.0064
-0.3036
-1.3283
-1.6993
1.5953
-0.181
2.37153
-0.8566
-1.1646
-3.1559
1.69239
2.3464
-0.32477
1.94209
-0.2411
1.4736
2.57368
-3.5545
0.9645
-1.10284
-1.04416
3.7661
0.9946
0.5923
0.85107
0.7396
-0.22604
-1.79
1.29162
1.272
1.0369
-0.55911
3.575
-1.42327
1.19787
-2.5024
-0.92346
-9.96721
-0.5159
-0.40926
2.13397
3.6821
-1.7755
2.21238
-0.57926
1.97177
0.14087
-0.5958
0.75398
-1.199
0.5559
-1.67298
2.22356
0.6312
-3.7497
2.18906
-1.5288
-0.798
-5.1476
-1.80898
2.0563
-0.8945
1.44255
1.22072
-0.916
-2.7103
-0.5566
1.7292
-0.06435
-1.5457
-2.1874
-0.27272
-0.1498
0.61989
0.138441
0.5667
-3.3154
2.269728
7.7943
1.3889
-1.78865
-0.19064
7.38777
0.591
0.53203
0.45628
-10.84833
-1.91586
0.557518
1.61
0.62379
1.4967
-0.1931
0.0203
-6.8328
-0.623685
-0.07486
0.85572
5.1654
-3.0164
7.069
2.7761
-3.0164
-1.3697
0.99072
1.8895
1.0445
0.32488
NA
1.03039
1.49927
-0.8042
2.81744
-1.4695
-0.04903
-1.2256
-0.06864
1.9114
-0.5566
-0.4888
-0.721
1.3762
-1.53744
1.85017
1.6083
-0.8219
-2.0248
-1.26884
1.6651
-2.20809
2
0.01504
0.71349
-0.3549
0.1425
1.6615
-0.0349
1.26549
-0.91417
NA
-0.463
0.6759
-3.16608
0.9445
1.19
2.52318
2.9713
0.60062
-2.50421
-2.7322
-0.86925
-1.06454
-0.6315
-6.72566
1.8884
0.08702
0.7867
0.1921
-3.42072
-0.10199
1.10075
4.07294
-0.047
0.4707
0.804803
0.5903
NA
-0.9801
2.8909
-1.3175
-1.54907
4.4414
-5.23734
-0.5731
1.0529
0.16779
0.46969
1.0825
-1.54839
0.25389
3.11275
NA
-0.76294
1.6812
-0.5383
-1.64332
0.4166
NA
1.2798
0.82258
-1.51421
0.20878
0.81938
-0.14518
-0.9175
0.67203
-0.05447
0.979
-2.2486
-1.84427
-0.3145
0.49848
-1.4289
-3.77811
3.07636
-0.544
-1.74881
-0.66803
-0.7552
0.12
-2.3485
NA
1.10518
NA
-3.31958
-0.294
0.5004
2.22988
NA
-1.03699
-4.3636
1.4077
1.7421
-0.979
-1.3548
-1.88096
-1.08
0.5898
5.2137
-2.01
-0.0539
1.7156
-0.1581
-0.3419
-1.4842
-1.2822
-3.0485
-0.13614
3.0415
-5.03792
-0.1147
0.75343
0.5315
4.1704
-1.60135
0.2123
-1.3111
-0.8733
0.03685
NA
1.6732
-3.141
0.1216
-2.63965
2.98064
-1.12482
4.6341
-0.43891
0.85645
0.50984
-0.109
0.09149
4.50043
-3.9848
-0.6483
-2.12817
0.632
-0.03607
1.14
-2.46029
-1.6423
-0.4617
0.0781
2.51
2.19111
-2.4779
3.49874
0.9834
1.9262
2.95497
-0.4266
-0.81
-0.39476
-0.0672
-0.6134
0.18415
1.8594
0.64996
-2.50596
-0.8459
0.0971
-0.331
-3.7121
-0.97115
-0.50477
-1.7323
-2.8016
1.77024
0.5356
1.1485
NA
0.1774
0.7359
-2.5415
-1.6451
-0.4719
0.687
0.28303
-2.8539
2.2932
2.6801
-0.219
2.3642
-3.0627
0.1951
-0.78528
5.5206
-9.89978
-0.5526
-6.77999
-1.911401
-0.98498
0.8106
0.33784
-0.14177
2.56156
0.49
-3.3039
0.9021
-1.723231
-1.9621
5.419
-2.5136
-3.33685
-4.050696
0.00475
0.3936
0.32812
-0.9619
1.6424
0.4696
-1.79083
-0.11604
-1.3875
1.33993
-1.457
2.45198
-2.19428
-2.1543
-1.9228
NA
-1.1257
0.2526
0.5249
0.3272
0.60482
1.15263
1.03191
-1.0127
-6.5602
1.00135
3.4357
0.2147
0.6149
0.6627
0.4939
2.2607
-2.5308
-0.60063
-1.82453
1.2193
2.6085
-1.947
3.5641
1.055
0.0514
-1.32827
-2.449
-2.2915
3.31982
-2.46236
0.14742
3.6327
-0.7418
-1.49701
-0.5097
-1.38948
-1.0647
4.0151
0.1304
4.0351
0.5078
0.6809
-1.409
NA
0.3417
-7.6645
-2.2301
-1.3733
-3.2153
-0.761
2.234
0.1036
-1.57669
0.4604
-0.066139
-3.00986
2.86114
5.39337
-0.059768
-2.38
-2.41097
1.75086
1.08
0.94856
1.01759
3.6626
-2.2878
-2.6606
0.36392
1.01796
2.9642
3.4512
1.43069
2.4269
-1.0142
-0.2401
-0.28
1.9966
5.0942
-0.5343
0.84247
1.405259
NA
1.71639
2.08695
-3.6211
1.2336
3.10295
0.876047
0.12388
-0.5929
0.231
-3.61
1.99
-0.2696
2.2496
0.28685
-0.9207
0.0212
-0.55532
-2.76526
-1.2824
-1.2118
1.74922
-1.87619
-0.7365
0.5827
-1.2216
0.25133
-1.2897
0.11209
1.45212
-3.61559
-2.6034
-1.9104
-0.773169
-2.000405
-0.5793
-1.56743
-1.02
-0.86477
-1.73526
2.2549
-2.7648
-1.8255
3.5481
3.3547
-0.228
-3.3658
0.6716
2.76201
0.3848
-1.19968
0.2039
-1.7169
-0.653299
-1.4542
-0.3629
-2.2349
1.3425
0.872
1.0963
-2.47989
3.682
-0.29
-1.22447
-0.5108
4.0004
-1.6142
2.64163
-2.73351
-1.9748
2.94328
4.0307
-2.1574
0.2224
3.97653
0.3455
-3.9605
0.1157
-1.48074
0.09211
0.2017
-1.3444
1.06575
0.94656
2.97637
-3.90804
-5.09178
0.5556
1.0732
10.9309
1.3597
1.0979
-1.1262
-0.5597
0.7512
-4.15835
2.51015
-3.094
0.0114
2.23
1.844
0.8737
-2.883
-1.12101
0.231
0.3111
-1.0804
1.99459
0.926
-2.83529
-0.1314
-0.0297
0.21487
-4.3383
3.63887
-0.0423
3.53686
-0.45396
-1.0279
-0.74241
0.1364
1.1901
-0.7873
3.0767
NA
1.3066
-0.7556
3.23491
-4.7632
2.0847
-2.345
-1.5695
0.0363
NA
0.09038
NA
0.24425
2.9852
-0.49417
0.81349
0.5671
-1.1415
-2.07318
-1.4186
1.1862
0.9313
0.6778
0.1973
23.575
-0.21755
-0.498
0.9773
-1.3831
-0.12295
-0.252
-0.0394
1.0483
-1.6126
-2.6191
2.606231
-2.16893
0.446
4.2538
-1.7495
1.77642
-0.4762
-0.94969
1.7272
-5.58271
-1.57809
0.35615
0.44222
-1.0973
0.6639
1.87031
-0.034
2.0967
NA
1.9969
-0.61964
-1.70343
-3.32915
0.327
1.62774
0.0304
1.9746
2.8918
-0.13793
-1.28627
1.78751
0.66674
4.81338
1.287732
-1.38319
-3.66676
1.9839
0.88093
-1.35139
0.0846
1.38723
1.908
-0.3084
1.4266
1.67
-1.165
0.2351
-3.4408
2.66225
-2.06206
1.7
-2.56006
1.2181
