-0.62207
0.57668
-3.14197
1.8887
-1.34306
-4.7558
3.7248
-1.6302
0.1679
1.63857
-4.40933
-2.7122
-4.12815
-0.46784
-2.83909
0.89772
1.87411
-0.1019
-0.2423
7.9567
-0.6066
1.7234
-0.29396
0.0747
-0.5799
-1.1231
0.4188
-3.3315
-1.4684
0.0244
-0.745
2.0644
-0.3229
-0.57664
4.93876
-0.69261
-1.48616
-0.41558
1.622
-0.71275
-3.8173
-0.3131
-1.9386
1.033
-1.5711
2.5042
2.1258
-2.62184
0.73232
-2.456
2.2633
-1.0363
0.4246
1.7842
1.3263
-0.01948
0.4483
-0.46191
-3.8481
0.1281
2.4173
0.3717
0.19775
2.2147
-4.064
-1.2195
1.1565
-7.1659
-2.6881
-0.352
1.71583
1.4653
1.2809
3.3104
-7.7125
2.1209
1.9319
-6.0835
3.3126
2.06837
-3.8521
2.4767
0.11817
-3.2304
-0.60527
1.1106
-3.2918
-0.4887
-2.00196
1.3459
3.3304
-2.1847
5.32768
0.9406
-0.1131
0.3302
-0.2022
-1.9036
1.0729
-1.4525
-2.98443
-1.78267
-0.7406
-1.7452
-2.0414
1.9872
2.9739
1.227
0.3785
1.87076
-0.6646
3.79074
-3.9541
-2.3278
2.1741
3.479189
-4.3618
9.4613
1.43725
-2.3209
-4.2246
NA
-4.05769
-4.1978
1.5369
-3.49766
-1.44901
2.24338
-0.9858
NA
-0.3289
-0.88191
-0.843276
-1.0675
2.4738
1.1577
1.86563
0.38658
-0.46502
4.9766
1.271
0.06279
-6.2705
-1.1187
2.8395
1.0512
0.1272
-2.19971
1.22917
1.0092
0.86359
1.1744
-1.58028
0.1047
0.4849
1.48926
-0.0765
-1.18316
-0.36657
0.3505
0.2993
3.3227
1.8226
-0.24803
-0.3714
-0.36946
-2.1829
2.7897
1.1594
-3.5757
-0.0999
0.8583
-1.89687
-0.4282
-0.2551
0.8629
0.9309
4.28983
-1.6905
-8.6393
3.2787
-0.133
1.15994
-1.599
-3.70809
-2.3249
4.546
-3.6048
0.9818
-2.1306
1.82038
0.10998
-3.0628
-0.49413
0.2331
-4.29009
4.4841
4.42366
2.3752
0.7757
-6.9241
1.68344
-1.37287
2.4537
-0.5663
1.1462
1.4488
1.86182
-1.335
0.9649
-1.58324
-3.4912
0.5316
2.63468
4.753
-2.6215
2.3008
-0.8705
0.3776
-1.4283
-2.2588
7.3229
-3.5124
0.3986
-1.05911
-12.7078
0.8592
1.7756
1.8801
0.2235
5.4882
1.0177
10.7845
1.8688
-3.3667
2.01503
-0.1036
-6.18776
-0.3004
-0.0371
-1.2192
-0.5182
0.7618
-1.8828
1.6271
0.3137
-0.17341
-1.5636
1.1799
-0.11281
4.4063
-0.1063
1.41558
-2.0354
0.9609
NA
1.8953
-0.703
-1.9471
0.9815
-0.76375
-2.8316
1.52706
2.1883
1.8314
-2.35371
-3.365
-0.6412
0.7393
-4.01959
-0.6024
1.3908
-0.2435
2.81238
-0.8162
-2.6761
-1.3543
2.005
-0.8103
-0.463
-0.0578
0.575
1.0707
-0.1826
-2.6907
-1.7255
1.6934
-0.1865
2.8626
3.9567
-0.5944
-6.3083
-0.4605
-0.1332
-2.08012
1.3782
-1.70687
-2.29535
0.29388
-5.2892
0.21549
-1.7641
7.07223
0.6057
-0.35301
-1.8005
0.7882
-1.32698
1.9167
-0.1412
-4.21068
-1.2364
-0.132
-2.6788
0.08962
-0.57861
-0.49322
0.9598
4.4148
1.7789
1.7878
-1.6475
1.35497
2.0846
0.5668
-2.3991
0.3518
1.0452
0.79603
-0.8689
2.3106
2.0434
-2.8143
-2.01736
2.45299
-1.8078
-0.6579
0.98915
-0.78656
-2.3449
0.679
-1.8529
1.1126
-0.85207
-1.79826
0.3686
0.2844
1.9118
-2.3154
2.7708
0.17396
0.76711
-2.8042
0.462
-1.1135
-14.0441
-0.19647
0.35955
1.4076
-2.2683
1.7091
4.9374
-1.8627
1.95812
-5.1426
-0.4527
-1.7404
1.91291
1.5999
4.439
2.22427
-0.4279
0.21547
2.3734
-3.82554
-0.22654
0.6749
-2.49769
0.8198
-0.9837
5.0978
0.533
2.3211
0.612
-0.56
2.44295
NA
NA
-0.24245
-0.6663
-0.33263
-0.77172
0.8153
0.3503
1.1471
-0.32136
0.7058
-0.0193
0.4618
-0.17191
0.7251
0.1772
-0.4224
-0.90596
6.59354
3.9684
0.23953
2.03825
-0.2234
-0.22136
2.277
-0.25198
0.70449
-6.07429
0.3478
1.3937
0.4491
-1.9227
1.364
-3.8333
-0.18779
2.04917
2.934
0.7181
-0.56103
0.17586
-1.8209
0.11981
5.95805
-2.29669
0.40169
-1.38854
2.4273
-1.6416
5.3684
0.1621
-1.08352
5.09081
-0.8816
-1.7165
-2.4558
6.1107
-2.35704
2.1827
-1.8988
-0.63476
-3.5811
-1.6656
-1.1131
-0.46741
-2.104
5.2642
3.66547
-3.714
0.87854
1.2788
0.6804
0.4952
0.666
5.2657
-1.08668
5.63862
-0.1757
-0.5078
-1.4529
2.66207
0.42533
0.5151
1.1415
3.3857
0.41055
2.01351
3.42299
-1.009
0.5746
-2.714
1.5632
1.4694
3.6195
0.4852
0.1445
5.7878
6.0237
-3.6357
1.6489
-2.0827
0.756
-5.5045
0.63784
-2.9559
0.40645
3.5509
-0.9693
2.1547
-0.9131
-3.8435
3.096
1.4679
-1.00719
6.94014
0.62735
0.8659
4.33372
1.23488
-0.86868
0.55714
3.1299
-2.585
5.5133
2.74903
1.8068
-0.7171
2.1257
-0.0745
-0.79973
-1.81461
0.8947
-1.9722
0.1364
2.7949
1.2576
-1.0094
-1.3927
-0.7485
0.4333
-1.55986
-0.2014
-2.38766
2.1655
-1.419
9.4762
1.4714
-1.0323
-2.0648
-3.1572
0.4157
-2.97871
0.51347
NA
0.1741
1.93504
-3.23673
2.4353
1.1921
-0.0643
-0.112
-1.2133
-0.7061
-5.1343
6.3208
-6.9564
-5.5163
-0.0778
0.93
-4.0155
0.5108
-2.0476
1.2165
2.7665
-3.5021
1.7345
1.5529
3.7535
1.2827
-1.3384
1.9834
1.3644
-3.615
1.7504
-3.8526
5.1566
-2.9661
-3.9368
9.2184
0.3284
1.186
0.7429
-0.9611
-0.6174
1.1308
-2.7447
-1.2779
1.0052
-1.7459
0.4028
-0.6366
-0.0999
-0.4669
2.8213
1.7733
0.0738
6.2199
-1.4699
1.3139
-1.6097
-2.0166
0.3675
1.4618
1.5789
-1.7559
-0.7379
11.7951
1.3368
-0.9182
-0.8082
2.0755
-1.5135
0.1247
2.0293
-7.2321
-8.2406
-2.8142
-1.65289
1.26553
-1.30097
-2.3283
-0.59658
0.9475
0.5522
2.50722
-0.1576
-0.38849
-0.6772
0.37917
-0.06868
1.2364
1.69935
-2.37115
-0.15963
-3.69316
2.10479
0.0215
-0.91977
-0.5891
1.54964
3.10534
0.4128
-2.6095
-1.06982
3.5811
-1.6709
-4.2142
-2.35194
0.4313
4.13925
1.3399
0.95035
2.1018
5.3449
0.10015
1.85707
-2.79865
-1.68137
-1.54735
2.0765
-0.44026
0.11245
0.2307
-0.38774
-1.1788
0.61966
0.17122
-0.37166
-1.0806
1.53053
0.40465
0.2662
-4.02171
0.2814
5.24652
2.6746
0.9733
0.97832
-0.0544
0.4152
1.2861
1.371
0.6186
0.8692
-1.2141
-1.6029
0.195232
-1.096885
0.0711
-2.624063
-0.1858
0.130889
-0.362355
7.428983
0.1178
-4.04342
-5.93362
3.1585
-0.2015
1.274
-1.09164
-2.2625
-2.0833
-1.21796
2.27416
-4.40441
-1.11526
1.2104
-0.43589
0.46312
-0.67901
-1.51533
-0.27753
-1.75406
-1.44005
-0.93695
-0.3287
2.90889
-1.07004
-0.88648
1.5944
0.9266
-0.27458
0.23499
0.96399
1.57633
-1.24908
-2.4949
0.8921
0.7469
1.88245
1.8147
-0.0303
-1.25262
1.36242
-0.16547
-1.0362
-1.49027
1.04749
-6.44607
-3.84042
-2.01677
-0.5075
-2.4338
-5.7118
0.2796
-1.746
-0.087
0.9854
-0.5603
-1.3611
-0.7519
1.3125
-5.4494
-2.515
0.633
2.4462
-5.9057
2.9414
0.04087
-0.10332
-0.42245
1.94205
-0.62216
0.89528
5.72335
-1.3904
-1.45394
-1.37777
19.5433
1.20354
1.8522
1.9587
-3.0815
-4.56584
0.93386
0.51763
-2.00451
-5.64738
0.40682
-1.99181
0.4617
0.11778
0.2387
-1.8744
-4.3818
0.1256
1.8713
-0.1432
-0.9299
-0.8524
-4.0417
0.8536
1.1736
-0.3706
0.4966
1.2818
0.5782
1.9746
25.3806
1.6994
0.308
1.9626
0.187
0.5792
-0.6294
-1.1821
-2.2153
1.4207
1.6583
0.32768
-2.4508
0.6183
-10.7114
0.3021
2.664
3.3933
-1.9442
-0.9129
0.9734
0.2288
1.9861
-4.0351
4.6596
1.9626
-3.9253
-1.9372
-3.8521
-3.7639
-0.5053
-4.8145
-1.57
0.5369
3.1907
8.9458
0.94281
1.53026
0.00262
-0.38681
0.5613
2.11017
1.4228
0.08671
0.71072
-2.79022
4.42253
-0.48548
1.51118
2.18477
0.6831
1.75673
1.4597
-2.0407
3.50534
-2.13895
-2.57702
-2.75097
-1.19084
-0.59456
-1.11173
2.39065
2.05115
-0.83787
1.68728
-0.58465
-0.2264
-0.79981
-5.05324
0.36148
0.3261
0.947
2.85612
2.89181
1.0342
-1.73583
1.7168
0.7682
0.6339
-1.1851
-3.041
-0.0852
-1.027
1.9926
5.0494
-0.5858
0.6859
1.7986
6.3688
5.6037
-1.1247
2.5923
3.0165
-3.1033
-0.181
-1.9792
-0.3866
-1.5943
0.428
-2.1321
-0.9109
1.8115
-0.7489
-2.7886
1.6377
0.7049
-2.3483
1.2799
-0.2517
-2.6441
-1.7353
-1.5727
-3.6814
0.5085
-1.3553
-1.0667
-2.4483
-1.0064
-0.3307
2.0426
0.212
0.2695
2.459
-1.2272
2.7361
2.9527
-1.1616
-1.8772
-7.6852
-1.3871
5.4043
3.6693
-0.2064
4.3531
-1.6638
-4.1903
-4.4343
-2.5526
1.8028
2.0626
6.1824
-0.5533
1.704
-2.3201
-2.4595
2.0705
-2.6554
-5.2669
0.8029
-0.974
-0.8801
1.7263
-0.6191
-4.1864
2.54096
2.225
1.34148
9.37957
-0.73526
0.5164
-1.43059
0.13893
-0.9383
1.031
0.92425
-1.11573
-0.1278
1.28249
-0.7559
2.60363
5.63922
1.0674
-2.3975
-1.386
-1.577
2.4822
1.3814
0.9632
-1.2755
-1.1855
-2.3231
-0.7848
2.2302
-1.9903
-1.8025
-1.5543
-1.488
2.0654
1.2361
6.9307
-1.5006
0.0998
2.4763
-0.5206
-5.6884
6.4083
-1.9762
1.0414
1.7265
2.0378
0.8771
-1.2718
-0.377
-1.6711
-1.8384
0.0915
1.0916
0.3944
1.9354
0.0092
0.6533
-9.6012
-1.02
3.8647
18.7498
13.2017
-7.0224
0.8381
2.7192
3.7021
0.0561
7.4182
1.4875
0.3465
1.843
1.8349
-1.2718
-1.2718
-0.1052
-1.1811
0.995
-1.1026
1.6836
-1.13732
0.56996
0.79419
0.90018
0.6799
2.3916
-0.39632
0.1982
1.85623
0.78351
0.49367
1.6536
0.2714
-0.2999
0.0427
-1.89708
-0.4764
-0.9041
1.30846
0.66358
-0.92279
-2.7141
-1.06437
NA
0.06979
NA
0.8287
NA
-3.4996
10.3621
1.4783
4.4452
0.43042
0.84064
-1.88057
1.42912
-2.1905
1.7033
-3.14507
1.17262
0.3041
-3.13291
-0.7137
NA
1.09964
NA
-2.47251
-0.9097
0.85328
-0.5175
1.1293
-0.0114
2.1393
-1.0287
4.1346
1.4775
2.7345
-2.7995
3.0478
2.2284
0.5034
0.2208
1.3413
-0.5028
0.4473
-0.3855
0.2821
-1.3419
1.5337
2.1389
-1.1293
0.5114
0.5721
-3.9325
-1.2081
1.3358
1.1015
-0.0718
-3.6891
0.3991
-1.1624
0.5645
1.5844
-0.2291
0.4229
-3.3995
2.6859
1.5101
-1.733
-3.7046
-1.3618
1.0184
-1.9511
0.3493
-1.6279
-1.0791
-0.7224
-1.527
0.9528
10.5263
9.617
0.8292
-0.9686
-1.287
3.9378
1.3219
-1.3043
-1.45132
-3.10009
-2.03184
1.53009
1.4941
-1.87009
6.6107
-9.93129
3.7865
-1.85666
11.35813
5.2349
5.21851
-0.96
-1.87399
2.2622
6.03031
0.3669
1.12484
-0.19468
0.2319
2.7349
-0.65253
0.13834
-5.4795
0.46908
0.9839
1.79198
0.8981
5.42926
0.82319
-0.2763
-0.83094
-0.18019
-1.03823
1.529
0.54223
3.5708
-1.4413
0.86129
-0.47874
-1.5444
-0.3682
-1.196
-0.0645
-1.06152
4.3082
-0.17729
2.29017
0.13198
0.4355
1.10326
1.4906
2.74578
-0.04336
-1.2466
0.23363
-0.3436
0.52736
2.794
0.77132
2.2324
0.75785
-2.64724
1.9219
1.22051
2.0564
-2.04635
-3.41929
4.45093
-0.26123
0.4444
-1.78337
-0.42153
-1.27435
-1.0462
6.26579
-1.44317
-0.432
-1.3653
1.22455
-0.5601
-1.99643
-1.5901
1.55196
-0.82357
-0.13369
-0.2734
1.97348
2.5397
-3.25573
-3.6701
-0.83527
-0.12
4.71517
-1.50789
-2.7926
-5.6094
-2.41059
-1.49811
0.34846
1.8109
2.0816
0.59225
-0.98466
-0.3436
1.10828
-0.29983
-0.84713
1.1862
0.9987
-1.76818
0.45552
-0.7508
-0.77487
2.29583
-1.25549
-0.563
0.27372
1.75953
-0.19446
-0.0358
-0.7957
0.699
-0.0593
-0.4904
0.48798
0.82977
0.63709
-0.7885
0.97475
-2.1075
-0.2351
-1.4333
7.43736
-0.47066
1.1401
2.5317
10.03358
-3.42848
-3.83566
-1.53738
-2.2509
-0.51583
-0.15953
-0.0511
1.0902
-0.0929
1.1611
0.24554
1.26721
-2.0447
2.64094
2.386573
-0.1889
1.74827
-1.4571
-0.70843
-2.08184
-0.9643
0.5505
-5.5712
2.38617
0.914
0.5624
0.5874
-1.5998
1.8469
7.2019
3.8113
3.4862
0.4366
-1.321
0.05879
0.136
-0.30095
1.65297
4.23858
-0.59838
0.3677
-0.6982
2.5288
3.3518
-0.2196
-2.2779
-5.96206
1.03361
1.7123
-3.26851
0.12577
-1.232
4.1221
-0.0986
-2.5042
1.5233
0.2685
0.6181
-2.6111
-1.3125
-1.5282
-1.0338
-2.3605
1.6464
-0.5175
-2.1694
3.0869
2.3806
-1.4174
0.05286
2.19422
0.3775
2.3537
0.7871
-0.0867
-0.5123
-0.310078
2.245833
1.129352
-4.558912
-0.409304
0.9066
2.1516
-0.0236
0.2111
1.93856
1.78559
1.13416
-3.5454
0.1216
-1.7505
-1.977
0.4433
2.7615
-0.5644
-1.1177
1.0255
-3.03745
6.9154
1.4218
-5.80365
-1.80126
-3.6626
-0.2799
0.1819
-1.7075
0.3718
-2.9111
-2.5504
-2.180403
-1.2007
-1.116
6.4922
-1.65602
3.28511
2.8221
0.05285
-0.67965
-2.9174
-1.1234
3.32467
0.6831
-2.21766
2.32388
2.0103
1.21144
-0.23578
3.02149
-0.8191
1.8983
-0.63147
0.05079
-1.5196
-1.076
4.6634
2.3069
0.065244
-0.6527
1.2165
-2.3102
3.0063
-1.5096
-0.05209
-1.71799
-0.57936
-0.33084
1.5515
-2.047
4.08255
-2.8124
2.02147
2.3125
-0.89463
0.0427
1.39921
0.9897
-1.37852
-1.69573
-1.56441
-0.0159
2.43641
-2.0694
-0.8983
0.4096
-0.9391
2.1456
3.20471
0.46871
1.3524
NA
NA
6.2734
NA
0.64482
NA
-0.7365
NA
-3.2051
-0.02568
0.33078
1.78676
-0.76236
1.82593
-0.4934
-1.6816
2.2649
-0.86066
-4.42283
1.04374
-1.7322
0.7224
0.154657
0.712875
-8.2996
-1.1441
-1.42428
-0.5237
-0.036
1.4927
-0.5615
0.8164
-2.12834
3.06554
0.3412
6.54831
-0.079
-0.99518
-0.5837
1.17587
1.8374
0.14573
0.7109
2.3458
-2.5292
-0.45355
-0.62508
0.3877
0.1794
0.2302
1.0498
0.75816
-0.4232
-1.56672
0.6363
-0.70307
-0.12987
-0.24025
-1.7265
1.39084
0.06098
-0.64845
0.854
-4.857
8.8927
-0.1681
-2.944
-0.130408
-1.083449
-1.9929
1.8026
-0.2699
2.00191
2.56639
0.9921
-1.6989
-1.1488
1.1367
-7.1721
2.28896
-0.8764
2.6693
0.10232
-0.327
-0.7086
-1.704
0.9454
-0.0194
1.1642
-3.0167
5.3541
0.16944
-0.50211
2.66645
-2.79828
1.2337
-0.7077
0.07373
0.73285
-3.02609
-0.02423
-0.3611
2.5306
-1.51734
-0.042317
0.0169
-2.61579
-0.28807
1.07968
2.3254
-2.52777
0.2577
-2.2587
1.1418
1.0234
0.5711
2.8441
-0.2648
-0.2598
-1.66349
-0.3163
0.50787
1.606
0.3885
1.3545
-1.13341
-1.74909
-2.1184
-0.0885
1.1499
0.1187
-0.8787
-0.2716
-1.5598
3.0728
-1.4257
0.4532
4.2561
-3.6083
-1.0862
1.8359
0.1836
1.1184
1.6268
5.27101
-4.1182
1.2897
-7.1667
-7.5515
3.9403
2.24626
1.82896
1.3834
1.4676
-0.52111
0.13521
-1.46773
2.2824
1.84531
0.50504
-1.454
2.5382
0.3798
-1.56446
0.9473
0.9473
-0.99482
0.0467
1.3475
-2.6122
1.5721
1.2582
0.8534
4.0566
-2.12053
4.2737
3.4086
-0.8701
-1.2339
-1.9324
-2.0003
-1.3357
2.2539
0.3734
1.5587
1.93367
0.43289
2.1103
-1.2842
-0.83085
-1.5488
1.5978
3.6281
1.191
0.452
2.2717
0.423
1.6728
-0.0421
-1.162
-0.64158
0.49571
2.08468
1.7329
-0.70362
0.0515
0.4445
2.411
-0.6553
-0.4228
-1.23621
1.7014
-4.4157
3.12082
3.3548
0.3184
-3.495
5.4054
0.5511
-1.98011
-2.1824
-2.5592
-0.0399
-0.0732
1.3448
0.419
-0.6836
-2.7386
3.8278
-0.663
-1.23033
1.87899
-5.8223
3.0553
-1.3659
0.9492
-0.7469
-0.2835
-0.5548
-4.2858
1.17668
0.90154
0.01388
-0.4316
1.5694
-1.2018
-0.1987
-4.7211
-2.6946
0.2263
-1.7149
-2.076
1.0809
1.59
-0.0691
0.3438
-2.44513
-0.0869
1.8387
-3.3149
2.3688
-3.38367
0.9052
2.7161
0.9652
2.34995
-0.6146
-0.3194
0.8808
-4.73885
-4.42033
-0.81529
-3.69934
1.2218
1.4483
-1.13714
-0.9766
-0.83021
3.646181
0.8587
0.920745
-0.9545
-2.7767
-0.4943
-0.6857
1.1859
1.62696
-2.3796
-2.37422
-0.930427
1.053431
-0.000743
-0.66057
-0.9509
-1.5565
-0.841
0.3002
-0.1632
2.8854
0.7637
-1.01516
1.3803
0.2811
0.7295
-0.7448
-2.2688
-1.2614
1.21256
-0.71854
-1.6037
2.0698
1.0772
-4.14026
0.60587
-1.93329
-1.45349
-0.93724
0.54665
0.2526
-1.32435
-0.6239
0.311
3.47552
-0.65328
2.25193
-0.8152
-0.2034
0.8164
1.20596
1.4685
-5.2936
0.2173
-0.7156
-0.7841
-0.9418
-1.59707
-1.32299
0.2022
-0.28654
-2.6241
-0.4592
-2.3805
-1.7814
-0.7194
-8.4623
-0.13026
-1.46896
-0.7741
2.0622
1.1815
-2.0953
-1.3527
2.1001
-4.1936
1.7275
3.7383
-0.3363
4.73962
1.1892
-0.079573
-1.1348
-0.7398
-0.8583
-0.1738
-1.1496
-0.3092
-0.1571
2.4924
-5.6975
-0.167
1.8
0.85262
1.17105
-1.9797
-2.2864
-3.5309
-1.75911
-1.7265
2.3233
2.9075
-2.1034
4.024
0.1833
-5.77821
2.02644
1.92655
-2.4031
1.4476
1.0411
0.9108
-3.5581
0.76611
1.33466
1.09205
-0.5489
2.01773
1.8407
-2.6667
4.00107
-1.7488
-0.0543
-0.9879
0.9186
0.4482
-0.1278
-0.8338
3.79725
0.5389
0.7888
-0.3343
-4.5331
0.4132
-1.191744
-0.471
1.3137
-1.8123
-0.747857
1.111478
2.6606
-0.1357
-0.8653
-0.24952
-0.8318
-1.05593
0.23849
1.47035
0.15174
1.23661
3.9052
-1.9089
-1.4764
-1.5179
0.5978
0.4279
-0.7989
0.8192
-0.8905
-0.50281
1.7093
-0.4132
-1.64834
0.42356
-0.85714
2.0965
-0.3615
-2.9403
1.9085
1.0623
2.9197
-0.7785
-2.2666
0.3482
-0.9719
-1.7255
-1.4998
-3.7059
0.4462
-2.2414
3.9538
1.2206
0.7001
1.1506
2.74679
-2.98645
-0.7734
3.4787
2.4547
2.4849
-0.2037
-3.1092
5.4361
2.1308
-1.5024
-2.1473
-1.97
-2.6146
-1.7146
-0.44459
NA
NA
0.27438
NA
9.71486
-2.7513
-0.39482
-1.2599
3.8921
2.3428
0.69298
4.7062
-1.5685
-1.3293
1.6285
0.2633
3.7368
-2.1291
0.1147
0.1509
1.8158
1.0449
4.6773
-4.2255
0.6393
-0.0066
0.9625
-3.6622
-0.2344
0.3004
0.2534
3.2757
-4.1324
2.26146
-0.07068
0.81996
0.39296
-1.69652
2.1283
-0.39024
0.02414
-0.88663
1.45745
-2.6645
-1.9838
2.55339
1.66207
-1.8032
-3.0095
3.5797
-2.0341
-2.622
1.4028
2.0967
2.0802
-0.4339
-1.4055
-0.5
-0.3653
-2.72471
-1.02281
0.42027
-2.64357
-2.604
-1.00473
1.8949
-4.51262
-0.818
-1.4309
0.6288
-1.6149
0.3133
1.7273
-2.263
-0.4172
0.7625
-1.0164
-0.06333
0.32358
-5.56079
2.29799
1.10491
0.9428
0.01322
-1.05854
-1.58424
-2.2161
3.001
1.10068
-1.64817
-0.39767
3.6356
-2.99866
0.7516
0.7173
-0.90668
0.1051
-1.8625
-0.5732
-0.2163
0.3366
3.6882
-3.293
0.1331
-2.2988
5.9248
1.5992
-1.7263
1.4001
-2.8931
-0.9976
0.4618
-0.2956
1.0067
-0.9795
3.8182
-2.4044
1.12468
-0.2055
5.2219
2.933355
0.3424
-3.32449
0.3231
0.033
2.7317
0.8655
-0.5848
1.5961
-3.62
-0.5858
0.9072
1.1308
1.5081
4.1538
-4.3317
0.1496
-3.3966
-0.8424
-6.7173
0.2366
-0.783
1.2467
0.0157
1.2849
-0.9164
5.5091
15.4755
0.4568
3.475
3.39712
1.4782
-3.45593
2.581
2.73008
0.13527
1.4439
0.9093
0.35912
0.2568
-0.28121
1.05935
-0.6389
0.5188
1.25431
0.71823
-1.15373
2.71351
0.34197
0.4011
0.5012
5.94536
1.7068
-1.6569
-0.9524
-0.9594
1.575
-1.2191
-0.7379
0.0297
1.6457
0.7334
0.7623
2.0472
-1.8472
12.1351
0.2146
-0.6235
12.8445
1.7282
0.6539
0.274
0.8509
-0.8938
1.9499
-0.2718
0.3004
0.1151
-2.3465
-2.1229
-3.9995
3.0482
2.0833
-0.4678
-3.1962
-8.0576
0.7882
-1.2162
-0.7211
1.48477
2.3379
-0.2916
0.3279
-4.7101
3.2033
-1.16817
-1.14109
-1.92722
-1.1046
0.00209
-7.3085
-1.6406
0.3244
-0.0262
-1.9769
1.98648
-0.10412
1.48161
3.06683
-1.40045
2.37982
-0.1051
-0.90084
-1.41098
-0.76724
2.30126
0.2388
-0.5518
0.0277
1.91991
0.10118
1.9275
0.41146
2.3328
-0.7533
0.08196
0.87629
0.24405
-0.6013
-1.3867
0.41761
-1.4266
-2.9825
-0.2001
1.80549
-0.4967
3.27138
0.83146
3.0809
6.11026
-9.6859
1.1019
-11.0244
2.2077
-2.9296
-1.5359
0.5251
0.78587
0.78385
-0.2155
1.0919
-0.3346
-1.29772
0.28415
0.18199
0.2146
3.07926
1.5467
5.3805
4.42335
-2.24425
-2.67383
-3.26874
-0.8299
0.21407
0.18346
-0.6999
0.69426
-3.448
0.47552
-1.59496
-0.01255
1.35335
-2.1978
1.72432
0.3192
2.6157
1.40343
-1.02405
1.13564
-4.33329
0.42557
-1.29694
2.03587
-4.7849
-1.3697
2.85975
-0.05753
-0.6335
2.9563
1.21931
-0.948
0.2239
2.0601
1.0533
-1.2515
2.7453
0.0625
0.0738
0.4713
-0.3513
-2.4864
-0.1077
1.5075
-2.7081
1.5455
2.38212
5.13725
0.1608
1.09117
4.1584
-0.1843
-0.84699
2.1662
-2.03736
0.2205
-2.95055
2.81747
1.6638
5.0046
-5.6765
0.1428
3.3152
-1.2616
-2.1498
-2.3161
-1.5275
NA
1.06105
0.6474
1.3992
1.0938
-1.2802
NA
NA
-1.12841
4.5701
-0.9198
-1.9423
-0.19888
2.84991
-2.30625
-1.58395
-0.77519
1.53147
-2.80077
1.0507
0.20448
1.7154
-4.99372
-0.37387
-0.66684
2.59824
-2.06103
-1.4233
0.9727
2.23265
NA
-2.62793
1.90383
-1.78683
3.3654
-0.12078
1.7917
-2.22922
0.89976
2.1678
3.48779
-1.6833
-5.1124
0.11103
-0.71347
0.84451
2.1573
-0.6283
0.85057
-0.7851
-0.39958
0.3551
0.1553
0.2967
2.5732
0.5043
3.7208
-3.3433
2.4529
4.5006
1.213
1.0502
1.7083
-1.8657
2.9975
6.5886
1.0632
1.2465
-1.8395
0.0198
-2.4307
-2.6808
3.2461
-0.5463
1.0169
3.68
-0.612
0.6545
0.6107
-0.6146
3.2345
0.5232
-0.3655
-0.2721
-3.6086
-0.3922
2.4139
3.4245
1.168
1.1982
-0.0562
-9.3329
-8.6742
0.5185
-1.2122
3.2088
-0.7204
-3.5114
-1.7887
-1.7667
3.6021
-2.6193
-3.1667
3.19247
3.3874
1.5308
-0.91174
-3.8857
-0.6069
1.3923
-0.81995
1.51169
0.8738
-0.28073
2.76794
-1.385
0.1737
-1.589096
3.382749
1.6709
0.7317
-1.1878
0.2003
1.9762
0.7662
0.3753
-1.2314
-8.8515
5.09832
2.8185
-2.0473
-0.6295
4.6196
3.0339
3.7212
0.7858
-6.8409
0.45005
-2.1851
-0.42812
-0.4192
-2.08087
1.48095
0.7136
0.10337
0.434
-1.5016
0.95232
-4.5031
0.521
-4.93392
2.90894
0.6225
1.1377
-2.2959
1.3041
0.71681
-1.5497
-0.704688
-1.2709
0.4565
-3.2025
0.8146
-1.9331
0.19509
1.67598
-0.50926
-1.4791
1.03041
1.50572
-1.00712
3.0122
0.2224
1.546
0.9611
2.57
-1.1697
-0.691
-0.99794
1.6488
1.5219
-1.396
-0.35686
0.3192
-0.9319
0.116
-2.0944
0.3954
-1.0968
-0.4647
-3.77701
2.20322
-0.084143
-0.749
-9.45046
-1.9657
-1.2752
1.64655
1.28918
1.8406
-0.6429
1.7892
-0.6192
0.20188
1.80592
-0.7145
-1.9583
-2.0237
-0.18229
0.7309
-1.23844
4.63235
1.31033
1.56134
1.00044
-5.77298
-0.47026
1.3093
1.54551
1.2618
-0.19853
1.4986
-1.19014
-1.4326
1.52961
2.6915
-0.0786
0.0652
-1.44714
-0.0892
0.61814
0.71318
-0.31527
0.26727
0.63094
1.517
-0.8028
-0.86182
-0.82455
1.773
-1.8461
3.1701
3.3066
2.435
0.809
-0.1336
0.0788
-0.3618
-0.2692
-3.23333
-0.5332
3.79175
-0.5011
0.331
1.6104
-1.56063
1.29032
0.11502
-4.2629
0.1377
-1.8613
-0.9799
0.3436
2.022
-0.58608
12.63544
2.04229
-0.8122
-0.28258
-0.3531
0.27546
-0.1574
2.96863
-1.19165
-0.4422
0.7616
3.4494
0.12871
-0.3959
0.364
0.0127
-0.331
-1.53484
-2.47788
-1.66518
0.8781
1.78614
-0.0195
-0.22609
1.9411
3.8662
-1.8052
-0.8046
-1.2835
-2.1206
1.4379
0.7067
2.48705
-0.7088
0.2253
-1.5213
3.62618
0.5673
-2.19982
3.61422
-2.1482
1.7155
0.3771
1.2923
-4.8275
-1.5213
0.00348
0.1774
-0.09265
1.242
0.0649
1.5897
0.88993
-1.47143
2.985
1.44869
0.7447
-1.2466
1.70286
1.3567
0.4153
-1.18963
-1.2281
3.4557
0.2105
-0.631
-0.45309
0.1183
0.18671
-0.1128
0.3207
1.27095
0.2758
1.2157
3.0802
-0.7342
-0.61045
-2.01545
-0.6565
0.8828
1.2813
1.6777
0.194
1.0928
-0.31891
0.13829
-1.74282
2.3086
-3.22521
-0.62256
2.73087
1.8107
1.29005
-1.5669
-1.0077
5.608
-1.08519
0.9019
-0.28749
-0.65423
3.49589
1.03684
-0.9484
1.35167
1.3645
0.58736
1.2003
-0.59353
4.3027
-1.6104
-3.07787
-6.042
-0.45411
0.96128
-1.07909
1.6714
-0.9003
0.7175
-2.6245
2.7174
-1.05121
-1.4954
3.72806
-0.8561
0.5078
0.75326
1.1285
0.67244
0.92831
-0.25837
-0.2242
-0.20464
0.67357
-0.05767
0.2919
-1.29285
1.1749
4.70275
-6.6246
0.7136
6.48276
-6.15938
-0.67101
0.59618
-3.26297
-2.5796
2.3303
2.3658
1.2127
1.0542
1.5002
-1.053
0.1587
-0.8283
1.3654
1.064
4.0842
1.0694
-4.0156
-1.2617
0.2818
2.5475
2.5775
0.88218
3.2196
-0.47117
0.48049
16.7098
1.1298
-0.27163
3.3783
0.7851
1.05261
-2.832
1.2277
-1.1108
1.2722
-3.9519
13.7824
-2.6244
-2.8487
-2.3663
-2.5953
-8.455
-1.7767
-1.9938
-1.6116
-3.2868
-1.8626
-1.7106
-1.4306
-0.7886
-1.2735
-1.4204
-1.2405
NA
NA
-8.0993
3.87385
8.317
1.22707
1.8361
-1.41403
-1.03299
-1.28177
-1.5303
3.0929
1.3205
1.8751
-2.38353
-5.9722
-2.4634
-1.04102
-0.77602
1.12544
1.3437
-1.54446
-2.92133
-0.38573
0.51143
0.96626
-4.82457
3.25557
0.04711
-0.5547
-2.0928
-0.96711
0.17297
0.0783
-1.54213
-2.378
-2.8967
-0.48816
2.3087
-1.83374
-1.9276
-0.79929
-0.30351
0.67645
0.49648
1.95543
-1.67756
0.19954
3.14856
1.1101
0.7442
4.49941
-2.12965
-1.4325
-1.88614
4.51512
0.55221
1.7275
1.3722
-1.0723
-0.40893
0.09563
8.55269
1.06376
-4.7089
2.2547
1.1405
-3.15353
0.8014
-0.00336
-1.6495
6.8019
0.27267
-1.97926
1.47413
0.30077
-1.2115
0.32889
-0.1065
-0.9423
0.7842
0.05215
1.9002
-1.19924
2.8353
2.1368
-0.5413
4.9157
-2.9251
2.5358
1.85005
1.32361
1.51344
0.3351
1.9854
-0.301
-0.8135
-0.0164
-0.99373
1.2018
2.67717
-0.3222
-0.53301
-0.393
1.4499
-0.8086
-1.8821
0.3502
0.257
-0.3663
2.3478
-1.3687
-0.32737
-0.1943
-0.2499
0.62417
1.01
1.8454
0.4741
1.2874
-1.651
5.46011
2.3698
6.3805
1.60853
1.04666
-0.36447
0.58165
-1.54451
-0.99343
-4.3077
-2.9135
-3.3159
-5.9269
-0.65696
2.9696
-7.9567
0.3731
2.7199
-0.1058
-2.5276
2.1664
-3.72605
-0.2334
-1.46817
0.5236
1.42721
1.30441
1.45031
2.95703
-0.60226
6.6828
6.6828
-2.2766
-3.9598
-0.1015
-1.734
0.4319
-0.2488
2.2864
-1.7524
-1.7199
-1.6229
0.30261
-1.6226
1.2888
0.8576
5.2259
4.7765
0.56146
1.1583
1.4151
0.79989
-0.3392
2.92192
-0.352
-0.8769
0.1093
-1.4589
5.1042
2.277
1.05347
0.7299
-0.1448
-1.29785
-2.62168
0.2018
0.36803
1.22767
-1.8351
0.62679
-0.63055
4.6057
0.9287
-1.5361
-0.4118
-0.07145
-0.19407
-0.40282
1.1761
1.94012
-0.8523
-2.6772
1.30046
0.96428
-0.84501
-0.92044
1.7455
-3.7308
-1.8791
4.7885
-0.1618
-0.36546
1.6152
0.44532
-0.5564
0.601
-0.06179
-1.9827
-1.2749
1.2387
0.0769
-2.4935
-3.7305
-0.4403
-0.0647
0.80333
-4.1892
-1.1053
-0.0548
-0.532652
-8.1624
0.948563
0.9625
-0.8998
1.8441
1.8827
-1.2204
2.6549
1.1506
-1.3141
10.0046
-1.1465
1.2534
0.8431
-2.2158
-2.867
0.0878
-0.196
3.0823
-1.4946
-1.4135
-0.96
-2.28898
-2.62174
0.37777
-1.2112
-0.7355
-0.6513
-3.9405
0.3152
0.6249
0.6021
-4.3383
4.83
-1.0681
-1.8731
3.1346
-0.9779
0.1531
-2.205
-1.9498
-0.161
0.6052
0.0124
-2.9746
-0.1422
-0.3391
-1.0451
1.3018
2.1312
-3.3658
-2.1562
-2.1481
-5.2702
-1.0221
-1.70928
-1.9425
-0.36977
-0.7107
-3.00957
-1.865
4.35988
0.9574
-0.06812
-3.5805
-0.3867
-0.5214
0.985
1.3655
-1.3314
1.2202
-0.72177
4.6664
0.0276
2.62292
0.5096
0.6311
-0.54597
1.2597
1.73953
-3.229
-3.7461
-1.7682
2.5865
-2.1943
-0.78712
-0.3893
-0.0817
-8.9735
3.1392
-0.342
0.7478
0.6748
-0.6327
0.1676
-0.5059
1.4991
-2.6475
2.745
-3.3497
-1.1673
1.7739
0.5497
0.3622
-0.6591
0.946
1.6917
-3.3179
-2.6302
2.01
5.49027
5.0066
1.7715
-3.4138
1.73996
2.5615
-0.8702
-3.4104
-0.3509
-1.9261
0.2653
0.6991
-2.5162
2.0453
-0.67522
1.1507
2.9018
2.1767
-1.4904
0.2947
1.6301
0.48677
-0.2975
-2.4506
-2.6309
-2.1278
-0.5319
1.4763
1.0832
0.363
0.4964
1.0824
0.1222
-2.4725
-4.2577
-1.297
-2.3188
2.6502
-1.9412
1.267
-5.3415
-1.696
0.991
0.9727
0.1345
0.46025
-2.65822
-1.2897
-1.112
-0.829
0.5722
-1.4324
-2.2499
0.4036
3.49101
0.41985
-2.00965
-1.72298
-2.26358
0.7679
-0.51887
0.2322
-0.5586
-4.375
-1.2757
-1.3326
-2.1427
0.9904
-2.43074
NA
-3.9893
-0.84336
0.3476
NA
0.51313
-2.1717
-0.569
1.37377
0.92729
0.3462
3.58
-0.89631
-1.9217
0.2798
-3.92621
-1.4328
1.5784
1.65492
1.18399
3.2441
-3.1872
-0.6981
0.9387
1.34301
-0.21716
-0.9344
6.031
2.85514
0.33979
0.6487
0.71119
1.4568
-0.75658
0.6323
2.83726
1.7954
1.18241
-7.624563
1.75403
-1.5266
-1.498
5.7384
1.46094
0.86428
-6.4416
0.6672
-1.45558
0.1745
-0.4158
-0.2982
1.1979
0.64426
-0.6161
0.7411
-1.9179
-1.8359
2.71339
1.97962
-3.9628
-0.72543
-5.65
4.7116
9.2537
3.08983
1.2312
0.86585
0.18912
-4.1478
0.30488
-0.2431
0.885
0.3261
1.0935
-1.6242
1.5996
-2.45099
-0.16
0.2772
3.8731
-1.175
-0.687
3.143
0.9101
-0.87205
-0.32502
6.02742
0.4737
-0.0623
-2.6918
-0.5166
0.7622
0.1534
0.9898
2.678
-1.092
1.6573
0.0446
1.1297
-0.8801
-1.7664
3.026
-0.5634
-1.0432
-0.3728
-1.01345
-2.216
2.29595
3.5625
6.7888
-1.7846
-2.0087
-1.6756
-0.6545
-1.5011
3.2977
2.67802
1.2024
1.76114
-2.7644
-1.6235
0.86927
0.8867
2.5138
-1.6952
2.2947
1.3392
0.1624
-0.3746
-0.47155
-1.4919
-2.7792
2.0863
0.8602
0.9743
1.25401
-0.790018
0.9132
-0.2276
1.5017
-1.0986
-2.2799
1.3781
0.33316
1.1523
-1.0963
4.2246
-0.3799
0.804
-6.49229
0.86803
-0.8685
-0.048
1.0659
-0.35862
3.4466
1.792
0.0451
1.0372
1.69682
1.3254
-3.8737
-0.6503
0.1307
0.2636
-0.1403
-0.1596
-0.35994
-0.5539
0.5768
0.5581
-4.6353
-1.71314
0.2559
3.0493
3.0921
1.61495
-0.4824
1.557
2.0563
-0.1845
0.3223
0.6943
0.72422
-0.6087
-1.6589
3.0292
0.13646
-0.0334
3.343
1.2116
-2.70987
3.6702
-2.9587
0.6151
0.4615
1.7615
4.3077
-1.83578
0.0961
-0.047
-0.0651
-5.0109
0.35867
2.7853
2.3993
3.272
0.0357
4.092
1.83086
0.2054
1.23046
-0.76962
0.0462
-0.04549
-0.37755
-0.5629
-3.1955
0.16851
-1.7891
0.7537
-0.23663
-0.6218
1.1008
-4.1447
2.1267
3.1024
0.2024
0.93224
-1.0007
-2.6291
-1.8638
-2.3026
-1.8015
2.23559
-1.1106
0.0228
-4.04591
0.0691
-1.0352
2.6867
1.1337
2.5876
-0.4003
0.3193
9.6388
1.0471
0.3757
-5.2992
2.9687
-0.44218
0.49144
3.0104
1.439
-2.0276
0.6556
0.2429
-0.3321
-1.833
0.86024
0.169
2.6922
-1.028
1.5358
-3.297
3.0348
2.0819
-0.5566
2.4467
-1.6973
2.6536
0.7201
-3.5881
2.31476
0.99887
2.2028
-1.1923
0.0257
0.5027
-0.972
1.5397
4.8431
1.0653
2.4313
-1.1416
1.6494
0.56688
-2.2712
-1.493
-0.2357
2.70773
0.3047
1.1672
2.8068
-2.45554
-0.01986
2.37707
-1.6802
-1.00795
1.40412
0.11791
-1.8202
3.2982
0.30727
-0.2316
1.2264
-0.7879
9.542
-1.5403
0.5322
-2.4769
2.10653
0.2412
-1.1215
0.1028
-1.1199
0.2874
-3.4653
-0.1741
-2.5775
1.6893
0.0096
0.2087
-0.685
-4.7274
-1.5097
4.3624
5.03774
-0.2895
0.4733
0.3223
-1.1885
-0.21136
0.9561
-1.013
-2.40028
3.5043
-0.00408
-0.967
5.3249
-3.526
-2.7205
-1.5206
-5.3249
0.9849
0.1844
2.2064
-0.3186
0.5065
0.8119
4.8967
1.2979
-0.738
-1.371
1.0092
-0.9561
0.374
-2.04162
6.0411
4.2939
-1.40897
0.7103
1.31434
2.94
-0.7282
0.99712
1.4151
0.59475
-0.54176
-1.7999
0.16903
-0.08003
1.31678
-0.2988
1.7126
-2.7457
-2.9911
1.76872
3.1907
8.349802
0.8277
1.4758
2.9431
-1.28994
-1.2702
1.26502
1.4028
1.5868
1.0814
-0.1856
-2.491
3.4482
-1.0995
0.315
-0.9842
-0.44331
0.2642
15.43365
1.3892
0.23
2.3985
-1.5944
0.99221
-0.9716
-1.8058
-1.9113
0.2126
-1.7416
0.92448
0.6218
-0.8291
-1.9085
NA
-0.0931
-0.2041
0.1603
-2.9661
-0.5841
0.7118
4.0458
2.8858
-2.2444
-6.4985
-3.2586
3.3285
-1.6681
1.3987
3.5435
-0.15734
-1.5327
-0.5141
0.1943
0.3248
1.0387
0.8218
-0.6201
-3.3326
-0.8267
-0.2939
-1.4837
-2.2413
1.8042
0.8013
-1.0476
-0.0249
-2.1081
-0.75
-0.38194
-0.1875
-1.9986
1.3045
0.2646
4.7028
-0.8698
-2.99408
2.8933
-5.4554
1.254
3.58273
6.9383
0.1615
1.2157
-0.4869
1.0484
-4.5147
3.0953
1.85077
0.2096
2.1108
0.93043
0.3946
1.5976
-0.69333
0.9036
0.1036
-0.0315
-0.9765
0.3293
-0.0525
0.2041
-0.4788
-3.49384
0.4378
-1.4746
2.7947
6.9234
2.1827
-5.68744
0.3271
-0.94195
2.27385
0.1075
3.8874
4.8584
-5.2942
1.93053
-0.022
-1.80375
0.5804
0.47587
1.30724
-1.3615
-2.9681
-1.2531
2.7085
-1.8619
-0.7493
-1.1165
-0.354
5.66604
-8.8629
-0.8071
-0.5456
3.0187
2.4738
NA
-0.889777
0.24093
0.7697
-0.7593
-1.58
-0.21
-0.658953
-0.59229
4.4238
-2.90731
2.75409
2.84392
-3.70288
0.1326
1.52563
-1.94733
2.1528
-1.48419
1.3816
0.28385
-2.32265
-2.2734
-4.1798
-4.7612
1.4605
0.26346
-1.44428
1.2387
2.4639
-0.5505
0.0871
4.5615
-0.66747
-0.3337
-0.5527
-0.518
-2.062386
-1.8069
0.7999
0.0581
1.749
0.5573
-0.0804
-0.2437
-0.6754
-1.2521
3.04352
-0.7608
0.7957
2.1076
0.6387
0.7255
-1.7239
2.65482
-2.08114
-0.8767
NA
0.2188
-0.5009
-3.1229
NA
-1.4817
0.7304
0.4981
0.945
1.1941
-1.27333
-5.34512
2.4162
-0.88664
0.8935
-4.6323
1.3083
-1.6216
0.335
-5.5379
-2.1269
-2.45369
-1.1234
0.1621
2.0238
-2.4696
0.9365
-1.3227
3.1899
-6.2016
-3.514
-1.0085
0.36239
0.2708
-1.29237
-1.3862
-0.14647
-0.55106
-0.56438
5.33396
0.11494
-0.403
5.68293
-0.9425
-1.5616
1.4023
-0.5209
-0.2387
1.88299
0.5674
0.7884
-1.8696
-3.7485
3.104
-2.2899
1.003
-0.27543
-0.5629
1.5364
4.8211
-0.0793
0.98971
1.98252
0.82109
-0.3099
1.4752
NA
1.56
-0.7648
-3.8835
3.8038
1.3044
-1.19073
-0.2998
-0.5739
0.2143
-1.0416
-2.048
-3.1557
5.6577
2.71684
0.93828
0.0565
-1.00508
1.8746
-1.6005
-1.1878
-2.0544
-5.31867
-1.9022
0.87736
0.5964
-3.59844
-3.0584
0.83393
4.89981
0.8304
-0.71452
2.02
2.88
-2.90915
0.6254
-0.272
-4.4251
-1.17218
1.1966
-1.1712
-1.1471
-0.3075
1.21057
2.27923
0.6213
-0.3689
3.0557
0.5324
0.4119
-1.26085
0.74836
0.9026
1.1794
-0.4233
-0.33707
1.44792
1.4175
1.8448
-0.2444
-13.3257
-2.79104
-9.71
1.50426
-0.513
-0.54427
-0.785
0.77986
-1.3969
0.945
-1.11512
1.0264
-2.40042
1.2799
1.7019
4.9856
4.6057
-1.22326
-0.41396
0.8473
-0.40518
-2.235
-0.0861
3.22179
-0.6691
-1.2489
-2.3138
-0.33712
3.77994
0.4325
-0.7417
-1.1707
3.2715
3.516
-0.47695
-2.03939
-0.02287
-1.3233
0.7948
-0.63805
0.9114
-0.196
-1.77335
1.7263
-1.3598
0.60378
-1.1434
-1.7504
-4.8853
0.1116
-4.114
0.738
-1.7878
0.6798
0.6031
4.4998
-1.9973
0.8378
-1.4976
-1.07008
-1.09303
-1.9279
1.117
3.12706
0.2147
3.25876
0.8803
2.64205
-0.3437
-0.3256
-0.5599
0.3419
0.2845
-0.0896
-0.36981
0.7184
-0.2567
-0.6023
2.03743
3.42705
-2.7561
-0.2732
0.1204
-0.341
-1.2456
1.3622
-0.96592
-1.90463
3.9615
-1.2698
-17.973
0.78108
0.17856
1.8246
3.0515
1.5058
0.5143
-0.3419
-1.7788
8.28497
2.6167
-1.0772
-2.0206
4.6939
-0.26152
-0.19656
0.627384
0.2829
1.20008
2.9572
-0.3664
0.0232
1.0278
1.06953
0.164
-2.74911
-0.84811
0.33898
-1.4973
1.4696
1.0745
-9.08949
2.7284
NA
-0.3275
0.1105
0.0168
1.35528
-0.9972
0.96654
0.411
-0.02919
-3.6489
-0.6728
-2.8022
3.15494
3.2856
0.27
0.78954
1.62308
4.1534
-1.8158
-0.1216
0.1044
3.31324
-1.8179
3.5365
1.71798
0.1254
0.4459
0.094
-2.4952
3.1841
-0.59816
-1.7041
-0.5107
-3.4822
-0.8653
-0.5779
1.15709
2.31373
2.4561
-0.3563
0.12438
-3.42279
4.1766
0.312795
-0.7315
-0.5959
-2.31598
1.03
0.344
2.9837
-0.2468
1.3986
1.136
-1.17443
0.7097
1.82768
-3.615
0.2213
0.55471
-0.36247
2.27103
1.62181
3.75881
1.13379
NA
1.8969
-0.77832
0.30135
-0.3631
-5.8689
-0.9746
-3.1253
-0.0492
4.20092
0.30184
-2.0441
1.8984
-0.2808
-1.6083
0.5481
2.2797
2.5605
-0.8302
-0.3489
3.26491
-1.8669
-1.3486
-0.97353
1.1343
-1.3632
-4.3848
0.72114
0.4932
-5.37641
1.5801
0.685
-0.2908
-2.81012
-1.1215
0.9676
1.1323
3.81323
1.6004
0.1111
-4.41183
1.23279
-1.6594
-1.3298
1.09578
1.1193
-0.5933
0.1426
2.2865
-3.2656
0.14723
6.4214
-1.3354
-1.2544
-0.4389
-2.8796
0.5886
-0.374
-1.9156
-0.1413
2.4078
0.60034
-1.5912
-1.054
0.9134
7.8196
0.7076
NA
-3.7863
-0.0303
0.82664
-1.8711
1.663
-0.06617
-2.0579
-1.7446
-0.503
NA
1.1638
-0.3554
-3.5886
-6.042
-1.2345
-1.6653
0.298
1.8222
1.31728
-2.5322
-1.3222
0.10762
1.7115
3.827
-1.1775
3.77964
5.7955
-1.0856
-0.072
-2.46253
1.55355
0.1304
-2.44
-0.7914
-0.07401
0.4189
6.4438
13.7774
-0.01163
-4.59406
-0.5666
2.7127
0.2586
-0.63089
-0.63353
2.4439
-0.7195
2.3962
-0.74019
0.7596
0.2671
0.8207
0.5019
-1.06831
1.4696
-0.0831
0.0673
-0.2141
-1.0212
1.0226
NA
-2.1299
2.3815
-1.7513
0.5592
-2.4431
-8.5387
0.6584
1.21385
1.27155
-1.82
1.488
0.1406
1.4572
-3.0902
2.9036
-1.364
-4.13191
3.5447
NA
-0.4561
-1.2102
0.2824
-4.9277
1.0688
1.48207
1.05133
-1.020659
-0.86835
1.4144
-0.03
1.18421
-1.0486
-0.4583
NA
0.5728
1.3754
-0.8684
-0.471
0.6936
-3.6773
-0.042
2.7439
0.99307
-2.7576
1.9056
-1.6931
1.21429
-2.4191
-2.1954
-0.0299
-3.4307
0.5795
-1.79123
0.25211
-0.06723
-4.278
0.5789
0.70091
-1.0341
1.3198
-2.61096
0.8427
0.35872
-1.0333
1.3785
0.3152
7.4398
-0.8287
-1.7684
-3.2148
-1.8436
2.2883
-2.30438
-1.9061
-2.3158
-1.9145
-0.38722
-1.0072
2.6943
-1.88614
-1.5091
-0.72183
-0.9307
0.96238
3.1116
-0.1466
-1.1619
1.1845
-3.8815
2.2457
-0.00847
2.18203
2.233
0.8607
0.80648
-0.4754
0.7307
0.0743
-0.55567
-0.764
-1.28586
-0.5857
-10.26778
0.16368
-0.8144
3.558
2.5805
1.53436
1.82712
-0.4297
-0.8481
2.9525
-13.2637
-0.0451
-0.9466
1.8212
-0.5807
-0.9293
-0.8181
-0.3188
-2.8291
-1.549
-0.1474
NA
1.52234
4.8475
0.7974
0.7209
1.79741
-0.53013
3.0786
-1.0066
0.3989
-1.83106
-2.3211
0.7295
1.69
-0.2006
-2.2923
0.06025
1.7534
-0.92057
1.7025
2.21356
4.34642
-0.3883
0.1486
0.0223
2.8654
0.44516
-0.9175
0.1631
1.3301
-0.4985
-0.2897
2.467
1.267
1.087
-1.4849
1.22872
0.6296
-0.0796
-1.7134
0.27609
-5.9923
0.93306
-0.3113
-2.2327
2.0582
-0.35351
-0.2348
0.57622
6.7507
-0.6594
-3.2001
0.3456
-2.66988
0.1986
4.043
0.0115
-1.4648
0.64187
-0.66343
0.64472
2.38374
0.74964
-1.98007
-0.56205
-1.0254
-0.9179
0.7884
0.6219
-0.5384
1.1963
-0.51342
0.00679
-0.2537
2.2975
3.7126
1.6329
4.24089
-0.756
-0.1615
-1.0354
-1.5273
-0.6727
-0.0748
2.2106
1.3218
0.7705
0.2635
-2.1353
1.92561
-1.00425
1.54655
NA
NA
NA
NA
0.931
-1.4951
NA
NA
NA
NA
-0.333
-0.0217
NA
NA
NA
NA
NA
NA
NA
NA
-0.6122
NA
-0.2436
NA
NA
NA
NA
NA
NA
NA
NA
NA
NA
-0.497
-0.9096
0.3635
NA
NA
NA
NA
NA
NA
-4.2158
NA
NA
-1.1556
NA
-2.7513
NA
0.24765
-0.9407
-0.40588
2.9037
3.4801
0.141186
-4.7347
-2.7625
2.37956
0.8299
2.0549
-1.9619
-0.09278
1.6516
-1.5439
2.58103
0.31838
1.83419
0.76134
0.61
0.5944
-0.4582
-0.0105
-2.8533
1.5287
1.1804
-4.29725
-1.16267
1.0826
1.8955
2.3006
5.6915
-1.31611
-0.7278
0.6386
-0.9986
1.984
-0.20842
0.938552
0.550562
-3.00936
0.23165
1.64647
-2.3924
2.5698
NA
NA
NA
1.2684
NA
-0.5641
1.3842
-3.7893
-0.3109
3.1157
-0.5912
-1.70672
-1.0263
0.1279
1.1405
-4.4189
2.4809
-3.17411
0.3436
-1.96053
-0.075
0.4658
-0.02034
0.8459
-0.819
-0.57085
0.79821
2.9713
6.125
1.6316
-4.2281
-1.89671
-2.9037
-0.533
-3.52995
0.728
-3.02008
-1.5313
-1.1797
1.0982
0.2901
-2.0308
3.3811
2.89028
0.30312
0.11422
0.7981
NA
-1.5863
NA
0.5948
NA
5.2684
1.55768
-0.3337
-0.6394
1.10844
3.9115
-5.5459
-1.4009
0.4281
-2.4818
0.3849
-1.8884
0.3243
5.36639
-2.3172
-1.54
1.01037
3.61007
1.5313
1.5026
0.9883
-0.3552
0.20706
2.1732
-1.3454
-0.0872
-0.0048
5.6051
-4.0261
9.2537
4.2211
-3.489
1.8968
-0.3629
-0.3329
1.31707
0.4509
-0.3286
1.59799
1.42013
-1.649
NA
6.8769
-1.1657
-3.64963
0.27076
-1.898
-1.1145
1.2363
-0.114
0.91516
-1.4659
-1.2772
-0.4191
4.7523
-0.073
0.53964
0.8805
1.17152
-0.2504
1.01062
1.8245
2.92903
-0.1428
1.5428
1.68788
-0.0244
-1.2087
0.02667
-1.9621
0.86345
1.3423
-1.59287
-1.15717
-1.5209
NA
1.272
0.7128
3.0349
-1.31613
0.942
0.8371
3.60439
-1.6728
3.05274
NA
0.74029
2.14389
-2.0844
6.38517
-2.76298
NA
-3.2389
-2.97342
-0.6326
-0.1026
-0.4058
-0.5274
-4.6822
-1.45846
-0.6169
1.8213
-1.49897
1.74308
-1.22334
0.4773
-2.144
-0.12411
-2.82558
3.46721
-1.32968
-0.72638
1.8507
NA
-1.4626
-1.587858
-1.8254
-3.15747
0.42183
-0.511
4.1808
2.78238
-0.81209
2.1109
NA
1.45574
-1.34618
-0.39533
0.92657
-0.352
-0.2741
-2.64808
1.6573
-1.6623
-1.1457
0.855
4.5786
-1.4258
1.2736
-0.20289
NA
-3.4174
0.03738
-1.4308
3.36333
-2.1797
3.54634
-1.90132
-0.2072
0.99385
1.5324
2.95927
1.2828
2.1202
-2.1201
5.2968
NA
-1.0862
0.6967
0.9263
2.0487
-2.5593
-0.8127
-2.3565
-1.0668
1.8025
-0.16068
0.7338
0.4158
-0.38846
2.1936
0.1736
-0.347
-3.9605
1.6561
-0.35003
-2.6514
-1.31763
-1.203
0.04432
-4.5613
1.2874
-1.48072
1.812
0.2184
-1.3831
0.7948
0.4177
1.43215
1.40761
-1.3694
-0.2623
-1.33818
-0.39218
-1.0835
-2.3461
-1.1354
0.6204
2.34072
0.1497
1.4556
2.22528
0.23728
0.4317
2.11867
1.226
1.70313
-0.95371
0.52289
1.28043
4.09521
-1.36863
-15.937
1.5317
0.5863
1.5581
9.4026
-0.105
-0.6175
-2.68917
-1.9632
-2.8279
0.1945
-0.166
0.48297
0.51425
-1.371
0.3864
-0.3043
-1.6524
1.32331
1.0839
-0.7596
-1.272094
NA
-0.532058
-0.4506
2.9895
-0.32636
2.4347
NA
1.20842
1.04881
-2.7402
-0.01894
1.8511
-0.55212
0.39092
-1.24725
-0.9333
-0.3439
-1.06946
NA
0.64309
0.4682
2.09177
-1.33
NA
-6.51515
-1.838
-1.15156
-0.9857
-1.7187
-2.7833
2.5839
2.415
-2.05559
2.7544
-0.5289
-0.52945
0.58973
0.858
-1.60131
-1.3718
-2.57108
3.6261
0.8366
0.08483
0.7661
1.884
-0.5099
1.887
NA
-1.61491
0.05122
1.916049
NA
-1.81195
-2.24683
2.1848
1.706
-3.872
1.5172
-0.0149
1.6854
1.908543
0.747
-2.22316
1.3093
NA
1.9969
-0.1559
0.25558
-3.41243
3.5398
2.3271
0.16787
-2.2498
-0.715
-0.7539
-3.6043
1.53286
0.0191
0.5507
0.12656
NA
0.06231
1.2034
-0.97374
-0.9553
NA
-1.4544
0.276
-0.18448
0.3821
1.2195
2.412
1.9969
-0.525
5.77634
NA
0.4443
0.5532
-0.8142
1.24591
-1.0354
-0.25468
0.4953
NA
5.21977
NA
-3.38088
-0.41744
0.0689
-1.8741
2.4963
0.37248
4.9193
-0.9233
-4.9665
1.63265
NA
2.95586
0.2776
NA
-3.10415
-1.43943
-0.6563
0.68498
1.5293
2.6895
0.3576
-1.1469
0.1455
-1.6721
0.514
NA
0.0586
-1.3485
NA
-3.9605
1.06033
-1.6022
-0.88313
-1.1404
-3.4
-1.8487
1.0894
2.2457
0.5495
2.5279
-0.7535
-1.0945
0.05557
-2.2378
NA
-0.1815
-0.8008
2.583
1.45969
-4.8003
-5.10252
-1.97517
-1.531
8.6773
-0.3655
0.68
6.96852
1.9706
-0.7601
-0.8465
9.0605
-3.5754
-0.5086
-1.8497
-1.3567
-0.19401
-0.38438
0.1119
-0.65575
1.4075
0.15696
0.5116
-3.2473
-1.58187
-2.44927
2.604171
2.24182
0.0284
-0.449
-0.6399
-0.82485
3.7523
-1.7604
-2.41961
-0.03063
-0.68667
-8.5475
-4.77658
0.3565
-0.5253
-1.4904
-4.1355
0.9582
-0.0913
-0.39616
-0.9875
0.26435
-0.5081
3.12739
-4.54656
-1.0427
-0.2654
-2.37259
1.5396
NA
0.0326
0.1026
0.5102
-0.1974
-4.48864
-1.516
-0.327
NA
3.9225
0.4849
0.3841
4.7443
NA
2.37244
NA
-2.6339
-0.19123
-1.36051
0.0839
0.12839
-0.145
1.4786
4.1114
2.32978
-7.5655
2.11572
0.5516
0.9831
1.2576
-0.23848
0.4296
1.46592
1.69166
1.5747
0.09788
NA
-0.4468
6.3759
-0.3699
0.172
0.4401
-0.5992
-0.506787
-0.6254
-1.48312
2.67297
1.0787
1.7989
-0.46541
-0.8225
-3.9605
-1.3282
-0.293
-1.04516
-1.105116
1.7789
-0.023
-0.3169
0.50494
-0.3267
0.5851
-0.5674
0.51855
-5.2695
-0.71332
1.5122
-2.68108
-1.7661
-2.71186
-0.00229
0.4448
1.0634
-1.8488
-0.14256
1.93897
NA
-1.5687
1.5293
-1.59761
-5.5066
NA
-2.10932
-1.97768
-0.523
-1.4028
1.9362
1.1069
0.37962
-3.7422
2.08706
0.15046
0.00901
-0.36032
0.0506
-0.74331
1.204
-4.6614
3.32275
-2.5813
1.0278
-0.3914
-1.6736
-1.15099
-8.9438
NA
1.6725
-6.5093
0.98935
0.0149
-1.60805
0.979
1.17524
-3.3487
0.0177
6.0289
-0.94752
-0.55423
0.3856
-1.90213
2.7937
-0.27383
1.5915
-0.272
NA
-0.6764
NA
0.3301
-0.9271
-1.7857
1.0579
1.846
-1.241
-1.6361
-3.97314
-4.0992
-0.1615
0.551436
0.0249
0.5414
1.0884
-0.6887
1.6542
-1.675
-1.2596
-0.4284
-3.28387
-0.2258
NA
-2.0055
3.1802
-4.0084
-0.11394
0.3338
-2.4292
-1.6131
0.495
2.17034
NA
-0.33019
-1.2885
-4.3256
-2.8729
-0.39482
-4.7264
-0.0238
-0.8844
1.7988
-0.9588
-1.9834
-1.2731
2.41687
0.53954
0.00778
1.8721
-2.0613
1.6664
-0.41943
-1.66564
-5.8126
-2.0645
-0.1744
-1.1276
0.066
1.0257
-0.5955
0.5986
0.0347
-1.2471
2.57778
-0.5387
-0.7218
3.2235
1.6256
1.4336
-1.8716
-0.121
-0.95661
1.9969
-1.59591
2.118
-0.6647
-0.78665
5e-04
-0.93946
1.9969
-1.636
2.0009
-0.10098
0.05072
NA
-1.9701
1.5985
2.408
-3.4822
-0.9072
-2.71819
3.03976
-0.3497
-0.92743
-0.6198
-0.3054
2.0211
4.1021
-1.6267
0.42734
-0.7684
-0.817
-0.5955
-1.05054
-1.1427
3.062
1.32805
NA
-1.9842
-1.745945
2.5642
-3.9185
-0.61515
0.0282
0.3152
-2.1825
2.1957
-4.3532
0.63671
-0.2013
5.8343
3.83393
2.85
-2.0184
-2.0277
-1.368
-1.15065
-0.2309
0.0956
1.0108
-0.499
-3.23387
-0.0686
6.14669
3.7878
1.6566
-0.8814
0.00622
-2.2423
0.1279
1.1903
-2.578265
3.1631
-0.6565
4.1978
-0.8774
-2.6282
-0.6896
-2.4369
1.9073
1.0617
1.9821
-2.8858
1.2549
0.1006
-1.38456
0.0565
NA
0.14082
-1.3045
-0.9976
1.17795
-0.4162
1.28934
0.33467
-1.8604
-0.0594
-0.59407
-2.4515
-0.326
-1.37485
-1.1833
-1.5141
-2.57
-0.8304
-1.0799
0.2105
0.9472
0.05798
0.0813
-1.78315
-0.5248
-2.02914
-1.7836
13.24464
-4.2368
2.2496
-1.6044
-1.2186
0.0519
0.7444
-3.14135
-2.927
-2.8249
-1.7101
3.11051
3.90953
1.6526
0.1977
-0.4629
-0.4854
-8.8083
0.4658
0.3248
-4.26169
0.32647
0.6415
1.23737
-4.25118
-0.9998
1.1069
0.9413
2.11306
-5.1901
-1.7056
4.0144
NA
4.07853
-0.6977
2.0299
0.19739
0.7637
-0.50818
0.322
2.4267
-0.1599
1.4462
1.659
-0.2004
1.2635
-9.22725
0.57158
-4.58839
0.2037
-0.70906
-0.7868
-0.4141
-2.25147
1.2852
5.0079
1.71124
1.2249
-0.69143
0.37424
-0.32464
-2.38333
-0.987
-1.58829
0.36097
-1.59622
0.00716
-1.1022
-0.25333
-0.5
0.91716
-0.3732
0.77619
1.94172
-0.4832
0.8081
3.4141
-0.4651
-0.7164
-3.38486
4.37924
0.904719
0.416027
-1.2258
0.232
-1.6108
-2.3135
-1.12735
-0.62307
1.7826
1.3076
-1.521
0.6239
4.3069
0.67486
19.10937
-5.5886
-3.47753
3.9577
-1.2831
-0.4166
0.2148
0.77578
1.42428
0.6279
-0.6277
1.65248
-0.86167
2.0384
-1.3699
0.3097
0.9864
1.2713
-3.0933
-1.5482
2.8038
1.1462
1.6013
-0.6695
0.935
0.3152
-3.772
-2.6038
2.0546
-0.8428
4.3286
-0.2411
-0.5367
0.719
-1.1856
-0.8428
-0.0421
-0.5108
-1.0349
0.5178
2.0037
1.68269
-0.77237
1.5233
-1.82947
-1.17981
1.9235
1.3292
-0.198
-0.0414
-2.0182
-1.0918
-2.4087
-0.90018
-3.2684
-1.7498
2.7319
0.3559
-0.4896
1.3686
-2.167
21.1188
0.6272
-0.6634
0.3552
-1.1435
0.328
-2.6103
2.6694
0.30397
0.8767
2.0258
-0.8609
1.9634
-0.9908
0.5552
-1.6087
1.1666
-0.773
0.7075
2.7193
2.4774
-0.9201
1.4385
5.6959
2.763
1.453
-1.1717
-8.4241
-0.64343
-0.6298
-5.055
1.0693
2.0926
1.835
3.20415
-0.4564
-0.1536
1.9024
-1.2062
-0.00215
-0.3248
-1.3298
-1.58461
-0.554
-0.06049
-0.1283
1.0976
-0.1524
3.48673
2.1169
-2.29258
-2.26202
0.5702
-2.93643
-2.844
-9.65068
1.9742
0.5463
-0.1432
6.5373
-0.6631
3.0138
-1.2256
-3.2972
-1.0919
2.5528
-0.7962
-2.5518
0.4435
-2.0473
-7.06558
1.4724
0.1992
0.6057
1.2318
-0.4396
-1.6584
1.4309
0.5829
-0.2026
0.4226
-5.4407
1.352
-4.5097
2.4987
-1.88052
0.1846
-2.8377
1.20175
1.65947
0.6556
3.0136
1.1901
0.9548
1.8896
0.5955
-0.77814
0.033
-1.1365
-0.9368
-0.88672
2.88823
0.2594
2.0756
0.16505
-0.1126
-1.8969
5.64694
-0.1231
0.23497
-2.0466
-1.7885
-4.1303
-3.0297
-1.1
-2.66742
-1.8488
0.81555
2.8265
-0.47242
-0.8787
-0.3256
9.39529
2.31034
-2.3968
-0.9081
2.35625
0.2578
0.17553
2.3065
-2.2373
0.05255
-5.50062
2.30039
2.6497
-0.8811
-2.24646
-1.28185
-0.08829
3.1076
-2.83255
-5.30583
2.3086
3.4657
0.04498
0.60401
-1.77631
-0.35237
-4.6003
-0.97974
-2.9129
-1.5134
-0.13863
-3.2742
2.19487
-0.2032
4.3373
-0.0248
1.0221
2.3924
0.6677
-2.7311
-0.22
1.1665
-0.1736
1.06414
2.0473
-0.674
-1.57742
2.91327
-0.3251
-0.97393
-5.34295
0.6298
0.33568
0.51486
-0.35495
-1.2666
-1.1249
-1.5836
0.1319
-4.293
0.3821
-1.1019
-5.4962
-2.36543
-0.6825
0.5245
1.48314
4.293
-0.0781
-2.45611
0.35367
-1.18579
0.5829
-2.8608
-0.0265
-3.0626
0.0179
-0.562
0.92223
0.1449
-4.0447
-0.4021
-5.9664
2.3621
-1.4245
-4.4166
-0.0447
1.0248
0.2226
1.34007
3.49315
2.8474
2.6494
0.422
-0.0882
-2.4881
5.4397
-1.2688
1.54822
0.34013
-0.81075
0.89758
1.0042
-3.9561
0.066
-4.2158
1.2761
2.0797
-0.7044
-0.08052
2.1692
-4.2158
1.453
0.919
-1.38699
2.1052
-0.4167
-3.049
-1.2968
-1.7207
2.9744
-0.6178
-4.0716
1.5194
2.1759
-1.795
1.0239
-4.58216
-0.23206
-0.9735
0.2125
-2.0783
-0.335
2.3807
2.5181
-0.3901
-0.4074
-1.3574
-3.3928
-1.0491
3.5379
-1.0498
-2.5799
1.2658
-0.2834
0.0697
0.741
1.5742
-0.1576
-0.9153
0.7878
1.2095
-1.6188
-1.5638
0.2272
-3.1248
-1.368
2.7435
1.6591
-1.16
2.1338
NA
-0.0352
-0.81874
-0.1307
1.7914
-0.2939
-1.5306
1.5364
-1.2407
-1.4528
-0.0644
-4.5905
0.1994
2.0358
-1.2085
2.3393
2.4464
-0.4681
1.59488
-1.6906
-1.6462
0.8458
-1.7311
-8.3289
1.8761
1.6389
0.4505
1.5552
3.3464
-0.1212
-8.6804
1.2572
0.9946
0.069
0.1909
-1.79
-2.381
-1.5237
1.16001
0.1841
-1.9684
-0.2124
-0.66654
-1.8723
-0.5852
-0.8827
0.9964
-5.9103
-0.6153
1.0461
0.9756
1.6031
2.7168
0.2682
-2.4989
NA
-1.1471
-5.1036
1.6522
-2.4998
3.8154
0.9317
-1.5288
-4.8305
-1.78102
-0.8945
0.6779
0.5852
0.1282
-0.5566
-1.99288
-0.4843
-4.31882
7.04492
-3.0478
6.31551
-0.596
-0.15852
1.08323
-0.00816
1.7514
-1.35
-1.7249
2.59799
0.5962
-0.6423
-8.7825
-2.586
-2.3894
-0.3528
0.9714
1.9062
-0.232
-7.58031
1.0163
-1.1235
-0.0463
1.2515
0.068
-2.3704
0.1583
1.3104
1.0499
-0.1515
1.1298
1.55641
-0.8672
-1.1812
1.2745
0.4334
1.6083
0.5442
-1.0311
-0.75007
2.2434
1.6298
-0.42705
-0.40613
0.36666
0.64649
-1.96778
0.48
0.5759
-2.6249
4.46662
-3.0312
-2.3465
-0.3342
-0.6315
0.255
-2.7763
0.1909
-0.1379
-2.7244
0.4707
NA
0.43517
2.6141
3.0053
1.1506
-1.57151
-2.1954
-1.4752
1.7643
-1.1336
-1.3966
-1.9867
0.9078
-2.0017
1.6812
NA
0.81831
-0.1897
-1.10794
0.46085
1.18625
0.0538
-4.80973
-0.3944
1.057
-1.68603
-6.8378
-7.55646
0.2709
-2.50518
-2.3466
NA
2.1453
0.3757
-3.0007
NA
-1.41636
2.95833
2.05157
0.83183
-2.0398
0.3384
-0.9594
-0.3419
-0.32852
3.0415
-3.0854
-0.0526
4.1704
-0.3074
0.0459
-1.0754
3.1872
-0.63087
NA
2.3037
-0.4319
4.2502
-2.08669
-0.53258
2.0117
-1.98692
-0.8134
-2.7506
2.71084
0.9183
-0.1346
2.0118
-0.078
1.6353
0.451
-0.0082
-2.1372
1.2262
1.0615
4.206
-1.37017
-0.88449
-3.88314
-1.0937
0.111
-0.1353
0.20189
-2.339
0.757
-2.16221
-0.5232
-1.6775
-4.5688
0.3172
NA
0.1774
0.4905
-0.8285
-1.6759
-0.2621
-2.07698
-1.39468
-0.71282
2.4398
3.28215
-4.5145
0.00117
-1.9446
-1.27221
-6.1765
-4.6055
-0.10784
0.4707
0.6625
0.0462
0.5376
-1.7397
-3.4602
4.6396
-0.9081
0.689018
-4.2271
-0.5783
1.4284
0.2737
-1.3081
0.39805
-1.0553
0.8123
-0.670551
2.20871
NA
0.2263
0.5644
1.2974
1.20876
-6.5602
1.1764
-3.3382
0.8092
0.6149
-1.8348
1.7877
-3.983
-0.1308
-1.1515
-0.05189
1.2193
3.1282
-1.02122
2.05042
-0.4207
0.3815
1.1978
-1.6082
3.325
-2.8286
0.2453
2.33224
-1.8322
-1.6437
3.58876
0.40408
0.8627
-1.409
-6.6887
-3.4962
2.41436
0.1801
-1.56812
1.9228
0.13189
0.0951
2.7815
-2.3307
1.5428
0.0478
-3.1629
3.0707
2.15844
-2.704
1.24883
-1.9996
0.4797
2.2721
-0.647
5.0355
4.0042
NA
-2.81143
-1.1589
2.2039
1.9084
4.1789
-1.9238
-0.4531
1.907134
-2.0944
-2.6704
-0.663873
3.3703
-1.5404
-0.7421
3.6507
-3.1861
1.32592
-3.0846
1.2445
-1.9482
-1.9919
1.6806
-1.822
-2.12815
-0.0164
1.4468
1.5775
-1.0666
0.9082
1.6338
0.2154
1.8565
-1.046
0.6452
2.8721
-2.7648
0.8922
1.5656
-0.1409
-1.275
-3.5879
-14.235
1.0255
-1.7366
2.87113
0.3711
0.21562
0.5346
-0.055
4.2023
3.0919
1.2783
-2.5212
1.67259
-4.8447
-0.5837
-2.0835
-0.58145
3.82852
-3.41373
0.1157
-0.0147
-0.9732
-2.5765
1.0529
1.1506
0.2612
-3.7847
-1.02689
0.8345
10.9309
1.0838
-1.2186
-4.05529
1.10746
-3.7383
-4.0182
0.68207
1.0378
-1.7076
-0.832
1.0271
0.1013
1.64157
0.2675
0.206
-1.59988
2.73018
-0.9412
-2.2433
-0.438
2.0046
1.46084
0.91004
-0.631
-4.2184
0.467
3.0528
-4.7632
-1.29909
NA
2.4477
-0.4291
-0.2992
0.070701
2.0274
-1.49295
0.91961
0.8121
-2.6988
1.9141
0.867
-0.7381
0.9773
-1.2278
0.2111
-0.0814
-2.0653
-3.88452
1.9969
-0.44864
2.345966
1.09201
-4.244
-1.99457
-1.6774
-1.47714
0.6639
1.99714
-0.99597
-6.2932
-2.705
2.197
4.7262
NA
1.8081
1.9969
-2.3234
2.6462
1.2509
-2.28097
3.75821
-1.204
-2.4543
-0.26573
-1.5245
-0.6759
0.38675
0.9076
-0.088
0.74356
4.21224
