-0.33018
-1.2566
1.8512
1.9733
2.94375
-1.4407
-0.47597
-0.94111
-1.05807
3.29018
0.45538
-0.2316
1.6493
-8.3536
1.166
-3.12137
7.9567
-1.68759
-0.11515
-0.11553
-2.71791
-0.745
0.11885
-0.2141
-2.1439
-1.22166
2.2087
-2.1329
1.88923
-1.37244
-1.6902
2.8296
-1.104
1.2785
0.74914
2.35452
2.5394
-0.80005
1.05856
0.30161
-1.07771
-1.48276
0.62369
-0.53175
1.8295
4.6262
-0.1275
1.6418
0.30719
-0.50248
0.59761
0.8517
2.2028
-0.51563
2.888
0.11197
-1.15284
0.75315
0.22822
1.0684
-0.92335
-0.64212
-0.7476
-0.47894
0.92213
4.4984
2.18605
-0.863
-0.286
0.6323
0.6585
-1.1811
0.07003
0.7099
-1.0921
-1.0781
-6.9936
0.3493
0.7274
-0.58166
-6.17983
0.41178
3.6451
3.60914
-2.2486
1.4997
0.3337
1.4915
-0.5668
0.6691
-1.7502
-1.60822
0.4037
-1.0177
-0.3414
1.8251
0.40855
-1.4495
-0.07405
0.66845
-0.7697
-3.2896
-2.1741
0.8608
4.47226
-0.858
-0.3896
-2.82659
-0.77803
-1.9758
-0.03812
4.7943
-0.3174
-2.0414
2.7588
-0.35366
1.82397
0.0407
-1.2119
-1.3175
-2.86778
0.94726
0.77149
1.36066
-3.2607
5.5195
-2.49597
-1.24119
0.0838
-3.16278
-1.2825
1.4266
1.7011
1.2563
NA
0.0449
-0.45023
1.5373
-1.82357
-1.1109
-1.86732
-2.357
NA
1.663
0.3133
-0.8614
4.35555
-1.4252
-1.3934
1.78403
1.96251
-5.0796
2.59658
-1.90303
1.1799
1.2192
-0.5201
-1.363
1.15814
-1.3569
-6.27641
-1.27279
1.02206
-0.1751
-3.3103
1.9546
1.17239
-0.42737
-5.3178
1.6522
1.3961
1.6576
1.07371
-2.08397
-1.15299
-1.32486
-2.101
0.2598
-1.65153
-2.3338
-1.085
-1.4289
-0.5813
1.2562
-1.63858
0.2764
-0.58078
-0.7331
0.7978
2.60528
-2.2245
0.27592
0.42612
-0.17682
-2.8495
-1.93822
-3.3293
1.1594
-2.6364
2.0225
-0.70307
-0.2617
-1.7007
-1.0844
-1.9251
0.07413
0.45384
0.44
0.0486
-3.5531
-0.6343
-2.93859
-0.06503
2.829
-2.0319
-0.55533
-3.741
4.3134
-3.7136
-1.42613
-1.72562
4.4832
-0.0513
-0.8501
-0.24375
-1.65532
1.5252
-3.3053
3.50145
0.8083
0.4249
2.4243
11.7802
0.6099
0.3318
-1.4472
1.30083
0.4282
3.3195
-3.6388
1.2961
-1.2694
2.81612
-1.25757
0.9649
-3.62945
-0.55447
-0.7964
0.3028
2.22
5.1274
0.82812
1.9759
-1.844
2.12915
1.3154
0.84988
0.8699
2.61031
-1.2819
-12.4523
0.5666
-1.23067
-1.2582
-0.7176
1.9075
1.2085
1.70078
5.4882
1.338
3.3754
3.99688
10.93948
-2.27865
1.7899
3.78562
-3.37381
-5.7804
1.22566
-2.2646
-0.32137
-0.5587
0.19292
-1.94
-0.8404
1.3593
0.31718
1.6074
-0.7278
-5.4442
-1.92789
-0.62233
0.7626
3.03272
-1.40771
0.99119
NA
0.7763
1.4878
-2.79978
1.0347
2.0252
-1.1153
-0.81744
-1.0869
2.6498
-0.071
0.4358
-1.04606
-0.8703
-1.2206
0.4955
-3.1961
0.00513
-1.0792
0.681
0.88571
1.0882
2.24634
-2.4826
-1.97541
1.36429
2.1265
-2.39201
1.2281
-0.6833
-0.9064
1.38577
-2.4721
0.1879
-1.0812
1.5796
0.6684
0.2074
-1.6324
1.54803
0.5649
0.5361
2.1911
-0.15139
1.05511
0.9707
-6.5369
-0.16885
-1.24552
-2.05772
1.3323
4.45461
0.1574
0.3425
0.05402
1.7354
-2.7643
-0.07651
-0.4915
-0.9133
5.7261
-3.177
-0.36074
1.38185
0.91185
0.5701
-4.3383
0.4692
1.3743
-1.6406
-0.8267
1.8058
4.5593
-0.9688
0.217
-0.334
-0.8372
-1.1114
-3.09911
-9.6186
2.61577
-3.44579
4.32837
1.1035
4.8213
0.5668
-1.8419
-1.8603
-0.6811
-1.34276
0.5198
-3.59896
3.6749
-0.17363
-0.0418
-0.9673
-0.1924
-1.5041
2.0712
0.5133
-1.1782
-2.3942
-1.03106
2.2882
1.9397
2.0092
-2.32149
-2.2768
0.19782
-0.65479
-0.3698
-0.48601
-0.69348
-0.86559
-1.007
-3.238
-2.4068
1.3272
0.56811
-0.4519
-1.67191
0.1632
-2.3402
1.06887
-1.0982
-0.60433
-1.48882
8.68
-2.43251
0.7201
-1.6116
-0.1843
-1.9955
0.24527
-2.8656
-2.39104
0.62902
0.79997
-8.2532
-3.83504
-1.7404
0.37567
-2.22508
5.8678
1.32792
1.32813
4.6254
-0.04013
2.4264
-2.5175
0.6848
-0.224
2.4571
0.88747
-0.39495
-2.1851
-1.8797
0.93755
-2.04058
-0.45433
-0.4863
0.9852
0.4309
0.21341
0.5661
0.612
0.5313
-0.93765
NA
0.4051
-0.0481
0.1459
0.28159
-1.5505
-0.28459
-1.0919
2.6398
1.5181
-1.5613
3.1753
-0.74879
2.28151
0.85152
-0.7273
0.91601
-0.19577
-1.14898
-0.58181
-0.3046
-1.44191
1.5959
-0.595
-0.4629
3.49753
-0.6573
-2.61488
1.8683
3.5708
-1.47026
1.4055
-1.7667
2.1296
3.03252
1.39894
-0.75134
-1.39466
-1.29986
1.5268
-0.4008
0.6168
-2.4885
1.4292
-0.20644
-0.84984
-4.06478
0.30462
2.19449
-1.74796
1.63685
-0.64377
-1.34169
1.7373
1.1244
-1.4199
-1.58705
-0.72056
-1.7689
5.8004
1.436
-1.55095
2.5905
3.9995
5.4895
0.1621
-0.0401
3.06498
1.60469
-0.85415
-1.1091
2.55355
1.3956
2.42851
-0.52281
0.12799
-0.2856
-0.3589
3.25307
-4.821
-3.34575
-0.3576
0.0186
-1.1131
0.4366
2.5531
0.85654
3.88024
0.9444
2.1517
4.3775
-1.4064
0.5498
0.8192
0.97025
3.19349
-0.15321
1.822
-0.3495
-1.6709
7.846
3.3334
5.3447
0.3841
0.9878
3.9612
2.673
0.22897
-8.1607
-1.4898
-3.917
0.7289
-1.0212
-0.37
-0.426
2.1799
2.9169
0.9232
8.27136
0.7735
0.9172
-0.0254
-0.2467
-4.4496
-0.66129
0.9673
-1.7895
-1.84032
-1.44278
0.6586
2.16495
3.3218
-3.6357
-1.7404
0.5131
-2.0827
0.47641
0.5793
-3.3128
0.31868
1.22259
0.229
-0.3733
3.9809
-0.424
-4.4936
-1.9417
-0.8511
1.86504
1.0021
1.00103
4.0973
1.882
-1.75019
0.517
1.7117
0.10046
-0.90527
-0.6398
1.09336
0.4012
1.5144
-4.59417
4.66171
-4.3202
6.42832
2.0539
0.0472
-9.6581
2.253
2.8803
-1.8568
0.4702
1.7855
0.80524
-4.11099
0.05941
-0.2399
-2.39372
-0.23706
-0.79785
-1.04445
3.7664
-2.6545
9.863
-1.3367
-2.7186
-3.1572
-3.4345
-1.7784
-1.4543
-1.3454
-1.0708
3.5252
-2.9097
0.5069
-0.7928
NA
-0.3484
1.05329
-2.04494
-0.3332
1.9976
-0.761
-1.6994
-0.003
-0.165
-0.10337
-1.83645
0.5109
6.7994
-3.4538
0.92182
-0.28451
0.30868
-4.1588
1.1785
-2.99489
-1.1961
10.0809
1.66389
0.34291
-0.99638
4.17251
1.0692
-0.99479
3.3181
1.8527
-1.59283
2.41433
-0.2157
2.12561
5.81223
-2.86218
4.40193
-0.3997
-0.38799
-0.48585
0.7429
-0.47477
-1.67052
-0.3544
1.3341
0.29174
2.27062
0.4354
1.2211
0.91348
1.22004
-4.29901
1.5135
2.197
-0.81718
0.1925
-0.01232
2.82801
3.5287
-5.73123
-2.29672
-2.9526
0.51951
-3.67454
-0.46115
-2.7661
0.23938
5.9964
-3.77278
2.49434
2.0437
-2.32113
1.34384
-2.20864
7.9903
0.56592
-2.24366
-0.26446
0.12362
10.5253
-3.78771
-3.92604
4.36714
6.56036
0.95716
0.77893
-1.38184
-2.00494
-1.6589
0.27934
-1.6589
3.03734
7.94388
7.7675
2.49324
1.7734
-3.88404
-2.65013
-0.9197
-2.154
1.9112
0.7668
0.4654
-0.2982
1.7795
1.2037
1.4645
-0.6552
0.9438
0.351
0.7983
-0.2618
2.2159
1.7466
-0.3813
-1.6186
-1.4164
-1.5582
-0.0037
-2.2884
1.4614
3.2169
1.691
-0.3113
1.1308
-1.914
-0.9044
2.3252
-0.9606
-10.9006
-0.5797
2.0856
2.341
-1.13
1.9814
-6.1273
-1.3515
-3.6052
0.4007
4.4208
-2.1065
-1.4474
-0.7071
0.772
1.2319
2.56
2.0905
1.4215
-3.1008
-3.0284
2.6657
-1.634
0.5577
-2.235
-1.6022
0.6834
1.5692
-2.1138
-5.2769
-1.6699
3.8811
-0.8812
-1.5303
-2.7573
1.4376
-1.5852
-0.8718
2.521
2.1753
1.64
1.2842
-0.784
-0.8015
1.4755
1.808
-1.2876
1.1739
0.96664
0.94543
0.3568
-1.12644
-1.16702
0.27243
2.5175
0.7017
0.4647
2.4322
0.98532
-2.4058
-0.6347
0.0606
0.5373
-0.6903
-2.2188
1.0644
1.4601
-2.121
-1.6756
3.246
-4.216
-0.5127
-0.2015
1.5287
1.5702
1.2458
-1.2611
-0.2635
-0.3658
-0.2097
-3.982
-3.574
-0.7859
-1.4853
0.7183
0.3319
-1.3833
3.0832
-0.2498
-1.0902
0.2125
1.8013
0.492
-0.2533
0.3767
0.6383
-0.094
-1.0348
1.8678
-1.3795
0.4368
-2.8469
2.1638
1.9427
-1.7378
1.0954
-3.6959
1.5891
1.868
-1.3107
-2.1541
-0.5362
-6.1704
-2.6273
1.7269
0.0114
0.2588
-0.6235
-0.4811
-1.7837
3.5114
-0.0519
0.2629
-1.2727
1.6446
-0.8456
0.9821
2.6476
3.2592
-6.0425
-0.02662
0.25651
2.994
2.13506
-2.7784
-0.3759
0.24434
-1.5494
3.1773
2.0596
-4.02577
5.5145
0.37575
1.6898
2.9081
10.7714
-0.5503
1.6781
0.73999
-1.8921
0.84788
0.97262
1.93069
0.85132
-1.38405
-1.0456
1.64495
-0.55542
0.4932
-1.37884
-1.26978
1.14991
1.30856
1.49868
-1.36126
-1.62418
-2.12716
0.57185
0.52275
-0.61124
-0.89401
1.89724
1.19487
2.04452
-3.5225
-0.94427
-0.91374
-2.56481
2.15248
3.48792
-0.5883
-0.7628
25.3806
-1.9013
-0.61969
1.29401
1.71517
2.0546
-0.44182
-2.69551
1.3326
-1.27674
1.3475
1.19939
1.4127
-1.9735
-18.6596
0.4271
4.97039
1.2229
1.38078
1.3094
1.9024
3.8839
0.61649
-1.1304
1.59878
-0.61479
1.85982
2.3447
-1.7623
1.4172
-0.57212
-1.6656
1.48172
-0.4588
0.6526
4.01827
0.23553
-1.24563
-0.97352
3.2475
8.901
-0.41979
-1.01482
0.4088
0.53467
0.09107
-0.4224
1.1874
1.30001
2.4186
1.1551
1.23271
-1.09712
-0.58125
-1.23036
0.52573
2.88929
-0.58448
-2.21961
0.6831
0.1818
-1.99946
0.7677
-2.44094
-3.47368
-1.94489
1.5171
-6.9647
2.92737
-1.10472
-0.42518
-0.3615
2.59449
-1.8055
0.37679
-0.51708
-1.19764
-0.59407
-2.06197
-0.51802
-0.36557
-2.10092
-5.385
-0.0855
-0.94712
-4.2087
1.71434
1.35061
1.27984
-1.7235
1.115
-2.29711
0.81145
1.9252
0.7682
0.5163
-2.7429
-1.9727
9.6501
-1.0531
0.0839
3.855
0.2091
-0.6962
1.6552
-1.6745
-3.5183
1.139
1.6812
1.9868
-0.7847
2.0582
-4.3005
-0.948
0.4563
1.6064
1.2946
3.4748
2.6594
-0.3116
3.3953
0.2502
3.1901
-0.9133
1.1905
-2.4053
-3.9824
1.5717
0.6906
-2.5352
-1.9435
0.4547
-0.1829
-0.6586
-0.5969
1.7729
2.5718
-0.5222
-2.4483
1.5632
0.4922
-0.83574
1.3488
1.3927
-0.7501
0.33293
-6.4009
-0.86632
1.7207
0.22185
-3.6807
-2.25882
-3.7528
-3.22578
5.5264
-9.0684
-1.2358
4.67551
3.13721
0.1323
-0.71037
-0.8972
-2.6854
-6.0237
6.0656
-4.04789
4.32522
-6.1696
4.5408
0.8582
-0.47805
-0.1938
-0.1344
-2.3567
2.3402
-1.69802
1.5511
0.20355
-1.8122
1.35577
-0.22128
-5.2669
-0.9447
2.8968
-2.42191
-1.0022
0.6115
-0.8924
1.1297
-16.9257
-2.4704
-1.3739
-0.5329
-0.5658
1.2728
0.9979
-0.4483
-1.2513
2.5446
1.9298
1.2605
2.1538
-0.7636
2.1291
-0.11039
9.5939
0.94203
0.19978
0.10145
-0.9304
3.03197
-2.08197
0.00707
1.00798
2.1104
-0.81175
0.8411
-3.3424
-0.5521
-1.42776
2.98258
-1.50207
-6.9784
-6.73384
-1.2675
0.9821
-1.04877
-1.19694
-5.74139
-1.61903
0.2455
1.6497
0.3131
0.72234
2.1645
2.22619
1.25202
0.58247
1.7642
-1.6711
0.0037
0.9685
-1.15785
-0.0612
0.11426
-2.34813
0.15544
-4.1949
-0.2033
4.5851
-0.7294
31.3059
-0.05492
10.93823
-9.07311
-1.35183
-1.5845
3.9929
-1.33555
-4.31942
-0.0185
-0.04803
2.07602
2.17835
0.6656
-2.0916
-0.29915
1.9105
-1.2718
-0.20607
2.36954
-1.1811
1.1811
-0.68938
-1.9906
-1.3618
-0.35801
-0.45002
NA
-0.8917
-0.1695
0.9183
0.6903
4.6197
-2.5218
1.5682
0.549
-1.0545
-4.7465
1.9421
-0.2728
1.2103
0.0543
-0.232
9.0081
3.6502
3.0818
-0.9126
0.266
0.4575
1.255
-3.2226
1.6807
0.9235
-0.3822
-0.6882
NA
NA
1.6338
NA
NA
0.6626
10.5212
NA
1.4783
2.3959
-0.0461
0.4937
0.7768
-0.3666
-1.2579
NA
-0.0918
1.8886
-2.363
0.565
-0.1452
0.3041
-1.3854
-3.2638
2.0908
NA
0.5608
1.4742
-0.6859
-0.3068
-2.2348
NA
2.42827
1.4864
3.06713
1.05745
3.6519
3.01434
0.87165
1.28792
-1.71645
1.6492
-0.06012
-0.4704
0.5946
-1.04623
0.0137
1.55196
0.2098
0.22311
2.4646
0.05978
0.05481
1.42982
-1.4345
-1.94492
-0.2187
-1.1463
-1.2497
-0.74603
-1.05749
-0.5845
-3.57939
2.79644
-0.14174
-0.90838
1.3713
1.41398
1.387
0.83945
0.10539
-1.63442
-0.31817
-1.3862
0.0566
2.67628
1.46678
0.7968
-0.7081
0.2854
0.7832
-0.0976
-0.0504
-0.1612
0.2128
-3.8336
-0.1408
0.9795
0.0415
0.8985
0.889
1.351
-2.1693
-3.6118
1.2295
0.1613
-0.6334
1.5543
-0.8334
-1.1973
-0.7946
-0.3477
-9.6608
12.8368
-7.6285
-2.6405
-0.2514
-0.0863
1.4335
-0.551
-1.5069
-1.5778
3.1654
1.3219
-1.3414
0.25445
-1.12257
-3.3578
-0.6741
3.21052
0.13549
-2.96765
-1.4941
-0.9389
0.09728
6.6107
-1.7704
-3.69065
6.37532
-2.9103
-0.40962
-1.94667
3.61905
4.8475
-0.62588
2.44945
-2.3604
0.5546
-2.9951
0.80958
1.8984
-1.0445
-0.1578
-3.32489
-2.06063
2.34736
-0.4986
0.50554
-0.44218
-0.2084
-3.61605
-2.13055
-1.4068
-1.71983
0.99121
-1.35096
2.8925
3.3022
1.01696
4.2726
-0.0148
1.57953
1.66976
-0.00855
1.05394
1.529
4.2903
-0.45317
-1.28641
0.56583
-1.85869
0.88315
1.04775
0.99458
0.44221
1.36548
2.82388
0.65452
-2.00477
1.99807
-0.71472
2.51476
-0.4426
1.38276
2.52878
-1.5045
-0.9263
0.9544
0.62274
1.0361
-1.75463
-0.31083
0.99808
-1.04087
-1.39581
2.60938
0.4785
2.37293
-2.8798
3.58446
-2.0989
-0.40382
1.6155
-1.12506
-2.04301
1.49218
2.08707
0.50152
1.25022
1.1965
0.69011
-0.4182
-1.2522
1.35106
-0.05188
1.82736
-0.41705
4.0285
1.0058
-1.5901
0.7858
2.2584
4.0871
-1.14885
0.12491
2.08941
1.27733
0.9912
-0.14328
-1.3996
0.08737
-0.63327
-0.04015
-5.4052
0.02439
2.45047
-0.33716
-2.32894
1.48187
1.1862
0.6564
-3.20849
-0.7508
0.60157
1.95406
-4.4115
2.74
6.15734
-0.3128
0.51503
-1.59424
-0.6804
-2.93375
1.0629
0.78745
-2.19079
2.08689
-0.9638
-2.48118
0.74132
-0.45102
-1.07348
0.38192
-1.1301
9.6011
-0.9734
0.0514
-0.0575
1.91002
0.0744
-0.5061
-2.1316
-1.0276
-0.9656
-0.18341
1.3586
2.3518
-0.87962
-0.1889
-0.04032
1.81049
0.97049
-0.1807
1.92746
0.46671
2.74838
-1.0005
-8.8266
-0.04
-0.5129
1.2923
-1.3238
-1.6521
1.5395
2.3945
-4.2883
0.7393
-0.9095
-0.4783
1.0658
0.6375
1.91197
-0.1189
2.2059
0.3061
0.6065
1.9829
-0.4243
-1.7849
-1.4672
0.3607
-1.4908
3.1494
-9.89814
0.49866
1.1479
-3.6355
2.1032
0.1422
-0.0142
-5.3323
0.659
0.8931
-0.4263
0.4534
-2.87582
0.18154
4.8431
0.74243
-1.5282
1.5022
0.5848
-2.81874
-1.52098
0.4233
-2.038
0.4107
2.10093
-0.0776
2.9025
0.7406
1.71919
-0.10139
1.7923
1.0074
0.1195
-3.6871
1.30835
0.45532
-1.45044
0.3492
0.0205
-2.99995
-3.98983
-0.5993
-1.7849
-1.2369
-1.6904
0.29747
-0.29611
0.2361
2.86483
2.09821
-1.2827
4.4988
0.1306
-0.9718
-0.0776
-0.86048
5.85892
1.4714
1.1448
2.6902
1.24083
0.8526
-4.0169
-1.405
-0.47154
-0.8129
-2.3403
6.1136
1.398
1.5891
-0.7488
0.07
0.3925
0.2798
-0.0915
2.9358
0.3656
0.4775
-1.14213
1.77055
0.15517
-2.57863
0.97378
-2.8122
1.8531
-0.0172
2.5642
1.2972
0.0411
0.01776
-2.5888
-0.05784
0.03592
1.95745
2.20738
-2.4513
-2.2049
6.8582
-1.0832
-1.1752
-0.1668
-0.5386
-1.2993
5.6153
-1.10758
0.27443
-1.2013
-0.55847
-5.632
-2.49041
3.05092
1.278
0.17568
-2.6266
0.1914
1.43048
0.7453
-1.62208
1.14674
-0.1519
3.1995
1.474
-0.0394
0.0427
-1.4956
-0.3925
1.6332
0.9733
-0.1676
-3.0546
-0.0822
-1.3209
-0.1846
-0.6201
0.4338
-0.6996
-1.7533
-2.9774
0.4173
0.0294
1.02639
-1.386
2.33973
0.7366
-0.8207
0.2683
NA
0.4585
NA
NA
6.4503
NA
1.0413
NA
-1.3995
NA
-9.5345
1.3688
-2.4649
5.8533
0.4228
-0.9082
1.7026
2.1062
1.4425
-0.7684
-1.7959
-1.1728
1.0635
-1.9248
-0.3055
1.45337
0.5023
1.431
-4.279
-1.7318
-0.6849
-2.1122
1.1564
-0.1353
-1.3891
1.4041
3.5701
-1.7072
0.1555
-0.87855
-0.96362
-1.62002
0.99
1.8513
-1.9113
-3.70851
7.32994
0.43241
-0.8981
2.70892
-0.654
2.2404
-3.49738
0.6709
-0.5207
1.31962
-1.5709
-1.5996
1.089
-0.6117
-0.2546
-2.7379
-0.518
-0.0901
0.5407
1.6817
-1.6336
-2.8646
-0.4557
0.683
-0.7467
-0.8436
-0.4857
-0.60881
1.54202
1.1758
-1.4682
-1.2946
-1.2842
3.6584
-0.3072
-3.048
8.7808
-2.8561
-0.9028
-0.82376
3.29016
-0.65598
2.93392
-1.67306
0.0326
0.79337
-0.7934
-1.35715
-3.44573
-1.23039
1.2745
5.4893
-2.4178
1.5689
3.808
-0.1992
-7.1721
-1.70003
-1.06913
3.06684
-1.3197
4.749
-2.2983
-1.5162
0.24889
0.9923
-0.4426
-0.3226
2.1471
5.0136
-0.52298
5.1606
-0.3575
1.2531
0.61035
2.60356
-2.10192
1.56774
1.27658
0.4218
-0.4892
-0.3849
-0.2226
1.6468
-0.5417
-4.499
4.3017
-0.5142
1.1144
1.65737
-6.609
-0.40828
0.22025
-0.1534
-3.4583
2.6376
-0.4341
-1.5801
3.7631
2.6444
3.38121
1.1359
0.5551
-2.935
3.5888
2.36468
3.11441
-0.09415
3.06179
0.0447
0.007
-0.8377
0.30118
0.48245
1.987
-2.91448
0.80908
0.84068
1.5968
0.987
-1.8911
3.2177
6.1638
1.3913
3.6435
-3.6083
1.8359
0.3997
-0.8867
2.2973
1.5979
-1.0205
3.5317
1.29622
-1.89302
-4.645
1.7842
-3.23596
-4.37389
1.7334
-1.31854
-0.84881
1.60905
-0.63313
8.5519
-1.1425
-1.4607
1.17703
0.5071
-0.8816
-0.9093
-0.9101
1.623
0.4823
2.4138
-1.2013
-0.7491
0.4395
1.9386
-0.0746
-1.1288
2.49365
-0.0323
-1.74345
-0.3313
0.99
-0.65738
3.5441
-1.08936
-3.9914
-3.60681
-1.8064
-1.9536
-1.60941
0.76531
-0.68243
0.71021
0.87694
-2.8532
-0.8311
-0.23081
0.73795
2.2852
-2.9761
1.6433
2.5583
2.453
2.4228
-1.17276
-2.6983
3.72643
3.8679
-1.36646
4.50775
-5.5776
1.08194
-0.1784
-0.7093
-2.55879
-0.01983
-1.2422
-1.5992
-1.2523
-0.73936
-3.1711
3.9803
-1.6342
-3.5882
-2.321
1.96376
-0.9832
-5.2557
4.5532
0.79891
-2.32304
3.04643
-0.2642
1.9335
-1.26907
1.38815
9.5442
-0.7022
-3.039
1.7295
2.9618
-0.406
1.3182
-2.2811
-2.03859
2.244
-3.1701
-0.1029
0.41368
8.58562
0.7357
-1.38734
2.34909
-5.84547
-1.1591
1.2674
-3.50916
0.8533
-6.9622
6.5709
-2.22135
-0.8574
-0.578
0.4614
-0.73983
-2.53007
-2.15192
-0.83807
-0.1987
-5.1223
2.8764
-1.9634
-0.408
-1.51208
-0.1933
-2.9219
0.53047
0.3438
-0.49301
0.20882
2.68793
2.05479
0.48122
1.4599
0.0836
-3.8675
0.51292
0.4869
-0.59588
-0.92987
-5.73844
0.6117
0.83231
1.4287
-1.4298
1.5981
-0.1515
2.157
0.78863
2.2685
2.0118
0.04024
-1.74266
-1.2348
-0.2631
1.0802
0.21631
2.41375
-0.3532
2.4095
0.471
0.28
1.11384
0.3008
-0.9612
0.7562
1.75516
-2.22795
-0.92226
-1.3839
1.3118
1.93026
-0.39347
1.5432
0.20467
-5.385
-0.03796
-1.72354
-0.5192
-2.06246
-2.2238
2.1797
-0.6627
-0.52742
-0.27594
1.30285
0.8002
-1.70696
-1.7884
0.8885
0.712
0.6925
1.22135
0.93443
0.5275
0.4808
-0.2731
3.33133
-0.44196
1.956
0.50737
-1.76588
1.48859
-1.88028
-0.15136
2.5594
-0.45554
-1.1169
-1.14229
-0.67241
6.39253
1.60519
-1.8425
-2.9682
-1.92964
2.0159
0.7085
-0.0737
-2.3136
-0.518
0.7537
-1.7772
-2.9399
1.8177
-7.6418
-0.8365
-0.8622
2.29687
1.2616
-4.77893
1.09837
3.73698
-0.1781
-5.1007
-2.0502
-0.7584
0.3553
-0.2443
3.1252
-1.10841
-1.5146
-0.1366
2.4606
-0.0691
1.2565
-2.6613
0.3981
1.8326
-0.8891
-1.25609
-4.16366
-0.28476
-1.3967
0.8267
-2.5311
1.1214
-3.5309
2.3472
-0.3191
-0.475
0.0643
-0.7479
-2.4487
1.6498
1.15423
-1.1067
-0.2503
-1.4384
0.73748
2.25962
1.3001
-5.0036
-0.6935
-1.8085
-2.4031
-2.09945
-0.41636
-1.78645
0.00788
-0.5857
1.5456
2.2081
-0.2477
0.6658
-1.6848
0.5645
0.70493
2.87551
1.4987
0.69774
2.1811
0.49071
1.2607
-0.1805
0.4606
2.15187
0.50383
-1.15547
-0.19282
-0.0392
0.81101
-0.95063
2.3125
-0.8125
-0.00639
2.9746
0.2041
-0.2042
0.7915
0.5492
-0.8965
2.5831
-0.1717
2.8552
-5.8038
-0.1357
-1.28545
1.24227
-0.17343
-3.28129
1.3532
-1.69159
-1.02006
-2.62849
-0.2985
0.73499
-4.3873
-1.4848
1.0745
1.4622
-0.614
0.5405
1.0352
-5.65917
2.60773
-0.0625
-1.6328
0.48193
-3.20014
-1.38871
2.37726
-1.90364
-3.229
-0.4132
-0.15661
0.5778
0.7935
-0.0567
0.7423
3.4768
-0.2855
0.4765
0.6646
-2.7905
-1.9871
-1.4051
1.6083
-2.0915
-3.3972
0.8762
1.8504
0.2233
3.7661
-0.7001
-0.7421
-2.1421
1.1385
1.1605
-4.3872
-0.6307
-0.7842
1.6779
-0.2037
-3.2102
-1.4105
2.2749
-0.1573
1.248
NA
0.8264
NA
0.8532
-1.8447
0.5448
-0.8532
NA
NA
NA
NA
NA
1.6487
NA
-2.0043
1.1479
-1.11858
-0.80144
-5.3552
0.49356
0.0275
1.23105
-1.45526
-0.62542
1.58369
-0.9302
-1.4816
-0.54972
-0.4082
-1.8459
0.6304
0.3422
-2.1876
-3.6622
1.2187
-1.115
-1.4746
0.6797
1.8782
3.46915
-1.57125
-0.4051
1.08657
2.06294
-1.71673
-4.8666
1.5228
1.73836
1.5228
-5.06007
1.85986
-2.0433
1.84335
-1.8238
-1.46081
-4.7143
1.4902
3.5208
-1.404
1.779
-3.0916
0.5319
-1.6077
-0.5848
-5.4766
-0.1296
-0.9308
-1.5473
2.3028
-2.1224
-0.3058
-2.97616
-1.24212
0.8042
-1.5695
0.8479
-0.52398
-2.6315
-3.74437
-2.82882
0.6683
0.0748
0.2051
-5.4367
1.8558
-0.2844
-4.0935
0.4917
-1.1606
-0.5141
0.0949
-1.269
-0.7856
4.0279
-0.9041
5.8332
-1.4656
-0.7336
0.3544
3.001
-0.9897
2.5702
-0.6235
1.1493
-3.4033
0.3121
2.9856
-2.4013
1.8863
3.11971
1.58287
0.65123
-0.3116
-2.02955
-0.03244
-0.63337
-0.18968
-0.47849
0.66663
0.7589
1.66382
6.2564
2.41463
-1.085
-0.10472
-0.3357
0.83048
-4.8835
-0.01766
1.465
0.1358
-1.9238
-1.50421
-4.16372
-1.91668
-0.6602
5.64374
-1.10836
-0.6387
3.7049
-5.31546
0.454
-5.4848
0.1922
-2.55197
-4.355
-1.4528
-1.6934
-2.6234
0.3231
-1.4207
-0.1703
-3.8436
-0.3819
1.1144
2.1306
2.3714
2.8823
-0.0195
2.7026
-1.7706
0.1602
1.0282
-0.5486
-0.5843
-1.094
-0.3686
1.4
3.9556
0.3695
-0.1785
-1.1945
0.7306
3.152
-0.2499
-3.6341
-4.3066
-0.12
-1.1895
0.5166
2.235
-3.275
1.5945
5.2942
0.1313
1.0802
-0.0113
-1.6777
-2.3817
-0.5456
4.3806
16.7506
-12.662
-0.2143
-2.8817
-5.5809
-5.1061
-0.8148
0.4234
2.3597
2.3194
-0.3649
-1.7485
4.1833
-1.3064
1.4441
-2.9288
0.1552
-0.7202
0.8789
-2.753
0.567
-2.0546
0.3454
0.4897
-2.4579
6.1163
4.3812
-0.40182
-2.29017
-4.42492
-0.58401
-0.5916
-1.62637
4.82743
3.28039
1.09541
-0.86218
1.21979
-1.8242
1.75892
-0.1236
0.2665
-1.37953
3.04907
2.21622
2.2674
-0.6719
-2.76795
0.62681
3.9256
2.34049
0.23412
2.5818
1.39237
0.07605
-3.0288
2.5285
-1.81968
-1.34269
3.56721
-3.1041
1.03206
-1.47453
-5.32692
0.57
0.58723
-1.43615
0.07414
1.1197
-2.0219
0.38477
1.62543
-0.0726
-3.01518
2.56604
3.42162
1.59506
2.1782
-0.2771
0.2316
4.637
0.3846
-2.49285
0.11084
-1.08478
0.72069
2.23782
5.25686
-1.12024
1.25778
-0.3593
-0.30973
0.24606
8.0938
-0.6681
-0.37288
-0.63798
-0.11185
-1.2127
3.6488
2.24648
0.24145
3.55735
0.5587
0.24361
-1.31675
-1.2433
0.4416
1.10962
3.81484
0.51888
2.1656
-0.32776
-0.60398
-0.1701
0.06858
0.53363
-1.68324
1.81856
-1.23971
0.8974
0.77804
2.0636
-0.40573
1.7103
1.08926
-2.30937
0.23747
2.9825
0.4992
-0.0261
-4.0452
-4.57665
0.4912
-8.61509
-1.2974
6.60425
1.1019
-2.89851
2.2077
-0.45579
9.1925
8.99772
-3.59561
1.6694
0.23591
-2.0818
0.25675
1.5113
-0.44488
0.29158
-0.38072
-0.91477
0.70724
-0.9333
2.36961
-2.04656
-4.50857
1.3789
-0.83272
-5.3412
-1.92792
-1.59813
-0.3601
-1.683
1.14314
0.31278
1.4486
1.69275
-1.45546
-3.28344
0.7555
-2.53365
1.5124
0.8603
0.77271
2.85033
-1.05339
-1.7491
1.4868
5.08099
0.3192
1.10633
2.05921
0.54722
0.28835
-2.47153
-0.41927
-2.13682
-4.7849
-0.59377
-3.3533
0.51827
4.2102
2.3633
-1.0284
2.9563
-1.60764
1.01058
-1.0655
-2.0021
-0.061
0.7036
-0.0577
0.0671
-1.6495
-0.9506
-0.3031
1.8812
0.6173
1.0533
1.4316
0.1923
2.7453
0.2506
-0.5989
-0.6674
1.4391
-4.3296
-0.9365
0.6764
-0.0108
-2.5992
-0.8028
0.7442
0.307
1.2293
2.2461
0.66
-0.7091
1.2953
4.9889
0.0049
-1.6991
-0.0669
0.7395
-1.7369
0.9374
-2.0509
-7.8277
0.8821
-0.1473
2.5845
2.0104
1.3362
-0.30013
-0.18211
-0.98919
-0.12471
-3.7999
0.50871
-0.24827
-2.35458
2.2637
-0.43632
0.76076
-4.03152
-1.8686
0.09863
0.7429
NA
0.9165
-0.5834
0.44704
4.18044
NA
1.60956
-2.4521
0.8331
-1.0619
0.1157
-1.1163
-0.3754
-0.508
0.269
-1.3273
-2.0636
1.1058
-2.3451
0.6165
-0.3207
-1.5924
-0.029
-1.0158
-1.1481
-0.2893
-1.0689
2.8476
0.41264
-0.2657
-1.78288
-0.74926
3.73413
-2.95161
3.10748
-1.96439
-0.49066
1.67734
-1.80902
2.62013
-4.63686
-4.0788
0.21561
-1.88037
0.0147
-0.37296
0.80284
-2.7439
-0.86328
-0.73398
-3.98169
-1.6766
0.09106
4.58705
-0.44379
-1.3131
0.4784
1.04559
2.57101
0.61962
-1.56231
0.53729
-0.47212
0.3078
-2.784
1.36
-1.0723
1.032
-3.3848
3.9985
1.0498
2.242
-1.5298
-0.0195
1.0632
0.8668
0.3277
2.2632
-2.9348
1.1664
0.6665
3.249
-1.3323
0.0645
2.5335
0.5232
-0.048
-0.7541
5.3216
-0.2809
-0.08633
1.6461
0.5715
-1.4338
-0.13498
0.98359
-3.84526
1.1547
-6.9784
-1.658
-1.2122
-0.35343
-0.6213
1.22189
1.64437
0.1483
3.91821
-0.426
1.0323
-0.2912
2.38841
-0.69452
-0.9084
-3.1933
-0.6025
-1.6728
-0.07596
-1.54428
0.6486
3.0929
0.32339
1.01315
2.7219
-1.0245
2.7939
0.7586
-1.8779
1.1337
0.39712
-1.6466
-0.83747
-1.239
4.3053
4.7536
-3.3908
2.25611
1.0176
1.8386
1.92435
1.6378
0.4373
-0.5611
-0.09744
0.987
1.783
-1.2869
-1.4023
-3.8572
2.4509
-9.50916
2.21027
-2.282
-1.48438
-0.89231
3.5372
1.3515
-1.02417
-1.7755
-12.2397
-2.15732
1.708
-1.1288
1.88568
1.0265
0.7703
-0.1962
0.9447
2.0287
1.3338
0.12578
-2.213
-1.2696
2.828
-0.4071
3.0626
0.4357
-1.0624
1.3763
-1.1735
1.229
4.22822
0.68275
-1.28917
-2.36285
-0.2688
0.2341
-0.8209
-0.123
-0.9988
-1.0512
-1.2488
0.3118
-2.2172
-0.36566
0.491
0.56629
-0.9079
-0.00421
2.3151
1.46852
1.12442
-1.97661
-2.18643
-0.7939
1.57476
-0.74064
0.1383
5.0447
-0.5441
4.00317
-1.396
-1.59311
0.83531
1.03729
-0.1725
3.1042
3.5545
1.1117
-1.0968
-5.4976
-0.42362
1.4568
-0.1761
3.3282
-1.44802
0.54129
-1.2301
3.35453
2.126
3.03316
-0.1535
-0.749
-1.2967
0.4285
-1.809
-0.0578
1.08647
-1.01619
-0.23235
1.1762
1.5013
0.63595
1.1261
-4.48411
-3.513
1.16817
-3.1188
-1.3827
4.31115
-2.33163
1.5723
-0.2467
-1.12227
-0.46136
-6.2633
0.3243
0.1874
-0.6417
0.81254
1.2452
1.4026
-0.4174
2.8497
2.39898
0.05726
2.04271
2.43959
0.93832
0.7149
2.55407
0.64757
-0.55259
1.1839
-2.0845
3.162
0.07
-1.64432
-0.7607
1.15297
0.23078
0.1672
-2.25
0.06146
-3.0058
-0.54154
-0.9539
0.53299
-1.6328
-1.94447
1.62762
-2.34241
-0.94129
0.4789
0.6159
0.0402
1.9679
2.0946
3.0448
3.4498
2.3964
0.4287
1.52043
-4.91334
-1.14118
-0.10674
-2.4835
-1.57
2.9975
1.0301
-2.3131
-0.03
-1.338
-0.2196
1.1598
0.01598
-0.90094
-1.26627
-4.6339
2.2284
0.981
-0.4933
1.2506
1.051
11.115
2.24953
-0.02222
-0.47329
1.6503
-1.0935
-4.603
0.0717
0.77355
-0.86498
-0.2003
1.1924
1.53143
-0.09401
-0.1976
-3.6155
-0.0147
0.06707
-2.32317
1.2365
-0.1159
1.2365
0.8723
0.4938
0.2215
-0.1496
1.37
1.9502
-2.1702
0.87017
-2.408
1.6911
2.24001
1.9055
-0.5797
0.2245
0.5817
-1.57001
3.4454
2.8268
0.3377
-0.1394
0.3771
1.2923
1.9966
-7.9102
0.6369
0.60817
-1.1287
-1.18071
4.86677
3.5091
5.8249
-1.7621
0.3873
-0.0205
1.2964
-0.6646
-0.5959
1.6333
0.7447
-0.50953
-1.33153
-2.0047
2.81364
0.11096
-1.53776
2.61679
-0.13412
-0.76327
1.5854
1.17215
-3.8621
-0.2644
-0.95067
-0.0191
1.0072
2.0359
1.57918
-0.9917
1.9041
0.38262
0.2626
-1.67148
1.7694
-1.48959
3.0042
1.1745
-1.0945
-0.2383
-1.8573
0.78209
-0.53983
1.3835
3.3292
4.30933
0.97658
-2.444
-0.86909
-1.179
1.06711
-0.98667
-4.05581
-2.02631
1.18382
1.86439
2.2758
0.61973
-1.43458
0.76856
2.2376
0.5084
-2.5374
-0.08113
-0.0555
1.63388
-0.27
-1.228
-1.18123
0.2034
-3.8528
4.796
0.7285
2.4047
-0.6988
-0.065
-0.48575
-0.9328
0.0218
7.2671
2.775
6.99046
0.1948
1.2057
1.7258
0.82874
-0.5195
-2.93206
-0.12283
-0.2969
-0.9729
1.4536
4.2047
-1.8014
5.9768
5.1959
-4.5617
-0.7351
5.3628
-3.2492
-1.13112
0.2207
-0.5482
0.96853
-0.652
-0.0369
0.5353
-0.4767
-1.6384
-0.4418
-0.0819
1.1522
-0.7782
0.55359
-0.6095
2.3229
-4.9384
2.7329
5.5747
-6.2488
-0.2976
6.498
2.5559
1.5569
2.0534
0.2957
1.2876
-0.9412
1.25296
-5.45716
2.09327
-0.10277
-1.9099
-1.7295
0.5555
2.5783
-3.62407
-0.7921
-3.20213
15.7194
0.72052
-1.716
-0.4364
0.99194
-1.99879
-2.1179
2.4758
1.04416
0.7493
-1.6139
-3.5629
12.65535
-1.8503
0.6922
1.08212
-2.28955
2.26758
-2.39222
-1.93827
-1.15802
-7.70866
-2.5645
-0.93894
0.35556
-1.13378
-4.0765
-3.3302
-1.6894
-0.34301
-1.6894
-0.6324
-0.62924
4.2569
1.36553
-0.19611
-3.11
-2.84784
NA
NA
2.9094
4.27538
6.5976
7.3313
0.18465
-1.0637
0.2902
-1.355
-1.1125
1.7825
-0.036
-0.5537
2.8297
2.7606
-3.1933
4.0805
-0.6541
2.34186
0.9141
-0.3207
2.62929
-3.556
-0.7995
-1.4675
1.62042
1.0225
1.94019
-3.7689
1.5752
-0.16396
-0.975
0.51917
1.61962
0.65607
-1.3887
1.1632
-3.41652
-1.01928
-0.0533
-0.38446
-0.87785
5.31459
0.7472
-2.29548
1.47141
-0.0341
0.1419
-2.59107
-2.8898
0.49438
-0.2702
1.3481
-1.68634
-0.98853
1.2546
3.20611
-0.36475
-0.39227
0.3079
0.98732
0.80934
2.54046
2.3867
1.50553
4.61484
1.48688
-4.74358
-0.76643
4.4078
0.7835
0.0336
0.00406
0.95124
1.6092
-0.25752
-1.5388
1.3722
-3.3406
-0.6154
1.14109
0.05678
0.0264
0.7042
-0.5169
-2.1899
9.79118
-0.7574
-0.41079
5.34662
-3.31789
-1.5117
3.2796
0.18498
1.75019
-1.6495
6.8019
0.4193
-2.4866
-2.5243
-1.1098
1.29163
-2.22487
4.83318
-1.2357
0.3218
1.9187
-2.2732
-0.7906
2.5529
-0.4521
0.85611
-0.83298
0.88554
-1.855
-1.0457
-1.2208
-0.7569
0.5961
1.16096
1.6959
0.3351
-2.40868
1.927
-3.329
0.9157
1.1165
0.5004
2.7978
-0.2856
-0.7439
0.9248
0.2984
1.5289
-0.5466
0.0725
-0.1715
0.1561
0.7799
-0.7697
-0.6538
-0.3977
0.02773
2.9343
1.5293
-14.0441
0.3853
-0.32021
1.3532
-2.08
0.42532
3.6023
-0.5261
1.2222
2.4936
1.2731
-2.5583
0.0422
3.2317
4.3607
-0.3113
2.4141
6.4504
-0.3704
1.84812
0.56649
-1.4222
-0.7875
-0.2697
-3.8523
-3.9282
2.143
2.6632
-5.7832
-2.165
-1.8988
-0.3155
-1.3419
5.1886
2.62
2.7792
-1.9341
-3.2119
-0.5179
0.1974
1.3608
0.3957
0.10187
-0.3732
-1.7171
2.5388
0.86258
0.2535
-1.869
-1.16717
-0.23026
1.14
-1.83634
-1.51788
0.8144
-1.68488
5.05547
4.89067
-0.2938
1.13798
-1.39977
-0.1758
-2.5305
2.5532
-3.2335
1.7632
-1.2957
-0.2547
5.8149
0.29937
1.73743
1.06451
1.25351
2.277
-0.5661
1.4631
0.7413
1.53312
4.94821
0.6409
-1.6929
-1.45474
1.5887
0.21846
2.43972
1.5356
-3.56247
0.70048
-1.10782
-1.1647
-1.57032
-1.32563
-0.1965
1.80115
-1.6876
-1.16874
0.14027
-2.2435
-0.8794
2.69917
0.6597
-1.5533
-3.4819
5.2984
-1.6825
-1.6067
-2.43055
-2.44994
-1.4743
1.24576
1.7778
0.40509
1.9242
1.7566
-1.77475
-0.03
2.9407
-4.7341
1.2601
2.8521
-1.9248
-0.3445
0.3747
-1.5405
0.1354
0.67554
-6.1274
-0.5423
1.3703
1.54598
-0.2727
-0.73299
0.8696
1.2059
-0.3695
-0.138
1.374
1.658
-0.8836
-1.0542
1.192
0.3782
2.3872
3.7858
1.007
-1.6738
-1.9647
4.21614
-0.4959
0.3428
-0.4085
-0.8104
0.3691
3.0585
1.77058
-3.4637
0.5739
4.7224
1.3747
1.5944
2.4356
-0.7457
4.38157
-0.46983
-0.79204
1.3753
-8.62007
-2.47511
-2.73652
1.8062
-0.6203
-0.0357
-0.8183
0.1652
-0.167
0.97683
-1.2036
-1.104
0.9326
0.6516
-3.91567
1.93093
0.14473
1.7671
1.1462
-1.5669
-2.6477
-1.114
-3.9828
-4.416
1.088
0.5072
3.7386
-1.52438
-0.2101
0.3213
0.8516
-0.45643
-2.0141
-2.1009
0.20699
-0.06336
-3.0776
-0.65855
0.179
0.70596
-2.00714
-4.20097
-1.578
0.16614
-0.80968
-0.44637
-0.67547
1.2633
1.2647
-3.3658
-2.65841
1.5061
-1.8994
0.1309
-0.4371
-0.1952
1.7769
-1.6902
3.0916
0.4673
-1.4182
1.69476
1.7994
2.4673
1.8561
0.05843
1.1876
-2.1904
-0.923
-1.46577
0.2075
0.665
-2.19178
-0.614
-4.7476
2.0849
-0.12517
-3.3165
-2.05441
-1.2306
-0.5528
-1.90921
3.62748
1.2597
-1.5359
-3.229
-3.6449
-1.2036
-3.8
-1.8833
0.49885
0.63667
7.337
3.6055
0.94349
0.5335
-0.7686
1.5695
-2.0733
-1.2885
3.1369
-0.551
1.9815
-0.58786
0.05803
-1.66668
-0.4382
2.52881
-0.25932
1.2845
-5.1834
-1.8979
2.3383
-4.5582
-0.9078
0.11791
-1.87252
-2.89971
1.1448
4.23297
-1.4603
-1.6673
-0.33537
-1.89501
1.79664
-0.11151
-0.83245
-2.47579
2.00963
0.10726
0.32151
0.62298
-1.5623
-1.5701
2.84949
1.5013
1.31721
-1.92539
2.55236
-2.6309
-2.17422
-0.03513
2.21182
-0.92843
1.43454
-1.00676
-2.9733
1.08169
-0.38713
1.51149
-5.8748
-4.43243
1.872
1.2935
2.22535
1.8883
-1.5151
0.2054
-1.8004
-2.06578
1.03579
1.58347
0.0248
-2.0679
-1.4599
-2.81895
0.6142
0.6921
1.92476
0.58685
3.783
0.0684
-1.5036
-2.13679
-0.3343
-0.5586
1.964
0.2073
4.3658
0.3206
-1.9221
1.5917
1.96013
-1.1483
1.6297
-2.91734
-3.9893
-0.0843
NA
-2.1781
-0.2658
-0.83531
1.35136
0.5951
-0.9282
-1.3163
1.8056
-0.8738
-1.8709
-0.1535
-8.22671
-2.1857
0.9167
0.14408
1.84309
4.22007
1.77382
-2.8159
-3.2172
-0.6981
0.6913
-1.4173
-1.4093
-0.2636
1.15749
-2.15139
1.432
-0.3309
-2.4085
3.1164
0.5619
0.1859
3.0252
-0.976
1.01595
-1.8731
-0.54388
0.9493
0.0833
6.3521
1.20034
-5.04034
3.6354
6.8649
0.71636
-6.77496
0.299
-0.0935
0.2278
-1.4876
-1.8234
-2.9581
-0.97142
1.8428
-2.5305
1.0578
2.34742
1.9446
-0.8507
0.34811
-2.8249
-0.76186
-2.8677
-0.26165
-2.4636
-3.1993
0.6445
0.38731
-7.86812
-0.24382
0.885
0.2612
1.5996
0.6938
0.42836
3.1481
1.6229
-1.5596
0.13712
4.3041
-2.0697
1.07189
-4.15322
3.0377
-4.8278
1.19667
0.0519
2.3036
-7.79604
0.3313
0.2154
0.264
0.9753
-0.5166
0.00532
1.3453
0.9371
0.208
-1.43501
-0.2517
-0.48082
4.5387
-0.58502
0.79812
0.7695
-0.72092
-0.59582
-2.41996
1.4581
-3.09426
-0.47903
-2.25597
-0.6117
6.8619
-1.8483
0.3347
-1.62184
0.76983
-0.45487
0.3404
-3.2458
-2.0159
1.80428
-3.96996
2.03241
-1.93919
0.15443
-2.60805
-0.7659
-1.4751
3.03308
-2.30488
-3.10128
-1.34223
-1.59523
0.4726
-2.10618
-0.5198
-1.1092
0.06627
-0.3746
1.9323
1.36781
1.43183
-0.2117
0.3134
-0.6329
1.13108
-1.12983
-0.2191
1.993
-0.9045
-2.1294
0.4028
-0.2661
0.1419
1.7394
-0.00166
1.58374
-1.6101
-0.7165
-3.5624
-0.2174
1.4846
-3.88986
0.4588
-0.16077
2.3118
-0.048
-5.68342
-3.4276
1.2722
-0.7519
5.4304
2.4061
0.7871
2.5818
2.07924
-1.59853
2.29804
1.0372
0.75291
-1.4773
-1.02843
-0.64
0.0802
-3.3627
0.48512
0.6234
-0.23962
4.8325
-0.90234
-0.32781
-0.14408
0.8285
-4.3843
1.7174
-0.67526
-0.01387
-0.68328
2.2902
-2.6532
2.1306
-0.7458
0.53991
0.3223
-1.38058
-1.76229
0.95229
0.79423
-2.86999
-2.60911
3.80316
6.8463
0.54996
1.21404
2.1664
4.3077
2.36259
0.512
NA
2.9337
-4.10026
-8.26695
-0.86088
8.74944
-2.7384
3.272
-0.35727
-0.0746
-3.1417
-3.56247
-3.6016
-1.72984
-0.5159
0.282
-0.03531
-1.2368
-0.5051
0.5356
1.4376
-0.0834
2.2036
0.0869
0.07033
-0.3851
0.3977
1.9324
2.06195
0.4188
-0.204
-2.9149
0.06
1.818
2.4417
-1.4601
1.2341
-2.0579
-1.1689
1.2772
0.50013
-1.1596
0.55692
-0.15593
0.04642
3.5711
-1.55902
0.2167
1.3019
1.77803
3.73595
-1.1603
-0.96944
0.6929
-0.1091
-2.28177
0.368
2.11665
2.51774
0.6107
0.8287
0.516
-5.62698
0.7146
-1.7597
0.17154
-0.4285
2.7792
-0.7565
2.2688
-2.3355
-0.73262
2.4281
-0.5074
0.41268
0.7624
-1.5506
-0.1878
2.99741
0.13922
1.25574
2.31215
3.3745
-2.1845
3.3382
1.3359
4.992
2.1297
-0.23714
0.2747
2.07826
1.955
-0.7773
2.61687
3.4443
-3.89027
-1.1923
4.5469
-1.7368
0.5139
2.2863
0.2812
0.52696
-0.2452
-0.02001
5.4389
-2.98361
1.8661
-2.70954
-3.1095
-0.1285
0.7351
-2.6524
-1.24383
0.1893
0.8196
0.4576
1.7901
0.8713
0.73162
3.1276
-1.38714
0.2425
-0.38159
0.27446
-0.1947
-1.4788
1.0148
-2.32863
0.4302
0.38979
-0.32222
2.771
-0.48821
2.6778
3.2982
1.178
-0.0312
9.3459
-2.91393
-0.3185
-2.58337
-0.4628
2.4057
2.3727
0.22446
0.23955
0.5123
-1.2278
-2.40832
0.528
3.7632
2.49283
-2.5961
-1.70151
-0.58742
1.9518
-1.6388
-2.6475
-0.02487
2.39513
-1.26528
1.15391
0.6782
-1.1179
-0.15853
-4.8121
-0.1284
-4.6952
3.11794
3.5498
0.72684
0.5955
-4.58968
-1.0435
2.8057
3.1668
-3.89822
-0.7704
-1.12709
5.4593
-2.64959
-1.70386
-4.1256
1.7424
0.1977
0.28915
0.91524
-1.1993
0.01851
0.9154
1.14385
-0.51393
-1.59145
0.68434
-1.69638
1.09472
-1.38
1.14481
3.299
2.14104
0.27176
0.9488
-0.7225
-0.75588
-0.00131
3.0928
2.6758
0.093
0.0651
1.75627
0.60748
-0.2419
1.0338
1.7902
-4.1606
-1.99424
-1.7835
-4.65688
1.52369
-1.4384
3.58096
0.61627
-2.0441
-1.1153
-1.15988
3.3947
-1.3757
2.8949
7.8106
-0.2492
1.657
6.4751
1.27387
3.7076
-1.71359
2.7857
-1.9267
0.84281
-0.68172
0.3001
-2.23036
-2.03884
-0.1981
-0.60123
-1.3525
0.6086
-1.01602
10.26037
0.87106
-2.8319
2.25182
-3.16557
2.37172
1.54273
-1.8058
-1.308
3.91099
4.5767
-1.986
1.4796
-2.0112
NA
0.3424
1.81036
-0.77434
0.12116
-2.0165
1.1663
3.0358
-1.69835
-0.67816
-6.6855
-0.0883
3.71691
-7.003
3.29796
-1.2873
-0.25108
2.3303
-8.09072
0.3011
-1.4136
-1.3707
0.2141
0.8506
-0.5898
0.60713
5.2735
-0.8267
-0.29567
0.20308
-2.6797
-1.25654
0.09103
-0.2174
1.6905
-0.03119
-1.896
-0.8126
-0.04134
3.9335
0.48388
2.32973
-1.45073
1.0553
3.9874
-3.26931
2.49122
7.3782
-1.6727
0.868
0.3561
-4.7015
-0.3344
-0.3922
-1.5893
1.7147
-4.23668
-2.7762
0.86698
1.04041
0.80832
-0.43951
-1.3079
-3.5387
-0.5502
-1.3406
-0.2982
0.42852
-0.39663
-0.0155
-2.467
-0.24638
2.0761
2.8773
-2.08405
1.12007
1.94477
-1.04332
4.94469
-0.4525
-1.47318
1.5685
-4.04917
-0.9122
-2.9312
-1.3242
-0.57871
-1.1013
0.00328
-4.0311
0.61868
-1.69081
2.0175
-1.049
5.8171
4.1454
0.25775
-0.15259
2.2721
-1.69683
0.51509
0.27136
-1.2531
0.502
2.6075
4.15865
-1.8619
-1.9749
-2.7758
0.70764
3.7819
-1.6165
-0.04225
8.0064
-0.6377
0.3803
NA
-1.8457
-1.80876
-0.12656
0.7697
4.6074
2.72788
0.30872
0.67038
1.38433
0.88883
0.8643
4.8813
0.44073
-0.5066
-0.78714
0.3251
0.9732
2.3288
3.2023
-1.85755
3.5106
0.07517
-6.8649
-1.5229
1.3816
2.2526
0.1326
0.2103
-0.9525
2.1891
2.4441
1.7506
-1.1639
-0.3274
-2.0814
2.058
-2.0434
0.5523
0.544
-2.4432
-0.36891
-2.26184
2.59339
0.32567
-0.51544
0.4547
-0.2645
-3.5971
-4.6466
7.97925
0.4984
-0.4838
1.2145
0.55301
-0.6122
0.55327
0.8509
0.0581
-0.9636
-2.79
0.0934
-0.25169
7.27337
1.4335
1.3746
-0.7602
-0.3454
4.0075
0.47209
-0.37212
2.3755
1.0398
NA
0.52834
2.02108
-1.5109
-0.03341
-3.02902
4.5327
3.659
0.15595
NA
-0.09212
0.4643
-1.1027
4.55549
1.06515
1.2139
2.44784
0.63559
0.2458
2.52759
1.09807
1.21104
1.4096
1.5353
2.41797
-4.594
-0.2097
0.0148
3.63499
2.05707
-0.9452
-2.5497
-2.8213
1.2061
2.2906
0.36996
1.63061
-0.37651
0.87863
0.9365
0.915
1.02246
2.90275
-0.25521
-6.2707
1.58442
1.7533
2.7194
0.8331
-1.1486
-1.5032
-0.96602
0.4943
-2.4181
-0.6492
-1.99638
-0.58752
-0.6658
-0.4824
-2.74679
1.8256
1.24634
1.9696
0.96053
-0.114
0.8041
-2.7788
-3.7051
2.7553
-1.0097
0.2208
-1.2031
1.8977
1.36832
-0.0011
-1.3575
1.5276
-1.4374
3.77201
-0.2757
1.05767
0.25366
-1.5411
-0.8738
2.9698
3.74675
-0.266
0.4108
-4.12243
0.69519
-2.701
-2.32908
-0.55986
-0.0613
0.74648
0.4642
2.1411
-1.25263
3.9769
5.0493
1.4393
-0.04134
2.54575
-1.00845
-0.57577
-0.91461
-2.18631
-3.6354
1.6573
-0.85179
-0.1001
0.18304
0.2289
-5.2691
-2.25456
-0.185
0.2375
-2.3462
3.6931
0.6166
2.02
0.72838
-3.2005
-10.2969
-4.4251
1.1966
-0.1445
-0.6634
3.1558
0.92432
-1.73101
2.5547
1.61317
-2.2698
0.64492
1.44676
2.1183
-3.22303
-0.1122
-0.28251
-0.3781
3.3518
-2.8208
2.7856
2.47
-0.9714
-0.406
-0.0263
1.43449
0.02117
-1.1715
-3.5841
-8.19114
-0.1167
-5.9203
2.72266
-0.52661
0.424
-0.2985
2.0181
-2.53177
-0.1331
-1.0166
2.3967
-0.2216
-0.5449
-1.9097
-6.1412
-0.5636
2.44215
1.94126
-0.56965
-2.21063
-1.40142
-1.5289
-0.7861
-0.9816
-3.33507
1.31044
-1.84718
-3.47302
-0.7229
2.1943
6.585
-1.4257
-1.4375
2.40535
-1.64982
0.3614
-3.58069
2.4547
0.6268
0.3583
3.1333
0.9319
-1.598
-1.5734
2.8108
1.9525
-2.67404
-0.724
1.18804
-0.96799
1.8183
-0.62113
-4.7186
0.5612
-2.325
0.9571
-0.5424
-7.3645
-0.25697
2.0869
3.0929
-1.764
2.5824
1.80081
0.8671
0.6031
-1.6542
3.7353
2.20649
0.55229
-3.5105
-0.5555
0.8447
-1.4831
2.3024
-2.42761
3.9142
2.2932
-0.62235
2.04592
2.3351
0.05937
7.15564
-0.8072
0.90617
0.6042
-1.9019
1.1777
0.90507
-0.6832
0.3419
-0.33833
1.97761
0.3364
-0.7052
-2.3191
-6.2721
3.0543
-0.11535
7.00614
0.08777
-1.2767
3.24924
0.3487
-3.5537
-0.6959
-3.6506
1.2344
-1.60083
1.7456
-0.1015
-1.3345
0.9482
-1.3794
0.3318
0.38635
0.3544
-5.9344
-2.22361
0.80352
-0.7923
0.57954
-1.8365
-1.5302
-0.18273
0.9751
0.93033
-1.4364
1.7954
-0.08689
-0.09262
-0.9319
0.28381
-0.06687
-1.12232
1.70818
-2.6128
-2.7463
2.2024
-0.7732
-0.8578
3.387
-3.65157
-3.85
2.76424
NA
-0.42239
-2.60416
0.5857
-1.47448
-0.29379
NA
1.0009
4.30956
3.1943
0.72352
0.46984
-2.69439
2.25067
4.84529
0.2011
-1.2081
-1.074
-2.14513
-1.09444
-0.3069
-2.0441
1.5515
-4.2211
2.2498
-0.51645
-1.0391
-1.9579
0.34307
-0.0785
0.56698
-0.47626
0.66076
-0.68417
-0.5497
3.5365
1.6856
0.6507
-2.5294
0.0514
-2.3422
6.1568
1.9086
-0.0875
-1.1893
0.6477
0.6652
-1.2061
0.35835
1.9813
3.5107
-0.31161
-1.5408
0.535
0.2183
-0.4332
-0.3563
-1.7621
-0.8152
3.78845
0.6571
1.2649
-0.0643
-0.01892
2.9944
0.54894
-0.16208
0.41411
-0.9923
0.78506
1.6178
0.04157
0.8646
0.59252
0.9771
NA
-0.19617
-1.30399
2.20087
-1.29201
-1.33721
0.6124
-2.0451
1.1668
-0.5278
-2.5374
2.9397
0.10039
0.75682
3.97897
0.94501
-0.3636
0.14066
3.29733
-0.276
0.21027
-0.94953
-0.95477
-1.8494
-0.78391
0.1151
-0.1557
0.14359
-2.3891
-1.3486
1.8183
-2.1645
-4.6888
1.4034
0.0946
0.7199
-0.02565
-4.2372
2.1955
-4.22279
1.86879
-1.78494
-1.5324
-0.319
2.73138
0.05278
-0.2236
0.1167
1.651
0.2377
0.6558
0.58765
-0.9993
-1.04027
0.5849
-0.6285
-0.6441
1.28579
-3.4282
4.267
2.7618
-3.8903
-2.4699
1.04157
0.9313
1.08056
-1.1896
3.9633
0.2037
2.6654
0.79721
2.2164
-2.8006
-0.49898
-1.41782
0.9589
6.3425
-0.441
-0.26691
0.5517
-5.1506
-1.1289
0.6065
1.3353
0.5401
0.70185
-0.91425
6.38245
-0.6587
-0.86794
-0.3587
0.51653
NA
-2.40492
-0.27241
3.4101
0.30967
0.84504
0.9185
-0.0889
-0.67674
-0.8271
-3.71811
NA
-4.273
-1.39761
-0.55852
-3.1132
-1.0244
2.43358
0.94367
-1.9841
0.68
-0.2196
0.2133
1.15677
-1.9547
0.2564
2.21353
1.37455
4.34681
0.52892
-1.6331
NA
0.3971
-1.4523
-2.79402
1.05987
1.4202
-0.00213
-0.591
-0.03774
-0.695
-1.30408
3.723
0.148
0.3045
-0.5666
-0.1933
1.50798
0.84139
-1.9801
-0.6426
-0.5974
0.04398
-0.9842
3.12272
0.1559
-3.5126
1.8132
2.69057
0.0123
0.2124
0.2702
0.1765
0.2348
-0.2621
0.97125
0.0845
-1.9302
1.75896
-1.6513
-2.2339
-0.1269
-0.44382
-0.88703
3.836
1.0267
NA
-0.3137
-1.32158
2.4141
1.6462
-0.019
-0.2351
-0.92324
0.6857
-1.7648
-2.7283
3.7326
0.8794
-2.66728
0.85521
-0.5892
0.7169
-1.9642
-1.8028
-0.5235
0.35551
1.2313
-3.2492
-0.1617
0.7968
NA
0.1648
-0.44668
-2.346
-0.3078
-1.1945
0.46766
-0.43524
-4.28425
1.74345
1.81191
1.3604
-3.29497
1.5044
0.0764
0.28477
1.64931
-0.5182
-0.7101
0.7582
-0.8684
1.37097
-0.06911
7.4957
1.2439
-5.61449
1.62087
1.3512
-1.3798
1.7978
-0.99262
-2.2774
-1.2836
1.7862
-0.7501
1.019
0.19301
-2.02622
0.76374
-1.3484
-1.19484
0.6462
1.0009
-0.6166
-2.80161
8.68518
-0.23964
2.3709
-5.3554
-0.9772
0.6033
-7.151
0.87585
-1.73189
-1.6142
0.2729
-2.9455
-1.91399
0.9442
-0.11844
-2.58945
0.5682
-0.33168
0.54612
-0.36042
0.70397
0.6962
-1.1757
2.12971
-0.29823
-1.199
NA
-1.6958
2.7701
3.7213
1.17919
2.21543
-0.8374
0.9258
-0.9164
-4.3009
2.44012
-2.7991
-0.338
-1.09748
3.0624
-3.5244
0.7612
-0.19117
-0.2282
0.2075
2.683
-1.00038
1.04
1.6667
1.86052
-2.11705
-1.1135
3.3108
1.5267
1.0717
1.11352
-0.9918
0.0404
-0.0111
-0.64011
-1.96745
-0.9895
-3.6966
-2.13207
-0.5554
1.70421
-0.55366
1.9035
2.04216
9.1117
-2.94352
-0.0258
-1.37164
-0.06272
NA
-1.0174
-3.964
0.4101
-1.5675
4.2769
1.759
-1.0066
-1.6694
0.5048
-2.83752
0.72327
-0.069
0.5694
-1.3601
-2.1546
0.8974
1.1547
0.95277
-1.7079
4.0915
-1.1004
3.621
-0.45435
-0.97453
-1.2662
0.65719
0.5326
2.1405
0.289
-2.2293
-1.85827
-0.755
1.9086
-3.85783
-1.39741
0.29979
-0.88353
-1.3993
1.2002
-5.98418
0.73277
0.02857
0.7699
-2.0451
-1.5474
2.5352
-0.9577
0.6759
8.1375
0.1159
-4.53064
-2.58634
1.7149
2.7661
3.0794
0.1639
0.05326
-0.76611
-1.1823
-1.5992
-0.93069
-0.3468
1.94395
1.49603
-1.04465
-3.3423
-3.54614
2.313
1.2026
0.9189
0.38138
-0.5707
-2.821
-1.0244
0.79182
0.8179
0.5115
-0.907
0.7834
0.86703
-1.2538
1.1963
-0.9526
-2.0347
1.5857
0.7245
1.5619
-3.69
-0.3634
-1.10101
-1.72767
0.75301
-0.7628
-0.8553
2.9559
1.6996
1.2048
-0.185
0.1329
0.422
0.34519
2.50908
NA
-1.9279
NA
NA
NA
NA
NA
NA
NA
0.6459
-0.82527
NA
NA
NA
NA
-1.45916
NA
NA
NA
NA
NA
-0.63901
NA
NA
0.9127
NA
NA
NA
NA
-0.80639
NA
NA
NA
NA
NA
NA
NA
-0.75709
NA
NA
NA
NA
NA
NA
1.4318
NA
NA
NA
4.7339
-0.51416
0.7504
NA
-2.6459
-0.2127
0.16252
-2.26972
-0.41289
4.631
2.52528
-1.18661
-2.91444
0.8095
-2.52768
-1.9619
-1.18066
2.03893
0.3404
3.8054
2.7578
1.26871
0.7719
0.8999
1.4122
0.36906
-0.70746
-3.5359
-1.9451
0.23566
-0.0105
-1.27172
0.041
1.1037
-2.58803
0.30408
0.645
1.51106
-1.72593
0.6063
-0.53587
1.5546
-3.66145
-1.7547
-1.14136
-1.1165
2.168
5.6915
-0.1651
0.0629
1.36808
1.3862
-0.2144
5.3411
0.15483
-0.1201
0.0971
0.5457
2.3065
-0.6158
-2.6778
-0.2494
-0.44513
-2.0698
2.5698
NA
NA
NA
-0.7873
0.537
0.7334
-1.0092
-0.4258
0.224
3.46759
-3.9474
1.82585
-1.2416
-0.93316
1.46025
-0.98067
0.5972
0.15945
0.1279
1.0712
0.6566
-2.0434
-4.355
0.2031
-4.237
-1.252
1.07884
-1.4202
0.06187
-0.075
-0.18988
-0.88388
0.98208
-2.5137
0.4271
4.4122
0.05164
-0.2402
2.68088
0.71166
-1.1903
-0.01265
1.958
0.8102
2.9713
3.22204
-4.5969
-2.3527
3.33044
4.0874
5.84765
-1.66393
1.641
-2.5288
-3.3814
1.52052
-0.792
1.62966
1.7055
-2.17706
0.0166
-1.3675
-0.3136
1.40556
-0.268
3.05007
1.29279
-1.21541
0.8406
NA
5.01547
-1.9608
2.0922
-0.10519
NA
0.96274
NA
-1.08583
-0.9525
-2.1208
2.0027
-0.5856
2.12064
-3.93611
0.0632
0.7006
1.81241
-0.3513
1.27251
-1.1972
-0.02473
-0.58755
1.3118
-1.471
3.45841
-0.894
-2.8118
-1.88479
1.053
5.2445
-2.40207
0.84975
2.9085
-0.4534
4.09944
-0.46346
-0.55952
-1.97754
1.4458
0.1049
2.4823
-0.0137
5.45005
-0.8592
-0.05676
-0.5269
1.23076
1.2116
6.8603
4.33361
-2.1229
-3.24865
-1.2334
2.57645
1.27683
5.2591
-0.8284
0.6963
-1.8034
-2.5292
0.29504
5.8666
-0.5856
0.5144
0.6668
2.24497
-0.3396
-1.2027
0.22388
0.6107
0.26775
-1.8834
NA
1.6994
NA
-6.83285
2.90793
-1.22675
1.08161
-2.17719
6.66444
0.2748
2.55569
0.1197
2.6103
-0.55227
1.1319
0.93992
-0.02257
3.4879
0.54635
0.5432
-0.7878
-0.7379
-0.21
-3.3111
0.4899
-0.1507
1.1342
0.0378
1.49463
-0.1428
1.8041
1.50604
-0.50945
-3.2559
-1.5729
-1.94974
-0.62034
-0.8354
0.56702
1.221
2.6463
0.7128
0.8364
-5.8477
0.47859
0.942
-0.1575
1.12422
-4.7082
NA
-0.49996
3.6679
-1.98457
5.02776
-1.74
1.1186
-1.2636
0.31135
-1.4817
1.14349
6.1269
-3.2137
-1.5346
0.3416
0.2832
-3.6284
0.5259
0.56786
-0.0909
-2.8188
0.969
-4.6489
-2.281
1.75495
0.8587
1.3184
-0.67862
-0.39844
-4.60206
-2.144
-1.54703
-0.751
-0.7925
1.04676
0.85285
NA
-1.4028
0.972
-1.61238
2.1759
-1.57871
-1.85515
0.4312
-1.5661
-4.3317
0.89493
0.0611
3.2611
-1.6114
0.89504
0.31791
-0.2525
-2.16863
-7.75249
-3.7895
0.6663
-0.24532
0.7418
-0.23854
2.5672
-0.39063
-1.75135
-0.07408
-0.9557
1.32053
0.50518
0.4653
-1.5352
-4.85237
0.9003
-0.5938
-0.8972
0.13347
NA
-5.1441
-3.4834
-0.2176
-0.018
-2.2878
2.08349
NA
-0.6081
-0.999
0.0899
1.2193
-0.9365
1.9631
1.5416
2.8058
-2.19291
1.1475
-2.8048
-3.961
NA
0.5243
0.3091
NA
-0.3302
-1.97872
1.0156
-1.9229
-1.37812
-0.8518
0.8585
-1.39834
-1.2704
-2.87648
-2.21179
-1.0001
-2.5854
-1.3304
0.11141
1.44584
0.3859
-1.99193
-0.4016
1.5218
-0.79971
-1.5423
-2.7225
0.06597
-1.0978
-0.3738
1.46287
-0.2985
0.6287
0.1667
-0.27583
1.3253
-3.761
-1.5721
0.4165
1.41391
2.0624
0.1696
-0.6166
1.3622
NA
0.881
-1.3694
-3.27459
-1.516
0.43493
3.47634
-0.04312
-4.3743
0.649
-0.0863
-0.41187
-1.9528
-2.7309
-0.67021
3.8292
2.8793
0.5721
0.4415
3.6255
4.5916
-0.0148
4.98177
1.7228
-3.42107
1.7222
NA
-0.8773
3.94653
1.9876
1.404
-0.481
-2.2983
-0.9483
1.0151
-1.03552
1.8365
0.9384
-0.0794
1.2257
0.0718
-0.0397
0.0879
-0.7696
1.15919
-0.971
0.5863
1.5695
9.1445
3.78511
0.5438
1.8024
-2.5997
-1.1607
-1.61055
-1.9886
2.0269
3.3111
-1.3927
-0.52127
-0.9309
NA
-0.5099
0.691
-0.54274
1.4123
1.3673
-1.0628
NA
-0.8068
1.8822
1.8357
1.63082
0.16917
-1.5212
1.394
-1.39223
-3.0887
0.1409
1.3273
2.7729
0.8876
2.4009
0.3973
NA
-2.31295
-2.47421
0.0405
1.586
1.7787
0.8196
2.30448
-0.30984
NA
-1.1052
-1.54891
-0.18213
1.0021
-1.403
NA
-7.18136
-0.0543
NA
2.3288
-2.5072
0.8917
-1.3198
4.6698
3.1872
4.26365
1.70574
-0.7955
0.4366
0.2153
1.88758
0.308
2.13718
-1.6267
-1.3718
4.2143
2.3042
-0.83523
-0.6818
0.8105
1.65435
-0.0888
0.45461
4.6953
-2.98997
4.84667
-0.24378
-0.159
-2.6608
1.9416
-0.79241
0.46905
1.71659
NA
3.5579
0.0068
0.77066
2.2647
-1.851
1.7682
3.45298
-1.1925
0.50103
-1.1176
NA
1.5867
0.7154
1.9602
-0.82814
-2.57792
0.2439
-0.1413
-3.3072
-1.18067
1.5172
-0.50352
-0.57529
0.59516
0.0442
2.6375
NA
0.15673
1.9969
-0.3983
0.47259
-7.4492
-0.1559
0.30105
-3.2941
1.3607
-0.3031
1.29401
1.0249
-0.14977
-3.6289
2.6786
-2.9151
2.0533
-4.48468
3.5418
-0.2014
3.00537
0.07424
-3.9033
-6.9825
-0.7327
-2.5988
-0.5827
-0.2084
-3.6043
0.3639
0.1274
-1.4577
0.2632
-1.39082
2.6531
1.8058
-2.03188
-1.2467
1.97259
1.8464
-0.5679
-0.4825
-1.1652
0.2196
0.87566
0.7539
1.4616
-0.2653
0.44037
-0.88392
NA
0.1022
-2.95458
2.62456
-0.79936
1.6408
1.982
-0.87869
NA
0.57036
0.7644
1.9054
-0.59273
-1.4989
-1.7766
-2.244
1.2025
0.4805
-1.51175
NA
0.6213
NA
0.8308
-8.5929
-1.01001
-0.327
-2.1039
NA
-1.78073
0.27444
-0.1417
3.616
1.40708
4.5258
1.533
NA
1.3798
1.0835
-1.4191
-3.29194
-0.8134
-2.23001
NA
-0.28482
-0.28463
1.9378
-1.37873
0.11919
0.5434
-0.77827
-2.6099
0.6188
1.5293
0.54485
2.6704
1.19207
-0.5138
-0.614
1.17834
0.02865
NA
0.0183
0.41532
1.4413
NA
2.2189
-1.53569
-7.19769
2.1108
-0.41271
1.5439
0.8368
0.8204
-1.3125
1.37539
2.9
1.04221
-0.27526
0.425
-1.26756
2.734
-2.0248
-1.19069
NA
-0.4769
2.88589
0.7356
4.3318
-2.1542
-3.3455
0.32436
-1.33746
-7.1278
-0.9538
8.0323
1.45083
-2.2545
7.04794
-1.79482
0.13241
1.0043
3.98131
1.6968
-2.6584
-3.4228
-1.8722
-2.9673
-2.6539
-0.3904
5.00442
-1.56833
-0.1524
-0.0423
0.4678
-4.41303
-1.6052
-0.0365
-1.9528
-0.93172
-5.1129
-0.3074
1.81537
-1.2154
1.31933
1.27197
1.47468
1.67189
2.98675
-0.44527
-1.9393
-0.72358
-2.10852
0.6505
-1.1912
-2.8555
-0.449
0.1318
NA
3.7523
-1.8334
-1.1931
0.78341
-0.02586
0.489
-1.5124
1.2846
-3.3257
-0.47656
0.39743
0.8458
-0.46151
-1.0458
-5.03943
-2.7181
-2.19081
-0.7065
-0.1801
-1.15951
-1.01605
-1.23018
-1.9565
1.3338
-1.0282
-2.45485
-22.74599
0.1667
-0.27969
-7.0727
1.5396
NA
1.95906
0.9544
-0.5734
1.8999
0.10342
0.3141
-3.5446
1.69873
-0.3036
1.57792
0.77086
-13.7433
-3.37983
-0.1454
0.9251
-2.9297
1.2407
0.26302
2.2098
-1.516
-2.4597
NA
3.63839
1.78658
0.40792
4.7443
0.95659
2.28581
2.65562
-0.8424
NA
-1.993
0.6966
-3.24896
-0.8586
1.5083
1.3734
2.5887
1.03041
-1.1829
-0.71196
-0.3043
-6.1713
0.3844
-2.6659
0.3027
-5.72824
-4.8479
1.7305
0.99312
0.8905
NA
-0.7005
5.1433
-2.19396
1.4457
0.8271
-2.4789
-1.2625
-2.79156
-3.80347
-0.20175
-0.04783
0.7971
1.624
0.35551
0.5908
-0.30332
0.00624
-3.16654
-0.55524
-0.31993
0.3256
-0.6389
1.8156
-1.91949
-1.7319
-0.83146
1.4058
-2.7949
-1.8335
1.88329
-2.2566
0.0091
-0.0501
-3.53636
-0.2432
1.87958
4.3743
-3.71077
0.42682
1.7549
-3.163
0.681
0.0289
0.2056
1.25571
-0.4432
-3.4528
-2.1662
-1.873
-1.20275
-1.7107
1.96938
0.76266
2.37976
0.0257
0.4429
-1.20638
0.65178
0.5869
-4.0725
-2.0451
NA
-0.95061
-0.38213
5.7009
3.4783
-5.5066
0.4945
NA
-1.6909
-5.45682
0.7164
-1.46439
-3.6091
-1.87709
NA
-2.39095
0.3355
0.67392
-1.31856
-2.8387
1.4835
4.9926
3.01775
-3.64813
-0.6867
-1.11677
0.87193
1.147
-2.2494
1.2818
-2.0347
-0.99891
1.32946
NA
-0.0375
2.2448
6.52509
1.86724
0.3554
2.9807
-0.2828
-0.81898
1.15822
-1.0131
-1.0719
3.2966
-0.854
0.63361
4.73946
-1.10807
-3.6984
-0.63177
-0.33448
-0.5794
-1.33126
NA
NA
-0.2615
-0.3615
0.3995
-0.4423
0.1486
-3.95173
-1.7703
1.6515
-1.241
-1.71765
-2.13425
0.87405
-6.43717
-0.28089
-1.11219
-0.571
-1.92678
0.4636
-0.65214
0.358
2.5619
-1.22056
-3.34212
1.5293
-1.08884
-1.1913
-1.98041
0.58692
-1.24445
0.8135
NA
-1.76739
3.29493
-4.0084
-2.94883
-0.2033
0.5693
2.1955
-2.506
5.73555
0.52852
1.59906
0.59486
NA
0.69512
-0.8152
-5.60101
-1.04584
-0.1599
-1.0924
-0.3196
-0.3208
1.1891
-4.87105
3.2689
-2.76081
-1.1345
1.976
-0.7585
2.16768
0.6871
5.8387
-0.1593
-0.60026
0.066
1.0257
-0.5955
1.7126
1.4616
0.9546
-0.1659
1.38578
2.6193
-0.5387
-1.0346
2.4993
3.38086
-0.6901
1.4556
1.8243
2.4768
-0.2189
-0.73766
0.9017
-2.7586
1.5428
1.94061
-2.78962
-2.30968
-1.73596
-2.13168
-0.3231
-0.49203
-0.8705
-0.15119
1.28934
0.13233
1.9542
-0.1653
1.29519
0.86988
-2.3274
0.48317
-0.45094
NA
-2.0451
1.6006
0.0295
0.36633
-0.3639
-0.74544
2.5534
-1.20152
-0.45
3.4115
5.84857
-0.7207
-0.44286
3.2108
-0.3555
0.5621
0.6828
4.1078
-1.0214
-6.548
-1.0268
-1.58709
-1.9118
-0.3105
-2.0876
-0.56491
0.2402
-0.9897
1.4307
1.54851
-1.2535
0.99104
-0.6075
0.49547
-0.37474
0.00241
-0.4744
NA
-0.7507
0.44019
2.6476
-3.9576
0.65338
1.9657
-0.13983
0.73926
1.5198
-2.8181
3.20404
1.7418
0.5022
-2.5356
-2.23456
0.4312
-0.3782
10.5016
5.2188
4.1801
-1.44869
0.8885
0.9423
1.85198
-3.15611
1.633
9.4005
0.1849
-0.9999
0.1756
1.9608
2.4494
0.0729
-1.1022
0.70534
0.1279
2.33314
-3.20074
-0.4866
0.19448
3.6288
-0.64944
4.7574
3.79388
0.14581
-2.43294
-1.5688
1.6047
2.6938
6.5165
4.06882
-2.8858
0.62863
-0.2429
-1.1785
-1.8393
3.6415
3.20969
0.16784
NA
-1.20609
3.49892
-0.3174
1.74362
-3.2181
0.83578
1.3608
-2.0969
-1.78556
-1.24461
1.8166
-0.9368
-2.45942
0.59579
-2.5628
0.0386
0.05495
1.02
-1.05701
2.3106
-1.0239
-0.80681
-0.12112
-2.18365
-0.619
0.7006
-9.6539
-1.2394
0.23904
1.30605
3.24615
-1.7836
6.3848
0.89932
-1.7246
-0.27099
1.7804
-1.4638
-4.3512
-1.9973
-2.554
0.31049
0.7476
-0.373
-1.4424
1.19388
0.0519
-1.6973
0.8744
-0.0148
0.7444
1.49269
-3.3004
0.4998
4.90149
-1.1151
2.90323
0.3893
0.26438
0.4784
2.4529
9.79593
1.27273
2.38718
-2.9037
1.7976
0.42942
-5.09856
-8.8266
-0.0342
0.8354
0.75285
0.50151
-3.0462
-2.8023
-0.22839
0.9575
1.3608
0.0751
1.0781
1.7894
-0.1776
2.6855
-0.59288
0.05694
-4.2652
0.07543
3.6545
-4.1149
1.54918
-1.98317
-1.2312
0.74357
-3.53691
NA
-2.14939
4.37062
-0.18829
0.985
-3.3128
0.9873
2.787
1.9754
-0.3024
2.3164
0.569
0.89089
-1.1505
1.5331
1.659
NA
1.4202
-0.909
-1.1101
-0.53811
-0.8034
0.935
-4.32468
-0.39713
-2.2943
0.07213
4.8614
-5.10882
-0.26765
2.15396
0.84948
0.57186
-0.4054
-1.6397
-0.3114
0.2795
-1.5227
1.1564
-1.7606
-0.08883
-0.15527
1.36817
0.2889
1.9627
2.0223
1.9444
3.24047
0.8397
-0.40977
-0.4128
1.42484
1.699
-1.68538
-1.5977
-1.05617
0.28464
1.0308
-0.00886
0.9595
-2.74598
4.66837
1.45479
3.3672
-0.32299
-0.7006
-2.55239
-2.65023
0.08401
-1.16504
-0.23
0.13675
-4.03379
-1.77321
0.749
4.2908
-0.67817
1.83958
0.6368
1.4194
-0.4631
0.74422
-2.09942
5.17663
-0.62364
1.61921
-0.29663
1.37193
1.38866
0.9375
-1.4824
0.5786
-1.78938
1.4199
0.09523
19.5433
-5.9667
-1.6399
-1.26909
0.88312
1.57474
0.097
-0.8511
-2.76453
-0.0868
3.1604
2.6832
-0.6277
-1.02405
-0.1836
3.7889
-0.2189
-1.3046
-0.18222
-0.2369
1.883
-1.08751
-0.11735
-1.8965
0.9864
-1.3725
-0.75661
-2.2214
-3.0933
0.7938
0.83889
1.32128
1.76504
-1.96284
1.29135
0.7646
0.71164
1.4946
0.79805
-0.64547
2.86702
-3.8204
-0.16551
-1.17677
1.4227
-1.28227
-2.25846
-3.014
-0.8428
-1.60059
-1.01249
-0.107
-1.2078
5.2157
0.9377
-0.6221
0.44905
1.33206
-4.23915
-0.83132
-0.15025
-0.22483
1.07898
-1.43914
0.4892
2.3409
-0.4607
1.61516
-0.3647
-0.0173
1.67307
3.51698
-0.91961
-1.2411
-3.4681
-2.5395
1.24201
0.31544
1.03674
4.5903
-0.80712
-0.3711
0.87303
-2.0414
2.85399
-0.76039
-0.40883
-6.4559
-0.7205
-2.8175
0.94397
-2.5314
-1.95817
-0.83216
0.10106
-0.03466
-2.08927
2.78133
-0.17268
-2.1174
-0.5183
22.30658
0.4142
0.7043
0.1279
-0.56284
-0.61097
-2.5438
-1.47437
-1.98751
0.16299
-1.22798
0.03652
-1.93315
7.4576
2.33955
-1.6671
0.8715
1.46606
-0.25298
1.50622
2.2164
-2.4602
0.2677
0.7075
-0.1815
-0.4167
2.5012
4.54376
-2.1103
0.3568
1.1807
0.7628
0.1695
3.3099
0.8295
-1.47328
-1.8038
-6.2609
1.47831
0.04909
0.0097
0.90486
0.5911
-1.41166
0.20543
0.33054
-5.11277
-0.40025
1.1793
0.7534
-2.4332
2.27956
2.0926
6.05231
-1.90313
3.0837
3.83073
1.7952
-0.3171
-2.6244
-1.9302
0.4536
-7.239
-0.8547
-2.0272
0.422
1.948
3.548
-1.9342
2.381
1.0991
-7.3541
1.7363
-0.8195
1.8931
-0.0498
0.7422
2.5877
-0.8298
-3.7587
1.732
1.0739
0.496
1.6519
-3.1959
2.7677
-2.4282
-12.1246
-0.1293
-1.1582
2.2792
1.7767
0.7869
-0.0699
-2.3648
-6.445
-0.0843
5.8836
0.5891
1.3844
-1.0548
0.335
-1.032
-0.2765
-1.1152
2.4457
-0.5622
-0.1304
2.1913
-2.4597
0.1229
1.1258
0.7217
-0.0586
-0.3814
-1.2049
1.8033
0.9279
-7.1756
1.605
-0.7958
0.1214
-0.9738
-1.3565
-1.6554
0.8634
-0.523
-0.3912
0.4152
0.256
0.5039
-1.3513
-1.3805
-0.156
0.3841
1.8152
-5.2797
-1.0976
6.5501
-1.2643
-3.76865
1.3533
1.39249
0.96059
0.5439
-2.7326
0.3208
-0.1782
-2.0835
-0.9739
1.6039
-1.5206
5.0821
1.0857
0.4843
5.1671
2.00286
0.73437
-0.90884
1.60691
-2.34992
0.7556
-0.8453
-2.6229
0.5163
0.55486
0.2408
-1.9624
0.1067
-4.5228
-4.2051
-0.4946
-7.2068
0.9046
-0.1631
0.3612
-0.5204
2.8673
-2.4224
1.454
-0.394
-1.0171
-0.6334
-0.1236
-0.4086
-0.4729
-2.8776
3.675
6.2484
-2.4422
2.0469
-1.07479
1.6571
-2.9566
2.7866
-0.2231
-1.3755
1.2769
-9.96525
-2.6859
-2.1311
3.1076
-0.2778
-4.4702
2.8067
3.428
-0.0135
1.36105
-4.13324
-0.7492
-0.80982
1.1261
1.0075
-1.9024
-3.3913
-1.6249
-0.6024
2.3239
5.5682
-1.7457
-0.6727
-1.2528
-1.0085
2.0278
-0.25359
0.1224
2.1865
1.0455
-0.46916
-3.4561
0.1677
1.49651
0.4799
1.7608
0.2657
-0.4181
1.5466
-3.4984
-0.2377
-2.2674
1.60737
-1.56778
-0.2297
NA
2.6987
1.9633
1.1234
0.52592
-0.45009
0.4846
0.1363
0.93067
2.6531
1.8745
-1.2666
2.1895
-0.37519
-1.4159
-0.7482
NA
NA
-1.1019
-2.1739
0.4391
0.9326
-0.6153
1.7045
-1.73538
0.9574
-3.0345
0.4227
1.5629
0.67633
-0.6172
0.48378
-2.9689
-0.6619
1.0784
1.7139
1.89245
-0.6105
-1.0828
-0.2686
1.5016
0.6585
1.0411
-1.0318
-1.58312
2.8257
0.01413
6.6423
-0.78416
-4.65495
-4.25074
-0.75399
-1.0318
-1.4109
1.02374
0.6253
-1.44896
3.0961
-0.2028
1.3501
-3.63492
8.30661
2.20009
-0.08517
2.25525
1.4076
1.7898
-0.86113
-2.1713
1.0356
-0.50505
1.408
-2.812
1.76082
0.5356
-2.1377
-0.32112
-4.13428
-0.3597
0.758
1.0042
-3.71843
0.1624
-4.293
3.99611
-2.9007
3.4689
1.8308
-0.1949
-0.5008
-1.0856
1.96943
-1.0862
-4.46354
-0.13442
NA
2.2053
1.149
1.1108
0.73543
-0.15334
0.57588
0.9985
-1.2967
-0.8252
0.7234
0.72903
7.451
-0.4106
4.0122
-2.2699
-0.77425
-0.5008
0.37641
-0.49781
0.03792
-1.44805
-1.61372
0.10152
3.95877
-3.9046
-0.90276
1.48177
-4.1406
3.4748
2.22832
0.0244
-1.35372
-0.95361
2.2629
-0.80216
5.6865
0.62665
0.55517
-1.18686
-0.55639
1.76125
0.28792
-0.7733
3.17163
-0.96196
2.0764
1.08456
3.0385
-0.3665
1.77351
-1.13384
-1.94132
0.50737
-0.12353
2.3491
-0.6577
-1.72504
0.6949
0.19307
-3.0737
1.25501
-0.692
2.43449
-1.6188
3.0629
0.67956
-3.69876
-0.56407
0.83026
0.303
-3.7924
-3.03136
-1.22678
0.05473
1.66721
-0.9539
-0.05954
2.94732
0.74223
0.42057
1.13907
-2.87938
-2.49718
2.2083
0.52691
-0.6949
0.89407
0.01113
-0.84648
1.9211
-1.39305
-0.41324
-3.9962
-1.4867
-1.7803
-0.0482
-1.9711
-1.853
0.05754
-0.1412
-1.32589
-1.0993
-3.38375
1.0311
2.40318
0.0169
-2.2825
0.0767
1.17317
-3.0608
0.60652
2.3464
11.39434
-1.05176
-1.67069
2.245
-2.23116
-0.2648
0.9669
0.4101
-2.67417
3.10061
0.90386
0.5923
0.64889
0.5321
-0.28869
-1.77797
0.65333
0.86367
1.221
2.21661
0.4101
3.96117
-0.2538
-0.0504
0.1804
0.9579
-0.59931
-1.39616
1.275
-1.46776
-8.81004
-0.6313
1.68564
1.6522
-4.15196
0.18537
0.5436
3.84606
1.6462
-2.20564
-1.5288
3.34652
0.0983
-5.1608
-1.84335
1.80532
-1.14667
2.22176
0.05911
-1.2284
0.3464
0.73372
-1.3501
-0.9197
1.7579
-0.19694
0.3405
-0.6532
-1.982
8.0282
1.60628
0.9624
-0.8623
0.0234
-0.926
0.5989
0.7987
1.765
2.224
0.5962
0.4352
0.5672
0.5005
1.73175
-0.95422
0.50551
1.7342
0.893
-0.4862
0.22188
0.6492
-3.0391
0.1362
0.0548
-0.6994
1.0021
1.3131
3.32041
-1.4531
-0.3566
6.9055
-0.6281
2.0381
-0.37176
1.213
-0.96781
NA
0.43645
2.4952
-0.3814
1.8516
0.3759
-0.2583
2.5419
-1.03771
5.8209
1.2124
1.6083
-1.3419
0.2886
-1.53219
-1.10411
1.6651
-0.7695
1.823
0.42228
-0.3416
0.44679
-0.76493
1.55777
NA
0.86653
-2.07612
-0.8593
1.3346
-3.6876
-1.0078
0.7349
-0.3283
-0.05193
-3.0312
NA
-2.3465
1.873
-0.1175
0.6675
-1.57338
-0.6315
-3.05747
0.34461
0.2239
5.0027
0.6465
-0.04017
1.8352
2.9939
-0.8808
-1.0075
NA
-0.5549
-0.2788
-2.49406
2.71343
-1.53237
1.1506
-0.6672
-0.3476
1.1323
-2.84944
-0.6137
-0.01487
0.2943
0.14823
0.8803
-0.36884
1.58206
-0.7078
0.23166
NA
-0.1007
0.4844
-0.1823
-1.3485
-0.9175
0.5089
0.979
-2.2036
-2.4954
-0.5229
0.59522
0.01671
-0.2225
2.04668
-6.0745
-0.00571
0.29078
0.8303
-2.23717
-1.03312
-1.99541
-0.71604
-2.69609
NA
2.1453
0.4098
0.58747
NA
-3.24581
-3.8956
1.7281
-1.4854
-1.4236
0.31961
-5.3141
-1.6604
-1.0406
0.44417
0.7931
-0.0704
1.17933
-1.011
-0.039
-1.50028
-0.3419
-1.5073
0.12795
-0.75063
0.65055
0.32143
-0.3356
0.78238
-1.50634
0.72053
4.1694
-0.76963
-1.0512
-1.6237
-1.0754
1.752
-0.72083
NA
-0.0704
2.52777
-1.4903
1.9481
-4.355
-0.67272
1.6438
-1.04609
-1.93375
0.0207
2.74943
-0.47914
-2.42668
0.3861
-0.1286
1.6353
2.1506
1.1371
-0.31821
-0.00237
0.44631
0.4181
-1.3349
0.07948
-0.2429
-2.33602
-0.613
1.76054
0.57219
-0.4266
0.55047
-1.1917
0.09283
0.8104
-2.339
0.0124
-0.5739
1.28573
-3.8188
-1.69492
-2.27485
-0.8511
0.56368
1.4203
NA
-1.76322
-1.7187
-4.9026
-0.7705
0.9901
0.4844
2.95966
-0.084
0.1494
2.1789
0.68819
-0.0867
1.404
-0.4909
-3.0627
-6.97956
2.30969
-0.4801
-3.6111
0.1263
-7.16643
0.9447
0.1223
2.6419
4.2814
-2.2901
-1.86309
0.8079
-1.9621
4.2576
1.6121
1.6424
-1.12552
-5.7692
3.149
-0.24211
-0.1978
-1.58609
0.2523
1.9705
-4.69914
1.35567
-1.60938
NA
-3.9744
-1.378
0.3558
-1.9347
-0.10485
2.83
0.3272
1.33051
-0.8863
-6.1107
1.32888
2.9765
0.7299
-0.8928
0.60058
-1.2755
-0.5095
-1.3491
-0.3408
-1.1515
-1.6369
2.71851
-1.608
1.1373
1.055
0.8641
-3.57585
-0.4645
1.99787
-1.8801
-0.99674
-2.58141
-1.6113
3.39486
-3.879
-2.932
4.0988
-0.1781
-0.71688
1.5543
2.94295
2.8589
0.59084
4.0313
0.84557
0.4501
0.8494
0.19545
-7.27854
-5.7947
-1.22251
1.7524
2.08205
-0.4462
0.1036
0.4604
0.03242
0.5008
-2.4431
-0.3669
1.5428
1.8423
1.0151
1.67179
2.3173
-4.1714
2.1459
0.883
-2.704
-2.6774
-0.17179
4.1357
1.08311
2.53012
-1.07287
1.80944
3.66327
-1.08083
1.919
NA
1.40721
3.06929
-1.8994
-0.2508
-1.023
2.0509
-0.6804
-1.02676
-2.1232
0.0551
-0.34809
-0.0112
2.0295
-1.616
-8.37465
-3.49158
-1.8489
-3.1861
-1.3817
-1.3284
-1.1409
-3.64641
-1.52336
-0.2475
-4.17946
-3.14235
2.3857
-0.2955
1.219
-0.65431
-2.2925
-1.0666
0.1044
0.79443
-0.2695
-1.36688
0.01235
2.3672
3.73029
-1.9517
-1.5472
3.5481
1.09893
0.16936
0.1178
-3.3658
1.3578
-7.6232
-0.5718
-1.6424
-0.02602
0.92568
-0.1085
-0.62554
0.3639
0.30955
-1.03986
0.88863
-0.5147
0.1187
0.75214
-0.28764
0.78234
-0.2571
1.2074
4.0822
0.7398
-1.6095
-2.29157
4.4357
0.3941
-3.29763
1.98628
-1.15583
0.19332
-2.1574
-0.255
4.18486
-2.1737
-3.52205
0.1379
0.9591
0.3406
0.6435
0.6708
1.0362
1.06622
-3.4637
1.95199
1.5855
2.0284
-0.4863
0.5556
1.0732
5.06991
11.7627
-1.0089
0.8439
-1.1262
0.7512
4.3947
-3.58009
0.3139
-2.8776
-0.92509
0.39952
0.1834
2.16348
-0.00256
-1.1354
1.6146
-1.24654
0.2675
-0.0297
0.6366
-10.02776
-0.9455
-0.896
-0.3756
1.3573
-0.2711
-2.4959
-4.2211
1.3066
0.6373
3.0808
-3.9507
-0.43158
-2.1448
0.83193
1.51023
0.8643
NA
-1.02421
NA
3.0064
-1.2012
0.5671
5.10589
-2.0336
-0.1978
-0.62384
-0.74001
2.778
-0.08391
1.4826
-0.0421
-35.8087
-0.2704
1.229
0.9773
-0.06334
3.463
-0.34238
0.09844
-2.2894
-0.33996
-2.0653
1.061
4.1808
-0.10884
1.62906
1.1466
-1.8167
-0.97675
-1.47481
-1.5423
0.47917
0.13573
0.2683
-1.0441
-0.4286
0.3527
1.8453
NA
1.9969
0.65319
-2.2532
-0.05042
-4.4112
-2.55912
-2.6163
2.8393
-1.3138
-11.27327
-1.8696
0.20333
0.2356
-1.1256
1.2509
-2.08909
1.383
-1.3096
4.77143
1.3609
-1.4338
0.4599
-3.9385
1.7515
0.14514
1.76558
0.7319
0.1925
-1.1671
0.8608
1.4318
2.4257
-1.40934
-1.13687
1.03934
-4.1261
1.06821
1.01361
1.75745
