-2.18081
-0.932
-0.796
1.0219
-1.15022
2.44
-0.814
1.48944
-1.8708
-0.36874
-1.821
1.51
0.26432
1.11756
2.76099
1.60692
1.1921
-1.19
-3.42034
-0.429875
-0.44598
-1.27
-1.5
1.6867
8.18
-1.58185
-0.70278
-0.616
0.41701
0.14956
-1.67416
-0.451
-0.36487
0.58953
3.27061
-1.32362
0.96668
-0.653
-0.41317
-1.06667
-1.6593
0.37219
-0.86536
-1.06261
0.4557
0.2136
-9.01
1.51047
-1.04529
0.51245
0.5332
0.511
-3.03271
-1.93389
-0.783
-0.67
1.71419
-1.75151
4.74411
-3.41198
-1.82725
0.82586
0.0094
-1.05774
1.5701
-0.51725
-0.60094
-0.45052
1.86916
0.0359
2.59449
-0.5332
-4.1831
0.23268
1.60677
0.45927
0.00679
-0.0658
4.85431
0.64024
0.284
-0.5668
-1.93
-0.313
0.13
-0.623
-0.0134
0.294
-1.04
0.29849
-2.06
1.66
-2.18363
0.08227
0.75453
1.18
-0.684
2.84229
-1.39
2.31
-1.25
5.97572
-1.833782
0.03391
2.402605
4.38547
-0.68858
2.06
2.22518
-0.44899
0.64402
2.68
1.14
0.543
-10.7
2.06
-2.18
-0.22
-1.05304
0.776
1.1
-1.18
NA
-2.80258
-3.3
0.761
1.16986
0.978
-1.27603
1.61889
-6.88813
1.86
0.1563
-1.91299
3.08622
-0.545
-3.26545
1.97017
-0.29709
7.91026
1.10901
-1.9984
-3.23
1.97548
1.99555
-0.68406
-0.497
-0.858
1.75774
-0.2059
-0.063863
1.2469
2.21624
2.04
-1.33788
-3.1259
-0.10153
-0.103318
-0.13562
-2.74251
-0.78
1.09
-1.04807
-0.17
0.35198
-2.17776
-0.75063
-2.3764
-1.7112
2.5034
0.4961
0.15247
1.0055
-0.03075
3.05
-2.0478
1.9037
0.90854
0.73812
1.7854
-3.15186
-0.0333
0.45938
-0.861623
-0.0499
2.6016
-2.52774
-1.0162
-0.5256
2.36095
-0.9077
0.9248
4.83681
3.23
-8.01593
-1.74
-3.04251
1.4514
-0.12145
1.65
-1.59437
4.23523
-0.415
NA
0.05753
-3.71
0.504
-0.00173
1.7253
1.404966
7.72146
NA
-0.7519
0.82342
0.55609
-1.71
0.33006
-1.05101
-1.42816
0.713
-4.81731
1.8166
1.84
0.334
0.455
-0.699
1.69382
-1.39848
-0.89746
6.78
2.05573
1.18686
-1.09627
-1.17698
3.51
1.04006
-1.96
-0.17144
-1.98572
-1.25501
-0.31
-1.53
0.46893
-0.28235
-4.83
3.96045
-1.58394
-1.48
-2.03
0.34405
6.33299
1.18728
0.772
0.73806
-0.30575
-1.58822
0.2318
0.1415
0.69729
1.586786
-0.2309
-3.57
0.877
-0.50849
1.38725
-0.06008
-2.595935
-1.12412
2.90592
0.248206
0.07093
1.42581
0.73562
0.198
-0.68968
-3.22
-2.9054
-2.7893
-1.44843
-1.2488
-1.36
-2.41
-1.69822
-1.05182
1.41
-1.18158
4.19
-0.316
-0.08907
-2.43183
-0.362
-1.04039
2.62027
-2.08963
-4.67
-0.84855
-0.11827
-3.13
1.3405
1.65
4.46
-0.04443
-2.18
3.21646
1.93161
2.32943
-2.52
0.375
-0.92838
-2.43321
3.01
-3.64187
-0.5391
-0.0188
-0.71917
-3.71415
-0.206
0.92942
0.54912
0.41801
-0.58315
1.47781
-0.3247
-1.41
-1.5785
-1.67869
4.4841
2.16746
0.94
1.89381
2.43601
0.575
-0.50076
-9.73451
-0.25107
-0.687
-1.49
2.40821
-0.20185
-0.529
0.146
1.89
-1.63
-0.59036
1.28
-0.609
0.965
-0.538
-0.15647
-0.63747
0.18175
1.26807
2.19
-0.707
0.26859
3.7
0.741
-3.51
0.297
-0.048
0.99654
0.55252
1.15555
1.87527
2.77
1.92
0.2607
-0.22645
1.13114
4.10673
-2.80701
0.0557
-1.08358
-2.48809
7.31704
-2.88968
-0.02002
0.7066
0.01091
-0.24026
-0.30212
2.22435
-1.61498
-1.22
1.40445
10.59204
-0.931
-0.2588
-0.6456
0.401
0.528075
-1.38178
0.34019
0.36422
-0.36576
3.3258
1.36506
1.5948
-1.89935
0.224
4.93365
4.21085
-2.22267
-0.1394
-7.55876
0.129
-6.32377
1.70066
0.0776
0.461
0.721
-0.886
1.16
1.84665
-2.21
-0.80154
-2.23473
-0.18356
0.8641
1.59625
-0.44696
-2.26008
-0.48173
-0.989
2.07
1.13
1.18
-0.28319
NA
-2.5199
1.99
-1.9389
-1.72699
-2.13776
-0.66189
-6.66113
-0.16632
0.27189
0.95893
-0.09649
-0.572405
0.55131
2.36
1.93266
1.11598
-2.49618
-1.41
0.693
-2.02619
-0.774
-0.155
0.69455
3.32
-3.49
0.53163
1.71896
1.2863
0.13937
-3.79
-1.03174
0.2283
-0.55361
-0.825
0.491
-0.485
0.361
-3.8195
-0.206
-4.28
-3.81
0.0029
-2.58
1.3743
-0.8793
0.1176
0.0774
-0.56374
0.21566
2.96096
-1.33952
-0.30448
2.35623
0.05268
-1.7
-1.00824
2.30331
0.33243
-0.138391
-5.07
0.456
0.113
-1.94058
-0.45328
-1.14
1.3956
-2.19212
-0.0165
0.734627
1.75229
0.40414
-1.4327
-0.282
-0.51958
-2.16914
-0.97146
3.62076
-1.60415
0.385
-1.97
-0.448
-2.5458
-0.499
4.61
1.29
-2.73279
0.34896
-0.0735
-0.659
-1
0.7144
-0.05988
-0.45531
1.27515
0.741
0.70431
1.73612
-1.67091
-1.71878
-0.0269
0.137
-1.03
3.20708
-0.5101
0.51147
0.8644
-3.6972
2.7
0.43145
1.91483
-0.19402
-1.20113
-1.06846
-0.0829
0.31764
1.89232
3.21
0.14105
-1.8196
-1.78967
0.3649
-0.4572
3.0187
-0.0158
-1.91131
1.0424
4.67
0.89927
-1.18354
2.3686
4.31
0.11819
-1.06733
-1.97724
0.975
0.24129
-0.79
-2.76
2.42447
1.006
0.068
-0.442
0.707
-1.5389
1.446308
-3.54
3.37904
10.13451
4.88032
-0.68716
3.3963
-5.21009
-0.81596
0.0388
0.279
-3.66
-0.28184
1.42
-0.2198
-0.63082
-1.617772
0.29987
1.9376
0.6899
0.585
-1.2059
-0.0611
2.97
-1.73969
1.62375
5.6119
0.6086
2.4433
1.23577
-0.4174
2.015347
1.3477
0.36055
1.3802
-0.16176
-0.239
0.17665
2.53579
0.722
1.74
2.58
3.21387
-3.042743
3.2973
-1.53
0.564
0.53252
-0.15918
1.32883
0.79241
0.16203
2.02858
-0.72211
-1.30479
-3.0397
-2.81722
1.76906
-0.98286
-0.0387
-1.04169
1.1827
-0.433
0.5729
-0.50201
0.7296
-1.46365
-2.71
-0.206
2.39959
0.14746
-2.6
-1.11224
0.692
-0.162
0.0871
0.1808
-2.0619
0.63555
-0.82026
1.54
1.41
0.813968
0.632
0.016
0.506
0.45014
1.91807
-0.2159
0.86777
-0.58914
-0.52163
0.773
1.1193
-0.02783
0.62254
-2.90212
3.07352
0.58945
0.23846
2.0183
-1.12972
2.26911
2.04684
0.26
1.03
0.01554
-1.94908
3.64365
-2.6
1.6716
1.27
1.49
0.384
-0.239
-3.08
0.46719
2.83637
2.913
-1.32
-1.42125
-1.39443
0.8777
-1.1
0.512
5.84635
-0.119
2.84
1.419649
-1.5367
1.8169
-2.5726
5.413921
1.25
-0.774
-1.10692
-1.35441
-0.598
1.55295
-0.80714
1.39
-8.4178
-0.16438
2.47739
-0.119
-0.81057
1.83792
5.68986
-2.09
0.37306
-0.65861
-1.4057
-1.1237
-0.27618
1.48831
-5.05899
-2.71639
-0.66024
1.91
-1.38
2.33188
1.79911
0.4033
-0.22871
0.6843
-1.2
0.84802
-0.37731
2.2961
-1.5641
0.0698
2.95457
-1.03831
0.628
0.51973
3.61593
3.604
0.98358
-1.1508
-0.485
-1.68
-1.14696
8.2647
3.41701
0.10265
1.88225
-0.2465
0.00238
-0.00965
-0.941
0.495
-2.99977
-2.00259
1.55
0.81471
-1.80625
-3.23
0.45361
-0.416
0.55362
1.47
2.13
-0.0326
0.64282
-2.77382
-1.37972
5.77
0.33703
0.35393
2.12874
4.53
1.15143
1.38
0.422
1.7169
-5.37
1.31942
1.43
2.58
-0.829
-2.19
-4.14262
-0.552
-2.14
-0.184
1.5
-0.894
0.27322
1.69
-1.56
-2.54
-0.91997
-1.83281
2.07826
-1.1163
0.821
-0.39724
0.53917
-1.16732
-0.34
-0.74834
-7.08423
-2.63647
7.29688
2.11194
10.36846
-2.84528
-1.70897
-0.22036
-0.4211
2.32462
-0.1329
0.9593
-0.71191
0.57903
0.73076
-1.72684
0.96994
1.46371
1.52905
-3.40726
-3.64363
1.01605
-0.555
-0.921
0.2012
-1.300553
-1.73663
-3.54626
0.37524
-1.57141
1.19
-3.29
1.38
0.801
-0.457
10.81517
-1.28065
1.00307
-1.3434
-3.16034
-3.53385
-0.7879
1.37346
-0.88851
1.87112
-0.31273
1.04
-2.24
0.96781
-3.7593
-3.20504
-0.47135
NA
2.2374
-1.03477
-0.10656
3.82
-0.973
2.34596
2.25121
2.46084
1.93327
-0.23664
-0.70707
1.64344
-9.43718
0.68637
6.39
-2.34
5.93
-0.409
-0.90751
0.19086
-0.94226
1.76433
-2.95915
12.64474
1.55418
-0.6871
0.7067
4.5429
-0.64897
0.44704
-1.83335
0.50101
-3.19568
1.6856
-1.22164
0.35819
-1.02781
-2.93291
2.25765
-1.9819
-3.94637
3.27099
8.46669
3.04348
-0.83963
-3.50818
-4.40282
-2.78409
-14.7405
0.8207
-0.66371
0.1025
-0.34733
-1.89677
-1.8735
0.85633
-1.5669
-0.21243
2.49038
-0.55007
2.33099
1.92088
1.98985
5.31555
0.07134
-0.22243
0.73544
-1.14373
1.29139
-4.76621
-0.9102
0.22293
2.1137
-0.46692
5.64935
6.2712
1.51488
1.23425
0.32378
1.8982
1.19293
-2.82176
0.3079
0.59217
-3.23439
0.99796
0.16977
0.65773
-12.46637
6.15391
-0.09061
-0.196
-0.11086
-5e-04
-5.85749
1.43719
1.3263
-2.79452
-3.3134
1.55289
1.18604
-2.27251
0.71278
-5.03563
3.26229
7.09423
0.2026
0.52067
0.13658
2.1712
-1.50658
-0.14593
0.27889
-2.28878
1.47892
-0.77016
-0.61714
-2.1156
1.07266
-1.21046
-0.8143
-0.658
2.64348
1.93392
1.62187
2.0141
-2.27592
-0.1699
-1.49692
2.38115
-0.59566
3.03801
-0.49121
-0.41006
-1.32734
-1.00556
-0.6967
0.01608
1.28907
0.43607
-5.41194
1.09302
-2.4077
1.49
0.16446
0.5072
-2.47778
1.11847
-2.45108
1.21823
-2.23608
1.7601
2.08191
-0.52547
-1.7033
-6.22122
-0.60641
-2.0421
-0.99242
1.11108
-0.37103
1.20143
-0.06896
-3.26974
3.78875
-1.41501
-0.33383
0.04866
-0.47449
0.87871
5.01339
-0.37373
-1.08732
2.39543
-0.40642
-1.53838
0.59512
-3.9784
3.59428
-3.15133
0.45751
2.38691
-1.6685
-0.62205
0.69576
-3.56074
1.31394
0.76835
-2.16357
-1.59867
-3.13358
-3.0328
2.26418
0.28443
-2.16299
-3.6996
0.37135
0.61042
1.18345
-0.26891
-0.4486
3.34566
-2.25801
0.745
-0.90061
-1.42008
-1.38031
0.09821
-0.2038
-1.88104
3.28567
0.84631
-1.0897
6.94209
-1.24894
-2.4178
-1.52707
-1.2924
-1.46806
2.29351
-2.72459
-1.47629
0.9355
-1.57345
2.94621
2.01241
1.17971
0.77245
4.26708
0.7289
0.9555
0.9152
0.7212
0.6738
2.4012
0.1017
-0.0166
0.0936
-1.4086
0.5616
-1.4846
0.072
0.2654
-1.1272
0.1666
1.7056
0.52575
-2.50174
2.97969
-2.30788
0.20266
1.25473
-1.45351
0.02565
0.32013
-0.64707
-4.01951
-1.08346
2.48007
1.38367
-2.34
5.3
4.2
0.84
-2.75
-0.113
-4.17
1.1
1.06
-1.63
-1.84
-6.01
2.34
0.837
-1.54
3.19
3.08
0.711
2.12
-1.11
0.15
0.466
-2.13
1.59
2.24
1.16
0.00958
-0.273
-0.568
-1.03
-3
0.588
-1.49
-1.45
0.776
2.48
3.09
-1.27
1.63
0.802
2.21
-0.409
-1.93
-2.5
-0.294
0.0631
0.972
1.19
-0.246
3.11
-1.87
0.427
1.94
-0.614
3.86
-1.96
1.21
-1.22
-1.03
-1.11
2.24
-6.71
0.944
0.492
-7.76
-0.383
-0.15859
3.04973
-0.34127
-2.50651
1.2812
2.75127
-0.04997
-2.24396
0.70886
2.13636
-0.00374
0.79774
0.97866
-1.85221
1.99838
-2.00598
1.69033
1.97419
1.55344
-1.7656
0.155
2.68875
-3.52316
-3.60469
3.09755
2.7913
0.14381
-0.278061
-0.066303
-0.229175
-1.543892
0.890914
1.901601
0.873605
0.923125
-0.797082
1.564186
0.658258
-1.777193
1.608936
-1.732545
-0.3887
2.164682
4.022406
0.14964
0.726837
0.528066
2.034261
1.192
-3.183102
-1.284122
-0.578264
1.794996
-2.044791
-2.866664
2.203088
0.199216
-2.425505
0.87745
1.26
0.737014
4.452201
1.475657
0.352906
-3.00639
-1.30051
-2.81491
1.50322
-1.51803
0.83617
-1.37006
0.03634
2.66256
-3.45429
-0.06183
3.30747
0.02872
3.17493
-0.25434
1.23945
1.7944
-1.2561
2.20234
-1.44945
2.67434
2.31364
1.67078
0.40692
1.60873
2.76333
-2.43976
0.70036
1.24652
0.09439
25.33404
-12.34866
4.7085
0.57367
2.38392
0.89699
0.59249
0.32937
-0.39374
0.00702
-0.47834
-1.68907
0.862
0.16813
-0.45945
1.37642
-1.1488
-2.10693
-0.13878
-0.29891
0.11482
0.54129
-0.56169
1.59227
-0.38134
0.70496
-0.53364
-0.90167
0.49864
7.05248
4.59358
2.11116
-3.823
2.28441
1.86554
1.61704
-0.07941
3.71482
-1.43138
0.93105
0.71173
0.99669
-1.78372
0.20433
0.56492
-0.21854
1.9626
0.38638
2.55301
-4.10726
1.34551
2.56618
2.7734
0.04446
-0.82969
0.55161
-0.37982
0.4296
1.89536
1.10008
0.64479
0.5958
-0.42016
0.82129
0.87557
-3.036
-0.88506
-0.41247
0.29825
0.8452
0.7608
0.16202
0.00129
-0.21884
-1.50682
-1.43095
3.05265
-2.22321
8.02308
3.57134
4.42961
-3.16271
-3.79711
0.26738
-3.09992
1.17499
0.48639
3.0995
-1.80688
-1.31338
-0.29601
-0.57184
-1.54046
-1.94979
0.83724
-0.44884
2.97635
-2.8417
-0.85788
-2.00949
-0.27376
-0.76966
3.80059
-0.35757
2.77626
-0.7741
-0.74894
3.54474
0.3217
0.69998
-0.03955
-0.02279
1.37908
1.08608
0.77634
-3.49711
0.98831
-0.87482
1.512
1.08136
1.44296
-2.45291
1.09541
-2.12203
-3.31023
-1.04518
0.12352
-0.28267
0.2578
0.2227
-2.63805
-1.01524
0.32005
-5.21343
1.89523
0.1995
4.44577
-0.85794
3.64701
1.45676
2.73941
-3.62948
-2.10341
0.973
-1.2909
0.04709
-0.68609
-1.40286
-2.23118
-2.59903
1.22236
-0.4655
2.78725
3.58592
3.9351
-0.08747
3.26307
-0.5291
-2.21046
-1.57788
1.52725
-0.17715
-0.33588
-1.23785
1.69983
-2.00628
-1.41407
-1.1927
0.16713
2.21013
1.11693
0.63188
-2.3375
0.0786
-1.90525
0.5965
-2.30179
0.3785
-4.6222
2.28401
1.06078
2.2644
0.01122
1.80771
-2.08188
-1.23579
-0.53489
-2.4273
2.77358
1.32064
0.88605
5.08923
1.01594
-1.57041
7.61947
1.68932
-0.79854
1.07595
-0.28061
-3.17621
1.81678
-1.73478
1.28981
-0.78298
0.66551
-2.53782
-3.00388
7.01932
2.12427
0.53348
-2.68923
5.83819
1.23215
10.4184
4.3043
-4.45996
-1.34532
4.05018
-3.00207
-2.66209
-1.07788
3.70306
0.14115
-1.06886
-3.84548
6.15747
3.44422
2.06332
-2.77421
0.7988
0.263
1.54632
0.05356
0.5088
-1.39547
3.3425
-3.3889
-0.6805
0.39024
-0.94807
-0.47752
1.57397
0.46731
0.7675
0.52014
2.19865
-1.90316
0.7565
1.97488
-2.20281
-2.56535
-1.7475
1.61153
-0.306
-0.87041
-1.22984
1.02857
2.48312
-1.30457
1.11502
0.61151
0.5778
-0.24203
1.03999
0.28024
-0.38827
1.34238
-0.4873
7.89979
0.00693
0.0633
1.0588
0.45
-2.3169
9.7991
1.3263
-0.1493
-5.8477
-0.4013
-1.7945
1.2731
0.2216
-1.808
0.4205
0.76
-2.0825
-3.9324
1.9046
0.3641
-0.159
0.9245
-1.5684
-0.1744
-4.5854
0.5677
1.6702
1.1083
-1.2991
-2.4869
-1.011
-0.1047
-0.3706
3.8671
2.3933
-0.9143
0.1082
0.0681
-0.4856
0.4738
1.2781
1.2293
2.0836
2.0534
-0.1773
0.883
2.95
-1.41
-3.34
-1.78
0.811
-1.64
0.132
0.708
-1.35
-0.369
2.64
0.513
-0.223
-0.883
0.309
-0.169
-1.67
-0.144
1.71
3.02
-1.3
-0.637
2.48
1.82
21.3
-12.3
13.4
7.44
-1.93
2.18
-0.659
1.51
-0.0848
0.521
0.377
0.0505
1.51
0.859
2.12
1.16
-4.39
-1.27
-1.27
1.15
-1.18
1.03
-2.23
-0.912
-1.24
-0.285
2.18
-2.24
-0.137
0.989
0.871
NA
-1.2835
1.42931
-0.26065
0.21754
0.61435
0.98037
-1.29511
0.25555
4.2992
1.06416
0.21235
0.78985
0.44027
-0.11635
-3.11891
0.29623
0.27355
-2.13427
-0.9459
-0.30514
2.61861
0.36526
-1.02562
0.34745
-0.49797
0.01791
-1.67534
NA
NA
NA
NA
-1.36852
NA
2.34517
-0.51127
4.0488
-0.02189
-8.9564
NA
1.46613
1.42729
-0.18458
1.24647
0.51811
-1.36155
-0.03334
5.08405
1.82833
-2.99004
-0.6711
-1.81078
-0.57898
NA
-0.88
0.74536
-1.20602
NA
-1.26673
-0.03207
1.7146
0.17907
-0.82834
-1.89105
1.17438
0.16593
-3.59436
0.8677
1.34775
0.74855
-2.09861
-1.38765
0.14569
0.91896
2.77941
0.2287
-0.55548
-0.22488
1.26165
-1.5383
-2.05944
-2.70431
-5.38651
-0.48042
-0.36186
-0.82801
0.28111
0.18526
0.96348
-0.58171
2.7095
0.83627
-0.07162
0.17604
1.51086
-0.53272
-0.27281
2.6002
3.27478
-0.34096
-1.10463
0.60538
1.33614
1.70478
0.4093
-0.09012
0.66139
1.73416
2.292
-1.98704
1.527
-1.75843
1.61325
-3.48469
-0.267
1.02
0.768
0.89
1.88
-1.6
3.53
-1.1
2.36
-0.73102
0.377
-9.2
0.786
-0.101
-2.44
-1.69
1.45
-1.27
-1.74
2.38
-0.74
-0.775
-0.769
1
2.01
3.35
0.0022
-3.13
0.332
3.71
0.431
0.892
-1.59
0.754
0.8
0.539
16.3
-2.89
-0.719
-1.47
-1.13
-0.58
0.481
0.96
-3.25
1.67
-0.243
1.45
1.62
0.62
-1.72
0.99621
-1.73865
-0.13802
-1.62113
-3.14358
-1.01833
3.46692
0.98382
-2.59317
-0.33378
0.67913
5.97316
-4.48976
-0.6918
2.84948
2.62564
2.42621
2.87978
1.94027
5.0556
-3.35146
2.87594
2.35182
-4.334
0.46207
-1.18172
1.17822
-2.05327
1.13089
-0.1702
-0.94876
-0.6156
0.81722
0.58722
1.60954
-5.34104
0.27812
0.47785
0.8266
1.51612
2.30976
-3.23559
0.52913
-2.13881
0.24537
-0.37096
0.2368
-2.11437
1.68779
-3.39489
-3.56984
1.49113
-3.97648
-3.9501
-0.61761
1.84087
-1.51489
3.1848
-0.49736
2.95871
-0.10288
0.7016
0.04126
-0.00061
-2.56012
-0.3916
1.72682
0.11599
-3.02146
3.70181
-0.47511
0.12124
0.33836
0.6607
3.7457
-1.40224
-3.0067
-0.3536
0.43889
0.48007
3.81338
0.4476
4.40839
-3.59262
0.15724
-1.06589
-0.1453
-0.69488
-1.53832
-0.868
-0.96
-1.68
0.769
-2.09
2.43
-0.701
0.354
-1.2
-1.11
0.419
-1.32
0.602
0.965
-2.06
-1
-1.76
3.94
2.37
-0.716
-0.713
1.39
2.6
-2.9
-1.19
-1.49
5.83
1.86
-6.27
-0.0324
-0.36
-3.09
-2.62
0.922
5.01
0.313
-0.513
-0.169
0.824
-0.412
-0.705
-1.52
1.15
-0.563
1.2
-1.32
-0.914
-1.45
-1.48
0.747
-2.28
-0.53
2.45
0.855
-1.76
-1.52
0.773
-0.028
-0.24
3.27
2.2
0.824
-0.034
-3.98
-1.84
6.46
5.36
1.57
0.279
-4.03
0.826
0.0156
-1.12
-1.33
-0.465
-2.26
1.37
-3.55
-4.15
-0.127
0.601
2.16
0.818
-1.18
-1.21
-2.16
0.379
-0.0123
0.987
-2.21
0.609
-1.12
0.91762
0.01691
0.33439
2.48579
-0.94297
1.92
-0.4036
-0.9974
-1.1112
0.955
0.60364
-0.24719
1.68089
-1.55121
1.9254
-0.8782
-5.44
0.9
-0.19388
-1.449
-1.7084
-1.86651
-1.81
0.46324
9.00662
-1.40777
0.90941
-1.82008
0.323
1.08554
1.04
1.56
-1.4775
-1.71454
-1.53961
1.02
-2.36
-3.48967
-0.0419
0.25873
-0.1889
-0.28212
-2.10588
0.39657
-3.25079
1.21988
3.7742
-0.36443
-0.748
0.833
-4.27
-0.862
0.5331
-1.02991
0.03167
-3.2957
-1.42708
1.37383
0.31614
0.54011
0.7266
-0.96968
0.36024
-1.33982
0.45768
1.0334
-2.48887
0.13721
-1.31434
-0.79055
0.39464
-2.24036
-2.44814
-0.21195
0.89477
1.61123
6.34004
-0.90236
-1.88873
-0.02841
-0.16144
-2.76419
-4.31871
2.04928
0.19351
-1.72401
-4.18529
-0.75874
-0.6618
-1.23015
-0.73935
-0.09146
-1.32723
0.659
-0.00553
1.71877
0.52633
1.13605
2.11709
-1.65147
-3.9983
4.34366
1.41238
0.52113
-0.70313
1.09795
3.04486
0.17534
-2.68813
3.6799
-2.79766
-1.01
-1.62
0.209
0.83064
-0.62003
0.0184
0.6777
-1.19453
-0.65575
1.9607
-0.159
-0.617
2.84
2.61366
1.0074
8.72139
-0.61246
-2.06282
-0.38556
-0.76004
-0.56481
0.0536
1.13682
0.2137
-2.34236
2.67015
-0.0176
1.38739
1.84
-0.0434
0.444
-1.5204
1.159093
-2.185107
-0.010804
-0.919376
-3.684188
2.24
-0.0781
0.508587
0.171359
-1.39894
-1.27275
0.90911
0.54071
-1.5548
0.965
0.0319
-0.794
-0.175
3.92
1.27705
1.25518
-0.8372
1.30958
2.3112
2.09
0.704
5.99
2.26
-0.852
1.85
0.2984
5.83481
0.05665
1.75
-0.102
1.05
-0.358
-4.47
-0.857
0.95987
0.02933
1.13
-0.316
-1.71769
-3.62075
-0.96416
-2.09743
-0.00809
2.26
-1.6
-3.24808
-1.14284
-0.48381
1.19829
-1.21
2.87
0.739
-1.04
-0.535
2.39
2.07
0.53
-2.4164
-1.37505
-4.24644
-1.19369
0.49637
0.34267
0.21161
-0.12164
0.87222
-1.54256
1.21138
0.83085
1.33164
1.38269
0.5203
2.45768
-1.3087
-0.2492
-2.83018
-0.57532
-0.78508
0.35511
1.13303
-1.14244
2.14
-3.35
-8.93
0.39
2.83
-0.725
-1.642271
0.44853
-1.2584
6.62052
-0.61815
-0.5386
2.52371
-2.36
-3.14
0.264
1.87
-1.44
0.683
-4.6
2.76
-1.02739
-1.56909
1.25
2.42
0.3479
2.16231
0.65108
-0.03218
0.42684
2.16356
4.15
2.32358
0.33014
-1.49288
-0.60884
4.64228
-0.70061
0.53821
0.92143
0.46595
0.97581
-0.37371
-0.4887
-1.25281
-0.68423
-0.72694
-1.10326
-1.95286
-3.57885
-0.82382
-1.59738
-1.56512
-1.00709
-0.2671
3.5704
-1.01896
0.52963
-0.35879
0.92963
-0.95067
-1.02839
0.95662
-1.02385
-2.20264
2.50934
2.47073
1.68762
2.81402
-2.63866
-0.20789
-0.43335
-1.08796
-1.05425
NA
0.56735
NA
NA
NA
6.36695
2.42839
1.66624
NA
1.96288
5.53779
NA
-2.78041
-3.74362
-0.55711
1.17807
0.43255
-3.27992
NA
0.50721
-1.9586
0.90436
2.44592
1.61942
-2.13473
0.9231
-0.12057
0.00601
5.01
-2.83
-1.15
-0.312
-2.03735
1.25684
1.20976
1.91416
-1.48689
3.69405
-0.98765
0.53606
0.37726
-0.5434
-2.3
1.0413
-0.94275
0.2292
0.80663
0.37498
6.3305
-0.30338
-1.11711
-0.33074
0.72816
-3.21851
0.03918
2.62042
-1.65
1.66869
2.4965
-0.26985
1.29839
1.02843
3.99147
2.6509
-0.48828
2.07043
0.82036
1.60406
1.38627
2.37121
-2.06756
-2.30386
-1.14861
1.17431
-2.16678
-3.9
-3.3719
0.66737
0.25651
0.60392
-2.72507
2.56159
0.3784
0.2587
1.82
-0.227
-2.32
0.694
-0.933
-1.88965
9.14648
-0.64356
0.01345
-0.86865
-5.28571
0.40931
2.05741
-1.29739
5.20941
-9.3008
-1.8032
0.74429
-0.50836
0.291
-0.93143
-2.29856
1.67
4.30983
0.5976
1.44167
-0.0759
0.26915
2.87524
-0.51939
0.72547
-0.94239
-5.87994
-4.79847
-1.24
-2.07742
2.66881
1.8
1.1599
-0.82556
0.663
-1.75
-0.0485
0.673
-0.879
2.72
0.16279
-0.26741
4.86116
-0.625
-2.24109
0.359
2.08
0.3583
-8.93354
6.84933
1.47687
-0.74245
-0.0803
0.958
-0.368
-1.51
1.65
-1.33
-2.21448
2.83844
-2.23
-2.87807
-1.25062
-3.54202
-1.46411
-1.40202
-0.54273
1.32172
-0.01026
-2.71533
0.28221
2.36343
-1.60922
-1.40759
-1.13088
-0.21653
0.07998
3.0362
-0.20169
-0.70746
-0.86717
0.30706
4.04564
1.72916
3.94398
-0.56482
0.19393
0.15988
1.08072
-2.10791
-0.52322
-0.25845
5.92253
-1.3814
0.62659
-2.48065
0.99307
-1.39388
-1.47374
-4.50119
-0.84501
0.95304
0.41069
-1.14294
0.21635
-2.86066
2.02668
-0.57943
2.46307
2.62096
1.41
-1.33779
-0.618
0.1304
-1.07893
3.81514
-5.66073
-6.95146
-0.39885
0.56748
5.0079
-3.37315
1.80024
2.38125
-2.0576
0.77299
1.83
-2.43
0.182
-5.46895
1.5848
-3.3998
-1.1999
0.32618
3.09859
-6.34716
2.08601
0.662951
0.69893
-0.71038
-1.11956
-0.81729
-1.35844
-1.02191
-0.92334
2.78893
0.08406
0.35172
6.02693
0.65819
0.49028
-0.70399
2.11
3.20249
0.0178
1.4327
2.3734
1.02642
1.18
-1.22921
0.98933
-1.05197
1.50358
2.14027
-0.99455
3.1206
-0.39494
-1.61089
-0.86005
-0.7215
0.13092
1.56805
-0.8311
5.24483
1.49095
-1.81263
-1.08369
-1.20193
0.5146
-0.75356
1.3754
1.21899
1.96559
-2.33916
4.0982
2.35885
-0.47774
1.70264
-0.60167
3.05422
-1.23885
-3.95271
0.6008
-0.08212
-2.70515
0.7899
-5.04741
0.475
1.32285
1.66092
-1.34562
-0.9847
1.87461
-0.549
-4.38402
1.18002
0.14677
-0.805
2.49
1.63
-3.6
-0.9519
1.25519
-0.62808
1.8905
0.576
-1.33097
1.73786
2.38965
-1.31771
-0.36056
3.38235
-2.58894
-2.68774
-0.63523
2.24393
-2.79327
-0.77026
-0.61495
0.9555
-1.85
-3.89603
-2.5801
1.16
-0.455
-1.53
0.38
-2.36
3.48
0.81845
0.6483
-8.48955
1.25394
-0.37283
-2.01176
2.53502
1.2361
-1.76574
1.77
-5.5615
-1.19
0.68576
-0.87274
-7.5985
-0.562438
0.725
0.0234
-2.43
0.889
-0.46474
1.02572
2.99079
-1.20383
-0.42016
-1.93734
-0.17053
-0.27731
0.04852
4.328
-0.766
-2.12296
-3.56
-0.611
-1.63
0.138
2.4529
-2.2939
5.96
1.7012
1.3238
1.269624
1.78076
0.76746
-1.25338
-1.97772
0.28057
-1.98069
-5.93066
1.08523
-0.28612
5.43305
2.03179
-2.01602
-2.97
-0.65979
-2.06309
-1.36056
3.23746
-0.60954
-0.67459
-4.63709
-1.05472
-0.66567
-3.52543
1.3131
-2.96506
2.48251
-3.28999
-0.25922
-1.02
-1.53
0.00977
1.07
-2.38286
1.12872
2.29
-0.214
-0.658
1.8576
-1.8994
-1.8254
-1.74995
1.67253
-2.50482
-2.15505
2.187
-1.42
-1.19
1.85184
1.88089
-0.79326
0.40323
0.24482
0.698
-1.62638
0.90668
3.681
1.49
-1.65
-4.45
-2.49
-1.23
0.545
2.37183
-2.78584
-0.7116
1.16717
-0.63894
0.9586
1.67
-0.24434
-1.15946
-1.81467
0.46941
1.99143
0.31636
-2.7002
2.11
2.98829
1.37707
0.31184
1.90437
0.51013
3.74336
0.634
0.639
-0.7993
2.87409
0.829
0.673
-1.29
-2.21363
1.86781
2.175488
-1.366617
-0.088738
1.043423
-0.9209
1.0607
-1.0679
0.9816
0.330447
1.58094
2.1308
-1.15064
-3.42971
2.7497
3.057003
0.019921
2.553044
0.1187
-1.8759
-3.26185
2.68
0.661
-0.908
-0.000842
-2.2185
-0.169
1.86
2.91
-0.0497
0.413
-0.707
1.35
0.459
1.44
-0.5816
0.1101
-3.1
-0.0344
-4.1
-0.2811
-1.85779
0.22698
1.5187
0.895
0.6769
1.10907
-0.23877
-2.71805
1.0791
-0.3369
0.3978
2.8814
0.497
0.951
3.49
-2.31
-1.62
-7.1923
3.9809
-1.5775
0.2709
-1.61
-0.438
0.11
-0.775
0.3529
0.4839
-0.0753
1.7116
-3.8797
-1.35799
-3.5363
0.6645
4.73308
2.48639
-2.37338
-0.18217
-0.01139
1.7328
-2.1821
-0.0274
-0.7572
0.5014
-1.3814
-0.00631
-1.85636
0.12819
0.64696
0.65782
-0.72136
0.82074
-0.81599
1.3681
-1.08
3.76
-1.13
1.33
-1.3
-0.684
1.1
-0.791
-4.97
1.30377
0.21
-0.78047
0.73351
-0.91228
-0.75648
-0.9215
-0.01614
-3.59735
-0.72079
2.78975
-1.95798
1.4965
-0.14288
0.02544
1.9336
-0.999
-0.226
-0.0543
0.000483
-1.2
2.69
1.7
-0.824
0.503
3.02
2.81
0.52947
1.47786
-1.18722
1.84859
-5.24062
3.04809
2.18265
-1.02619
0.841
1.22
3.13
1.45
0.775
-1.09
2.49
-0.444
0.242
0.171
-1.03
3.85
-1.49
-1.02
-0.939
2.54
-2.28
1.27
-0.32
0.68728
3.60915
0.4606
-0.56228
3.54458
2.95256
1.37904
-0.01088
0.91743
1.93246
-1.6421
0.03368
-3.78101
-0.08733
0.37314
-0.51077
-0.825
0.562
-2.01
-0.248
-4.21
-1.47
5.5061
0.66961
0.8745
-0.49539
-1.9996
-0.2258
-0.00126
2.11689
0.08416
0.4124
-1.13639
-2.38438
-1.02781
-1.72589
-2.6862
0.0948
0.01214
-4.31209
3.27579
0.5391
-0.56363
0.20341
-7.03777
-3.42969
-2.08442
0.11776
-1.5958
-3.37239
-0.63001
0.1361
0.25189
-0.10397
2.30689
-0.86237
1.2118
2.64953
-0.385
-2.81
0.876
-0.104
0.48783
1.02166
-0.80518
1.08916
-0.60845
-1.54413
0.86708
-3.37346
1.40804
-0.28944
-0.32596
-3.90114
2.89347
1.12095
-1.40121
-0.08192
0.02141
0.878
0.95297
-0.56795
2.05269
-1.4443
-0.5499
2.62097
-1.59775
-0.11656
-0.2859
1.41646
-1.7485
3.98965
1.99621
0.1639
-3.1176
1.55593
0.270067
-0.216424
0.59972
-3.59878
1.91103
-2.26967
2.92899
2.22295
2.23315
-0.60853
-0.14855
2.16418
4.4649
-0.80639
-1.67599
0.50422
2.1577
0.18582
NA
-0.39036
1.84476
0.19902
2.51629
-3.32788
NA
-0.63822
0.43211
1.05837
0.04454
NA
NA
NA
NA
0.30799
1.5653
NA
NA
-0.36713
1.63432
-1.35677
-1.32596
-0.6188
4.5112
-1.7556
2.1753
-0.6468
-2.4875
-1.1613
-2.3877
-5.3137
-0.951416
1.496434
-2.079588
-1.95093
-1.7211
0.0998
-0.1032
1.0849
2.5437
0.2399
1.241
-2.1324
0.4044
1.513
3.76159
0.33229
-1.01817
5.53983
-3.88277
-0.68944
-2.72505
0.02861
1.44591
2.69197
-0.42964
-0.30679
1.56364
1.29607
1.33538
1.42164
3.44966
3.13
1.83
5.2
-1.23
0.597
-0.876
-0.47786
0.54694
-7.84272
-0.09662
-1.06913
0.65921
1.73493
-1.63526
0.20454
-2.08848
-0.51372
-1.0237
-10.01935
1.92024
1.7957
-1.84987
1.00418
-2.11093
-0.30054
-0.67945
-2.27817
3.75167
-3.93408
-1.9949
-0.63373
-2.25635
-0.43457
-0.0813
-1.61
-1.23
-0.64514
0.39673
0.9456
-0.92488
-3.37098
-0.62163
-0.23559
-1.28373
-1.92462
2.79661
-2.63511
0.79507
-2.31312
1.57438
-0.61521
1.21857
0.52024
1.88926
-0.58575
1.45506
-0.30094
-2.35
1.03
0.255
-0.188
0.072
0.00734
-0.22021
0.7922
-1.17592
-2.56922
-0.89943
-0.85264
0.78063
-1.93039
0.15013
-3.74821
-7.58381
-0.23555
2.00433
0.35234
-2.17567
4.63038
6.12844
-0.2137
2.11967
0.51172
1.12558
0.96509
3.21844
-0.92986
0.40491
1.85937
-1.02074
-0.50278
-5.27551
-5.53286
1.00769
-5.40499
6.92564
-2.08585
-0.8029
-4.58784
-0.0908
-0.125
-2.23
-1.88
-2.95
-1.63
0.936
1.31
1.26
-2.63
-0.0499
-1.23
-0.453
5.89
0.041
0.657
0.235
1.06
2.14
1.81
1.5
1.99
0.891
-0.981
0.875
-0.508
-3.61
2.05
0.599
-2.49
1.23
-1.45
3.12
-0.412
-1.01338
-1.34
-1.49
1.42
-5.19
5.51
0.939
-0.646
-1.84
3.73111
0.93189
-5.06644
-2.78
1.26
-0.335
1.54
1.94059
0.04183
-2.68316
-0.32299
-0.5875
-0.52136
-0.00336
4.45173
0.08418
0.24252
1.84887
3.35418
0.7789
-2.47034
-0.59329
2.32957
-0.62481
-1.301
0.72865
1.89541
0.40995
-1.39629
-2.0581
-0.51156
6.12736
0.03341
-1.95182
-0.24192
-1.83069
1.63667
2.92092
2.06309
-4.34526
0.10229
0.1918
1.92032
1.69815
0.7664
0.44666
3.09927
0.2492
0.71091
0.18734
0.24537
-0.48256
-1.043
1.35636
14.70758
2.15542
-3.21
0.276
-3.42
0.721
-3.08
-3.01
-0.724
-0.706
-0.418
0.262
-0.0357
-0.626
0.7
2.91
-1.18
1.13
-1.37
0.287
-4.08
0.305
-0.292
-1.79
0.787
-2.82
7.10357
2.27811
-0.10565
0.6
5.37
1.42
-1.99
4.43595
1.87886
-1.94754
0.5195
4.17322
3.62273
-1.34002
-0.75074
1.93192
0.34976
2.08419
0.59355
1.2128
-0.2821
0.8888
-0.5048
-0.6375
-1.8743
0.8835
8.78439
0.0137
-0.0141
-2.04026
0.99947
4.11441
-0.86056
0.9571
0.0743
-1.53042
1.11823
-1.96454
-0.73004
0.48946
-1.33319
-0.7166
3.1808
-1.3217
-1.3697
-3.27446
2.4364
-3.8126
1.86861
-3.0394
0.63891
2.05163
-2.15329
-1.39354
-3.6074
-0.06857
5.3659
2.462
2.6365
0.99741
0.72236
0.47832
2.1977
0.57598
-3.34495
-1.38856
1.18321
0.34784
-0.15355
-1.80545
1.14622
1.38156
0.73744
1.35866
6.08736
0.83152
-0.41084
2.46235
2.97467
-0.594
6.2
0.432
-1.56
-0.066
-0.356
1.57
0.56
-0.358
3.29
-1.16
0.514
0.812
-0.265
0.993
-1.72
-3.98
0.251
-0.529
-0.162
0.331
-1.1
-0.557
9.04
-1.58
0.627
-3.79
-0.534
1.96
-0.573
3
-2.07
0.724
-0.152
1.21
-0.913
-2.07
0.35
1.25
2.03
-1.51
4.7
2.23
-0.231
-2.46
1.57
1.87
-0.0208
0.359
-0.471
-0.383
-2.14
-5.09
-0.517
0.533
-3.53
3.13
-5.97
3.18
-3.38
1.1019
-6.86
9.07
-1.6
2.73
3.11
5.21
-0.798
-2.29
3.18
1.36
-3.59
-1.05
1.83
-2.55
0.536
-2.2
2.16
2.72
-0.597
-1.37
-1.12
0.942
1.09
1.56
3.05
-1.13
-0.811
0.201
-2.8
-1.01
-1.74
2.28
-7.25
-1.15
-0.64153
2.5496
-1.42517
-1.28282
1.84824
2.2536
-1.33152
1.40289
-3.17999
1.20976
2.78093
0.85059
0.76834
1.14243
-1.78481
-0.44207
0.91073
2.15119
1.56859
4.05427
-0.1123
0.03452
0.77038
0.82
2.23615
1.01494
-0.36992
-2.23761
-1.84405
-0.66624
-0.96125
1.73896
-0.54065
-0.61523
-0.48924
-3.49433
-1.39946
1.16365
2.56917
1.99196
-2.52
0.0134
1.07683
-0.09185
0.27352
1.44973
0.68941
-1.84
-1.8
-0.22
2.5864
-1.56713
-1.98
-0.559
-1.14
1.2
1.44
-2.6
1.05
-0.464
3.37
-0.117
1.95
2.05
-1.03
0.0475
-0.482
0.261
1.51
-0.261
1.63
-2.54
0.787
-1.47
-0.39
-0.296
1.5
1.37
-3.46
3.69
0.935
0.857
-0.717
-0.31
1.53688
0.656
1.52
1.03
-0.817
4.61121
0.05269
-1.00048
7.98055
2.71466
1.3425
4.21584
1.92
0.06845
-7.96957
4.62894
-1.8424
1.45264
-0.1196
-0.11234
-0.30896
-1.07661
0.7772
-0.16742
0.02296
-0.85358
-0.67542
0.12629
-1.46742
0.95348
-2.7556
1.22468
0.92431
5.37283
-3.66194
2.30842
0.1428
0.12824
0.91239
2.32922
-0.88913
-2.04153
-0.97222
-0.47906
1.29466
2.73771
4.38892
0.25366
-0.50012
1.96908
NA
0.3371
NA
-1.70049
-0.7198
-2.63844
1.64527
NA
1.07439
0.00937
1.83971
NA
NA
0.55354
-1.06657
-1.17432
3.26553
0.00586
-2.38096
-2.37357
-2.09684
-0.32133
-1.45666
2.31916
-1.19533
1.91425
-0.82941
-0.57722
-1.19449
-0.19587
1.72788
0.42983
-1.61716
0.91602
-1.45737
-0.13356
-1.44359
3.40226
-0.57597
6.65482
1.30035
3.99646
2.17689
2.93131
-2.2362
-0.60347
-0.14383
2.86983
3.49051
-1.6384
-0.67588
0.96907
1.80103
5.08517
0.74682
-4.0788
-1.58477
1.1986
-0.9361
-0.68305
-0.00122
-0.81596
2.20766
1.263931
-0.580111
1.837647
4.797014
0.397481
-0.149515
-4.903776
1.323688
-1.022538
3.051117
-1.355912
1.160962
1.881265
3.190103
0.434087
-0.970735
1.262684
0.639021
-4.318416
-3.117621
-3.377241
0.272296
-0.150485
0.122783
-0.322772
-2.389675
-1.75999
3.07121
0.11895
-2.78921
1.12122
-0.00985
-0.95318
-1.04425
-1.06997
-1.52501
1.36643
0.283
-0.76419
0.17609
0.68165
-0.0499
0.05667
1.82353
-2.70263
0.78671
0.1129
-0.93834
-8.20298
-0.78081
-1.79531
-5.95366
-0.28583
1.34014
0.81689
-2.32021
1.40656
1.53136
0.50023
2.7812
1.27021
-1.9246
1.63047
1.359
1.46105
0.03754
-0.91863
-2.03076
-2.71772
3.51701
-1.70337
1.513
-0.13558
0.80697
-1.39404
-0.93362
-0.28385
0.31947
-0.4153
-1.1212
2.0539
-0.9047
-6.7478
-1.8297
-0.3966
2.5061
-2.0207
3.7869
2.9228
-1.8434
-0.7969
1.1899
1.56576
-1.898
-0.83209
1.7076
0.4588
-0.5421
-3.4336
-2.4087
-0.5935
-0.9381
1.2804
3.62265
-1.87181
-0.60223
-0.41444
1.2263
0.4613
0.15
0.0354
20.5
4.91
-0.10174
-1.38691
-1.96315
0.473
-2.98001
-1.11946
0.5458
-0.2975
1.27583
0.43215
0.64398
0.47525
-0.2714
-1.29139
-0.6252
-0.212
-4.849
-1.48394
-0.1302
1.23813
-1.70293
0.69664
-1.1956
-3.97
-0.581
-0.0368
1.00735
-0.29
0.674
-3.43
0.782
0.0027
0.721
0.83052
3.11635
0.19211
-1.55
1.03
-0.187
-1.78777
-0.2984
-1.60697
-3.05441
0.98491
-1.5159
-2.83045
-0.5224
2.4201
0.12937
3.28
-0.05132
-0.54052
1.19732
2.48994
0.2012
-3.42815
-1.72
1.84751
0.43329
-0.53322
-0.55825
1.1219
3.54972
0.83658
2.00964
-1.36165
-1.16566
-0.08919
1.35467
0.68416
-0.84909
-0.38243
1.79883
-1.32463
0.3595
-0.59764
4.35246
-0.93351
0.31799
-0.91012
-0.17404
2.58
1.83689
1.02611
0.816
1.37973
-0.51559
-0.27824
-2.02316
-1.4909
-0.33974
1.26656
0.16457
-0.5086
2.7975
-0.16
-0.736
0.6706
0.79835
-1.25979
0.24464
0.36803
0.707
-2.13
-0.2195
-2.4915
-0.98308
0.00567
5.64478
-2.38361
-0.61247
1.32
1.35793
-0.7335
-1.608
2.52
1.85167
0.13979
1.9732
-1.57
-0.81895
-2.31901
0.16684
1.45438
0.96405
1.20706
-0.559
5.64
0.24792
-1.76784
-0.38896
0.18997
-0.10284
2
-0.0282
-1.75107
-0.52746
-0.032
-1.1694
-2.22552
0.169
-1.25
1.623
-2.87599
-0.375
1.25264
-0.01294
5.44008
-2.83387
0.888
0.8553
1.76179
-8.14076
1.22968
-0.81188
-1.49
1.36
-2.2
-1.68317
-0.79949
0.944
-0.463
1.25318
0.41066
-0.9135
-2.22655
-0.216
1.10185
-1.70969
-2.00861
-2.20281
-1.17828
-1.38
-0.53137
0.19008
0.798
-0.93374
0.466
2.94244
0.5845
-5.94
-2.7712
0.802
3.43008
2.0437
0.324
2.2
1.0393
-0.633
-1.3521
-0.0805
0.56124
0.595
2
-3.04383
-1.75
0.1762
2.96233
-0.20775
-1.51058
0.8575
-1.05657
4.31
0.661
-1.521737
3.917059
-0.218703
-1.81
-0.0409
0.19
-1.18903
2.267
-0.33621
-0.2039
-0.533382
1.2835
-1.39769
0.55301
2.06
-0.87917
-3.16
3.17
3.93141
-1.2145
0.5838
1.05385
-1.2628
-0.11057
0.9559
-0.57394
-0.7
3.69436
-0.89581
-0.60227
1.20763
-1.55382
-1.18203
4.70952
0.678827
-0.09854
-1.295398
-1.92483
-0.22745
-0.982929
-3.59425
0.10628
-0.56947
0.2646
0.95859
-3.94
-2.64
-1.35195
-0.47744
2.06368
-0.08654
-0.16156
-0.12808
0.81559
-1.84533
0.0771
-8.2528
12.43228
-0.20316
0.93803
0.08442
0.62823
3.169142
-0.98902
-1.87049
0.524
-1.31464
-1.83976
-1.42971
-3.10872
4.43
-1.150651
1.053877
-2.49
0.14822
1.78835
-0.57996
1.14053
-0.00179
-0.58852
1.5812
0.86478
-2.5972
-0.2459
0.76368
-3.45005
2.82752
0.352805
-0.293343
0.736094
0.42993
-0.22824
2.36844
-1.30378
-1.857549
1.4944
1.20409
-0.748744
0.123853
-2.171194
0.758439
-3.1
-0.121
25
1.66
-2.93403
-0.51
-0.39608
2.87712
3.15
-0.706
-0.14
-0.115
2.02
-1.69
1.99
-0.43469
-4.98633
-2.03
0.921
0.70684
1.24855
-0.7975
-0.40622
-0.31375
2.81096
1.32306
4.18
-0.56945
1.58
0.092
1.53
-1.98
-4.42
1.87559
2.04
0.39
0.49817
-1.07873
-2.5074
-0.9927
1.19704
-1.14886
0.94632
5.6884
-1.08678
-2.56018
2.60321
0.6521
-1.8309
-1.19819
-2.43405
-0.07472
-1.16
-1.33502
2.8558
-2.89
0.736
2.44
-0.578
0.633
0.15093
-0.831
-4.93731
-1.14
-0.222
0.0772
0.5506
-2.58
-0.307
0.0762
-1.18
-3.4503
1.21
-0.0716
0.354
0.216
-0.117
-1.69862
-0.45619
-0.76467
0.91799
-1.9326
-0.49776
2.4499
0.7412
-1.5658
0.6171
-1.85674
-1.24
-0.4531
1.3859
1.78371
1.08
2.16
-1.02
4.06
-4.1
-3.62
0.757
-0.7
3.33
-0.554
0.912
-2.31
-5.29
-3.67
-1.00073
1.61
0.27772
-0.7372
-0.00522
0.26511
-0.92471
0.07303
0.9287
1.31981
2.84
2.55149
-1.10726
-1.17069
1.11102
-4.15265
0.6242
2.4545
-2.10569
1.12868
1.2561
-5.51665
-0.63937
1.61
2.3
4.45
-1.34
-0.154
0.3454
0.936
1.55
3.97
1.1
3.14
-0.402
1.35
-2.53
-0.724
-1.73
-1.76
-0.23364
-3.09
-0.13683
0.94143
-5.46
-0.9213
-2.68
-1.11303
2.86
1.56443
-8.98425
-0.54842
-2.66223
5.42325
-3.78403
2.7
3.24
-1.28
-1.56
1.27
-1.02
-4.52013
-0.51142
2.51496
0.2411
-0.95691
-0.80164
-0.45654
0.00235
1.26451
-0.10211
-0.31998
-0.91177
0.73011
-1.3781
0.26008
-2.07747
4.52952
6.17678
-1.4985
-3.17916
0.04595
-2.12253
1.13291
-0.81716
-0.70685
0.4967
0.98332
0.71455
0.07206
-1.08402
1.0644
0.33533
2.63702
0.22703
0.57302
-4.60054
-2.2646
1.0323
-2.78
0.66
-3.1517
0.898
-0.739
-0.29
-1.16
0.239
0.607
-3.97
5.33
1.71
-0.147
-1.03
2.30685
-1.73519
0.03219
0.402835
0.039757
-1.065062
-0.07691
-1.15647
-1.60906
2.0875
0.913698
-1.97183
-0.76111
3.75461
1.24005
-1.3719
1.44635
1.98335
10.25705
-0.609
-0.36946
-2.38178
1.48
2.36121
2.502
-6.99441
0.45848
-2.06294
0.81112
-0.38715
0.11638
1.31873
-3.33715
1.04
-2.67503
-1.25851
0.28324
-0.23555
-3.09957
0.12162
-2.81615
2.49649
-0.77309
-1.80256
6.02753
-0.833
0.819
0.544
-4.03
-0.957
1.26464
NA
-12.5039
2.58261
-4.58799
7.74724
0.38876
-2.61346
-2.5766
0.8329
2.85971
0.986
-0.206
-1.61
-0.127
-0.159
-0.139
-0.356
0.269
-0.256
0.0382
1.35
-1.5619
-2.4783
-0.3666
-1.9714
0.548
0.293
1.5529
-0.98
2.3
2.11
-0.304
-2.41
-3.56
-1.63
-1.91
-0.171
0.461
-1.78
2.4
-1.33
2.59
-2.37
0.575
-2.37
-1.25
-0.962
1.78
-1.57
-0.52
0.287
0.463
-0.652
-0.123
1.22
-1.64
-2.94
0.483
-1.08
-0.334
-3.67
0.415
0.63
1.69
-0.758
-1.85
2.62
3.27
2.41
4.89
-1.23
0.35
-0.901
2.35
2.12
-0.668
3.16
-1.09
2
-8.3
-0.134
-0.57
1.07
-0.29
-1.42
-0.734
0.97
-2.356
-1.93
0.98408
1.23
2.57
-0.81696
-0.0229
2.4514
0.732
-0.355
1.83
-0.72375
-3.55674
4.37
-0.61029
0.6663
0.7575
-0.39821
-2.00643
4.03797
-2.67083
-0.88796
-3.77905
1.75776
-0.73217
1.17764
1.37
0.9484
0.197
0.35728
-1.38794
-3.05681
-6.63
-0.09014
-4.94
0.74671
-1.14309
0.86746
1.16155
0.06339
2.69
2.01
1.64
2.61159
-1.83286
-0.18172
0.41503
1.51988
3.21048
-2.35094
-1.23
1.7542
0.41076
5.1
0.699
-0.171
-0.446
-0.511
3.03
0.83262
-3.14
0.418
0.609
0.155
-0.343
1.19042
-0.8507
1.83
-1.13
-1.3
0.566
1.97453
0.428
2.91
2.0199
0.08982
0.216
1.66
1.0161
-0.889
-2.26533
2.49
0.655
-4.74
0.334
0.509
-0.23427
1.3
0.14261
-0.14614
-0.244
-0.41
0.231
-1.52992
-1.06363
-2.04858
3.54
-2.69
-0.616
-2.15
0.796
2.76011
-0.15
0.862
1.71
0.879
-0.516
0.17626
1.37
-1.38
-0.35775
-1.40901
0.72302
-2.91
-0.991
1.21
1.43
-0.293
-0.198
-3.79
0.238
-0.624
-0.23
-1.91
0.903
2.89
1.47
-1.03
1.36
-1.34
1.46165
3.83
1.01
0.61802
1.68
4.2
1.56743
1.50728
2.65
0.938
0.566
-1.57884
-1.8237
2.45301
2.52526
1.29314
-4.29
-4.56
1.84
-6.18
1.30558
7.32
-0.45836
2.14
-0.4963
-7.99
0.771
0.386
-0.961
-2.05
0.62883
1.8005
-3.22869
-1.50336
-0.23141
2.27866
1.59892
1.05526
-0.52863
-1.39162
-2.31588
-0.9249
1.1606
0.62249
-2.98539
0.02762
-1.2586
-2.63424
1.94148
1.59357
-3.39882
4.43941
-0.14637
2.189
-1.23211
0.64626
0.97953
1.13398
0.0902
-1.15894
0.62746
-0.74594
-1.80699
-0.00738
1.46243
-0.06025
0.18553
0.47678
-0.59227
-0.02685
0.26183
-0.77992
1.62135
4.94818
-0.85025
1.1359
0.40447
NA
2.98276
-1.1941
-1.9877
-3.08039
-1.19523
-1.0268
-0.61132
0.70525
-0.92822
-1.13472
1.08177
0.63391
-0.1929
1.88286
0.75673
-0.22332
-0.79711
0.73606
-1.1703
1.41493
1.21074
0.33879
-1.3898
-1.4108
-0.2092
0.441584
-0.5678
-0.62986
2.96652
0.364103
-2.10514
2.4617
1.12563
-0.857131
0.35474
-1.47165
-0.605
-0.061187
0.405452
-1.649249
-0.87564
-0.590356
-1.49649
-0.63242
2.15676
0.67591
-1.996456
0.21698
-0.900685
-0.49273
1.279596
0.989066
-2.66531
-1.42781
-1.49913
3.91857
-0.802073
-1.39197
-2.81527
-0.57365
-2.20224
1.32996
1.698789
-1.5623
-0.65466
-3.22665
-5.3202
3.56339
-2.89396
0.48268
2.38785
-1.3338
0.1536
-1.87474
-1.48194
2.08185
-0.49438
1.3277
0.63431
-1.88075
2.59166
0.8136
-0.54319
-0.68291
-0.18078
0.69164
0.0231
-0.54756
0.85759
0.67434
0.79691
-0.81798
-0.99578
-8.96463
0.97079
0.96318
-1.77592
0.9908
2.08514
0.00816
0.60705
-1.22681
1.95874
-0.14864
-1.6701
-4.17398
2.23336
1.09375
2.84435
2.17795
-0.41345
-0.03083
0.02083
-0.97272
1.58604
-3.85
-8.31338
5.59236
-1.43669
1.54476
-0.93799
-1.65823
-2.75925
1.72892
-3.48817
1.46416
-2.64031
3.63658
-1.75388
0.79194
-1.8727
-0.587
-1.5314
-1.4199
1.5727
9.9993
1.50873
-0.03723
0.548
-0.34246
-1.66372
0.2712
0.0988
-1.2109
-0.06886
1.56127
1.4
4.46233
-1.69066
1.49
5.0644
-2.87048
2.03772
-1.34718
-8.68731
2.24
-0.18775
-0.0417
-0.18
4.08529
-0.58529
-0.784
1.08937
0.85885
0.9189
0.467
3.99399
-3.33422
NA
-2.76337
0.43043
-0.32104
2.7792
1.4518
0.4181
-2.83
-1.7579
-1.99
0.77
1.3835
-0.3054
-1.3176
1.7132
0.83224
-1.0536
-3.4154
-1
-1.19
-0.115
-1.2532
-0.716
-1.09
-1.0372
-0.3593
0.5727
-0.449
-0.68937
-3.92
-1.02034
-3.08
0.6236
1.56398
-4.9028
0.213
-0.129
1.6702
0.53367
1.23
-1.0276
-0.37185
1.8
1.39983
1.0195
-0.82688
-2.97008
0.651
0.3861
0.0281
-0.0734
0.0288
-0.0404
4.5173
1.43483
2.98262
-1.0749
-3.79
0.813
-0.361
0.9413
1.23
-1.2231
0.40059
-5.81843
-2.2529
0.1927
-2.93098
-1.70547
-1.38773
-1.79669
-1.86
-1.99
-3.10437
-1.56232
1.803469
-0.07057
1.90361
2.3537
3.47203
-0.44976
-0.43068
1.12856
0.6793
2.14531
-1.62396
2.44
0.391
0.577
-1.256
0.29559
-2.2514
8.57318
-0.178
0.792
2.29232
-2.85592
1.7303
-0.33901
0.4969
-5.102
1.918
-1.42684
-2.06
-0.16775
-4.98
6.93
2.2299
4.16196
-4.07005
-4.18898
-2.26804
0.22411
2.35605
0.81389
2.03
0.431
1.7
-2.77109
1.15
0.0108
1.55
0.8658
-4.06249
-2.9
-1.27
-1.92124
-0.663
-2.26
-1.53651
0.20904
-0.83993
1.93483
1.36797
0.23307
1.0619
2.35904
2.10711
0.5768
0.44475
0.07607
-0.831175
1.783346
-1.0436
-2.63987
-2.48964
2.1257
1.00352
1.01023
0.723
-1.38568
0.427
-0.0767
1.03
0.44803
-1.6206
-0.2595
0.9367
-3.8566
5.45401
2.3471
-1.0421
-5.04961
-1.15667
1.9038
0.42
0.0649
-0.018
0.158
-3.5
-1.63
-0.3291
0.5414
-0.9597
1.1586
0.674
1.8
0.139
-3.15
-1.71
-1.06
-0.7753
1.8537
-0.3578
0.18624
-3.31437
6.73
-0.27253
1.23973
-1.1537
0.34223
1.11883
2.31
0.78688
0.0232
1.06
0.278
2.23
3.2269
2.12
0.65298
4.21
-0.68953
1.49
-2.96933
NA
-1.0989
1.59421
-1.3
NA
-1.44
0.378
2.67391
NA
0.987497
3.243297
0.878
1.6131
2.67
1.8318
1.15719
2.52666
0.131
-3.57799
-3.92
1.80193
0.16135
-0.458198
-7.49
1.89254
-1.30659
-0.862
0.48141
-0.0596
1.3
1.07576
-2.37984
-1.52
0.87488
-0.15729
-2.83261
0.195
2.73574
0.84376
-1.43452
-5.58
1.08
-2.25368
-0.73924
0.39284
0.7623
0.95623
-2.4732
0.69921
-1.89788
-0.26031
-1.2164
0.608602
1.2099
0.16468
-0.2729
1.76032
-0.714
-3.56
23.5
-5.13504
0.0623
0.988
0.921
-0.448
1.6826
0.72797
-1.76773
1.02
-1.28
-1.05992
0.91027
0.73889
4.64
0.44242
-0.05532
-1.144555
-2.16
-0.346
-0.088253
-0.890671
-0.9917
0.6175
-1.0249
0.28694
-2.83
1
2.58951
-2.94043
-0.49791
-0.03363
5.99
-0.68019
-0.44903
1.5923
-1.2474
0.38802
3.32557
-3.52191
2.78897
4.93677
-0.0234
1.09367
-1.18042
-0.79152
-3.41106
-12.2
1.08
-0.77509
-1.428542
1.84
-6.04
0.96203
0.599
-1.07
3.12344
-0.687
-1.64
-0.44606
-1.49029
-4.19397
0.49706
-0.0622
-0.22591
0.53
1.42033
-0.74531
-4.96
0.47379
2.41873
2.50601
-1.34362
0.70815
-1.68606
0.198
-0.63106
-1.58525
1.38
1.76759
2.31
1.7163
-2.1994
3.13489
0.8664
-2.6613
0.45229
-0.62814
1.12
-0.45583
-1.19
-0.49734
-3.04353
-0.33581
4.64787
-1.69707
-2.00334
0.4538
-0.11275
2.31967
1.219
0.616
-0.167
-3.10383
-1.26958
0.03537
-1.8303
-0.5669
2.9875
0.63709
0.0889
0.73881
-1.34393
-0.1587
-0.845807
-0.11864
3.61
-3.15991
-2.06809
0.6941
0.247
-3.35432
0.95223
0.07497
2.80793
-1.59036
-1.531502
3.161902
0.1624
-1.16
1.02738
-1.76
-1.38031
1.63179
-0.16226
2.20475
-0.3645
-0.6731
1.49391
0.72107
1.49896
-1.08711
-1.61113
2.26295
-0.7369
-0.0577
2.0507
0.286
-0.99431
1.831672
-1.03841
-0.85581
-0.3693
-0.502
-1.25518
-0.42267
1.12
0.47551
-1.6
1.62901
0.92337
0.81084
-0.15002
-1.51
1.33356
3.23965
-0.63531
1.52019
-2.13
1.2485
3.3708
0.44951
-1.8908
2.10438
2.24832
-0.00576
1.07111
-0.05895
2.35309
-1.2511
0.588
0.81575
1.31875
2.65226
-1.65107
2.49676
0.07908
0.727
3.04
1.83
-0.699
0.58429
0.268
0.0808
-1.74612
-3.79143
0.70417
0.78689
-1.43539
1.55
0.24843
-1.4728
-3.63
2.31485
0.86088
0.07507
-2.963
3.04742
-0.4605
2.22413
2.23
-5.18
2.08
1.12738
0.1758
-1.82868
1.73852
0.476
1.07
0.73994
0.288
-1.52
-1.48141
-0.57901
-0.5129
0.20084
-1.54817
1.11433
1.0158
-1.0735
0.19005
-3.21106
-1.03472
-2.37
-0.35074
-1.41502
0.37925
-0.15746
0.97194
-1.30767
1.46481
0.532
1.58
1.3205
-0.96424
-2.03
-0.50201
-1.05372
-3.01
-0.64236
0.606627
2.64907
-3.110874
NA
-0.0376
2.1966
5.49277
-9.5891
-1.35079
-0.93
-2.47804
2.12458
2.46
-0.675
-0.42672
7.6297
-1.045
-7.7138
-2.1653
-1.02
1.42748
1.56614
-0.21908
1.94626
-5.7226
0.7363
-1.2431
0.67512
-0.50423
0.43078
-1.06
0.632
-1.1404
0.35305
-1.0225
-3.2487
2.49299
0.049154
2.15216
0.26522
0.2774
0.081171
3.7006
-2.3318
-1.41372
2.25
1.19
-3.51
0.652
1.74628
0.75838
-2.28261
-3.198
-0.481593
2.5926
-2.81
-1.33
-0.86715
-1.3453
0.1511
0.4358
0.2182
-2.4205
0.631
-2.84977
-6.33867
0.976
-0.65
2.08067
-1.33301
-0.18038
-2.2442
1.8752
-0.65801
-0.289
0.4651
-0.69547
1.4052
0.54698
0.01832
-0.375
-1.5764
0.36375
1.14
1.46
-1.42
2.94232
-0.59922
-0.84232
1.8
3.19
-3.14
-2.47721
-1.01899
-0.83964
0.07715
-0.025269
-3.87969
0.089164
3.0757
0.672
1.76
0.745
1.91375
-1.5876
-1.2
0.95801
-2.66
-0.60783
-0.7661
2.55076
-0.59
-1.738348
3.43
-0.65278
-1.26709
-0.81844
0.97313
1.89
-2.5317
0.08565
1.34
-0.47385
-0.74191
-0.62691
0.6428
-1.61268
0.929
0.5139
1.30136
-1.68715
-0.1
0.0103
1.39389
-2.37336
-2.24943
0.4916
1.21
-2.75283
-4.9654
4.05
0.95169
4.7166
-1.83
-14.98403
1.23769
-3.6072
1.28246
-2.024039
4.09106
1.73
-1.75646
-0.931
0.875
-1.94763
-0.35652
1.64833
1.9162
-0.3821
0.034
1.76728
-1.9558
-1.09942
0.24151
-1.3
-2.09
0.132
5.18
-0.6962
-2.02539
3.31
-0.19134
-1.7477
1.1678
1.8294
1.46568
-0.92146
-1.41
-1.71
9.71263
-2.2971
-0.00655
-2.4073
-2.1205
0.524
1.17
0.53
0.68226
-0.763
0.204
0.3884
-0.15962
3.54
-2.34445
2.54
1.02193
0.42
-1.08
-1.87774
2.15
1.2231
-0.99675
-1.91
-0.5098
1.47
1.33
7.76
5.32061
0.6
1.3778
-0.718
-0.542
0.946
-2.48577
-1.26
3.44723
-0.53782
1.84
0.581
2.37
-0.34211
4.23
-2.9149
6.9171
3.5072
0.0682
0.8407
-0.51933
0.642
0.3739
3.30472
-0.9088
-2.03653
1.4461
1.742
0.07711
0.15318
1.63115
1.20503
0.55623
-2.6422
0.38997
4.02635
1.5159
-0.5169
-0.1232
-3.2956
1.11
4.6373
-3.7465
3.4536
0.73
2.8124
-0.697
-1.493255
0.54862
-0.981
-1.48
-9.61177
1.52154
-3.048
3.15932
-0.9877
4.8071
-0.38175
-0.83298
0.3224
1.33
0.94585
-0.58634
1.91
-1.03
2.093691
0.12983
1.636
0.29723
-0.26878
-1.02221
-0.101
0.0787
-0.842
-1.46
-1.5036
-0.75541
0.801
-1.3652
-1.3
-1.88728
-0.3544
-2.60194
-0.46374
-0.1978
-2.60774
-0.18986
2.2606
-2.67859
1.729264
3.14412
-0.2092
-0.84664
-1.67301
-1.3508
0.23648
-1.68116
0.30975
1.61925
2.47
6.88507
-0.419
1.49068
-0.75123
-5.70288
0.394652
-1.25
2.44252
1.4927
-1.17915
0.7924
1.3774
-0.82492
0.26159
0.659969
0.10122
-0.51062
-0.532
1.777
-1.03135
0.312
-0.788
1.316502
16.89489
0.4511
1.73874
0.06588
3.3697
0.855
-1.26563
1.08458
-0.0788
0.554
1.25978
-0.6407
3.18515
-2.38757
4.66345
NA
-3.22
-2.19
0.30745
-0.92193
-0.88361
NA
-0.175
1.81523
0.6061
-1.36566
0.55881
-0.31359
-2.03
-2.16467
3.341
2.0767
-0.1749
0.8571
1.0208
-3.37923
2.03
-1.65
8.05776
1.87
-2.23471
0.72716
1.73733
0.5118
-1.64
1.46
-0.52021
-6.13932
1.33036
-6.11
-0.26417
-2.05679
2.2354
-1.79
-0.42596
0.01488
1.37
-0.06476
1.37
0.0628
-1.95627
-2.1619
0.649
1.64
-2.26201
2.3278
-0.428
-1.0611
-2.74
1.26375
0.2044
1.07746
-0.2926
-0.7397
-0.373
-1.445193
0.0917
-2.41708
0.13885
1.44
-0.841
-0.843
1.82
2.9
-5.95597
0.896
1.26
4.2706
-0.3531
3.9
0.00767
0.48219
-0.958
-1.84
-4.56
-1.01
-2.99572
-0.8404
-1.46
0.387327
0.50104
-0.73763
-0.80357
-0.61624
0.12017
1.1242
-0.418444
2.63412
-3.65
-0.29749
0.0432
-0.887
0.10582
1.77377
1.5717
0.28875
0.8956
1.75066
-1.06343
-1.34797
1.24717
1.04267
-6.81
1.31692
1.596405
-4.34182
1.28
0.791
-0.981
-0.01026
-2.16
1.11798
-1.85
2.13587
0.37
-0.0556
3.19797
-0.59957
-0.92886
-3.56357
-0.163
1.59724
5.91847
-1.7
-0.102
-4.62182
-1.03317
0.387
-2.95821
1.317625
-1.27
1.81
0.30975
-3.26
2.11728
-0.68767
0.70451
-1.26884
-1.25899
0.0773
1.73713
2.64285
0.16993
0.26806
1.556
0.60947
1.28883
0.4987
-0.9455
-0.9163
1.57
4.12315
-1.60001
1.06698
-0.09315
-1.25
0.677
-0.392
-2.22815
0.3902
2.88382
-1.89932
NA
-2.73761
-0.232
0.74203
-0.1
-2.16666
-0.24515
0.22939
-1.5051
1.79093
-0.75409
0.175
-5.26
0.07914
0.47576
-0.3843
-0.82723
0.552893
0.946
-2.2296
1.4982
0.368
-2.55647
0.88241
1.47
-0.0388
3.31618
0.07274
-1.18
-1.644688
-1.58
0.1275
0.261
1.39
1.78313
0.689402
-2.75726
2.112
0.85794
-0.31648
-1.43508
10.4
-1.22262
6.65
0.3317
-1.5783
-1.45024
-2.422443
-0.0397
-3.97
-0.44103
-0.89413
-0.57104
-0.978
2.1891
0.613
0.418
-2.76441
5.14455
-1.95
0.531
4.79
0.80452
-0.571
-0.6313
-2.23659
0.5335
-0.84849
0.21239
2.48
3.15537
-1.39379
-11.17783
1.78097
1.01
6.44822
-4.0189
1.63918
0.870498
-0.64699
-0.76941
0.759
0.812
-0.34122
-0.04186
0.6594
-0.3173
0.29455
0.64256
0.40497
-0.5052
-0.0303
-3.6316
-1.15
1.58368
-0.799
-0.582
-2
-1.65481
4.29039
1.3523
0.242
-0.734
-0.057375
0.642
1.728932
-0.60734
2.21443
-0.9233
-0.69313
3.08
2.11487
-0.592
-1.72
-4.3633
-1.3019
-2.77024
NA
-1.07312
-3.11911
3.634
-2.2547
0.779
1.60811
4.6762
NA
2.01
0.01203
2.19197
0.41824
-2.65536
-0.3704
-1.45258
1.07
-0.256
1.1766
0.823
0.25739
-13.8
-2.75086
-5.94
-1.11726
-2.571401
2.14378
1.95
-1.18349
-0.983
-1.72
0.9185
2.26987
-3.55419
1.5674
1.65927
0.5625
-0.735
0.72783
-0.51809
3.1
1.49613
-1.8282
1.98
2.04693
-0.06817
-0.47
-1.24048
0.348
0.37861
-0.073
-2.35
0.50486
-0.89104
2.9374
-0.86
2.15979
2.12354
-1.3077
-0.859
-1.47383
0.47296
-0.256
-1.93558
1.63292
0.5326
-0.47486
1.402701
1.44
-0.233
-0.94427
-1.7857
0.30668
-1.21145
2.30643
-1.03039
-2.82585
-1.21
-0.4345
1.09095
2.09163
-3.25729
0.8142
-1.01
-2.95
-1.69956
-0.0782
-1.0604
3.44152
-1.7809
-1.04
-0.940186
0.363
1.04841
-1.83296
1.5443
-2.10105
-1.02224
-1.30037
-2.83132
-3.2346
1.57
1.43036
4.94242
0.82011
-1.23
-0.337
1.11407
1.04126
-1.3085
1.85
3.24685
NA
1.63291
1.67544
-1.789
3.7661
1.26
0.29761
1.7354
-1.27263
-0.55569
-0.4152
-1.04954
-1.93455
0.99551
0.11305
1.074993
9.88
2.48829
-1.23237
-0.15545
-0.63412
0.21774
0.66858
2.7
0.4072
1.54
3.1407
-1.6005
-0.87394
-2.47
1.73518
1.10349
-1.05
0.58096
-1.58268
-2.62
2.10976
-0.722
-2.44
-1.42119
-1.00528
-7.1646
0.37949
1.04
5.48404
-1.16
0.186
2.2648
3.55002
-2.25858
0.86828
-1.86155
0.28246
4.13989
-0.704
-4.4251
1.64439
1.26
-0.78309
-1.19416
-0.52674
-1.31673
0.542
0.92158
0.752
-0.27266
-0.5371
-1.08
3.28774
-0.07016
-0.63712
-0.453
-1.36642
0.06022
-1.49
-0.92619
-0.46464
1.4222
0.628
0.53653
0.60578
-1.51788
1.50176
-1.19
-1.93
1.2
1.2046
-0.901
0.656
0.86918
-1.75809
-3.4
-3.08
8.1103
1.49768
-0.487
1.128
-0.95431
0.92935
-2.38721
0.82998
-1.41722
-0.60107
0.18435
1.6558
-1.81544
-0.0501
-7.09
0.294
0.33883
1.63524
-1.0542
-0.85234
0.9809
4.203641
-0.37501
-2.19
0.227
-1.34632
0.80484
0.09291
-1.0113
-1.1901
-0.91499
-0.866
1.2
-0.26116
-2.0659
1.73516
-1.9
2.085527
4.63207
0.5567
1.38714
0.37329
0.552518
2.0679
-0.8446
-1.34
0.454
1.11582
2.27995
0.92954
0.38268
0.72302
-0.095
0.5769
1.08
-0.36438
2.07
0.39899
9.59373
0.847
2.04275
-2.0823
0.70629
1.38659
1.38685
1.70325
1.693304
-4.79445
-5.11729
0.83283
-2.49
-1.5215
-1.53242
1.687
-1.0523
-2.31278
2.6425
0.50039
-2.79699
-0.6172
-1.8
-3.28397
0.58
-3.03
4.4903
0.681
2.32813
-4.1899
-0.71054
1.4755
-0.75985
0.7521
1.87814
-0.98664
4.07
0.96495
3.63534
5.79
-0.21755
-1.67458
5.33203
0.40182
0.24337
1.53
-1.73
0.471
-1.45
-0.0906
-4.9052
-0.02393
0.871
1.09
-0.31522
0.6827
-0.438
-0.58678
4.5435
-0.623
-0.0041
-2.68
-1.20599
-1.6144
2.07
-1.3558
3.003784
0.48282
-0.675126
-1.539
2.25837
-4.70512
0.10024
0.96819
0.266
-0.528
1.98
-2.05536
1.4854
0.924
1.50358
-1.27
-0.648
1.32913
-0.399809
-3.3
2.78196
-1.72227
0.24646
1.65814
1.2492
-1.6
0.13389
-2.69348
0.65635
-0.0648
0.74
-3.48727
-0.93
-0.798
2.47381
1.6366
-0.78243
0.0114
1.54
0.976
0.484
0.0683
0.60366
0.06096
1.82573
1.11042
0.997
-0.809
2.69
-0.1036
0.23941
0.66908
-0.722
-2.63
-0.615
-1.95938
0.19338
-0.139
1.29
-0.22193
0.557
2.14033
1.74
0.60043
1.54
2.89146
2.55449
0.26991
NA
-0.41207
1.03971
1.7553
0.698
1.42483
1.238298
-0.04733
3.3343
-0.5159
-3.3518
2.312513
2.29393
10.24013
1.72971
3.97477
2.43695
0.03093
-2.0438
-0.35049
0.686
2.34
2.77503
-1.83595
1.69185
-0.853
-0.62432
0.15605
0.284
-0.7813
-1.14028
-0.61529
-0.78566
-2.06264
0.49382
-0.398
-0.717
-1.483409
-2.3021
-0.7517
4.14575
-4.18
4.21992
-0.363
1.36425
-0.07751
2
3.5961
3.09
-0.471
-0.40429
1.1
4.69
0.0707
-1.49897
0.14611
-3.6265
4.57
-0.15632
-4.14825
0.37252
-1.82
0.6314
-1.8331
-0.4785
2.14449
5.24784
-2.4404
-0.423
1.37
0.30428
-0.181
-1.2
1.6526
0.0934
0.5694
-0.36778
NA
0.02738
-0.40706
2.99627
-0.3071
1.2649
-0.254
1.84759
2.8146
2.09
1.86
3.34412
-0.61879
-0.82671
-1.60145
-0.372
-0.234
1.11057
NA
-1.32294
0.85976
1.30832
-1.21
0.96
0.74725
-1.130301
-0.82467
1.14
-2.67845
NA
-0.47708
-1.56295
2.06066
-1.45
-2.14328
0.818
1.5204
-2.00979
0.9623
-5.87
-0.44644
-2.51546
-2.89588
0.716
0.69042
-0.01598
-0.45093
-0.74934
-0.14409
-2.1585
-1.81
-0.52031
0.75114
-0.24781
-1.25243
0.70288
1.9
3.98648
-2.51
-0.8302
0.294
-4.27
1.16617
-2.78355
1.42719
3.10534
-1.99647
2.94
2.94389
-1.49875
-1.9409
-2.16947
-0.52127
-4.35552
1.03061
-1.45461
0.4858
1.47475
-0.288
-5.41
-2.63
1.5874
-0.567
4.63832
0.38882
-1.25379
3.15
-0.23859
0.85851
1.13036
-0.19112
0.17069
-1.2523
-2.04703
-0.1
2.00721
-3.1346
-0.74
-0.7697
-1.55
3.06551
0.35611
-1.00605
-3.20352
2.411179
-2.7749
-0.93146
-0.534
-0.25883
0.204
2.72974
-2.69
1.5627
2.93
-5.374
-0.41477
-3
-0.504
-1.0747
-1.61003
-0.78649
0.63035
-0.2444
0.33933
-1.87844
-1.85
-0.52566
-0.791
6.3305
0.45675
-1.6055
-2.55839
0.57416
0.02506
-0.29563
2.19
-1.41
2.53601
1.45547
-1.47261
-1.59
-0.65102
-3.43
-1.1468
-0.75115
1.57
-0.41492
0.492
1.79469
-1.5784
4.51
NA
-1.76249
-0.38824
3.82
2.3275
1.06625
-0.50963
1.61481
1.52
-1.14574
-0.04934
2.72724
1.11878
-0.87648
-0.75422
-1.6
NA
-0.36993
-1.91783
NA
0.85111
-0.55112
-0.4402
4.13663
4.74533
-1.32211
-1.15004
-0.5476
-1.44806
-1.9186
4.33408
1.71
1.17
-0.1207
0.99951
-0.2539
-0.04264
1.10158
-1.1632
0.6152
0.419705
2.53072
-6.77642
-2.88775
3.84507
-7.73628
-1.06
0.826
1.73425
-0.28
3.27
0.15918
0.69801
-0.0684
0.969
3.33
-0.40209
-0.16336
0.0134
-2.33611
-0.00449
-2.31081
0.12508
2.23
0.98806
0.79448
0.56963
2.11242
-0.94154
-1.24093
1.28
1.43
-0.1875
-0.14108
-0.38539
9.762
-0.102
0.76955
0.75404
1.31584
-0.35227
3.25326
-0.04586
-1.07827
0.1933
2.37465
-0.54476
1.09185
0.659
-0.07042
-6.83808
-0.3873
-1.8
NA
-0.11527
2.02868
0.177
0.573
-0.87549
0.804977
0.53304
0.76685
-1.76128
2.61487
1.11592
2.32
-2.04
-2.71555
-0.20382
3.7778
-0.51905
4.54851
-1.19465
3.1589
NA
-1.26023
-0.34528
-0.52031
1.29
1.12
-1.06627
-2.77852
0.48627
-5.32565
-0.084153
-0.73854
0.0603
2.07264
0.0772
0.80157
-0.748615
1.7385
-1.363483
-0.31842
NA
2.59
-2.39873
NA
-0.0622
-0.8034
-1.41266
-2.00527
1.37325
2.70537
-0.03087
0.555
-0.40593
-2.52345
NA
2.2339
3.55
0.41456
-0.6209
-3.7134
0.2846
-1.11778
2.48
3.88472
0.00852
0.73296
3.52825
-2.11726
-1.62301
-1.82013
-0.23578
-0.52
0.9837
-1.93546
0.721
0.29721
-0.7905
4.39715
1.93
0.49713
2.17035
1.2863
2.2809
-5.5758
0.148
2.21342
1.1262
-0.544
-0.60614
-3.56936
0.329
0.265
2.03302
4.1385
-1.50522
-2.97954
-0.0456
-2.32166
-1.91261
-0.730342
-1.11077
-1.05443
-1.5691
0.104
-0.83438
0.2012
NA
0.482
1.35
-1.10026
-0.27174
-1.6725
NA
-1.3572
-2.48
3.12317
-1.42
1.20692
1.91393
-0.96978
-0.888
-1.83
0.32418
-0.21872
-1.8
0.37457
2.67
-1.68569
-1.05515
-0.50739
-2.96
4.49677
-0.20901
-1.7233
-4.81505
-0.35492
-0.05622
1.70072
6.2952
0.9953
-0.38925
-1.58704
0.61991
-0.85784
-13.2
-0.2752
2.371343
0.55769
0.73986
-0.695
-0.86429
0.3587
-1.05
6.05704
-2.80137
-0.84574
-0.93689
-3.69
2.75692
1.26295
NA
-2.99392
-2.2963
-0.10386
-1.2907
3.26218
1.86
0.07191
4.21163
0.7773
1.6535
2.04056
-1.03487
-9.1938
-2.79
0.7976
-0.123
-0.0858
NA
-0.51485
-1.83
0.95868
0.21142
-1.19544
-0.81007
3.20856
1.13413
-1.69689
1.20802
-2.11072
-0.92565
0.7006
3.3139
0.27745
1.66782
-1.7
-1.83
0.11981
-1.55564
-4.9359
-1.46962
1.02
0.352
5.25992
-1.69
0.313
2.45945
0.59
-0.66537
-2.22
-0.819
-0.000922
-1.06
-0.23876
-0.294275
0.662
3.4388
1.38241
0.329
-4.63
0.13056
-2.52073
1.02
-0.0534
0.01846
-1.33119
-0.68251
-6.10708
0.738
-1.3122
-0.14065
-1.75
-0.849
0.76848
-0.16808
1.18388
-2.72127
-0.534
0.58767
-0.8913
-4.98
0.51
-3.02882
-0.50111
-0.3835
1.68376
-1.22
0.000397
-0.25875
2.20681
0.172
-1.61879
0.515
-1.04444
-1.75949
2.06225
0.296111
-0.63094
-0.0142
-1.46
0.0823
-0.175
0.413
-1.80139
2.09
-3.33
5.58
-0.20267
0.945
1.46506
2.43662
-0.933
0.482
0.537
-0.546
-2.22362
-1.09361
-2.85
-1.41
2.62
-0.06761
2.76221
-3.45962
-0.701
0.31199
3.54
1.32
0.419
-2.03922
-1.9566
-1.62019
0.57882
-2.02099
-2.4281
2
-0.303
0.12153
0.93219
1.29436
0.58223
-0.673
0.53
-0.60775
0.2368
0.31607
-3.90096
-3.61062
4.45
-2.13095
0.18143
-1.04533
1.72014
-1.55033
-0.21118
0.35026
5.34
1.4645
NA
NA
NA
-2.39247
NA
-1.40303
NA
NA
NA
NA
NA
NA
-5.98921
-0.18182
0.5429
NA
NA
-2.91659
NA
-0.0181
NA
-0.5083
NA
NA
NA
NA
1.3758
0.26273
NA
NA
NA
NA
NA
NA
NA
0.8891
NA
NA
NA
NA
NA
NA
NA
-5.66264
NA
-0.5608
-0.7428
-1.24029
1.37
NA
2.06669
NA
NA
NA
NA
NA
0.50267
NA
NA
-3.11219
-1.92156
NA
2.53475
-1.47344
2.92339
-0.25536
NA
NA
-0.57884
NA
1.59574
-1.54628
-1.98553
NA
0.652569
0.4236
1.888548
1.59
0.62865
-3.499365
-4.07459
-0.95636
1.9215
2.21567
-1.99307
0.86415
0.03597
2.9186
1.06
0.61166
1.02738
-2.82168
2.02658
0.55152
2.4234
-0.91658
1.84221
0.47831
1.1
3.71
0.9239
1.6
0.52825
0.90486
0.187
0.31
-0.2368
-1.68
-1.437554
-1.18147
-1.083015
0.77469
1.13775
0.70444
-1.21114
-3.25
2.615684
-0.35307
0.85439
-5.68583
-1.85
-2.78
1.46919
9.24697
-0.62283
1.12
-2.22817
0.0539
-2.59903
-0.85706
1.44501
-0.7443
2.05
-0.32681
4.18576
0.56788
0.991
0.47459
9.28175
-1.20365
-0.861
2.4714
0.26881
1.50186
-4.56182
9.20613
1.89332
0.803
0.73042
0.05383
-3.5415
1
1.21
-0.51634
-0.0754
0.31355
0.54161
0.761
-2.09644
-3.32
0.97662
1.64874
-1.46987
-0.53948
0.151
-2.38469
-1.30932
1.34
-2.03
0.45745
-0.707101
NA
NA
NA
1.18
-0.258
1.15
-0.21
-2.23
-1.3
4.40835
0.457
0.17308
-1.9151
-0.847
-4.17
1.02
-6.53
-1.25211
-1.39629
-0.33451
-1.50547
-0.56419
0.29275
0.17385
-1.96585
-0.19947
0.89877
-0.6697
1.19
0.0622
1.0681
0.90202
-0.62473
4.26
-2.98021
1.5282
0.154
1.85454
-0.49244
-0.23532
0.22743
2.69
-2.58
2.62283
2.95452
0.40948
-0.0906
-0.74208
-2.95395
1.74
0.52455
-1.36
5.41
1.39701
-0.8753
0.4102
-0.02963
-1.20113
0.97589
3.32291
-2.19
0.90755
1.61199
2.99021
4.29838
-2.68304
-2.99056
-4.51551
1.68469
0.076
0.98528
-4.47424
-0.2617
0.8929
-1.88313
-10.32126
-1.68
-1.56
2.16436
-1.50649
-2.40835
-1.89001
0.32633
0.2484
3.79
0.03956
0.58617
-1.5413
2.93
-0.11952
-2.42918
0.155
0.817
NA
-3.53
-1.9708
NA
-0.47062
-1.95941
NA
NA
-0.92971
-2.37826
-0.273
-1.61024
-2.3307
-0.86396
4.09007
-0.23032
-1.50952
-0.1738
1.17
-3.11005
0.89608
-1.79155
-0.73858
2.37639
0.55742
0.71576
0.26243
-0.528
-0.37524
-4.60682
1.7754
-0.5508
-1.42
-0.01383
-2.2079
-1.3729
0.10834
5.36973
-1.87369
-4.58194
-1.47169
1.37252
0.46129
1.54
1.12
0.48059
0.508
1.68098
-0.879
-0.104
-1.52285
1.24
2.02719
2.49394
1.19999
-1.53
-0.2761
4.60842
0.0878
-5.60489
-0.0769
2.51913
1.616
0.7484
2.81
-4.19817
3.04963
1.1639
0.65819
-3.37165
-0.86927
0.85523
3.00906
-3.19194
0.8759
3.1462
-1.35691
2.99749
-2.92858
1.6904
-0.89828
2.33789
5.88
0.35958
-2.5158
1.51223
-2.62
0.627
1.71
0.54296
-0.655
-1.40363
0.65004
-0.19516
0.35639
-1.812
NA
6.89326
-1.96039
-2.664921
0.09069
-0.529
-2.40251
0.913
0.71543
1.07
0.77332
-0.75999
-1.49
0.90544
-3.12994
1.622951
-0.5355
-0.831
0.67175
0.82176
-2.97152
-1.8662
-2.12946
0.64117
2.61469
-0.00445
0.279935
2.99121
0.36981
-0.0877
-0.50707
-0.85554
2.6948
-0.28433
-1.32488
-1.62142
-1.01
1.05
1.48
-2.29
-0.0923
-0.0406
-1.96
0.91
0.555
-3.4
0.0188
5.03912
0.36421
-1.40456
-1.0528
NA
2.32557
1.50833
0.93941
0.31493
NA
-2.47948
-0.507
-1.2631
0.94849
-1.13
-4.22
-0.87583
-0.9371
-0.7504
0.50217
1.7066
3.67
-2.10416
0.28329
-0.72386
-0.80228
2.33499
-2.111
1.17009
NA
-0.2338
-1.32437
1.88284
6.0458
0.98918
-1.88413
0.54236
-7.57862
-1.93309
-2.08319
3.48283
-1.47395
1.19
-1.807072
-4.13677
0.08374
3.41
-0.54097
-0.11909
-3.72944
-0.453463
-0.5
-2.34
0.0312
0.533
NA
-3.31527
-0.56779
1.53568
-1.74586
-1.51368
-2.14
-0.83089
-0.32
0.58805
-7.04055
-1.33
0.519
0.9276
-2.24
1.29
1.62905
-0.79563
0.99393
-1.58
-2.02678
-1.7518
-1.1
-2.48728
0.61539
-0.0367
3.25968
2.81
NA
5.13146
1.13415
2.51
-0.17544
0.04269
-0.07516
1.37236
0.39312
0.02375
2.23
0.55021
-0.30334
-1.52735
0.388
-5.27576
-1.07441
-1.72
-3.37
-0.339
-1.0414
NA
-0.25272
0.53713
1.66469
-1.69
-0.93761
1.67168
-1.15793
-0.8357
-1.45095
-4.57349
3.01552
0.771
-0.47102
0.263
3.11204
-2.43
-0.0147
-0.45098
2.81
0.84096
-0.345
-3.26
-0.10851
-1.46999
-1.44233
-0.412
-0.185
2.62208
-2.91561
-0.881
-1.33
-1.29848
-1.15
NA
-0.875
0.63165
-0.9557
-2.13581
-2.62
1.86553
2.17
-2.12293
-0.74579
-2.23
NA
-0.4889
-2.7945
-1.49399
-0.245
0.82254
1.14139
3.84215
2.5
-0.147
-0.39062
-1.9
-0.685
-1.83
-0.8803
-5.19
-2.12607
-1.1717
-11.2
0.584
-1.69217
1.64
NA
-0.74846
-2.59
-0.117
1.73684
0.34709
0.29109
1.14
0.05697
1.91
1.26
0.75439
-1.03191
-2.52758
0.01403
2.18137
0.5697
1.04
-0.581
0.7012
-3.28556
-1.29848
-1.41772
-1.31301
-0.22056
3.74
-2.34
NA
-1.3826
0.59278
3.75742
-2.95798
11.99401
0.46658
-1.65468
1.4917
3.04
-0.53582
-0.342
1.05656
1.703499
0.76185
0.514
1.52
-1.73758
-1.62
0.03706
-0.14542
3.47
1.47643
1.31159
-3.9605
0.01834
-0.28754
0.28232
1.73132
-1.51263
1.36223
-1.73566
1.64122
-0.506
-0.66341
2.08241
2.8
-1.4469
-3.04
-2.69
-2.2812
-0.17
-1.38
1.44849
0.36266
-0.09812
0.596
0.08288
1.04971
2.64
-0.981
0.19012
-0.46368
3.09714
-3.49004
-0.0565
1.6
-3.08478
-0.237
-2.55
-0.69011
2.5574
NA
0.29543
-1.5588
-0.00386
-0.28024
-1.37125
-0.675
-4.40073
1.09712
-2.87916
1.47
-0.19607
0.06535
1.96
-1.81273
-2.41
-1.30803
-0.06662
3.08765
1.1664
1.81
-1.51
1.4
1.56
2.61324
3.54208
-1.03
-1.86
1.01524
1.5117
0.17772
-2.64
2.24
0.75932
-1.23815
-0.73339
NA
0.51151
-1.74514
-0.02503
-2.00886
0.33649
1.67
-0.71039
-0.60212
-6.28
-2.3389
0.365
1.20265
0.10822
-1.25768
1.27783
1.186
-0.0225
1.82661
0.524133
4.70936
-3.87788
4.49163
-0.631
-0.03755
-0.34207
1.11545
1.54033
-0.54355
NA
-0.37583
-0.62365
-0.72156
1.79358
-2.42264
0.8424
1.62568
9.57064
2.04271
0.12241
-0.94865
1.62712
0.62491
-1.31148
-0.693
-1.36944
-0.10369
-1.06
0.50405
0.664
-2.84876
1.10415
-0.98564
0.26149
1.79046
-0.538
-1.03
-1.1046
-0.09218
1.01882
0.401
0.75644
14.31552
1.05
0.202
0.61163
2.28307
0.20389
NA
-1.9876
-1.09437
-0.0986
NA
1.21951
-1.4515
-0.11803
-0.58559
-1.63746
-0.23797
1.82319
-0.0292
0.501
-5.47275
0.86091
-5.56028
0.92208
-0.05919
2.01347
-0.7867
-1.38584
1.52716
NA
2.28
2.9607
2.71199
-3.55686
-0.7556
1
-1.0454
-0.4923
2.71759
0.899
0.189
-0.462
0.47551
-1.58
-3.86744
0.3542
-1.38667
0.736
0.57912
2.42145
2.043612
0.46068
NA
-1.20715
-0.617
0.07571
0.86
4.42722
3.39407
-0.39014
-1.51981
NA
-0.58991
-0.00908
-0.20906
0.3997
1.1853
0.826
0.0178
NA
-0.608
-1.62656
2.59
0.5
-1.7609
0.7609
-2.77208
-0.903
1.6475
1.14
2.44
-0.434
1.51
1.44
-1.71
0.59966
3.55618
-2.97274
-0.782
-0.75582
4.51214
-5.88991
1.79514
-1.85206
0.764
-1.902
-0.20875
-0.89792
0.57352
0.799
0.106444
1.99
2.07197
1.46032
-1.38164
0.49841
0.77448
-1.04
3.03597
-6.41141
-0.08915
-0.383
4.28
-0.78179
0.21584
0.36675
1.41445
1.13535
2.23701
-0.8052
NA
-0.48672
-1.3
-0.48511
NA
-0.60137
-0.57278
4.05594
-0.16568
1.35262
1.7311
-2.7839
1.03825
-2.08317
0.881
NA
-3.05281
0.63423
0.45109
2.93345
-1.88922
0.709
-1.60012
1.37009
-2.03195
-0.16402
0.96526
1.11481
-3.52
-1.54257
-0.8737
-1.11
2.3628
1.51532
-1.79716
-0.43295
3.06133
0.76993
-1.22961
-0.2806
0.17707
-0.6863
-0.4524
0.7446
-3.15
NA
0.27
0.757
-2.69175
-1.63899
0.64507
2.29
3.03
-2.54573
-1.8051
-0.85826
1.94262
-3.29344
-0.37048
-1.2445
0.701
-0.09673
-1.71
1.56046
0.42212
0.16654
1.30547
1.73286
-0.98083
-2.54728
-1.2542
-2.36
0.07851
-0.36814
1.47458
2.18302
-3.75032
0.25149
-2.31931
-0.23993
0.77383
-1.25198
-1.21837
4.16
-2.39
0.92353
-5.88628
-0.1576
-0.75163
-0.53
0.83368
2.05242
0.51489
-2.62
-1.61908
-1.28334
0.471
-2.12
-1.23822
-0.2817
1.50152
-0.45907
0.26092
3.57
0.04704
1.07143
3.19947
NA
-1.79863
2.49886
2.9
1.03
-1.30726
0.63557
0.07375
-0.2925
NA
-1.03
0.74987
-5.63
-0.843
0.15861
-0.50169
NA
-0.4809
-2.41692
1.75747
-0.19891
-1.5451
-3.20457
1.9795
0.48216
1.86
0.97361
0.6538
1.45838
-0.3063
-1.91819
0.617
-3.94931
4.17339
5.74217
NA
-0.38383
0.17674
0.74784
0.38112
1.90958
-0.5553
-1.27099
-1.9846
-0.95438
0.831
2.18
-1.36319
-2.43
-3.51497
0.5695
0.45946
1.3627
0.313
-0.105
NA
-1.77027
-0.13215
-0.97083
NA
-0.02298
23.15642
-2.1042
0.05612
0.658
1.11438
0.83044
-1.09959
-1.82
0.46224
-0.5851
NA
-3.44
-0.9193
4.51554
-1.28
0.6521
1.56
NA
-1.45193
-2.7891
0.693
-2.54
0.278
1.05
-1.65394
-2.49
0.841
2.06
5.15174
NA
-3.59
1.35858
-5.70105
-1.01
3.45
-1.12323
-0.03457
-4.16
6.28546
-0.47439
-1.21559
-1.06785
-1.61511
-0.50242
-3.52
1.62
2.55905
2.7375
1.31411
0.0694
-1.1559
-2.3591
0.64248
-6.14156
0.01664
NA
3.60305
-0.367
0.7574
0.793
1.1593
0.25425
NA
-3.1363
0.5996
2.26055
0.63137
-0.796
-0.072
-0.62757
-0.84095
0.358
NA
-1.11218
-2.39618
-0.678
-3.97385
0.106
1.98913
1.07757
-2.37
-1.47231
-1.26149
NA
0.56545
-1.1969
-2.5741
2.58
-0.1272
-0.43271
1.0063
4.52718
-0.511
-1.7281
0.842
-2.07
-2.22425
1.42607
-1.47497
-3.21488
NA
-2.223464
-1.46539
0.99
-1.99
NA
-1.00152
6.6706
0.20938
-1.04446
0.93415
-1.05929
0.0486
1.50418
0.2922
-1.17
4.635
-1.01
1.34148
1.57
-0.74381
0.4419
-1.71727
-2.05
-3.55234
9.66836
-0.80186
-3.82887
1.8983
-0.08977
3.76118
1.31411
8.85878
0.54
-3.5754
0.428
-0.0439
1.07209
-0.0619
1.12
1.57131
-0.191
1.94176
-1.1099
-3.6
-2.95646
-1.996888
2.33679
-6.77
0.123
-2.60573
1.67992
1.35609
-0.51151
3.8696
-0.038
-1.60948
-5.44222
0.64889
-1.64
-0.282768
-1.95115
-1.90348
-0.00669
-2.08
-3.95118
2.22
-1.53241
3.95917
-2.95826
-1.27
1.23
0.86567
3.30988
-0.4215
2.40846
-1.45
-3.42
-0.75847
1.43
-0.09698
0.42812
-1.11031
-7.08
2.22
-0.999835
0.478
0.30713
2.22
-0.5901
-1.3646
0.11332
-1.72655
0.07555
-1.66859
2.23898
-0.97293
4.09986
-0.90355
-0.77674
-0.84658
2.22755
-2.29013
0.0781
NA
0.01951
-0.51571
4.37493
-3.27
-1.5591
0.29135
-0.61787
0.759
-2.03663
-0.88133
0.52066
-0.55927
0.15815
-4.13651
1.54494
-4.57712
-3.27
1.09257
1.49078
NA
-0.0337
-1.92538
0.41197
-0.253
0.928
0.03736
0.16147
2.221
0.298
0.41682
0.99567
0.23726
1.05672
0.249
1.93
2.48634
-5.52011
1.61765
0.72976
0.36855
0.0257
-4.4868
0.0254
-1.36392
1.64703
1.56208
2.9655
3.87963
0.25338
NA
3.73499
-1.5216
1.96026
-5.48714
1.32633
21.4
-0.22354
-1.24
0.11643
1.53836
-0.29405
1.05642
-0.58626
2.16411
1.54
-1.82
NA
1.3747
1.10013
0.41393
-0.31
-2.72127
-3.48906
0.36126
-0.9222
1.62386
-3.17373
-1.07319
-2.17188
-0.34857
-0.82283
-0.27551
-0.65998
-0.19638
-0.62151
-1.4143
-1.42082
-0.33834
0.822
0.99721
-0.16283
1.09687
0.617
-0.24354
-1.47
-1.55506
-1.69947
NA
1.92614
1.72251
2.91788
1.27
-2.31378
1.12384
1.21024
NA
-1.58
0.72069
-1.23
-0.1841
NA
-1.3
-0.15376
-0.14286
1.33924
0.33021
-0.00938
-1.43318
-0.96535
5.09702
-4.02159
-9.05
0.50456
-1.92105
-1.01029
2.93425
-2.31178
0.533
1.48256
0.47909
0.88401
0.57089
0.0933
-0.08814
-0.5958
0.96
1.68895
2.94688
-0.239
NA
-0.19679
3.6019
-1.44316
-0.55436
1.6424
0.579
2.73
2.1912
-0.64235
1.34732
1.4126
-1.30973
-3.25463
0.49401
-0.3538
-0.994
2.5802
-0.62437
-0.38025
3.37459
0.69479
0.676
-1.98669
-0.68113
0.4334
0.66827
-0.42057
0.205
-7.47
-2.28719
2.0231
1.25928
0.61993
-0.948
-0.12419
1.17202
-0.475
0.4745
0.559
0.21726
-3.94845
-2.09359
11.5
-1.02
-1.33
0.93271
1.09155
1.40171
2.25284
-0.96812
-0.32069
-0.52387
-0.23811
-0.94458
0.0159
-0.3257
0.74771
0.70868
-1.0426
-1.2655
-3.94
1.78525
-3.78594
-2.3456
2.31
-3.30612
1.59993
-1.12626
3.24951
0.43623
1.26
-0.796849
-0.3156
-0.309
-0.07946
-0.88993
0.548
-1.57447
0.10984
-1.92
1.58583
-0.9364
0.777093
-2.3
0.415
-0.355
0.607
0.32252
1.33375
0.85094
0.38807
1.79933
1.4825
0.91202
-7.81346
0.20778
-3.3517
-0.959
-0.0802
-5.69451
0.65
1.65731
-0.40217
-0.3077
0.57019
2.5
-0.11107
-0.99363
0.82396
2.89228
NA
0.22351
1.85735
0.3055
-2.69
-2.78895
-3.25564
-1.18411
-0.4945
NA
-2.77
-0.11492
-1.30268
1.2493
-1.4319
-1.46137
2.59628
0.233
0.79413
0.22504
-3.96532
-1.67151
-0.12288
-0.64822
1.18911
-0.78885
2.11989
0.763
0.78447
0.26
1.2344
0.51159
0.51011
0.164
2.44716
-0.97166
0.08853
-1.67
-0.24554
0.907
-4.71313
-1.84
-3.64125
-0.99
3.02383
-0.401
-0.769
-1.27249
0.30189
-0.43
0.37548
0.61146
0.49969
-0.657
-1.54
-0.634
0.221
-0.772
-1.19
2.275712
-1.3254
NA
-1.4374
0.6238
0.94327
1.85
0.84118
0.15
-1.59787
-3.68
1.21735
-0.162
-1.56327
-0.244
-0.325
-2.57
-5.12914
0.23
-0.69716
2.95
-0.6819
1.35672
-0.74921
1.04
0.77119
NA
1.24548
-3.18067
-1.58064
2.04153
8.43235
-0.233
-1.48
1.92
0.66104
-1.718923
-0.26455
-0.838
0.11364
-1.46323
-0.85125
-0.55021
1.62
0.84975
-2.6191
-0.466
1.59
-0.179
-1.26785
NA
-1.61
NA
0.398
-0.28137
-0.751
0.02712
-1.13
-2.34
1.85188
-1.70251
-3.99173
0.110459
-4.07
2.65212
-0.783
0.266
1.23735
5.74488
2.36
0.84957
3.59566
1.30691
-0.83
-2.06
-0.20389
0.144
-0.48084
-0.866
-2.08445
-0.2694
-1.70709
-1.22802
-0.38796
1.04451
-0.08715
NA
3.3296
-4
-1.74
-1.74
-0.1937
-2.84745
-0.967
1.46
-2.32
-0.15015
1.84348
1.61368
-0.27729
0.09403
0.851257
0.0304
5.54519
-0.74
-0.08982
0.67645
-1.33
-0.84057
0.8958
-0.311
NA
1.66
-0.408
0.412
1.13
-0.357
1.67657
0.656
-1.37
0.40915
2.18
-0.966
-0.94191
0.56444
-4.95257
0.28875
0.01922
-3.25421
2.48575
1.33494
0.39158
-1.0538
-3.0202
-1.17
-0.126
-0.072
0.81818
-1.24892
-1.37
1.90397
-2.5
4.23776
-0.58596
-0.367
0.00619
-1.82004
5.8513
-0.923
-0.219
1.2382
-0.9355
0.35
1.0257
-0.563
-1.2875
1.03
-2.12546
0.6073
-1.41
-0.67667
5.991
-0.65344
2.47186
-1.14875
1.72
0.46699
1.2
-2.80235
1.22
-0.311
-0.80697
-3.09588
-3.1892
0.5581
1.44099
-1.94
1.03
-1.3156
3.29357
-2.91319
-1.3754
-0.14395
1.00705
-0.973
0.1804
0.77648
-1.85334
-1.22864
0.443
2.14475
-4.32
-1.73091
-0.04633
-0.62972
1.07
-1.58
-2.213
5.49311
-1.30575
0.23001
5.9667
0.338
0.214
-2.15387
0.5474
1.10148
-0.72003
NA
-0.21147
3.89442
2.05888
1.4
0.871
-2.32699
2.62
-1.07
-0.632
-3.8992
NA
2.77759
1.61
2.20175
1.36672
1.35975
-0.94799
0.432
0.59185
-0.44
2.02563
0.849
NA
0.58643
-2.114009
-0.65001
1.32892
-0.404
1.83
2.07524
-0.46889
-1.94
-2.03018
1.62568
-0.64612
6.41
-2.06
-0.62
0.753
0.66091
-0.25742
0.45823
-1.30536
-0.10765
2.04448
-1.60171
-0.0918
-1.57
3.02557
-0.07357
-1.42
0.19393
-0.156
-0.24441
NA
-1.30263
-1.34819
-1.54317
2.66232
0.1315
-2.65
-2.124716
-3.344245
2.1789
-1.84073
-0.0694
-1.58809
-3.288804
0.4633
1.77599
0.2557
-1.7993
2.92263
1.2752
0.96756
0.686
-1.7
-4.3512
0.78068
-0.514
0.8524
0.49884
1.17384
5.12529
0.249135
2.95296
1.15
-2.1415
0.640251
-0.88502
-1.2955
1.0271
2.0914
1.8953
-1.76
-0.615
-3.45749
1.48
-0.349
2.201464
2.0292
-1.64538
-2.99212
1.64153
1.162998
-2.39
0.102
0.154
2.930196
0.43121
3.57911
2.35
0.32012
-0.54657
-3.8447
-0.0315
0.449
0.1266
-0.036331
7.79
-0.10797
-0.52679
-0.3663
-1.0288
5.9311
-1.71552
-0.84251
0.25489
-3.6764
4.07
1.2
-1.45
-1.5494
1.89884
0.77741
-0.98504
-0.57711
-0.169
-3.7673
0.91415
1.433506
0.49422
0.94495
-0.10864
-0.0057
-0.0374
6.22331
4.15
0.37275
0.18855
NA
-0.29372
1.50506
-2.47183
-2.77019
-2.55741
1.11416
-0.97923
-0.23572
0.0722
1.63015
1.74518
1.01
1.96841
-0.24512
-0.592315
1.56856
0.914
-0.01931
1.92493
-1.18
0.68894
-2.84057
0.0986
0.903868
-1.74642
-1.6973
-0.59941
0.90019
0.303
-0.01011
-0.786003
1.00105
-1.4264
-1.15771
-1.59926
-4.42
-3.58433
0.16504
-1.50085
-2.70533
-0.57485
2.28643
-0.14633
0.09386
-0.93367
-1.80897
2.30226
0.61727
-0.22691
-4.04397
-0.76461
-3.078742
0.4657
3.20886
-0.6598
-0.2717
-0.1014
1.46394
1.3592
0.63281
0.12428
-0.0661
-0.7202
0.70932
1.73054
-2.0923
-0.09759
-0.784
-0.01518
-0.30567
1.37
-1.41899
-0.5132
-0.02797
-0.26626
0.12457
-1.84
-1.79077
-1.52879
-0.81165
-1.37251
-0.90949
0.80295
5.9493
-0.199
0.9474
-0.5294
1.15207
1.78
-2.25768
1.2257
-1.025506
-15.84637
2.06268
1.60273
-0.157
-0.53837
-0.81081
-1.16553
-0.07234
1.08182
-1.1143
0.90782
-9.6
-1.58414
2.22135
0.821
-0.31268
-1.52615
5.48906
-0.54052
0.95923
-1.04
0.7223
-0.54338
0.8082
1.77727
0.54536
1.59349
2.00885
0.60216
-1.82934
-0.29051
-1.10559
-3.309
1.2162
0.63365
-3.85979
-1.48447
0.1801
0.38113
-5.14338
0.0999
0.731
NA
0.75902
2.96942
0.362433
-1.79768
2.00122
-2.40562
-0.284
-1.38824
4.60526
-1.85842
1.53695
-0.3801
0.79203
1.44
-1.7536
-0.23809
1.84
0.98838
-1.30916
0.1335
-2.62
-0.82664
NA
0.7
1.34644
0.1392
1.29891
0.2187
-1.23995
-0.084081
6.49354
0.98384
-0.38305
-2.54042
0.14168
0.029371
0.911
-0.4476
0.78856
-1.18296
0.06727
-0.188
-1.73
-2.19933
0.41807
1.00344
1.81571
-0.16487
-5.383499
-0.12766
-0.15321
1.8006
-0.68003
-0.186
-1.07059
0.10772
-3
-2.90121
-0.60362
-1.22649
-0.31691
-0.8448
-0.93982
-3.05899
0.10479
-1.10614
-4.20297
0.02156
-0.08766
0.52437
-2.29366
0.885
2.5754
5.67898
0.87231
0.07154
2.6222
2.30318
-1.099337
-0.43388
-2.77
-5.338032
1.020537
0.189508
-2.1193
-0.90372
2.531508
-0.47464
2.247701
-1.14909
1.34612
-0.0744
0.03152
5.68201
0.88
-1.02183
-1.67
2.666143
0.3891
0.695411
0.59304
-0.414731
-0.197898
-0.858928
-0.591133
-1.09959
-3.001
-3.36683
1.43
-0.336452
-2.65783
-1.453277
-0.88164
0.562885
-1.399831
-1.105255
0.83532
-2.366418
-0.350369
0.7734
-1.840801
-3.2645
-1.35
-1.177004
-1.165
-0.402912
-0.26773
0.5483
-2.59977
-2.440718
-2.35583
0.679133
-3.644708
0.67173
-1.57577
-2.343846
-0.374209
3.97911
-1.1031
-1.058976
-2.19662
0.344788
0.25813
-2.2608
0.058052
-0.116454
-1.6521
-0.25965
-0.553528
0.877749
0.561218
4.158339
0.715531
1.649135
1.354038
-0.687977
-2.82431
-0.814813
0.1862
-1.734739
-0.205001
1.60633
-0.037936
2.259675
19.343292
-0.13741
-5.83343
-0.90375
-0.77739
1.5627
-2.3655
1.9592
4.3036
-0.2897
-0.0243
-1.8416
1.6349
0.3317
-0.242
0.5071
1.12091
-4.6337
-3.29428
-1.3651
0.144399
0.10373
-3.971
1.12041
-0.3949
-1.372
-2.2149
-0.522
-0.6204
2.23145
-1.4047
-0.927
0.632518
-2.674
-0.571
1.24439
1.2555
-4.6047
-1.702359
0.9864
2.2291
0.0949
-0.9251
-1.955
0.48438
1.8219
-0.860946
-2.0202
-0.3976
1.6499
-0.29192
-1.38155
1.23
-0.7815
0.315
0.0222
-1.4959
-0.655168
-2.0565
-2.2276
-1.4926
-1.915377
-4.86
-0.3365
0.7425
0.094824
1.674752
0.3245
-1.8248
1.1051
-2.466
-1.1057
1.0039
0.2406
-0.7616
2.07
-0.979
-1.9673
-0.539
-1.249615
5.3336
1.8919
-3.6732
-0.3472
-3.2246
-2.6538
0.2762
-0.7217
-0.0592
-0.698681
-0.533
-2.4901
1.7627
0.2356
1.6846
-0.2774
0.1378
1.8625
0.582
0.3037
-2.96547
-3.0744
-1.12
0.152
-1.66
-2.51682
-0.7288
1.359
-0.222698
3.7994
-2.39494
-2.41
-0.951
1.89087
0.86536
-1.01
1.95
0.446
-1.0772
2.58
2.64889
-21.3
-0.931
0.162
-0.523
-2.3292
0.75
0.74341
-0.88
1.25149
1.87
1.67
-0.0634
-1.04072
-4.2965
-0.64514
-1.67564
-1.61546
-1.65
1.46874
-3.6289
0.756
-0.45514
-0.29952
2.3372
-0.0996
-0.287
0.537
0.0269
-0.0324
1.7315
0.264
-0.185
0.358
-2.62
-0.519
3.64
1.16
-3.78
-0.984
0.10262
1.9405
-0.663
-1.1499
-0.9735
0.00876
0.09444
1.0761
-3.38
-0.0268
0.0187
-0.764
-1.10657
-1.01
0.99413
-2.747
0.84969
0.3737
2.6182
-1.67
0.873
0.23851
-0.521
0.6851
3.09
-1.18
4.3
-0.639
-1.08
0.783
2.36
-1.41464
-3.65
-2.45
0.47026
-0.737
-0.34344
0.905
0.70226
-1.53
-0.875
-1.22
-0.288
-1.68
2.42
1.39956
1.94
-1.26072
-0.23
0.339
0.633
-0.09944
-0.253
0.819
0.422
0.0812
-0.735
-0.369
-0.61432
-0.56
-2.87
0.614
0.05762
-1.17
-5.04256
1.28
-2.49
1.57
1.41
-1.39
0.233
0.526
0.827
0.664
1.35
0.418
0.45235
-10.4
4.17
1.91422
-2.9243
-2.25
2
-8.79
1.86666
-3.98279
1.37231
-0.02181
1.64769
0.6037
1.02861
2.29979
1.9835
-0.15887
0.3497
0.9144
-2.6625
0.39354
0.2209
-1.65392
1.68773
0.2913
-1.35949
0.52633
-1.57295
-0.63506
-0.12485
-2.1081
0.4775
-0.52137
-0.8948
0.84135
-0.32346
0.59156
0.1577
-0.55506
0.07667
-0.5397
0.0915
2.35164
2.11802
1.39469
3.16
-0.1748
1.0883
-0.43774
0.1955
-0.67739
0.79467
0.171
2.69604
0.06391
-0.3312
-1.78967
0.99571
-0.72586
0.62286
2.76744
0.97795
-0.38782
-2.73072
-0.70882
0.34807
0.2517
-2.23883
0.82853
-0.09886
-1.18337
-1.6667
0.64297
0.136
-0.84848
5.20593
-1.22581
0.76866
-0.01661
-0.88943
8.59509
-1.67432
-0.20573
1.5087
-1.23707
-0.08204
1.4978
0.22039
0.24484
3.84853
0.78301
-2.101933
-3.00875
-0.41707
1.77112
1.23041
2.83504
3.24144
0.01751
-0.68943
-0.03953
-2.44077
-0.27484
2.37234
2.30625
-1.304
-2.12377
-1.58327
1.7104
0.47432
-2.7866
0.94368
-0.34439
1.00194
0.42304
2.18486
2.00064
1.59404
-0.43314
-1.71826
-3.29013
0.18356
-2.29413
1.53451
-1.7568
-0.50467
-1.28458
0.17913
3.01892
-1.19834
-4.59022
1.15133
2.25301
1.99271
0.43206
0.60116
1.85684
-7.18768
2.97725
-1.40419
0.445
-1.59796
0.347
6.25
-0.259
-2.725334
-1.71
-0.529
3.3979
-0.45458
0.551
-2.08318
1.6
1.2015
1.9
-0.951801
-1.93557
0.49355
-1.24
-2.40655
-1.04529
0.666
-3.31892
-2.56
0.544
-1.25
1.34
2.97
-0.287
-0.6629
-1.05067
0.303
0.61956
0.4395
0.20526
1.77249
-1.4761
-5.42
-0.555
2.41524
-12.2
2.36
0.41434
-0.203
-0.972
1.36
0.33082
7.81
1.07
0.98907
-0.7916
-0.43434
2.31
0.936
-2.74
-1.2
0.735
10.9
-0.23918
1.4135
-14.6
-4.74805
0.0539
-0.432
0.061
-2.47
1.57
2.17219
1.27
-1.25936
-1.07
-4.9444
3.99
-0.0906
-3.04719
-0.332
0.490242
0.97909
-0.48771
-1.175
-1.53725
1.21
-1.4891
-0.9718
-0.678
2.463462
0.75639
1.20053
0.872
2.07387
-0.052
-0.23243
-1.65
-0.7113
-3.685186
1.04
2.25
NA
0.745
1.35
-1.80389
0.27253
-1.055876
0.658
0.23
2.27
-1.25369
-0.966343
-0.01501
0.27447
-1.2
-3.25822
2.44
2.64
1.2227
-1.96277
-3.06518
-1.99
0.0506
1.31
3.12471
-1.25855
-0.393398
0.59431
2.97
-4.95
-0.73256
1.61
-0.527
-0.23607
-0.932
2.36232
3.44
2.08
4.23317
-0.0135
1.8
-2.3
3.4584
2.19494
-3.8
0.698
0.442
0.513
-2.4707
3.33618
1.36092
1.0905
5.11
1
-0.64683
-0.814
-0.0831
-3.00409
-1.7
-0.7822
-1.51
-1.66364
1.93809
-2.05583
0.25963
-13.9964
-5.61
-0.11387
0.61477
4.34063
2.252346
0.14684
0.63432
-0.836
0.422
2.4
2.40294
-0.0463
0.6159
-0.1885
0.0727
-0.44563
-2.4
-2.1846
-2.86
-3.47
1.55
-0.368
1.51762
-3.00237
0.253
0.46158
-1.03
1.67
-1.24
-1.23
-0.86141
0.34618
-0.0265
1.35
-0.20673
-0.77
1.53
-0.7418
-0.9486
0.791
-1.04491
-1.41667
4.18
2.48
-0.68334
2.85989
0.3568
0.39263
3.01978
4.21555
0.979
-0.509112
-2.83
-0.04378
0.61956
0.36315
-2.47721
2.66455
-1.22
-1.35
-1.05
-2.27284
-0.384
2.14012
1.07
-1.46
-0.43791
NA
-4.34465
-1.1019
-2.34
-0.21022
-1.13
-0.61783
-0.1045
2.79841
-1.1954
-3.42
0.10522
0.168242
0.91473
-2.789465
-1.01
0.44
-0.254
1.24
-1.04838
0.0969
-0.21694
-2.22
-2.51
1.02657
0.10271
0.671
1.21087
-0.563
-1.34
0.32276
2.90999
7.68953
1.36
-0.22807
0.85118
-0.89719
-0.759
-1.57291
1.63191
0.37707
-0.13425
-2.99719
0.989
1.17967
1.44261
-1.75
0.33753
0.3764
-3.47
-2.42367
5.87
2.96551
4.64723
-1.62
1.29
1.63
-2.7
0.0981
-1.34517
-4.60087
-4.68791
1.3018
2.51
-1.75352
2.83443
-1.97
0.395
0.613
0.2703
2.31136
-0.75854
-0.98307
4.63831
-1.10823
0.05693
-2.1673
-0.972
-0.154
7.53991
-1.33445
1.44
-1.2
-1.27091
-1.38676
-0.676
-1.01301
0.984
1.4028
NA
0.44029
0.7345
-1.1914
-1.0935
3.26
-2.65023
1.36485
0.29544
0.64488
2.6199
1.990389
-2.3256
1.8308
0.5841
0.0793
0.901
0.22709
1.8177
0.7105
1.25
0.00944
0.776
1.57943
0.191
0.04012
-0.82993
-3.05965
1.14186
-3.60132
1.06144
-0.62732
-2.27501
0.51735
-1.7457
4.61938
-0.983
0.146
1.402737
-0.78523
-0.608
2.53468
1.7313
-0.50595
-1.44352
-2.0412
-0.56123
-0.3
-0.18157
-0.049
-5.23415
-1.6364
-3.25066
2.04725
0.4649
-0.07228
1.37
0.47483
-0.4632
0.79639
-0.898
0.55967
0.62427
-1.72739
0.7973
0.0775
0.3465
-0.4588
0.41572
-0.05587
-1.12207
0.799
3.25078
-4.3132
0.1631
-0.1681
-0.44121
-1.63857
-0.41267
0.2304
-2.3158
0.5083
-1.45896
-0.6379
2.13155
3.08
-0.94087
0.3694
2.3211
-0.11506
-1.2818
0.0714
0.51376
2.42396
0.68674
0.0897
-0.3965
-4.91
-1.6059
1.39875
1.6362
-1.74618
-1.16277
-0.496
1.7858
-0.97172
-1.61477
0.6595
-1.65739
-0.7314
-0.43441
-0.24966
-2.18794
2.23355
-1.70734
-1.3006
-0.73989
2.34209
-1.04807
-3.29
0.4549
0.84014
-2.61145
2.1908
3.9165
-2.0483
4.84067
-0.35999
-1.18
1.25
1.5351
4.10689
4.94749
2.58574
1.8524
1.6567
-0.69008
-0.9573
-0.94533
1.2549
-3.80031
-0.65176
0.07439
0.3645
-3.72585
2.0811
-0.58397
-2.4142
-2.48717
2.19329
2.7482
0.46854
-0.02509
0.44866
-0.72879
-1.09
1.99166
-1.4409
-0.30492
2.1338
3.36606
0.73386
0.25362
-1.37825
-0.10906
-6.8008
-0.5302
-1.5327
-5.30733
-1.78469
1.41643
-0.25683
-1.45731
-0.76235
-1.22581
-2.56162
1.69908
-0.78877
-2.29569
2.00869
1.89425
0.62499
0.4829
1.79335
0.74125
2.15326
0.14149
-1.0366
-0.81422
-4.00757
0.0802
0.05117
-0.95838
0.0438
-0.98443
2.39785
1.4438
1.52755
-0.2715
-0.21327
-1.003
-2.56948
1.05294
1.18093
2.62415
-0.76403
2.61338
1.65477
-2.3
0.84286
0.12066
-1.86521
1.56047
-1.71418
0.5792
0.68269
-0.24338
0.08929
0.04608
2.09951
-0.54209
2.37285
-3.77
0.394
-4.8339
3.53
-1.83666
-1.47505
-3.83859
-1.62717
-0.33838
1.36697
-2.51021
0.18575
1.06861
-4.37
-1.99493
0.33407
0.30385
-3.44829
1.67232
-0.87374
-1.5394
-0.08479
0.63661
-0.492
1.04606
-0.42048
1.28536
-0.95627
0.22223
-1.65247
3.44724
-0.03524
13.65024
-0.46249
0.92645
0.805
-0.56623
0.123
-0.02684
-1.95873
0.72376
-0.61628
1.00593
-0.2648
4.57254
-1.03919
-0.6965
0.82934
2.65712
2.79435
-0.35781
NA
-1.38641
0.01284
2.28816
1.02067
-1.6235
-1.68173
0.8778
0.94973
-1.82588
-0.15829
-3.46859
-1.98
1.92896
0.123
-3.83
0.29242
-2.80031
-0.0859
-4.30524
-0.81623
-1.96
0.58977
-0.70315
1.19678
-0.55053
-0.14185
2.44537
-0.76985
-1.62113
-1.96177
1.84508
-1.05
-0.344
0.48015
-1.73
-0.257241
-0.794
-1.147465
-1.75
2.55
4.51287
3.92054
-3.27782
-2.36444
0.7415
-1.92
-0.73828
1.64
-0.701
5.07
3.6
0.66313
0.40693
-0.51616
1.02078
2.60738
2.5
-0.0172
-8.9
-2.11
1.7895
-0.479
1.9133
-2.78
-1.63899
-0.0694
0.78167
1.12
2.4
0.195
-3.89105
1.37
-1.29267
-0.77288
-1.00267
0.80652
0.30172
0.96484
-1.88
0.646
1.15303
1.8445
-3.63588
0.285
-0.7972
-0.6316
1.22314
-0.53676
-0.44372
0.78052
-1.09729
-0.691
0.933
0.661
-0.10072
-0.178
-0.17332
-1.81
3.11207
-1.93789
1.43653
4.06173
-1.7262
NA
1.09
0.24683
0.468
1.03198
3.44458
0.6202
-0.99529
1.04725
-0.225
1.49365
1.65035
2.24
-0.75461
0.38301
1.259725
1.92421
-1.90571
1.22
2.1714
-0.40255
2.183
1.09134
-2.06712
1.38
1.62155
-2.4892
-0.9832
0.36197
0.21071
2.00729
-2.04802
-0.12115
1.65828
0.829509
0.22369
-2.04913
2.09365
1.77725
-1.1117
-0.854
-0.47115
0.1701
-0.77
1.61206
2.10302
2.89
-0.0557
-0.42
1.31511
-0.16436
0.40184
0.0186
-1.00564
-0.392
-3.43556
-0.88253
0.76165
-0.765
-1.04
-1.43588
-4
-0.986
0.36808
-0.570616
3.6521
1.99178
-1.1852
-2.36305
-3.14406
-0.02521
-0.66418
-1.29
-0.94748
0.47411
-1.050461
-1.69038
-0.26697
-1.7225
0.275794
1.59397
-1.17293
-0.699
0.61646
-3.07504
0.3138
2.59031
-3.75
0.76334
0.192
-1.007073
3.26544
1.636638
1.54
-0.68047
0.5974
-1.07513
-0.71504
1.34866
1.7
0.234
0.85611
-0.53568
1.34459
0.462259
1.84
0.324817
-3.23644
-2.68131
-0.07972
1.6
3.19
1.15
0.121
1.72
0.88126
-0.398
0.15809
-2.25256
-2.21
4.98877
1.38116
0.06364
-0.263416
-0.47441
-0.175
0.69631
-0.6772
-0.719
-1.51
0.47
0.323
-1.39814
5.047093
-0.18
0.87791
-2.729082
0.426
-0.29241
1.403841
1.59
-1.22
NA
-0.373
0.188
-0.483916
1.01
-0.853
-2.04602
-0.16376
-0.000618
NA
-2.09233
0.564
0.1889
4.55822
-1.8384
0.72801
3.477311
-0.40381
1.83059
-0.956595
-1.25914
1.52
-1.68541
4.4
0.777
-0.165328
1.68397
-0.614961
1.28988
4.48
-1.45063
0.443
-1.46
-2.62785
-1.03234
0.48364
NA
2.16019
-1.114115
0.09962
0.531
NA
-1.36606
-4.44
0.46722
1.53082
0.09955
-0.70752
-1.7561
1.29724
-1.3732
-1.65757
-1.05
0.36653
2.87
2.1767
1.78
-1.35995
-1.04935
-1.08285
-0.88923
-0.53123
-0.342
0.567
-0.161
1.42307
-3.68127
-0.964
-2.24138
-0.0869
0.25688
-0.172
0.79672
-1.00721
-0.189
-0.96353
0.42659
4.15
-0.117
-0.34016
0.79978
-0.17947
0.99043
-1.22772
1.41578
-0.696
-1.06248
-0.55664
NA
0.057466
1.9028
1.02
0.09953
4.22
1.16937
0.17355
0.33177
1.81
-2.21
1.9913
0.23335
0.73382
1.92055
0.43232
-1.43
-4.5202
-0.30652
1.97233
0.465
-1.61577
0.59476
-1.1722
-4.9869
-2.07042
3.30864
0.68598
0.93
-0.10439
-0.88453
-1.11322
1.7891
3.9484
-1.02
0.555
-0.88076
0.698
4.58874
-3.18966
1.18
-2.01
0.50007
-1.61
0.00911
-2.21888
0.27436
-1.29
1.91028
-3.09708
1.04094
-1.2709
-0.05603
-2.55
0.92787
0.00426
-1.7
-2.16677
-1.64037
-1.13186
-4.8579
-1.56779
0.18573
1.01229
-0.42744
-0.535
2.53
0.791
2.74505
1.09737
1.59493
2.28624
0.91218
0.33606
-1.99776
-0.16365
1.09768
3.68
2.27779
-1.05
-0.51091
2.20673
-0.732
3.65517
-0.91176
-1.29801
-0.24712
-2.27013
-0.76297
-2.06106
-0.50327
-2.56276
2.80525
-0.30746
0.77658
-0.55589
0.08171
0.9065
-0.33345
0.9677
-0.0667
3.0284
-2.05155
0.34902
0.367
-0.00512
0.35755
-0.3581
-0.03617
0.46298
-0.7001
NA
12.02657
1.24404
1.9
-0.548
1.47727
0.0411
-0.785
-1.90534
-1.49426
0.02056
-0.13
0.6988
-0.8299
-2.19
-0.899
2.5729
-0.36023
0.04186
-0.914
-1.07
1.30898
-0.50495
-0.157
-1.95
-10
0.625
1.18681
0.285
0.2906
1.4027
-2.67359
-5.73
-0.10386
0.17287
0.986
-0.81
-2.38762
2.76509
-0.15991
1.21
-0.91717
-0.02982
NA
0.63186
-0.76795
-6.6
0.2063
-3.02474
0.783
0.73033
-0.4579
-0.60836
-2.15875
-0.219
-0.31213
-2.39415
2.80444
1.08833
-1.85
-2.22
-1.51699
2.55142
1.2174
0.576
-1.42205
0.91439
1.02167
-2.173
-0.75089
-1.96
-3.7709
3.86493
4.24
-0.89794
1.10961
-0.235
-0.1861
-0.523
-2.5462
1.6424
2.29644
-1.72131
0.75512
-1.3081
-1.1312
1.26322
-1.06993
-2.64352
-0.92535
0.6001
3.39
-3.39
-1.21
-0.653
2.11629
3.96
-0.54453
2.98
5.44349
NA
-1.4058
1.66919
-1.6481
0.9085
2.15
0.1304
-0.462633
0.395
5.91854
1.15965
-3.51
-0.33981
0.500358
1.25396
2.22303
2.38937
0.377
2.09454
-1.33874
6.61
0.908
0.195
-0.84943
0.17611
1.3285
-4.26
1.11
2.83
0.56915
-1.439499
-0.000278
-3.02995
-0.993
0.4207
-2.04328
-0.03115
-3.16
-0.7691
-0.49058
-2.03
1.85712
2.1801
-2.40675
-1.37959
3.69
0.5093
-1.76038
-1.3
2.82
-2.59
1.48516
0.788
-2.98582
4.31
3.1901
-2.74581
-0.563
0.73572
-0.11872
0.95322
-1.19047
-0.107
-1.29
0.14854
-2.05
-3.07919
2.56287
0.45898
3.39216
-4.71
0.87084
-4.24541
-2.71836
1.15163
3.54
0.46714
NA
1.39467
-2.28
0.30117
0.09981
-3.5622
-0.71851
-0.276
-2.62
2.5108
-1.1267
-0.30469
0.15649
-0.35
-1.2
0.341
0.78325
0.17056
0.11246
-0.825
1
-0.38349
-2.57
2.21732
-1.84844
2.19514
0.784
-2.903
1.09986
-0.85261
-1.37636
0.16129
-0.21183
1.54
-0.053
2.07092
3.07331
1.11037
1.87219
NA
-2.92205
0.74
-1.22
0.19129
-0.33205
0.4163
3.59342
-0.07834
1.25
1.04774
-0.90089
-0.38901
4.1888
0.1071
-4.75519
-4.71221
-0.68232
-1.75
2.32786
-2.0949
5.09
2.5281
-0.864695
1.92689
-2.4233
NA
-4.03533
-1.02161
1.59
0.2212
-1.76657
1.808384
1.367303
-0.6272
0.16098
1.78
-1.055
1.92
-0.68007
2.08554
-1.41044
-2.37564
-4.9948
0.35034
-2.09984
-2.54349
1.04029
0.30754
-1.9606
1.6228
-2.82
-0.90886
-0.0547
-0.753
-2.42576
1.96217
-0.405
4.6512
-0.4618
1.5914
0.9169
-1.51625
0.58595
-1.16906
-0.3345
-2.03448
0.3223
-2.72
-2.04
-0.02971
0.691
-1.13275
2.13071
0.165
3.64463
-0.93444
1.20347
-0.325
0.23372
3.67023
-0.03025
-4.1435
3.7621
1.37528
2.77332
3.37653
-1.73
-1.17022
1.9688
-0.1931
1.41427
-0.32112
-1.36545
-1.18672
1.4826
-2.32353
-0.06268
-1.83586
0.711
0.06913
3.84945
-1.7732
-0.988
1.69531
1.33
-4.62876
-2.16391
1.18039
3.85169
1.37182
-0.26114
-3.1647
1.68
-0.2492
-0.56143
0.20962
-0.15068
-3.0548
1.88
-0.9138
-0.71259
1.45
0.2781
-2.7189
-1.67
-1.17377
-1.04
4.70599
-1.3858
0.5323
0.503
-0.02714
-1.11147
0.52657
1.08448
-0.1509
-0.42476
1.86854
-1.1278
0.119
-1.7261
-0.826
-0.11876
-0.528831
-0.72635
-1.80632
2.122
-0.10351
-2.74
-2.3228
0.14815
0.69248
-2.63
0.6285
-0.0779
3.75455
0.97931
-3.95938
2.6878
-1.50361
0.2
-0.01445
-1.9484
-1.85821
-0.922
-1.7192
1.01
-0.86662
-2.583854
-0.37089
1.60405
0.737
0.118
1.9134
-0.39035
-0.7444
-1.26826
-1.94157
0.98516
-0.94946
-6.9399
1.66
-0.288
1.39607
0.99139
-0.74591
4.3
0.21896
-0.04641
11.45137
0.804
2.3861
-1.32216
-0.93117
-0.503
-0.3988
1.06453
3.67581
1.4
-1.06993
3.29
0.231
0.53179
-0.2271
1.56
-1.89674
0.12305
0.60027
-0.68118
1.60781
4.09241
1.11
-1.03138
-1.23977
4.21
1.40027
-1.79808
2.91812
1.273
-3.7986
1.05267
-0.10855
2.89337
-0.948
1.35384
-1.87256
0.59292
0.60255
0.947
-0.85635
-0.692
1.94
0.5725
-3.74456
-0.82066
0.31946
0.612
4.7171
1.66
2.09
-0.342
-2.656
0.21271
-0.57537
1.0476
-0.99309
-0.36789
0.815
0.03985
6.01
-2.01324
-0.07141
-2.935316
-0.37412
2.33
-1.7055
0.99667
-0.21504
0.74111
-1.54868
1.39
-2.19064
1.73464
-2.78402
-1.81
4.191
1.34635
2.94
3.7
-0.18217
2.8588
-0.292
-0.398
7.47
0.285
1.55932
-0.36641
-1.52905
NA
2.18396
NA
-0.31446
0.55764
1.26
3.3605
-0.404
1.22549
3.29
-0.60601
-0.75773
0.981
-0.10792
-1.48911
-0.714065
0.53577
-0.54403
-3.24636
-2.23261
2.00949
1.54444
0.008946
0.3561
-0.0179
-1.37412
-0.18453
0.4443
-1.53013
-1.18915
1.0179
0.244
-0.4738
1.5
-0.138
2.82
NA
-0.44
2.87
-0.18614
-1.031
2.400936
3.69364
-4.70948
-0.822
-1.97
0.2067
3.01
3.6107
3.82
-2.1159
2.95808
2.61352
NA
-1.44
0.97656
-2.27
0.51221
-1.07859
2.3204
-0.25978
0.82765
-1.94
-0.47465
-0.69929
0.176
1.99111
0.505
-1.14909
1.15753
-0.21752
-1.51422
-1.17626
-2.048
-0.22739
0.86283
0.47733
0.8371
NA
-0.02463
-1.57062
-0.788004
-0.0731
-1.10066
-1.85
-0.637
-0.562
3.53555
-0.9395
-1.39173
-0.34748
-1.82
3.77981
0.77557
-0.57815
3.95363
0.35544
NA
-2.54105
2.20035
-0.11084
-1.84212
1.36625
2.83823
-0.57016
-1.1083
1.12842
-0.86983
-0.46272
-0.22304
2.24
0.92927
0.2945
6.00972
0.31179
2.0552
1.38
0.99193
-2.2
0.7255
4.47412
2.25259
-5.12724
2.0986
0.939
3.818
0.33589
0.34962
-3.231
3.0483
0.02823
-0.24659
-1.25
0.8739
-8.28
0.83078
0.1447
-1.08825
-0.64211
-0.5496
1.63396
-1.65747
-0.446
-0.11054
-0.99493
4.446
2.01745
