-1.09125
-0.16716
3.55852
3.2481
0.39776
0.7285
2.85775
-2.5639
-12.445
-0.36682
-2.36445
7.96005
-1.9464
-1.9961
-1.53
0.8865
-1.52
-0.732
0.074
-0.37917
-2.28
1.66
0.41255
-0.56576
-1.6902
-2.7603
-1.46
-0.1028
0.97
0.1656
2.04
-1.0772
0.5323
-1.66262
-0.7434
0.376
0.3662
-0.712
2.03
-0.2284
-1.9922
-0.3573
1.64
2.1258
-0.25321
-1.01351
-2.4993
2.3223
-2.71
-2.245
-1.33847
-0.2066
4.69
2.4477
0.6788
-2.67127
-0.39874
0.3694
-2.6625
0.59444
-0.5273
-1.1811
3.35557
3.27
-2.73
1.85797
1.5253
3.69227
-4.0096
-1.5001
-3.8521
3.3327
0.3601
-2.62
0.282
0.1472
0.5852
-0.5039
0.23178
1.6927
-0.9582
0.4502
0.219
0.721
1.21188
2.56913
-3.40808
-0.7708
1.0595
-0.374
-2.0414
-6.7042
0.9968
3.00843
-3.2078
-0.6155
2.4828
-1.52361
1.4875
0.9242
2.3852
-3.4146
-4.3618
-1.37131
-2.96088
-0.0656
-1.5978
-3.7527
-1.5067
NA
-0.0262
-4.79408
1.073
0.30506
-0.4823
0.7075
2.4636
NA
0.13875
-0.0331
-1.4619
-1.9944
-1.67881
0.9178
-5.0796
-4.9445
0.8849
-2.69616
1.58938
-1.73132
-0.37849
1.2233
-2.4344
-4.85
0.4071
1.0149
-0.00473
-0.99643
0.4862
0.97588
1.6522
1.23336
2.365
0.1269
2.081
2.29817
-1.4481
0.4924
0.0948
2.27484
0.7675
-0.3717
0.31168
-1.93456
1.0393
1.41466
2.4538
0.0914
-2.3467
-2.4746
1.7349
-2.9964
-1.0495
-2.8145
1.70094
-2.6826
0.3931
0.4409
-0.18949
0.9915
1.69
-8.4386
3.1234
-1.21231
0.39763
0.3104
-3.94651
4.5205
-3.76561
-3.33832
-1.48778
-0.7458
-2.2093
-2.0061
0.467
-0.8355
-0.1195
1.2177
2.55914
-2.4817
1.1383
2.18896
-10.6834
-0.21991
-1.40528
2.4381
-0.86668
1.2961
-2.4617
-0.54624
0.41966
-1.36667
-0.3772
0.65635
5.3816
-0.81029
0.2288
-0.3508
3.0706
1.67092
-0.6695
-1.2754
2.09274
-12.4523
-0.54914
-0.0731
5.4882
3.22609
3.335
-1.5267
3.8421
0.4986
-2.9735
8.51022
-1.67588
-3.1352
-4.04304
-1.9112
-1.5772
0.1412
0.7239
-0.44617
1.8945
-1.98299
-1.8094
-1.5236
-1.38658
0.5918
0.1221
-0.9951
4.8133
1.45368
-2.02681
-2.7975
NA
-1.5064
-1.40837
1.2586
0.4189
-0.877
-5.8516
-2.5607
-1.0005
-1.1058
1.9393
-0.7862
-2.0027
-0.8703
-1.2628
-3.55014
-1.26
-1.08
4.81
0.3243
2.17599
2.78176
-0.78
-2.01183
0.2414
-0.2202
-1.0277
0.5478
-0.6096
0.74018
-4.21845
-2.731
0.1278
-0.3241
-1.36
2.0089
-6.3688
1.8292
-2.3441
1.46
-1.5172
-0.5545
1.31736
-4.4708
0.1518
-0.25032
-1.0636
2.48818
-0.6604
-2.56043
0.0023
-0.1739
1.88388
-2.7923
2.5048
-0.02603
-0.93516
-10.2448
0.7238
5.5552
-1.9536
0.3488
4.2855
2.36
-2.2975
1.05
-1.0836
-0.8689
-0.2475
2.1038
-1.88
-2.04
-3.66985
-2.9845
0.4482
1.9395
-4.0113
0.679
-1.8782
0.9459
5.29809
1.3914
-2.14738
1.0168
-0.78238
-2.1771
-3.23314
-0.24122
-3.20827
-0.8682
0.6642
-0.0154
-1.88237
0.8051
1.6556
-2.5122
-2.62697
-2.127
1.20386
0.6869
-1.7857
1.04868
-8.2532
-1.7404
1.13769
-0.2715
3.08342
-1.20481
-2.11795
0.52696
0.57921
-2.8451
-0.1184
-1.2924
0.3547
0.533
3.86894
4.38691
-0.7946
-1.4238
8.032
-0.71691
0.60349
0.0628
1.1878
-0.0822
-0.4094
1.2734
2.955
2.5593
-2.0547
3.42166
0.6655
0.0597
2.2366
-0.9139
-0.3834
-0.8237
-1.72227
-1.3098
-0.3377
0.0526
-1.132
1.25697
-1.56504
0.91301
1.9439
2.11555
-0.0837
0.9947
-0.1456
-2.51576
-0.247
2.315
0.99581
-0.01656
0.05558
9.6751
1.3937
0.7406
-1.23861
-3.8232
0.36399
-0.19914
-0.5524
1.5707
-1.4209
0.1978
5.9184
1.9917
2.0635
1.1854
5.4528
0.1621
6.7002
0.61371
0.9368
-3.1575
-0.0207
0.5583
3.4293
-2.03988
-1.0276
-0.1501
-3.3481
4.1615
-2.914
-0.3047
3.8988
-3.33
-1.02
-3.17401
-3.44071
-1.179
0.09614
-1.7559
-3.1344
-2.10314
-0.3913
-1.2306
1.1927
0.526
-0.39797
-2.8923
6.76999
-0.93
5.3177
3.6588
-0.5453
-2.75996
-0.0167
-1.4343
1.5338
-0.9784
0.729
2.2499
1.1905
18.57415
1.0914
0.9172
-2.88164
0.0119
2.1792
-0.37381
2.8895
0.6079
1.0616
-5.2549
-5.3614
-1.6591
-4.79341
2.4656
1.5265
-5.13248
0.9795
3.9821
-0.424
-3.9538
-1.88343
-1.4554
1.64845
1.7205
3.41658
1.7117
0.32974
-1.1702
-4.9
-0.217
5.79
0.2982
1.22
-1.18298
-0.2789
-6.4422
2.253
0.9502
-0.4079
1.2635
-0.4671
-1.8568
1.4191
0.2924
-0.6054
-0.71619
-0.00368
-0.2305
1.65518
-3.5191
-0.19648
-0.89444
-1.8025
9.2976
1.4365
-1.8103
-1.4428
-3.1572
-3.2819
-2.90601
0.00782
-1.8986
-1.99107
3.5469
1.3499
0.7996
-0.5075
2.7124
0.93
-4.1095
-1.5038
3.2368
0.2144
0.9258
-0.4874
3.5687
-0.3565
2.0983
1.38
-0.4771
-2.3915
0.9648
0.2908
2.7972
0.796
-2.1037
2.2344
-1.8527
3.2988
4.6667
-5.9165
6.9518
2.808
-5.5858
-0.2034
-0.9605
-0.0736
0.1684
-3.3947
-1.1826
-0.67
0.5129
-0.325
1.9825
4.7059
-1.9085
-0.0892
3.5361
-0.5276
-5.6083
3.2398
2.6291
0.6157
1.7646
-3.3652
4.7407
0.8107
-0.4051
7.5438
-3.044
11.1072
0.6187
8.4607
0.2759
2.1994
-0.109
2.7379
1.3343
0.0912
-1.4282
-0.2949
-1.6903
0.0592
-2.4315
-7.2321
-7.6589
-2.0395
-1.3911
1.3901
-0.3816
3.3827
0.0208
0.5394
1.787
-1.8155
0.3545
-0.7236
1.0098
-1.2212
-2.1
0.3225
-1.0285
-1.2451
-0.3231
0.9841
0.421
-0.0311
1.4739
3.0121
1.1043
-1.5877
0.1108
1.9724
-1.8917
-1.5695
3.6565
1.6768
2.5522
-1.8938
0.9196
0.0173
1.1805
-1.3982
1.5745
3.7229
-1.7375
-1.748
-1.0165
2.2488
-3.0284
-0.8939
-1.2721
-1.8884
-1.8335
-0.9105
0.2704
-1.0066
1.2892
-1.1265
0.5085
-1.2162
3.119
-2.1551
-0.2735
1.2312
-0.1811
-1.2092
1.2727
0.1711
0.8202
-3.3001
0.8911
2.5502
-0.5372
-1.1229
0.1081
2.458
1.1746
-1.3577
1.2374
-2.02
1.4554
-0.2863
-0.3195
-2.4322
-2.1958
0.6054
0.0821
-1.0745
0.4834
-0.6725
1.3692
-2.537
-0.642
-3.94939
-1.59206
3.1585
-0.8283
-0.54758
3.07432
-0.68591
-1.2782
-4.4827
-0.7105
-0.1144
-0.35173
-0.45325
-1.49989
0.4134
5.57937
-0.9786
0.90876
1.7798
1.07863
1.43782
1.10515
1.1062
-0.17147
1.0553
-0.0197
-2.3156
-1.32818
-0.01326
1.8147
-1.4609
-0.07665
0.00129
6.5016
6.39
-1.2272
0.13029
-4.39541
6.5955
-0.47059
2.65418
-0.39132
-2.4338
-6.0912
-3.0637
-0.087
0.1111
1.3137
-1.0879
-2.2437
0.8139
-3.3334
-2.3759
0.0231
-1.8417
-3.1124
2.6349
-1.4672
0.2193
-0.4719
1.9807
-0.3907
0.6832
1.956
1.738
0.7251
0.7442
5.7472
0.0638
0.4806
-0.9075
0.9546
1.106
1.3079
1.2295
-1.6126
1.5272
2.2302
-2.3944
0.6927
0.6446
1.2932
3.3111
0.8436
0.4515
0.0502
-2.5998
0.888
0.4133
-2.0198
-0.0348
1.095
0.9187
-2.7179
2.1085
0.4966
-0.1391
2.5745
1.9746
2.8101
25.3806
-1.9893
1.4892
-0.357
-0.3537
1.8188
0.3511
0.6918
-0.7742
-2.3457
0.7012
2.09
3.9667
0.7087
2.3817
1.5728
2.0683
-1.3753
-1.0407
0.0879
-0.1824
1.9861
-2.9981
0.7621
3.7664
1.9626
6.1513
5.5494
-4.1215
-1.971
-2.1353
-0.4867
-3.9774
-0.5343
-2.621
0.5286
-0.1947
8.5248
1.6921
0.648
1.8752
0.4902
1.4917
1.3607
2.067
-0.834
1.2232
0.1276
1.4804
0.1058
0.9615
4.2483
-3.3334
-2.6875
2.0854
-0.8581
-0.2181
2.474
-0.1732
2.3257
-0.1426
0.1989
1.4438
-2.703
-3.6836
-2.537
0.7729
-0.9597
-0.8249
4.174
-1.4303
-0.3372
-0.209
-1.441
-1.4788
0.1598
1.0744
1.7608
0.4869
0.6081
-1.8759
-0.7367
1.2313
2.1048
-5.2372
3.4129
0.5
3.1454
2.1403
0.307
2.3121
-0.7211
0.8216
6.3688
2.0312
2.151
-2.3378
1.3566
1.1572
2.5256
-1.4
-0.6803
1.1057
-0.4691
0.1545
-3.2806
-0.7489
0.4744
0.7049
-2.1131
1.2652
-3.0507
1.1823
-0.8035
-3.6626
0.9264
0.6613
-3.027
0.5936
-1.4279
-0.9431
0.549
-2.8703
-0.494
1.39
2.16
0.0023
3.74
1.02
-1.92
1.8
-3.5
-3.89
0.698
-1.25
-2.33
5.76
7.99
2.36
4.01
0.0854
0.128
-1.53
-4.79
0.513
-2.82
-6.02
6.07
-1.9
5.59
1.37
1.7
-0.822
5.59
-1.15
1.44
-3.66
-0.0537
-1.7917
1.10872
0.0791
6.27611
-8.80998
-1.25238
1.08947
3.2404
-0.4272
-1.8409
0.2978
1.08041
0.5336
-0.1753
2.68106
1.1989
13.57702
1.08735
-0.43356
1.0674
9.6818
1.5915
-0.5509
1.6675
0.8266
0.3783
-2.5095
0.2438
-3.3159
0.4119
-0.4623
2.696
-0.9736
0.8844
-0.7805
2.4104
0.3301
-6.3144
0.099
-1.5298
1.6497
-0.9687
-1.1471
2.2239
-0.2571
-1.7168
0.76462
0.78008
-0.67968
0.51302
-0.8402
0.8378
0.11728
1.59865
0.54316
1.43673
1.7219
-4.6157
17.973
-1.16402
13.224
2.01472
6.34498
3.77139
1.4486
5.856
0.90168
1.4652
3.0026
0.51057
-0.39098
-1.16895
-4.10505
1.41989
NA
NA
0.3389
-0.90051
2.05564
1.37404
-0.09888
0.43668
1.6653
0.7081
-0.0179
2.0697
0.14817
-0.25526
-2.82567
-0.49956
1.5692
-2.71444
1.1752
0.34489
-0.6887
-1.0608
NA
NA
-1.43117
NA
0.3928
2.4047
NA
0.79886
-2.0746
0.3912
-1.8507
NA
-0.8353
0.0256
-4.59113
-0.11442
0.3041
-1.70729
-0.95779
-0.9097
-0.72371
1.48262
-3.05475
2.12737
5.44166
1.3925
0.69092
2.68842
-0.06562
-1.9431
1.49134
0.38085
-0.98384
0.67852
0.13398
0.22661
0.6546
2.87826
2.24283
3.20584
0.92379
2.00578
-2.42604
1.41817
-1.35823
-1.883
-0.09768
0.32164
-0.99307
0.7439
3.8546
1.6146
0.34327
-0.38706
-0.9493
0.55019
-1.3841
-0.8282
2.21743
2.4467
-0.0873
0.92203
1.0579
0.8544
5.09861
1.84084
-0.8481
0.494
1.07602
2.07782
-0.7516
1.61324
1.4033
1.934
-0.73036
-1.2113
-2.7932
-2.2632
-2.9703
15.40938
0.8249
-1.66477
-0.2008
-4.43479
3.39849
0.6927
-1.26397
0.5661
-2.8471
-1.05706
-0.40655
-0.91881
1.32861
2.2033
-3.1874
-0.71811
-1.38702
-0.8274
-1.5822
0.45537
-3.61249
1.41254
5.87328
5.66803
6.3198
1.9996
1.76882
2.39424
2.82062
0.49562
0.6184
1.65968
0.2106
-0.1425
2.7349
-5.3347
-4.9888
-0.1131
2.34757
0.845
0.37724
0.91885
2.2718
1.50672
-1.72079
0.0839
0.0376
1.1849
-0.03911
1.5035
-0.2426
4.0406
-0.1641
-4.40651
-1.94413
-1.12954
-0.07601
-1.19117
-1.44864
0.31034
3.8597
2.4483
0.11884
0.4289
2.4148
0.72521
0.0856
2.86716
-1.1205
-1.11938
0.102
1.6946
1.32193
-0.8986
0.99896
1.43363
1.2626
-0.96624
-1.15798
-0.8403
-1.9693
-1.9606
0.64852
0.12557
0.06681
1.28582
1.22613
-0.89711
-0.65967
-0.18393
1.34288
-1.34841
4.5411
5.08339
-1.73519
-0.20224
-0.65498
-0.81234
1.70085
0.21048
-1.04593
-0.63103
-0.12
3.1488
1.09468
0.60077
-1.76548
1.7144
-0.78263
0.6638
-1.63254
0.43407
-1.1165
-1.07196
-2.0601
0.50846
0.87623
-0.5112
1.1862
0.9987
-0.08323
2.8011
0.06028
-0.42129
-0.1432
0.3964
0.4565
-2.8612
-0.0245
-0.2925
-1.0863
-3.7314
-3.0767
0.5475
0.89328
-0.1247
0.2907
0.1249
-2.7655
1.5944
-2.7761
-0.4249
-3.82158
11.12174
0.65787
-0.1442
-0.51499
-0.2822
0.19368
0.0697
1.41089
-2.22939
2.3029
-0.1889
0.00638
-1.4513
0.7725
1.54847
-2.2679
0.8334
-7.1334
2.13172
1.0963
0.8078
-1.7212
-1.6404
-1.7443
3.1532
-0.8013
0.1054
-0.1815
0.2005
1.0736
2.0056
-0.5328
1.1191
3.513
1.7644
0.7634
-0.1394
-0.2196
-2.6632
-1.3783
0.5692
1.8892
-4.14722
0.0077
-1.8823
0.6007
-0.1745
0.6324
0.544
0.2945
-2.8641
0.3493
0.222
-3.96
NA
0.018
0.64579
-0.1215
0.41139
2.10163
-0.38479
-3.0155
2.13777
2.4655
2.10127
3.14491
0.2272
-0.5273
-0.1145
-1.1809
0.7871
0.3426
-2.4373
2.0612
0.9543
-0.1374
-3.9649
2.58939
0.9929
1.19612
-0.15365
0.03226
0.2827
-0.1375
-3.5345
2.28666
1.6935
-1.0574
-0.158
-0.272
-2.71
-1.53
0.35328
2.7361
-1.2827
1.0094
0.67542
-3.8268
0.7113
0.2985
6.1106
-1.0121
1.38107
0.48728
3.6204
1.5362
3.0567
0.85826
2.87609
-3.0741
2.8475
-0.9082
-0.5328
0.42662
0.79465
1.1867
0.94517
0.15348
5.36849
3.75712
-0.6897
0.7414
2.3777
2.5861
-1.1374
1.5319
-2.9005
2.1641
1.1424
-0.8736
0.7954
0.3765
0.2244
-2.64274
-0.47701
-5.6852
0.56276
2.6654
-2.13357
-1.716
2.124
-0.1045
-0.2099
2.71394
-2.9097
-2.5212
1.01539
-0.63132
2.98113
0.03
0.6232
-0.8229
-0.96705
-0.8251
1.31581
-1.10413
-2.59957
-0.257
-4.4244
-3.2837
0.2991
1.9897
2.3125
-2.75126
0.9774
-0.8523
1.1066
0.2643
-2.1296
1.9536
-2.2788
-1.2043
-1.2805
-1.1921
0.1389
0.66969
1.9515
0.1701
2.23994
1.92107
0.77244
-0.7109
NA
0.1899
NA
NA
6.3596
1.41117
NA
NA
-6.7781
-0.28895
0.4228
0.789
-0.98175
-1.5222
0.06275
1.57784
1.88646
0.321
-3.49248
1.87651
-1.1245
-1.1277
-1.003
0.80638
7.65119
-1.4398
-0.195
-0.562
2.028
-1.3077
-1.0292
0.89899
6.3305
-1.10862
-2.07762
1.16615
0.6689
-1.43
0.6282
1.8497
-0.1469
-1.1966
0.0441
0.4029
-3.2028
1.2153
-0.7061
-0.3546
-0.302
-0.2071
-0.7045
1.32
-0.3038
-0.1466
1.96464
6.1372
-2.944
-1.9929
3.10693
-4.54
1.7331
-0.2665
-5.7753
-5.3456
-0.9418
2.56918
4.4439
-0.7518
-0.26578
2.583
-0.1354
-0.14667
-0.83794
5.0136
-0.2964
1.46048
-3.7579
1.83963
-1.2904
-0.06958
-1.8744
-33.9164
0.7035
1.90244
-0.36949
0.056
-1.0802
-0.5423
0.5615
-0.9481
0.591
-4.33905
0.3504
1.93136
2.6354
1.5093
1.0167
0.5711
3.1919
-0.3264
3.3395
0.7702
-0.9414
-1.8842
0.2267
0.2688
-0.0905
2.11223
-3.14626
1.2348
0.0414
-1.2351
4.3555
3.9767
-3.6265
1.7572
2.2244
-2.3201
-1.6681
2.3283
0.91744
-6.37
3.22
0.9606
1.4607
-0.2489
3.1731
0.1368
-1.8406
-1.2214
2.2498
1.3132
0.4654
-2.213
-2.4014
1.1982
0.9473
3.5321
-0.34009
1.3475
1.5063
-1.133
-2.0818
3.25871
-1.0412
3.9894
-1.165
5.5034
1.1257
-1.3727
-1.4336
-0.4336
0.4551
-0.8311
0.357
1.5587
1.5587
0.26698
2.0292
-0.77913
3.8679
4.4607
2.1325
-0.6971
-1.3903
-1.0352
-1.41055
-0.5626
-2.4748
-1.465
-0.4501
-1.1699
0.7291
-0.0782
-0.3376
0.0932
-0.7686
0.5055
2.5087
1.2841
-0.0603
0.7623
2.3576
2.7713
-3.5286
-1.7517
-0.9745
1.67
-2.5479
1.5668
-0.07334
-2.3407
1.06991
-8.7493
1.21002
-1.318
1.6242
-2.19037
0.91346
1.69869
-2.8302
2.43821
-1.46628
-0.2791
-0.6719
-2.7362
-4.29
-0.1718
0.64402
-1.31
0.87535
-0.4843
5.0226
0.6839
-0.99795
-2.9055
0.35622
-0.57919
-0.48562
-0.65099
1.55318
-0.807
4.32
-0.54844
3.76316
-0.41518
-1.2376
1.3515
0.221
1.92
1.27921
-0.6238
-3.9608
0.44134
-1.4457
-0.55301
1.4566
-4.0528
-2.0354
3.0185
1.1922
1.1061
-1.88073
-1.75478
-0.9468
-0.8363
-2.3248
-0.922
-0.4943
-1.25256
-2.8463
-3.3061
2.4819
-2.331
-0.30304
-0.14564
-0.0165
0.1032
-1.7483
-3.4136
0.6183
-1.4105
1.5759
0.77318
-2.3991
1.59135
0.2479
-2.07145
-1.3344
-0.9205
-1.3532
-3.1466
3.3753
-1.8865
-0.5087
1.7524
1.6596
0.018
-4.5262
-1.1092
-2.4368
-1.23
1.2471
-1.1551
-2.3303
0.2549
2.6055
1.482
-1.99772
0.56195
-0.0046
3.94973
3.77881
-0.8152
-0.169
-3.05526
-0.8571
-2.05809
0.2173
-1.7893
-2.74619
-0.19949
5.34051
-2.2955
-0.9378
-2.1962
1.0444
-0.02575
2.9407
2.1041
2.044
-0.72734
-3.55348
-0.7333
-8.4623
-2.49861
-2.561
-0.4179
0.0995
-4.2745
2.7634
-3.2524
-0.1781
3.39712
-3.4119
1.3419
-0.2817
-1.4584
-0.5984
-0.5916
-1.7401
0.5713
0.9634
0.1538
1.6113
0.12254
-0.1958
2.40879
-6.11461
3.1918
-2.8706
-2.57885
-3.53444
2.8624
-0.9585
-3.6313
-3.1285
-0.7482
0.36898
-0.2515
-1.13441
1.0823
1.16838
-2.1688
1.77065
-0.20466
-1.70048
-4.10238
-3.08674
-1.70081
-1.5422
1.10344
-2.1912
0.74451
0.8448
-0.64096
-4.9604
0.7194
1.0028
-1.51881
-0.77801
-0.081
1.43438
-1.0981
-1.17701
-0.9171
1.59706
-0.28844
-1.19006
0.44453
0.71124
0.425
0.27972
1.27094
0.4132
-1.6414
-2.9841
0.0411
-3.1339
1.8927
3.6282
-1.9472
-1.5586
2.3852
-0.2974
-5.9901
2.6929
-7.0475
4.8126
-2.2915
-0.3745
5.106
-0.6338
-1.91
-1.98425
2.1989
-3.2982
1.1321
1.6281
-1.17895
0.49329
3.78264
-0.2933
-4.177
-0.1271
-0.371
-2.0554
-2.3497
-0.6999
0.2577
-0.0266
-3.7331
1.0289
4.1995
0.5781
0.2171
-0.7795
1.2309
-0.6433
2.7251
-2.4756
0.3742
3.67
1.9556
1.01887
-3.1694
0.9375
-0.5324
-0.8532
NA
NA
0.80471
NA
1.6099
1.2226
-0.5876
0.2221
-0.4378
0.5017
0.0275
-1.5685
-0.5712
3.6621
-2.1283
0.0761
0.034
0.139
0.9319
1.0181
5.0358
-3.9706
4.0802
4.6101
-0.0286
3.2807
-0.5528
0.5999
2.9431
4.76351
4.9319
-2.2638
-0.96983
2.2491
-2.3211
1.95564
0.79656
1.5228
-2.939
-1.10953
-1.5591
-0.06007
2.22066
0.15506
-2.4594
-2.7119
-0.9095
1.5504
0.5239
-3.6263
2.4087
-1.4953
2.403
0.1719
0.0391
0.0105
0.3405
-2.89276
0.37125
-0.56774
1.27189
-3.08691
1.10309
1.89301
1.4681
0.53768
-2.2705
-1.1606
-1.23647
-7.50618
-0.73855
-0.20266
0.63222
-0.1427
-0.8797
-1.0305
0.6775
2.6061
-0.4377
2.54939
1.01461
-1.31013
3.8201
-3.30002
1.99241
-6.54586
1.7925
-0.2286
-3.44805
-0.2516
-4.0117
1.68786
2.61473
5.66846
-0.92236
3.66433
2.57872
1.34815
-4.25771
1.58026
-2.97078
-1.24357
-0.92521
-1.57685
-0.2956
0.7328
-1.1734
-1.47692
-0.8019
-8.48521
-5.06046
0.454
0.2343
2.3795
-1.389
0.3844
1.0205
-3.8698
0.3079
-0.5857
0.0436
3.1479
1.0655
-1.8559
-0.5848
1.9134
-1.5227
-1.0788
1.4734
0.5158
-3.0468
3.242
-0.1913
0.7368
2.7858
0.3278
-4.269
-1.1097
-0.5376
0.0845
-5.317
0.2266
-5.4715
0.9787
0.2889
1.3347
-0.2292
2.4288
-1.8041
13.3853
3.3882
-0.5534
-0.3445
-0.33799
-1.829
-4.31781
-2.76814
-0.2841
-1.25834
-1.56668
-0.65453
0.02511
1.1867
3.4548
-0.3401
-3.14
-0.38892
5.31129
-1.31538
4.16
1.27
-3.1
-2.33
1.72
-0.735
0.175
0.377
1.7396
0.9526
-0.1327
0.7045
-0.3478
1.0513
0.6178
0.9227
1.9
0.396
3.53
-0.57
0.000766
-0.0969
0.276
-0.67
-3.99
1.75
-3
-3.08
-6.6
0.497
-0.1134
1.3442
0.3182
0.7365
-0.1758
0.6524
2.769
-2.1141
-0.3321
-2.3941
-0.5661
-9.3119
-0.6124
-0.1945
-0.9086
0.3805
-1.8882
0.8732
6.0566
-0.3719
-1.2372
2.1466
1.19714
-3.8473
-1.1782
7.35695
-0.87729
0.54391
0.47667
-0.88681
-0.4825
1.47276
0.7472
-1.71362
-1.10409
0.71692
-1.3085
0.52254
-2.29598
-0.07377
1.47868
0.33549
-0.10518
0.58505
-0.7466
0.82088
-1.78502
1.254
-1.82306
-2.64304
-0.773
0.40552
-1.08445
-2.35852
3.6317
-0.3782
-3.33759
2.99945
8.81588
9.17388
-1.62383
2.03017
10.4949
2.227
-9.48723
-9.2363
1.13126
0.5251
1.77096
0.15256
-0.755
0.65182
-1.3422
-1.2399
1.0789
0.15857
0.26642
1.9746
2.5866
5.4662
-3.74108
4.08139
-7.4278
-0.02993
-1.6833
-1.24285
0.2699
-3.50765
1.1001
3.06564
1.2507
1.06327
1.93758
-3.44831
1.27372
-0.69011
-0.65204
2.6157
1.08318
-0.92054
-0.16703
-2.839
1.08208
-0.3194
-4.7849
-0.4738
-1.7375
0.1601
0.43862
-0.39136
0.71059
4.27801
2.6063
1.58953
-0.00187
2.3294
0.47392
2.57228
0.6086
2.8052
-0.68509
1.6693
-0.512
-0.10627
1.4499
-1.6267
-2.80199
1.50552
1.91355
4.01503
3.16761
-1.15623
-1.38559
-0.33553
-1.9964
4.93748
0.01364
3.52869
5.05074
2.13211
-1.5062
2.60059
3.1961
0.89366
-0.49608
-1.2984
-2.16949
0.50492
-0.06504
0.72398
1.70505
0.78869
0.13233
4.0914
-0.41462
0.1428
-1.86483
-1.914
0.07382
2.22027
-1.30549
3.36005
-0.57277
1.93586
-1.1486
0.68285
-1.4272
-0.91844
1.5948
-0.10081
-2.88757
NA
-0.8429
3.29263
-1.9423
-0.15961
2.2996
2.30823
0.3124
-1.85293
0.65665
0.20694
0.17336
0.00879
2.90673
-2.2121
1.8885
2.43495
-1.1973
1.0601
2.9407
4.3763
0.3715
2.9866
-0.7341
5.0469
-4.0788
-2.798
-0.7278
-1.4215
0.4208
1.0553
2.5088
0.4991
-0.0174
-2.2991
2.3298
-4.132
-0.3685
-2.4483
-1.947
-0.9553
-2.4919
-0.079
2.0008
1.8354
-1.5548
-0.1477
2.6198
0.4043
-0.7152
1.5176
1.1404
-0.9721
1.4526
-0.5847
-1.9317
0.7912
0.5761
-0.6645
2.8148
3.3143
1.3979
2.3215
-0.4986
-0.2927
0.8051
-0.6918
2.2632
-3.237
2.646
-0.4233
0.1939
0.1289
-0.185
0.0481
1.3811
1.0056
-0.048
-0.087
1.2171
-3.6086
-0.3922
0.967
0.0801
0.1955
6.3928
-8.7334
-0.3177
-0.2116
-1.2122
-1.7003
1.1473
-0.6499
-0.8641
2.8962
-0.8815
-0.5582
-1.6323
0.0855
-2.6338
2.6159
-0.761
1.5615
4.8956
0.4266
-0.6822
-0.3548
-1.8205
0.0241
0.9006
3.2628
1.2333
-6.94706
4.83964
-0.2056
5.1948
-0.6524
-2.2404
-1.5297
1.9762
1.5702
0.896
-4.3083
1.7979
-2.65139
2.85517
1.26427
0.5463
-0.74604
1.7879
3.8394
-1.2404
1.4328
-8.0872
-1.2108
-0.85466
1.6314
-1.1289
2.0676
-1.4214
-0.2145
-1.13617
0.5752
1.7619
1.11037
-0.3982
2.1176
0.8299
0.8274
2.67283
-1.4862
0.5492
-0.6882
-1.4831
-0.33969
2.6333
-0.1716
-1.0069
1.8126
0.01365
0.66816
-0.345
0.034
2.77909
1.40403
-0.27074
-0.8387
-1.1915
1.3058
1.38319
-0.96892
-0.61186
1.9674
-0.76134
2.92919
-1.2199
0.9056
2.36099
-1.0507
-0.4312
-1.0968
-0.32173
-1.2298
1.86321
1.05236
0.8738
-2.85036
2.13624
0.17001
0.5252
-0.749
-1.9743
1.878
1.7929
-0.89939
-1.46211
0.4962
0.45116
4.8179
3.4559
2.03463
0.22954
0.29781
0.83204
1.65083
4.32856
2.03162
1.45457
0.64261
-4.31747
-6.34478
3.29768
-0.4221
0.8928
0.0578
2.5268
-8.284
1.2777
1.24687
-5.1931
-1.3956
0.4399
-0.627
-0.677
-0.6378
-0.0058
0.8003
-1.5667
-0.0602
1.775
-2.1194
-1.4064
0.464
3.13554
-1.98
-0.33505
0.212
-0.2411
3.0113
-0.941
-0.643
2.89495
0.5336
1.73863
2.91208
-1.6777
1.8127
-0.5011
-0.0226
-0.1534
-0.91776
-4.4632
-2.3583
0.6772
0.13634
-1.2438
-2.03432
1.051
12.4523
3.1242
0.247
-0.41343
-0.4271
1.1415
-0.41077
-0.0704
-0.6673
0.3278
2.8718
-0.0239
3.5793
-0.7104
-1.27994
-0.215
-0.2204
1.5773
0.1708
0.8155
0.3947
3.6752
-3.7546
-1.8595
-0.5494
1.4204
4.8124
1.05698
0.3345
6.64066
-0.6139
-1.33174
-0.97061
-0.01474
0.8978
-1.5213
0.27647
-0.34589
1.176
3.7177
3.9371
4.9946
0.5047
-0.82009
1.2635
1.10525
-1.3025
-1.12419
2.3407
0.5689
-1.39
-2.4716
0.59432
-2.499
2.23343
-0.97717
-0.2449
-4.5946
0.02497
0.6805
0.2595
-1.68
0.0234
0.01066
1.1961
3.0425
-1.3137
2.2321
2.8511
0.49004
NA
NA
1.07432
-0.3197
1.1036
0.6629
-2.49984
-3.137
NA
1.02034
2.3086
0.9026
4.60259
1.8107
-2.0429
2.1011
-0.7123
1.6404
-0.11681
5.5342
2.74947
-2.05181
0.9958
0.9318
1.49
-0.935
0.902
1.02
-0.679
-1.3273
-0.3451
-2.8371
-1.4079
-0.9312
-0.345
1.2003
3.2362
-2.40431
-0.5113
-3.33
2.2157
0.31046
0.33712
6.95648
-2.2215
1.28458
-1.24388
0.6161
3.3946
1.7161
0.1323
0.6744
1.8999
0.7203
-1.664
0.7863
0.4174
0.6256
-0.0819
0.6421
0.4329
4.4365
-2.0242
0.839
3.3392
4.4891
-6.6706
-2.4812
4.3737
-0.4815
0.1855
1.0976
-4.8893
1.053
0.8852
-1.3198
-3.12
2.36076
2.5475
3.263
1.9089
0.7457
-0.299
17.27217
1.34827
-0.59988
-0.4364
1.5143
3.2869
-1.4341
-0.9526
-1.2077
11.9786
-0.3364
-1.31412
0.9614
0.485
-0.7792
0.8683
-8.55
-0.184
-5.6
-1.3546
2.5579
-3.3704
-2.1318
-0.842
-2.3397
-1.6
-1.42
NA
3.9407
3.47
-1.66
-0.502
1.74095
0.14396
-2.3958
-1.1675
-3.1933
-0.0702
0.74892
-0.9583
0.9841
0.014
1.0098
-2.9807
-1.39746
-1.5574
1.1053
-1.9902
0.2438
-1.13357
-1.54995
-1.2404
0.3074
-2.5655
1.48027
0.1603
-0.8478
-3.34291
0.10967
0.52832
-0.5046
4.28756
-0.36762
-0.1756
2.53599
2.0263
-2.01391
2.00863
-2.86919
-0.3079
1.0498
0.8511
-2.5707
2.5661
1.92536
5.1631
1.7805
3.38963
1.1278
-1.04879
-1.6432
-1.81197
-1.1546
-0.5203
3.98823
0.84563
-1.751
0.34543
0.4299
2.57045
-0.94713
1.11975
-0.5386
-2.19609
0.782
-5.68446
8.8626
-0.0143
0.67448
1.24527
0.23245
-0.7061
1.77626
-3.7793
0.78614
7.0694
-0.25737
2.7241
-0.2034
-1.51829
0.43633
-2.0839
-2.43723
2.96354
-1.39255
-1.421
2.79304
2.3324
1.14273
0.2349
0.26461
0.26244
3.4611
2.44664
2.0203
0.3351
-0.25391
-2.19122
1.96
-0.7777
-1.40863
-3.62372
-0.43493
-0.7004
2.7904
1.829
-0.64231
-0.97554
1.0978
1.5347
1.03761
-1.1432
-0.51868
-0.0872
-0.80236
-0.91663
3.10854
0.09331
-1.3095
0.55983
0.2963
0.69315
1.8684
5.94905
-0.80467
0.52432
-0.9187
1.26495
-1.3484
5.02497
1.2864
-0.44417
0.56575
2.3698
0.1285
5.73008
2.45656
0.7091
0.259
2.2435
1.67453
-2.17674
-3.3557
-4.2143
-2.65994
0.20129
7.6297
2.1987
3.6027
3.0311
0.72095
-2.72558
-3.4467
-0.63294
-0.40746
-0.5763
4.23285
1.98793
0.60491
-0.05199
0.00471
-1.32025
-0.0751
0.5317
-0.2821
0.39356
-1.5152
-0.32999
5.3398
0.70488
1.23177
1.82866
NA
0.96131
-6.35464
-3.2972
-3.2972
-0.7479
-1.3335
2.9017
1.73012
-0.8769
-1.6083
5.1042
1.812
-1.5421
1.24199
-0.1969
0.7442
-2.5241
0.401
0.25286
-2.5973
0.65609
-0.9415
1.5027
3.0606
3.2908
-1.348
-0.4632
-0.3338
-2.3269
-0.5466
0.7333
-4.9398
0.4912
2.1874
-1.3627
0.50055
0.31852
4.4048
0.9328
-0.0906
4.9461
-0.9842
-5.7189
-2.2527
0.0695
1.1211
-0.2483
-3.152
0.6084
0.0247
0.5197
-1.3307
-1.9827
0.1775
-1.4155
-1.5108
-3.7305
-1.4733
2.1133
1.8016
1.0919
1.2859
-1.4845
1.5433
0.0813
0.3408
-3.783
2.7515
-1.6217
0.9579
7.5961
0.3441
0.1566
-2.2956
-0.6431
3.5901
7.8385
1.6617
-1.306
-5.6171
10.0723
-2.3357
0.4744
0.4359
-0.7128
-0.0541
-4.0651
1.4027
0.0101
2.067
5.2963
3.5557
0.4837
9.66
0.3767
-0.5903
0.09347
-5.2794
2.4169
-1.91
-1.4257
2.08
0.3369
4.0263
-0.2917
-2.0373
0.3635
0.2012
-0.497
-0.1786
-0.6353
-0.6362
0.9679
0.4889
0.6646
2.1346
-3.3398
-1.9608
-0.7743
-2.8013
-1.9227
0.0954
-1.88117
-2.3884
-0.53447
-5.6238
-4.92
-2.2497
-2.08
-0.5627
0.09528
0.362
2.6017
2.7701
-2.09044
-4.842
-0.461
2.5722
0.8603
-0.5252
-2.53893
1.2612
1.62042
1.2597
-1.0292
0.0771
-3.1892
-3.229
-1.0717
-0.4256
1.2714
-1.8833
-0.7199
-1.831
-1.1561
0.8285
-7.766
0.6236
1.3673
1.4141
-0.6043
-0.6131
-2.1872
-2.56
-1.1673
-2.2025
-1.7915
-1.0324
-0.999
-0.5185
2.1493
-1.76464
1.6613
5.9963
2.19
1.7668
-2.2429
-2.49
1.54867
-3.4116
-3.03
-1.7787
-4.8919
0.522
-2.5162
1.7877
-1.4441
-2.0356
1.4005
-1.7561
2.8422
2.4637
-2.7755
-1.65
-2.63
0.573
-2.13
1.0047
-0.1716
-0.5729
5.0545
-1.41
0.476
-1.94
1.76
2.17
-2.5
-0.19577
0.59022
0.1345
0.1391
-1.8147
0.2414
-0.6597
-0.3303
0.17784
-2.3988
-1.69921
-1.40646
-1.182
1.8916
1.528
-0.35133
4.83285
0.14716
0.1696
-2.20497
0.951
-1.1649
-0.20583
1.55744
-2.43077
-1.18101
0.85327
1.627
0.07034
-3.36332
-1.03847
0.089
0.3476
-1.6406
-0.32692
-1.6214
0.55769
0.0452
0.01511
-1.6635
-0.77217
1.07106
0.536
1.8076
-1.8709
0.4861
-0.45805
3.38524
-8.9104
2.90778
2.7875
-0.92755
-3.5486
-3.9887
-0.0256
0.0038
-0.19117
4.1127
4.1127
-1.10459
2.6769
1.35152
3.0173
0.6742
-1.9038
0.2531
1.5019
-1.79337
0.6843
1.64374
1.95628
0.95929
0.299
-0.7554
0.9314
3.41233
-0.8271
0.7753
1.6786
0.2615
1.3922
-0.87654
0.62593
-0.759
-3.24425
-4.312
1.22242
-6.6663
0.834
-0.4178
1.4
-0.381
2.11
-1.44633
-0.997
-2.74
-1.4618
0.4438
1.866
-2.23635
3.1522
-1.66158
-0.03
-1.9096
0.4882
-1.77782
-1.03
-0.5166
0.1534
-1.5483
2.72
1.5884
-0.948
-0.80405
-0.4022
-0.9055
-0.43686
-0.41064
-3.18
-0.956
-1.7276
0.0197
-0.15081
6.81
-1.3352
-1.36174
-0.4006
-1.12202
-0.6545
-1.3429
-3.076
0.4594
2.09529
NA
2.5167
2.7662
0.0889
3.2381
-0.2435
-5.9963
-1.5976
-0.5178
2
-1.34081
0.5652
-1.5647
-1.05014
4.4074
1.9396
2.1124
0.8878
0.0755
0.1714
1.835
1.57
0.4793
0.1148
-0.6666
1.1712
11.63393
1.1615
2.94775
1.4577
-2.09664
-2.1256
0.91423
0.804
-3.8704
-0.72892
-0.1371
1.27
-2.3343
-0.763
-4.0175
-0.178
2.84
-1.3771
0.53875
-0.04529
0.31271
0.0802
2.0116
-0.30599
-0.1192
-0.5539
0.49114
-1.1355
-0.6984
-2.229
-2.18857
1.5474
1.4998
2.0563
0.9162
0.33629
-1.9103
3.38005
-1.21469
-0.0903
2.49
1.33019
6.68
8.1
-1.9196
1.0095
2.02205
1.05725
4.04943
-1.7701
2.99
-2.2749
0.7336
1.4081
-7.459
-0.6443
0.8549
-0.69975
2.63606
0.15443
-1.48097
-0.0743
2.4083
1.25764
-0.17755
-0.21829
-0.0872
-0.20919
-0.4525
1.59968
-0.0834
2.02227
1.65227
0.601
-0.7317
0.6551
-4.993
1.0551
1.057
0.0432
-3.4874
-2.0141
4.42564
0.9048
-1.4274
-0.0313
0.56532
-2.46809
1.49
0.5917
2.1047
0.9144
-1.2362
0.80157
0.8402
2.7275
2.19311
-0.0464
2.13133
0.58778
0.1313
-0.81732
-1.833
0.82602
2.86255
0.59559
2.2525
2.6298
-0.5262
-0.5566
-0.6054
1.681
-3.19967
2.164
3.4704
-0.4502
2.46362
-1.69435
-0.9366
1.12912
-1.0727
3.07
0.456
2.8341
1.71
-0.53862
0.0693
0.2437
4.8721
-12.7
-1.8415
-0.34391
0.1214
-2.17668
2.04972
-0.61997
4.3752
-2.2143
-1.41299
-2.3195
4.08
0.301
1.8935
0.2315
1.7066
1.2835
1.8608
1.79787
-2.61642
1.5486
3.8693
2.86697
0.1181
0.6533
-2.3323
1.62021
9.42596
2.6979
-0.8573
-0.6805
0.61816
0.7426
-1.2975
-0.96778
0.25772
1.4642
1.957
-0.0866
1.4816
-0.6586
-1.07744
1.71
-0.9588
0.09849
1.12272
0.2697
3.4653
-0.3726
0.5562
-1.0417
2.37172
-0.0172
-1.013
-1.44199
3.4007
-0.967
-0.2592
-2.253
-0.7832
-5.62
1.7424
0.1915
0.9103
0.4372
-0.4337
2.1708
-3.3499
-1.439
0.2024
-2.41829
9.67
6.59
4.0236
2.51
-0.0842
-1.1882
-0.02449
0.18706
-0.7407
-1.9358
-2.4084
1.5738
1.8688
-2.78
-2.62
1.3911
3.2242
5.6258
0.1585
-1.9971
1.8624
0.89669
4.7956
-0.4116
-1.2109
1.2996
2.0271
-0.4635
0.8236
1.57142
3.04
-1.4269
-1.45825
-0.57553
14.92037
-3.001
-1.88291
0.7179
-0.64548
0.6677
-2.479
-1.09922
0.5452
-2.15
6.0743
0.327
0.97628
-0.1963
2.1155
-1.5808
-0.5227
-0.5976
-6.6855
1.1307
0.61
1.0453
-2.5207
-0.373
2.0419
-6.60174
-0.0336
-0.759
-0.509
0.3248
0.86078
2.82744
-1.12
0.33624
-2.8522
-0.5669
-3.03884
-1.9645
0.2265
-0.4188
1.628
-0.29
0.3154
-0.509
-0.4565
3.0415
-0.6041
1.21298
-0.7791
0.9466
2.2481
0.72563
-1.5969
-1.5411
5.0779
-1.63221
1.05238
-1.5098
0.0338
1.0315
-0.8168
0.589
0.3038
1.249
0.3031
-2.63155
-2.101
-1.5918
0.47506
1.3761
1.29121
-2.1987
0.9976
-0.27913
-0.1974
-1.51357
-3.3285
-2.382
-1.13921
2.3178
2.8012
3.9816
1.0662
0.1083
-2.2918
-2.53
-0.5758
-1.2473
-0.783
2.61
2.2
-2.7949
-2.9658
-0.239
-4.1778
NA
0.2427
-0.751
-0.121
2.22138
-1.14
0.511
0.535
0.43243
0.10236
-3.13251
3.25172
-0.3011
0.745
0.2776
2.60967
-1.1761
1.2662
0.1395
-0.5497
2.1891
0.44061
-1.52787
1.6188
0.2844
-1.46212
3.4668
1.2097
-2.3503
0.365
-0.8198
2.75998
-0.88136
-0.5505
-0.4402
-8.63
-0.947
-0.6124
-0.3337
-0.4394
-1.5709
0.0549
0.585
0.42
-0.7169
-2.0215
-1.338
-1.38104
-1.2005
3.874
4.80977
0.0423
2.08
0.2476
-0.9599
-2.2695
-0.8767
-2.5617
3.2787
-0.246
NA
2.33613
0.384
0.6386
0.748
0.6707
-1.697
0.8603
1.53276
2.78097
3.9772
2.98946
4.7426
-2.22058
0.4797
-0.7536
2.0737
-3.1
7.6991
2.8061
1.674
0.2865
2.7765
-1.0393
0.14679
0.4144
-2.03579
1.016
-0.8478
-1.11975
-1.2481
-2.19112
-0.4649
5.7893
-0.9412
2.9088
-1.91
-1.2924
-1.5671
0.6739
1.36
-0.36857
-0.7772
1.28
-2.9354
2.5634
1.003
1.11319
-0.7272
1.59168
4.6657
-0.5794
1.01002
-0.3099
1.23123
NA
-1.8848
2.8117
1.31131
-2.4821
2.26
-0.4409
-5.0032
1.44
-1.7968
2.00656
-1.0197
-1.3627
3.9605
-1.1646
4.5422
2.2321
-2.7627
-1.58385
-3.60409
-0.77427
0.5612
-5.70277
1.8072
-0.9793
2.0615
5.5877
-0.14624
2.02
-2.7927
0.0512
9.0128
-5.39352
1.1966
2.3388
-1.1712
0.98899
1.72446
-1.2886
5.2244
-1.8281
4.90451
2.0754
0.73534
-0.04369
2.2349
-3.6757
-1.46971
1.49159
-1.19447
-1.8
-0.366
-2.30515
1.21043
-0.1556
-1.4598
-7.22301
0.1756
-0.6023
3.3821
-1.62628
-2.7541
1.7019
-1.26817
4.3693
-3.0007
2.4954
0.3997
-0.22739
-0.81008
1.26166
-1.2578
-0.15921
2.8566
-0.213
-0.9274
0.7028
0.16887
-0.6761
1.5316
1.5707
-1.93
-2.03025
1.85094
-0.862
3.3732
0.5298
6.137
-1.0334
-2.08285
0.3937
2.5486
-0.4356
-4.7186
4.9591
0.7311
2.1436
0.8419
0.7076
1.25836
0.8109
5.7502
0.6719
2.2523
3.5091
0.684
-5.1052
1.6114
-0.49357
0.0182
1.08467
5.5294
0.4083
-0.2689
-1.90059
1.058
1.335
0.393
-2.1424
-0.262
-0.8585
0.3364
2.45484
3.12134
-1.2449
-15.4258
-0.20267
-1.4042
0.70401
-0.8006
-1.0185
0.0648
-2.03
-19.7226
1.32678
1.4994
-3.4281
-0.9512
-0.5483
9.7262
1.4639
-0.9976
3.0511
-1.5745
-1.2904
-0.1
0.9281
5.4542
-0.96761
-0.1299
-0.48777
-0.791
-3.49442
0.29047
0.7373
-1.86999
0.2162
0.8882
0.35281
1.4696
2.48579
-8.1095
-2.3669
0.545
NA
-0.1686
2.3777
-1.10782
-0.56303
-0.5354
-0.644
5.9142
2.3949
2.2253
0.0386
-2.7366
1.40157
4.1335
-1.074
1.17518
-1.2185
-1.4059
1.14162
2.0886
1.0941
3.5365
0.9537
4.9861
1.1552
4.95932
-1.4507
-1.1919
-3.5932
0.396
-0.356
0.2428
0.52131
-2.38797
-0.4074
0.6837
1.08886
0.344
1.6298
-1.5894
-0.951
1.3346
0.844
NA
-0.2637
1.7939
-1.2594
1.79024
NA
-1.5367
2.0248
-1.40289
3.61504
2.3965
0.2004
-5.8689
-1.2872
0.59281
-2.5374
-0.60387
-0.1319
-5.5028
-0.74592
-0.3287
2.2797
3.8688
-0.8537
2.0705
2.4275
-0.2722
-1.3486
-1.6339
-0.9472
-4.6888
-1.42738
-1.61
-3.5505
-0.59923
-5.1104
-0.3075
1.0411
-0.3507
1.8147
-0.1364
3.02495
-0.3174
1.0645
0.1447
-0.0503
2.491
1.3011
-0.4018
-0.1854
1.3041
1.40994
-2.88446
-3.53475
-2.47
-0.092
0.30318
0.2452
2.683
2.2164
-1.7739
-3.76265
0.5337
-0.73054
1.4325
2.1689
0.75966
-1.4424
5.75627
-1.6083
2.25397
-1.90017
1.8861
1.81547
-1.5083
NA
-3.0001
2.315
1.59509
-2.0394
-2.06214
0.4352
2.31927
0.8437
NA
-1.5669
0.9681
-0.4051
-2.6522
2.4659
-0.1722
-7.7966
-1.3222
0.7122
-0.6508
-0.94381
5.4573
0.6598
3.1323
0.2354
0.2886
3.5856
0.12922
-1.4283
-2.9462
-2.1501
-1.9282
-2.5998
2.51576
2.0896
-1.2286
-0.4892
12.662
-0.5666
0.2003
2.22662
-1.4527
-1.82748
-3.86652
2.4439
-0.707
-0.18448
-5.1466
0.3101
-0.9619
2.237
-0.61099
-3.28793
-0.2621
-0.429
-0.3239
-4.1144
0.9522
-0.719
4.57
1.0777
0.8578
NA
2.3815
-5.7407
0.2315
-2.4587
-1.55483
-0.7385
12.31152
3.9303
3.4689
1.3832
-1.7245
-0.4443
1.488
0.2901
-3.76639
-2.756
0.2886
4.1384
-0.3014
NA
-0.7827
0.251
-0.52565
0.094
0.1712
1.0295
1.3604
-0.7314
0.46645
-0.7764
2.15036
0.3437
0.12972
-1.0486
-0.1188
-0.4668
NA
-3.13
0.8881
-0.4796
0.8775
-0.9448
0.9386
-0.4373
8.7104
-5.288
2.69361
-2.3526
1.8305
-3.2669
-1.1433
2.87371
9.0872
1.3212
-0.6485
-2.6351
-0.0682
-1.4824
-2.1278
0.8643
1.1649
-2.7848
2.2456
0.3152
-9.27708
-2.82894
-1.0218
-1.39147
9.45
0.9
-2.5354
-2.4462
-0.44661
1.4028
-0.41121
-1.7216
0.63515
-0.80282
-0.67939
-1.316
-0.0898
2.6163
3.229
0.2666
2.4883
-0.4071
-2.1518
1.1289
-1.4561
1.1202
2.9694
2.2641
2.2806
3.5595
-0.8407
-0.19939
1.7952
-0.13908
1.937
-0.4652
-12.1975
1.32563
-0.5677
3.4398
-0.3463
0.6194
1.3597
1.3221
-1.03727
-4.01
0.8268
-13.5952
0.35007
NA
-0.1719
-1.93618
1.8562
0.866
0.9233
-2.921
3.50933
-0.0482
NA
0.81601
0.4101
7.0948
0.7907
0.15658
0.2532
-1.56366
-1.61005
-1.0066
-1.40749
1.15846
0.0953
-0.2006
-1.96344
1.68
0.2846
-0.535
1.073
5.1988
1.1011
0.2524
-0.8161
1.3301
1.3342
-5.335
0.8639
0.0796
-0.53765
2.3787
-0.2337
1.3024
-6.08
0.7475
-1.0965
1.14281
7.3115
-0.6594
0.4575
-0.981
1.2727
-1.558
-0.81463
-0.5301
1.0624
1.25022
1.51288
-3.3423
3.8838
-0.62409
-0.0149
-2.3523
0.4164
-0.9373
0.1707
1.42079
0.3425
-2.6435
3.5591
0.2783
0.401
-0.0504
1.06956
0.7467
-0.4528
1.03068
0.96019
-1.2932
-1.5726
-4.46598
-1.1684
-2.6688
2.9241
-1.4278
-1.4953
-0.1826
-0.185
-0.5964
-0.64136
NA
NA
NA
NA
NA
NA
-0.4417
NA
NA
NA
-1.01
NA
NA
NA
NA
0.2863
NA
NA
NA
NA
NA
NA
NA
NA
NA
NA
NA
NA
NA
NA
0.3807
-2.426
NA
NA
NA
-0.629
2.5161
2.6536
0.9373
NA
NA
0.4236
1.8358
-0.2091
-6.0057
0.4666
-1.3515
-1.8735
0.8912
2.0196
-1.2535
1.13656
1.3841
1.03
0.1928
1.63549
1.1457
0.2387
-2.2179
-1.7636
1.47
-2.26262
0.7384
0.972
2.3669
1.6675
-0.6841
-0.2584
1.1804
-3.4118
-0.574
-2.5044
2.09
-2.1773
1.2424
-0.46801
1.3737
-0.50536
0.8391
-0.8396
1.4514
-2.3924
0.5264
2.5395
NA
NA
NA
-6.24926
1.2792
1.01164
-0.95889
1.13013
-0.7059
-0.6346
0.00775
0.40988
1.0681
-3.98841
0.1327
0.9858
-0.13575
0.39881
0.31
1.0771
1.13579
-0.74927
-2.99235
-1.1432
0.10092
1.05
2.3497
0.95421
3.93956
3.55492
3.3794
-2.3527
2.7575
-4.18883
2.0269
0.4515
-0.41622
-2.06044
-0.25767
-0.3858
0.2767
2.6488
0.02197
-3.552
-0.78372
0.7941
NA
-1.5863
-4.6203
0.8862
NA
NA
NA
0.4621
-1.6403
-0.8941
1.5183
-0.9817
2.8892
0.453
-2.61211
-0.9239
0.4938
0.0659
0.3701
-0.894
0.78886
0.3893
5.2445
-2.27
0.5809
1.48327
0.5095
-5.27
-0.453
-2.0732
0.048
5.669
2.48158
-3.92
6.8376
NA
-2.1028
0.0938
-0.4477
0.0524
1.5701
0.7663
6.88
-3.7222
-0.3405
2.3545
2.1506
-1.46588
3.0848
-0.5925
0.9776
1.0079
0.38
0.09061
1.5428
-0.2582
-2.45777
-0.01258
-1.9621
-0.04906
NA
1.272
-2.90607
-1.0672
0.80843
3.67451
-1.9416
NA
0.48174
-0.5052
-1.46857
6.50437
1.0514
-3.06357
3.04356
1.1921
-1.1259
-3.2389
0.6535
-2.0844
1.5321
-0.1154
0.3328
-0.80048
-0.7566
-0.8697
-4.6489
-2.00787
2.76
2.2768
-1.54
-1.37244
0.0438
-1.10147
-1.0142
NA
-0.4336
0.43381
0.6955
0.2594
-4.4805
-0.00637
0.6586
-0.2574
-0.5312
2.4641
-0.506
2.319
-1.531
1.82342
NA
-1.0411
-2.2845
-0.7904
0.8947
1.11609
-1.567
-2.90217
5.394
NA
-0.8768
-1.7
0.1809
2.12963
2.20632
-6.1134
-2.67089
-0.24413
-1.6774
-0.82139
-1.01742
-0.629
-3.24373
1.1777
2.1544
-0.77893
0.3732
-0.4587
-3.9605
1.0058
-2.7225
2.2691
-1.5419
-0.9692
2.7217
-0.6418
-1.3182
-0.9586
-2.39324
1.278
-0.845
2.841
-1.3626
-0.0805
-1.75487
-4.0065
1.46133
-1.6833
-1.83606
0.8269
0.64633
0.1109
0.74051
5.33471
0.72262
-1.86303
1.8642
0.6308
NA
0.0488
3.6447
2.2969
-13.5952
1.39842
0.5495
-1.2245
1.8403
1.8419
0.8662
9.3681
2.1617
1.4191
-0.5556
-0.8668
-3.49652
1.71795
3.7929
-1.84385
1.1939
-0.2042
1.03365
-2.3718
1.98974
-0.9326
-0.3829
-0.8415
2.8851
-0.2348
2.75126
-1.8728
-3.1182
-0.83712
-1.63562
0.72693
0.00689
2.4264
-1.34504
-0.5356
NA
-1.4086
-0.5595
-1.5509
-0.7508
0.15967
-3.2965
2.415
1.8502
1.32087
8.78
1.44755
1.6357
3.2948
-0.25138
0.5668
2.60974
0.5205
1.6834
-1.73258
2.3541
0.5592
4.3077
-0.2715
-0.02689
-0.798
1.884
-0.65347
0.0912
2.15
NA
-0.7534
-2.5633
-6.2437
0.49985
1.86543
-1.1252
-2.2841
0.72685
-4.67844
1.5172
-1.39243
-2.9839
-0.3906
1.2559
-0.41959
NA
1.9969
-6.3373
-1.1742
5.14831
-1.06528
2.33458
0.33711
-4.2143
-1.421
2.646
-0.72214
1.32827
-2.63
1.469
-2.6121
-0.7668
4.22
2.356
1.5473
0.4537
NA
-1.49054
-2.6209
0.4725
-0.7565
NA
1.8383
0.3821
0.7669
0.6812
-0.4884
0.8232
NA
0.4236
0.65484
1.4234
4.4937
-3.1876
-0.34775
2.36502
0.82246
0.2906
0.71147
0.5167
-0.24068
NA
-0.0692
-2.6539
NA
-1.10766
-0.8077
0.40309
-3.4705
1.2107
1.4902
NA
-0.47359
NA
-0.26598
-2.5136
-0.864
-0.57404
1.5293
2.25219
0.7917
-1.07747
1.3567
2.19703
1.02906
NA
-0.1496
-1.3554
3.64756
-2.92477
0.9394
0.6399
2.7973
2.95368
0.7354
-0.21077
0.74131
-1.4331
5.2019
-1.466
-2.0248
NA
-1.0174
-2.4965
4.4923
-0.5649
2.0812
0.8865
-0.995
-5.3273
9.39764
8.0938
0.6981
2.3348
-11.8312
-0.7024
-8.9458
-3.5754
-0.6814
-1.97
-1.84263
1.9433
-0.04081
-1.3567
-4.19626
-0.79892
0.7547
1.01
-2.9977
-0.2718
-0.2226
-2.59222
0.4877
-2.828
-2.6209
-0.6748
0.1519
-0.242
3.7523
-1.7515
0.2873
-0.7546
NA
-3.02391
-2.0117
0.2062
-0.04525
-2.64624
-7.54
0.6279
3.9446
0.29423
-3.52966
0.7631
-2.5874
2.2664
-0.4333
1.1478
-1.70575
-3.7413
-1.0427
1.332
0.9838
1.55629
NA
0.5817
0.5989
1.6259
1.26055
-1.516
-2.9758
NA
3.0656
0.795
1.31859
NA
-0.6675
0.7332
-2.9575
-1.6714
0.6749
1.3734
-1.10488
-0.5374
-1.04613
-1.3414
-0.3876
0.9253
-4.8355
0.11677
0.6742
3.9823
4.7839
0.262
0.32994
1.05894
-1.01476
0.501
-3.82873
-1.2605
-0.668
-4.45
1.7789
2.7366
-0.10242
2.34
1.3558
0.1571
1.48876
2.051
-2.5654
2.2252
3.265
1.30201
-1.65094
-1.77614
-0.6557
-2.17689
0.0693
1.7179
-2.64977
2.11819
-1.2701
2.54798
NA
-0.916
1.8728
-0.6047
2.8256
-5.57219
NA
1.0237
-1.22989
1.8776
2.901
1.1653
-3.7422
0.1617
0.2116
-0.52157
-1.77103
2.0745
0.5169
2.44746
2.45
-0.724
0.47016
-0.5778
0.1014
-0.16627
-0.80815
-10.0287
NA
0.2416
5.9796
-0.1097
-1.4585
1.80315
2.8213
-0.0441
-1.2038
0.1
0.5967
0.9161
1.1037
1.0672
-3.18
-1.29
-2.62404
-0.3281
3.9305
-2.58639
-0.5548
0.54732
NA
-2.02477
NA
-0.7797
0.8947
0.60898
3.7511
-2.27769
-3.99342
-1.41
-3.9866
0.7835
-0.4169
0.66
0.3849
1.0696
1.0315
-2.87081
-0.73177
0.0045
-0.9132
-1.2964
-0.1747
-1.9973
-1.2998
0.0215
-2.0298
0.1806
NA
3.6707
-1.2152
3.0445
-4.0084
-3.8286
-2.3882
3.38
NA
-1.79866
0.1938
-2.2632
NA
1.1834
-0.7001
-3.1654
-1.5669
-1.2074
-0.3188
-2.8665
-2.44027
1.8834
1.39141
-0.9588
-1.1345
-0.97186
-0.7492
0.1926
-0.93116
0.447
-5.3077
-0.0427
-0.68794
0.066
1.0257
-0.5451
0.94162
0.3067
-0.4267
1.58588
-0.5387
2.1006
0.4285
2.7141
-1.7883
-0.87715
1.9969
-2.0557
2.98684
-2.19934
1.69251
0.2671
-0.9452
NA
0.317
1.9692
0.2254
-1.7523
-2.6736
NA
-1.7572
0.94443
-0.9072
3.36316
-3.3716
0.8784
NA
-0.3054
2.201
0.1656
-0.0445
-0.0472
-0.5059
-0.441
1.78993
NA
-0.1957
3.0381
-3.9957
-3.9434
0.1822
0.6818
0.3152
-0.1846
0.27711
1.0371
0.7731
7.76106
3.05499
2.5518
-1.6559
-0.49985
2.6855
1.3402
0.1726
-0.2823
-0.6928
-0.04648
0.1826
-1.6242
-0.5284
2.217
4.1907
-1.00767
-3.00195
0.44487
-1.57486
2.5144
2.56235
-2.8858
0.08287
-0.8912
-1.51683
0.14187
0.336
-1.10254
1.69027
-3.3111
-1.6558
1.4919
-2.0807
-1.94481
-0.48335
-0.2024
1.5948
-0.0979
-2.3973
-0.9115
-1.9051
-0.05193
-6.3729
-1.70023
1.4417
-0.9236
-0.201
0.15756
-1.20894
-10.7418
-1.40588
2.16986
-0.56441
-0.39357
12.43678
0.48909
0.48625
0.9993
1.03889
-0.76255
-0.0602
1.1641
0.0519
0.39741
-1.28414
-4.3861
-2.4875
0.0079
0.8778
-1.7101
0.72188
-0.37375
1.5419
-0.3976
3.28
-8.12353
-0.1921
-2.62201
1.99244
-5.5598
1.2
0.5081
1.7602
-1.93932
0.59768
0.99766
2.8175
-1.71
-1.3067
0.89983
4.34631
-2.4609
1.89837
-0.32986
0.7014
-8.93804
1.1595
-1.1751
-3.1426
-0.7527
3.0303
-0.7755
-0.9115
-0.65666
2.12926
-0.0423
1.48718
-0.78035
-2.717
0.08666
3.4628
1.53071
1.77
-0.787
-0.4437
0.4388
-2.3647
2.5143
-0.9652
-0.2654
-1.182
-1.0332
-0.7164
-3.1492
-1.8339
-0.3789
-0.28883
-2.17649
-0.90313
-1.523
-0.9571
1.8546
-1.8382
-1.2493
1.248
-2.7763
19.3522
-0.8277
-3.6308
3.0199
-0.0155
-0.5816
-3.2922
-0.4133
-4.13221
3.7353
-1.4881
0.5512
-1.2108
-1.4122
0.6608
-1.1608
-3.0933
4.9534
1.7911
0.3152
0.5909
-3.469
-2.6723
-1.22
-1.7361
-1.7531
-0.2057
0.3817
1.1643
0.0148
-0.6358
5.62513
-0.2021
1.1388
-0.5763
0.108
0.735
-1.6946
-2.5191
-1.0241
-0.3131
-1.2076
-0.4934
-1.1656
1.3231
0.473
1.1896
-1.3932
1.7267
-0.93566
0.3531
0.7884
-4.8112
-1.4935
-1.1881
-2.0453
2.3749
-0.4323
0.41402
-0.46279
-2.0414
-4.5146
1.87715
0.77159
6.5828
-0.164
-0.2596
-0.8114
-1.0894
-1.4182
-0.12985
2.5635
-0.06507
21.30992
1.89224
-0.8486
0.242
0.25421
-0.3698
0.00111
-0.73877
0.3504
-0.375
1.45385
0.22116
-1.28217
-0.43457
2.05516
1.5486
-1.75159
-1.6933
1.77724
-4.0215
2.28642
0.21866
-3.37474
2.14203
-0.56163
-0.36554
0.8796
5.6959
1.27579
1.3187
-0.84698
-0.1991
-1.1028
2.2903
-0.8318
-5.05
0.5824
2.0148
2.1161
-1.8244
0.22367
-1.8573
-0.0563
0.0328
0.2075
0.6655
1.6063
-2.8207
2.0396
0.4706
1.0976
0.5432
1.7762
-2.8874
1.7217
-2.2985
0.7987
0.5885
-1.2652
-11.2694
1.7248
-0.7958
0.457
-0.94663
-0.2004
-0.246
-1.2096
0.8023
2.4081
-0.3771
1.23
-1.062
-0.7306
0.6627
-2.8603
0.7635
0.8594
0.1309
-1.0339
-0.5565
1.8688
-1.604
-0.9844
1.5214
0.0449
2.2508
1.8877
-0.551
1.944
-1.7241
0.8882
-0.0909
1.8877
-1.7443
-0.7741
2.2474
-0.50405
0.18774
-3.037
0.9426
0.6367
1.04107
1.6324
0.6321
1.80752
-1.7026
-0.5858
0.10991
-0.2504
1.002
-1.1845
5.5942
0.5774
-0.94842
0.48854
2.11
1.2503
2.3919
-0.2496
-5.67194
-3.6605
-0.97321
-1.93194
-0.79688
-5.56981
-1.36333
-2.05502
-2.5128
3.112
1.5218
3.5072
1.13669
1.97999
2.4546
2.3605
-1.02519
-1.4661
0.16607
2.6497
-2.82988
-1.7702
-4.3662
3.1876
-2.3357
-5.60299
0.79344
2.9269
-0.0135
-0.1472
1.2941
1.48853
-3.7395
-3.7133
-1.2626
2.9467
-0.57461
-2.3485
8.41759
0.9764
-1.2256
-0.3702
-1.93307
3.15
-0.78878
-0.08205
0.05444
-1.8219
3.05883
1.6727
-0.52908
-0.86953
-0.0564
0.30741
-6.31671
0.1363
2.7751
-1.5836
-3.21
-1.1019
0.78263
-2.14397
0.9326
0.17126
1.00412
-3.0345
-1.688
-1.00839
0.4407
1.12545
0.3586
1.07562
2.2234
2.66334
-0.5855
0.0765
-0.41901
-1.27
-4.39
-0.11345
0.42775
-4.58
-0.805
-1.04809
-1.86
-3.01
2.65
0.0895
-0.0754
3.25238
-0.27
-2.458
-7.99
-1.27
1.436
-1.73
-1.033
-1.39769
3.52
-0.00666
1.0042
1.88
3.0977
NA
-0.1424
-3.92
-0.09282
NA
-0.2945
1.882
0.0113
1.707
-0.53638
0.2315
5.04
-1.0454
3.72
0.723
-1.92
7.45
-2.9796
0.479
1.0404
-0.612
1.6215
-2.333
0.39523
4.7887
-3.0213
-0.0708
-1.20304
-1.48
-2.22
-1.27
1.49
3.14
0.63
-0.019
2.3633
0.293
0.1732
2.5517
-2.75
4.1456
3.2242
-3.12
0.515
-0.1088
-0.2539
0.4654
-0.0247
7.5889
-1.8168
0.0129
1.2095
1.0766
-1.78
0.303
-2.92
-0.731
-1.2049
-0.0434
-0.6824
-1.5065
-1.0716
1.2978
2.7282
0.1793
-1.5496
-2.4345
1.5
2.44
-4.2611
2.0181
2.0389
2.933
1.1608
0.5537
-1.0136
-1.6993
2.3736
1.3005
4.9578
-0.6202
-0.9246
-0.6174
1.7393
-0.1516
0.1995
-1.03
-0.2666
1.2775
0.7559
5.9301
0.4988
1.0732
-1.5536
-1.9043
0.2035
1.1408
1.40836
-1.4711
0.9236
0.2092
0.8557
-1.9626
3.6453
0.99064
-0.2872
0.8723
0.3216
1.2836
2.3753
3.4752
-1.6705
3.8064
1.5929
3.509
-1.8189
-4.5178
-1.78424
-0.70078
0.5629
-0.8435
1.6728
-2.17782
0.4974
-1.1617
8.8927
7.5059
0.90301
-0.81229
2.4152
2.5392
-8.3985
-3.86084
1.0277
3.1861
1.7112
0.1547
0.3666
0.00807
0.7716
1.16143
2.7761
1.3546
NA
0.9921
-0.53394
-0.9193
0.3658
-1.2933
-1.68
0.0242
5.3578
0.822
0.884
0.3116
1.6083
-0.0611
2.0324
-2.7982
0.228
-0.03978
-1.3893
0.541
-2.6078
0.5685
-2.8564
NA
-1.7455
-1.35495
-1.1702
-3.14127
0.2239
-1.3924
-0.0723
-0.1379
-2.29044
-3.8654
0.23847
0.5474
0.0691
0.5326
2.5775
2.46997
1.1506
-0.2012
1.413
-2.19042
0.22597
0.9993
1.42794
-2.18337
4.22123
-3.11905
1.6812
NA
1.6732
0.01749
0.14471
1.46676
-1.18354
0.68677
1.97994
2.56498
-6.7781
0.5652
-1.4289
-0.2225
-5.5419
6.90767
-2.1696
2.05444
-0.64444
-2.94166
NA
2.1453
0.96713
0.564
NA
-2.0761
1.6034
-0.979
-1.0102
-1.1997
0.5442
-0.418
1.48178
-0.02393
-0.55957
5.5955
2.02447
-0.4135
-3.0854
-0.4693
1.246
-1.29513
1.43
0.6924
4.1704
0.6418
0.0459
-0.94936
3.23207
4.2502
-1.51835
1.2349
0.3934
-6.3703
-0.0411
2.5693
1.1462
-2.0296
1.60622
0.361
-0.4355
-1.3297
0.0252
1.5183
1.0321
-2.46319
-3.36462
1.1801
0.0973
-0.5847
1.8594
-0.0646
-0.6172
-2.339
0.7284
0.3432
-5.0726
0.8213
2.3107
-1.8453
-1.57405
-3.39871
-0.307
NA
0.0821
-0.0118
-0.34581
-0.3309
0.29251
2.549
-9.04782
-2.8081
7.19
6.31396
1.29814
-0.1066
-1.1984
0.8106
-2.572
-1.2135
-0.36118
0.21807
-2.8762
0.1213
0.5256
-1.31
-2.602
-2.13716
-1.41
0.1767
2.1112
4.00741
-1.92
NA
0.0069
0.9672
-1.1461
-1.2679
-0.0813
1.0438
-6.56
0.5964
1.4029
1.9436
5.44687
-2.2372
-1.1176
-1.92
2.0766
1.0979
0.125
1.6186
1.47
-1.67
3.41601
-2.37444
-2.7309
0.743
0.1986
0.8725
-2.8
4.32464
3.7849
0.8388
-7.66
-1.1367
-0.808
1.92
1.5021
0.4604
0.6172
-2.2196
-2.88354
1.1826
1.29118
0.3352
3.66
3.17401
-2.9457
-0.17347
1.6453
1.97
0.26263
-0.5403
5.0942
1.919
0.659
2.8559
2.8111
2.10113
-3.27
-1.311
2.0533
-0.3357
-1.32
-0.5076
0.63043
-0.3439
-0.496
-1.88
-1.0047
-3.0862
-2.4276
1.73
2.6456
-1.0476
0.4098
-0.1732
1.8565
-1.95
3.65
0.942
-1.6534
0.48889
3.14
0.2629
-3.3658
-9.26796
0.23192
-3.6302
-1.37601
0.14786
0.87492
-1.5819
0.3162
0.108
0.3221
5.9703
-2.5212
-1.7878
2.7374
-0.63253
-1.30745
-0.066
3.69067
-3.9605
0.76237
0.3121
-0.0378
-1.9626
1.3664
-3.0632
1.0732
8.40234
0.5691
-0.5098
-0.9693
-1.4561
1.0145
-1.3553
-0.9529
-3.81
1.56
-2.3883
0.90214
1.25016
0.6536
-0.2724
-1.28011
2.166
-0.6125
0.276
-0.0297
1.02
1.0914
2.1578
-0.1038
1.06126
0.97771
2.1006
-4.1
0.7357
2.62
-1.2692
-0.6223
NA
NA
1.9747
0.23335
2.33701
-2.1805
1.0489
-1.6993
-1.3479
-1.6079
0.2119
0.9313
-0.99701
0.4556
-0.3082
-0.0905
3.65
0.5194
-1.59968
-1.9608
1.6104
0.8038
2.8478
-1.8113
1.81918
-4.31973
0.3976
0.7337
-0.79375
-2.2887
-0.8264
NA
1.9969
1.27287
-1.7304
1.5364
-1.5591
-1.6085
1.75233
4.1082
1.6165
-2.98119
-1.34102
1.6209
-0.4572
-0.1001
1.1571
1.4318
0.3803
-3.0443
1.3276
1.028
-2.2072
-4.1261
-0.8027
