-0.8734
3.55342
-0.84757
2.97157
-0.5138
0.49915
-0.26127
3.4933
-0.08962
-1.31
-0.5371
0.59463
1.6415
-4.1889
1.6935
-0.114
-2.41929
7.84303
-2.1376
-0.4869
-4.58
-0.745
0.126
-0.20761
-2.39466
-0.9906
-2.8254
2.21
-0.5584
0.73508
-1.57712
-2.98172
-1.4589
2.62
1.7195
1.65256
-3.8956
1.79
1.03144
0.43108
1.9
-0.3111
3.50688
-1.6431
-1.3337
-0.548
1.0146
1.75
-3.8173
1.64
0.387
0.4455
0.194
-2.1035
0.0264
0.5588
-1.5175
-4.04099
-0.75775
1.5062
0.79821
2.39366
-3.42
-2.764
-0.87749
-1.3783
-3.48
0.89152
0.86051
1.13255
0.5411
2.31303
1.97566
-0.74808
1.03511
0.5794
0.6585
-1.1811
NA
-3.10043
0.25068
1.79307
-0.267
0.752
-2
-7.03
0.5743
1.8613
3.6451
-4.9005
3.3582
-2.2486
1.4997
-0.5012
3.2737
0.75013
-2.78648
-0.74171
-2.76
1.6504
1.49166
1.06669
-0.7734
1.1066
-2.3782
-1.0323
1.09916
2.8128
1.24513
0.861
-1.25842
-1.43504
-3.1944
1.72736
-0.3896
-2.5757
-0.7183
-1.616
5.13091
-0.24317
-2.06447
2.4927
-0.7997
-0.2344
1.44726
-1.1222
-1.3054
-0.4089
-0.26817
3.04002
2.1891
0.2732
-3.0022
5.9035
0.8925
0.5397
-4.82527
-0.96299
1.3529
-0.70326
-1.66114
2.46695
NA
0.1063
-0.4387
0.0391
2.15956
-2.10934
-5
NA
1.4115
-0.4195
-1.66709
0.2673
-2.3738
2.1813
1.74033
-4.98905
3.2169
2.13
1.95658
1.0347
1.03669
-0.7268
-0.4307
-0.8923
0.16953
1.29183
-1.3385
-0.2719
5.58
-1.0945
0.5382
0.36504
1.0253
1.2629
1.16415
-0.4484
-2.95
1.6522
1.1951
1.3321
1.09598
-0.347
-1.0655
-1.22695
-0.2612
0.4874
0.48089
1.45221
-0.2291
1.9661
-0.5813
-2.4838
-0.0871
0.0828
0.8235
2.4759
-2.85494
1.7092
0.3168
1.90364
-2.49501
0.0913
1.1594
-0.762
-2.6364
2.003
-1.1743
0.1871
-2.0828
-1.1484
-1.037
0.23928
0.1903
-0.2035
4.1868
9.0121
2.2342
3.2787
-0.03984
-0.5614
0.09641
-2.08069
1.5915
-3.83165
0.87286
4.5205
-3.7827
-0.9062
0.2431
4.3322
-0.92442
-0.2986
1.36046
-3.47433
0.4229
0.57455
0.44526
9.4194
-1.56709
0.34572
-1.141
1.0722
3.0145
-0.3642
1.35092
0.9649
-1.6062
-1.00171
-1.8212
-1.0234
1.903
0.60624
2.22
5.21681
0.4992
-2.6137
-0.13092
2.3498
-3.06776
-2.6093
-1.6605
-0.96776
-12.8906
1.44965
-0.8342
-0.95147
0.38256
1.9075
-4.7266
7.9972
-1.0087
3.1118
11.2001
-1.9005
-0.485
-3.3301
-6.4445
4.3573
-6.5508
-0.08396
-0.0822
-2.91306
1.5247
1.806
0.4841
-1.18084
-0.25638
-0.417
-0.8404
-1.03523
-0.51239
0.4619
-5.0916
1.22148
1.82814
-0.3628
1.6723
NA
-0.0562
-2.3601
-0.87767
-2.32788
0.2605
0.5165
0.7204
-1.3056
1.9157
-0.8451
-1.46
4.17263
-2.24523
-0.147
-0.885
1.34
-1.0085
-0.2435
0.8475
-3.92564
-1.479
2.3288
-0.89354
0.02
-0.8524
-0.6044
0.23016
-0.7257
-3.22723
-0.6308
-1.7936
0.54427
1.8016
-0.043
-0.565
-0.1883
0.5205
1.36
2.33333
0.05061
1.4844
-1.80162
-2.2895
1.49
-0.1934
-1.1915
-0.0501
-0.2688
-1.6268
-0.9729
1.76525
-3.177
-0.43083
-1.8119
0.826
1.28583
0.47097
-4.34
-1.6655
-0.9984
2.9378
3.4734
-0.0588
0.32286
0.29113
-0.8372
-0.88928
-9.5342
5.1307
-4.38723
1.1035
-2.42716
4.00527
0.53
0.6479
-3.45
-12.7
-0.1046
-1.4193
1.2982
-0.3016
-0.2782
0.1644
1.3069
-0.46867
-2.35
-1.8154
0.09203
0.69931
2.0446
-2.06392
0.20465
-1.1258
1.42597
-0.73659
1.04251
-2.16218
-2.9786
-0.4303
-1.3641
-0.0113
0.3234
-0.23815
-0.4121
-1.77802
1.31735
-2.0878
-2.92436
0.1796
-1.01388
-2.2305
1.84753
-1.65775
-0.13924
-1.94081
-2.4769
-1.9894
-2.11616
1.0479
-8.0051
-1.7404
0.99383
2.30451
1.6412
1.95329
2.41927
1.30483
-0.7951
-2.33596
1.09219
1.1399
2.455
3.53332
-2.9015
-0.01808
-2.4053
0.75413
0.00501
-0.32831
-0.40487
-1.8613
0.0401
-0.5488
0.8868
1.05657
1.03527
4.8706
2.22056
NA
0.20381
-5.6656
-2.3468
0.53943
0.0628
9.1933
-0.0566
-0.5054
-0.83422
1.9218
-1.5613
0.1788
4.8988
-2.36243
-1.2624
-2.04837
-1.2017
0.1772
-2.01836
-1.2926
-0.78555
-1.2892
0.6401
-2.2688
-0.83444
2.4275
1.97852
1.3812
-0.221
-0.743
0.2239
-2.306
4.2476
1.5518
-0.3962
-0.1135
-0.1498
2.6429
-0.25258
0.65876
-1.7137
0.6168
0.47861
0.5165
0.3092
-0.5635
-0.2774
0.3422
-0.3831
1.5618
-1.8811
-1.03707
2.0009
1.4204
0.36609
0.31311
0.1664
1.6265
-0.758
-1.7689
-6.12639
1.436
1.54533
-5.44928
-0.1667
0.1621
-0.0401
3.524
3.2144
-0.70509
-1.1091
-2.5939
0.8072
2.109
-8.83536
-1.56978
1.94551
-0.32703
-0.39515
3.3499
8.8353
1.63074
-2.71877
-0.518
-1.5077
-5.09532
1.5738
-3.88
4.03
-0.1253
-1.72689
-0.84816
1.1776
-1.1566
0.6723
-1.761
4.11919
-1.1447
1.12616
0.5415
-0.4661
1.45362
5.3347
-1.1301
1.0362
3.47804
2.7707
0.4251
-9.04075
-1.6493
-1.5166
-1.01539
0.0011
-0.41462
3.97561
-0.20655
2.9091
0.39706
12.1677
0.9832
-1.4136
-1.7025
0.9172
3.52
2.5941
-5.7093
-0.8374
1.78576
1.7522
-1.8065
-1.2384
0.658
3.81
-3.6357
-3.2988
-0.797
3.59153
0.4225
1.43789
-1.2126
2.01287
-3.3128
0.45344
-4.08813
0.25462
-0.629
4.2333
-0.84148
-4.1249
0.28981
1.9385
1.0021
6.45999
-2.8445
1.7117
1.0907
0.6094
1.48929
-2.79
-2.57
1.28
6.37
0.06362
-1.4702
-11.0531
2.253
0.6823
1.9655
1.26572
0.1949
-2.16087
0.63587
-0.50357
1.5723
0.201
-0.896
0.78546
6.333
0.4125
-1.1634
-0.7485
-2.1
0.18011
-0.09388
-1.7709
-0.071
0.7311
0.7847
-0.14353
-2.4567
8.8489
-2.1302
-3.1572
-1.23553
-1.39406
-0.2078
-0.6415
-1.09254
-0.81335
3.6897
-2.81071
0.74286
-0.7835
NA
-0.2585
0.96046
-1.01367
-0.3638
-1.3902
-0.1128
-0.823
-1.84583
-0.003
-0.0358
-0.7842
-0.2761
-1.1597
-8.5519
6.3208
-1.45012
0.14513
0.93
0.0565
0.0306
-5.3739
0.1384
0.1543
-1.719
1.6084
-0.20755
3.669
-1.17614
4.14229
1.52454
-1.17878
-0.45214
3.12235
1.675
-0.83705
1.9051
3.82416
3.79906
1.9433
6.52997
-2.9661
-0.0933
0.69621
-0.3997
1.81584
0.7429
-0.0827
-1.43298
-0.5575
-1.26411
1.5024
1.3351
0.4354
1.2211
-1.17427
0.71378
-2.9122
-1.16228
1.86571
3.14284
0.38297
-0.02471
1.22873
2.6291
-3.9094
7.66616
-2.04997
-0.75329
-2.7215
-0.56571
-2.99923
5.9964
-4.62308
3.25601
2.0437
3.2187
4.3919
-1.69596
6.37629
-7.44563
-0.02437
-3.1839
0.60952
-14.3659
-10.00095
-1.93105
2.6045
5.14605
2.08339
2.05308
-1.0859
-0.13128
0.43085
1.34508
-1.6589
3.1914
2.1163
-6.26958
5.35722
-7.33412
0.2143
1.7734
-2.92392
-2.80019
1.6186
-0.5672
0.4001
1.3154
2.2956
0.8563
0.58981
0.696
0.09338
1.7795
1.03351
-0.7339
-0.33095
-0.87547
1.0098
-1.20418
-1.11032
1.39908
-1.62297
0.00252
0.62001
-0.0037
-1.5467
1.36393
3.04676
-1.05653
-0.75675
-2.62008
5.00048
-1.3755
-10.48095
-0.5797
0.47894
2.0856
-3.2739
-0.45766
-1.27981
0.89885
-2.42979
-0.8548
-1.94463
3.2284
0.4467
-0.03243
5.01781
-0.7535
-0.25863
1.3996
5.39879
-1.38875
2.18427
-1.45795
1.4647
-1.336
0.15851
0.50309
0.7073
0.73792
-1.2162
-0.65632
1.45932
-0.0433
1.822
0.4391
-1.99046
-1.59126
-1.2057
-1.90985
1.5543
1.3221
-1.3422
1.0709
3.47543
-1.59
-1.63131
-1.53008
0.89482
0.8365
2.02053
1.37413
-0.014
-1.24238
0.4909
-1.90955
2.1075
0.4546
-2.0237
-0.9163
0.3655
-0.0585
0.2375
-1.49896
-10.2969
4.5491
-4.94665
4.2605
-1.82287
3.2546
-0.27241
0.4047
0.68135
-0.87449
0.82683
0.52223
-1.43401
0.3805
-0.10179
1.384
0.24543
-2.33611
0.06684
-1.95607
-3.27965
4.68362
-1.2847
-1.92257
1.8013
1.1859
0.05009
0.98464
0.7977
0.7046
1.8966
-0.09508
-0.73732
-3.09276
0.85825
2.6061
1.64124
2.62505
0.14042
3.45649
-1.1031
1.82548
0.48672
3.19878
-5.86734
-0.57822
1.7269
-0.05658
0.46166
-0.80844
-0.5092
2.4937
2.5103
-0.1532
0.7115
-0.9819
0.4338
-2.8304
-1.1682
1.047
-5.444
-0.57395
0.83295
-3.73467
-1.01184
2.10797
2.67163
2.0596
-1.97754
5.7055
1.28295
2.82677
-16.1109
0.63521
-1.8363
1.106
-0.83799
1.5128
1.85676
-1.32108
-1.46307
2.44763
-0.87084
-0.77796
0.44661
-0.27669
-3.0936
1.438
1.6126
1.8517
0.986
-1.8341
-2.526
-1.2528
-0.0348
0.8572
0.8575
-2.1081
-0.8205
4.1178
0.7474
2.3269
-3.8738
1.0047
-0.2683
-2.5082
0.4734
-1.5354
-1.5715
-16.7469
23.1597
4.7013
3.5874
-0.2244
0.9496
1.9086
0.3573
-0.1556
1.8257
-0.3336
0.6258
-4.597
1.9794
-1.9848
-5.6937
-0.19576
0.182
1.0689
-3.0197
-19.7127
-0.3049
-13.5131
3.2426
1.3658
3.8839
0.1071
-1
1.6012
-0.5009
4.0147
2.3447
-0.5181
-3.8204
-1.6656
-0.4258
1.9626
0.8365
-2.3858
-3.6662
1.1601
-1.9372
0.0988
0.2656
-2.0365
1.3636
3.2939
-2.36276
0.21015
-1.52937
0.55873
-0.23645
0.0557
-0.83356
0.0411
1.2587
4.85508
2.97877
3.98824
2.54291
2.2631
2.37534
2.16144
-0.2525
1.76388
0.55013
1.4597
-1.42349
2.54392
0.23272
1.36755
-1.39945
2.4706
0.139
2.57804
-3.30151
-3.0157
-7.1496
-3.7185
-0.32967
3.01318
0.87669
-0.3615
1.69651
3.564
1.52669
-1.0729
0.34057
-2.01624
-0.23153
-1.22379
0.09593
-4.3235
1.484
-1.2701
-2.83177
-0.1486
1.0342
-0.30485
2.5013
1.91532
1.8031
1.2686
-2.6203
-1.5449
0.1739
8.8637
-0.3905
0.0839
3.6479
0.8205
5.0634
0.1401
-0.9918
-3.209
1.6552
-2.2694
-4.2711
-0.1743
-2.6252
-1.8832
-0.1374
1.0054
-1.0031
-1.2379
2.2566
0.3663
-2.1931
1.7428
-2.93649
0.62283
3.04498
4.78581
-0.39102
3.21275
-1.53594
-0.3531
-0.783
1.1311
1.04419
-0.062
-1.16607
-1.1961
-0.36924
1.34031
-0.54773
-1.0335
1.83355
1.25492
-0.5222
-2.4483
3.75802
1.11
0.0199
0.797
-0.835
0.0241
-1.45
6.7
0.581
0.55
1.72
4
-4.58
5.87
3.86
-3.08
2.5
5.72
-8.63
-0.312
3.71
-1.89
7.88
3.37
-0.956
-0.893
-1.18
4.45
-5.1
6.07
-3.37
6.29
0.646
-4.6
0.858
-1.81
-1.21
1.41
-2.36
0.342
2.13
3.35
-0.996
0.927
-1.75
0.766
-0.712
-2.49
-1.26
3.46
-3
-1.0675
1.00053
-0.38466
-3.477
-2.28683
-0.50265
-0.2952
0.83262
-0.7731
0.9972
-0.74171
-1.12858
-0.04801
4.82413
2.9911
1.2872
0.99816
0.48427
0.1197
2.06552
0.1708
-0.60586
9.6818
1.0171
-1.577
2.12184
-0.7037
-0.26181
1.41617
1.8031
-2.16051
-0.88689
0.63077
1.50779
-1.5282
0.40688
-3.19117
0.32532
6.832
-0.6892
-1.3526
-1.81124
2.7835
0.02055
-4.8573
-0.06359
-2.43678
0.84345
0.2188
0.8111
0.3131
2.0881
0.8771
0.2741
-3.7681
-1.6043
-1.7434
-5.1002
1.7113
1.1731
-1.4414
-0.7853
0.7397
-0.2248
-4.1949
-0.2848
1.7219
4.8575
-7.8615
24.4568
13.3637
-8.7615
-0.9536
-0.412
6.1621
3.1196
1.2609
0.7334
0.5337
2.1695
0.75
-0.0428
1.7567
-1.245
-0.2554
1.7058
-0.8387
0.7143
1.6223
-1.1811
-0.3564
-2.0322
-1.9258
-1.3618
-0.497
1.654
-0.8688
NA
NA
1.77041
0.26159
0.5926
0.6799
0.21575
-2.6794
1.5682
-0.2457
-1.9153
1.87416
-0.5026
1.7499
0.32646
0.199
1.5254
4.0953
1.3744
1.75214
-0.1307
0.0427
1.10662
0.90953
0.97668
-1.7547
-2.23179
-0.38893
1.5692
1.07673
0.5019
-0.4034
-0.6159
NA
NA
1.98927
-0.06525
NA
NA
0.6276
8.6773
1.4783
-0.71959
0.34007
-1.25953
-1.04448
NA
-1.01593
2.39659
-2.75433
0.565
0.92415
-0.53022
-0.3784
0.3041
-1.85945
-1.4123
2.14191
-1.1855
-1.8841
NA
-1.1426
1.7589
0.7139
3.4589
3.1341
2.2165
2.0521
-0.2579
-0.446
0.5946
-1.6592
1.2304
0.8521
0.9364
2.4646
0.1571
-0.4827
-0.1646
-2.3318
-0.1076
-1.3295
-2.6014
-0.702
-0.5459
0.6752
0.4945
-1.2226
1.3523
4.1069
1.3172
-0.4709
-0.1116
-2.3603
2.5485
-0.7942
0.3934
1.052
1.556
-0.50386
-0.06967
0.27242
-1.4508
2.46862
1.4056
0.93393
0.06227
-2.24311
-1.53977
2.4099
-0.19517
-1.8482
1.3897
-0.48074
-0.7516
0.89386
-0.6674
-1.54699
1.97117
4.0833
-0.0548
-1.08834
-1.94915
-0.16927
-13.13328
-1.97143
-0.2529
1.1433
0.84862
2.24989
-1.22757
2.80474
0.59805
1.31475
0.2214
1.3219
-1.2906
-1.1238
-2.9288
-0.2277
0.2265
-0.7204
0.8826
1.1702
-2.8566
-3.3228
-0.9389
0.424
8.0316
-1.6608
2.7251
6.1778
2.2474
-2.3604
2.3974
-0.2074
0.0295
-0.2164
-2.6564
1.7517
-0.4986
1.556
-4.7278
0.1803
1.6811
1.7923
-1.0501
0.6998
-0.4578
-1.3629
-1.4894
4.2631
1.3493
0.0373
3.9335
1.2344
-0.1241
0.8776
1.529
-1.3748
-1.3867
-1.3956
0.5328
-1.253
0.1933
2.1035
0.5331
-2.6425
-1.1004
3.7895
0.6507
0.792
-2.1524
1.9423
-0.7899
2.4494
-0.11966
0.96484
-0.94104
-0.51286
-0.7888
-0.42743
0.292
0.85426
-1.2107
-0.57676
-0.39711
-2.925
3.2461
2.0564
-0.3911
-1.50687
-0.38095
-1.2425
-2.70246
-2.99418
-0.3027
-6.3907
-0.173
1.14248
0.15965
-1.2522
-2.67691
1.35342
-0.5601
1.108
4.3572
-1.5901
1.85569
0.6969
-0.70185
-3.76702
2.16296
1.38505
-0.09445
0.18721
1.8855
-0.0779
3.3646
-0.47709
-3.41095
1.84853
-3.34315
-2.64512
-0.00938
2.52897
1.20343
1.09908
-0.42636
1.91301
1.1862
0.9161
-2.56511
-0.7508
3.13135
-4.44977
2.914
0.99138
3.0321
0.277
-0.5029
-1.1597
-0.1432
-0.6804
-2.8612
1.43433
-0.52273
-1.76304
-0.9638
0.1175
0.7763
0.34593
2.20159
-0.62255
-2.71059
7.74662
9.77151
-0.9734
2.47997
0.00673
0.1763
4.8118
0.72141
1.0902
-2.1551
-1.84306
-1.12663
-0.08197
-0.6329
-2.3457
1.28663
-0.1889
-0.2937
1.827
-1.7348
0.9074
-0.1051
-0.8203
-0.1137
-0.94766
4.47916
-4.3557
0.17977
-0.47581
-0.6228
1.2614
-0.9181
0.1998
-2.7048
-1.9043
1.4029
0.8735
0.4301
0.07231
-0.10455
0.57776
2.2382
-0.7987
1.03909
-0.3124
0.30957
0.5879
-1.18859
-1.99474
-0.2196
1.103
-0.6567
-14.7386
0.6274
-3.9248
0.09308
-0.17458
0.7636
0.12518
-3.78665
0.65252
1.1904
-0.71239
-3.02
-0.455
-0.5168
-2.3868
2.2301
5.3717
-0.4862
-2.3959
2.4974
0.994
-0.83085
2.1067
0.148
0.7871
1.6405
-0.7035
-1.2469
1.6517
1.0074
-2.3065
1.5355
-1.1552
1.058
0.3926
-0.0525
-1.2601
0.2921
0.0205
1.81458
-1.04432
-3.19705
2.92
-1.51
0.636
-0.1214
1.06322
-0.315
2.2126
1.7445
-0.7735
-1.2827
-0.9009
1.05371
-0.42835
-4.49467
1.53467
4.88862
0.8322
-3.6675
1.24926
-0.39398
-4.21618
0.38893
-0.82043
2.0694
-3.9411
-2.1673
2.2469
-0.9338
1e-04
-1.12405
-1.4261
6.0467
-1.5631
2.87867
-1.60384
-0.57265
0.16925
-0.07598
-0.60155
0.3787
2.9358
1.32058
0.6409
-0.84557
-0.2096
-1.23702
-1.1866
0.99541
1.02357
2.07227
-0.9193
-1.7247
-1.9314
1.895
-1.5552
-1.3911
0.3233
-1.2829
-3.90224
0.80464
1.46441
-6.92463
0.23309
0.1344
2.992
2.3282
-1.53423
3.371
0.198
-1.9313
-0.9518
0.107
5.2109
-1.2013
0.1164
-1.8406
3.1215
1.278
-2.396
0.0998
-0.7001
1.2108
-0.20848
-0.9182
-1.7223
1.5946
-0.1519
1.1439
0.4616
0.0427
0.8988
0.1455
0.76428
0.98661
-0.17382
-1.131
-2.82849
-1.75031
0.5373
-0.51091
-2.06114
0.4074
0.7525
-2.7734
2.4739
-1.4257
1.8831
-0.781
-0.6704
-3.5941
NA
0.1899
NA
NA
6.2878
NA
0.9551
1.79743
NA
-1.3383
NA
2.3985
-3.0815
-0.3346
0.4228
-0.30065
-0.52037
-0.20463
1.22902
0.87485
-0.5069
2.4067
-2.6247
2.11381
-2.53508
0.18341
-3.1585
-1.87272
-0.4456
-1.4828
-1.56
1.546
-0.0613
2.0572
-3.5601
3.47532
-0.0312
0.113
-0.543
-2.96
1.0685
-2.229
-0.87279
-1.5428
-0.3792
7.1381
-1.0491
-2.6088
-1.2078
-0.2118
1.9485
-3.4219
0.6824
1.2434
2.70542
2.16101
-1.29794
1.6351
0.2302
-1.79965
0.13812
-0.0901
0.5783
0.2869
1.50846
-4.56378
0.05083
1.22977
-0.49027
-1.30524
-0.75094
-0.35258
0.71795
-1.20241
1.2131
1.46715
-5.4346
0.62421
-0.8204
-0.80444
-0.2202
-2.16969
0.226
5.66209
-1.0918
-3.1828
-0.79482
-1.9929
-1.06893
-1.6623
-0.2699
0.7864
-0.7934
-2.1536
-3.87682
1.36
-0.89979
4.51
4.1245
0.11033
-0.6931
-7.1721
0.51937
-1.06
-1.41409
3.5741
-1.3197
-0.2892
-0.6193
-0.0119
3.1091
0.86837
-1.1906
-0.1734
3.4283
5.0136
-0.4869
0.17383
-0.29684
1.47845
0.53203
0.978
0.08203
2.0674
1.942
-0.0984
-0.3611
-1.1699
1.1781
-4.4648
0.7052
-0.444
1.66484
-5.90655
-0.77707
-0.05457
-1.90619
0.50183
-0.05411
-3.94923
-0.25515
0.6381
1.65247
3.7631
3.1867
1.1299
4.01797
0.5551
-3.1898
-1.05
2.74856
4.0774
0.43804
3.31488
-2.8491
-0.241
0.000869
-0.486
0.54195
-1.36891
-2.45641
0.61769
2.66289
-2.09355
1.8708
-1.296
0.8301
1.4612
2.029
-2.1288
-0.9408
3.2177
-3.5129
4.2292
-3.5008
2.0074
-0.1927
-1.6112
1.748
2.21125
-4.1035
-1.0205
1.2318
1.354
-4.64992
-0.68142
-6.25
-0.0254
-2.39
-1.06549
7.884
-1.1425
-1.6216
2.9532
0.5071
2.2534
-0.7267
0.80942
-1.37072
1.1646
-0.38136
2.4741
0.60906
2.01081
-0.655
-0.3214
1.8095
2.55
0.38
2.35661
1.9876
0.00235
-0.0962
1.72183
1.54
-0.7015
2.599
-1.165
-4.8112
-0.4267
-0.4102
-1.62
-1.8916
-0.8748
0.8518
-1.5015
-0.8311
0.237
1.469
1.5587
-0.07411
2.4168
-0.5439
-1.1325
3.4496
3.8611
2.0104
4.5148
1.2238
0.4954
0.4479
-2.4543
0.28065
0.9108
-1.2422
-1.0988
-0.4804
-0.3566
-1.162
3.9803
-1.45166
-3.5815
-2.007
-0.26299
-5.1728
1.0813
-1.4587
3.44889
0.08939
-0.6569
-2.3549
3.9788
0.4771
1.707
3.6755
-1.16092
-5.0492
-0.894
-2.96099
2.3868
1.0565
3.10016
-1.74173
-1.85841
-1.766
-2.24348
2.244
-0.03176
0.5102
-2.81595
-0.1029
0.4436
8.8468
4.79
0.5038
-1.2114
-3.08387
1.1195
-5.54
-2.8302
-1.00342
1.54452
0.5547
-0.7432
-1.4499
2.86
0.15
-0.7061
-1.20816
-4.6522
-1.7413
-0.592
3.1323
-1.3613
0.502
1.5745
-0.48163
0.30862
-2.8383
0.154
2.48608
-0.0691
1.74668
1.6924
-3.4464
-0.3019
-0.0152
-1.208
-1.37
-3.88
-1.6237
0.03622
-2.2119
0.232
1.04
-0.588
1.25
3.3
0.6117
-1.98934
0.89712
-2.17491
-0.01844
1.29837
0.37955
-3.74678
-0.8598
-4.27379
1.63482
2.1611
-1.16734
2.12251
0.6348
-1.7131
0.9023
-0.35367
0.08952
-0.29596
0.03131
2.0416
-0.0678
2.6155
-3.185
3.28406
-0.9509
-0.5298
-2.42919
0.18811
-0.10464
1.33733
0.15523
2.90864
1.63909
0.74821
-2.4452
3.9769
1.7456
-0.38745
-0.7448
-2.2551
-0.1698
2.3618
0.26643
0.37934
0.2925
0.8226
-2.16513
-0.58725
1.02321
1.8063
-2.6437
-0.71223
0.63593
-0.48321
-0.48757
1.1533
1.7298
1.30096
0.5635
0.6457
4.46344
0.6597
1.956
2.59458
1.2156
1.9528
-0.4247
-3.13646
-2.3249
-0.2501
1.7775
1.514
-1.8425
-2.5463
-1.84341
1.0851
-0.0737
-2.34252
-0.43082
2.0887
0.7347
3.52866
-8.18325
-1.71312
-1.5636
-0.8622
0.50371
2.4678
1.93286
-5.37705
3.376
-0.0774
-0.3164
-5.0726
-0.6758
-2.5072
0.7589
0.7819
-2.9481
-0.32253
1.3709
-0.9658
-0.0347
-0.7013
2.0276
1.0568
2.6043
0.4695
-0.2753
-1.1295
1.9098
-1.5242
-0.8354
2.4315
-0.03255
0.3497
0.32292
-2.33034
-3.52472
-0.8193
0.9628
-0.538
-0.3204
-4.6213
0.3982
-0.2515
0.6038
1.0588
1.1251
2.38393
-1.123
-4.4427
1.1018
-0.3427
-1.8865
0.8303
-0.4041
0.8068
1.46029
1.8053
-0.47623
2.93804
0.80589
0.15708
-1.1484
0.80016
1.57605
1.1583
0.77155
-0.04864
2.4003
-0.5267
-0.0325
1.8972
0.8476
-3.2225
0.6693
-0.0251
3.7165
0.2138
1.3856
1.5361
-0.845
1.2522
1.1434
-0.4875
0.9848
-0.2131
-2.3589
-0.1717
-1.4759
0.8119
3.1318
3.5234
3.1004
1.41819
0.6674
0.6348
-1.14159
-0.4621
-0.78973
-3.80502
4.02131
-9.5293
-1.1367
-0.8465
-0.0281
-0.656
0.838
0.261
-0.81662
-0.0625
-0.17259
-0.8048
-1.4567
3.3611
2.4808
-3.1896
2.5153
-1.9642
-1.8907
-0.4132
-1.8796
-0.1674
-0.6539
0.8088
-0.2644
-0.563
-0.2327
3.1719
-1.1157
-1.0891
-0.7018
-1.1339
-2.5664
1.9824
1.3291
-1.6247
-3.1712
1.3975
-1.8237
-0.2919
0.1389
4.0718
-2.8995
-0.9889
1.04159
3.2312
-0.0927
1.4654
-2.1859
2.2328
-3.0919
1.3438
-0.2037
-3.1128
-5.0613
2.628
2.1297
-1.42089
NA
0.45965
0.91653
NA
-0.3997
-0.88615
0.98482
-0.8532
NA
NA
NA
NA
NA
NA
1.30363
NA
NA
-1.68089
-2.22331
-4.02202
1.60146
1.43124
-2.13422
-5.4874
-0.2195
0.13642
0.27815
1.91807
-1.31629
-0.055
1.94838
0.88408
-0.6492
0.80486
1.8644
-2.0373
-1.2795
-1.0876
-2.7389
0.3715
0.2392
-2.1876
0.4498
-3.6622
2.2166
0.9952
0.6042
0.7189
-2.0498
-0.2301
-1.86852
-0.15445
-2.84723
0.9554
1.3194
-6.1862
-2.4235
0.7169
-2.0433
1.7044
-0.415
-2.6987
0.8803
-1.806
-1.47151
-1.77695
1.63763
-0.97929
-1.17303
-5.16514
2.4277
-0.71266
0.04327
2.9795
-2.1224
-0.11769
-3.1791
-1.4603
0.9805
-1.6387
-0.2438
-2.6768
2.4764
0.4143
-0.8965
-1.53994
-1.9779
0.64573
0.7781
1.9322
-1.5952
-0.5119
-0.7182
-1.08249
-7.8277
-0.09717
5.8769
-3.36836
-3.6442
-0.49042
0.4605
3.001
1.51269
1.95743
-0.089
-0.602
-2.06818
-1.11925
-3.08738
-1.5526
0.7047
5.83134
1.65474
0.4122
1.1716
-0.147
-3.5279
0.6496
-0.2916
0.5291
0.7304
5.9248
-1.1077
3.2425
-1.706
2.197
-0.1364
-1.7589
-5.8357
1.4001
-1.6443
0.5309
-3.0436
1.1253
-3.296
-2.4711
-2.2607
0.6173
-0.6134
-0.6602
6.4295
-0.8235
-0.6411
4.6337
-5.9904
2.0976
1.8607
-0.7287
-0.6057
-1.1023
4.2849
-2.9039
-0.6599
-2.4339
-3.5186
0.30793
0.0379
-0.22383
-1.1854
3.7439
0.83816
2.04765
2.26359
2.03035
-0.22689
-0.5848
-1.3249
0.4491
-0.1753
0.7629
-1.094
-0.0991
2.3661
-0.2139
-1.7479
-0.8789
-0.6521
3.152
-0.9608
-3.0101
0.7134
-0.5583
-2.8524
1.0484
0.4301
3.7244
1.6078
-0.1955
-0.9483
16.6073
12.6686
0.0348
3.11833
0.2642
2.50821
-0.2119
-1.2133
-0.82742
1.2461
-2.23006
-0.5471
2.41442
-0.42234
1.4291
5.69018
-3.13767
-1.21842
-1.3604
-2.65719
-1.02916
1.0361
-2.8718
-0.56124
0.835
-0.1843
-2.412
-0.9724
4.39
-0.198
0.363
-1.67
-4.77
-1.44
-1.38
5.72
0.975
1.2051
-1.36947
1.10199
0.061
0.58199
-0.62395
1.10374
-6.51
-5.76
1.9
-0.0615
-2.56
2.23
2.13
0.0252
2.58
0.44
2.64
-2.68
-1.82
-3.13833
-0.59438
1.6088
-3.1
-8.69
-0.0595
0.61985
5.5873
-1.5222
-0.2156
0.7706
1.21989
0.19188
1.5865
-0.0726
1.5563
3.34022
2.4907
3.77105
0.9915
-1.31503
0.28713
-1.56564
0.15588
5.05478
-0.31817
-1.1826
0.2275
-0.1945
-7.17
-0.7209
3.0843
-0.4129
-0.9462
1.778
-3.5401
0.4137
-0.7361
3.15459
0.41707
2.6535
5.09245
0.5601
1.98433
-0.95748
-1.27036
0.4416
0.8114
2.8848
-1.19703
-1.69593
0.52459
-0.51573
-1.3035
-0.30074
1.19517
0.33437
-2.03354
-1.31676
1.79932
-0.77525
-0.1467
4.5108
1.04177
0.6125
1.22147
0.8974
1.53177
2.30313
1.8008
0.00446
-1.5762
0.11872
0.69481
-0.99176
0.4821
1.66811
-1.11969
-0.0481
-0.3782
-9.3077
3.90007
0.0027
6.4989
5.376
4.46902
1.1019
-2.72027
0.5427
-2.1985
0.4986
9.8638
9.2583
-1.1681
-0.58153
-0.31325
0.4398
0.97166
0.02786
-1.44521
-4.10063
-1.6073
1.2651
-1.45337
-1.2389
2.2068
-1.98615
-3.3813
1.34266
0.20952
-6.65906
-2.5214
-2.98549
0.44096
-1.67092
2.5889
-2.02801
-0.6301
0.7454
1.4486
-1.501
0.0961
-2.4509
-0.4561
-3.448
0.1392
1.4393
0.8692
-0.3194
1.383
0.9943
1.9948
-1.3033
-1.7491
0.6545
1.4504
2.6068
-0.3653
1.8994
-2.1949
0.4226
0.9366
-1.1207
-0.5869
-2.706
1.7036
-1.524
0.9567
-0.99632
2.4338
0.8831
1.822
-2.26661
1.70203
0.6832
1.13644
2.2411
1.3088
-1.6495
-1.21401
0.6275
-0.49759
2.75295
-0.27886
1.0533
0.4567
-2.8562
0.98198
2.4891
-0.2052
-0.86926
0.82267
-2.4245
1.2632
-0.34156
1.5075
1.50167
0.7927
0.42126
0.47899
-0.42362
5.33443
-2.06752
0.61699
0.9878
0.88741
-7.2255
7.857
0.92279
-1.19535
0.97446
0.53806
-1.46707
1.70594
-0.5686
-0.9988
0.4015
2.0911
0.0601
0.6829
-1.4876
0.4361
1.2243
2.3309
-1.6706
0.9257
-3.4401
0.3325
NA
0.12407
-0.3905
-2.06853
-0.5175
-1.3127
-1.5948
-1.6135
0.115
-1.0718
-0.1559
-0.33116
-0.6033
1.4804
-0.1368
-0.6652
-1.42791
1.01662
0.91756
-1.5777
-2.0256
0.3587
-0.63052
0.73608
-2.2383
1.1246
0.26479
0.06939
1.91928
-0.05065
3.92374
-0.65268
3.4322
-2.10237
-1.96227
2.43827
-2.3402
-0.50593
-2.95966
5.0356
-6.57341
-4.0788
-6.5171
0.1103
-0.56796
2.97962
-3.2133
-1.4056
-1.66381
-1.9321
1.20254
-1.6766
-0.9256
5.90071
-3.87126
1.374
-1.51981
2.13486
1.89084
-0.97244
-0.86552
0.60735
0.6579
1.0774
-1.5199
0.6974
0.5019
-1.8386
2.3387
-0.3226
0.4979
0.3342
-1.1181
0.8247
0.1018
0.4307
0.464
-2.395
3.6455
2.3735
1.1821
2.242
-0.2445
1.2334
-0.8845
1.0632
2.6633
1.31302
-0.20793
-2.79823
0.00115
0.42398
3.8892
1.15933
0.18814
2.01056
0.14904
1.07183
0.6981
-0.124
0.27991
-2.7202
-3.43089
1.6461
0.54401
-1.45539
-0.09501
-0.1536
1.1547
-11.3195
-7.50397
3.08786
1.3857
-1.42781
-0.4509
2.13795
0.1483
2.40801
1.26887
-0.05173
0.40502
1.87316
4.14599
-0.61498
-2.5443
-0.38641
-0.19034
-1.6728
2.11013
1.08937
2.72825
-2.5443
-0.24703
1.4938
2.9062
1.2388
4.92501
-0.22649
0.8325
0.31688
-0.13939
3.4939
1.20827
-0.8195
-1.9764
0.30761
1.1896
-1.54535
1.34214
0.3313
0.31376
0.7518
-1.551
0.987
-0.7266
-1.8542
-1.5702
-2.97963
-8.5278
-5.16487
-0.9289
-0.73808
-0.9992
0.0133
3.4966
1.45861
-3.0196
-1.17239
-10.4966
0.61185
-1.71277
0.3361
-0.87106
4.47273
1.0265
1.46229
0.71914
1.09694
0.90996
1.4198
1.4921
0.31197
0.0788
-1.3032
-3.7714
0.60839
0.3765
0.11459
0.94654
1.11627
0.9713
-0.7379
-1.4745
-2.08884
0.24601
0.98253
0.2341
-1.2274
0.32355
0.2511
0.2802
-1.6865
0.2308
0.04422
-1.7527
-2.10075
0.80233
-0.0838
0.68542
1.4583
0.9039
1.9393
1.01151
-0.9728
-0.23
5.0447
-1.6418
3.4238
-1.2948
-1.34679
0.62726
0.9154
2.74054
0.0654
-5.2909
-3.47212
0.86892
2.28222
-1.1961
2.3705
4.4941
2.126
-0.1035
-0.2143
-0.749
-1.07247
-0.6582
-1.6047
-1.77598
2.04642
2.15589
0.18
0.1022
2.9086
1.1842
1.4545
1.5013
2.4547
0.4962
-0.0849
-3.526
-0.7683
-0.72711
-4.1635
3.8347
4.4293
1.66187
-0.72853
-0.70275
2.1962
-5.92517
2.04925
-0.229
1.1084
1.60725
-0.52737
-1.18875
1.577
0.724
1.1359
2.96451
0.203
-0.2273
-0.09397
0.484
0.79708
1.28
-0.88479
0.499
-3.2369
1.05247
-0.166
-1.01164
0.66261
-1.71728
2.19
0.752
0.622
1.2572
0.3842
-1.00821
-1.96742
-0.27431
1.4413
-0.3299
-1.44559
0.0626
-0.3676
-1.23758
-2.509
1.66909
1.41918
3.21
1.90063
-0.25503
-0.50109
-2.76566
0.81409
-1.87
-1.09551
-0.511
3.63047
1.47742
-1.0354
-1.24451
-0.9418
0.46222
-3.312
-1.88652
2.78798
0.42893
-4.4356
1.0339
0.70808
-2.3583
0.86316
-0.3223
1.051
1.9976
12.4523
1.57729
-1.85854
-4.23212
0.1908
1.3155
1.34441
0.75942
-0.40957
-1.1875
-0.1169
-0.14741
-0.32848
-1.65927
-2.15601
-1.58665
-1.86817
-3.56723
-0.11733
-1.18696
1.1595
-0.0195
0.36137
0.24283
-0.04152
0.33581
3.20534
2.03571
-3.7989
-2.6602
-0.67805
-0.2244
-1.1345
2.9924
2.2264
1.47936
0.05861
1.28162
0.08122
2.07649
-0.3404
0.53143
3.00905
-2.31006
0.32044
-0.7121
-2.67212
0.58786
1.77045
0.87034
0.8978
-7.70913
-0.8759
3.2108
0.81096
5.80175
-0.45132
0.09527
-0.47799
1.28938
-0.4754
-0.55939
1.87658
0.7447
-0.106
2.4929
-1.5132
2.3484
-2.4533
-0.3325
1.2989
0.01109
0.4486
3.6548
0.1893
0.5442
-0.5949
-0.6404
-0.86278
0.7272
-1.4383
-2.4581
-0.8525
0.22929
-0.88838
-2.06087
2.21807
1.01616
-0.3192
-1.35933
-2.88882
3.0057
1.23023
0.5952
-2.53336
-1.32338
-1.28371
1.26368
1.59751
-1.72132
2.78567
5.34133
-1.66747
2.84355
1.70555
-0.46867
-0.77071
-5.94719
-3.8772
3.549
1.95502
1.1972
0.87035
2.09105
1.0342
-1.5669
5.5342
2.3073
-0.45033
-1.2421
-1.14061
-0.46341
-0.13981
-0.41274
-0.201
-0.46131
2.30043
4.14969
0.7092
-0.31187
-0.1441
-1.03
-0.0634
2.09436
0.60218
0.35602
-0.43916
4.3752
1.6215
0.512
-0.63613
-2.30681
0.39011
-1.8224
1.52997
-0.19182
-0.2346
0.0469
6.9687
-3.394
-4.2407
0.2356
0.47989
-2.4526
-4.07158
-1.2116
1.77715
0.2207
-0.7781
-1.8837
0.255
0.85499
0.47684
-0.24852
-1.6078
-0.50932
0.04581
-0.0819
0.77421
-1.06239
0.4153
0.81309
0.36277
0.1273
5.27495
-1.748
6.26743
-6.3559
3.4594
-3.8927
1.3297
3.4289
-0.5749
1.1111
-2.2338
-2.1026
-0.931
-2.8028
-4.26
-1.99593
2.43454
1.63017
-2.63106
2.55171
0.5293
-0.7921
-3.4901
-0.9368
16.6857
-0.2631
-0.2941
-0.39927
-1.19151
-2.3956
-2.1179
2.0216
-0.88579
-3.1018
-0.09934
-1.6139
-3.84612
14.7789
-2.72925
-2.80848
0.8514
1.0128
-2.3028
0.9439
1.1656
-0.6389
-1.54318
-1.6
-7.85
-2.41
-1.99
-0.7269
-4.8082
-3.3795
-2.2336
0.3109
-1.8473
-0.424
-0.307
1.2083
-1.62
-4.8
0.0513
-3.5597
NA
NA
3.37198
1.2
9.01
-0.26
-1.53
-1.44228
0.10945
-1.85774
-1.1153
0.90563
-0.3009
-0.80928
2.88004
2.7606
-0.51506
-0.88754
-4.70154
2.8844
2.88334
-0.72977
0.33373
2.17905
-0.38421
0.47582
-0.24758
-0.4996
0.94775
-3.1677
-2.48021
-0.80006
-0.0025
1.95389
0.21966
3.9456
1.19252
-0.92605
0.13351
1.8756
1.4825
-1.0617
2.2348
-3.26091
-0.5547
-4.8357
-4.00758
-0.01409
-1.04679
0.40373
4.292
-2.69552
-1.11995
2.2134
0.6902
0.0586
1.7315
-0.19205
-0.3132
0.60341
1.3785
1.0769
2.5661
-1.254
6.18441
0.9997
2.14388
-4.04217
5.5198
-0.5818
-0.40446
-0.951
3.191
0.2365
-0.0825
-3.448
0.3478
2.3691
1.0553
-0.3255
1.3722
-1.51399
4.6984
0.7958
1.5409
0.68998
-1.0929
-0.5129
2.56746
-0.35074
1.89059
-2.4
-0.807
-1.66029
-2.5816
-1.61092
0.4285
-1.6448
-2.1526
5.87832
-1.1119
3.0371
0.76258
-1.8512
-1.197
0.9079
-0.1065
5.49228
1.01601
0.3218
1.46268
1.3961
0.27817
-0.6917
-0.59044
1.96697
-1.8758
2.4001
-0.839
-1.9629
-2.4161
-1.2208
0.72798
0.26752
-2.2199
1.93
0.00892
-2.53282
-0.78588
-4.47313
-0.65194
2.7904
-1.13322
2.2721
-0.63897
1.47435
-1.17141
-0.11722
-0.6868
-0.84831
2.35453
-1.26157
-1.3837
-0.5969
-2.7239
-2.9148
1.1043
2.9316
-1.20608
0.156
6.49796
-1.51048
-1.54483
2.4213
-1.20782
-0.4826
-0.18763
-2.1349
0.3641
1.2159
1.2222
0.71446
1.30544
-0.54317
0.0422
4.52268
3.65175
1.37883
3.11839
5.46401
-1.33262
3.33068
-1.05561
0.93405
0.0459
-2.85373
0.10851
-3.8712
-4.2143
1.3076
-5.7832
1.5909
0.1388
0.95394
3.3382
8.2859
0.32578
-3.13224
0.30109
-0.47504
-1.63645
-1.80867
-0.53162
0.59162
-0.5058
0.31248
0.04588
0.62098
-1.41766
-0.23144
-4.4422
0.9661
1.5338
-1.6196
-1.6311
1.7048
-1.1866
1.5199
-1.9233
-0.7431
0.4751
-0.23397
-0.9298
-1.5494
-0.4589
3.7682
2.4729
-0.3286
-0.1527
1.1159
-0.1962
1.57963
2.4483
1.1189
2.29129
1.8439
-0.79525
-0.6618
0.22598
-0.27284
1.5938
2.0098
0.60922
1.4983
-1.53667
0.7413
-0.03517
-2.53592
1.79
-0.10074
0.78445
1.2903
0.32748
1.61982
1.17204
-0.3037
0.57904
-2.03848
-1.9604
0.01463
-0.69011
-2.04464
0.29234
-0.6414
0.6079
-1.19381
1.6371
2.37203
0.64355
-1.904
1.6744
3.1062
-0.08249
-1.7247
-1.7167
0.0289
-0.71268
-0.13164
-1.6028
-1.4532
2.59931
-0.0589
1.9242
-3.8246
-0.2525
1.2576
-2.6744
0.1968
0.4812
-1.2768
2.1135
-2.2778
2.9998
-0.6039
0.72098
-2.79818
-0.48146
0.1889
3.33276
-0.7149
1.8283
1.28586
1.27973
-1.1751
-0.29552
-1.149
0.9469
-1.7181
0.36061
-2.28704
1.11
3.272
0.6771
-1.6173
0.0463
2.89
0.4167
-1.1503
0.24237
-0.95122
-0.52671
0.87066
3.4682
-0.0317
-1.4684
-0.16177
3.06095
-0.10207
1.39716
0.1529
1.83524
2.2079
0.11666
-0.05967
-8.7137
-4.57867
9.08465
1.6841
-1.64611
0.5875
0.4744
0.87858
-2.3287
0.96086
1.01266
-0.89224
-1.16728
-2.56346
-3.94593
-0.5151
-0.02362
1.4322
0.3328
-5.3263
-2.32356
5.8615
1.0338
-1.0681
-9.02308
1.92462
-0.25198
0.1695
0.23084
3.02702
-2.08
-1.3382
1.77
-1.77018
-0.2496
1.86726
-3.4174
-0.3727
-0.1897
-2.17556
-1.44252
-0.60404
-1.01909
0.92246
-0.2604
-3.3658
-2.6278
-1.0849
0.38662
0.24147
-1.07355
0.0195
0.4966
1.48209
1.57118
3.7053
0.14769
0.4762
3.0564
1.9215
-2.13933
-1.849
-0.3314
1.2829
1.2491
-2.27597
-1.3212
-1.2139
0.90554
-1.26
-1.2674
2.8248
-0.658
-4.20811
-2.13622
0.0675
-0.2511
0.9959
-3.61
-1.34706
-0.68919
0.9268
1.3053
-1.5903
4.78018
2.16197
-2.98969
-1.00456
0.6982
0.9742
-1.8833
-2.04743
-0.11207
0.4656
-0.96445
-7.8516
3.521
-0.2364
2.388
-0.406
1.1613
-0.477
2.0107
-1.8076
-1.7354
2.34669
0.56412
-0.551
1.6143
-1.1439
0.07221
1.48
1.7871
-1.32
-0.0896
2.7901
-0.20831
-1.2886
2.4784
-2.0461
-4.5582
-4.6003
5.7894
-2.22
1.94589
4.8791
-1.4603
-1.67
-1.7787
3.4213
-0.0801
-1.1322
-2.0471
1.7977
2.4301
0.65
0.3246
-1.4855
-1.54479
2.9018
1.9465
-1.49
-1.42598
1.4341
-1.53
-2.79
-3.12
1.61
-0.94
-0.831
2.375
-1.2999
-3.2261
1.5005
1.4599
-2.9733
1.1241
-0.91069
1.243
4.4532
0.114
-1.02
-1.78
0.939
1.29
4.4443
7.28
1.03843
-0.0537
0.00965
-2.78488
0.48492
1.0674
2.59131
1.2694
-2.9697
1.2204
-4.5989
0.82664
-0.7037
1.9899
1.36909
0.45833
3.3049
-1.5036
0.7506
-0.09444
0.2919
-0.60955
-2.4987
2.0061
2.06862
0.3293
1.75644
-0.2913
-1.6417
-3.0118
0.3476
NA
-1.92471
-1.11509
-1.55295
-0.87793
1.02038
-1.5275
1.32437
1.7822
-0.9733
-2.90861
-0.1535
4.8757
2.4173
-2.3375
2.1407
0.3526
0.1203
1.85836
10.641
3.2542
1.68
-2.985
-3.4932
-0.6981
0.1536
-0.88468
-1.27582
4.7143
3.1159
2.6942
2.1688
-0.5818
1.8176
-1.0035
-1.4886
-3.4083
1.0839
0.9409
-1.4306
2.9752
0.6742
-4.337
1.0817
0.0269
-1.3193
1.3626
-0.7956
6.29497
-0.38227
-3.131
0.525
-6.3512
1.00451
0.27721
0.71111
0.23124
0.1433
0.2633
-1.5733
-4.4237
1.8428
0.37706
-1.27659
1.9446
-0.8507
-2.36505
0.5343
1.2007
1.83614
-2.5498
0.4007
-7.46045
-0.115
0.834
-0.344
1.6
-0.0165
0.76173
-0.917
4.77
0.4728
-1.6194
0.6594
-2.93805
1.9187
0.18008
0.1852
1.9903
-5.2906
1.9195
0.02341
-1.27546
-2.9435
-4.2014
3.21
0.215
0.264
-1.1298
-0.3908
1.08888
0.7436
-0.7126
0.83884
2.1283
1.21765
0.664
-1.57348
-2.70616
4.5341
-0.987
-0.9402
0.76273
-0.85152
3.366
2.2284
-0.37112
-2.77
0.108
-0.956
-3.46686
1.46132
6.88
-1.6256
-1.5222
0.60993
-0.6545
1.4044
-1.4602
-1.0592
2.4424
0.3985
-3.2458
-2.0159
1.8618
0.3517
0.7257
-0.7659
-0.92966
-0.00318
4.0404
-0.69759
6.74989
-1.24738
-0.59886
-2.0266
-1.8242
2.66453
-0.9599
-1.1012
-0.2604
-0.22659
0.9531
0.6159
0.4985
0.9006
-0.73697
1.835
-0.4339
1.62
-0.09118
0.1464
-1.5194
1.6633
0.65388
-0.3007
0.07478
-3.0019
0.142
0.7811
1.34437
-3.8134
-1.7022
-0.18701
0.16611
0.7272
-0.048
1.3234
2.57116
2.1621
-1.31593
2.58
2.23
1.0372
-1.26
0.383
-1.95572
0.4567
-0.0547
2.1166
-0.2043
0.6315
-0.59765
0.56617
-3.53916
-0.5539
-0.0472
-0.0172
-1.4422
0.8285
-3.58707
1.9113
-0.5695
-0.30182
0.01504
0.0275
-0.54632
-0.1603
-2.2131
-0.22334
0.39187
2.8279
-0.69671
0.6341
0.27919
-0.4653
0.8655
-0.6213
-1.1
0.2197
-2.99
0.364
-2.3317
1.52
1.4122
0.77738
-0.0917
0.5961
-0.76274
12.3
1.3246
1.90925
-2.1654
3.9754
0.0039
2.5404
0.3924
-2.7259
NA
-3.0808
-8.46152
-3.6159
8.57487
-2.59
3.272
-1.5903
1.22335
-3.0025
-3.90179
0.9945
-0.19829
-0.46022
0.29246
-1.45486
-0.5051
-3.019
0.5356
0.3198
1.7649
0.77273
-0.41601
-1.023
2.0039
1.057
0.8982
-2.51429
-0.19984
1.30298
0.505
-1.0809
1.5897
-2.88956
-1.3142
-2.69719
-0.4326
-1.83876
-1.3046
-0.0313
-1.2866
1.0465
0.1557
-1.09
-1.15202
-3.46
-0.98631
1.73528
-3.49647
0.3109
-0.10331
1.0471
-2.5702
0.78006
0.6533
-0.5424
3.66709
1.03014
-0.6578
2.1533
0.4167
-0.5521
-0.13503
0.31848
0.7624
0.67726
-1.04111
1.87611
1.91692
0.94497
1.3063
0.53909
3.24359
2.439
0.865
-1.82096
-1.1923
-3.41423
-2.04481
-0.19357
-1.29
-0.0797
-1.02
0.02107
-2.8378
-0.25095
-1.78
2.20104
-4.2073
-0.1285
0.72
-2.6524
-1.91238
-1.8166
1.8251
-1.11082
1.0592
3.547
-0.92826
-1.5122
-1.87
-1.3893
-0.1798
-1.6391
-0.8155
-0.8416
-3.32447
-2.4406
0.6857
8.72924
-5.37196
1.9818
3.18075
-0.215
1.6567
0.58932
9.36106
-3.07181
-0.53348
-2.8323
2.4057
-0.1025
1.00348
0.4075
-0.9132
-3.0037
3.694
3.7632
-1.8356
-1.8516
-1.69824
1.47131
1.16016
3.58
2.6073
1.05
-1.417
-0.03574
-4.272
-0.61801
-4.72557
-1.55827
0.5955
2.8057
-3.4274
3.3639
-0.1252
-0.80868
-0.48822
-2.52332
-2.55277
-5.75809
0.83246
1.7424
0.51771
0.114
0.0739
-0.54778
-1.2162
-2.36735
3.1272
-1.18879
0.6567
-4.1255
-1.0477
0.2024
0.50046
2.1482
2.57
-3.7777
0.5654
-2.4667
0.15737
-0.075
0.29189
-1.745
2.83
0.058
-0.9699
0.4795
1.45
0.6815
1.0965
-1.1136
1.13
0.30424
1.01489
1.76208
-3.1375
1.88391
1.8135
0.7676
-3.19
-2.0441
-1.3482
1.6886
3.0931
-1.51831
2.6335
0.196
-0.0043
0.8095
0.4877
1.657
1.09855
5.0702
-0.9274
1.63965
-1.2109
1.8701
-0.3691
-2.27917
-0.55915
1.52
-0.9761
-3.83002
-1.29174
14.8251
-2.8201
-2.436
-2.6395
-0.5249
-1.1164
0.24462
1.6222
-1.8317
-4.5205
4.2249
4.57
-1.89159
7.0039
NA
-0.29995
-0.44985
0.2233
-0.5705
3.0358
-5.7938
2.8265
-6.6855
-0.89339
-1.02
0.741
-1.5358
0.0267
-7.6124
-0.1423
-1.50974
-1.02865
-0.957
5.35
0.882
-0.5065
2.43336
1.004
-0.8416
2.28194
5.38772
-0.94777
-2.6469
-0.08323
-0.20578
1.73754
0.755
-0.9363
-2.96
0.2249
-1.6244
0.8754
4.5926
0.22863
0.1544
0.5625
0.4988
1.3985
5.76555
-1.6549
3.2759
0.6367
0.03273
2.1154
1.5188
1.0643
1.249
-0.55603
-0.99375
0.44972
-0.00571
-0.58329
0.1769
0.2356
0.2404
-2.29
-1.4164
1.7822
-1.23243
1.1896
-4.8347
-0.515
1.69074
-0.65644
1.20727
-1.4774
0.6911
-1.4901
-3.58339
0.31698
-0.12364
3.9879
6.2351
2.13171
1.4082
5.9056
4.1454
0.037
2.2644
-1.77
0.7111
-0.4117
-0.34563
0.0868
-2.9658
0.0732
1.03953
3.6222
-1.74022
-6.3044
-0.00269
7.514
2.64
1.01264
5.6
NA
1.1695
0.62406
-2.62018
2.13
0.7697
-0.10515
-1.25654
2.64835
-1.22
0.825
0.3239
1.36231
1.619
-4.38679
0.11627
-4.6664
3.69996
-1.6782
1.60717
0.369
-0.4305
-0.22397
0.1971
2.8043
0.19649
3.2023
2.81841
-1.96525
0.0503
0.0557
-7.0497
0.8575
-1.5783
1.3816
2.2526
-0.0515
-0.56541
-0.9525
-0.3327
2.1891
0.4245
-2.87
-0.23135
-0.62428
-1.49389
-2.42556
-4.35426
1.6642
-1.3571
-7.1104
0.5595
2.5282
-1.05273
-0.56908
7.125
0.4301
1.55
-0.56614
3.1
0.9926
-1.06574
-5.0582
-1.6216
-0.3337
-0.48789
-0.16207
1.10072
0.52195
0.87862
-2.9024
0.1771
-0.7832
-0.0094
7.44
1.3566
0.9125
-0.4
-0.3454
3.9191
-3.8356
0.0286
3.22
4.36
2.6832
2.09239
-1.2031
NA
0.38758
0.8256
0.2188
-2.34607
-2.8071
4.6218
NA
-2.14466
0.556
0.564
-1.1027
4.04
0.851
4.43037
-1.05878
1.2508
0.67899
2.502
0.8248
-1.3147
0.9168
5.12
-2.3465
-3.55651
0.90375
2.0887
-0.4595
-0.91817
-4.0135
-2.3793
-3.6474
2.3699
-0.81602
1.89953
1.295
0.55964
0.4935
0.8045
0.6116
1.2871
-5.4757
1.40678
1.44
1.9486
1.14818
-1.08731
0.90197
-1.4504
-2.2142
0.3233
0.71975
-1.07563
3.42046
0.00418
-1.4528
-0.8923
1.58301
-1.9
1.1151
-1.9645
1.9696
1.18
-0.114
1.86632
0.8395
-0.1557
0.297
-1.19
3.2821
-0.81608
0.254
-0.48061
3.10722
-1.50524
-0.0011
0.6207
0.62892
3.67076
-4.54
-0.16584
-0.34425
0.53835
1.2555
NA
1.0786
3.3089
-1.7686
-0.71358
1.21034
0.818
0.8871
-0.6709
-2.7953
-0.9367
-1.22411
-2.73553
1.70613
0.4942
0.5179
-2.20858
1.6248
3.7198
-2.3192
1.11456
0.7811
-0.0286
-1.73823
-2.1399
0.39216
1.26436
-2.3854
-3.6756
1.96874
-1.89332
-1.9022
-0.0521
-1.096
-1.55857
-5.03395
-1.9022
-2.4019
-0.50279
3.75385
0.6585
3.23108
-3.13118
-3.9965
-0.05378
-4.4251
1.2504
0.53459
-1.1712
4.84678
1.7532
3.75703
1.3268
0.3925
4.05356
1.72
1.6403
2.73198
2.27198
2.1183
0.3545
-0.1122
0.41005
0.12478
-1.7271
2.35299
1.1507
1.16011
2.75791
-0.8677
0.88275
0.60954
1.5227
1.1148
4.9461
-1.1715
-1.9025
-13.3498
-1.87732
1.95254
0.9677
-3.4142
-0.133
-0.8685
1.6966
-0.4607
-2.40063
-4.4895
-0.4131
0.5359
-0.77114
-1.4489
-3.47
-1.52968
-0.0056
-1.8834
-0.4193
-1.2281
-0.3126
0.10059
-0.42681
-2.55935
0.4246
0.08103
0.5607
1.77894
1.3565
1.43
0.4136
-0.884
0.3614
0.2191
0.2008
1.17665
-0.1122
-3.0208
-0.5775
-0.16357
-2.5317
-0.5747
2.78782
-0.1613
-0.3394
-0.159
1.73441
-2.95807
0.5954
-4.6088
-2.3291
-2.36841
-6.5892
-0.1135
-1.60992
2.8844
2.66927
0.47431
-1.2254
-0.88089
0.0777
6.67579
3.59659
6.34
-1.38518
-2.43772
-2.42066
-0.568
4.23168
0.29711
-4.94811
-0.9852
-5.0294
0.6042
-3.58577
-3.00228
0.38336
1.56859
-0.8975
-0.6781
-0.84703
0.216
0.2965
-2.3191
6.2719
3.15082
5.15567
-1.6286
-0.5277
-0.99703
0.21343
-2.8768
-0.36716
-1.86
2.01074
1.5058
-2.4907
0.16353
-1.51757
1.41
0.3065
0.2614
0.2751
-8.8022
0.4748
1.6369
-0.9619
0.6059
-0.38286
-1.4467
0.11013
-0.81615
0.14763
0.2194
0.7674
-2.52406
1.86469
-0.1036
0.1748
1.0818
-3.3593
-0.17581
1.15637
1.7043
0.53654
1.91055
-2.48613
-0.4459
-0.03194
0.5533
1.18194
3.39325
-7.4582
2.6853
NA
-1.0241
-1.9063
2.3777
-0.34922
0.2863
0.59083
-0.618
0.77712
4.37684
0.27486
-0.74349
0.9349
-2.78219
1.15528
4.67635
-0.77714
-0.60033
0.18043
-1.8876
0.6996
0.1933
-1.9331
-3.7
1.6154
2.11957
-0.1175
-0.9845
0.5327
-0.4894
1.58623
-0.54582
-2.82457
-2.89659
-0.78607
1.1985
3.88346
0.7467
2.89636
0.3505
-3.3495
0.1831
6.3071
1.8026
-1.47983
0.59245
-1.2061
0.63143
-2.8059
-1.0697
-1.64737
-2.31537
2.7593
-0.95741
0.39658
-0.00625
-0.2515
-0.04325
0.0813
0.67848
-0.356
1.11243
-0.84622
2.5217
1.26
-0.2834
0.72786
0.68573
0.711
0.1743
-1.01066
1.6943
-1.4251
1.6076
-0.1575
-0.0893
0.18616
1.01281
2.162
NA
-1.4421
1.0644
2.0585
-0.75551
-1.20457
-0.20831
-5.13645
1.8723
-0.5278
-2.55744
-5.92046
2.01658
-0.79035
-1.79378
-0.73461
1.5321
-0.25534
-1.746
1.9895
-0.6803
2.2797
-2.0043
-0.8302
-2.0989
2.9879
1.66325
-1.65283
-1.2253
-5.252
0.66265
3.0161
0.0941
-4.38194
-0.254
-0.10906
0.6533
-5.06619
1.5801
-0.743
2.1072
-1.53169
-0.1569
2.89531
-0.47135
0.9123
-0.27314
0.81132
0.95784
0.2301
-1.224
0.8588
0.2223
-0.3701
-0.037
1.2646
0.556
-1.93605
1.4119
-4.3082
-0.74296
-3.29
-0.22574
1.9194
-1.33
0.82437
-0.266
-1.582
3.8681
0.2452
2.0074
0.94976
2.40886
0.47055
1.116
1.3144
1.7911
5.13
0.308
-0.85109
-3.78754
-1.68493
-5.19417
-0.62414
0.2688
0.82815
2.67597
-0.7693
6.3305
-0.2718
0.9243
1.2326
-0.5463
NA
-5.1607
2.00751
5.33377
1.31621
1.3525
-0.8493
-1.37669
-0.965
-0.40792
NA
-2.31683
1.2483
0.4459
-3.1116
-0.53283
0.15377
0.41426
1.0682
-1.7958
-1.844
1.05172
-0.41956
0.3513
-1.9547
3.84768
2.122
2.6882
-2.8385
4.62965
-5.9502
-0.1216
1.81343
NA
-0.2842
-2.68075
-5.16739
0.0229
1.4202
0.39687
0.2238
-1.1578
1.1108
-0.7959
-0.623
-0.2834
-0.5666
1.4742
-0.28919
1.4483
1.8294
-1.33538
-1.1808
0.71554
-1.011
3.92
0.7195
-3.4984
2.04802
0.0123
0.2124
0.47903
-5.4998
-0.45296
-0.2253
-0.4434
-0.27917
2.116
-0.95232
1.4582
-1.31587
-2.6
-0.82913
0.388
-0.0488
NA
-0.0141
-1.7043
2.3815
4.58142
-1.624
-0.59436
-3.94
-3.77148
-5.359
0.4422
-3.3959
1.69632
-0.72911
-0.6569
1.3877
-1.58893
-3.37049
0.2564
0.0552
-1.9676
-1.285
1.8665
0.6868
NA
-1.2568
0.23856
-0.4819
-2.03453
0.8886
-1.0526
1.1252
-0.4361
-5.2605
-1.0904
2.3046
1.7994
-0.0671
-1.2258
0.4213
4.1519
8.9458
-1.227
0.5999
-0.77305
-1.09444
2.31647
NA
-0.867
-3.78682
-0.8684
1.48249
-0.8922
3.11602
-0.8074
6.5713
2.7342
-3.2376
1.98
1.51
3.9416
0.08314
1.23084
-1.8231
0.00417
-1.2836
2.0365
-1.5948
0.6729
-0.6015
3.4812
0.1126
0.7552
-1.51
0.6607
-0.90082
1.2059
-0.49099
-2.5237
0.09469
-0.2654
1.8633
-5.6112
0.85297
0.3152
-7.151
1.1812
-0.68078
-1.5781
-3.3027
-2.28212
-2.4677
-0.05242
-1.9517
0.2075
2.0551
-2.3158
0.5682
2.34708
0.03433
0.18
1.7186
-0.18645
1.38599
-0.0842
-1.4883
-0.64657
2.7701
-2.82806
3.1051
1.18445
-0.6468
0.4089
-0.9164
2.4012
4.11742
0.6634
-4.06252
0.14264
0.19405
0.87494
-0.7832
0.83027
2.6654
-0.6401
1.04
-0.3896
1.4658
1.51786
0.0423
1.97078
-1.1135
-0.91524
4.06015
1.5332
1.25001
3.01012
-1.3254
0.5017
-0.8444
6.46
-2.612
0.08151
-0.36223
-17.6514
-3.66427
-1.53314
-0.06703
0.2616
-2.1023
0.5696
-2.89213
-1.05391
-0.0671
NA
0.61921
-1.5861
0.5803
2.28245
-2.9486
-0.2192
-0.1182
-0.7136
-1.3915
0.23258
-0.159
-1.3601
1.75
-1.7713
-3.1528
-0.15433
0.87075
-0.18489
1.15965
5.1988
-1.5696
2.96716
0.56157
-1.1606
1.20164
0.99337
1.5016
0.13
-1.7592
-0.77339
0.41921
-0.7323
1.9086
-4.0605
-0.53455
1.57307
0.5845
-1.0914
1.4145
0.50602
-6.08
0.65296
1.33801
-2.0027
-0.5187
-0.958
-1.62329
-0.958
1.74617
7.7205
-2.50869
-3.03
-0.9813
-0.55
-4.9958
3.4943
1.6495
0.1639
-1.1166
-0.8256
-0.3097
1.5182
-1.33116
-1.60753
-1.42789
0.1118
0.77117
-0.20781
-1.2191
-1.08752
-2.60022
-1.42749
1.28704
3.0594
0.53779
-1.65732
9.6528
0.7834
-0.8218
1.1963
1.03743
-0.45465
-1.46137
2.6773
1.57691
-0.1267
-0.0504
0.17702
-2.5722
0.6065
1.6909
-0.28984
3.13118
-0.53432
1.5326
-1.54419
-2.05132
-1.14897
-0.0596
0.3092
4.1482
NA
NA
-1.93
NA
NA
NA
0.305
NA
NA
NA
NA
NA
-0.00651
NA
NA
NA
NA
2.24696
NA
1.5958
NA
NA
NA
NA
NA
NA
NA
NA
0.9127
NA
NA
NA
NA
-2.76941
NA
NA
NA
NA
NA
NA
NA
1.6054
-1.06
-0.1901
NA
NA
NA
NA
NA
NA
NA
NA
NA
-4.22
NA
-1.1135
3.4838
-0.3978
NA
-2.6784
0.2596
-2.58508
0.7163
5.4031
-0.95997
-2.145
-5.6979
1.09018
-2.0698
-0.57056
1.34362
0.3438
5.0031
3.23006
-0.58956
0.2302
-1.27406
1.20499
0.55281
-1.9451
-0.41787
-0.3165
-4.31981
0.72257
1.16629
0.927
-2.8504
1.54935
-0.0343
0.04173
-1.27254
-4.0233
-0.31396
-1.8729
-0.15097
1.0826
2.1579
1.2426
5.72
-2.97593
-0.479
-0.0754
1.8692
0.4747
-0.3523
0.675
0.33616
2.2277
-1.2522
-3.435
0.5325
0.32548
1.33335
-2.29986
0.4247
-2.3924
-0.92876
2.5087
NA
NA
NA
NA
-0.7873
-0.7811
0.7334
0.08325
-0.4258
-1.45864
0.5415
-1.62553
-1.83
-2.36501
-1.3495
1.7046
-1.25482
-0.49617
0.0983
0.8274
0.3538
1.1125
1.0681
1.7446
4.2378
0.206
-1.35038
-4.3559
1.9331
-1.2061
-6.54165
0.98264
0.8097
0.6869
0.155
1.0732
1.77008
-0.75296
-0.2402
-2.1985
1.03532
-0.5666
-0.0775
2.21
3.0769
1.5122
1.37339
3.02545
-2.7979
-0.95933
-4.2248
1.3677
-1.85786
-1.25352
-0.0227
-0.92946
1.6937
1.8016
-3.87757
-0.46832
-0.2043
-0.6316
-0.7597
-0.01446
0.8518
NA
-4.3288
0.8594
2.3171
NA
NA
-1.4698
-1.2407
1.62507
-1.68094
-0.514
-1.8435
-2.5327
-0.2653
-0.2653
-0.03817
0.18247
-1.1972
0.9759
-0.0492
0.0807
-0.5143
0.2554
1.1186
-0.8085
0.6231
-1.4079
4.46583
-1.15859
-2.8118
8.2347
-2.6204
5.47515
-2.41
-0.10829
0.2123
1.96483
1.0002
1.5
-0.441
2.7734
4.1772
-0.8579
-1.55
-2.22712
-3.81266
-0.12214
2.685
0.67017
-3.5893
-1.22482
-1.13653
1.66839
1.0425
-4.29
8.385
0.629
1.6037
-1.51102
0.7085
-4.23247
0.8513
1.58813
-1.25
1.59982
-1.6734
-0.7407
-2.5292
-3.5588
0.1026
6.10877
-0.0104
0.38751
0.1879
-0.20902
-1.08197
0.20958
-0.0352
-1.7916
NA
-0.39351
NA
-5.23
-2.4731
-2.26916
1.73937
0.70122
-1.3957
6.85463
2.498
0.2659
0.07353
1.53674
1.2718
-2.53138
-0.0867
-0.3172
-0.54453
-0.4839
1.542
2.4234
-2.27912
-1.14991
1.9877
1.49681
0.1151
1.5267
-0.90747
2.13905
-1.63466
-0.0574
0.00285
1.21214
-1.64671
-2.29895
2.48593
-1.95151
-0.09712
0.37439
0.7679
1.2713
-0.69345
2.00475
0.03749
1.5888
-0.87142
3.58361
-3.17895
0.942
-0.228
-2.18468
-4.7632
-1.3176
3.66758
-1.82418
-1.5126
-2.21
-1.00377
0.8652
3.73762
2.71986
0.80057
6.6107
0.5472
-3.2137
1.28096
1.27634
-1.6617
1.289
-3.2389
0.44973
-0.2242
-1.1537
-4.5781
NA
-2.4346
0.842
0.1889
-1.0483
-0.2846
-1.3049
1.9004
-2.9638
-1.5836
-0.42
0.508
-1.13036
-0.8705
NA
-1.2926
1.8877
1.28432
-1.51222
-3.31441
0.4312
-1.71537
0.78893
-4.3317
-1.7116
-6.4017
NA
0.82207
2.11
-0.81526
0.72583
1.24875
-0.9859
0.784
1.4377
0.9412
-0.0509
1.57789
-0.4359
-6.8101
-0.3162
0.6916
1.08902
-0.4823
0.79832
0.2178
-1.86525
1.3726
-2.03608
0.84912
0.9675
-1.5501
-1.72513
0.1128
-0.5938
0.1975
NA
-5.1441
-2.3203
-1.77005
1.70913
-2.1797
2.31776
NA
0.1697
-1.87061
3.1487
-1.0183
1.2193
-1.4106
2.0638
2.6218
-3.07
-2.41923
NA
NA
-0.4137
-1.6
0.35452
2.05003
-1.15459
0.12693
3.7411
-0.2286
-0.4113
0.8623
-0.3581
-0.1414
-2.3565
-1.94097
0.9757
-2.73057
1.55446
-0.3192
1.2775
1.14872
-1.90468
-0.49358
-3.9605
1.8642
-2.7225
-1.5419
-0.96237
1.26355
1.27885
0.5392
-8.65361
2.7709
0.00942
0.7645
1.97
0.806
-0.0696
-1.0423
1.54542
1.05329
NA
-0.36531
0.4742
-0.3718
-2.4456
1.3197
0.33946
-1.11157
-0.6051
2.7853
-0.48421
0.55683
-3.2178
0.1916
-1.41995
-0.15024
-1.9528
-2.6786
2.435
0.0701
-0.81374
-0.07812
-1.97822
2.96278
-0.183
-3.8854
-1.6067
1.57405
-1.57558
NA
0.11385
3.92986
1.8013
1.5884
1.0315
-0.41494
-1.88295
-0.7333
-1.34427
2.68059
0.7014
-17.2513
0.0117
1.6719
1.2257
-2.0732
-1.3897
1.4615
-1.35647
-1.30287
0.9057
-0.8861
-0.76241
1.9772
9.3947
-3.8465
-1.758
-3.23486
-0.6061
-2.24439
-1.3337
-1.9886
2.34076
3.2181
0.35141
1.17764
-3.21187
-2.73293
1.57534
0.7339
-0.16836
-3.32852
1.0465
-1.95126
0.672
1.3673
0.3419
-0.3829
NA
2.51589
-0.4384
6.1526
1.4647
1.8357
2.80636
-0.92787
0.0694
-0.95861
0.89334
-0.7002
1.394
-4.0563
0.51466
0.885
2.7816
-0.8376
-1.57527
0.82522
NA
-1.81275
0.10854
1.586
-1.5434
0.69415
0.48761
-0.88884
-0.6345
NA
-2.28418
-1.04475
0.43239
-1.76322
-0.85997
NA
-1.09846
-0.40291
-2.97177
1.91723
NA
-0.2135
-3.00116
0.8917
4.6138
-1.51785
3.1872
6.7946
-0.9877
0.79725
1.3516
0.4366
0.60796
-0.7091
2.1393
-1.83131
4.14136
-3.3286
0.69287
0.653
0.188
4.3077
-2.95
4.42607
-0.5437
1.29247
-4
1.884
1.0543
0.09673
1.9
-0.3953
NA
1.00924
-0.47203
-0.0136
2.975
-0.93909
-0.7666
-1.4954
-4.07129
NA
-0.3722
1.1404
-0.3154
-2.44107
-2.60144
1.2946
0.7773
-3.62538
1.5172
0.289
1.2559
1.5565
NA
0.62669
-0.15489
1.1682
0.1969
0.61505
0.4312
1.99
-1.9482
1.6703
-0.8397
-0.2135
-4.07144
-3.26086
-1.9797
1.57206
-0.2014
0.347
-2.5631
0.4606
-2.27692
-7.7078
3.3659
-1.57283
-0.31053
-0.36512
-3.2
-2.83
0.82581
0.2308
1.31983
-3.1572
0.17032
3.1304
-1.9185
-0.18985
0.0248
-1.1652
NA
0.9338
1.4615
-1.6475
-0.2979
0.3659
-0.97832
NA
-3.3855
1.4644
-1.3145
0.84996
1.6408
1.9969
-1.1151
1.3363
-0.07388
NA
1.11579
0.8385
3.17196
0.36613
0.60969
-0.19254
-1.08036
-1.5207
0.20613
-1.10645
0.5348
2.5791
-1.52576
NA
1.67084
NA
-0.12511
-7.48533
-2.17576
-2.9749
-2.1283
-1.60712
0.3197
0.04261
-2.2811
-3.4561
-1.7854
-0.63939
1.4902
-0.3869
NA
-3.5752
1.63333
0.18792
NA
-1.0623
-0.816
-2.2214
-3.64
0.5409
-1.147
-0.73669
-2.3965
-1.65846
1.5293
2.3413
-0.5138
-1.89842
1.27
2.39218
0.6251
-1.6975
NA
-0.51947
0.5216
1.088
1.5235
0.47563
1.85784
-6.7527
1.26602
1.382
1.3796
-0.18574
0.5619
-1.16
-0.3215
-1.31844
-0.44775
0.602
-0.2698
-2.68475
-2.447
-2.0248
-1.64951
NA
0.73475
0.587
4.0747
5.28179
-0.05746
1.68826
1.619
-1.38
-6.2769
-0.24994
5.70964
1.47768
-1.6789
4.2393
4.5897
-0.84472
-0.6688
-3.154
0.17995
-3.1111
-2.4408
0.27852
3.07
-1.4809
5.6464
-2.457
2.25
0.67061
-0.1524
-0.0443
-1.0004
-3.68
-1.36994
-2.9529
0.619
2.23359
-1.01967
2.07019
1.69892
-1.84964
1.41
-0.7196
-0.16524
-0.5719
-1.9393
-1.44167
-0.2318
-2.7348
-0.8788
-4.17922
-0.17177
-1.8458
3.7523
-2.5549
-2.64181
0.73868
-0.61315
-2.3598
-1.6202
2.50269
1.8018
NA
-0.0583
0.2856
0.34191
0.10483
2.22
3.83
-4.20162
-0.98349
-1.6099
-0.98258
-0.14845
-0.5887
1.26496
-17.6528
0.37843
-0.97429
1.80811
1.83581
-8.2028
1.12728
1.34753
NA
3.41477
1.4949
2.39
1.59395
-3.43143
3.5637
-0.3036
0.35093
-13.7433
-5.3441
0.15216
-1.0182
0.9251
-2.36566
-0.3334
1.9824
0.92655
NA
-0.70423
0.54496
-1.2723
4.7443
0.92069
6.3198
0.85584
0.2434
NA
0.0275
0.7004
-3.0584
1.4738
1.3734
1.38
-0.0476
1.0827
0.65636
-1.3554
-1.0276
4.5498
0.0409
-1.1427
-4.8479
-0.69943
0.2929
1.147
0.15338
NA
0.7579
-0.4256
1.45995
-1.6424
-1.39743
-0.32447
-0.59739
0.6364
0.16
NA
-0.51036
1.3195
0.91473
0.5908
0.208
-0.3195
1.47217
-0.182
1.436
-3.8626
-0.6213
-1.70994
-0.8402
0.281
-0.1154
-2.93958
1.5389
-3.3462
1.2262
1.7789
-1.1589
-2.054
0.0091
-0.07259
0.215
2.2277
2.48822
4.43534
0.0193
-0.278
0.5472
1.78872
-3.216
0.34784
-0.98401
0.09392
2.51385
-0.2659
-3.79439
0.2642
-2.15051
-1.29825
-0.92583
0.9704
-1.926
0.76946
-1.6758
0.37465
0.5008
-1.2902
0.7284
-2.09898
0.6794
NA
-1.8751
5.6465
3.071
-5.4391
0.4945
NA
0.98806
1.5987
-2.17258
-7.72077
0.01998
0.2126
-3.7503
-1.22
NA
-2.19976
-2.0178
1.14264
-0.95052
1.549
-3.3625
5.4247
0.12798
-1.22
-0.6175
2.00428
-2.2494
1.85423
-0.49844
-2.9876
-1.6164
-1.4864
NA
-1.4426
2.4521
1.6736
0.173
2.06197
-0.0441
1.2181
-0.74205
1.0335
NA
-1.55974
3.3199
0.501
-4.01399
-2.9435
-5.2704
-0.23839
0.49184
1.3271
-0.5794
0.1004
NA
NA
-0.8702
-0.3615
1.51101
-2.7313
0.05102
-0.6693
-3.20019
-1.59
2.49917
2.29034
-1.241
-1.9469
-3.2255
-2.7038
-0.48607
-3.9866
-0.2904
-0.865
-1.02992
-0.59204
0.3523
0.0249
0.30117
1.15746
-3.7507
1.77125
-1.53833
-1.36972
0.492
-1.59954
-0.74873
-2.49069
-1.83765
-1.15399
2.14964
-1.3499
-0.4139
-0.20468
1.90733
NA
-1.8612
-4.93166
3.3658
-3.53546
-3.54759
0.57095
1.5904
2.3337
-2.2986
3.19
-1.07284
3.58373
0.32267
NA
-0.03
1.3961
-5.0239
-3.3551
1.49152
1.88557
-0.07641
-4.48126
3.7536
1.24475
-1.0538
-1.2731
0.00363
3.75781
0.069
-0.72155
5.93009
1.59128
-0.88181
0.066
-1.29964
1.0257
-0.4079
-0.0312
1.0465
0.76657
0.59174
-1.09855
0.27298
-0.5387
-2.33563
1.53122
4.5244
-1.3879
0.8139
1.4556
-1.0478
-2.16981
1.6951
1.9969
-0.97403
-2.7083
-4.42837
-0.8061
0.6479
-0.15578
-0.3351
1.074
0.5656
-0.1774
-2.15977
-0.97811
0.1751
-1.81
1.94549
-1.9966
2.0009
NA
-1.7187
-0.4054
1.81537
2.0583
2.20588
1.8018
-0.4168
-1.27355
-0.9072
-3.4959
-1.08106
3.50228
1.27
-0.3372
0.6792
0.05249
-5.56507
-1.6267
-1.7317
3.56696
2.93983
-2.1746
-0.93312
-0.5955
0.60985
-0.88956
1.85207
0.65571
-0.6247
NA
0.50439
0.47302
2.5051
1.58516
-0.4498
1.76134
2.8138
0.49201
1.49367
0.8032
2.0463
-1.7773
1.8647
1.3317
0.13121
-5.1764
2.31738
4.0627
-1.25335
0.64684
-0.9435
-1.1945
-2.40947
1.9628
-2.4028
0.12711
-0.5813
-1.2078
0.2958
0.5965
-1.1256
2.06329
-0.904
0.0729
-0.045
-0.3001
-0.0853
1.87773
-0.5695
0.8344
1.3762
3.6314
-0.6891
0.3382
3.2192
-1.84103
-2.2599
-3.9012
0.6244
1.0692
1.36621
1.8508
4.7918
1.5388
-1.6782
0.02276
0.13986
0.69339
-5.3755
2.4143
0.0186
NA
-0.2242
1.3534
0.3991
1.3608
-1.9886
-1.9559
-0.2716
-1.20382
0.5995
1.7553
0.1978
1.52193
0.80441
-1.1305
-1.12956
-0.3314
-0.08
-0.2692
-1.5523
-0.14202
1.1129
1.0173
-7.7078
-0.98299
0.56562
-0.6352
8.5258
-3.82147
-1.50079
-0.02063
1.5321
-0.8395
-0.16287
-1.5688
1.1641
-1.214
0.0519
-0.15222
1.5411
-0.0148
0.1627
0.7444
1.5289
-4.45274
1.0515
0.58503
2.1269
-1.1151
3.2698
-0.2071
0.9474
0.14987
1.0552
-0.3191
1.157
-3.30405
1.4
0.2302
-4.5803
-0.97164
-8.9552
-0.1921
0.1558
0.2929
-0.5799
-1.1709
0.19978
-4.13634
-0.4703
1.0766
1.8111
0.40107
1.68668
-0.3286
-0.1651
2.30758
-0.3612
0.2343
-4.1801
-1.4752
3.6545
-4.2807
-0.147
-2.2644
-0.48416
0.8737
-0.88
-1.76588
NA
-2.0172
4.3651
-1.1653
0.7485
-3.3128
3.7543
1.94459
-3.5944
0.3804
2.3164
0.4861
0.3349
-2.8022
0.6037
-0.66377
-3.4422
-1.1505
1.8111
1.66887
-0.66693
-0.7018
7.4219
0.2847
0.4709
-0.6741
0.07739
-0.98052
-1.5282
3.378
-1.75932
-0.0526
0.1838
4.9956
-0.05694
-0.0414
1.6341
-5.6526
-2.8175
0.3139
-0.1906
3.421
1.15903
0.31213
-1.37752
1.1564
-1.1902
-0.276
0.1291
-0.25934
0.61204
1.6682
1.28254
-2.2871
2.67465
0.58632
1.53275
-0.876
-0.58
-0.4039
2.1648
1.2666
1.8157
-1.51412
-0.22343
0.3299
0.9849
-1.4335
2.28794
-0.2654
-3.896
4.30399
2.25357
3.2236
0.6292
-0.7807
-3.2645
0.4576
0.71851
-1.165
0.0432
0.3257
-0.0555
-0.4524
-1.4014
-7.38201
1.1714
0.749
0.16476
-2.6939
0.6292
1.7913
-0.27064
2.69856
7.98577
2.0434
-0.4844
1.05432
4.5443
1.1186
1.07475
1.069
1.4199
0.2208
-2.94147
19.4689
-5.9644
-1.60834
-0.22117
-0.47708
-1.82388
-0.2109
1.1146
-0.46948
-3.2922
-1.03845
3.8362
-0.76024
-0.89767
-3.1153
-0.1473
-2.68915
4.00721
-0.4261
-1.4401
0.5512
-1.34229
1.68344
0.24875
-1.6411
0.9864
-0.72451
0.79203
-2.17194
-2.63989
-3.21629
1.1066
1.76141
-1.43068
-0.5285
2.47585
1.3817
-1.2184
1.09329
-1.84164
3.9354
-4.8486
0.4162
-2.322
-1.80436
-1.61775
-1.1615
-2.245
-2.80831
1.38078
-0.70894
-2.0491
0.98995
-0.01833
-0.45925
0.58831
5.11655
-0.17877
-0.83805
0.7561
-0.67203
-0.1498
0.40543
-4.10515
-0.88175
-0.21848
0.596
1.61893
-0.2115
-0.3488
-0.76177
0.40522
2.2594
2.93611
-0.3103
-1.09461
-3.481
-2.5395
-0.42
-3.00573
-0.5068
-1.00716
2.0988
0.1279
-2.0414
3.1003
-0.748
-1.46033
1.2404
-2.6302
-0.0934
-2.88
3.0881
-1.169
0.044
-1.5741
-0.9669
3.12558
0.0655
1.4195
-1.13609
-1.6998
19.423
0.5826
0.554
0.1697
-0.4453
-2.8635
0.57848
-2.0947
-1.0088
-0.7599
1.78
0.0962
2.05234
-0.1993
-3.15113
-0.78055
1.0979
0.2939
-1.1607
1.9358
3.3827
-2.4623
0.91249
-0.0085
2.7583
4.4918
1.97168
0.7676
-0.4915
5.1637
-2.9025
2.4623
-0.5616
3.2497
0.063
2.4928
0.5911
2.209
-2.3223
-5.05
-0.7615
1.3822
-25.0615
-2.4047
1.58942
-0.4629
2.0926
6.8604
0.5557
-1.231
0.02356
2.47401
-2.45877
-1.25488
-0.1536
0.286
0.8419
0.46074
-0.30549
-0.37618
1.68387
-1.9561
2.2425
-0.5311
0.4001
-2.3448
1.50071
3.0238
1.18
2.7716
-0.0336
-1.25471
-0.6727
0.48821
1.0639
0.75731
0.62118
-2.70806
-10.11506
0.5631
1.71344
1.6813
-0.5842
-0.134
-4.6704
-6.15
-1.085
-5.1061
-0.0843
4.2437
2.0046
0.4119
-0.7827
1.9767
3.1609
-0.7306
-0.7262
-1.283
-2.4416
-1.0149
-4.13415
-1.9698
0.3052
-1.2105
2.1737
1.1678
2.3126
-0.7958
2.3541
-0.6322
-1.7572
-1.604
0.1477
-0.4813
-2.105
-0.4131
-1.5816
-1.604
-1.1145
1.77808
-1.6399
0.5335
2.5074
-0.2604
-1.1297
0.3527
2.0564
-4.17501
-1.412
6.39
-0.34598
0.9214
0.8692
3.5261
2.7316
-0.7794
-0.1361
-0.4498
-1.62569
-1.33814
0.6065
0.42221
1.67
-0.1387
-0.9638
-2.4166
-0.5052
1.7606
2.6856
-0.3586
0.59534
-1.4822
-2.82145
0.92636
-0.9954
-2.0663
0.2408
-0.2975
-2.62685
0.21447
-4.5219
-4.4986
-1.16671
0.9556
1.1205
-0.79478
-0.2369
-1.08263
2.8514
-1.4982
0.8598
1.62247
-2.8888
-0.5676
0.968
-0.97269
3.4626
1.40337
6.15153
-0.4282
-1.1503
-2.54844
-1.2084
-2.49934
2.685
-2.48446
-1.49649
-3.6962
0.5111
-1.1465
3.1076
-1.47813
-5.04925
1.9029
2.2894
0.2085
0.12411
-0.2509
-1.11442
0.87448
-4.31519
-2.2982
1.6265
0.9939
1.0315
5.4366
-1.2493
-1.6881
1.80022
2.0875
-0.0248
2.4262
-0.76166
0.6677
0.1703
-2.47332
-2.67958
2.1443
1.20845
0.67907
1.72761
-3.45887
-1.53425
1.9528
2.75958
1.9976
-0.0311
-1.05686
-0.79488
-4.01702
-2.62436
-0.8557
-3.69276
2.6987
1.2079
2.43113
5.04153
0.4689
-2.3621
0.1363
0.45639
-1.29239
1.6984
-1.4796
-0.1193
-0.2694
-1.5836
-0.56673
-1.64
NA
0.56882
-1.1019
-2.0907
-1.2441
0.9113
-0.6153
3.6272
1.35411
-3.50793
0.4603
0.684
1.4122
0.4054
-1.0725
3.152
-2.48194
0.2545
-3.25926
0.3586
-0.5312
-0.79611
0.8288
0.5378
1.28
0.227
-0.828
-0.97
0.809
1.55
4.82
-0.128
-3.87
-1.45
1.23718
-1.48078
-0.544
4.35684
0.818
-4.01
1.2177
-4.65
-1.4245
-4.68
-0.531
-0.71506
1.08271
-2.41334
1.07
-2.94
2.66
-1.14
-1.38
1.1344
-2.39
-2.5274
1.0042
1.436
2.3008
-2.6906
3.61
0.6233
-0.332
-1.19287
-4.02
0.9722
3.82341
0.93962
-4.69
-0.0817
-3.666
-4.23
4.09929
-2.99
2.71
1.06417
-0.27056
-0.494
-0.95296
2.0728
-0.603
-3.39
-4.22
1.69739
1.18497
1.1108
-0.92086
-0.0377
-2.8491
2.11
1.2
-1.8071
1.50723
1.07
-6.3047
-1.84
1.73
-3.04
1.16523
-3.62
-2.12
1.22219
4.65
-0.84759
-0.494
-0.21599
-1.06728
-0.9989
-0.61514
2.7632
-0.3845
-1.9063
1.49194
-0.0249
-1.9063
-5.65
0.5926
-5.45368
0.0177
-0.378
0.971
-2.09
2.7125
-0.494
5.5361
2.07407
0.1702
-0.082
-0.629
0.0933
2.3807
-1.278
-0.41195
3.1869
0.0107
1.6037
1.5341
3.0931
-0.253
1.59
0.842
-3.2689
0.0527
1.74
-0.2539
-4.62
2.3491
-1.03083
-1.6
1.3736
0.3503
1.0923
NA
2.91532
0.622
-0.1587
-1.47099
3.0629
-0.541
0.4569
-2.2954
0.83287
0.1638
-1.32
0.2516
-7.31
1.6824
-0.9055
-0.0808
-0.629
-3.1561
-0.58564
-0.2377
0.48417
-1.3919
0.836
0.702
2.2083
-0.9512
-0.6949
1.36
0.72071
-0.8666
0.603
1.6219
-0.8024
-0.3752
-4.4316
-3.9025
-0.55209
0.228
-1.0174
1.0056
-1.557
-1.9594
1.7015
1.44
0.07606
-0.649
-0.676
0.3707
2.3866
-1.71512
-1.3286
0.9701
1.4817
1.5942
17.6593
-0.1922
2.3785
-0.4101
1.0093
1.2977
-2.0527
-0.3018
0.9226
3.3932
1.2092
-2.6376
0.8345
0.5923
0.5078
0.8687
-0.896
-1.8079
0.1373
1.8167
6.4449
-0.6606
-0.5227
-0.7181
4.3356
-0.0504
1.0631
-0.60041
-1.45576
-0.6353
-0.3813
-0.8877
1.2253
-0.6219
-0.6096
0.2289
-2.4644
-0.0924
1.1308
3.35904
1.0754
-1.1251
0.0605
2.3984
-1.1286
-1.2729
2.3785
-0.5249
1.4762
2.0875
-1.5288
0.7916
-0.5946
-2.7562
-1.87222
-0.2008
1.1856
-0.8945
0.5751
-0.9035
-0.3726
-2.9841
-0.6587
-2.02549
0.99049
-0.49633
-0.383
0.05996
0.7098
0.2504
-1.45248
6.7231
-3.35216
8.22694
1.349
-2.01595
-0.7438
0.0292
0.7949
2.5341
-0.6403
-8.5775
-2.4907
1.7197
1.0977
0.8884
-0.75188
0.6984
0.212
0.5349
-1.29375
1.4184
2.25626
-0.02769
-0.0027
-0.6994
1.28676
-0.9506
3.3354
6.8928
-0.7556
-1.3076
2.6214
1.3383
-1.42346
0.6037
1.9381
0.1685
-1.4695
0.40083
-0.2433
1.1434
0.0242
1.51143
-0.5566
2.9485
2.03376
-0.1542
-2.663
0.81226
1.0169
1.859
-0.6788
-0.69266
-0.80229
0.4703
-2.0248
1.3831
-1.49927
-0.7695
1.82294
2.40724
-0.42628
-1.0617
0.94269
-0.14266
-1.25397
-1.19033
2.6434
-3.44008
1.52468
-0.8247
0.6275
-3.0312
-2.3465
1.457
0.8327
-1.07586
-0.73085
-0.08008
5.0027
-0.13179
-0.92757
-0.7863
1.1944
-0.1379
1.8352
2.9939
-1.1055
NA
-2.10955
-0.8228
2.66609
1.1506
3.8377
0.84575
1.16184
1.3373
-2.6363
-0.4996
1.221
0.4141
-0.23167
1.76
1.6812
-0.37696
-1.15
NA
1.6575
-0.69012
-2.34762
-0.87063
0.3119
-4.43834
1.88583
0.979
-3.5236
-0.67516
2.1964
1.057
-0.9988
-6.4607
2.1699
-0.5745
-1.57438
-0.00921
-2.3465
-2.4521
NA
0.4098
0.49918
NA
-1.15297
-4.4643
2.5125
2.05675
-0.65549
-5.0089
-1.62824
0.39256
2.41401
-0.0704
0.92111
-1.011
-0.215
-2.90312
-0.979
-0.46649
-1.6906
-0.26492
-0.0703
0.3884
1.64898
-3.7407
-3.7844
2.4513
1.1564
0.50779
4.41167
-0.97418
0.0459
-1.0754
-2.19863
1.3059
NA
1.6732
-1.33488
3.36607
-1.87883
0.9473
-1.2974
0.8437
1.85673
-0.43615
-0.394
1.2371
0.7508
2.5614
1.70039
-1.79079
-0.37971
-3.5699
0.3861
-1.02402
1.6353
-2.06877
0.0627
0.88492
0.3831
1.7216
2.5069
0.3475
-2.0603
2.8094
-2.94191
-0.79374
-2.30542
0.70737
-0.64138
-3.43989
0.14105
-0.577
-6.3298
0.65682
-0.5523
2.23417
-1.00603
-0.0646
0.7175
-0.5979
-1.12503
-0.27216
-2.58582
-1.55132
-1.80522
5.0035
-0.2023
0.43061
-0.95599
0.40718
NA
0.764
-2.28532
-0.13826
-2.63685
-1.71763
1.7314
-0.2621
1.8594
0.44254
-0.72088
0.06649
2.4519
9.96703
1.81
-3.0627
-0.1762
-0.1035
1.37397
4.0093
2.09312
-0.6515
0.59227
-6.2574
-3.8267
-2.2558
-1.2919
-0.01213
-2.0578
0.8106
0.4707
-2.0965
-1.4
-4.7449
-1.3835
3.76706
-2.47
-1.9063
0.9021
-1.95983
4.2849
0.32
-1.89
1.57979
1.64
1.02244
0.2737
1.47
-1.31
-1.84027
2.15932
0.1066
-1.17
-1.92
NA
-0.0455
-1.9413
0.66392
1.91365
1.01398
0.9495
4.1237
-0.851
-0.4353
-5.25
0.54124
2.9765
-0.6044
2.2908
0.05522
8.32732
2.662
-1.85169
0.2534
0.1095
-0.4207
-1.1
-2.37
-2.828
1.35712
-1.5978
-2.63
3.0217
-3.9365
-0.7793
-0.178
0.5871
0.79495
0.644
3.53648
1.03
-6.34
-3.4793
-0.75
-3.2153
1.92
-2.95162
0.1036
0.71192
1.8947
4.2054
-3.2362
1.5753
-1.2646
-0.18485
1.5428
0.67132
1.2498
1.2733
0.32362
1.0494
2.0519
-2.8831
-3.4984
-2.2688
-1.78188
4.59654
4.0306
0.46733
-1.08551
-0.10347
-0.309
1.95
5.0867
-2.22853
2.2077
0.34
NA
3.91352
-2.08708
0.819
4.02605
-1.8994
-0.66596
1.80785
0.1307
2.87434
2.0509
-0.7957
0.7711
-0.08223
1.16
0.40865
-1.32
-5.3692
-1.5956
-3.1861
-1.26993
-1.1082
-0.0932
-3.04
-1.3
-1.7689
1.19609
-3.10849
-0.94137
-1.73
0.98939
-1.1239
-1.5891
-0.00373
1.31
-0.0635
2.27118
-1.31361
-1.95
-2.3599
2.45
-2.24
-0.15804
-2.497
1.11881
3.5481
3.79
2.77
-7.174
3.79
-0.03513
-3.2532
-0.0404
-0.6235
-1.6424
-0.85
0.3327
0.00847
1.62489
0.59521
0.67364
-0.40348
-1.98662
1.1426
-0.25614
0.264
-0.2571
0.8394
-0.62808
-2.20785
-1.2674
-1.96102
1.2679
-2.96567
3.05071
-3.2137
-2.76306
-1.2435
2.91
-1.717
-0.749
1.8295
-2.1802
-1.12208
4.2075
0.596
-3.8996
-0.0861
0.2254
0.11555
0.211
-2.5765
1.13152
0.54534
0.8559
-4.4632
-3.6185
-0.5666
2.03
0.8345
10.51209
1.0776
1.0838
1.9761
-0.6987
0.6883
1
-0.84533
-2.58
1.4196
0.39004
-2.883
-0.967
-1.0304
2.03871
-0.5815
2.166
-1.11201
0.85634
-0.893
4.75
-1.89015
-11.9232
3.41009
-0.70922
-1.7217
-0.5465
-0.83975
0.0783
2.1006
-4.22
3.74527
1.43
1.3243
3.0528
-3.79501
-0.481
-2.1684
0.4063
-1.3971
-0.2368
NA
0.07156
-1.4217
NA
2.15813
0.27198
0.7134
0.8554
-1.9321
1.9897
-1.3249
2.7585
-1.41115
-0.553
8
1.57856
-2.02209
-35.9401
-1.30249
-0.8644
1.10759
-0.26746
-1.34325
-0.2687
1.0871
-3.0156
-0.39302
-2.12744
0.4458
4.04573
-1.7495
0.15017
-0.89805
-1.35266
0.78114
2.8655
-2.68203
2.4767
0.7211
-2.00992
0.8277
1.87931
-2.00057
0.3841
-1.8124
-6.51005
NA
1.9969
0.7623
0.4805
1.7698
1.83344
-1.6925
1.777
0.5911
6.2957
2.0444
-1.1528
1.9746
1.01387
1.383
-1.05116
-0.1434
-1.1873
0.7679
-0.4391
-1.5281
4.6889
1.252
-1.4338
0.46
-3.90926
1.6711
2.20209
-0.37158
1.6829
1.84422
-1.1575
0.8453
0.0025
-1.32805
2.31193
-0.2334
-1.819
1.8314
4.3534
-0.6805
2.33
