1.6386
2.50368
-0.7739
4.15214
-1.66674
1.69882
0.00834
-0.5024
0.0152
1.1277
4.9592
-3.42846
2.0735
-0.85764
1.0926
0.29519
-1.0663
-1.9249
-2.5173
-0.56852
-1.1855
-1.9634
2.8841
-1.03928
-0.8839
0.1072
-0.53043
0.98744
-0.95889
-0.9146
1.24033
1.4945
2.28197
1.4902
-1.0716
-17.2357
-1.40738
0.40419
2.0985
1.925
-4.70352
2.0628
-0.06362
-3.06071
-1.3614
4.57525
-0.86655
-1.7546
NA
2.89952
1.08868
-3.74958
3.14125
1.7285
3.2305
-0.12933
-2.2731
-2.6407
-2.6516
-0.12182
-1.8912
0.8389
0.4083
0.3504
-2.0669
0.69971
1.53562
-1.21625
0.6307
-0.2559
-0.0921
-3.1714
0.7308
-2.8718
-2.157
9.0025
1.0388
0.52805
-4.39119
-3.88453
1.3165
2.7538
-1.51689
NA
0.3875
-1.8599
0.0252
-0.76881
-3.4038
-0.11741
2.1271
-1.3273
1.1672
-0.6746
0.9457
-4.44169
2.8381
-1.56691
1.16262
1.3989
3.64757
-0.5855
-1.70535
1.5525
2.0782
-2.0157
1.4851
1.0436
1.7116
0.46769
0.04809
-0.0817
-3.7594
2.01297
0.0262
1.6346
0.1206
-0.9457
8.3685
-0.8213
5.03436
-1.93482
0.237
-1.3333
-2.14775
-1.31894
2.18511
2.925
3.4423
-0.7019
2.7709
0.3427
-0.0908
-0.7786
0.9581
-1.3288
-2.4075
1.6034
-6.45175
5.6309
-0.0842
0.5993
-2.2667
6.5494
-4.95343
-0.46525
4.5991
1.5614
0.8466
0.8417
0.4503
3.9237
0.2217
-0.7028
-2.21394
0.20331
0.4263
-6.044
-0.1255
-9.8046
-1.2398
-0.2045
0.8286
2.4223
-1.8706
-1.1676
-2.85125
-3.1461
-10.89795
-3.625
2.1339
0.18126
-0.6336
0.88978
2.7998
-1.6372
-0.38841
-4.9603
-11.63974
-1.5551
-1.0009
-0.9893
-1.9243
2.6967
-1.08008
0.3324
-0.7201
2.5999
-0.55445
NA
1.2982
-3.498
-1.16
-5.6123
-1.8914
-0.0948
-5.21136
1.9501
-5.4248
1.258
-4.4803
1.3997
-0.07942
4.9512
-1.4891
-4.7991
-3.1315
0.25773
0.0687
-1.80785
-3.9884
-1.0854
1.5904
1.6879
-1.06116
0.9534
-2.2975
-4.4409
-0.50471
-0.8282
0.9755
-1.8268
-1.40059
1.16648
2.6341
2.3157
0.32937
-4.3562
-0.3708
-0.1327
-1.4835
4.47838
-1.58097
-0.7634
0.2068
-4.7326
0.1561
5.5262
-0.9781
13.5643
-1.0386
-1.20054
5.1732
2.83215
-0.5735
-1.6878
-1.3215
5.3218
1.323
-0.11645
-0.9321
-0.5126
1.62887
-3.095
-2.28629
3.8917
0.2492
6.3709
-2.03389
-2.48739
-1.962
-2.0436
0.741
-14.329
2.5042
-2.7189
0.9551
-4.0707
2.0592
2.6681
1.5897
1.6727
-5.303
0.86318
-0.6579
-1.3324
1.2185
1.57484
1.0994
-1.2452
-1.0343
3.19636
-0.8943
-1.47796
-0.4505
1.1691
-0.6633
-0.81588
2.18361
5.7502
-1.0273
-2.0842
NA
0.38775
-0.0912
1.1489
0.33346
0.1259
0.76059
4.8082
4.9653
-0.73813
-1.4899
0.5932
-1.1981
-1.09804
0.4888
9.8104
1.2189
2.7857
-1.3526
0.8508
-2.1839
1.30645
3.09899
-0.6579
-12.80092
-1.90738
0.6427
1.8281
0.5343
-1.1327
-0.69649
4.3293
1.41853
7.44955
-1.2886
-0.5582
-0.38115
-1.88196
-1.9649
-1.5987
1.99543
-1.3701
4.2995
-1.0402
-0.263
-6.613
1.9685
-1.47949
-0.2099
0.57464
-0.5674
0.3465
0.35419
-2.5181
-2.3955
-0.4184
1.3234
-0.5393
-0.712
0.8816
-0.7613
2.6094
-2.4619
-0.3662
-1.7032
5.6922
6.9652
-2.1334
2.1309
-4.76113
1.53376
0.99265
-0.1035
0.314
-3.2912
0.3424
1.81456
-5.1181
1.144
-1.56182
-4.32929
0.369
0.21016
-0.3585
1.6536
3.1814
0.55908
3.41981
17.9265
1.4993
-0.2836
1.0088
0.0279
2.7539
-2.5366
-3.91
-1.613
0.4012
-2.4378
4.30263
1.5377
-1.4159
-3.87708
-0.25679
-1.60743
-5.38484
-0.8098
1.0734
9.3149
-2.603
3.6467
-0.7527
2.2122
2.0816
1.1281
0.90408
-3.0359
NA
-0.9088
-0.4014
-6.685
0.6766
-0.6497
-6.1061
2.9308
0.5181
0.9527
-0.26242
-3.7602
-2.5792
11.6052
0.8282
2.4761
-0.651
1.0505
-0.3888
-0.7941
-0.2181
1.1136
-0.6301
-0.7187
-0.5606
1.1965
7.8498
-0.3862
-3.0252
-1.3481
1.2279
-1.5807
1.0215
-0.4561
-0.0279
-1.4547
1.2181
0.0094
0.0919
5.5576
2.7987
-2.7162
-4.1271
3.3764
5.1528
3.347
0.6146
-0.8921
0.0045
-1.4515
1.1751
-0.3819
-1.2563
2.2885
-3.2061
1.6211
0.9666
0.5825
-0.0855
2.9675
0.7856
-2.2735
-1.4897
1.4445
1.8873
0.3027
2.1413
-0.5452
0.0276
-1.6796
-3.5173
0.5018
4.6793
2.7952
0.3047
-0.8939
-2.2138
-0.1081
-2.5431
-1.0225
-0.8444
4.6182
-0.9848
3.4474
-0.6392
-1.4994
-1.5103
2.6055
-20.0494
-1.4436
1.4519
1.2741
-1.1121
-0.8527
0.5169
-1.4576
0.9048
1.9446
0.8587
1.2813
1.8332
-2.8965
-4.0196
-0.9074
1.6726
5.8127
1.3928
-1.987
-3.5854
-1.6967
0.2375
0.0637
0.9034
1.8193
-2.6549
-1.9023
0.3773
-0.2046
-7.4404
-0.6811
-0.1469
-0.44805
-2.90417
0.9764
1.07972
1.5553
0.6859
-1.274
-3.02874
-1.60969
0.80066
1.4782
-1.43505
-5.6222
2.3766
3.62739
1.50778
0.9344
-5.91488
2.477
-1.5713
-3.81424
-6.7877
1.57696
0.61083
-5.0975
-0.64665
-1.15081
-0.97652
2.3738
-2.1761
2.03359
2.55777
1.93712
-4.76064
5.0348
-2.5888
-3.0376
8.9081
-6.3906
-0.8419
2.1446
2.3122
-1.1277
7.614
0.8588
-0.6604
0.0308
0.178
0.0348
1.1721
-1.1566
0.0741
-2.0413
-0.6742
-2.4814
4.3921
0.2369
-2.4626
0.8038
-2.2331
-0.384
-0.6755
-0.6008
1.2235
6.1467
4.0448
6.47
11.6557
1.6792
-0.9921
-2.3486
1.4907
-6.38
0.0301
-0.2489
1.059
-1.1245
0.2741
-4.7693
-3.8497
0.8939
2.7717
-2.3752
-2.2057
1.6356
4.9473
1.5888
-0.4779
1.4724
4.8492
8.8145
3.349
-0.2478
0.0468
-0.1944
-2.0395
-3.6863
2.1733
1.3899
4.1409
-3.2466
0.1581
1.4007
3.8213
0.55691
-4.87755
1.91643
1.01025
-1.09057
-3.23878
2.74057
0.58175
-3.50522
-5.79699
-1.27719
-0.7051
-0.61936
-3.29497
2.1754
-1.42292
-0.15789
0.21987
-0.40134
-1.31868
-0.9108
1.2331
1.6195
-0.74451
3.01361
-0.49578
0.6124
-3.12135
-1.50944
1.19248
-1.8687
-0.75155
-0.77328
-2.1147
-3.365
-0.1108
0.1951
-3.2797
0.5658
0.6269
0.7845
0.8619
-1.0334
0.3256
1.2809
0.3833
1.1813
-0.2333
-1.5014
-0.1449
-0.1518
0.7234
-2.5121
6.7916
-0.9229
0.6377
1.9404
-2.1256
-0.8575
3.5365
-0.963
-2.4979
0.0604
-0.2271
0.037
1.0307
-1.3989
0.0409
-4.7898
2.2553
1.2686
0.1107
-4.76003
5.2873
-1.4716
0.13424
-0.7541
0.82256
-3.5597
-8.3519
1.028
-4.31775
1.30451
2.45714
8.3732
-1.65752
2.1091
-2.2666
0.85579
-0.73901
1.35438
-0.7627
-0.2139
-1.32429
2.62398
-3.75741
-4.91449
1.31605
-2.0732
-0.1204
-6.3926
4.3438
4.197
-1.4626
-2.6987
0.3904
-4.0304
2.4305
-5.1185
-0.1498
-0.2461
-2.1937
-0.205
-0.6241
2.9732
0.2349
-0.0569
-2.2457
1.3111
1.8278
1.7001
0.1204
1.4218
-1.8874
0.8174
-4.0348
-2.349
-2.0585
-0.0057
0.0243
-0.1511
1.119
1.6833
-0.8408
2.7876
-3.949
0.036
-2.4883
1.5605
-1.6309
-0.0956
6.4646
0.6496
2.3823
-0.5569
-0.1768
-2.0539
0.753
21.0195
-3.8623
-4.721
13.1629
-2.8157
-0.1756
-1.075
0.451
2.2496
0.8299
1.4145
1.7034
-1.7546
0.4559
2.7272
3.386
-0.2617
2.8165
NA
-1.2566
1.1161
1.24721
1.18163
0.5361
2.68379
3.53919
-2.12437
0.77264
-4.2634
3.1266
2.0034
-1.35219
-1.53041
-0.41747
0.54667
0.81322
NA
-1.26074
-0.36246
NA
NA
-3.11015
-28.2426
NA
-1.422
-3.27174
2.63985
-0.10278
-1.8011
3.0988
0.7491
-0.0442
-5.1992
-1.16028
-1.50463
NA
-0.7696
0.97469
-0.9696
-3.2605
1.78352
-4.99247
3.98231
-1.41881
-0.40073
-0.94501
0.1741
1.05809
1.05279
-1.71381
0.62252
-1.1166
1.0069
-1.3483
0.10613
-0.90839
-0.3716
-1.51272
-3.37907
1.5453
3.85134
4.7253
1.59189
0.0629
2.3141
-1.46296
-0.5612
1.98493
0.50593
-0.93059
-0.02597
0.6143
2.64923
-0.55831
-9.8522
-1.7819
3.13779
5.41334
0.7048
-5.82955
3.0338
-2.39683
-1.85187
-1.34237
8.01406
-2.82278
0.8169
-0.4621
3.3489
0.89572
1.08078
0.7396
-0.8988
3.39901
2.52745
3.8479
2.91924
1.8913
0.68532
2.5642
0.99198
1.10725
0.42299
-0.6894
-0.52216
3.0546
1.62395
0.14774
-1.00129
3.03442
-0.41412
4.3607
-3.1423
-1.7919
-0.4686
1.03123
-1.2849
0.1312
-1.00748
3.1203
-0.5704
-3.84263
-1.6629
0.57981
-0.96766
-2.5112
0.24468
1.42102
1.65593
2.7813
3.51437
-2.24485
-5.464
-0.63329
-0.336
3.46703
0.81968
0.6346
0.05327
-1.10552
-3.71404
-0.5133
1.60647
-0.05217
-0.44115
-0.4535
1.38971
4.5692
1.0439
-0.1839
-7.1162
6.5113
-1.16384
-0.68855
2.0163
-1.98514
-1.5242
-0.38828
3.34127
3.45736
-1.551
-6.6133
4.96264
-0.8657
-3.0048
-2.1894
-1.9216
-0.7563
-4.93679
5.74744
0.12279
-0.0067
0.41757
2.2513
0.3116
3.8432
0.0418
7.8592
2.2838
-2.3144
-1.92775
2.6236
0.3871
-0.3719
-2.7878
-1.9406
-0.00487
-2.46336
-12.37555
8.2427
-3.0805
0.821
-0.45013
0.08479
-1.2261
0.8001
2.01897
1.45056
0.78933
0.4529
-3.6297
-1.8051
0.4233
-2.6625
-0.3285
-2.1105
0.4639
0.5738
0.7444
-0.5663
1.0271
2.9544
1.0656
-4.3891
-3.5143
3.6062
2.3601
0.00174
-2.04366
1.4023
-2.2245
-1.8
-3.0705
-3.0381
0.536
-4.394
0.8486
1.07621
-0.20167
0.73621
-1.07824
0.4798
1.86895
0.94667
3.15116
1.5971
-3.4323
-5.0752
0.8154
3.9513
1.0202
2.0427
2.0345
-1.25565
-0.3178
-0.3367
0.4764
-0.446
0.1159
-1.6351
0.3743
-0.2419
2.1552
-1.0114
-1.5186
-5.3287
2.52104
1.97666
-2.11658
-0.2125
-3.04004
-0.96824
-0.9267
2.4951
-1.4328
-1.19706
8.10319
0.1316
1.29417
0.40241
-2.42721
2.6997
2.2046
1.2483
-0.91801
-1.46604
0.63078
-0.86181
-2.72185
2.8384
1.16515
-2.50505
-2.45936
2.44485
-0.72101
1.3832
2.62654
0.7051
0.9257
-2.1155
1.5703
0.833
-0.1408
-0.2313
2.1214
-1.0818
2.847
-1.8849
1.45893
-1.1844
-8.4788
-2.9139
3.3046
8.5221
-1.9682
-0.905
1.3938
-0.97659
0.6966
-2.0478
1.32832
-0.846
-1.4802
2.49883
-0.0387
2.7995
5.9654
-1.1067
-2.5374
-3.8801
1.6719
-0.0362
1.9454
-0.3622
0.56
-1.3461
0.21622
-2.3691
1.51615
-1.033
1.1461
NA
4.4927
NA
NA
11.0268
-3.39335
NA
NA
-5.47115
4.9815
3.7804
-3.44826
4.85916
-0.8292
0.58146
-3.32281
-2.06511
0.3713
5.5819
1.0304
3.5626
4.7502
-0.7061
-0.75042
0.7164
-0.9496
-0.66831
3.7558
2.7975
-2.0463
-1.68083
0.59485
-2.17824
2.545
1.47779
6.019
0.7613
2.972
1.9293
0.9646
0.4451
0.9561
-1.0832
-2.3243
-3.6283
1.1232
-0.0196
2.1757
1.0218
1.3486
-1.8234
4.7405
4.2015
-4.9706
-1.8555
0.668
-0.8331
-0.2994
-1.1626
0.186
0.0449
-0.483
2.6796
3.9315
4.3645
-0.37174
-1.4382
0.807
0.4376
-2.2548
-10.96397
-1.41364
-0.91946
4.2368
0.215
3.2177
-0.35363
6.15152
2.4997
1.2541
0.73729
0.757
-5.7379
5.67567
-4.4897
-2.72671
-6.44815
1.3465
4.3994
1.1009
-0.9473
-1.4991
-2.8777
-2.8176
-0.2809
-0.5916
0.1542
1.2601
0.0905
3.30887
1.17721
-0.2014
-0.53191
3.7136
0.8668
2.6514
0.8459
-3.0018
1.9895
2.0168
-1.7444
-4.5922
2.3501
-1.38748
0.9922
3.0538
-1.4165
-0.5123
-0.9841
-4.13792
3.2563
-8.2427
-3.2519
6.0309
1.3959
-0.0637
0.8934
-0.2198
-1.18377
0.86557
0.3986
3.75029
0.55035
-1.15033
-1.8566
-3.1684
-0.8439
-0.3838
0.4743
0.1057
-2.2369
0.5616
0.9111
-1.1392
-0.002
3.6641
0.4397
1.9403
1.52312
-3.1044
-1.1828
1.9491
0.9762
0.4232
3.4716
-0.8127
0.6587
-0.64468
0.5457
-6.03033
-0.4417
-1.34105
-6.1292
-1.9338
-1.7529
-0.473
-0.7805
-5.0875
-1.3274
-0.1911
-13.8568
-0.1387
-3.8812
-0.5446
-6.1494
-8.3248
-1.97037
-7.79848
-2.4029
-2.5572
2.45321
-3.9631
4.0966
0.73841
3.2551
3.48667
1.22457
-6.40669
2.50605
-4.6273
-10.5572
-4.9883
1.7561
0.6512
-0.0027
-0.75344
-1.06841
0.9048
0.3191
-3.2493
-0.9479
4.198
5.37696
-0.8022
-0.40651
-1.3675
-0.76734
1.10896
-1.869
-0.0685
1.2584
-0.7164
-0.97614
1.6024
6.39049
-0.8796
-0.8192
-1.2737
-11.0404
3.232
-1.4486
-4.06402
1.4701
-2.8598
-2.60258
-1.3876
-0.9097
-1.57496
-1.3017
18.09954
3.57622
0.0387
-3.5069
4.8893
0.5405
-0.5603
-2.7855
-1.0017
0.1984
-0.7775
0.77
-2.0461
-4.0393
0.0465
-1.96894
-0.6521
4.294
0.7825
-1.0688
-0.8273
5.0381
0.2
-0.8491
2.1659
-1.8999
0.507
-0.9479
1.1801
1.2125
0.5652
0.4006
0.3141
-4.8876
1.84636
-1.30866
-5.43777
-3.2953
-1.01598
-0.28133
-3.60151
0.86324
-0.39562
1.31826
1.1727
-0.1709
1.7328
-0.5974
-1.09045
-0.31797
-0.1428
2.1103
-1.3754
-6.8125
-4.63252
-0.74396
0.90428
0.9708
2.8848
2.7256
-1.5189
16.7809
-0.6865
5.8058
0.9391
0.6017
0.3133
0.17007
0.1848
-1.63634
0.0187
1.7139
-1.5321
1.11855
-1.66896
1.78935
4.1133
1.0199
0.64796
1.2127
0.1915
-0.6294
-0.80358
2.04698
-0.12874
-1.36167
11.12407
1.25716
-1.0492
-4.1164
-3.0455
-1.89903
0.4539
-1.42613
-0.29714
-0.40936
0.0179
-6.67625
-0.38722
5.10197
-1.6922
2.5082
1.2208
2.53427
0.3033
0.3522
-0.7173
-0.8108
0.2749
2.6046
3.4328
1.84
2.90318
-1.28238
-1.00056
0.0752
-4.2348
-1.658
6.5336
-1.32543
1.93491
-1.3024
1.5493
0.3837
1.3681
0.401
-1.0022
5.06
1.39
2.7946
1.8303
1.6463
1.5581
2.6884
3.9439
-2.0148
5.9387
-11.2173
-1.1283
1.8185
5.6194
-2.5564
-1.8117
2.0415
4.6873
-0.3368
7.7779
0.3959
4.0314
0.52287
1.5337
1.49614
1.83596
-2.9402
NA
NA
-0.91397
NA
1.3979
0.8422
-0.8215
0.1749
-1.2098
0.2219
0.7335
0.451
0.7538
-1.7683
1.818
0.4313
4.0877
1.4448
-0.6206
1.7331
-2.1017
-3.1432
-0.7139
0.3457
-0.3109
1.3871
1.9101
-1.1165
-2.46895
0.99775
-0.878
-0.7491
-1.8553
1.13953
-2.77553
-0.2977
-0.3141
-7.75573
0.82795
-0.3712
6.4135
0.2599
-0.3196
2.3373
-3.9163
0.219
0.4236
0.3746
0.8963
-1.36483
-0.73954
-0.25797
0.22217
-0.8668
-0.25473
2.63363
0.4142
2.15688
-0.62825
8.40531
-1.0536
2.7516
-4.5611
1.3808
-0.639
-2.1712
-2.6941
1.7151
0.9278
-0.4878
-1.2453
0.4499
0.8587
2.4835
-2.325
-4.3139
-1.6974
3.2966
-0.2658
1.7157
0.1143
-0.1674
-1.0889
-0.9976
1.3296
-0.9449
1.1127
3.0872
-2.1141
-1.6453
-3.4699
-5.1756
-1.1215
-1.2558
0.0025
4.2819
1.5532
2.1421
1.7497
-6.7981
-1.0515
0.9019
1.7663
6.3525
0.6535
4.5193
1.3685
-7.5361
2.6801
2.6305
-0.2585
0.3649
1.4529
0.3987
-1.7497
-1.6558
-2.6255
-8.2374
-0.9895
5.6314
1.1233
3.9333
-0.2145
0.5066
-1.551
-0.00395
0.06779
6.32844
1.1822
0.47349
0.97608
0.1398
1.66
-0.11727
-1.3841
0.3184
0.29436
-0.63469
-2.49182
-6.5508
4.6785
-4.10595
2.6862
-1.1266
-0.268
1.7074
1.8611
1.2778
1.14709
0.6985
3.2541
-2.81577
4.2366
0.37809
2.1449
2.47531
-2.60998
-2.7463
-3.6154
2.90561
3.2223
2.7986
-0.4288
-1.3832
-2.6498
-0.1379
0.6769
-2.1303
-3.3143
13.3257
4.4971
2.9684
1.9581
1.4685
-7.4641
3.3871
3.5983
5.1637
-4.96058
-0.5728
0.43626
-4.3432
-2.77153
5.83123
-1.87254
2.3596
-1.44776
0.1273
-1.3296
3.00949
1.88092
-0.7912
2.19886
-2.8671
-0.5143
0.3634
-0.87367
1.53315
-0.2784
0.48535
-0.6311
1.1099
0.79159
2.9826
-3.43834
-2.287
3.78015
-1.2049
1.16783
6.329
4.36824
-1.7081
0.09021
-8.07565
0.2893
1.94781
1.068
-1.21939
-1.73742
1.2237
1.73342
-1.6229
3.519
3.64309
-2.5112
-1.22194
-3.1453
-0.5558
0.1651
0.04696
1.74109
-3.27049
-0.91639
-0.2253
-0.15232
1.23323
0.4904
-0.37757
-0.21684
-2.43399
-1.36986
0.9354
-0.583
-5.1342
-1.7668
-0.62064
4.32544
-1.5418
0.37516
1.04186
-2.37878
1.33725
-2.77443
-0.90323
-0.27079
-1.8404
-0.1088
-0.6051
1.9621
-3.53914
0.5359
1.02254
-0.4515
-0.20462
-1.8783
-1.5733
0.4364
-0.98448
2.4465
3.0517
0.3622
-2.3253
0.4096
-5.9061
-0.7095
1.6555
1.97474
0.83504
-2.6074
3.33792
4.09455
-1.35786
-1.39664
0.48584
-1.62483
NA
1.30474
-0.37522
NA
-0.9046
0.99131
1.78898
2.1515
0.74442
-5.0106
-4.74603
-0.70112
2.12542
1.80939
5.11772
-1.6729
2.2013
6.3377
-1.21732
-2.9727
-1.07613
-6.10715
0.94768
-0.26025
3.28695
3.00922
-0.88665
-8.27284
-3.78926
0.2024
-0.3701
-1.7211
7.9199
-0.7104
2.239
2.8182
3.4812
0.2375
-0.6106
-0.6969
-0.1452
4.0393
0.608
2.0481
-3.1322
0.5448
2.4866
-3.0641
6.4687
4.3456
-3.8752
-0.9708
-2.5833
-2.2338
0.352
0.194
-7.4625
2.1338
5.5333
-1.9779
5.7176
-0.32
0.6351
-0.0273
1.3849
0.3787
0.4478
-0.7549
1.3278
-1.3267
-2.1552
-2.5636
2.7572
-1.666
-1.4988
1.5696
-0.274
-0.754
0.5421
2.3264
-6.4237
-0.2597
0.6876
-19.1388
-0.7533
-2.33178
-8.586
2.6655
-2.1625
2.6071
-7.9301
-8.1597
-4.036
-5.328
1.8715
-2.6
4.3275
-1.9835
2.735
2.0928
5.3379
-1.5483
1.661
-0.8433
0.48454
0.2487
-2.522
1.3168
-1.8215
-7.4561
2.2409
-0.9547
1.5655
-1.1832
-0.28923
-2.5862
-0.7486
-0.2209
-1.8971
0.81
-0.8961
3.9813
1.9173
-2.5129
-0.5177
1.928
0.39965
-3.3323
-0.1784
0.4535
-0.411
-1.22273
-0.4828
1.4792
-0.68158
-0.979
-0.47994
0.00715
-6.4327
2.0187
-1.4014
-1.3132
2.9078
5.23
-0.1304
-2.68154
-2.32353
0.81
6.0245
0.85403
1.963
1.1813
-5.6203
0.12257
5.27333
-0.3253
-0.6024
-1.63335
-3.466
-3.08447
3.39673
1.7407
-0.4551
1.5925
-2.6079
-1.68337
0.91126
0.8436
-1.0792
0.0737
-0.9699
0.3718
0.0132
-0.7494
0.692
5.79872
-1.0753
-0.37909
-2.11733
1.25333
1.36833
-2.6058
1.7459
-0.0194
6.32105
0.3525
6.48979
-0.45851
5.03014
-2.13748
0.58272
2.3103
0.31023
-2.9498
-2.10901
0.3944
-1.1155
-0.54187
3.10222
-0.2786
-1.7848
1.3127
0.0635
2.47259
0.43831
-2.98232
2.5076
-0.6831
-2.8751
-6.5509
0.1967
-1.7587
-1.673
6.39922
5.7461
-2.21879
-2.20976
-2.17624
2.074
1.076
0.902
0.9414
-5.4128
-1.44305
0.5732
-0.6761
0.4355
2.1799
-6.15507
1.6138
0.6413
2.3257
2.5025
11.5403
1.5469
-0.8111
-1.3901
0.2888
1.504
1.21322
-3.7115
1.3404
1.6263
-2.931
-4.82302
1.06649
-2.3159
1.22712
0.59875
-3.30466
-7.6872
1.01618
-1.01705
-0.2143
2.1117
2.22913
-0.1843
0.2334
1.6387
6.9934
2.08849
-8.4419
-0.006
4.7809
-0.27231
2.7606
-0.2846
10.93339
5.23594
0.60831
-15.5293
-1.1488
3.49181
-3.94315
0.27402
-2.85344
4.4622
-5.09669
-0.5876
-1.0512
0.0599
-0.64397
5.25122
2.52416
0.97299
-3.99871
0.87347
-5.3825
-2.4793
-0.13208
1.5854
-3.375
-0.0536
5.6199
-2.52114
1.3389
-3.37799
-1.9987
0.6586
0.63186
-2.4623
3.07311
5.07306
-2.78977
2.7243
-2.4482
-1.8673
-0.2395
-0.9505
-1.5396
0.2398
-0.1367
-0.1694
-1.9148
0.8584
0.3593
-0.522
-3.3944
1.5548
5.0801
4.9475
-0.4459
2.4458
-0.5129
-2.2012
0.7345
-10.4808
-3.1057
0.29877
-2.70522
-8.624
-6.4595
-6.72563
4.9045
-5.82436
-3.2861
0.1452
-0.1024
1.74647
2.07096
-0.8368
-2.66106
-3.9069
19.6343
-1.6366
0.7202
-3.0293
5.60584
0.46669
1.05944
-3.2661
0.4621
-3.023
1.07
-1.2069
2.81894
3.1069
-3.0879
NA
NA
1.78342
2.9003
-3.401
-1.27629
-5.62529
1.15075
-1.6162
-2.59074
0.65403
1.785
-1.48856
-5.19979
1.01159
2.46984
-6.5904
5.37142
2.30035
1.4484
-0.95979
-2.14225
2.92567
0.56608
-1.01137
1.51407
3.07373
1.5926
-0.4458
-0.5641
-4.69492
-0.8774
-2.2544
-0.52133
2.23769
-0.68003
0.65722
-2.13911
-0.45514
0.21373
1.04372
-1.37416
0.13955
0.5671
2.59174
1.4373
-0.16245
0.88422
-4.4502
-2.14963
-2.1012
2.19497
4.71002
3.1987
6.54257
1.7536
-0.19224
3.1975
2.276
-0.47122
-0.06971
6.651
0.854
0.9124
0.67085
1.15502
1.4132
0.30875
-0.94154
9.346
-1.42075
-2.1942
-3.03928
-1.44895
-2.9416
-7.34493
0.8652
1.2745
2.347
0.34473
-5.2807
-3.2266
-0.21522
-3.3288
-9.9199
2.34762
1.56089
-3.5212
0.77467
-0.4047
1.73641
-1.35858
0.57076
-0.37783
0.7579
0.225
-1.12008
-3.8365
0.2343
1.2608
1.67217
3.5039
-1.75333
-1.5482
-1.3803
1.80682
2.50389
0.43733
1.555
-0.4725
-0.4287
1.28587
0.23479
-1.8365
0.6016
1.8773
-0.0547
-0.5916
-2.2247
-0.8821
0.5494
-1.00056
-2.38131
4.18878
0.4266
-0.15862
0.029
-1.38395
2.2776
0.03274
1.1212
4.3009
-0.9132
2.1271
2.99325
0.7382
2.4308
1.1018
2.51406
1.45297
-0.8054
-0.49408
-0.61061
0.21548
-0.244
1.318
2.08305
0.02794
-1.234
-1.25012
1.1406
-1.0871
0.5418
0.7
0.85129
2.4891
-1.5886
-1.7722
1.22353
-3.1139
-0.534
1.3047
3.6173
0.2757
-2.2
0.8645
-1.2523
-1.3632
-0.397
0.0618
-1.4427
-0.8576
2.0047
0.5362
2.41619
-0.5121
0.3563
2.4237
0.0964
-3.7188
-1.4583
-1.3979
-1.2469
-2.6318
-1.3017
2.1836
1.4975
1.8376
-2.4128
0.036
-0.9804
-2.8122
-0.3136
2.5856
-0.8301
-0.8267
-0.7923
1.1364
1.182
3.5106
2.4276
-2.5858
2.2254
4.2353
-0.1286
-4.3186
7.5607
1.6593
-1.4458
1.8322
-0.4799
-0.2699
-2.5777
3.682
0.4873
-0.9494
0.4252
0.279
-2.6245
-1.8336
-0.2358
-3.9643
2.7376
-1.88777
-1.9803
-4.744
-0.1993
4.5602
1.5766
-1.526
-0.4753
-0.4738
-5.8887
-1.30314
-0.4501
-2.621
-2.0684
3.2757
2.5569
2.1899
-1.73817
0.81871
-1.3451
2.5419
-2.7916
-2.8555
2.02704
-1.29073
-10.1386
6.3282
-1.0308
-1.906
-4.3277
-6.1494
0.7089
0.00954
-5.4159
-0.5794
0.8135
-1.9684
13.21698
4.8166
4.914
-0.5402
-3.6736
-11.7868
2.3738
2.8636
-0.8763
-5.3199
2.2136
2.9956
0.0286
1.9728
-2.0614
-0.48946
0.0767
1.7494
-3.5189
0.14685
2.792
-0.79483
0.3892
0.0472
-3.96268
-0.237
-1.5131
0.6014
-1.7173
1.8222
1.4713
-1.9535
-2.7046
-0.09337
-2.3566
-0.7717
25.61963
-1.361
2.1936
7.1444
3.106
-1.5545
7.0169
-9.9373
-5.7078
-3.5786
-1.6998
0.4116
0.7774
-5.2771
0.00991
-2.6913
0.7324
0.84321
-2.4405
-3.4153
-0.8029
-1.3733
-1.7012
1.0141
-1.31839
2.85794
3.4857
0.90163
2.269
-1.0501
2.71024
-0.4145
0.73609
0.66737
0.29834
0.7154
0.0784
-2.6099
4.85937
-4.36584
-2.45557
-1.1335
0.81846
-3.0037
-0.9997
1.7559
1.10571
7.17386
2.31293
0.27949
6.87303
4.21673
-1.80534
0.5332
-1.6236
-1.63157
0.0928
-0.5331
-1.1956
-1.56987
1.0296
-2.22276
0.4924
-0.60669
-9.3656
-1.1474
-0.5406
-1.1929
0.5656
0.4073
-0.266
1.96677
-2.6024
0.3648
3.0522
-5.4582
1.032
0.3093
0.2732
2.83887
-2.2741
2.6555
-0.77
-1.2978
2.5712
-0.19606
0.84825
1.28022
-0.6022
1.48306
-1.7788
-10.0464
0.388
-2.5539
-1.81093
-0.9847
-2.5414
-2.0945
2.28105
-2.8121
-3.02838
-1.8662
3.1418
-1.7747
-0.58086
-4.07848
-1.54969
-0.83753
-0.0157
-0.9575
-0.1502
0.2618
-2.63973
-1.14884
-2.11938
-5.30481
-1.15958
-4.07594
-2.27557
-1.13892
3.84453
-0.6385
2.0505
-2.395
4.40064
-1.0402
-0.8771
-0.38033
1.3192
1.09399
0.88375
0.4405
0.8926
-0.244
3.9896
-2.7004
-1.0658
0.6059
-0.13455
3.0103
2.3142
-1.0676
-1.7705
NA
-0.99921
1.6961
-4.22332
9.6734
2.71836
-3.9435
-1.8146
0.7731
5.37527
2.179
-2.42934
3.2399
0.60011
1.7248
-0.5944
-1.6637
0.3613
-0.9487
0.61674
0.0787
1.727
0.5747
0.8034
1.1281
1.7551
-1.4189
3.2381
-0.08536
1.7289
2.94054
-2.2451
-0.98657
0.50178
1.59402
-0.8006
0.3597
3.1493
4.93988
4.99
0.8356
-0.4956
-0.76571
-1.6015
0.1874
-0.80514
0.081
-0.6515
0.4868
0.7708
-8.2113
-0.02031
-2.534
-1.8048
-0.7737
-3.6698
3.6698
0.7973
2.3968
0.3223
1.47819
0.302
-3.58128
-0.54636
3.80531
7.7077
-0.5022
2.7737
-2.1861
5.0178
11.6827
1.0628
10.8571
1.7592
-5.2162
3.89157
-0.777
1.75882
-0.5956
-1.66008
0.102
-8.8857
1.34652
0.6307
2.1446
-2.8243
1.7991
-1.5399
-1.2723
11.97883
1.9936
1.17247
-2.1708
2.53564
-10.4717
-0.6041
13.4001
4.6362
0.7684
-3.55077
-0.16566
1.0934
-1.96261
0.6464
-2.5415
0.3779
1.1886
1.7452
0.70633
0.82554
1.06705
0.3719
-0.6398
2.48701
-0.6068
-0.6214
0.57803
1.002
-6.3809
0.28868
-0.51493
-11.9781
-2.7794
-2.175
-5.0063
-2.4839
-2.52029
1.30982
2.50894
1.3663
-0.5524
-0.15565
-1.5367
-2.09623
-0.6683
-0.47303
3.687
1.6398
-7.29764
0.0748
-0.5676
-1.8104
-0.546
0.4573
-3.69281
-1.4073
4.07541
-0.9759
-2.98539
0.723
0.4197
1.3765
-1.3102
-1.13966
1.0478
-1.8476
-1.525
0.3715
-1.4539
2.3173
1.3544
0.4279
-0.8033
0.26978
-1.28588
-0.2052
-2.245
1.6514
-0.6308
1.51563
-0.80537
1.92632
0.4632
-10.1666
10.1676
1.5778
-0.5901
3.1517
-1.1615
3.5948
-1.4345
-1.2854
-4.5811
7.0362
0.0605
1.0032
0.0827
1.5973
-4.9627
0.4895
0.6381
1.8108
1.1697
7.14072
-1.87188
-2.51519
-6.5282
-3.603
-2.69651
-0.1117
-1.65345
-0.9949
2.2255
-1.7472
-0.6671
2.35826
-0.7964
2.16357
5.4439
-2.58579
-1.8563
0.25893
2.8507
1.0458
-10.5968
1.5819
-1.2066
7.75682
2.97158
-3.7272
-9.3456
-0.6818
-0.2381
-13.653
0.1057
0.8674
2.8631
1.7783
0.1756
1.55372
5.0601
-2.17678
0.87036
-4.42499
-0.7372
0.37089
0.2397
0.1333
-6.3027
4.0042
-7.0434
-2.8719
-1.37084
2.2744
0.3822
-2.807
NA
9.78492
1.7568
-0.1769
-8.2685
4.1735
2.4873
2.6693
-0.7661
4.1528
3.77715
3.0679
-0.5855
-7.9938
-0.47065
5.06678
-0.14021
3.372
-0.85
-4.86875
-1.5664
-1.1076
-1.6065
2.9094
-1.6912
0.5331
3.2653
4.2397
-1.40471
-0.6388
-0.39884
-4.0752
-3.3266
1.46892
4.926
0.3652
-3.0727
-33.4349
0.9875
1.7538
-1.092
-1.4878
-0.19209
0.6818
-2.1078
-3.3674
-22.5659
-1.7596
1.0728
-0.83275
-0.2003
1.77785
-2.28926
2.7683
2.9698
2.9963
0.5474
-1.4149
2.88331
3.27492
2.16326
-15.8039
-7.0058
-0.5873
-1.2049
-4.6956
0.3563
-0.61
0.03858
-0.62336
1.97211
2.9609
4.7888
-0.1635
-9.3815
4.37
2.47033
1.87784
-2.5048
-4.3429
-1.9546
0.4593
NA
1.9975
8.44449
-3.3544
0.9062
-0.0536
0.00292
-0.4504
1.50844
-3.9763
-5.4892
-0.3479
0.9089
-3.6902
1.86015
-1.32172
-3.452
1.56088
1.5873
-1.0081
2.0136
-8.29208
7.59537
0.381
1.4127
-1.4348
0.1442
0.1789
2.0675
6.6919
-2.9624
0.5171
0.7193
0.9612
-1.7299
-1.85405
-1.0424
2.07764
-1.2771
-0.2838
-0.1951
-1.8341
-2.4117
-1.95507
-0.2918
0.02006
0.52841
2.9355
2.1992
-13.95943
NA
-1.4185
5.8337
-0.1742
NA
3.58869
-6.7925
2.2079
0.9112
1.56697
2.39201
1.9285
1.31487
-1.7711
0.1668
-3.3771
-2.5446
-0.06156
0.1029
0.758
0.4758
2.6763
0.94217
2.0146
0.8796
-0.089
-7.4491
-0.0626
1.54814
-0.0664
8.0175
-1.7768
-2.9942
0.6942
-0.0452
-0.473
-5.864
0.6502
0.2753
0.431
-4.19057
0.65178
2.233
-0.2239
-0.54022
-0.0388
0.6355
-0.02501
1.4281
-0.57461
-2.3899
2.47896
-1.1713
3.4454
1.7927
11.5692
3.3674
0.6533
-5.6174
NA
4.0079
-0.0182
-1.50076
1.11326
0.02772
-1.0378
-1.9337
-0.5758
0.5294
-4.1038
-0.5198
-1.8863
-4.5234
-0.53521
-2.57795
0.45887
-1.0333
3.6896
-2.19457
0.5498
-0.3348
1.2773
2.9978
2.12219
-0.68329
-1.95524
2.7638
-2.05772
1.5157
2.183
-1.9616
0.2062
0.7469
2.354
1.2701
-0.17303
1.19581
3.74951
0.33838
-0.9763
2.4173
1.2803
-3.4946
-1.56547
5.6475
5.4004
-0.28865
0.5846
-0.21242
3.2846
-1.1695
-0.27373
-2.65618
0.1344
-1.88633
-2.7842
1.4325
10.6079
4.164
-1.1542
-0.0417
3.6676
-2.564
-0.34007
-3.161
1.4098
0.897
0.21963
1.0184
-0.5059
-1.93763
0.4758
-0.8124
2.7363
2.34445
5.6023
3.1463
-2.8918
-1.2277
-16.4159
1.41438
-0.8141
1.1114
-4.7525
6.2885
0.0698
-6.3822
0.7725
-0.3192
-2.247
5.4982
-3.7318
-0.5006
3.83671
-4.03492
-2.39
-0.2538
-0.2072
-0.9402
-2.47434
-3.4014
-0.0543
-0.502
2.6743
-0.1084
12.5076
1.4504
1.58759
5.44889
1.5114
2.25905
0.86759
1.72385
2.0659
-0.0262
-1.4137
7.6737
-2.96386
0.0159
0.7958
0.1242
0.5466
-1.73238
-3.4096
0.61699
0.3047
0.2228
-0.1814
-0.2579
0.4331
-1.0001
-2.10281
2.43348
-0.12435
NA
-0.27688
1.4336
-1.26095
0.0442
1.7346
1.4454
-3.0715
NA
-3.1451
3.2201
-3.1807
-0.93886
-2.36661
1.1813
3.6372
1.5951
-3.96796
-0.3388
-2.31477
-2.1132
1.4183
7.0799
-12.9655
-2.0143
4.9637
-1.2719
1.0752
-0.95811
6.3252
3.12879
-3.5043
1.25804
1.59851
-0.8039
-1.8183
2.6149
-0.2254
-5.4493
-0.0457
-3.0444
0.4262
-2.0586
0.1108
0.18011
-1.66506
-3.2171
5.1312
2.64438
0.32241
0.83129
NA
1.1705
0.19368
-1.04129
-0.97409
-2.3185
-2.96263
1.1809
-3.6302
-0.9194
1.23633
-0.8115
1.1314
-2.2594
-1.8816
0.8716
0.1355
0.7578
-1.0386
-0.6134
1.5565
-2.18361
2.534
5.06
-0.4431
-1.1072
1.67761
-0.34683
1.3375
2.4988
-0.4892
-12.8488
2.4593
0.1513
-5.7504
1.7146
3.6672
-0.3292
1.7058
-0.31431
0.7023
0.8202
-1.1444
0.27278
-7.00553
0.6648
3.84894
3.775
-0.7102
-2.7482
4.7623
4.58293
0.01204
-2.54073
-3.7792
-4.0717
-0.6325
-1.9043
-0.90862
-0.9595
NA
-0.3829
1.371
1.5999
-6.6481
0.6505
-0.9125
0.35727
-2.0401
2.82189
2.2361
NA
-7.3924
3.0316
4.25272
-1.79
0.5573
-0.32357
-0.0027
-0.5503
-2.8923
-0.08148
-1.4266
-0.5517
2.97277
-0.4877
3.8176
-1.18176
-1.14233
-2.71026
-1.164
-1.0846
-1.019
0.4146
-2.2288
1.9717
-0.6017
-0.1303
-0.6784
2.87241
-3.9806
-0.1
0.1235
0.118
-13.653
-2.0631
-4.62984
4.23921
0.2836
0.9923
-0.47342
3.4997
-3.78078
-2.169
1.46208
-1.677
-2.8082
-1.4446
NA
-1.80927
1.3895
0.43016
0.0967
0.1364
-12.6475
-4.1921
-0.54478
2.4322
2.3064
-0.2243
2.4099
1.1209
-1.7462
2.3037
-3.00001
0.77941
0.3073
2.2144
-0.1366
1.6174
NA
-1.2133
-0.07266
0.2318
3.1824
0.6737
2.1349
4.0371
2.44383
-0.51185
-0.0379
-1.4506
-1.393
-0.14672
-3.13325
1.8118
1.2561
-3.6032
-0.90537
0.2848
6.5964
-1.05208
1.4554
-1.2844
1.95589
-1.1878
0.99629
1.5647
-7.5502
-1.19962
0.03083
6.0279
2.3971
2.812
1.409
-2.0245
-0.0168
-1.3805
-1.5073
-2.0795
0.2401
0.2597
-2.2336
-2.8448
3.3815
0.6252
0.1638
2.52
2.1885
-6.26107
-1.822
-1.02336
2.0261
2.9073
-1.0079
-0.18247
-0.7013
2.46894
-0.1183
-0.85112
1.3695
NA
6.9144
0.8823
0.4155
-0.3271
-1.2522
-4.0504
3.2981
-1.0609
-3.859
0.7691
0.4248
3.2837
-2.6279
-1.5944
-1.5771
0.5401
-1.6617
4.0092
0.4662
0.92114
4.1805
2.8487
4.51661
1.2584
-0.22429
2.7788
3.28815
-1.1182
-0.36739
NA
0.5775
0.20507
2.4597
10.3906
5.6807
-0.1213
-4.07972
-3.204
-0.36104
-0.7595
0.6017
-4.34832
2.77737
0.74805
0.5853
-0.27277
-3.21554
-0.52296
1.1571
1.9587
-0.2212
-1.6075
-6.5868
-1.776
-1.8228
-3.5015
1.25506
0.34119
-0.62965
0.179
0.941
-0.46317
-4.6404
-2.74109
-1.1727
-3.5189
0.1988
1.3336
0.6653
0.00358
-0.5231
-5.2007
-11.0426
4.0657
0.26608
2.3381
-0.22321
-0.4628
-1.9143
-0.19673
-0.8175
-0.7107
5.8048
-0.74748
7.5834
-2.34839
0.1216
-0.5952
3.2077
0.4549
-1.4844
0.9547
1.4498
0.0579
0.35766
1.36297
0.77683
-0.6749
-0.0137
0.488
1.6047
-1.7902
-0.6892
-0.6881
-0.3726
NA
NA
NA
NA
NA
NA
NA
3.40413
NA
NA
NA
NA
NA
NA
-0.6656
NA
NA
1.7857
NA
NA
NA
NA
4.2784
NA
NA
NA
NA
0.3817
NA
NA
-1.7076
1.3171
NA
NA
NA
NA
NA
NA
4.86555
-0.5858
-1.8643
1.9578
NA
-3.9177
-1.6412
-2.3801
3.4102
1.2332
-1.1426
-5.6954
-1.17085
1.5649
1.03793
-1.8279
-2.08387
-1.21649
-3.1123
0.1108
0.8643
-1.08755
-0.5289
1.47517
-0.3759
-1.831
-0.54066
-2.36379
-0.3416
-0.8668
-1.58558
2.5019
2.1835
-0.2297
-0.33615
-2.8891
-1.256
-0.43352
-0.0628
3.1918
1.028
1.11292
3.0728
-0.8313
-0.1268
-1.87652
-0.874
-2.091
-0.7563
-0.836
-0.4378
-0.5529
-0.0178
NA
NA
NA
1.88495
1.9017
-1.9934
-2.38049
-0.9669
-1.2605
-0.7942
1.525
0.6384
0.57937
2.13815
0.60259
1.4145
1.9244
-0.1001
0.7279
2.1399
-0.37
-2.2044
-0.5611
1.7934
0.2606
6.3971
-0.77064
2.7062
-0.5049
-1.84616
-0.6736
-0.2847
-1.13923
0.476
0.89491
-1.3436
-1.19877
-4.5247
-3.1412
3.81822
-0.2715
2.7603
6.5028
-0.3135
1.2102
0.0408
-2.4274
-2.24526
2.4119
0.9825
1.35508
0.5636
-0.69028
-1.71869
-0.6933
NA
3.0195
2.4935
0.5559
-2.4168
1.7186
1.10762
-3.8672
2.94429
7.1705
-7.14118
2.8998
0.07673
0.7587
-1.726
0.4848
0.08721
-0.1014
3.7769
-13.0055
-0.9042
0.5247
0.8853
1.5613
-4.2531
0.89714
0.36677
2.18874
2.8285
0.25511
8.12116
-0.7059
2.5163
-1.2331
1.0245
-1.3849
1.2479
1.04965
-1.89166
-6.82419
3.5792
2.2595
-1.3667
2.8048
-2.6627
1.8027
0.24651
-2.4108
-4.14476
-0.53334
0.1429
3.2162
-1.4284
NA
0.3751
-2.42695
-0.83906
0.0765
0.35968
1.3672
-0.1585
-1.66088
-0.2964
-0.19459
1.3706
0.7823
0.5777
-1.9251
-1.0264
2.0303
2.2271
-4.2635
3.6629
-1.7053
0.8304
1.43015
0.33231
1.38551
0.27114
-3.31407
1.0276
1.35328
1.36505
2.7061
2.16808
NA
0.4281
3.39469
0.3957
0.22849
5.8397
-0.8413
-2.264
-2.3794
-0.10393
1.1933
0.5479
3.0546
1.2641
NA
-1.68764
-3.2276
1.8086
-0.0026
NA
-1.15801
3.4425
-2.0227
6.65065
-0.88769
0.3952
-1.6336
0.6067
2.02579
-1.0424
-1.20072
13.4512
1.1453
-1.9793
-0.1627
-2.2608
1.016
0.8234
-3.0368
2.15347
NA
-0.5086
1.9832
-1.1198
-3.7606
-2.0999
0.0131
-0.13894
2.31201
2.7591
0.0618
0.27637
0.2575
-2.3517
1.78106
-0.41898
-13.63213
0.0329
-0.1054
-0.19121
-1.2099
0.13478
1.50611
0.7458
NA
1.2674
5.2656
0.1074
-0.3349
NA
-0.9523
0.0348
0.01628
-0.85922
0.5404
NA
-0.2005
NA
0.9512
2.6075
1.4462
3.3054
3.9777
1.058
0.4195
-1.2185
1.6512
-0.1125
0.5908
2.7414
0.5747
3.40543
-0.74932
-0.0938
-1.82033
-2.261
-2.238
0.9982
0.80935
1.4617
1.7199
-2.0622
0.3904
-0.22818
-0.84609
3.3961
NA
2.99223
-5.6624
-0.6388
0.81065
-2.15563
0.5855
-0.3135
1.1119
0.14857
3.7573
2.1677
0.6625
-0.7846
-2.373
0.227
-1.74291
-0.12182
-0.08697
-0.80701
3.28353
NA
-2.1179
-1.6232
-12.5167
1.4477
3.6067
2.7779
2.0873
-2.0344
-0.6725
8.7449
1.81811
11.5258
-1.2302
-0.4988
-0.3626
3.40021
5.91396
0.1641
0.90549
NA
-1.08324
-2.16227
0.77076
-1.25135
-2.4083
0.742
NA
-3.149
-0.8596
4.0048
1.215
-2.0501
3.40119
1.1289
-2.6371
0.22141
NA
-2.4153
0.5591
1.0062
1.1315
-1.93009
0.19935
NA
-0.15805
1.58432
-2.0401
-0.8035
NA
-1.1728
-4.0519
-0.35662
0.5884
0.354
3.7209
0.552
-3.7336
1.1755
1.74367
-0.68556
-1.96573
-3.1039
-1.67587
-0.0957
-0.69627
2.06186
-0.84647
2.0045
-1.92745
4.48394
-1.7403
0.92376
0.8879
5.74131
-4.72261
-0.5089
-2.10733
-0.92083
1.4825
2.0919
-0.22788
0.02586
-0.0327
NA
0.1533
-2.3243
-0.41234
2.50198
0.2105
1.4498
-1.12984
-0.8336
0.8778
0.5899
0.2877
-0.12343
-1.09586
0.82577
-0.1056
2.4796
NA
-1.121
-5.0982
1.69939
1.2868
-0.7667
NA
-2.01253
-2.37745
0.02577
-2.577
0.1533
-3.37075
3.87964
NA
-4.20665
-1.6527
2.5626
-0.46125
-22.10961
-1.764
NA
2.0133
4.043
NA
-1.6335
0.0924
0.5603
NA
-1.56853
-4.3849
1.61264
-0.3638
1.93333
NA
0.35244
1.60186
-3.8643
NA
-1.83625
-1.1993
-1.174
-1.15988
-1.3193
-0.603
1.0136
-0.0315
-0.23842
NA
0.2176
5.08758
3.77106
1.7092
-23.5658
-0.3816
-0.42026
-0.6093
-0.41107
-1.15634
-1.48
-0.66585
NA
3.0613
-0.05661
1.4192
0.0114
-0.3241
0.5129
1.0716
4.1946
-1.238
4.1193
0.7021
5.43953
1.5888
-1.6785
-0.0991
2.2231
-0.20315
-0.31704
-2.41691
-0.21171
-1.65018
4.5069
0.02242
13.1381
1.19387
-2.40681
1.0558
-2.7768
-1.5544
-0.4504
-0.3174
0.2934
-0.55525
0.9263
0.23822
0.2434
0.6553
-1.7166
1.9474
2.9778
-1.11903
1.71058
-0.61114
-0.8059
0.3392
1.03153
-1.29647
3.74854
-1.82821
-2.43694
2.40793
-0.3811
-0.9622
-0.46391
-1.26345
-1.3561
0.1876
1.10362
-0.1307
-1.0667
-0.35463
-1.94397
NA
-0.3349
-1.4453
-0.4566
-0.68507
2.6317
1.2613
5.42202
-2.5572
8.8655
NA
-3.8963
-1.33832
-3.32368
NA
0.4398
7.822
-1.8082
-2.2321
1.8744
-0.6609
-11.9403
-1.7602
-0.8516
-0.99
1.6527
-0.9604
-0.6558
1.5447
0.3442
NA
1.93337
-0.5848
0.00895
-0.4931
0.629
1.54651
-1.7849
-1.84721
-3.9427
-1.84072
-3.597
-0.70058
-0.5349
1.9572
2.97769
-2.70297
-4.08421
0.15168
-1.126
-1.4777
2.2559
-1.0644
-0.2124
0.59663
2.5017
-1.3754
2.61829
-3.7411
4.0024
-1.5829
-0.059
0.497
-3.67109
0.4062
0.5734
0.5011
-0.4442
0.69859
NA
4.37487
2.8012
-2.8977
NA
2.9103
-11.23638
1.1413
1.64269
-4.37939
3.6196
1.16351
1.6525
9.45115
3.41159
2.23686
0.6518
-3.52497
-8.773
-0.4185
-2.02943
-11.98671
-1.3013
1.0914
-8.08925
NA
-2.42356
-1.0421
0.2453
0.4035
4.8845
-0.3539
-0.8575
-1.309
-2.2472
0.15915
-0.7024
1.0961
0.908
0.63305
1.508
NA
NA
0.3263
-0.7011
-1.1776
-0.5304
1.8392
6.67831
0.41497
-5.8419
-3.0456
4.2288
0.77967
-0.9111
1.2551
-1.6713
0.9868
-1.80415
0.686
2.4647
0.9419
-0.37221
1.7705
NA
-1.2794
0.55
-2.06136
0.85122
2.6912
-0.30455
1.00979
-0.6561
NA
-0.0353
0.4446
5.7969
6.0896
0.7516
-2.0269
0.20315
-0.3192
1.33529
-2.41581
2.6743
-0.3247
-16.6662
-5.40758
0.2503
-0.86747
-14.3182
0.28613
-0.3121
-2.4539
-1.9699
1.3881
-0.53887
4.4098
-2.46858
4.40964
-0.5621
3.03934
-1.6979
-0.3807
-1.8378
2.15849
0.8107
-0.1846
-1.1056
-4.69671
0.1533
6.83091
-2.19927
0.76932
2.61727
-1.64838
1.99708
-0.42365
2.25971
1.34645
-0.1899
0.82837
NA
-1.4485
-0.4939
-2.3909
-3.5043
-0.00765
-2.0751
8.73432
1.38676
0.6709
-1.1629
-2.9626
-13.9477
2.71032
0.36818
3.2647
-0.6839
6.70188
-1.4249
-0.61895
-3.2407
-0.08524
-0.82841
-2.42507
-0.10278
0.72739
-1.1414
0.2075
1.07619
1.0207
-1.0076
NA
0.1422
-1.6212
-7.5477
-0.277
-0.2092
0.5371
0.7394
-7.3621
-0.2523
1.254
2.0723
0.63434
-2.0836
6.4847
0.7128
-7.6103
-1.4511
-1.3267
-0.0826
4.4835
-0.2669
-1.2069
-0.0689
-4.7072
2.0792
0.5629
-1.261
-0.1756
1.9257
1.2481
0.53026
-0.58454
2.6378
1.3526
-0.2776
-2.6826
0.4945
0.7541
1.4428
-0.1727
0.31343
-0.49989
NA
3.6536
-0.5916
0.9432
-0.6595
0.76394
-0.8113
10.0009
1.07256
0.4277
0.613
0.3495
1.2809
-0.3173
0.80787
1.3486
-1.7375
-1.6387
-0.1751
0.8029
0.7685
0.3069
-0.1526
-0.29231
-0.942
0.6666
-1.7331
-0.97255
-2.136
2.5425
0.3983
0.1005
-1.4875
2.6862
-0.00344
-0.4986
-1.15821
-1.50814
1.4608
0.6655
2.18437
0.85209
-2.5089
-4.3524
0.2297
-0.9834
-1.1824
2.1429
0.8735
-0.9634
1.53412
1.033
-0.15533
0.8535
0.6079
-0.43609
0.59056
-0.2674
NA
-0.09539
0.232
-0.4939
-2.8102
0.4431
-1.2142
-0.63112
-0.8862
0.7951
0.8231
-1.5964
2.8826
-0.7169
2.2109
-1.2729
-1.3959
0.0701
1.2232
0.1844
-0.6595
-7.065
-0.28915
2.0092
0.6907
3.7502
1.2311
0.11062
0.21963
0.6506
-0.0407
3.4713
-0.0933
-0.10603
-3.9519
0.0068
0.5048
1.33016
-0.1018
-1.6981
2.2235
0.392
1.43865
-1.11219
2.4996
0.35595
6.259
2.673
0.5934
0.3754
0.5113
0.2162
2.5094
-2.7446
0.4781
-0.3062
-1.4387
-0.29343
-0.2013
0.5884
-0.8719
1.0112
2.0882
1.5311
-1.0997
0.2899
-4.09292
-2.01565
-0.9679
-1.1293
5.5105
1.0327
1.6659
6.2442
-0.8033
1.7831
-0.6337
-0.033
-1.2972
-0.1262
0.2036
-0.3728
1.3559
1.519
-0.4394
-0.07563
0.0995
0.7909
7.7743
2.8551
-1.9208
0.4437
2.0635
0.7394
-0.7208
-1.2898
-1.8349
0.0286
0.3944
4.5167
1.8616
2.2866
0.67087
2.83343
0.146
2.2855
0.5167
1.3627
-2.5274
0.8002
-0.1888
1.3319
0.25287
-1.2467
1.0323
-7.3491
3.8185
-2.3053
-0.43287
-0.14
-6.6005
0.5243
6.1435
-1.1635
1.6141
2.0726
-0.6586
-0.0921
0.7529
1.6836
-1.1339
-3.2216
-0.8159
-2.3187
2.2713
-4.8262
-0.7463
5.9278
-2.395
-0.0694
10.5998
-0.8643
1.4294
0.1574
0.3794
-2.6624
-1.733
1.292
1.2936
3.1855
0.2464
2.9786
-2.8172
2.0871
0.2056
0.4744
-2.9202
-2.6512
-7.4174
2.276
1.3451
-0.9751
4.72785
0.7256
0.0137
-0.4235
-3.77523
-2.1359
2.1419
-0.0786
-0.7674
-0.2459
1.859
3.4016
2.0404
-0.5558
2.9969
-0.2147
2.0084
1.6641
8.961
-0.232
3.3405
-0.924
-1.4597
-0.1716
0.769
0.1463
0.7632
-2.6569
1.2421
-0.8141
3.2089
0.8955
-2.1369
3.4385
2.7204
-0.6158
-0.585
3.2917
-1.2145
-2.2869
1.2154
-0.2602
0.8519
1.2564
-1.4234
2.0523
-0.1952
5.4129
-1.8318
0.7933
0.3661
0.4978
3.4416
25.1299
-2.173
-0.8876
-5.4024
-2.7231
-1.5126
1.8183
-0.5056
0.0693
0.8638
-4.1329
4.2994
-0.9216
0.93444
-1.25747
-1.44806
-0.3556
0.2033
-0.4971
1.87137
-2.4084
0.93139
2.75979
-4.6583
0.5378
-1.2817
-2.85491
-1.5713
-9.6783
2.60072
0.31924
2.67672
-5.62322
0.7559
1.50429
2.1883
1.33243
0.2311
6.4843
-10.7945
-0.85508
0.7205
1.07071
-1.9437
-0.693
-4.49496
0.6147
1.4431
1.717
0.58432
-7.88598
-0.10019
1.3859
1.11307
4.2796
0.0648
2.9459
-2.0753
0.665
1.8361
1.4155
-0.3245
-0.52231
3.9153
3.5115
-1.5219
0.9558
0.15884
-1.34302
-0.73773
4.58206
-4.8622
-0.85859
2.3382
-3.45
-4.85464
0.1019
0.3263
0.36325
1.4192
0.9047
-1.7557
0.9901
0.5753
-3.0922
-4.28757
-1.73868
-1.0601
-0.69673
3.33063
-1.8333
5.7182
-1.6411
10.94288
-13.48302
-1.30766
-8.6089
2.3071
-1.97229
1.89975
-0.168
0.0844
4.2722
-2.20918
1.2049
-0.91821
0.9522
-2.7736
-0.4159
-1.3929
-7.36348
-2.75428
0.777
-0.98615
-1.68362
0.1961
-1.5717
-0.68482
2.52384
3.7262
5.2838
-1.9778
1.1267
3.9249
2.76026
0.51088
-2.1026
-0.10715
-0.2075
4.9601
-0.9094
-0.3299
1.2412
-3.2604
-1.927
-4.09243
-7.92972
-1.6619
1.2415
-0.0632
2.54456
-0.1385
6.20497
1.056
5.1525
-0.3993
1.83855
0.9103
-4.34994
1.5454
NA
-1.5454
0.8482
2.436
0.7693
-0.4988
2.6932
-0.00637
-1.0801
1.2009
-3.7262
0.8811
-1.0181
-2.2943
-0.6854
0.9711
-8.04774
7.964
-0.74118
-2.3103
1.153
-0.75939
-0.33652
0.55437
-1.597
2.5233
3.3934
0.302
0.9708
-1.68335
7.6905
2.8951
0.5006
-1.4268
2.2354
-0.7378
2.0308
1.7416
-3.7968
-0.6388
0.6392
-1.7283
3.16642
-3.8061
-8.9881
0.7278
-1.2814
3.6307
-5.79558
-0.66877
-0.2059
-1.7991
-0.4603
-1.2974
1.4488
1.2328
0.2222
-0.2541
0.5082
-1.31281
2.0943
5.0178
-1.1618
0.6476
1.1618
5.0178
2.3825
-0.78033
-1.4485
1.1144
1.76674
-0.1337
1.4028
0.117
1.8741
1.5568
1.8477
-5.1316
-3.1565
-0.7182
0.0414
2.1872
-1.5498
-1.7912
0.6607
1.6003
4.0278
3.2342
0.2147
-0.5468
1.395
-1.342
2.0447
2.4597
0.3277
0.9618
2.4597
-0.1164
2.4597
2.3713
0.9547
1.5693
1.05549
-1.16678
-8.2336
-1.3767
5.7415
-1.2136
0.7271
3.225
-3.3308
-1.0635
1.4511
1.3094
-1.9347
10.5572
3.3667
-4.0272
-0.5646
0.6985
-4.9052
0.82947
-2.6436
-0.3397
-2.0123
-1.55216
-2.5274
4.39368
-2.35639
-7.4241
-1.8244
0.40527
-0.8623
-3.5046
-1.4646
1.40465
-0.4651
7.0377
-0.5257
-7.84959
0.6151
-1.8792
0.5446
-8.35892
0.6249
0.1938
-1.456
-0.4686
3.2232
-0.9836
NA
1.8527
0.9001
-0.5573
-13.3408
0.3707
-2.175
-0.5147
1.1606
-0.8944
-5.63215
-0.83448
1.28559
-1.7647
-1.1069
0.8791
5.77435
-2.14825
0.6913
-1.47106
-0.77575
-0.4238
NA
-0.2998
-3.1354
3.09868
1.31521
-0.0714
0.33975
-0.0466
0.2967
2.82476
0.05965
0.5731
0.0668
-0.6567
-3.3154
1.1661
-0.0183
NA
2.8032
0.03017
2.47886
6.476
1.2172
-0.35267
-2.5069
-3.00736
1.64657
4.01025
-1.1339
-0.1158
-0.47943
-6.3528
1.54816
8.34885
0.6871
NA
0.8408
-1.94493
-1.7688
-0.9379
-1.05441
-3.0417
-0.93061
2.4178
0.38391
-0.0271
-0.6741
-0.97761
-1.85543
-0.9046
NA
1.2125
-2.77084
0.50852
NA
-0.9466
-3.27154
0.95308
0.7715
0.8702
1.83826
-3.7009
-0.5413
0.0215
0.3401
3.4014
0.02433
-1.30675
3.89898
-1.34248
-2.4316
-1.0031
3.1097
-5.54118
1.0257
-2.9941
1.3265
1.0414
-0.4037
-3.00675
-2.5959
3.49868
8.4111
-3.0081
-0.7568
1.7828
-1.8115
2.8805
-2.8209
2.11186
-2.08431
-1.0053
-0.6927
-4.24546
0.3782
-0.41267
0.82557
2.56838
-0.63149
0.4719
0.1193
-1.4922
-6.4065
4.3818
-1.6401
-2.02762
-2.83684
1.9885
2.1321
1.38132
-4.3825
-3.5025
2.6935
0.8035
3.6781
-0.0961
1.32014
NA
0.68241
-5.5741
0.4006
2.5277
-3.5967
0.3889
0.38504
-1.3801
2.18477
0.5278
-0.82892
-5.7859
-0.6889
1.5343
1.6659
1.68665
0.6583
-0.4246
-1.4007
-1.4843
-1.6508
0.6442
1.0276
0.2865
5.6058
0.2927
-2.0445
1.6811
1.35526
1.0316
-2.8234
1.10646
-1.6434
1.666
-0.05712
0.81865
0.1598
NA
1.8878
-0.3113
0.92666
0.388
0.3614
-3.0298
3.80758
-2.382
-7.588
-1.69
5.1427
1.2425
0.2223
0.1239
0.3076
0.5423
-2.004
-0.25278
4.0057
0.2866
3.5287
-2.1363
-2.4565
3.0018
-0.8897
1.2871
0.02616
-1.5773
-2.4357
1.69964
3.7793
1.2603
-0.7431
-6.3995
-0.1424
5.079
-0.1424
-5.8867
1.2119
-9.5632
1.9202
-0.5304
-3.68667
1.00118
0.847
3.5141
-1.6255
-2.1418
0.34505
2.0537
0.4106
-0.7671
-0.2417
0.1475
0.5867
2.0633
0.0675
1.14234
-0.4805
3.3433
-3.3992
1.74037
-1.69479
-0.26179
12.4829
-0.3069
NA
0.33842
0.8389
-1.4447
-0.3356
-0.043
2.1084
-1.97258
-2.2329
0.0235
1.6394
2.3484
11.9564
0.6887
2.8703
-0.206
-0.43592
-1.3406
0.5203
-2.6051
-4.89898
-0.2574
-0.48322
2.2316
-1.1753
-0.8571
0.1092
1.65449
-1.6025
-1.9601
-0.4788
2.2746
-1.80601
-2.60083
-1.7814
0.2724
1.8078
1.7042
1.661
-0.0754
1.9281
6.7941
1.67843
-0.0644
1.60403
-1.2838
-0.53536
1.5664
1.3072
-0.2312
0.3651
-2.0067
2.83296
-2.40065
-5.7523
2.4597
-0.2358
4.5427
2.0989
-1.38803
3.34385
0.3594
1.03009
2.06191
1.7999
2.378
2.34
0.621
2.0337
4.2366
-2.93707
-0.03123
8.49844
-0.0737
0.0065
-1.6552
1.57657
-0.9089
3.17978
4.6053
-1.8352
5.47381
4.85622
-2.8522
NA
-0.31551
NA
-8.0075
4.31995
0.2071
1.02881
0.1245
0.39048
-1.4083
-0.5816
-2.4659
-1.37442
-2.6148
0.0149
-0.2431
-0.3212
-2.89632
1.3555
-1.896
-2.07954
-0.9292
2.58918
0.46484
-3.0135
-2.9591
-0.45968
0.09305
2.5557
0.16999
1.07
0.0669
-1.2988
0.6122
3.17512
-1.0111
4.0024
-0.815
NA
0.1533
-0.9779
-2.5493
0.704
-2.4539
0.34663
-0.6162
1.189
-1.3393
-0.7642
1.16601
-0.3907
-2.93753
4.12163
-1.2391
-4.8137
-0.54276
0.142
0.78832
-3.11022
2.7367
4.0036
1.9703
-2.7815
0.7321
0.9477
