-0.1984
2.2797
-0.1555
-1.5099
-2.3847
-3.0912
-2.8025
-0.654
-4.7566
-1.442
-1.3
-2.47
1.9565
-2.5
2.3927
-2.5674
-0.4769
-1.9249
-1.479
-1.82
1.7272
-0.156
-0.8168
-0.76
-1.8569
-1.5961
0.0884
1.3111
1.2211
1.662
-1.0716
17.2329
2.1445
2.47
-1.0402
-1.4867
-0.0745
-1.6853
-3.82793
-1.5195
-0.9904
-0.5457
1.73
0.1713
-0.94162
-1.1493
0.2056
0.0254
-2.39
-2.73714
-2.8738
-3.4215
-2.8989
-2.4793
-0.342
-0.9311
0.8488
0.1018
1.6088
3.85641
-4.535
-3.7763
1.3165
2.8718
NA
0.19089
-11.18199
-1.50839
-4.9273
NA
-0.159
-1.5789
1.2924
3.0152
1.33937
0.7119
1.12
4.6309
8.1711
-0.1382
0.08686
0.4442
-2.3488
1.6619
1.7952
3.3234
-1.8099
-0.5149
0.4614
-3.7594
2.1471
-1.7234
0.1674
0.522
1.9538
-0.8934
-7.993
3.0113
5.21243
0.8775
-0.9333
-1.0726
-2.1422
2.408
2.2836
3.4423
0.7042
1.2878
0.7199
-0.225
-1.27
-2.2667
3.1778
-1.7764
-2.50982
0.5326
1.4265
1.062
3.92
-5.33
0.239
0.21324
1.2155
-3.07269
0.5072
-7.2785
-2.1469
0.0537
-9.6783
0.8479
-0.6953
1.0626
-2.2776
-1.8639
6.7844
-4.3908
1.12
-0.1722
-1.7009
0.3568
-11.0437
2.4921
-1.3839
-1.9598
-1.5935
-3.43918
2.6676
0.9302
-0.7911
-2.90214
2.0639
-1.6312
3.0977
-0.68537
-1.4438
-5.4473
1.9501
-10.81549
-2.0099
-1.3545
-1.5175
-3.563
-4.54
1.1
-0.0129
0.3005
-2.56
-0.6726
-2.265
-4.24
1.7228
-3.92874
-1.6627
-3.2586
-4.31
4.0135
2.5749
-0.3138
-11.49747
1.2778
-0.9361
-0.4077
-0.5126
-3.0938
0.8478
-3.1218
-1.72
0.41246
0.9999
0.87505
-1.44
-2.2147
-2.8675
-3.2896
1.5186
-4.99408
-4.55261
-0.19
-0.3957
0.4724
-2.175
-1.04903
0.2115
-0.936
-1.75
-0.87643
-2.22257
0.4931
0.66398
1.4738
0.507
-0.9948
3.0928
-0.3016
-0.2234
-1.2191
1.4008
-0.8223
-3.55
-2.86
-1.1981
0.1158
-5.1344
0.89347
5.8521
2.7993
3.37
0.7714
7.1976
-1.53
1.0662
-14.3182
-0.5156
0.53424
-1.1327
1.0838
9.08182
-2.8433
2.41
0.1081
-0.9586
2.4314
-2.1345
-0.91064
-2.5061
2.53
-3.0217
-3.4107
2.0898
2.087
2.0764
-6.97
7.5275
0.573
-1.1243
-0.1952
0.411
-4.8375
-0.8293
-1.5586
-3.9613
-0.6978
-0.0585
-0.01305
-2.4432
1.4352
4.0006
0.3253
3.196
-1.2744
3.1665
3.7056
-4.9187
16.4631
1.1005
0.8481
-4.0579
0.2708
-0.02641
-0.4653
-1.5208
-0.7022
-2.0755
-1.573194
2.827741
-2.5696
0.966415
-0.51227
0.1668
1.3958
-0.919217
-6.18848
0.01687
1.3649
1.4666
6.4383
0.4996
0.9054
-3.8745
0.873271
4.6247
-11.4109
3.1969
1.7312
0.02816
2.34797
-1.0142
-0.811
0.7783
0.79546
0.7896
-0.963
1.81796
0.0494
0.10075
-0.72346
2.31834
-5.4307
3.0045
-0.03216
0.64383
6.0379
-6.236
-1.06819
-6.01596
-6.2373
-2.06992
12.91728
6.14653
3.347
-0.5867
0.9508
-0.52945
-1.7173
1.50585
-1.85421
2.50907
-3.1235
-2.15208
-1.57353
7.3084
-0.0855
1.1557
-0.5879
1.3651
1.0268
-3.0788
0.4827
-1.8746
-3.132
0.4762
3.0155
0.2784
-1.6445
1.7683
4.208
-1.3645
-0.6871
-18.5414
0.2025
0.5646
0.2541
0.609
1.2051
0.6577
0.723
0.3458
0.0634
3.6192
0.845
-0.6467
-4.756
0.2277
1.6729
4.551
1.8438
0.301
1.3212
0.2845
0.9949
-2.4907
4.13446
-0.13238
4.57787
-0.69358
-2.80066
4.24655
-4.2225
3.5296
1.2672
2.0887
-1.274
0.9582
-2.8115
0.4028
0.0733
-1.0731
3.4004
2.3766
2.25
-0.0077
-5.2448
-1.5322
2.8895
0.4581
-0.1499
1.3764
-0.1316
-5.4855
-8.3543
2.3738
0.6577
-1.3301
2.6587
5.0348
-6.10456
1.3336
-1.34529
1.92991
0.30465
0.72605
1.40043
0.61501
0.1691
-0.53263
1.1238
-1.1961
-4.39584
-2.43923
-3.78663
-0.0357
-0.43487
-4.46307
3.6622
4.0906
1.8714
1.7185
-0.3574
1.8706
0.7361
-0.2442
-2.7869
1.07
-0.3962
5.6155
1.5598
1.9169
-3.4036
-1.644
0.6834
-0.7288
0.765
1.4001
-1.0793
-1.2444
-3.0976
1.2459
-1.4623
0.7142
0.271
3.5791
-8.8924
-2.3295
-0.2597
1.1436
-0.8611
0.32
2.2717
2.1754
-0.4073
2.8841
-2.571
0.4967
1.2331
-0.6678
5.7182
0.6773
3.484
-1.6541
-1.0032
-1.1925
2.2746
-2.40532
0.071594
1.7584
0.686627
0.2768
0.94
0.8619
5.331623
1.205579
-4.870849
2.531016
-0.9868
-3.3586
-0.6575
2.30778
-6.0928
-6.0801
-2.69624
-0.4174
1.11111
0.6447
-1.39004
1.23282
-2.50745
-1.02945
0.4504
-4.0743
3.6442
4.9529
-0.6863
-1.6797
-4.4778
-0.4133
1.2913
-3.717
2.7082
2.7096
-0.5403
0.3985
-1.2281
-2.8735
3.9643
0.3374
2.8075
-6.5745
1.3035
-0.68
-1.1555
-0.9798
0.8379
3.4392
1.9287
-1.1545
-0.8082
-0.2461
-0.4445
-1.6595
0.606
1.21
-2.05
1.67
-2.49
3.89
-0.272
4.04
-0.959
0.0631
1.46
-1.91
-2.35
-2.52
1.59
-1.5821
-1.1283
-0.3341
1.7597
-2.8821
0.3406
-0.6923
0.9795
-3.7181
-2.7852
-3.3683
0.4938
-1.801
4.2199
1.127
0.2669
-1.5349
-2.6973
-0.4913
2.9252
-1.0351
-2.1564
4.1954
3.5879
0.4232
-1.913
2.2677
1.902
1.3675
-0.8132
1.4155
-3.031
NA
NA
-0.1565
-1.9955
-2.8224
-26.0101
-0.0875
3.0232
2.408
-1.026
-0.875
0.4471
2.616
0.3418
1.5022
-0.7212
1.3272
-0.3792
3.1477
1.2398
-3.2605
-1.1299
1.8986
1.3311
-0.6177
-3.117
-0.5149
0.7072
-0.9051
-1.5775
2.19
-4.54
-0.0837
-1.19
-1.38
-7
1.03
-0.661
-2.24
-0.747
-6.99
0.689
0.239
-3.06
-0.987
1.61
1.99
0.556
2.7116
1.9464
-0.9892
15.1677
-2.0102
-2.3728
8.6101
1.447
0.9804
-0.6327
-1.0638
0.4557
4.6079
-8.3987
0.2932
0.2
0.295
0.654
4.226
4.747
-0.8692
-1.2619
-1.8281
-0.8494
3.3995
-4.18847
0.4733
2.80491
-0.00339
-1.525
-5.7906
11.85321
0.18615
1.8696
-2.40849
-9.7425
1.0899
-3.90359
0.09591
3.4376
0.5632
1.78535
1.19872
2.43242
-1.5226
-0.5219
4.9145
4.7857
13.7664
-3.82476
0.42186
-3.13622
7.2808
-0.80861
0.9161
-0.66576
-5.61194
-4.16618
-1.8032
1.41001
0.0668
0.0493
-1.68468
3.5249
5.96108
-0.508
2.023
2.9759
-16.7781
-2.4687
7.9702
-0.231
1.81505
5.0877
-0.9224
1.8572
1.2762
0.6903
0.504
0.453
-0.144547
-2.5696
-1.3998
1.587774
-0.8331
0.1077
-0.8804
3.0295
-1.3074
0.4967
-1.9263
2.6912
1.6641
-4.7166
2.11
6.6697
-2.8496
-0.3642
2.44621
1.8878
1.6911
0.2305
-2.0573
-3.6496
0.9685
0.1894
-3.09713
0.45
-4.03615
-4.0971
2.1781
2.872
0.98539
-3.07239
2.5807
-0.2597
-0.56252
-1.8857
2.94
-1.5097
-0.82446
0.84
2.95
-1.15
-14.3182
-0.5049
7.564
1.79848
1.0609
-0.32821
-1.47709
-1.68285
3.3078
-1.2274
2.8318
-0.000852
2.369789
0.84498
-1.50982
0.8532
3.76722
-0.9034
0.36436
0.103
10.858
-8.5635
3.4614
-3.7518
8.7382
-0.905
-0.4624
1.5377
5.7313
-4.0305
1.5466
0.455
-4.4305
1.9454
-0.3622
1.3337
-0.5399
-1.3461
0.6592
-2.521
-0.7904
NA
NA
9.0223
-5.1078
NA
-0.8885
NA
1.7093
-4.043
-1.0622
-1.1036
0.3597
-3.3346
-0.0486
0.00506
-1.42345
1.634
4.4165
-0.7061
-0.8454
-0.9496
2.7959
-2.1731
-0.4901
-1.0049
2.3178
2.0529
-0.7466
1.0541
-0.6018
1.2196
1.5442
2.0625
-1.0861
-1.0832
-2.5968
1.1812
-0.7839
0.0974
2.5554
1.6818
4.4492
1.2803
-4.30549
-1.8954
-0.3911
-0.4342
-1.9545
-10.2532
-1.5637
-0.653175
-1.9462
0.539756
1.46
0.4418
3.0248
5.7182
1.7125
1.7067
-6.5121
-1.3967
-6.7584
0.9128
-2.12021
-0.80272
2.0423
-0.4359
3.1003
0.6082
3.7949
-0.4087
-1.9753
-4.3648
1.2136
1.12562
1.05388
-1.9573
-1.87029
-0.71675
4.53088
-1.7591
3.9997
-0.40202
0.677
2.0415
-2.9207
3.5045
-6.4439
1.2377
-0.1928
1.4665
1.8444
-0.0821
2.5428
-0.9227
1.2034
-0.3372
0.22626
-1.1943
-2.32154
0.0559
-1.1392
0.8119
3.1151
0.4397
0.187
1.7095
0.5267
1.8983
3.4851
-2.6173
0.8683
-4.136456
-6.9465
1.24234
-1.6282
-1.5675
-2.5138
-11.5802
1.35
-0.7608
0.8298
2.15964
-3.87
-5.22345
-0.42541
3.2551
1.6102
2.0311
-0.6035
-9.137
-2.734
0.6512
-1.5932
-1.5164
1.56
2.5253
1.2152
1.031
-0.9725
-1.2392
-3.4403
1.2918
0.633
0.7831
2.5577
-2.3267
-0.1493
2.1567
-0.8795
0.1535
0.00614
17.71004
2.3565
-1.2889
-1.4486
-5.1316
-2.90154
-2.2029
-3.5769
1.5113
-0.59455
-0.429
-1.86545
2.044
6.5629
2.76111
1.1804
1.3926
0.98383
-0.10366
-0.529
-0.3684
0.8732
-1.0728
1.1223
4.95395
1.15725
2.4316
0.52855
2.37
-5.36742
-1.73461
-3.2953
-0.70896
0.46796
-0.7556
-1.2074
1.3858
6.4225
0.84
0.1179
-2.07727
0.2382
0.845
-0.8661
-0.8682
-0.2334
2.7273
3.87
3.4481
-0.4201
2.2066
0.74429
-0.05244
-0.39373
-4.81
-1.324
0.046
1.8836
-4.8429
-0.4201
2.9699
-1.3058
-0.912
4.5463
3.8981
9.3193
-0.9305
-2.2647
2.1349
-0.5005
5.9929
5.157
-1.29859
-0.20894
0.69196
1.21684
-2.3545
-1.5665
-8.333
-1.4901
0.4226
7.5467
-1.7325
-2.5126
4.06
0.2792
2.1737
-0.6984
-0.7879
4.30591
1.5397
-4.421
5.6368
-1.5784
-5.21149
5.4835
-0.0734
0.17
0.3626
0.8903
0.985236
0.5064
4.608665
1.598251
-0.8965
1.446527
-1.269693
-7.529596
-1.480945
-8.803825
0.5283
-1.051831
-0.2356
-0.3368
0.5899
0.3778
0.9442
NA
2.1174
NA
NA
NA
-1.2176
NA
0.0599
-2.27
1.81
-0.954
-0.999
-0.32986
-1.7485
1.31
7.45
0.111
-2.47
-1.13
-1.15
2.7671
0.97462
1.32797
-2.7235
-0.72529
2.36539
-0.28318
0.04056
-1.8553
-1.1275
2.2043
-0.0959
12.4264
-10.016
-1.5235
7.345
2.25006
-0.69978
0.8556
-2.28
0.42986
0.67481
0.0784
10.4058
-0.8668
-1.28
7.64
-0.909
-1.0546
2.7516
-5.55899
-1.0665
0.9633
0.3054
0.9215
0.3467
0.803
-0.0733
1.9502
-1.5588
1.0639
0.1166
0.1699
3.7559
0.0378
-1.2833
0.8197
1.114
6.6517
-0.9636
2.0568
2.01866
1.556
-0.27523
0.8872
-16.2333
-0.9958
0.9019
0.5454
-0.9512
2.1351
2.3287
-7.7482
2.081
-5.78274
-2.39996
3.47704
-1.19854
-0.4197
-8.7791
-13.37095
4.9589
4.56296
-0.37524
3.266
0.6078
-3.0052
-1.323
-0.4856
-0.0766
1.3036
-1.9307
-0.3136
-2.3572
-3.0976
0.2788
-4.0025
-1.7348
3.0359
7.6368
3.1212
1.6959
-3.4131
2.9472
-5.7855
-5.4807
1.7773
3.3063
3.3454
2.779
0.7815
-0.583
-4.4987
0.672
13.3
8.15
-1.317
1.105
-2.66
1.622
2.2622
-0.6025
0.6112
0.11218
-2.5944
0.32138
0.6687
-0.91741
0.0216
-2.0708
-0.71341
3.0753
-0.28292
0.44851
2.6196
-2.21175
-1.64538
-8.55168
4.41151
-4.79758
9.47109
-1.2049
11.41205
-8.3263
0.57947
-1.09546
6.4212
-1.98985
1.2805
-0.25257
-1.13936
1.2237
0.2946
-3.1352
-2.0211
-2.0269
-0.7789
-3.099
-2.6668
-1.07
0.4693
-1.4668
-2.0106
-0.2253
0.2866
-0.6064
-0.5521
-2.4607
-4.363
0.4235
2.0833
-3.8628
-5.2637
-0.842
0.1617
4.3604
-0.325
-1.17
-0.256
1.93
0.215
1.85
3.49
-1.57
-1.57
4.02
6.59
1.6614
1.7484
3.0537
0.3936
5.8521
-6.2033
2.0049
5.8609
-1.4486
-1.6527
0.5956
0.3178
-2.4514
NA
-0.6405
0.6621
2.2002
-2.6351
-0.448
NA
-0.1315
-1.1811
-0.9173
2.1796
1.2613
-4.622
-4.2111
-0.437
0.8518
-0.6009
2.6023
-2.2073
-0.1461
-0.9953
-3.3161
-0.3363
4.7434
0.0919
-8.745
-1.8261
-2.6969
9.69644
2.5694
1.2657
-0.2954
-5.69941
-1.2768
0.418114
-5.247812
0.295236
-1.995258
1.272659
1.092049
6.846
-1.028
-0.4873
-7.11871
0.0749
-1.00238
0.51224
1.1269
1.76918
-2.62
0.932
1.94
-1.33
-1.84
-0.454
-0.14
-1.38
-2.61
4.33
-4.84
-0.567
2.3885
-0.6467
-0.0995
1.9882
-7.33
-4.4442
-1.9739
2.09
-1.75
0.0636
0.8884
-1.7584
-0.576
0.9654
-1.9445
-7.4561
2.02969
-2.0118
0.7732
-0.8333
-0.053
-2.4169
-1.2985
1.6561
1.2998
4.19617
0.79
1.24451
0.31176
4.7362
5.6661
1.6332
-3.3323
-0.87944
1.2447
0.4772
1.0671
-0.0455
1.5761
0.73592
-0.3407
2.3409
2.64
4.39
0.9326
6.079
2.2342
2.17
-0.65637
-0.469
0.1907
0.4326
-0.4951
1.41613
-0.4884
-2.58811
1.5836
1.9589
3.6667
3.1932
-0.1128
1.6246
-0.9272
3.3192
1.2718
-6.1877
-0.4423
-6.3921
-3.20915
5.0706
0.3011
0.0264
0.8385
-0.505
0.109
-2.02932
-2.94004
-0.2727
0.0454
-0.2999
-1.765
-0.562
2.5488
0.6982
-1.5424
2.9167
0.361
-2.868
-1.136
0.2347
-7.6885
0.5963
0.5839
-5.6068
2.2122
-1.354
-1.5847
-1.3899
10.1317
-0.000699
-1.416
-1.0239
-0.0235
1.0516
1.3819
-6.7354
-2.96965
-2.18
0.1908
-0.3017
5.97
-2.83
1.3767
2.2638
-1.36
-2.7325
-0.432
-3.3639
3.37
0.0272
0.4843
0.7594
2.6689
-2.6326
-2.7727
-0.2943
2.4755
-6.493
1.871
1.6238
4.68239
-2.4493
-5.3591
8.0976
-15.5293
-4.22452
-1.6445
-0.000553
0.75234
0.538
-0.603
-1.55
-0.4298
-4.6932
4.46
0.81147
-2.1043
6.8412
-4.9451
-2.063
1.9487
-0.0334
1.8658
-0.5047
2.642
-3.06531
0.2044
5.1007
2.0935
4.991442
3.2336
7.5425
-9.1388
1.268
-0.226
-1.612
0.922
-1.142
1.588
0.6156
3.577
2.983
-4.686
4.308
1.01
-2.273
2.4464
1.433967
0.543146
-0.9876
-0.5864
-1.769
5.9157
-6.4595
-2.7783
1.9102
-0.7992
1.6932
2.35347
-2.7833
-4.09693
1.8701
0.1608
1.6146
-1.1927
2.4321
-1.2556
NA
NA
1.8504
-0.8007
2.4766
-6.7263
1.62
-1.03
1.5055
-0.21361
-0.17746
-2.43925
1.4484
2.1391
-9.64358
2.2209
0.58529
0.39321
-0.49625
-1.13807
0.83236
-0.93411
-0.62746
2.2901
-0.0135
-1.704
1.00319
4.0158
1.80136
-0.1763
0.62048
2.4226
1.2346
-0.4781
0.348
-1.2237
3.887
-2.2381
1.4778
2.1631
-0.0285
-10.74016
-6.77397
0.3964
-0.9415
0.0876
-1.881
2.276
6.4509
-0.9588
0.5549
0.343
-1.6672
0.991
-1.9253
6.68
3.0703
-1.4041
-7.8713
-7.49
-5.7183
1.21435
0.865
-2.71
-3.3288
-1.5593
0.986
1.2642
1.49
-2.69
-0.667
-0.814
-0.522
3.27209
-0.62
0.0917
-0.248
2.32
-2.32
-5.72
1.2431
-17.1
-1.6948
-0.403
3.24
-1.69922
-4.7394
-0.9428
2.19
1.99
3.0171
0.0639
-0.429
4.63
2.79
-5.71
1.2769
-0.8182
-1.0408
0.0762
-0.8942
6.3943
4.9498
0.7717
-2.1477
3.0079
-9.0954
-0.5801
-4.3665
0.9322
1.5398
-1.3789
-1.7717
2.0897
-11.1054
3.7647
1.1018
-2.9705
3.0519
1.0411
-0.7602
0.0481
-4.7356
0.2377
-1.99503
-0.2406
0.9233
-1.5639
-1.29467
2.4891
-3.2335
-1.7722
3.9135
-0.891951
-0.42515
-0.842605
-1.7362
-2.076596
-0.18874
-2.160228
0.4894
3.2472
-2.265487
-1.234254
1.914
-2.646775
-8.154236
-1.44548
0.57109
1.34
1.4975
0.725
-1.75122
-2.5504
2.461
0.2576
-5.0966
3.29923
1.5218
-0.00706
2.21
-2.6666
2.5001
2.1264
0.28036
-0.7934
2.59999
-1.2034
3.6591
1.2098
0.0974
0.4111
2.44
1.5053
-5.58585
-0.14743
1.1531
-0.514
-6.52
-2.2871
0.743
0.2747
-0.128
-1.6
-1.94
0.219
-1.5474
1.9356
3.852
-3.271
-0.40721
-0.6276
-1.0801
-2.63456
-6.1303
-4.09
-6.02
0.805
2.63533
6.0896
0.8761
0.6586
6.5555
4.431
-2.047
-0.54926
4.17
4.53
0.23875
-0.1677
-11.75032
-1.7615
5.0469
3.6454
1.394682
3.9959
-2.7136
0.3003
-1.5831
0.0465
-1.7
2.627
1.342
6.0264
4.7612
5.1372
11.5434
-1.361
1.3834
6.9969
-10.1328
0.067
-1.4033
-0.6783
-7.56517
-0.4366
-3.2988
1.4064
-1.303
2.5
-2.03
0.4863
-2.3544
1.9124
1.9229
1.4027
-1.8025
3.6362
0.6291
-1.6296
-1.52
1.97
-0.3
-3.63
-0.0404
-2.23
-0.5159
0.4492
-1.2831
1.2383
4.0143
1.184
-11.9
-1.14
-11.1
1.29
-0.4407
6.773
NA
3.9921
1.4491
0.16874
2.47754
-0.77062
-3.6695
-4.1446
0.24873
-1.8564
-3.2108
1.0296
-2.0533
-1.52308
-0.0613
-9.03394
-10.50149
-1.6217
0.586
2.1425
-2.5781
-1.4067
1.3812
1.9351
-1.86175
2.6555
-0.0835
0.091
3.3405
3.175
-0.359
0.9237
-0.2473
-1.45
0.498
0.89848
1.284
-3.9703
-0.71437
-3.2972
-2.0422
-0.5402
-2.4847
-2.7911
-0.688
-3.09311
-0.1807
1.5308
4.08049
0.9233
-0.2867
0.02774
-0.1412
-0.1712
-5.20395
-0.8957
-2.9149
-1.4622
1.8
-1.5501
-0.8168
0.0371
-1.706
-1.05
-0.732
-1.3507
-1.2136
0.1569
0.626
0.0209
1.6071
-0.3067
-2.7004
-1.81841
-1.6488
0.3521
1.3941
9.7586
-0.8415
-0.3965
3.16
1.069
5.6453
-0.4713
0.92
3.02
0.8734
-1.0087
0.6835
1.2669
-1.3474
0.07101
1.55
1.4373
2.97
-2.1423
-0.69132
4.48
0.4929
4.2234
3.1691
-0.2386
-0.5297
-2.8793
-0.6704
1.0664
1.5114
5.3534
-8.3881
-2.1731
-1.15
0.5821
-3.596
-3.2784
0.42072
1.86442
1.21786
1.0801
2.2109
-3.5162
-1.1512
0.7285
7.3353
-0.5022
-0.154
0.90383
0.364
11.7
-7.34
-5.0196
-0.28
-0.5111
1.5355
1.3124
2.55
-8.79
-1.6393
0.13
-0.7506
0.9045
1.45
2.31047
-2.47028
0.0995
1.97466
-1.27229
4.948519
-1.7785
-10.1
-0.8184
-0.469
13.4
1.49
-2.025
-0.7324
-0.715
2.57419
-3.7043
-1.22
0.159
1.3043
-0.924
7.33
-0.202
-1.2883
0.2877
1.20781
0.705
0.146606
-8.79
0.8862
2.20276
0.821
-1.22
-2.175
-1.21856
0.268
-1.13
2.29
-2.47
-0.7213
-1.2354
1.57573
-3.6194
2.1
-6.0335
2.6
-1.0663
0.672
1.7843
-5.32896
5.9091
-0.5977
0.6532
1.88049
-2.1374
0.24583
1.0068
-0.347
0.8997
-2.88
-1.9784
-12.2
-0.763
-2.78
-2.16
-0.289
0.5289
4.7396
0.000549
-1.85
-0.2615
-1.4345
-0.1832
0.89151
1.23334
3.47
1.1947
0.703
4.57
2.395657
2.06
3.7911
1.8179
-2.5939
-6.9213
-3.4457
-3.4674
-0.2336
0.917378
-0.27941
3.0797
1.3886
0.369
-1.6569
-1.86
-1.1941
3.37235
1.0458
-1.58919
-10.5968
-1.857286
2.6943
-0.7561
-0.0577
0.0795
1.1212
-0.469
-1.26771
8.8175
4.16239
2.4392
-0.4268
4.0042
-6.9134
1.03
0.058
1.810806
NA
0.388
1.21134
-0.645
-1.6493
2.6283
-0.1346
3.8165
0.4481
-0.5812
-6.7393
-0.5501
5.1029
-3.4889
1.9702
-0.982
-0.15657
2.91
0.52831
-1.69
0.32318
-1.9734
7.41
0.6711
4.9115
1.503
12.2
0.7611
0.819196
2.51
-0.0464
0.6305
-2.81
-0.9273
0.6684
-2.2058
-4.21
-20.19338
-2.2041
-0.4599
4.85
-0.3412
-5.26
-4.3897
2.9623
0.2154
1.016
-4.5568
2.5825
-21.90605
-7.32963
-0.5546
2.5873
0.8946
-0.1355
-3.111
0.87832
1.54
-0.116
-0.4996
2.8035
NA
3.402
6.9458
-2.9352
-7.88561
1.4309
-6.5848
1.4337
6.7205
-0.3361
3.3133
-1.2563
3.3419
1.9137
0.61516
2.78
-0.94598
-15.5
-0.0064
4.5048
-1.69
-0.7977
1.4776
-7.52
-1.7888
0.9234
0.3507
-2.38933
-0.5921
-0.431
-2.03209
-2.0324
-0.1825
-0.2515
1.863
-3.0505
2.1625
NA
-1.4185
4.89
NA
-1.23
5.356789
0.257
1.4377
0.17131
-3.2434
-2.4539
0.47195
-5.08466
0.1589
9.586
2.23992
2.0797
1.569
-0.2628
2.03
-0.183
1.0173
-2.803
0.063
-2.36
-0.17494
-6.8668
2.2738
-1.5
0.2658
-1.0623
-0.7401
2.083
1.1916
0.375
1.444
-0.0967
1.9103
-1.21518
-3.42749
1.7368
11.37996
9.5208
3.19
0.677
-4.7274
NA
3.9374
0.5858
-0.374
-1.25313
-0.3023
-1.43857
-4.0288
-1.3896
-2.0163
1.878
-1.13
1.0763
3.23457
-0.4884
-0.8423
3.4707
0.7806
-0.8423
1.7138
-0.5958
0.4881
-5.981
-1.484
2.9886
1.2472
0.7469
2.354
0.7262
-2.7334
-1.3137
0.672
5.6262
1.614
-0.108
0.2503
-0.2049
-3.49
-2.2533
-2.99797
11.5692
1.8172
4.16496
-3.7473
3.1803
-0.53
0.142
10.8146
0.05767
-0.9648
1.10721
-1.2976
0.625
-0.85816
3.8125
-2.8887
-0.4662
-15.6589
0.48812
-3.7284
6.13246
1.2169
3.1638
-0.00763
1.492
0.6994
1.15
-1.45
-0.808
3.9806
0.396
-4.0497
-0.72025
0.2012
-0.9684
0.6971
6.2613
-1.13563
-5.28
0.6486
-1.626
3.6223
0.1051
0.347
0.1889
7.63
1.0495
0.7989
-0.814
11.7081
-0.912
0.6389
-0.1144
2.0659
-0.00398
-1.3709
1.8518
-0.1021
-0.835
-1.1597
-0.0952
-4.0267
0.2134
0.10704
-3.127
-1.3983
-1.3005
-1.1
2.6733
-0.531
NA
-0.02019
0.0442
2.6349
-0.8245
-3.0715
0.377864
-1.5037
-2.38536
1.0998
-2.18
-1.3977
1.8177
-3.4794
-4.28635
0.70527
-1.3653
-0.18734
4.1708
0.802725
3.4274
1.26321
-0.7845
-0.8039
-2.1626
10.1618
0.6027
-3.02
0.1108
2.5268
-3.06463
-2.3481
-0.4424
-4.19182
5.847288
NA
0.7839
-0.1411
-3.1
0.4054
-2.3656
0.2685
0.8536
5.01626
1.7993
-1.72732
-5.6109
0.1627
1.2003
0.5676
-0.14202
-2.36797
2.0725
5.0825
-2.1372
1.6461
-1.3301
-1.2156
5.75526
2.40542
-2.5551
0.0578
-0.729
0.359072
1.7696
-6.5093
0.1979
4.1049
-1.978
-4.858
-3.89193
NA
-4.06521
-5.0807
-0.9772
-1.03838
2.2919
2.3628
0.99115
-1.5136
0.355
-1.08
2.9167
1.7434
NA
-3.0052
-6.7066
1.1734
1.0181
-0.949582
-0.99238
0.7613
-0.1533
0.384
-2.8923
0.769
-1.2622
2.7051
1.80293
4.0721
-0.6977
NA
-2.0931
-0.76344
0.795
0.7662
-0.189
0.7884
1.00443
1.9871
1.46006
1.8878
-0.7298
4.4724
2.69
0.2498
0.6662
0.118
2.65189
-0.7
2.281
-0.361
2.81
-1.2165
4.6577
1.881
-0.32307
0.806155
NA
1.1889
-0.1651
-7.488
-0.4653
2.3666
2.6715
-3.9129
1.4741
-0.4575
NA
2.3527
0.2353
1.7508
0.6288
-3.8857
2.92943
-1.3493
-0.7738
0.21569
1.8118
-1.9916
-4.71707
NA
-3.2466
-0.3049
0.201
-0.6309
-0.73778
-1.0311
-0.144
0.3538
-1.6911
-7.5599
-1.9197
-14.3488
1.1508
-0.289
-1.1142
0.0414
-2.178
0.291
-0.8662
-1.739103
0.2953
2.057
-2.2197
1.924176
2.2345
-0.6291
0.27884
-0.1461
-2.1634
7.2558
-1.969386
-1.1963
1.31328
-0.327
0.57302
-3.016877
-4.0504
-1.8922
3.7583
4.6468
1.6043
-1.97635
1.1205
-1.1979
-1.3804
-2.01
0.40774
-0.9174
4.0262
1.1397
1.1544
-4.8065
1.63
-3.4693
0.9362
-5.03661
1.83769
0.60381
-0.1816
NA
1.2112
-1.9899
2.00462
0.20328
5.8038
1.3411
-4.2159
1.2561
-3.23301
0.4154
-1.1832
1.0842
-0.62725
-7.65076
-1.529
-2.1863
0.5455
0.5867
-0.4334
-3.59
-3.5189
0.2761
-3.4727
1.3452
0.05911
NA
1.055536
0.1071
0.6503
-0.15946
-2.75889
-1.3815
-2.2303
0.7938
4.17302
-8.1846
0.1216
-2.6741
-0.27485
-0.9441
1.7771
0.05573
1.48359
-1.7902
-0.57401
0.864507
-0.3707
NA
NA
NA
NA
NA
NA
NA
NA
NA
0.2317
NA
NA
NA
NA
2.92
NA
NA
NA
NA
NA
0.8256
NA
NA
NA
NA
NA
5.232
-1.694706
-1.00169
NA
-3.8626
-2.7214
0.8014
-0.5621
3.3099
-0.2536
-0.7425
-1.3276
-1.8139
2.406
0.1108
-0.0656
2.0151
-2.6217
-3.34462
0.9286
0.2891
-4.5817
0.3447
0.0134
2.1905
-0.7911
0.8481
-0.0842
-1.2771
-0.4881
3.1975
1.2913
-0.42895
-1.5042
-0.18837
-5.4061
1.6702
-4.11
-1.339
-1.41115
NA
NA
NA
2.15
-2.183
-2.41
1.09095
-2.1233
-1.1156
0.8989
0.9242
1.4093
0.7758
2.1924
1.0234
0.3596
-2.8825
1.2858
-0.6979
-1.2548
0.6624
2.4747
-3.3134
-0.0501
-1.1441
3.69043
0.4214
-3.26
-4.54
1.116
-0.446261
-0.7416
0.7222
-1.5416
0.6463
-2.7436
0.6043
-4.81705
-3.5519
1.0196
3.2219
0.1574
2.4159
-0.661
-1.07
3.02
-3.3875
NA
-4.823135
-0.13
7.1953
1.6932
2.9322
-3.171
-4.3029
0.8616
1.0151
1.7402
2.83
0.2502
0.3733
-1.3996
3.1845
-0.29951
-0.9012
-6.083
NA
-3.928493
-0.673
-4.33133
3.5792
1.43
-2.6147
1.2939
3.59
-2.5
NA
-2.2109
0.4225
0.3412
-1.058408
-1.2507
0.669
-2.062
0.2885
-0.9666
0.8309
4.0092
3.2604
2.513
1.6527
-3.5
-2.5171
1.0276
0.69677
-2.3298
NA
1.3242
0.51396
-1.5311
0.6697
2.9378
5.8397
5.8234
1.1933
0.30844
-0.8671
1.0731
-4.64894
-2.7382
-0.1409
0.3904
-1.1668
1.14861
-0.1486
-0.2684
-2.0038
8.3272
-0.2221
0.3414
-0.7924
-0.0582
2.42372
-1.4292
0.5569
-0.3801
0.2549
0.3752
1.30252
-0.4697
0.56446
3.1819
-2.0308
-0.78657
-3.8932
NA
-3.4154
-5.90992
-1.96
-2.544
-0.227
-0.063
0.2531
-1.331
-1.0437
0.8248
-1.9348
-0.3346
-3.9402
-0.808
1.2638
-14.56475
-0.1438
-0.10778
-2.1227
2.3608
-0.409
NA
1.7901
0.2421
-1.54
5.2679
-1.17141
0.042631
NA
-1.09833
4.92531
0.8636
0.193
2.2025
1.4464
0.3838
-2.12
1.875
NA
0.6553
1.6036
-3.8868
2.6354
0.6204
-0.8868
1.03407
2.5908
1.2403
0.7783
2.9727
0.0196
-0.050685
-0.9201
1.2723
3.6324
1.0263
-3.22579
4.0092
NA
-1.9894
1.12
-0.6388
-1.1408
1.2889
3.51436
1.2348
1.1026
1.89227
0.2436
-1.0124
3.2796
-1.9413
-0.104305
-2.1107
-3.64226
0.3235
0.6688
0.26324
0.8772
-0.617
-1.01313
2.7685
2.7412
1.4332
-0.6719
9.22
0.5466
0.71884
0.22663
0.1036
NA
0.7658
1.7664
-0.8342
0.54
8.34885
0.5764
-0.5868
1.902
-0.09097
NA
-2.93198
-0.9502
-0.8596
2.9854
-1.193337
3.2563
-0.226
0.3935
0.3711
-2.2977
0.5447
-2.13647
-1.07136
NA
-0.5007
0.433
-3.7262
-1.93557
1.8
-1.47
-5.88917
-1.2868
0.5884
-0.7754
-0.3719
-1.1687
0.58703
2.21946
-0.5317
-0.77288
-2.04
3.596
-3.0103
1.1692
6.7209
2.33869
-1.6984
0.7238
2.841
NA
-1.18027
0.0901
-1.5271
NA
1.7953
-4.6513
-0.0606
-4.51
1.3524
1.7353
-0.0273
NA
0.1533
0.6285
2.7129
2.71
-1.5471
-1.52739
-0.67
-0.43177
-1.20202
-2.0091
-0.904
-1.0433
0.7854
1.05682
-1.1761
NA
-1.91884
-3.029
-1.2336
1.77721
NA
-4.0539
-2.6916
-0.432
-0.8928
0.1533
0.0937
-1.2935
NA
-3.8626
-1.4217
-1.2581
-0.2279
NA
-2.906
NA
1.5081
2.9435
0.502
-1.2885
4.38
2.0636
-0.72792
1.7947
1.7169
NA
-0.9012
-0.9357
-1.1993
-3.834
-0.5979
-1.3193
-0.0519
-0.5297
0.818
0.1781
-2.31
NA
-0.7005
NA
2.2951
-2.0769
1.8426
1.179283
19.48627
-0.3765
0.4397
-0.39933
-0.86486
3.7464
1.0943
-0.2985
0.3662
-1.6746
-1.48
NA
2.192496
0.0522
1.66388
1.2872
0.03197
-0.35
0.4767
3.522
-10.1981
0.76834
0.03455
0.37
5.499
0.73016
-5.6333
7.9667
-2.6052
-1.2441
0.653
-2.39127
-2.11373
0.1355
-0.0771
-2.1268
-0.4256
-2.07568
0.985
-0.3689
-2.0812
1.1814
0.9512
-1.37
NA
1.9474
3.13
-0.1667
1.3622
-2.1566
1.0349
-1.5232
2.05254
1.9954
-4.7315
-2.4366
-0.5413
-2.549
-2.00265
-2.2639
-1.457
2.813783
0.6779
NA
0.083977
-2.3087
-0.8361
-1.44708
NA
-4.52362
-1.669
2.4216
-2.91042
0.00603
NA
-4.7426
-1.8636
-1.9931
2.5606
-1.2285
-0.5911
-0.90485
-0.612
1.3266
-0.7597
1.997
-0.1237
-0.3151
1.389
NA
1.4476
-0.5161
1.93723
0.0654
0.96
0.148
-0.3216
0.354
-3.9257
4.55435
-4.2497
0.156
2.6378
-1.0542
-0.18714
2.3475
3.027443
-0.0767
1.319
-0.3984
-1.49102
-0.059
-0.9287
-1.51123
0.7805
2.12543
-1.12591
3.9324
1.10337
NA
-0.9596
-0.95
0.36196
1.1163
-2.8977
NA
-1.4759
-3.6146
-4.56207
0.91579
0.3833
3.188
2.16409
1.6525
4.19083
3.4798
1.9742
-2.54775
7.579761
-0.7973
-1.42274
1.0914
NA
-4.2597
0.3758
-2.11
-2.558
-0.257
1.8017
-2.2472
-1.4548
-0.6665
1.82063
1.9922
1.0752
1.385
1.5
NA
-1.43684
-1.0852
-0.347
1.5836
1.1
6.6466
1.5918
-7.24
0.996
2.8803
-0.6787
1.256
-0.513
-1.1
0.15929
1.8541
0.959
2.69352
NA
-1.2794
-0.441
0.479
-1.44
-1.18
3.16
-0.4584
NA
-2.8841
0.0212
-4.92
5.2907
0.588
-3.22381
0.0235
-0.3652
-2.35
1.8051
-1.949
-1.58192
-14.3182
6.07719
0.3732
4.14
-2.0094
0.000911
3.31849
-2.0071
-2.6785
-0.5621
1.5158
-4.65
0.276
-0.4528
-0.51986
0.1533
2.1996
0.345
0.984282
-2.0671
-2.7414
0.503
0.7026
3.1888
0.1533
0.3405
-0.1899
NA
1.3866
0.0389
-3.8336
-0.1306
-2.19517
-0.3351
-2.08
4.10035
-0.888
1.5268
-3.288
0.4868
-0.261
-1.2271
0.4163
1.25923
0.8791
-0.7615
NA
2.99313
-7.9588
2.0632
-5.28
-0.725
-4.7884
1.0999
-1.8156
-3.4248
6.9156
1.09
1.85
-0.6389
2.0764
-1.0898
0.323
0.5629
-1.1522
0.1761
0.5313
0.6099
-2.759
1.8652
0.1516
-5.30626
0.6095
-0.1829
0.7491
-0.1687
1.7359
0.715
5.4804
NA
2.8103
-1.0401
-0.6034
-1.6738
2.3886
2.2002
-0.6595
0.554
10
-4.6628
3.7
0.6557
-0.75075
-0.6583
3.409
-0.1123
0.6834
-1.6387
-6.9018
1.8271
-0.363
-3.0679
-0.942
0.367
0.6434
0.8566
-2.1304
4.1889
0.2642
0.3325
6.2273
-1.17
1.28
1.7705
-4.8449
1.2507
0.2297
-0.9834
1.6639
0.5432
0.8566
0.74105
-0.3353
1.53
NA
-2.2147
0.6403
0.8661
-1.9032
0.2426
-4.282
0.7365
-4.3171
0.9531
1.72218
1.7534
2.7374
0.00517
-0.29741
1.57
0.6062
0.116
-0.6595
-4.4702
0.7784
-0.3901
1.2575
-0.648
-0.5037
0.1981
-5.9762
-0.7198
3.3419
-0.1614
-0.4848
0.5904
2.1831
1.5906
0.1953
0.21477
-0.7757
2.1877
-2.7783
0.61139
-0.841
-0.66581
0.40553
4.31927
1.89562
1.01151
-1.7043
2.5564
-2.0651
3.6362
2.6822
-2.178
1.6659
0.461
-4.17
-0.7898
1.9855
-0.0013
0.204
1.71641
-1.2544
-0.489
-5.43
0.7909
7.97
-2.21828
3.45
-1.25
-4.1413
2.36
3.0671
2.3035
2.0882
0.204
3.74
0.12616
1.01
-6.53
-1.47
-0.1234
0.1181
-0.09788
1.2
1.07
0.867
-2.86
-0.99723
-3.0403
0.9079
0.9962
0.55269
-1.2548
-0.0921
-2.2451
0.1406
0.7759
7.24
-2.1374
0.8827
-0.549
0.6083
0.1912
-1.41
-4.3362
-0.1185
1.3581
1.5778
-0.6379
-0.2693
-4.4581
3.2419
-3.5378
-0.445
8.7821
-3.0428
-2.7918
-3.3697
-0.7358
1.2412
1.7359
5.13813
-7.2572
3.7394
-1.5869
-2.047
-6.2333
3.7985
-0.4482
-3.3055
-3.8424
2.6616
-0.7069
1.3411
1.8794
1.859
3.4133
-0.5044
-0.9786
4.5111
1.5618
0.5781
-0.0605
1.0656
-0.4345
-1.8737
-0.98269
-0.5208
-0.7014
3.1316
-3.1383
-3.5715
2.8758
1.7798
-2.5831
-0.061
3.4448
0.5068
2.1827
-1.7655
-1.2729
2.3659
-0.3872
0.61132
-4.0265
1.50816
-1.16165
-0.62194
4.16217
-0.38108
-0.0331
3.16461
-1.632
1.5225
-1.5645
0.6855
-0.75391
-2.7235
-4.28147
0.51606
1.8183
-4.96588
-0.98831
-0.71669
0.0634
0.8048
2.42298
0.0034
-4.3988
0.36328
-1.0095
0.88155
-3.12326
0.37688
3.133
-1.2139
-4.065
-1.35202
-0.8496
-1.03217
-1.0067
0.737141
-1.6162
-0.6112
-4.911
-1.6402
6.9878
1.2548
4.98809
-3.416
1.3495
1.9955
-8.22
-0.4044
3.5188
-8.7708
-2.586
-0.7012
0.6198
0.6653
-5.7726
-6.36101
-0.8005
1.2407
1.0771
-2.0712
2.89
-2.1175
-0.478
4.45937
1.48777
2.2085
-0.24
4.59408
0.6842
0.9173
0.9066
-0.4514
1.0662
2.3108
-1.8999
1.5681
-1.34051
-5.6771
0.1141
1.7396
-1.06
-0.3577
1.45709
-2.59
-0.11475
0.0985
4.38
-0.757
-2.3255
0.0301
-1.7485
-0.1656
5.7182
-1.0626
11.9742
-13.4217
-1.7216
-3.3641
-8.594
0.3361
-0.5746
1.171
-2.2654
3.0109
2.1733
-0.6929
0.19274
1.53
-0.25739
2.2588
-0.49403
0.9861
-0.67769
1.216
-1.5751
-8.6293
-0.74399
-0.7378
0.5844
-1.7628
-2.2352
1.2492
2.4287
-2.6204
4.4245
4.3606
2.7294
-3.0404
1.68
-0.0859
-1.4973
-0.2075
0.4581
-3.2604
-1.927
-1.6619
1.8234
-0.0632
-5.3448
-4.2337
4.9504
11.1185
0.7408
-0.5853
4.9504
-1.047
1.3597
-2.7639
5.2171
-2.5792
-2.2901
0.1225
-0.44226
0.3763
0.8695
1.9613
0.339
-3.2379
0.6492
-9.41699
2.4269
1.5608
0.6832
0.4111
2.7032
-0.9673
0.302
-8.8701
2.2664
-0.3852
-1.3391
-4.6062
1.2128
2.8831
0.2174
-3.179
0.6259
-3.8495
0.9949
11.333
0.3226
-1.323
3.0556
-1.3501
-5.8828
15.0771
2.0943
-0.6334
0.699
0.3064
-0.2538
-3.5993
1.2413
-0.1225
1.5023
-0.5473
-0.8287
-0.7163
0.516
2.8544
2.8734
3.2418
-0.5669
-0.2279
-1.8568
2.0792
0.8174
-0.3804
1.1022
2.4597
0.5965
0.9076
0.9547
0.5224
-1.5195
1.1297
5.576935
-1.0551
2.8916
-1.348
-4.0722
1.9268
1.3094
-1.7585
9.1048
2.164
-0.4072
-3.9978
0.05818
-2.6436
-0.1881
0.4267
0.30356
1.0997
0.11294
-2.7049
-2.659
-4.9993
-2.38951
-2.5578
0.15959
0.74206
1.3385
1.8862
-0.5257
-0.204
3.9354
-0.3872
-9.89926
-0.383
-0.57
0.4773
-2.0332
-0.14
NA
0.4708
-0.5062
1.15
0.2238
0.371
-5.462377
-0.9222
0.4389
2.6758
-1.8939
-0.643
1.2961
1.5504
1.5942
0.34892
1.58959
-0.673
-0.0608
-4.09
0.4086
0.41999
-7.35
-0.0466
-2.9645
0.0668
-3.03728
-0.1966
0.80778
5.9659
0.4232
2.578
1.00851
-3.553
0.3612
2.671
0.36849
-0.83
-1.11994
-0.231
-2.5831
-1.7688
0.1222
-0.37548
-4
-2.95708
1.0518
1.2148
0.67762
1.1018
-7.8382
0.90488
-0.5077
1.8727
NA
1.2125
NA
0.74922
NA
1.48364
-3.25422
0.3923
-1.0344
-2.0777
-3.3767
-0.49751
3.4014
-2.0211
-0.896
-4.0377
-1.45077
0.205
-0.7327
-0.61286
3.1422
-3.92
-0.116
0.53672
NA
3.63598
-4.1425
1.0172
-0.542
1.9545
3.7894
-2.047
-0.7998
-1.1657
-1.7625
0.29768
1.2239
-0.6191
-3.0461
1.51601
1.11553
-0.7482
4.5606
-0.95
-2.0396
-2.5275
-0.1897
1.234428
-3.6302
-3.5631
2.79714
0.71056
0.98197
NA
1.6772
-2.6788
-1.0616
-0.6908
-1.2215
2.42578
-5.8956
1.564
1.6659
-0.88573
-0.7054
-0.4504
-1.3612
-0.62554
1.118
1.0276
-1.0267
-8.3008
0.50114
-4.0303
3.0821
0.4401
-2.8234
1.74984
-1.4758
0.82481
1.6983
NA
-2.4057
1.2765
-1.3872
3.0964
-1.947
-3.2864
-7.588
5.1427
0.10538
-8e-04
-0.2319
5.7607
-0.2693
-2.4565
1.4232
-3.1395
-0.1382
3.2479
-0.6498
0.5878
0.3081
5.079
0.8996
-2.0708
6.4769
-9.5632
1.16838
0.1989
-2.9679
3.7857
-4.02
-2.209
0.7599
6.9131
-0.29338
1.34253
-0.7671
-0.2282
0.3506
2.5233
0.85762
1.35073
2.0826
0.4496
-0.6235
3.5231
0.61454
1.0304
-13.3
3.53019
NA
-0.00944
-0.1975
0.5537
-0.043
2.1084
-0.7255
5.83388
1.5822
-3.0513
2.3484
3.9298
-2.1715
-1.64901
-1.2511
0.6507
0.841
0.771
-0.9469
0.2661
-0.4407
3.18849
-0.60866
-1.9974
1.6115
2.1921
-4.5343
2.2685
2.0773
-0.653
0.171
-2.0106
-3.7303
-1.1979
-0.8033
1.44639
3.2714
1.0981
-0.36074
6.733
1.6229
-0.1409
2.1645
-1.3936
0.5645
2.9586
1.71907
-1.9181
-0.5159
-0.312
-2.3821
-2.30441
-6.3231
0.7725
2.1031
0.1063
2.1698
0.541
-0.1891
-0.8572
0.0242
2.5978
2.37
2.22
2.9616
1.6288
1.94286
-0.5884
2.0003
-0.136
-1.6022
0.686
4.9483
6.979
-6.639
-4.8457
-0.03677
NA
NA
3.4
4.233
-0.2333
0.40581
-0.4743
2.832
-0.151
-2.5182
0.567
-1.8297
-0.475
-3.06973
0.1533
-3.496291
-1.2988
1.8545
0.1533
-0.9676
-1.5749
NA
0.1533
-2.4911
-2.176
-7.3781
-0.7642
-0.0279
-0.1855
-2.417
-0.33881
-1.07421
-1.01
-0.522
2.057
4.45449
3.3419
-2.313
-1.25446
