1.6386
-0.64854
-2.3847
5.8601
-3.06685
2.088
-1.3015
-0.3818
-0.0362
1.3159
-0.2146
-2.5701
-0.6356
-0.20795
0.3879
-2.2373
-1.0716
-0.8538
16.17964
0.85521
-0.8098
-1.0799
1.0977
-6.2596
8.56063
-1.7546
0.2094
1.7285
-2.6796
-2.5173
-1.9019
-1.9208
1.40631
-2.8479
-0.5627
NA
1.7187
-2.9749
1.6694
-1.9256
-0.23557
-0.7564
NA
2.3684
-1.8599
NA
-0.30003
-0.8577
-2.2678
0.5766
-4.8084
-1.87
1.6619
0.3084
0.0878
0.97431
0.8058
1.1216
-1.26987
-0.91861
-0.2616
-1.07465
1.41663
0.6084
0.75065
-3.00309
-0.1909
-2.4167
0.3469
-2.2667
6.4568
-3.0301
0.92359
3.9237
-0.0121
-0.1225
-2.52348
0.5072
-9.20778
-0.0176
0.778
1.8231
-1.4732
4.1009
-3.9887
2.1793
-11.0314
0.4497
1.8921
-3.6747
-0.7797
11.4723
-0.47785
2.6099
2.574
-2.42481
-10.558
-2.1742
0.3789
5.1267
-1.8385
-1.3733
-0.5049
-1.6662
-1.86938
0.725
-0.1182
-3.5143
2.4106
2.3685
-10.1031
-0.9323
-2.0001
-0.3423
1.0437
-2.39102
1.8632
-5.0664
-0.128
-3.095
1.1838
6.3709
-4.1276
0.8058
-1.4155
-0.0899
-2.016
1.3063
-0.3527
-1.0273
-2.111
-1.797
2.99611
0.2138
-2.3732
-3.1381
-1.165
-0.44858
1.0266
2.7818
-0.11
0.66608
-14.3182
-1.7403
2.1284
3.0639
-1.6941
-4.0878
1.92948
-0.9639
-0.4797
0.6342
0.1173
-1.8121
4.4725
0.2077
3.5416
-0.1952
-1.8163
-2.4027
3.0094
-1.5951
3.7296
-2.8572
-4.3275
-1.4532
1.2294
0.849
-1.26104
2.8915
-3.6336
-3.49169
-1.6607
5.3691
15.0121
0.2847
2.2878
0.1016
0.6361
-1.2282
-1.51159
1.9685
NA
-7.84291
-2.1072
-0.8717
5.0278
5.6359
-3.7047
0.7921
2.8588
-0.32798
1.1019
-1.68578
-0.52722
0.9402
-0.62585
0.0494
1.13297
-1.60581
0.50954
-0.5577
0.18346
-1.7608
0.25616
3.347
-4.2099
6.55847
-4.07203
2.76507
4.5528
0.89905
2.2613
1.7844
0.4827
3.4003
2.6995
-2.7979
-2.2138
0.0941
4.4895
-0.6071
0.6638
2.8583
-18.5414
1.1548
-2.9807
0.9995
0.1523
-0.9235
1.1211
-3.4189
-2.3689
4.17
0.1454
0.0586
0.88
-2.7023
-2.147
-0.5525
-0.5484
1.3042
-2.685
2.3556
0.6966
1.5553
-3.9732
1.763
-1.0731
1.818
-1.5322
5.135
0.0222
-0.165
0.8078
0.2359
2.0201
-0.7523
0.6707
5.0348
-0.842
-0.746
-0.357
-1.6984
-0.5183
-1.664
-0.7298
4.3962
-0.0357
-1.4189
4.0853
0.4787
5.2717
0.4746
0.5205
-0.3391
-2.5462
0.8836
2.0949
-0.8446
-3.9847
6.507
-0.3376
-2.0894
-1.565
-2.0408
0.6201
-0.11161
-0.6006
-1.44575
-1.16452
2.1754
-4.62236
3.47608
-7.83533
2.0941
-0.9108
1.3047
1.2331
-0.55296
-2.15835
-0.6944
-0.06377
1.93539
0.25199
-0.5368
0.8619
-0.00118
1.7144
6.0024
0.8826
0.091
0.9181
-2.7604
0.9918
-0.1848
2.151
0.0569
5.9909
-4.6768
-2.3263
-1.5198
2.7789
-1.3161
2.5674
-0.7568
-0.7568
0.7451
-0.3323
-4.2227
-0.562
0.4138
0.8475
0.4196
0.3479
-2.0717
-1.2603
-0.6241
0.5728
-0.4952
-2.137
-2.0888
-1.2347
-0.3087
1.7127
-0.1486
-1.3465
-1.7832
-2.6067
1.815
2.5844
-3.0044
0.753
0.5601
0.4019
-2.6047
0.7323
0.4323
-1.0812
3.9609
0.3563
1.7696
2.1921
-4.0373
-0.1042
-0.3762
0.39089
1.23881
4.3233
1.49545
3.5351
-1.913
2.9762
-3.82491
1.95616
-1.04598
-2.16405
NA
NA
0.8587
4.5786
0.325
-7.0888
-0.15859
-1.9653
-0.9177
0.6348
-0.1987
-0.4994
1.7863
0.659
1.3289
1.1346
1.5533
-0.3992
-0.0844
-2.2068
-0.2949
-0.0723
5.6217
4.1315
2.1009
0.4832
0.3942
-0.1366
-5.3974
0.0445
-0.9462
-2.5192
4.2049
-6.7591
0.1951
0.7396
2.6641
3.8479
3.9831
-0.865
1.0391
0.1466
-7.109
-1.1702
3.1203
1.91728
1.88673
2.22062
1.1553
-0.94111
-4.08164
-0.65929
2.9972
3.4376
0.93595
3.58978
-3.06813
0.04919
0.44884
-1.75583
-0.3413
-2.28025
0.22166
-0.5345
5.86829
3.74809
-1.7536
-0.75726
-0.37038
-1.7085
0.1117
-0.2913
-1.33201
-0.26244
1.66136
-11.2639
-3.82226
8.0019
0.4098
1.7725
-2.3593
-1.71334
-0.70524
1.31794
0.51369
-1.15345
0.6813
-0.4884
-3.0761
-0.3022
1.632
-2.6395
1.3229
0.39351
-0.1894
-3.0278
0.16299
0.1597
-5.835
2.872
0.9684
-0.0945
-0.4344
-0.7981
-3.4937
-1.6421
-2.8056
14.2004
1.0167
-0.2452
-0.2452
0.20915
0.9955
1.1189
2.6116
1.6505
-1.00944
1.57287
-1.00996
-1.33561
2.30389
-3.1122
-0.5005
0.269
0.4818
-0.8932
-2.0695
-8.5422
8.4964
-1.10202
-0.7256
2.9788
1.20041
3.128
5.7313
6.5308
-0.3464
-0.1683
-4.5084
2.0512
0.9947
0.839
-2.1904
NA
0.77324
11.1441
0.33787
NA
NA
3.60881
3.8502
-2.132
-2.9755
-0.8075
-3.3658
-0.5966
-0.2523
4.8878
0.4261
-0.9496
-1.0063
2.3801
-3.1346
-1.9043
-0.4191
3.0417
1.914
-0.7187
0.3192
1.5341
-0.9803
-1.1121
1.1232
1.266
-0.9777
0.0974
1.4064
4.6371
-2.5997
-1.6291
-0.034
-0.3911
1.3733
-3.8569
-1.5637
-0.3842
0.0708
-1.81871
1.0645
2.4304
-0.2607
5.7504
-0.32361
1.1869
1.0974
-5.6928
5.8369
-2.528
-1.7864
0.93218
-6.39202
4.37643
-0.24688
0.81306
-2.9861
0.1148
2.5355
-1.085
-1.183
-1.716
-3.342
-1.844
0.541
0.873
1.9273
-4.0637
-2.9738
-5.9185
0.462
-1.8566
0.9856
0.189
-1.1392
0.4397
0.9749
0.9201
0.7697
0.1806
-2.36989
0.2714
-1.54206
-2.8371
0.8003
-13.0006
-0.9769
-4.08215
-0.8806
0.6043
0.9606
-0.6546
6.8977
-4.241
3.2551
3.1181
2.8702
2.75246
-3.5993
-9.6951
1.792
-2.9056
-2.5708
0.6413
-2.7562
4.2827
3.7847
2.46175
0.78913
-0.795
-3.2968
1.84854
-3.5769
1.4894
-1.8568
-2.3965
0.84675
0.38696
-0.63458
1.15552
1.6174
-0.0623
-0.5465
1.0233
1.1961
-0.43
1.5611
0.4209
0.2551
0.1469
0.831
-2.10934
-0.46628
-0.474
1.0433
2.7247
1.2169
0.3087
-0.35669
-0.93544
-0.932
2.6663
-6.6996
-0.2881
-1.3639
2.3337
0.6436
2.962
1.52273
-0.9837
2.4099
4.2646
-0.4024
1.3021
0.4799
0.3392
3.0004
-0.78312
0.59374
0.22419
-4.4015
-1.9176
0.2242
7.8725
-0.2496
-0.0298
-0.2468
0.2621
-0.3387
-0.623
0.9868
-0.603
2.462
4.4623
0.1579
4.5161
2.49013
2.80037
-1.27647
1.5581
-12.7164
-1.4
-1.13917
0.5283
1.10138
-2.8417
-0.3368
-3.18035
1.38336
NA
NA
-0.612
1.5708
0.9241
-1.1323
0.9944
-2.1392
-2.2261
1.77
0.568
0.355
-4.13777
1.1017
-0.02726
-3.5188
2.6292
12.3601
1.6168
0.6305
-0.6982
-0.6624
0.8364
0.4555
-0.9658
9.099
-0.2555
-0.9852
7.9047
2.67
1.1053
-0.1468
2.1746
-0.4456
1.0642
-1.1118
-1.4051
-3.9762
-0.3124
-2.0558
-1.8928
-0.9976
0.7434
-1.2293
-2.0042
-0.3821
2.0766
1.7476
-0.259
3.3621
5.5665
2.9138
-11.4214
-1.2673
0.9019
3.1611
-7.7482
0.408
-9.652
1.525
-2.394
0.419
-3.369
0.692
-8.771
-1.239
-4.855
-0.756
2.687
1.952
-1.053
-3.4704
2.8315
0.0929
0.6848
1.358
-3.1343
0.2721
5.3993
-4.6469
2.4329
-2.3984
-0.4275
4.3108
1.3046
1.09
4.2366
3.4022
3.2223
-0.9447
-1.6077
1.1544
-2.6865
0.0854
8.6257
-7.2999
-4.1299
-0.0226
-1.22529
0.24368
-2.599
0.78375
-2.512
0.28814
0.16226
-2.7442
-9.04548
7.8121
6.29952
-2.42417
-1.71021
1.16881
2.39691
5.77742
-4.552
-0.49533
-1.48208
1.42582
-0.23769
-1.6386
-0.6386
-2.1012
1.8997
0.1699
0.8488
-0.0242
-0.2544
-2.6893
-0.9932
1.5213
0.8935
-4.781
2.3928
0.2052
0.3153
3.0505
1.7477
-0.1088
0.5393
-1.9284
0.8791
0.6416
3.0537
0.4295
0.1538
-0.3474
3.1618
-2.5581
-1.6527
NA
-1.84856
NA
2.24083
NA
-0.1293
2.7509
-5.24432
-5.29292
-0.83673
0.2299
5.52417
-2.8216
-1.29459
-11.27776
-7.7545
0.094
0.8036
-3.1393
3.0843
-0.32611
-5.91369
5.96546
4.3456
-0.7748
-6.6326
1.3537
-1.93
1.3166
0.2871
0.5251
1.9113
2.0067
-1.3267
-1.301
-1.3845
-1.2206
-0.0488
0.3103
-0.7051
-8.1597
-3.4357
2.9971
1.6059
-0.6353
2.1262
0.2198
1.7017
1.0866
-0.5177
1.9086
-3.2477
0.2739
2.0127
-1.6262
-1.8504
-1.05486
-0.1778
-0.0146
-0.5163
-2.2513
5.6171
-0.1304
-1.0068
6.079
3.2213
-2.9841
-0.3192
3.6316
1.2823
-2.014
-1.28124
-0.7975
-0.184
0.4757
1.7342
1.5541
-0.0142
1.181
2.388
-0.61784
-2.26939
-0.3849
-1.6808
9.9697
2.2631
-1.9846
0.91406
1.13704
0.5512
-5.7523
-1.57499
-3.5935
-1.3929
10.5502
-0.0917
1.1544
-6.8828
0.6413
2.5853
3.5736
-0.25406
5.145
1.74192
-1.3785
0.9805
2.4352
-0.1051
0.7807
0.08954
0.06287
2.2006
-3.6609
-1.8675
1.5873
4.3985
1.8315
-8.232
-3.697
4.399
-3.0309
-0.3776
1.2343
1.2653
-0.8727
0.81187
-0.8922
-4.80971
-0.0992
1.69803
-1.9607
2.788
0.8773
-2.1123
4.2918
-1.1321
6.8351
2.01507
-1.8673
-1.7502
-2.039
-1.657
0.8062
0.7957
0.0968
-1.508
2.39
0.933
1.6802
3.7082
-3.1057
-6.40204
0.55998
-1.32156
2.3816
-2.1904
0.2038
-2.6818
-3.97785
-2.5718
0.3122
0.0077
5.8362
-3.8019
1.0471
-1.1927
-1.3319
-1.5087
2.6067
1.6386
-2.8752
2.2975
1.8111
-1.22839
0.61416
-6.95934
0.42013
0.72551
2.17176
-1.8459
0.4257
-0.2801
1.21195
1.2939
1.58768
-4.0937
1.6341
-0.846
3.0692
-2.0631
0.9933
0.16144
6.329
0.0867
3.936
0.1565
-0.7814
1.5521
0.343
1.0936
1.05763
-1.58368
-0.7782
0.8652
-3.9781
-3.3288
10.3014
-0.4894
-1.2191
-0.6402
-1.6208
-0.479
-0.517
0.4675
0.4542
2.1861
2.6637
-0.3888
-1.665
-0.0963
-0.3985
9.1166
0.1596
-1.8964
1.0762
-5.8398
-4.997
1.0936
-0.0408
2.0897
-6.32983
-0.04286
-1.1442
-0.4195
-0.6299
-0.9759
1.8224
-6.05261
-3.1407
-0.38978
-1.39332
2.0427
-1.4531
-0.4564
0.9021
1.2888
-1.6194
-0.7353
-1.534
1.7719
-3.8141
3.7573
2.2669
-0.7923
2.3829
-0.2699
0.637
-3.0054
-0.9264
-4.3441
-5.3628
1.429
1.1393
0.211
2.8846
-1.9803
-4.6654
NA
0.1036
-0.0631
-0.1713
-0.4788
-7.1606
1.9241
2.1899
3.5656
2.2651
-2.3475
5.794
-6.187
0.784
0.7089
-2.5529
7.125
0.6586
-2.047
4.5317
-11.787
0.0509
3.5355
-1.86
-0.237
-0.2037
7.8821
5.6476
1.3834
0.7152
3.0058
-12.0595
-4.8961
-3.5786
-0.1686
1.5633
-2.4795
1.4122
-1.4256
-2.5869
0.6267
2.269
1.429
-1.0501
9.4631
0.6291
0.5387
1.8332
-0.6939
4.0069
-4.1564
-2.5521
4.9636
1.184
4.153
-4.239
-0.5519
5.8237
NA
3.9339
0.00931
-1.4567
0.04682
-0.4828
0.2672
-0.505
-0.92108
1.5463
-24.761
-7.592
3.1712
3.563
-3.1044
0.7617
1.9509
0.3235
-0.5354
-2.0362
2.6555
-0.8257
-6.47759
0.3711
-9.757
-0.0705
-2.8121
0.40617
-2.065
-0.3992
-0.29638
-2.117
1.1723
0.677
-1.1259
0.682
0.1401
-0.2308
-2.2704
-1.4424
-2.88947
4.2364
0.0739
-2.7004
-1.2144
-0.6514
3.0103
0.9433
0.1683
NA
1.6457
-2.9734
9.6208
0.349
-0.242
-0.0551
-0.0761
-1.0389
-1.1656
1.3312
0.3333
-2.0288
4.0468
1.0346
-1.5052
-1.0997
1.1123
3.4184
-2.5017
-0.4956
2.2446
-8.4011
-2.1731
-0.2964
4.3708
-3.39
2.7
-0.1155
1.11314
3.3437
1.5746
-1.5195
6.092
-1.1076
1.6355
-5.2558
1.7318
-1.4269
0.9516
-8.7946
0.13
0.2245
5.6101
1.5674
1.8508
3.3324
2.5748
-8.6527
-1.0259
0.158
13.4001
-1.6337
3.0293
1.0345
-0.8377
-0.6667
-0.0535
0.8221
2.2915
-0.4146
-0.4943
-2.0396
0.16143
0.4837
0.68647
0.8227
0.3877
-8.7905
1.01
-2.059
-2.7942
-1.0434
-3.9358
-1.9701
9.6304
0.8995
2.8703
0.4496
0.7802
1.29237
0.9885
1.003
1.4268
-1.2045
0.4577
2.1351
-0.797
-6.43203
-0.1254
-8.81816
2.50684
-0.6426
0.78
1.52876
-3.037
2.4858
-2.68819
3.5312
-3.8872
-5.3709
3.1123
5.2412
1.1556
3.1067
-1.4465
-1.2066
-4.15907
-0.484
0.6276
2.5419
3.8186
4.776
-4.6474
2.98204
-8.7069
-4.7888
NA
-0.4295
7.5218
1.32321
NA
-1.5404
0.2913
4.16519
0.8616
2.8145
-0.6094
-4.6605
-4.0932
0.6491
3.372
-0.9644
-3.1247
-1.8573
-2.821
-0.3661
-6.3787
-0.3113
4.926
-0.7375
4.6012
0.5617
1.7074
-19.5767
1.2041
0.2589
0.5994
3.5666
0.3832
2.55021
-9.4931
2.0979
-0.5639
-0.51785
-0.44
-0.49293
3.60806
-3.073
0.42917
-2.9627
-1.23756
0.5537
2.57109
-2.2372
-1.0596
0.732
3.3133
-1.55343
1.0641
1.5645
1.5873
0.7768
-10.73
-6.07
1.454
-1.3269
1.6273
0.0346
8.3415
4.123
-0.431
-1.234
-2.032
3.4181
-2.0823
-0.637
-2.0642
NA
-1.0655
-1.3672
NA
-0.8225
0.9112
3.3439
0.15637
-3.1982
0.1589
-1.651
9.6207
2.32105
2.4458
0.06912
0.8191
-12.6493
1.0173
0.5555
0.071
-0.559
1.5082
1.4955
-0.7484
2.3345
0.4111
-0.9731
2.08755
3.1936
-0.5508
NA
4.1873
1.2081
1.326
-2.57384
0.4377
4.61047
0.378
0.703
-1.6708
-1.39717
1.0786
2.4698
-1.574
0.7347
5.5839
-4.1675
0.4585
1.90258
-0.8572
-0.8087
0.7469
1.01024
0.1765
1.8048
1.23281
0.2668
1.2803
-0.2506
-2.9039
0.0358
0.7172
-0.4094
4.104
4.2614
0.31298
0.60193
-0.9648
-0.731
0.20103
0.0763
-0.5734
1.8864
1.5711
0.8434
1.1075
-0.0586
2.0583
-0.74753
1.7105
1.8925
0.48144
-0.32418
0.6826
9.8511
0.9853
-0.24309
-2.247
1.1968
0.1842
0.69464
-3.9571
0.7655
-6.0047
-0.2272
-2.1026
-0.995
-1.36082
2.3267
0.105
-0.8953
13.5687
1.7305
-0.17
1.9528
-2.7839
-10.1537
3.1591
-0.4076
1.2412
3.64274
-2.0285
1.2034
-3.458
0.62558
1.12302
-2.3388
1.5027
0.5105
NA
0.4281
1.4544
7.4755
0.25627
-0.80324
-1.6442
-2.1819
-2.6609
1.7667
-0.99015
-8.74744
1.3442
-0.8039
-0.1319
0.9035
0.30162
-1.6507
-3.26687
NA
0.0753
-2.4052
-1.5639
4.7596
-0.9394
0.0102
1.3408
-5.6448
-2.81936
-2.93694
0.8716
-0.03089
0.4598
0.608
-1.002
1.8352
1.0636
-1.2156
2.402
12.5416
-5.7504
1.12872
-0.3224
0.79352
-0.5329
0.83819
1.4772
-1.95953
-3.0368
-1.2934
-1.9043
-0.62671
-0.16975
0.61283
1.73
-6.7271
0.3551
0.9487
-0.1046
-2.2428
-7.21553
-1.2498
0.34828
-2.8923
2.7432
0.84732
1.09642
-0.61454
NA
0.04935
1.0416
1.4635
1.8685
-2.4234
-0.9674
-15.5973
-0.2268
2.281
-0.3321
-0.9645
2.8464
-0.4672
1.2233
-2.8628
0.7808
-2.85537
-0.4653
2.6505
-1.41757
2.4101
-2.0708
2.1933
NA
0.3314
2.1106
0.0562
2.1842
3.9616
0.7243
-1.3186
1.2401
0.0034
-2.4233
-0.5717
0.2015
-2.0958
-1.22332
7.3086
2.5932
-3.3459
-1.1794
0.3476
-0.88736
-1.3065
0.8783
-2.4358
-0.5937
0.971
0.5221
1.06639
-1.8784
2.1989
-3.3671
0.4783
0.3524
-1.6549
1.3879
3.98779
1.006
-0.6677
-0.2788
2.0974
5.4029
2.60077
-4.1935
5.5718
0.064
-1.9925
-1.5771
-1.9516
-2.2263
4.0092
0.9122
0.0906
-1.3731
-0.759
0.91694
-0.3027
NA
-0.114
1.4288
-0.2608
-1.44558
-2.542
0.8597
1.0453
-4.6358
-2.3056
-2.80567
0.2761
1.3336
0.8515
-1.26705
5.278
1.23906
0.73971
1.7006
-0.60069
1.0729
0.4743
5.7664
0.46791
0.38461
0.1216
2.30246
-1.2844
1.30342
-0.5463
-0.2034
1.4931
-1.7902
-1.4898
-0.18156
-0.4437
1.3383
0.5795
NA
NA
NA
NA
2.8938
NA
NA
NA
NA
NA
NA
NA
NA
NA
-1.1795
NA
NA
NA
4.9504
-0.4295
-0.3345
NA
-4.168
0.8769
-5.6924
1.3982
-0.9603
-1.89693
1.2421
4.3763
-1.9909
1.3181
-0.1487
-1.3324
0.8481
1.56408
0.17492
-2.8891
1.5234
-3.9836
8.084
-0.5005
1.0325
0.3972
-2.4765
0.0415
-3.0984
NA
NA
1.9017
-2.0424
-0.8471
-0.9997
-0.7788
0.24903
-0.49846
0.00627
-0.41422
0.72362
0.3988
1.73426
-1.66763
1.3943
-2.1544
1.9244
-0.3991
0.548
2.0245
-2.0465
0.5358
-1.2548
-2.8135
5.6282
-1.8412
1.0346
0.93005
-0.03948
-1.583
0.1757
-0.4507
-0.2356
1.0214
1.997
-4.5478
1.12554
-1.04101
-0.6933
NA
-0.1382
7.8126
-0.23
6.4511
-2.2006
-0.1197
1.0223
1.10372
-4.0485
0.8401
2.01928
1.0257
-0.65886
0.3103
2.5163
2.7731
NA
-4.0949
-5.0489
2.32783
3.0969
1.5598
NA
NA
-1.2394
0.0129
0.9014
0.3412
0.94527
-0.515
2.7363
-4.78925
0.3851
-2.0906
1.0276
0.67211
1.3242
2.0221
5.8606
1.26776
0.90461
NA
-3.3202
-3.2276
-0.0644
-1.9158
0.5032
-0.0712
1.3634
1.0986
1.5671
0.68853
-0.4697
1.2685
-2.2105
-1.3942
0.7856
-10.256
1.8296
-1.9935
-2.415
-3.2871
7.29782
-0.2861
0.15291
-1.0396
0.2576
0.64176
-1.16725
0.6118
1.9183
-0.8454
NA
2.086
4.9623
-2.2947
-2.3976
-0.8496
-2.5195
0.5423
0.613
-7.091
-0.1407
-2.91583
-0.9564
2.4122
1.5303
-1.2248
-0.3241
2.7015
3.982
0.6204
-1.0148
1.8856
0.11827
0.89744
-2.3004
0.4207
2.0632
-0.0938
-2.9919
0.52447
0.9703
-2.81493
-2.5841
2.6898
NA
2.821
-0.1059
-0.4005
-2.50259
-2.62851
-2.20507
3.0179
2.5017
1.9591
2.0715
0.7122
-0.5696
2.89601
2.1015
-0.90757
1.8674
4.1032
-2.9203
-0.1678
8.99215
0.01095
-0.46996
-2.868
0.2241
0.7658
-1.337
-2.3397
0.5576
-0.4116
NA
0.9416
-3.3624
3.9992
3.5825
0.65305
0.91785
-2.42061
1.9018
-1.6744
-2.2146
-2.14124
-1.85724
NA
NA
-1.69695
-1.1728
-5.4123
0.9144
1.79708
-0.967
4.86
-0.5955
-0.1783
-3.21328
-0.4157
3.89345
1.18817
5.581
2.1319
-1.1284
0.7238
-4.851
1.0879
NA
-0.3329
-1.4528
0.97575
1.07426
-2.6496
3.07524
-4.082
2.113
3.375
0.1533
2.6457
1.5099
-1.61739
2.7107
-0.322
0.4721
1.4306
0.2877
-1.9
-2.25541
-1.8288
-1.93324
-0.9703
-1.657
0.15447
1.1733
NA
-1.0364
2.36674
-0.56744
2.4736
NA
-3.8626
-1.3381
3.58902
-0.0874
-0.99969
-1.32767
-3.63068
NA
3.79639
-4.2942
-1.25061
-1.5554
-3.5599
-0.3002
1.8989
1.0117
-0.1627
-0.8877
-0.70561
0.95378
-0.9074
0.92
-1.3193
-0.00246
-0.3627
-0.1928
-1.2548
-0.2715
NA
2.14788
-2.375
1.62013
1.04142
0.9692
-0.10069
-0.4591
0.60486
-1.4023
-0.313
-1.48
2.1285
0.3222
2.4672
0.9493
-1.06092
0.7021
14.7073
2.61527
4.0462
4.9111
0.2991
-2.21013
-1.2506
-0.75607
1.1849
2.8329
-2.3888
-2.88553
0.91409
-1.17794
0.61233
0.8643
0.37131
0.8103
0.8451
-0.0884
0.2434
3.47179
-0.5617
6.4922
1.9474
3.1832
-4.44572
0.15069
-1.5007
-0.2679
-0.6489
-0.5688
2.05915
0.8202
0.3781
-1.8759
NA
-2.2947
-12.67
-0.58368
NA
1.1458
1.4798
-1.7564
NA
-1.6667
1.9512
6.73979
1.7537
2.8049
-0.2232
3.3208
0.4729
NA
4.3774
-1.0731
0.122
1.32893
-3.8043
-0.5779
-0.8866
1.0769
2.9727
-0.1728
1.3901
-2.2604
-3.0403
-1.4777
-0.57873
2.613
-3.5991
-3.1388
1.25188
-2.4853
-0.6777
3.30742
1.0359
2.3822
-1.16274
-2.68687
2.0882
-0.39985
1.7909
-2.8977
0.5321
NA
-2.1114
2.39
1.40446
-0.255
-5.3269
-1.19989
-1.3393
2.71754
8.30352
4.6514
-0.2012
-2.93239
-3.07292
0.8268
-1.3139
1.0904
-2.5829
NA
0.9065
-0.3901
-0.3152
2.859
-0.8575
-0.9033
-0.00703
-0.7802
3.17597
-9.5737
0.632
-0.66471
0.9006
NA
0.1689
-3.1119
0.502
0.967
6.5928
-5.8858
-0.5746
1.16183
-1.0809
0.2369
0.79734
2.3349
-3.0349
0.4844
-1.4751
-1.97971
1.1258
3.1448
-1.1405
-1.9349
-0.75945
-0.1429
NA
-0.1429
0.9256
-0.3819
-1.9687
-16.4358
14.2004
0.3732
3.0464
-2.4539
0.2374
0.2154
1.13696
-0.5621
-1.926
-0.4788
0.54949
-1.394
0.1533
2.54692
-7.5165
0.122
-0.8115
2.2507
1.0807
0.1533
0.21631
NA
2.322
-0.67152
-3.3571
-13.9477
-7.6628
1.73909
4.3787
2.3168
0.00944
-5.7709
1.8476
-1.3549
0.54086
-1.19729
-0.247
-2.0805
0.03612
-0.1297
NA
0.5465
-7.959
-5.0515
-0.4052
6.0444
2.4349
-1.371
3.1542
-2.1688
-6.5958
-3.0079
-1.2548
1.967
0.3023
2.2636
-1.7167
3.0442
0.253
0.0519
-6.152
0.1425
-0.4875
0.0997
1.7274
1.1703
NA
3.2116
-0.5916
-0.6527
-3.0238
-0.1241
1.1123
-1.4897
0.0626
1.098
-0.6441
1.4064
-1.7375
-1.6387
-0.8429
0.2799
-1.0045
-2.6627
-2.1304
-1.3582
0.6172
0.3993
-1.2015
0.5286
-0.5323
-10.258
-1.1728
-0.9834
0.7323
0.1219
1.0571
-1.3612
0.6735
0.3727
NA
-0.4249
0.6924
-1.2528
0.9966
0.9962
2.1435
1.3833
-0.7829
-1.2273
-0.3207
0.3888
0.3434
-1.1291
0.6214
-2.3316
0.8993
-6.4007
-0.387
-0.2853
-0.34026
-0.6116
0.6743
1.38213
-1.7079
-0.1734
-1.0422
-3.8658
-1.0878
-0.0888
2.7848
0.2834
-1.0112
1.5657
1.4885
1.5815
-1.0039
-1.8676
2.2983
-0.7154
-1.0902
2.6822
-2.1454
1.3017
0.54472
1.969
-0.091
0.2099
0.09915
-2.2162
-1.9776
0.1195
0.2151
4.8817
8.1597
-2.1517
-0.2343
2.0316
-2.8
-1.4545
-0.2787
-4.1413
2.1147
2.2421
1.7618
0.6983
-0.5653
-0.8966
2.3727
-1.6638
2.1588
-0.8205
0.2882
-4.0179
-3.1231
1.8019
2.8671
1.8284
-1.0687
0.338
-1.2548
-0.147
3.9353
-0.4157
-2.2082
0.0239
4.7159
-0.9831
-1.7327
1.0299
-0.3102
0.3168
2.6868
-5.0261
0.7503
1.554
1.1804
-0.2196
1.1101
-2.6135
1.5235
-1.31067
-2.2804
-1.8935
0.5765
1.4547
-8.0549
0.5304
-1.5512
-1.16818
-1.6612
1.9464
4.3896
0.567
1.859
3.4501
-2.2625
2.8641
1.1169
-1.8313
0.7108
3.0982
2.3817
2.1599
-0.7014
1.5785
1.5771
-3.8089
3.2089
4.7152
-1.5661
-2.1091
1.5029
-0.879
1.496
-0.559
4.2883
-0.49
0.415
6.11
1.391
0.862
3.347
1.414
-0.629
4.469
-2.732
-0.303
1.378
-3.463
1.667
-4.408
2.336
-1.4483
4.063
2.336
4.0028
-1.1139
-1.171
-0.0163
5.872
1.345
-0.07946
1.2276
1.8871
-10.7168
4.7315
1.3198
6.3271
-1.5692
0.585
3.4816
-0.9382
2.2573
0.137
5.6105
-8.779
-0.3054
0.3991
-2.4206
0.3817
-0.3742
3.2086
-5.7925
2.9459
4.652
1.76761
-1.2779
3.987
1.7146
0.0129
-1.96906
0.943
-0.1239
1.30131
1.0288
0.01
0.1019
0.6103
-5.3985
0.8344
1.58841
-0.1991
-2.6705
-4.4229
1.1481
-0.705
1.0238
-1.20454
0.7844
5.9068
11.9742
-2.85378
-0.344
2.925
-8.594
-1.2128
3.7514
-1.345
-1.2859
-0.806
-2.2654
-0.9965
1.7249
NA
-1.2631
1.7178
1.5801
0.2928
-6.2328
0.196
1.948
3.0874
-2.252
-1.0354
4.9741
2.7294
1.48
6.3003
-1.6298
-2.7636
-0.2759
0.2759
-0.1023
0.6963
-1.927
1.5181
-0.554
-2.4625
-1.9577
-0.0632
2.6671
-2.8264
4.9741
-2.1498
0.2092
-0.4877
1.032
1.8869
1.4128
1.2051
2.4516
2.5182
-0.573
-1.4806
1.8811
0.2676
0.3758
-3.3458
1.8909
-3.1587
1.8839
2.5862
0.8614
2.7611
0.2785
8.7871
-1.54
0.2968
2.3581
-1.7373
3.0179
1.0157
-1.3315
1.8259
-0.5317
1.0998
1.362
0.4881
-1.9982
-1.6707
-0.4574
-1.0989
-0.1337
1.4028
0.1355
1.5023
0.9365
-0.236
2.4501
1.6074
2.4501
-0.6835
-0.3978
0.9434
2.4597
-2.5415
-3.2766
-2.32412
-0.2937
-0.371
-0.3426
-0.4072
1.0276
0.905
0.966
1.5819
-1.6596
1.53192
-1.7375
-4.154
1.0004
1.5528
-0.8623
1.4276
0.4713
-1.576
-9.7925
0.533
0.4773
1.3939
2.22257
-0.5573
0.5203
-0.886
-4.80084
0.9792
-1.4456
-1.8935
-3.29325
1.9398
1.0372
NA
-0.1709
-2.7906
2.02291
-0.4483
-0.0466
-0.0406
-2.1209
0.3726
0.6427
-0.8447
1.64038
6.476
-0.73235
3.55114
-1.9673
-1.5859
2.1276
-2.1283
1.8745
0.5939
NA
-0.1794
-0.8152
-1.97971
1.16182
-0.8575
-0.36392
0.6318
1.8381
-0.0271
-0.6464
NA
0.1058
NA
2.3209
NA
-0.0744
6.1706
-0.25959
-0.195
-0.9796
-0.117
-1.61355
-4.7923
-1.00054
-4.0488
-0.369
NA
3.8344
5.6282
-0.577
1.66313
-2.7228
0.27748
-0.79945
-0.7404
0.55613
0.8686
1.34673
0.6001
0.0229
-1.61182
-0.9119
1.25109
0.48188
0.162
0.74735
-0.0612
NA
0.93305
0.77094
-0.28144
-0.20244
-1.0554
0.3554
-5.5963
3.3293
-0.45
0.9935
-1.6376
0.99057
-4.5091
1.6122
1.05714
1.32177
5.6282
3.6655
-2.8234
-1.055
-0.6458
-3.0066
-0.7458
-1.4776
-0.3843
-6.8984
1.2398
-1.44672
-0.0255
1.0938
1.0485
-1.4489
-0.0409
-0.2693
0.9915
-1.4352
-4.4855
1.6252
5.5277
0.2841
0.0583
5.079
-5.5021
1.514
3.4166
0.3726
0.338
1.319
0.7772
0.201
1.0489
-1.8471
1.4922
4.8833
2.06223
-4.0789
NA
4.7952
12.5076
1.125
NA
-7.571
-2.7588
-0.043
2.108
1.5822
2.3108
9.1342
-0.7483
-0.5893
0.8287
0.5893
-0.1705
1.896
0.3057
-1.0543
-1.3
1.59915
1.6331
-2.5173
7.2104
-2.0373
-0.4788
-0.4786
9.5464
1.2157
0.9394
0.7028
0.711
0.41362
6.5978
3.2675
-1.701
0.1794
0.2135
0.5824
-2.4139
-4.6897
-4.314
2.081
-0.5888
0.89254
2.1087
1.8614
0.2227
1.9353
2.0352
0.332
-3.57145
0.2033
5.1723
3.9963
1.9642
-1.6822
3.1319
-4.2858
2.5637
2.9824
NA
-3.08054
NA
-8.1613
4.3117
-1.8207
-1.2365
2.0977
1.51975
0.0149
-0.3694
1.2863
1.2423
-1.8296
1.8729
0.0136
-2.2357
-3.2581
-2.5949
3.12338
0.1533
-1.0259
0.3459
NA
0.1533
-2.0161
0.8879
1.056
1.1844
2.5946
0.151
-2.8507
2.66655
1.79
-0.3605
-0.1076
-3.529
-0.3191
-3.491
-1.8919
0.5033
