1.78383
-1.0781
-4.1269
-0.4723
-1.32732
-0.2645
1.6251
-2.4981
4.84
0.6658
-2.265
-1.177
-0.7163
-1.0016
1.393
-0.6076
-0.475
-1.0716
8.59982
-5.2944
2.24099
-1.0477
-1.8602
-2.0916
-3.6548
1.7285
-0.4288
-2.6326
-1.7877
1.0851
-1.1931
1
0.4838
2.3449
-1.1787
-0.0921
-2.2714
1.1349
-3.1
-3.447
-1.14
-0.0241
1.5981
1.925
0.5766
1.0413
0.7397
-0.57
-1.829
1.0152
-0.9659
-0.1384
0.5955
0.2025
-0.2261
1.58178
-0.3802
1.0372
1.7633
-1.6243
1.56
-1.52498
1.0598
0.3458
3.9237
-5.8973
-0.3271
-0.223
-3.3885
0.5072
-1.1866
-0.8027
-1.2263
-1.5085
-3.2734
-11.1441
1.7905
-2.0737
-3.7226
1.8054
-0.1865
-4.4119
-6.65932
1.6573
2.5406
-0.1153
-1.3057
-3.1633
-2.45
0.38275
-2.2701
1.7435
0.6309
-2.5994
2.2868
-2.6122
2.6454
-0.5
-1.5815
-1.77075
0.0632
1.0846
-0.9328
0.1216
2.0241
-4.6821
-0.5126
-3.0938
-0.5007
0.6914
0.8797
0.00488
1.311
0.1985
-0.7729
4.8329
0.19643
1.5841
-0.9775
2.38952
0.3824
-1.1529
-2.1979
1.4717
2.7818
3.3702
-1.7541
0.36558
1.01686
-1.4086
2.87753
14.2004
-0.11708
0.00201
0.3117
-0.1686
0.8039
4.6283
-1.07
-2.27444
0.39858
-2.13208
0.8411
2.4399
-2.5782
2.0483
-4.96452
0.8039
0.69525
0.2645
0.598
-0.1175
1.1685
-0.1623
-2.1694
0.1117
1.5562
2.701
-0.6856
2.7622
-0.904
0.8157
-0.6836
-3.716
-1.854
3.2216
-3.0705
-3.8689
-0.3226
-0.2404
1.4065
-4.0612
-3.8415
1.7198
0.5231
-0.6105
1.2096
-7.6824
3.1472
1.5508
1.4116
2.303
-1.1089
-7.5164
-0.8614
-0.498
2.9889
-1.8245
1.6726
2.0322
-0.8939
1.72275
5.14224
0.85931
-13.67655
-0.8101
-0.00448
-0.73009
2.10588
-1.1262
-1.4168
1.1653
-1.99973
-5.1585
1.3127
3.55911
-0.495
2.269
0.88
-2.702
5.2228
-0.2653
-1.8867
1.2663
-1.0731
1.818
-0.6056
0.6862
-5.4492
0.0222
1.1667
-3.0715
2.4811
3.215
-6.7525
0.5866
5.1826
4.2292
-10.2813
-0.82
-0.1154
-0.0073
1.2862
0.9119
-1.4747
-0.0958
-1.1787
-0.4484
0.835
-1.9524
-3.8524
1.2147
5.2337
-8.857
0.7622
0.385
2.1735
0.1431
0.4787
-0.8149
-2.9818
1.7763
-4.3128
-2.6468
-0.9308
2.291
-0.0134
-3.644
0.8533
0.0362
-2.2371
-2.7509
-2.2557
0.843
-2.9199
-1.0599
-3.2306
0.9205
-1.0692
-0.0036
-0.1391
5.4805
-0.7492
-0.3035
0.1266
-0.3342
-0.3802
-1.5216
-0.971
-2.3401
3.2707
-1.1809
-8.3519
0.8641
-4.7625
2.7221
0.6592
-0.3039
1.2734
-1.1602
4.0065
-2.5959
1.6198
-0.4069
-0.2461
-0.6241
0.1257
-27.7605
1.8778
-0.9414
-2.2233
0.6649
-2.0077
0.753
3.4447
1.4411
-3.7234
0.8041
-0.8354
1.0939
-4.8542
13.2132
-1.1942
1.3219
-0.4425
2.0125
-2.5548
3.5351
-1.4633
-0.7967
-1.8846
-1.7439
-11.446
1.2923
-0.2634
-0.808
-0.0442
NA
0.3627
-3.6496
0.7469
0.3852
1.9059
1.4665
-1.2443
0.2224
-0.64359
-0.29428
1.8592
0.0685
7.25386
0.48653
-0.0361
2.1905
3.869
-0.541
2.91579
3.49
0.888
-0.763
3.94
-2.21
0.429
-0.931
1.38
2.16
-1.91
-1.29
1.43
-4.85
-1.66
-0.202
0.33
-1.34
1.5
1.36
4.5561
-3.44648
-1.2066
1.24431
1.52582
-0.19613
0.85897
3.1909
-4.9945
-1.54979
-0.58275
-0.26731
-1.52
-11.2639
0.2637
2.147
-0.0517
2.68
-0.296
-0.828
-0.97
-2.8916
-2.0127
0.417
0.176
-2.735
-3.693
1.3516
-0.7799
-0.5605
-0.4731
-3.9674
-0.9259
2.872
1.0202
-2.5742
2.408
-0.3347
-7.14476
-1.7589
-1.0114
-1.7273
-1.4992
14.2004
-0.77337
5.3984
-1.2757
2.33527
-0.5766
-0.8194
-2.3604
2.3191
0.3437
-1.463
-4.243
1.0481
-8.083
7.6736
-0.905
5.7074
-4.7487
-3.8221
0.1099
NA
-5.0704
NA
NA
3.7401
-3.2806
2.6435
-0.6263
-0.7156
-0.7061
-0.9496
0.1569
0.5755
-1.39253
1.33992
-2.96425
1.17302
-0.245
-1.1688
2.7317
-0.4421
3.5586
-0.2607
5.7182
0.3876
-0.8017
-5.6169
1.6245
-2.7678
0.5713
0.247
-1.5422
-0.7364
-1.5458
-1.76
-1.15
0.2541
-2.3728
-1.8205
0.3116
-0.1742
1.1263
0.9179
0.759
0.4281
-2.5352
1.853
-1.1392
1.4833
-0.0276
0.718
1.179
-1.4407
3.1654
0.5526
-0.8847
1.1759
7.0848
-0.222
0.2236
0.8024
-0.4314
1.34551
-0.7251
-0.8481
0.32112
-4.5423
-3.99819
-2.8115
3.1541
-2.6681
1.7716
-0.4303
4.762
1.13
0.8965
0.5738
-0.3337
2.3161
-4.657
18.37119
-0.5132
0.1098
-0.386
1.0396
-0.039
-1.2203
-0.6652
-0.6771
-0.9688
-0.9941
0.5917
0.3624
5.0251
-0.5962
-2.5926
-1.37643
0.4267
-1.44204
-4.19005
0.2086
-3.2745
-0.4528
-1.36503
-0.8682
0.349
5.1107
-0.9011
0.6344
1.1306
-0.5642
-0.5655
3.1567
0.2359
0.4684
-1.37301
-1.40403
-1.90474
1.3155
-1.92
-0.21
1.9726
-0.2831
0.5697
-0.7173
2.2381
5.4501
-1.0884
2.138
1.14
0.34064
1.9747
2.2426
5.0735
4.1934
1.0878
-12.0055
0.5283
-0.4566
-1.6245
-0.2356
1.1702
NA
NA
NA
-0.993
3.0267
0.4804
2.7355
-3.0762
-0.7778
0.776
1.5445
-3.6195
2.1711
-9.88
1.58
-6.0408
0.2452
3.0589
-1.5405
-1.6524
0.8219
-0.935
0.254
0.986
-5.19
-0.184
1.19
1.599
1.9127
3.1022
0.5517
1.1079
0.7931
-3.2882
-2.0139
-1.0436
-0.048
1.8006
2.2775
-1.6126
-0.982
-4.366
-7.038
4.2881
-0.0887
0.5821
-1.6419
-3.1744
-3.2566
-7.7482
-0.8657
-2.116
-10.7688
9.2569
-0.1026
-1.0246
4.4283
-5.0519
-1.8233
0.4885
-0.6011
1.6498
1.2161
1.5863
-0.9574
-0.5009
3.6846
-4.5868
0.66
-4.2265
-4.5352
-2.9879
-2.906
0.451
3.2223
4.4962
-2.4774
16.4726
7.2122
0.0104
8.0811
3.2875
-0.2343
-0.98558
0.6112
-2.78238
-1.08777
-2.5944
-3.3012
-2.56775
-0.36215
2.66524
-1.2
-2.17869
1.8555
-2.22
0.498
-0.655
2.7
-4.31
0.98
-1.38284
0.5037
-0.96365
-0.1088
-1.57809
2.30527
0.4128
-0.76908
-1.5087
-4.0604
6.32968
0.4053
-0.6763
-0.2033
-0.5595
3.1618
-1.6987
0.5956
-1.2439
0.7097
-1.3513
1.3092
0.884
-4.9501
-2.015
-1.51
2.0993
4.7346
-10.6318
-8.3205
2.7989
0.3757
-1.7989
-1.6956
5.7621
4.1358
8.0191
-1.274
-16.6586
0.1123
-0.9746
0.6968
1.7373
-1.3843
-1.3845
-2.8394
-0.5889
1.4378
0.2195
1.142
-0.5572
-1.17
-1.1212
3.7393
2.18
5.49
0.3866
0.1654
1.8906
-1.26
-0.516
0.6797
0.657
-4.28
-1.57
0.2115
0.214
0.6566
1.1932
-3.6746
1.268
1.055
1.4804
3.4308
5.1678
1.1402
-4.2133
-1.3823
0.59014
-5.152
0.128
-0.2201
1.6767
-0.57929
-2.6259
-2.7536
-0.3213
-0.1379
3.2162
0.378
-10.7072
-1.769
-1.932
2.15
-0.7221
0.9039
-6.8261
0.8732
-2.0403
-0.0254
0.4315
1.6278
3.8615
1.53655
-2.7647
-2.7324
0.3832
2.2152
4.3985
0.87
-1.39
2.64
0.28876
-0.0439
-12.4211
-6.0932
-1.0178
-3.3932
3.00429
0.5345
-1.071
0.366
0.5868
-0.8586
3.6008
5.0928
-3.164
-0.4523
-1.657
-3.8918
0.0498
0.9256
-1.8441
5.5864
-1.9581
6.1389
0.57
-6.026
5.60936
-1.227
-3.0445
-0.1701
-0.8521
-1.1254
-1.9591
1.6967
1.07
-2.0238
5.185
2.7937
NA
2.1788
-2.4645
-1.0268
6.14639
-1.201
-0.43668
0.12131
-0.1523
-1.0881
-4.5027
0.2319
0.4947
4.42279
-0.0135
1.60307
1.54
1.6341
-2.89
-2.61
-0.0349
-2.04
2.51031
-0.174
-10.01309
1.7536
-1.9488
-1.43467
1.5247
-2.02091
-1.75195
12.1
-2.22762
0.8652
2.37
2.264
0.03031
-3.3048
1.83518
0.36805
2.3678
-0.49491
2.2226
-4.86
0.73631
-1.1971
2.7107
5.8538
0.1258
-0.9691
-1.7789
-1.5472
0.8491
0.9322
-1.8672
-2.5966
2.1271
2.467
-1.2263
-1.3483
-4.1276
1.3154
4.3987
1.2282
-0.3124
5.7083
-1.3635
-0.7902
-1.8909
0.0648
-0.2218
0.2591
1.0632
-1.6749
1.7377
-0.4748
1.6469
-1.3095
0.64
1.5373
0.5632
4.3114
0.7475
1.6511
-2.111
2.1209
-1.4754
-0.0927
3.3244
0.1943
-1.7769
-1.9803
-4.6559
-0.2315
0.7616
-0.609
-6.028
-3.9581
-2.8279
-9.6339
2.6827
3.0054
2.1252
1.358
-4.2154
0.925
-0.73
1.5979
-1.0056
-2.047
-0.4284
4.0847
0.8817
-11.1775
0.3904
-2.0111
-1.6973
6.3412
4.5475
-4.697
-1.4248
8.5016
-5.1802
-0.32
0.3938
-0.6435
0.733
0.7151
-1.6632
3.9114
-0.897
2.269
1.5372
-1.6141
-1.39148
-10.054
1.7559
-0.11925
-1.29
NA
4.315
1.268
0.00921
-0.522
2.14
0.0353
-6.0514
-9.4486
0.5443
1.3398
1.9723
1.33573
1.3756
1.13
0.337
-6.8215
1.0393
3.48933
-3.265
-1.8932
-0.365
-2.3863
0.8866
2.0124
-0.7266
-0.0242
0.4365
0.0268
-1.8643
-3.028
0.64063
-0.7798
-2.7004
-2.2636
2.7335
-6.8666
12.126
0.3313
0.9436
1.505
3.24
1.708
-1.5263
0.3316
1.2668
-4.3402
-1.6491
-2.03
3.87351
0.8014
-1.5262
1.89
1.8621
-8.4011
3.14017
-1.1841
0.9971
-3.6155
1.4811
-3.183
-3.5162
0.0485
2.2143
-0.9015
3.0302
2.17989
0.1703
1.18551
8.2745
3.08
-2.2367
1.0957
3.3324
8.7946
0.1627
-3.98607
-0.494
3.5785
3.01903
2.7802
-1.8876
-1.2192
-3.8075
0.13599
-1.1
1.10996
-2.04222
3.04359
6.0119
1.539
-1.4384
-0.5977
-3.8377
0.8323
1.74709
0.8056
4.2428
-0.7735
1.0697
2.2081
0.4232
4.67564
1.6781
-0.988
-1.8007
1.8927
-2.5556
1.7043
-1.2184
5.357
-0.4465
2.7014
0.8317
0.3378
-0.6069
9.3022
-0.9774
2.5419
1.1194
4.9504
1.9896
3.1589
-0.68383
2.6251
NA
0.4119
3.0887
-5.3065
-2.5667
-7.1589
12.2341
1.3508
-0.9483
4.8233
2.3699
13.2857
-2.07
-1.68
3.3336
-2.77
13.8974
-0.5997
-0.5181
-0.6662
-3.9801
-3.949
-1.83
-3.2341
NA
2.8419
0.6236
0.8693
4.7897
2.2312
1.1863
5.5402
3.2568
-1.1402
0.2729
-1.4522
-1.5623
0.8245
0.9774
-13.31745
0.148
1.3281
1.0456
3.2334
0.8725
7.96261
-1.2857
-9.9193
2.4694
-0.07022
0.992
0.9626
-1.536
-4.097
-0.5095
0.6693
2.7622
1.9843
3.9234
NA
0.7424
-0.361
NA
3.9903
0.62711
9.6646
-1.93119
-1.02
0.2631
-1.5141
5.1964
-1.3771
-0.7686
-0.3272
-0.00341
2.22
1.8777
-2.37
0.1887
6.7936
3.1936
0.1121
0.5949
0.5581
1.453
-1.5293
-3.9836
-1.76462
-2.2589
3.698
1.5271
-0.5116
-6.9547
-2.1431
1.4572
0.3632
1.4052
0.7469
-2.8944
-0.221
-3.6027
5.0805
-0.845
-3.6325
4.0904
1.8688
2.6505
-0.115
-0.818
0.1889
-0.5924
3.51
1.8536
0.9607
0.0917
1.6127
0.15395
-2.7313
-0.0447
-2.1703
1.5902
1.6899
-4.6956
0.1147
1.2501
-0.567
3.2733
-0.9189
-13.2977
4.6341
-0.1733
2.3572
-1.3844
2.9062
17.4514
7.9092
-0.2222
-3.4166
3.48
1.2717
NA
-1.14426
-0.692
1.3349
-3.0651
1.7948
-0.8078
-3.30745
-0.5789
-2.42549
-2.1819
-16.82084
1.7934
-1.9285
3.7262
3.0372
0.6705
-2.7418
0.86164
2.8969
-0.76584
1.4407
-0.3254
3.11461
NA
-0.3283
0.24775
-2.3185
0.6121
0.5465
-0.9394
1.4394
0.045
0.8716
-1.5974
-0.8966
-1.6242
1.4052
2.061
1.7872
12.9906
-0.1706
-5.7182
-1.3034
1.9452
-2.8111
-4.54
6.6481
-0.682
-0.6489
-1.0636
0.4846
0.985
-0.19572
1.3425
NA
-4.41
0.1022
-0.747
-0.8917
NA
2.0013
2.4012
1.2209
0.515
-0.4877
-1.4843
0.327
-0.2354
-2.2125
1.4722
-0.34124
-4.1258
-0.288
2.4318
2.8464
-2.1106
1.22563
-1.0187
2.6505
-0.4857
1.4359
-4.2368
-0.8568
NA
0.895
2.6301
1.1618
0.124
1.6904
1.5768
NA
-3.135
0.3337
-0.764
-1.1473
2.888
-2.2305
-2.3889
-2.14253
-3.7149
0.3109
NA
1.2225
7.3167
-0.0634
-0.3218
1.88
-1.4065
0.5777
-1.05
1.5351
2.05567
-2.2482
0.912
4.6501
-1.4119
-10.06867
-4.2836
3.15299
NA
-3.7111
0.8743
1.0014
2.5601
-0.70602
-2.0909
0.8721
3.413
0.8597
-1.67
1.85627
0.6653
-4.192
4.4894
0.6503
-0.784
-0.8537
-2.2178
0.2227
3.4518
-0.4616
0.1216
-1.7033
-0.1676
2.2792
2.6484
1.895
-0.1583
1.75869
NA
NA
0.2617
NA
-0.3869
NA
NA
NA
NA
NA
NA
-0.4421
NA
NA
NA
NA
-0.8049
NA
-1.2437
-3.9
-0.3946
0.7137
2.9794
0.7144
7.6292
0.2433
0.4331
-0.3477
-0.6505
-0.8061
0.6262
-0.1631
1.7997
-8.45411
2.0078
-1.4588
0.1939
-0.2151
-14.41297
0.0673
NA
NA
0.9159
6.80884
2.7645
1.4238
-0.612
-4.2153
0.9804
0.0837
0.1648
-4.4767
-4.9969
2.9435
3.1025
-0.6977
1.1279
4.9498
5.0869
-0.33919
0.369
-1.05666
NA
3.0195
-5.6203
-1.1828
3.8568
1.35
-4.5792
-1.58025
-4.2506
0.8401
-0.339
0.4316
-1.2745
3.18484
-2.20261
-3.129
2.1992
2.2083
1.6224
-4.9504
-4.3409
-1.8662
-2.0474
-2.8252
1.5598
0.6373
0.1384
-2.9893
0.4627
0.4783
1.3706
-0.5152
-2.25778
-4.661
1.03681
1.1119
2.28548
-0.1821
NA
0.5476
0.977
1.99
5.84
-1.12642
0.8978
0.4291
-0.0322
NA
-2.4
0.0299
-1.7349
-2.024
0.5032
0.6544
0.58769
13.4511
-1.04
0.1087
2.00033
-2.2654
NA
-3.3151
-2.2064
-3.0285
-1.3145
1.0337
-2.9037
-1.71
0.7783
-0.715
-0.10929
-1.9951
0.6867
5.3148
-0.05343
-0.991
0.5423
-0.9632
-1.64096
2.9884
-2.73226
0.5381
-0.0734
0.2408
0.3941
2.3841
3.7156
1.0665
-5.2335
1.65
0.7783
2.7
0.5317
-0.92
2.1037
-1.1392
1.4617
0.0819
-0.2477
0.995
2.9505
-1.5536
1.91
2.0325
8.95181
-0.9786
0.7588
-0.8629
-0.5731
5.4094
-2.7738
-0.2465
-15.1
-0.0588
-1.78082
-0.824
2.7779
3.261
-0.672
9.3944
-0.2606
-1.0289
1.8504
0.1857
0.7658
13.5299
-0.06028
0.8381
1.0522
NA
-4.4901
1.11883
1.05235
-1.93478
-0.055
1.92
NA
5.0869
-0.8924
-2.0861
NA
NA
-1.1728
-4.5692
-4.9851
4.80572
-0.5955
-1.315
-0.2183
3.5508
-1.9181
-1.8935
NA
-1.4942
-3.38092
-0.952
-5.0116
-1.61
-4.5062
NA
0.1533
-2.6296
-1.3446
0.7092
2.0293
-0.8914
2.0031
NA
1.71118
1.5511
NA
-5.1241
-0.3313
4.2054
-2.3234
NA
2.2107
-1.4558
-1.7311
0.5054
-2.4047
-2.34716
NA
7.4704
-0.785
-1.5899
1.7947
-2.0427
2.14922
-4.71396
NA
-0.9012
1.9138
0.9661
-1.47
-1.56842
-0.588
0.1434
-0.11424
1.6934
0.886
-1.6151
0.273
2.5514
0.402
2.92734
0.017
NA
-0.907
1.5013
-0.362
1.0894
-1.3882
-0.0185
-0.3358
1.1175
-11.2639
-3.7872
-1.1375
-2.5542
-0.928
-0.1857
4.4581
4.6422
-3.035
5.561
1.9363
5.1794
-0.2693
-0.5187
-2.2247
-0.4309
8.5831
0.156
2.9626
-0.2799
-1.64
-0.03
-0.193
-0.492
0.9724
0.6804
0.2752
-1.8759
1.54
NA
-7.2667
-2.89022
-0.4454
NA
4.6208
1.8744
0.8931
0.6512
5.04878
0.03358
0.1205
NA
-1.5685
-1.6705
-1.6864
-3.87
0.243
0.27327
2.7845
2.97
-0.4951
0.283
1.96
-3.1559
1.015
1.2618
1.6028
0.7863
-0.678
NA
0.3926
1.6792
0.764
NA
-0.7246
2.86
-3.6791
-4.88
-0.0362
5.14
-0.22943
4.4646
12.5258
-4.3161
1.9779
-1.18073
5.1525
1.0914
-1.24006
NA
-0.7565
1.0807
-0.3539
-1.74
0.8729
-13.1338
-0.8069
-2.2472
2.8245
0.8698
0.8919
NA
-0.2451
-1.0876
-1.0946
1.5389
6.8
0.453
-3.3384
0.3061
1.4234
1.0031
1.1551
NA
0.5211
-1.4751
0.1006
3.1448
0.30769
0.70086
-6.8511
-2.0145
1.2143
-0.0445
0.5568
4.4544
-0.3819
-2.29516
1.87461
-16.7711
0.00993
14.2004
-2.45
-1.9699
-0.9505
-2.4847
-0.5621
5.64
-1.5672
-0.076
-0.8127
0.1533
0.3241
0.40787
-0.3192
-0.8788
0.0127
1.3954
-0.0542
-0.66
0.1631
1.96258
-2.38791
7.7129
-6.8179
-0.29059
-4.11141
-0.0557
-0.78819
NA
-7.9588
0.0903
-5.9985
-10.0088
-2.0751
0.5895
1.0999
0.7271
6.4847
-2.6608
-0.78023
1.613
-1.9452
-1.9746
-8e-04
0.7498
-3.0079
1.2528
-1.2548
-1.1846
0.7218
-1.8108
-2.759
-1.0266
2.2612
-1.3942
-7.5239
3.0275
-0.3735
0.4764
0.9151
5.4271
-0.6385
-0.5916
-0.6345
0.4329
0.613
-0.4593
-2.1425
0.1595
2.2564
-2.3557
0.5094
3.0083
-6.615
0.5655
1.8271
-0.363
-0.6414
1.3173
-1.7784
-2.0007
1.6711
0.0814
6.2273
-1.1986
0.7169
0.687
-2.1743
2.6815
0.8735
0.3201
-4.381
0.6091
1.0672
-3.3243
4.7066
-1.8458
-2.1849
-2.9718
-2.9599
-0.0306
0.4927
-1.8685
-1.1344
-0.624
3.6003
0.1241
1.1033
-1.2473
-0.96958
3.9519
2.2672
0.8363
0.1306
0.315
-0.9416
-3.3312
-0.4685
-0.4106
0.0911
-1.9527
3.0375
-0.8072
-6.4739
2.6822
-1.944
1.3649
-1.2379
-4.1216
0.1104
0.4918
-1.2955
1.2943
0.2036
-0.6126
1.2536
9.392
3.4468
-0.1771
0.7746
-0.1877
0.4262
-9.3135
1.3526
0.431
-2.3257
0.2338
4.9297
0.9323
6.668
-0.1927
1.28855
0.443
-2.5326
-3.745
0.2245
0.2206
1.558
0.5411
2.9696
2.1136
-3.9417
-2.533
8.6031
0.2354
-2.395
1.6166
0.4258
-3.41949
1.4109
-0.5016
-3.6204
13.9282
1.0921
0.5788
-3.045
-1.3305
1.2065
-0.6848
3.21605
5.8574
-2.5436
1.99
-0.0654
-3.9268
-1.2176
-1.6395
2.9523
-4.1021
3.3375
0.8751
-1.215
-1.2368
-2.2479
-1.1102
0.992
-1.074
0.4826
4.7036
6.1105
3.4506
1.2335
-0.2824
-1.5355
-2.9251
-1.9081
0.5211
1.5822
-0.6274
2.225
-0.6838
-1.1051
0.251
-1.256
-1.0714
-0.0769
1.5973
0.673
-1.9297
0.194
5.6713
1.2548
1.6191
4.5784
-1.9056
-0.139
-0.0322
4.0087
2.5709
1.5489
1.1932
0.3869
2.8085
-0.291
4.4211
3.8027
1.698
0.686
-1.1053
1.2445
-2.5724
-2.2566
-0.3719
-3.421
6.27127
-1.72
-3.1721
5.8888
12
-0.6457
-9.2371
2.31
-1.9386
-1.9315
-2.1799
3.6503
-0.0904
-1.0362
-5.0519
1.5595
3.89982
0.0125
9.1292
0.1197
-0.652
0.745
0.3397
3.5812
6.4716
4.5911
-5.9714
4.3226
2.243
1.1345
-0.6672
1.1425
0.723
-3.2604
-0.0632
-1.727
2.9481
-1.6619
-0.0632
4.9504
0.175
-0.0257
11.119
0.66
NA
2.6935
NA
0.291
-3.5058
-0.146
-0.814
5.1107
-2.5832
1.709
-2.753
2.15514
-4.7748
-2.877
-5.1957
-3.0393
3.1333
0.000942
0.8862
-0.0162
-1.1131
0.6534
-6.0557
-1.731
2.689
-0.3376
2.045
-1.9324
-1.2666
-3.4124
-0.713
-1.8395
0.9552
-0.5138
1.9445
2.2645
0.4881
1.9744
0.2634
-0.1826
0.9444
-2.7529
1.5023
0.3072
-0.7469
-1.2131
-2.7801
-0.6736
2.4597
0.3685
1.5598
0.3112
-1.1318
1.0729
-2.4012
0.9547
0.4743
-3.8014
-0.1498
-1.6484
1.5037
-0.4487
-2.0419
8.1744
4.3544
1.1213
-3.6679
1.95021
-4.1921
0.26925
-2.1686
-1.2058
-1.3689
-1.6701
-2.5112
0.6105
1.5722
-0.6649
-4.011
-0.6467
-9.8172
-2.3811
-1.5355
0.41186
-0.5144
-0.1618
-1.9017
4.3114
-0.0456
0.715
-1.3905
1.5015
-8.3576
0.1151
-6.1741
-0.2722
-0.2803
0.5223
-1.8601
-3.1248
-0.4983
0.745
6.4625
-1.5618
0.86511
NA
-0.9379
-0.8575
1.3839
-0.3534
NA
1.2125
0.1058
NA
-0.2345
-0.1787
-0.4677
0.1887
0.605
-0.4337
0.4865
-2.01716
-1.2237
3.1097
-3.67777
1.1298
2.35709
0.12114
-0.0522
2.5209
-2.755
2.8492
-1.6037
0.1239
1.0523
-0.828
4.86
0.1366
0.0567
-0.0561
1.3146
0.729
1.4588
-0.0375
1.8189
-1.4119
-0.2995
-0.5523
-0.787
-0.6143
-0.9221
-8.49446
1.4931
-5.7607
-2.7056
4.0278
0.5501
-1.1195
-1.43
1.0276
3.7897
-2.8234
-0.3024
-1.0469
1.7552
-1.0573
NA
-1.303
-0.68076
-0.5774
1.4202
-0.4961
-0.7571
-1.4448
7.484
1.1446
0.773
-0.8342
-4.1037
-1.449
0.8568
3.6118
-0.172
-2.7267
1.2726
5.079
3.5756
0.3269
0.0296
-0.7671
2.40735
1.777
-4.6137
2.0793
12.5076
-0.2463
3.00737
0.8293
-0.3129
0.0776
2.1084
-0.5996
0.6297
-0.2279
-1.032
-1.8738
-4.104
0.3621
-0.5096
-0.11049
-0.116
-1.5847
1.2343
0.6165
-1.6447
2.37
2.97
-3.5269
-0.6725
-0.8209
2.5765
-1.4811
1.6417
2.9451
4.5665
-2.8069
-0.5575
-0.8803
3.5974
3.4033
0.6626
3.3633
5.14
-0.0397
NA
1.9441
-0.4562
-1.224
0.0132
-2.0269
-1.8962
-0.289
-3.47
1.4755
-0.3253
-1.35425
0.9582
-1.5277
-2.0885
2.6158
-1.3557
0.164
-0.5879
0.172
NA
0.1533
4.6218
1.4479
-1.59398
-0.593
-1.0995
1.928
0.866
0.744
