-0.1165
-2.7923
1.5728
-2.42596
0.06059
2.1998
0.174
-1.7581
3.1678
-0.9142
-3.87307
1.8632
1.9598
1.6251
-3.97
5.3004
-3.9444
2.4846
-2.0691
2.8841
1.70949
0.5526
-0.76
0.3654
1.72985
0.7763
-1.81996
0.8703
-1.0716
16.1429
0.1658
-1.0688
2.53
-1.33
-3.3127
7.79368
-0.1513
-1.7546
2.721
1.0055
-3.2466
2.09687
-1.1954
-10.9609
0.1123
-0.61004
-4.6667
-1.9039
0.4739
-0.4461
0.049
0.286
0.51931
-0.0921
-0.7283
-0.3401
-0.7729
-0.8962
1.4096
2.23
1.0004
0.9899
2.21243
NA
0.224
-2.1823
NA
0.2801
-1.58
-0.6746
1.772
-3.5796
-0.408
0.055
-2.0157
1.3906
2.9359
-2.1019
1.6276
1.3094
-3.53
2.4449
3.5497
-0.3411
1.5479
6.56954
5.1884
-1.2004
0.4024
-0.09832
0.7591
-0.3052
-2.1422
0.3059
0.5546
2.1909
-4.1775
-1.3374
3.4423
1.0049
-1.2805
-0.494
-2.2667
6.5494
1.4611
-5.236
2.2074
0.2688
-6.7046
1.2985
4.8597
-0.1323
1.39
-0.25202
-0.8552
-3.1034
-1.19
-9.8046
3.8263
2.3322
-6.0773
-3.12
-1.4167
-0.809
3.6868
-1.8288
-0.5572
-10.9071
0.3081
0.11783
-1.0958
-1.96
-1.3737
4.72125
4.1382
-1.7507
7.3755
3.8123
1.98979
NA
-1.3305
-6.3528
1.4696
1.6573
0.14138
-0.264
-1.0228
1.7
-1.4891
-2.83585
-0.28
-9.1051
-1.8139
-0.09
-0.7473
0.00264
-0.2431
-1.8694
-4.4409
0.82021
0.9551
0.9868
0.984
-2.8733
-1.2142
-2.23385
0.6799
-3.5649
1.18
-0.6791
1.6981
2.2243
-0.0383
-0.6276
-0.8645
-3.0938
4.36
-3.8071
-0.5683
1.2802
0.28495
1.0305
0.1614
-3.8486
-5.73
-2.1212
-5.8802
1.0697
0.5906
0.3746
1.7479
-0.9376
0.54052
-1.0273
-2.0842
NA
-0.332
-0.34015
-3.3323
-1.3957
2.3982
-0.8499
-1.1012
-1.1981
0.9261
0.8831
1.57121
1.12539
-0.4752
1.9191
0.0596
-14.08165
-0.665
-0.5955
2.4712
0.5343
-1.1327
-0.27193
-0.5098
-0.029
-2.6297
-2.96143
-0.247
9.32285
-1.0402
-2.6245
-4.2234
-1.8373
-2.6053
2.7713
2.564
0.2708
6.8662
-1.2965
-1.24526
-0.7295
1.3652
-0.2938
5.69
-1.05784
-3.97
1.08596
9.4023
-0.74886
1.8992
2.3617
0.4717
-3.5214
-2.48
-2.7787
-0.90412
-5.06689
0.2319
-0.771
-0.18589
2.1515
3.1919
-2.1288
-3.7634
4.2887
1.9173
-0.1224
-4.9289
4.5518
1.7104
2.0528
-3.5078
-0.8549
5.29833
-0.52865
-1.58063
1.1
NA
-1.04246
5.47
0.48974
4.3215
5.9107
0.743
-0.000543
-3.7047
-1.5313
3.8618
-8.8659
0.78
-0.704
-1.2419
-1.0243
-0.5351
-0.6365
0.9402
-0.3862
0.0494
-0.4544
-0.6226
1.0684
0.5186
-2.93
-0.9928
-0.0258
-0.9655
-0.5776
-0.5727
-6.2371
0.0288
1.7512
-7.657
5.1273
3.347
1.2292
-0.9438
-6.8798
-1.8837
1.1751
-1.224
-0.312
2.0469
1.0221
-5.1729
1.2768
5.0265
-0.0855
0.2992
-1.3617
4.2916
0.969
-1.8559
0.3606
-1.6796
-1.4456
-0.0316
4.67
3.3467
-2.399
-2.3723
-0.581
-2.2138
-2.0526
-2.0569
4.23
-3.5413
-2.1182
1.2866
-20.61
-1.3918
-0.2508
-3.1909
1.442
-2.475
0.4785
-1.0775
-1.0907
-0.101
1.1098
-3.0734
0.7195
-2.2865
1.8283
1.826
3.9671
1.9193
0.1788
1.1264
-1.9555
-0.1305
-0.213
-0.496
-0.491
-2.81
1.72
-2.59
-0.215
-4.45
1.56
1.96
-1.3
-2.88
-0.426
1.11
3.21
-1.6
1.38
0.791
-0.0077
-5.61
2.32
-2.07
-1.08
-5.67
-0.601
0.185
-0.0672
0.0222
-1.33
-6.35
-0.64
2.41
-2.07
1.74
4.97
-2.8236
-0.8541
-0.6519
7.6356
2.2162
1.4762
1.2862
1.656
0.5456
3.1755
3.9465
4.5649
0.5542
-1.97
1.6
1.9468
3.9001
0.1432
-1.9719
2.5794
8.2278
2.4591
-1.3933
1.0259
2.0204
-1.6434
3.7875
-0.1229
2.1233
4.9473
0.3355
-2.4228
1.6536
0.9087
6.8706
-0.3948
-4.8629
-1.1883
-3.2466
-4.6505
-2.7569
0.6401
0.1043
-0.11986
-1.85942
-1.39093
2.1029
1.1423
-4.11712
2.1754
2.8841
-2.1718
7.29571
8.2032
1.7322
0.5217
-2.012
-1.2331
1.2331
1.35281
0.23016
1.81461
2.50836
-0.6944
-0.50001
-0.42937
-0.701
-1.63206
0.18236
-0.03276
-1.52597
-0.6575
7.48665
0.56382
1.77646
1.21524
-3.21583
2.24235
-3.70262
-4.0379
-2.5464
2.6984
-1.9136
-8.3659
-4.4273
0.6287
-0.4056
-0.7158
2.8613
-1.7151
2.2062
-0.165
-0.468
2.9493
-0.5556
1.3459
-0.2705
-9.2191
-3.0542
1.4322
-0.0799
-4.0263
5.0834
1.60654
0.43234
-1.65103
-1.97653
-0.5148
1.56654
-0.7334
-1.5059
0.30857
-1.6552
-0.6241
-2.7907
-2.3075
-2.0731
-1.4214
0.816
-7.7256
-1.6578
1.9612
1.488
-1.2398
-3.8938
-1.9442
-1.27641
-4.49723
2.27377
-0.7375
-1.2548
-11.0701
-3.20991
0.16637
5.7218
-1.3276
0.4938
-2.06112
4.79034
1.3011
1.34313
1.4145
-1.232
0.78181
-1.7546
0.41713
-6.26188
2.8691
-0.7841
-0.5843
1.1037
-2.1445
1.8501
-0.97
3.7801
1.0339
-0.4962
2.9762
0.7926
NA
-0.1712
-33.4441
0.4506
-0.3199
4.0007
2.3369
-2.1354
-0.518
NA
1.0525
2.5357
-0.6695
3.0115
2.3562
3.4955
0.6403
-1.9
-1.9787
0.2556
-0.7325
0.4399
5.5495
1.6512
-1.1217
0.3101
1.5103
2.5907
0.2889
-0.2509
-0.8943
-0.841
-7.0007
-1.3968
-1.5016
-0.0305
-0.5413
-0.3698
0.2325
5.633
0.4323
2.698
0.24184
0.28726
-3.14005
0.438
-1.25821
0.0824
8.13369
5.02916
1.5191
0.5573
-2.5945
-0.0827
0.7396
-0.8988
4.41033
4.83484
0.60126
-11.49631
5.5254
1.9723
0.60212
0.67641
0.57688
1.14603
-0.632
2.35539
-0.6785
2.7289
3.29053
-0.25885
0.5346
-0.8494
3.1203
-0.598
-1.2214
-2.1708
1.7472
-1.123
1.7137
3.2649
4.9587
0.5196
-0.6443
-0.4024
1.1056
0.5632
-1.5946
5.417
-1.0075
-0.8016
1.0418
3.196
0.9005
2.2367
-0.1206
-5.8448
3.0414
-1.1576
3.0312
-0.5774
-1.7745
-2.9818
-1.8319
-9.8046
-1.9453
0.2431
0.9305
0.0289
0.4874
-0.5916
-2.516
-14.7524
-3.6911
7.9991
5.1043
1.49974
0.8245
0.17947
-2.57852
0.2135
-4.38
-3.26234
2.88102
-2.52733
-5.6227
0.86395
-1.966
0.8636
-0.2115
-3.1681
1.203
-3.6843
2.3869
-3.83421
-3.6724
-0.23424
-3.4243
-0.99931
0.2123
-3.2583
1.467
1.0906
1.5359
-1.1039
-1.3714
-0.1801
0.5232
2.2692
-6.76498
-0.1428
1.0737
-0.118
4.31
0.536
-0.0489
-0.89905
-2.1061
4.086
1.1673
-1.0114
6.7914
-4.6125
1.46
-0.6516
-14.3182
0.271
-0.0956
8.1644
0.878
1.22042
0.5696
-1.0063
1.5875
1.51804
1.9076
-0.8633
3.6435
-0.42946
-3.95419
-1.12951
-2.92382
0.92417
-2.67168
2.30681
-0.43623
2.57503
-0.78367
1.28966
2.75797
0.87177
2.6498
3.04
-1.65
-1.92227
-1.48045
-0.9325
2.2476
-0.3623
2.19125
6.0784
1.2154
-0.783
-1.5528
0.5074
-0.8629
-3.4457
-0.1603
-0.5532
-1.9691
NA
NA
NA
-5.1149
NA
-2.9633
NA
5.2705
1.8909
1.7087
-1.6757
-3.0423
-0.4787
-0.2643
-3.07
-0.252
5.26057
-1.8889
2.4245
-0.9496
0.4742
2.3801
1.4905
-2.0463
-1.9043
-1.1913
2.4446
2.55575
-4.5494
-1.1642
-3.7792
1.2283
-0.4998
0.9247
1.3486
1.1539
0.6047
-0.0569
2.4413
-4.33
-1.32
-0.4554
-0.9718
2.581
4.8283
5.0563
-0.154
-1.0436
8.4073
-1.0998
1.3839
-0.8552
-9.9798
-1.34397
1.0398
0.9208
3.33476
3.12337
5.93694
-1.04651
1.25331
0.3824
0.2543
-1.2585
0.9835
-0.4323
-6.48
-7.29
-0.1444
-1.1433
-1.7777
1.03
-1.56
-2.15926
4.06008
-3.63843
3.6665
-0.46264
-0.83311
-1.0542
-2.2373
-1.0665
1.5698
-0.8161
2.13064
-1.5063
-0.334
0.29421
-1.6454
-0.3924
-0.2748
-2.2122
1.7574
-1.7574
3.4448
0.5458
3.0538
0.9379
0.0854
0.4993
-2.5216
-0.5474
-0.5932
-0.0852
1.0127
1.8444
-9.2239
-0.0712
-1.7507
0.0687
-3.4426
4.2244
-1.1392
1.0663
0.4397
-1.6438
-1.7837
1.35721
8.72046
0.5267
2.0525
-1.3849
1.41373
0.6587
1.284
-0.68108
-5.7
-0.7636
1.7339
-1.2406
-0.313
-0.4497
-0.7251
-0.8947
0.6807
2.1693
-3.8904
-4.23
-1.19
3.2153
-0.8994
2.1559
-4.4375
-10.335
1.2779
-1.4479
-1.22396
0.2633
2.0493
-0.213
-1.83152
3.42794
-1.53844
-2.6824
-1.1454
-1.51
-0.4702
-1.6351
1.7076
1.6587
-0.0737
-1.528
-3.5769
1.2772
2.51
-1.3017
5.4994
-1.02
-1.64
-4.88
-3.558
-1.1528
1.3191
0.4477
-0.6084
1.4339
1.19811
-1.1969
0.9445
5.6873
0.5033
1.9006
0.7193
0.2414
-1.0303
-4.222
2.3945
-3.5632
1.1258
-1.361
0.5872
0.6657
-0.5974
-2.6524
2.49604
-0.75067
-1.54561
1.76329
-0.7931
0.5918
-1.3795
-0.6855
-0.305
0.8484
2.0037
2.6148
0.8781
0.4793
-0.43
2.44
0.398
1.02
0.584
-2.42448
-0.25339
-1.46166
-3.27404
0.04413
-1.2689
0.7432
-1.3218
0.2767
-2.6203
-0.32996
-2.083
0.3392
0.73339
-1.06
-3.73
1.28
-1.3116
-0.2496
-0.634
0.27306
-0.09864
0.30746
8.1266
-1.63287
1.41791
0.3569
-0.698
2.91
-3.79
-0.9543
1.50762
0.86761
0.30515
0.70994
1.05182
0.8077
0.7713
0.232
-2.6821
-0.11942
-0.45988
0.43
-0.6121
1.99919
1.0047
4.7546
0.13908
-2.58011
-1.9424
-0.78205
1.64271
-0.88456
-12.83424
1.6109
-1.2689
0.5338
5.6194
1.2052
3.77471
0.36427
-4.44388
-0.579
1.683
-3.1087
NA
NA
NA
-0.5246
1.8153
2.0618
-1.0834
0.4857
0.2475
-1.40489
0.4287
-2.5619
-0.5707
1.7058
0.0104
1.7243
1.8344
-0.4805
-2.7322
-2.1055
-4.0748
-0.878
-0.1784
-1.855
-8.84339
-9.93246
0.7169
6.94326
-1.63537
-1.78011
-0.9893
-0.70565
-0.03742
-0.04975
0.6225
1.0743
-1.0108
0.18805
4.763
-0.8668
0.4142
-0.52462
7.9047
-1.6471
-3.9464
1.7014
0.89808
-1.0865
1.82423
0.88135
-0.4729
1.72248
-0.7484
2.74857
-3.3144
-3.5649
-1.6034
1.18243
-0.30141
-1.0436
-0.83698
1.81175
3.4005
-1.1074
1.92
-0.77983
2.0377
-3.26656
1.40399
-0.74318
-2.23
-16.2
-0.9958
1.5326
2.3983
0.77
-7.7482
1.5207
4.4431
-1.2185
2.7136
-0.3359
-9.0089
-2.3164
-0.427
4.7094
4.7991
0.4586
-0.398
4.13
-1.37
-0.126
-1.31
2.26
2.92
1.29
-1.5999
3.86
-4.71
2.5217
-3.4255
0.2721
1.8117
-3.1069
4.6785
-4.5868
-0.2213
3.0359
4.5296
3.0057
2.6219
1.68
4.9841
3.3515
-3.1321
4.2366
-6.1645
-0.7314
0.9132
3.1606
4.3403
0.6322
-2.4899
0.672
7.1
9.3687
-0.5242
-2.5975
5.6541
3.2705
-1.0878
-0.0217
0.4867
2.0298
1.4604
-7.6087
0.2788
1.1136
-2.8711
0.7737
-2.3448
3.0929
0.5799
-0.0764
-2.0682
1.3943
-0.9663
-0.2599
-2.486
-2.6089
6.9389
-1.2049
8.6457
4.1744
-8.1457
-1.2807
1.971
1.8131
1.3877
-2.7669
-1.321
1.2237
-0.6655
1.186
-1.64023
0.2909
-2.27651
-1.30958
-1.2737
-1.74232
-2.44508
0.45774
2.13406
0.25503
-0.8326
3.09025
0.28374
2.58212
-0.13531
0.2629
-0.73928
-0.6045
-1.66725
-5.2637
1.34777
-1.2783
0.53433
1.1921
0.6842
0.5393
2.0452
-2.0156
-0.9926
0.6672
0.3397
-1.5733
0.1424
-0.9765
2.404
0.70155
2.91621
0.60117
3.86083
-3.0692
1.6785
3.6031
-2.6074
3.0371
-3.8401
4.001
-1.9181
-0.0634
1.6525
-0.7862
-1.1946
NA
-0.2408
-0.7652
-3.114
-0.2958
-1.3074
NA
-0.3192
-1.1634
1.1402
-0.5696
-1.3998
2.0818
0.1777
0.9036
0.81474
1.2326
-0.74394
-4.12334
-0.87337
1.94878
-4.58941
4.22206
-6.65803
-2.0532
0.68282
-0.9265
-0.5985
8.8039
-0.2766
2.2921
-1.9909
3.523
-2.85524
3.2952
-2.7145
0.98518
-1.83065
5.98989
-1.6447
-3.00627
-1.33774
-1.3317
5.5333
-2.13244
-0.67002
-0.0102
1.3849
3.39258
-0.6112
-1.3267
-1.7043
1.4083
-1.3845
-0.9507
10.426
3.1949
0.6575
5.9036
-8.3076
1.7979
-7.9721
-0.5327
-3.844
-6.5714
-1.56
0.0577
1.24
0.18314
-0.1857
-0.6805
-1.17774
-0.88542
2.9771
-2.05841
-0.9868
1.9817
1.37932
-0.23455
2.73724
1.70288
1.3216
0.82986
-2.0379
-3.3323
-1.15
1.20074
0.168
-0.63705
1.3931
-0.5749
-1.3151
-1.5681
2.7901
4.95081
-0.1304
0.8123
7.1047
1.7074
9.5468
0.4888
-0.2036
1.9094
3.6316
-2.02
-1.1038
-0.9989
-2.05914
-1.1139
1.29853
1.5501
1.2403
-1.5174
0.6284
-1.2636
0.1382
0.1499
-0.0634
1.64112
1.1916
-0.367
-6.37
1.2912
2.4333
-2.3226
6.59
-1.34
1.2614
-0.383
-2.0259
0.1109
2.5322
-1.2986
2.8284
0.9399
-0.05859
-0.51709
-0.3885
-0.0817
3.6792
2.2631
0.7921
0.8912
1.3482
2.2189
-1.7876
-1.2803
1.52149
-5.3
-1.6801
-1.25898
-2.6825
-1.63
9.83303
-6.6359
0.4464
-0.27264
1.5582
-0.63425
-6.8261
2.1048
2.5669
-4.5814
0.2392
4.529
-4.1797
2.1165
2.1178
-1.3366
-2.7785
-2.3212
-0.0052
-5.9032
-1.21055
2.26
2.19
0.3409
-3.66
2.6
-0.6957
2.4789
1.7064
1.7665
1.0427
0.09178
4.1963
0.9449
3.26609
-2.4436
-1.53182
12.2448
-0.575
0.7319
-5.50659
-0.4155
0.11
-1.6815
-0.4305
-3.5058
3.3499
-4.8603
9.7438
0.9668
0.9954
1.1839
0.1883
1.511
0.8773
0.2924
-2.4261
4.7951
0.656
2.72
0.14705
-3.13619
-1.97602
0.9202
-1.8673
-0.2042
-0.6833
-0.2261
0.9557
-2.2144
2.5776
0.9976
-0.1133
-0.5604
-0.908
3.5699
5.0492
-1.3292
-1.4046
2.8368
5.178
-2.3924
1.5351
-5.05266
2.3834
-1.59158
5.9659
-1.5349
6.2639
-0.4026
-14.43366
-0.0118
-0.2528
-2.118
-1.0436
1.4311
-0.2219
0.7512
-0.3172
4.604
0.7102
-0.0445
0.9017
-0.8709
-0.9976
4.6765
NA
1.5728
4.3149
-6.52
1.63
-2.23
-1.6
0.778
0.0727
2.9071
-0.7136
-1.0421
-0.0403
4.3822
1.4484
1.5092
2.1094
0.4471
0.5887
2.7876
0.4257
1.9519
1.3788
1.0118
1.3954
3.5073
-1.96302
0.7763
2.5866
7.37816
0.06199
2.08275
-1.37728
2.1862
-3.32106
1.63881
9.0016
-1.21887
-0.4973
-0.00239
0.343
-0.9562
-6.9774
0.5639
-1.2945
9.0409
5.2715
-3.3774
0.8652
-1.6258
-1.5543
0.72444
2.824
1.2795
-0.1781
-0.9974
-0.5484
0.6326
-1.0568
0.225
1.9298
-5.6634
-1.72856
0.92534
3.1836
-5.5612
-1.5381
-1.44824
2.0115
2.0943
-0.3304
-0.1284
-2.0134
-1.3903
-6.1138
2.75923
0.7447
-0.8182
-0.5524
-0.48091
-1.38535
-3.0778
-1.9451
-1.371
0.5542
-3.9222
-2.0836
0.9322
-0.1809
1.4656
-1.0085
-1.33579
2.1532
4.9342
-1.3308
2.4308
-0.58183
-0.00591
-1.2655
0.2506
1.3595
0.8991
-0.52402
-2.29842
9.3179
-1.7004
-3.9861
1.6317
-4.76217
-2.4564
-4.2322
-1.2056
0.49172
-1.4388
-1.1404
0.85032
-2.76572
-0.7257
4.4162
-1.3457
-1.7473
-1.0239
-1.3169
-2.0866
1.6
2.0518
1.3307
-1.04
-0.69114
-3.5917
-0.7923
2.42625
4.69368
9.5841
2.791
0.57377
1.84023
-2.4465
3.3015
-6.5308
-0.07383
-2.4859
2.7826
2.8056
-1.936
-4.89983
-3.2259
-0.13919
-0.956
2.2114
2.6402
-0.5433
2.58
-0.484
-7.2317
-14.3953
-1.1155
-0.563
-0.618
-6.97972
2.91
2.19
2.1303
0.8111
-0.1102
0.964
-1.0801
1.8024
-1.5961
-4.2154
0.7089
1.5145
0.667
-2.047
14.2004
3.6786
-0.43
-0.8881
-10.3524
-4.7416
4.1551
2.8184
-1.99
1.064
3.7389
0.00197
1.0986
-0.0128
-2.616
-0.574
-1.2491
-1.6351
2.4125
-8.2774
-1.2191
4.0635
4.9626
2.1509
-1.2459
11.5744
-7.3491
-3.5786
-2.464
0.5934
2.9245
-2.6491
-1.6042
-4.2549
0.8659
0.9856
1.1039
4.3581
-1.4505
2.8944
0.8101
2.223
2.9206
-1.8259
1.9124
1.3089
1.5438
3.127
-1.0501
0.629
0.998
1.48
-0.0222
-2.0153
-2.4521
-1.0119
0.4552
-0.8195
-4.8403
0.30751
2.4925
3.2757
0.48362
8.5459
-1.5
0.296
-2.601
-4.3026
0.0928
-0.4828
-3.7689
-1.3735
-4.1383
-0.15933
-4.1961
-8.8339
-11.1202
-3.3454
-1.2108
-0.1357
3.96
1.5414
0.1993
0.54823
-0.7956
0.33887
0.128
-0.6126
2.6555
11.57
-2.67
-2.41
0.0492
-5.0596
1.7492
-1.4707
0.0112
0.7141
0.8527
-7.7626
0.65293
0.2632
1.0898
-0.258
-2.4157
-3.2367
-1.45642
-2.0474
-0.7611
-0.1807
2.8185
2.8185
1.08938
-0.48943
-2.4047
0.1401
-1.7366
-0.77756
-1.4622
-1.24693
-1.82
0.94279
-4.7154
0.4284
3.0815
0.7632
-1.6088
-0.3445
-1.55444
0.2669
0.0713
-2.7004
-1.28863
3.0103
1.4647
3.8409
1.84284
1.5573
9.6208
0.37399
-1.04641
2.5272
0.0475
0.0181
0.7081
0.0126
0.9498
0.6212
0.9958
0.7888
2.28229
0.6722
2.9661
-1.2122
4.2234
0.0791
-1.8037
-0.389
0.081
1.89869
-8.3023
0.9957
0.263
-1.0971
0.2855
-3.6698
0.31085
-1.871
1.29227
0.3479
0.3904
2.7135
-3.3048
2.6041
-1.272
1.3828
2.0629
-0.5022
2.2409
-2.4729
-0.8637
8.8149
1.5242
2.513
-0.0357
-5.2558
0.2657
1.464
2.23
-0.7178
0.12734
-1.09922
8.6527
2.5976
1.40814
-0.515
1.9181
0.7865
1.65
1.77081
-2.3533
-9.6621
-0.4688
13.4001
1.1312
5.3333
-0.2827
-6.846
3.0036
1.07137
1.3043
3.06539
2.2233
3.087
1.7897
-0.4943
4.0752
0.1413
0.1411
0.62514
0.22822
-0.01197
-8.5591
1.5848
-1.3615
-1.5714
-10.7858
-0.8994
1.7536
2.107
-0.7112
2.124
-0.0802
0.5233
-1.1889
-1.0406
0.5909
-0.3638
1.307
1.2348
3.4025
-2.1302
2.03315
1.5581
1.3932
-1.1768
-0.1379
0.7929
1.6665
1.0192
-4.12
0.23103
-0.8948
0.79618
1.4268
1.74583
-11.9242
-1.4036
-0.827
-0.2052
-2.245
0.1053
0.2296
-0.2659
1.0285
-0.5793
3.5362
-8.36333
4.1584
-0.4894
2.2163
2.02
-0.0406
2.06744
-1.4753
4.3182
-1.7955
-3.0692
0.9579
1.1815
1.8891
-2.2261
-5.1514
-0.71695
1.2218
-1.1439
2.45
0.589
-0.5736
-2.5453
-3.0507
4.76912
0.2953
-9.7861
-0.2707
1.20568
-1.4697
1.0635
1.5914
-1.3799
-0.4981
2.1937
1.0458
0.42704
-5
1.06217
-1.2066
4.0648
-0.0877
1.3565
3.3266
-13.7
-3.4775
-0.5631
1.977
-3.3565
0.7271
5.0075
4.9812
-0.292
5.99
-2.54345
-1.2213
-0.70925
1.1373
-0.7138
4.0042
-1.5661
-1.0038
2.1772
-0.427
NA
4.6199
-6.2295
0.2913
4.0564
-2.25309
0.1407
-6.92943
-2.61313
3.372
-0.85
-4.00596
2.79
-3.7935
-2.2154
-0.277
2.4969
-2.7494
-5.8392
1.2613
-0.3795
4.9115
1.31218
-3.1495
8.3914
0.5213
1.46705
1.0957
-3.377
1.5795
0.8293
-22.2731
-1.62845
1.178
3.3944
-0.5494
3.2682
-1.1994
0.80378
-0.9832
0.4449
3.5381
2.31925
-22.4658
3.34
0.0173
1.9858
-0.8616
3.1173
1.88746
-0.497
1.3361
-1.897
2.1495
5.9851
2.1225
-0.8138
0.4484
0.4593
NA
-1.82083
-1.6863
19.7053
8.58192
0.993
-5.1544
-0.4504
-2.4694
0.35617
-1.5592
-1.5902
3.037
1.7729
-1.0904
-3.2536
0.72
-0.563
-0.6712
-1.176
1.6249
-0.386
-0.46705
-13.5271
-1.51
1.50006
-0.505
-0.3799
2.3038
7.489
-2.9834
-0.1641
0.5291
-1.8848
-1.6781
8.5831
0.4554
1.2849
-1.57552
1.2862
-0.1951
-1.35
-1.3528
-2.0924
-0.0758
-0.82882
-0.286
1.9843
-0.5949
-8.102
NA
-12.8785
0.52186
-1.4185
NA
-0.5153
2.4163
9.4017
0.6035
0.44766
-0.3068
0.3707
1.5932
9.399
2.4521
1.1815
-0.6206
2.3086
1.9812
5.141
-0.8757
-1.2033
-0.473
-2.8758
NA
-1.0407
0.00514
-0.7401
-0.2587
0.38706
0.6065
-0.0967
-1.1175
2.3127
1.5265
11.7516
10.8591
-1.98
-3.2548
0.677
-5.3558
NA
4.1873
0.86924
0.6937
0.4569
0.9091
-1.9337
-1.0765
0.1161
0.992
3.6796
-0.71349
-1.54329
-0.29079
0.1279
3.698
-1.6559
5.1203
3.5976
-3.1933
1.22
0.4881
4.0794
7.0904
0.07378
1.391
1.7091
-1.8366
0.0458
0.7469
2.354
-3.1844
1.3295
0.9149
0.8059
-0.000432
8.1402
-1.49389
-3.32
1.0637
0.0358
-0.2049
0.9298
0.5048
-4.191
10.2902
3.3929
3.1082
-2.5248
-7.5609
3.7955
1.6542
3.5699
-1.0336
-1.71585
0.648
-1.1644
4.04807
0.116
2.05
-0.023
1.8777
0.0466
-0.6112
-0.52901
6.1424
0.6775
-0.4672
16.2727
-1.2652
-6.3818
-2.30749
4.8724
-0.1398
0.91096
3.25488
-4.73
1.014
-4.9735
0.57639
-0.3874
3.60929
0.549
-4.6283
2.86022
-0.2305
-0.6566
12.5076
0.33263
1.8039
-1.0191
-1.4281
-1.6962
2.0861
0.7339
5.3686
-2.2889
1.63382
2.4407
3.1591
0.6124
-3.0166
-3.204
-2.0402
-2.5828
-0.4877
-3.4166
0.12515
-0.2794
1.9255
-1.0001
1.0621
0.5216
0.3605
NA
-0.0792
0.9163
-3.6285
-0.8412
2.35795
-0.9703
-0.6296
1.1813
-1.0024
1.5776
-1.6714
NA
-2.81323
2.6802
0.3674
1.6223
-17.8732
-0.744
-2.0744
-0.9666
-0.00485
4.66
0.629
2.6149
-3.3803
-0.8039
-1.1025
2.3209
-3.0444
0.4262
0.111
1.7189
-0.6941
-1.0555
-3.1509
2.6241
8.07544
-0.68899
NA
0.8199
-0.5211
0.474
2.23636
-2.0532
1.9946
-2.36752
0.9893
0.5949
1.2384
0.0149
2.6897
-1.6027
1.0515
-2.2594
-1.43036
0.7543
0.8716
-0.51096
1.4052
2.6309
-2.0787
2.1281
4.4499
-0.1075
1.677
-1.4
-1.01811
2.2892
12.1988
-0.05661
3.65212
-5.7504
0.4282
-2.20663
-0.59313
1.8361
0.5255
2.4675
-1.3376
-5.0844
1.44365
0.1979
0.38075
-0.6165
0.18288
-2.6708
0.2186
-5.0365
5.5753
8.6152
-3.7792
-4.03145
-1.9103
0.16643
-1.5768
-1.0079
-8.3389
0.87455
0.2285
1.8816
-1.77434
0.2608
3.8744
-0.7244
1.7938
-4.0679
2.9931
NA
-2.92313
-7.4451
3.2449
-0.67347
1.0305
3.3924
-1.48951
-2.3207
-0.8749
1.47911
1.3712
-0.64031
NA
-1.80074
0.9812
0.507
-1.5552
-1.9763
1.0307
-0.6784
2.4929
2.5054
-4.33803
0.1837
-8.63
1.66324
2.27836
-0.1047
-1.7598
0.869
2.8464
4.82
-4.8992
-0.1235
0.92605
2.00319
0.08451
NA
-2.1394
1.0407
-3.6284
-0.64041
-0.2359
-1.20407
-2.47744
1.7898
2.79748
-3.9327
-3.46
-2.04481
1.7031
1.383
-0.2017
NA
0.3965
-0.2019
-0.4164
0.9534
3.4341
0.768
0.966
-0.453
-0.7142
-3.5323
-0.478
1.81
-3.72
0.2266
-2.2442
-1.19892
1.6956
-11.4756
0.26511
-0.3365
-2.3382
0.9402
13.9718
1.2471
-2.2936
-2.3795
1.0358
0.6468
1.44
-1.9491
-2.23405
4.5243
0.4377
3.5479
0.76719
-2.8258
0.9893
2.0963
-2.90106
-0.6209
-0.7104
-1.7875
-1.8927
-0.94869
1.0586
3.9148
-0.30471
0.7278
0.6869
0.5897
-0.77449
-4.0504
3.60373
-5.54001
4.8917
0.7253
2.2073
0.37648
-2.6175
-2.004
-1.5885
-1.9504
1.79278
-5.047
2.6885
-2.3701
0.7005
0.2983
-2.5409
1.112
2.6123
-0.6792
-0.0211
NA
4.94725
-0.7819
2.4597
-0.2968
0.76935
6.15704
-0.2745
-3.2762
0.89463
0.5355
0.0147
0.5506
-1.3957
0.5768
-0.10647
-0.2212
-4.5611
-1.6062
1.1301
0.404
0.92507
-1.5239
-5.0175
-2.8209
0.92985
0.2761
1.3336
1.5777
-0.4874
1.721
-0.1948
-0.3041
4.45845
0.08827
0.276
-0.3868
-0.0737
0.2039
1.1844
-2.278
-2.261
-0.7807
-0.02612
-2.7885
-1.791
2.0787
-2.6154
0.1216
-2.271
6.435
-0.8728
0.2094
-1.2814
1.12754
0.044
0.93651
2.1584
1.5313
1.4931
-0.77288
-0.77603
NA
NA
NA
NA
NA
NA
NA
2.6195
NA
NA
NA
NA
NA
NA
1.4874
NA
NA
NA
4.316
NA
NA
NA
NA
-2.4913
NA
1.1965
-2.67302
NA
NA
NA
NA
NA
-0.4904
-0.1127
-3.8626
-1.827
0.8368
-10.67399
1.5919
-2.4014
-5.90208
0.8014
3.16005
-0.11898
2.8468
0.6196
0.00567
2.33
-2.9282
0.243
1.29
-0.76099
1.0731
-1.3324
1.39
0.8481
-3.8198
-0.51829
-8.4073
-0.39882
3.3155
3.9822
2.2021
0.22492
-0.62643
-1.5042
0.0897
-1.24
-1.66549
-0.0949
-1.61
-0.5115
-3.5838
0.3878
-0.399
NA
NA
1.3461
NA
3.4108
-1.984
1.3016
2.805
-1.53
-4.1849
-2.3474
0.3112
0.6958
1.9587
1.896
0.4177
-0.8157
-0.2643
-0.32825
-1.315
0.2262
5.6282
-0.6144
0.0214
0.005
1.2533
3.0558
1.27755
0.15649
-0.54377
2.3104
-2.8476
1.7565
2.718
2.15075
0.5528
-1.1073
3.8596
-2.9452
0.9825
6.34862
-0.1698
-0.65731
0.562
-0.6832
NA
3.0195
1.5005
NA
-4.184
0.59858
-3.12358
-3.1496
1.2789
-0.9277
-2.2006
0.6578
-5.1735
1.0223
-4.3363
1.1968
-1.14683
1.0257
-0.7998
2.9102
0.3103
2.1367
2.63102
-1.2331
-1.9263
1.2479
-5.88389
0.5986
5.603
-5.0038
-4.66962
-4.51419
3.6265
-3.1872
3.9568
-1.00901
-1.7925
0.35321
3.3651
-1.9825
-2.1059
NA
NA
2.7004
0.12329
-0.54897
-2.43
-1.9576
1.3706
2.4097
-2.3965
0.4485
-0.3789
-1.9337
-1.63283
1.8023
0.724
1.6527
-3.7589
-1.5979
1.2515
1.5667
4.1313
-2.8525
1.1834
0.2492
NA
0.6392
2.0869
-1.8082
5.8397
-2.264
-2.12
0.1836
3.7232
-5.82483
1.1933
0.917
2.02102
-0.06394
-2.9041
NA
-2.8092
-2.2739
-0.0644
-1.1809
NA
1.214
-4.26325
-1.85934
0.3994
0.6442
-7.1724
-0.8158
-1.4983
4.44468
2.79
2.1459
-0.6384
3.29
0.0519
-2.2
-3.2546
NA
-1.0149
-4.526
1.8296
2.15
0.3121
-3.3023
3.8096
-1.8946
0.1188
0.8324
1.6988
2.7591
0.2575
0.6578
-14.7033
1.69
0.2715
-0.70295
-0.03054
-0.50068
0.3727
-1.23
0.6918
0.9078
NA
-0.00868
-0.3825
5.0065
-2.60884
NA
-2.6143
0.5423
0.1931
4.36809
-1.24007
-1.6044
2.4122
NA
0.8727
-2.9658
-1.911
-0.6242
-0.3328
1.468
2.7737
0.9563
-0.6031
0.66787
-1.9472
2.29967
1.2969
0.5747
1.8664
-0.4662
-2.15914
2.9727
-0.8706
-0.12073
2.45465
-0.31305
-0.37622
1.0656
-0.1297
0.26996
2.96266
2.6848
1.0263
0.604
-1.82444
-3.31324
-1.49798
0.2188
2.2422
NA
3.3223
-1.9894
1.4965
-1.33463
0.2909
-2.82131
-0.016
-1.75174
1.4855
2.3
0.4947
-0.599
2.38011
-1.2657
3.44101
NA
-2.4425
-1.4982
-1.76502
-2.4474
-2.0472
-0.2831
0.51775
1.3187
-0.2752
-0.45192
3.6067
-0.0809
2.3899
0.6589
8.47138
0.0498
8.0885
-1.4429
-3.1599
-1.09567
0.1036
4.3847
5.06
2.1276
NA
-3.5201
2.32983
0.1782
13.6337
-1.01747
-2.44798
0.00752
NA
0.15489
-3.12
3.05909
0.44421
3.9636
2.61476
-2.7604
0.3535
-0.33633
0.1034
0.6164
-1.13
-2.331
-1.0225
-0.54261
1.2375
NA
0.80796
-0.1623
-0.2521
-1.9714
0.43937
-0.615
5.1007
-0.0277
-1.95242
-2.0251
-0.96251
NA
-1.6416
0.873
-7.65
-1.85924
0.2666
-2.1497
-1.1728
-6.2371
2.00507
-0.7276
4.55715
-1.4916
1.06462
1.08
0.7487
4.2556
1.8129
-0.6826
0.4172
0.39848
-0.9757
-3.1039
-0.6911
1.58
2.8352
2.1647
-1.7117
-0.23466
0.51539
NA
0.2862
1.6372
-0.59
-0.07434
1.40109
NA
0.3072
1.49164
-4.6513
-1.04508
-2.2333
-1.77037
-4.5062
2.9171
0.34201
2.0034
4.1762
0.171
3.375
1.5209
-0.0273
NA
NA
2.9823
0.1533
0.4378
1.7299
-0.6778
0.0019
-3.02016
0.1668
1.6724
NA
0.1389
1.59008
-0.6441
0.25687
1.11214
5.0929
-0.6508
-2.19547
0.0744
-3.2607
1.3673
9.0543
5.0145
0.72889
NA
-1.5746
-3.029
0.15993
0.1607
1.4219
NA
-3.1032
0.5109
-1.06477
2.6914
-0.16527
0.1533
-1.4217
0.742
NA
-3.75333
-2.0959
1.33074
-2.4857
0.8816
-0.7144
-1.2892
2.0935
NA
-1.3765
4.0507
NA
0.618
1.10124
-4.5905
-0.46924
-1.8612
-0.692
0.6578
0.2033
-0.02469
-1.56299
0.8248
-4.3849
-0.3002
-3.3634
1.7947
-0.9551
-3.7861
NA
3.1678
-4.9177
NA
-1.5301
0.045
-1.4818
-1.7538
-0.7414
0.6724
-2.1201
-1.3193
-0.603
0.9249
0.444
-0.088
NA
-1.31704
0.2225
NA
1.8629
-2.67125
3.7363
0.5151
25.0366
-0.41368
-0.06743
-0.4591
-0.136
3.7194
-0.0506
1.29202
2.65931
0.3842
-0.76213
-1.80805
-1.5243
-1.48
5.1199
NA
1.4192
-1.3149
0.48012
-0.351
-0.6985
0.0538
1.5352
-14.9111
-4.5524
-0.1094
0.7021
14.7073
-0.2135
-2.6052
-3.05888
-0.78036
-0.2428
0.03883
-1.4568
-4.0688
-0.34436
2.4109
0.36891
-1.7041
3.6416
0.7993
-5.5873
3.18569
0.54196
4.2646
0.54849
-0.4504
0.6312
0.904
-1.38788
-0.299
2.7654
0.2434
-0.39317
10.6791
1.9474
3.1832
-2.54819
-1.3359
0.95307
14.8766
0.3392
1.1559
0.02263
-3.024
-7.6042
-0.06806
-0.6489
-1.4069
0.86874
-0.4083
1.9334
3.6549
-0.19963
-3.23812
-1.0319
2.36911
-1.88
NA
1.6927
-1.69176
0.94376
-1.3195
0.6791
2.6317
4.9007
0.381
2.3788
-1.012
16.4954
NA
-5.06
-1.21903
1.57855
-7.0203
-1.0218
-0.112
NA
-0.9751
8.4068
-0.6335
-1.8476
-1.8971
-1.1049
0.7132
1.2584
-0.3394
0.6257
0.4729
NA
2.81047
1.9218
-0.928
-7.308
1.4472
-0.2004
0.1077
-5.589
0.2393
-0.6425
-3.8626
0.3428
-4.61934
-1.4592
2.9768
0.5909
0.1424
0.95901
1.85412
-3.44491
0.24698
-0.9759
-2.6512
0.85506
-1.48239
-2.6357
-0.0198
11.465
2.1149
-3.0082
1.163
1.9261
1.9223
-1.48342
-2.91
3.63
-0.1367
0.33507
-1.53
-0.01365
0.7753
0.704
-0.76945
1.8204
-0.6042
2.36648
-1.65471
NA
1.2861
2.4065
1.57663
NA
-2.96026
0.6812
0.5322
NA
0.10766
-2.9985
-0.2509
2.52679
-0.0223
0.72657
1.5273
1.3248
2.40459
2.1326
2.6109
-8.8494
2.9102
2.2127
-0.38563
-3.8945
-0.252
1.0914
NA
-0.9872
0.667
0.53647
2.9211
-0.3539
1.8793
-0.58535
-3.814
-0.8575
0.5795
-2.2472
2.0666
1.7048
-0.6665
10.6
0.29292
-2.0236
0.687
0.908
-1.8005
NA
NA
1.99745
-3.1119
-1.4462
1.8924
6.07821
1.33338
-6.1615
0.8585
-0.1173
0.5252
1.37
2.46655
-1.7721
0.9184
1.36436
1.9832
-2.68531
NA
-2.06063
-0.9951
0.5699
-1.1946
-0.0535
1.3437
2.1352
-0.06821
0.6494
-0.73492
1.1152
NA
-1.44285
3.6891
0.77
-4.2805
-0.6169
2.2004
-2.2183
-7.56
-0.923
-16.835
1.2978
-14.3182
1.7732
-2.24706
-1.9863
-0.1429
-4.9811
0.3403
1.34318
-1.8155
-0.691
-0.5621
-0.66364
-1.0358
-0.126
-2.4694
4.3807
1.7361
-0.5211
-1.3706
-0.4367
0.3442
0.1533
4.52565
-2.0937
0.96182
0.1077
-2.7226
0.081
-2.7575
-1.60842
1.83
0.1533
-2.6
-3.0249
-0.66
NA
0.3405
0.8062
-2.2512
2.2393
-2.0751
0.1734
NA
3.4468
-1.0403
0.1441
0.79026
0.0806
7.2915
1.8476
0.56874
-0.5552
-1.20434
-0.7339
-3.80292
-0.5258
-0.1045
1.86198
-0.36209
-0.3686
NA
-2.01737
-0.7638
0.6949
-7.9588
-5.8065
-1.077
0.84622
-0.9931
-1.8156
-3.27866
6.61062
1.5655
-5.3966
-2.0031
5.0676
-0.5383
-4.85769
-0.05773
-6.5958
0.4143
-1.9765
-3.01
0.7105
-0.1599
-1.5219
-1.71836
2.12
1.40683
1.0894
0.4628
-1.72183
0.3576
-2.759
-3.88769
-0.5519
1.59315
1.0041
-0.026
-0.487
1.6407
1.25649
1.40721
-0.3727
-1.60489
0.9667
5.463
NA
0.3257
0.2417
-0.53873
0.8946
-3.0388
2.3886
1.796
4.1779
-0.6595
1.4318
-5.4852
-1.459
-1.8424
-1.6254
0.6557
-0.18308
-0.40682
0.3913
1.2809
1.3498
-0.6441
-1.1538
1.185
-1.6387
3.38732
-0.0171
-7.02122
1.5291
2.83478
-0.23202
0.1038
-0.942
0.8653
0.4865
-2.3911
-2.1304
0.3328
-2.0341
1.13881
-0.6356
-2.0191
1.4256
-0.6617
6.2273
-1.1728
-2.9492
-1.1051
1.1432
10.4506
-0.9873
-4.7333
-1.4954
4.4627
-1.07
2.1944
0.80017
-1.53171
-1.3561
0.58999
-5.8229
0.4651
-0.5712
-2.5283
-0.3746
0.6167
NA
-2.01522
-0.0407
0.0082
0.3317
-1.39581
-1.737
-1.45634
-1.3108
5.2461
3.7986
-0.191
-0.11051
1.867
-0.5751
0.9766
-1.3374
0.1108
1.1554
-0.8411
-0.6595
4.0539
0.778
-0.5916
1.89935
0.02514
0.7861
-0.8849
1.2495
0.99502
1.2975
-0.74309
1.0173
-3.2831
-1.25535
-0.0994
3.8198
-1.5662
-0.3201
-0.8332
1.4497
0.33047
-2.1436
1.6668
-1.0173
-4.4283
-0.6376
1.0214
-0.4942
-0.9144
1.3735
-0.012
-1.0336
2.6177
-3.0083
0.5441
1.3504
-2.8348
2.0575
1.2498
1.6852
-0.067
1.3844
-3.1025
-2.9799
0.128
2.6822
0.2876
1.987
1.6659
-6.7556
5.4836
0.21719
-0.7019
1.1164
-0.0013
0.2036
5.37413
1.24168
-1.51387
-0.7183
-1.9776
-0.4394
0.4471
4.4495
0.5406
0.7909
9.9709
5.4018
1.4021
-1.9046
1.0332
-0.5455
-0.7327
-1.4423
-1.4286
-3.2808
-4.1413
2.4195
-0.331
2.94
1.8313
-3.1433
-0.7595
-0.0304
-0.1507
2.2014
0.2291
-2.0035
0.9323
1.7197
-0.343
-3.5098
-1.09013
0.0626
1.8395
-0.1338
-6.9802
-1.0141
-4.0179
0.1346
0.6498
2.9518
-3.04
-0.9468
3.887
6.2029
2.16918
-0.69003
-0.0921
-13.58909
2.31344
-0.2925
4.16992
NA
-0.729
6.1043
-2.27446
-0.0694
0.8373
-0.76084
1.21425
0.09156
2.01499
1.107
0.0448
-5.7419
5.2503
-1.7416
-2.6783
-1.4412
-1.231
-1.0197
0.8431
1.32
-1.64623
1.7
0.35
-0.2693
-4.0801
2.44128
-3.18297
-3.5378
2.6138
-2.9202
-4.2791
-0.28335
-1.71208
0.02312
0.9444
1.2644
-0.76965
-0.86384
-5.3225
9.0847
4.65631
1.1618
2.6616
1.86341
2.1087
2.29626
2.21
1.203
-0.1623
-1.273
0.7108
-3.9379
-0.3503
-0.9976
-0.9562
0.3711
0.6092
-0.8375
6.9183
0.8677
3.0916
0.8897
-0.3737
1.36
3.1707
-2.5112
2.5583
-1.5126
-2.1233
-3.6615
-0.1667
-4.2654
2.2151
-0.7025
-0.9184
-5.4013
-2.2565
-3.8991
2.2707
4.8995
-1.4828
0.1139
-0.2601
3.7191
0.9735
-0.8758
0.3396
2.7414
0.2817
-0.7393
-2.4272
-0.9523
-0.3872
1.7605
3.3213
-0.8845
0.5709
0.4095
-1.9179
4.8581
-4.7186
-0.102
-0.116
-4.35
2.4056
-2.1187
0.2033
-0.75967
0.976
-0.3532
0.3713
-0.545
-1.94
-1.87349
-3.43
1.849
-1.57
-7.5114
2.5507
0.9161
2.43
0.127
1.29
2.8486
2.53756
-3.6
-1.4723
-0.81653
6.6318
-7.7997
-1.6422
0.826
1.1356
-4.77
0.6144
2.9779
-2.22
-0.16187
0.2981
-0.374
2.15
3.61
-1.486
-1.13
2.8414
0.9037
0.665
4.6453
2.8184
1.2405
1.1645
-1.8
-0.579
1.5051
5.0713
3.51
0.9558
-0.238
1.25
1.07
0.5
-5.10257
1.2445
-1.75
0.2622
1.3267
-6.8216
0.5603
-2.3537
-0.372
-0.0926
1.98
-3.1
-0.9186
-0.6868
-4.3849
-1.51166
1.4092
1.8613
-1.41
1.5121
-0.46
-0.537
6.07892
11.19232
-16.6542
NA
-1.72
-8.61
2.3071
-0.5746
1.81
-1.61
2
4.45684
-2.27
4.0373
NA
-0.535
1.5308
3.29535
2.18
2.5835
0.667
-1.0348
1.1622
-3.14
0.877
-1.6508
-0.7081
0.4341
-1.5717
2.0458
-3.1159
-1.0347
3.5812
2.1198
1.2799
-9.9904
5.28
1.72
4.2775
0.284
4.3706
2.6251
-2.1
-1.49
5.71
-1.3094
3.7933
0.4567
-3.2604
-1.93
0.9038
-0.499
-1.66
-0.54152
-0.0632
-0.5354
1.6507
-3.6612
NA
1.6507
1.8374
-2.6047
11.1185
0.9437
-0.4877
1.1148
-2.4048
-1.9619
1.6507
NA
-0.3961
1.17502
2.436
2.7603
-0.2362
-0.1645
-0.3584
0.03419
2.9344
-1.2169
-1.2768
0.4462
1.8173
1.2914
1.246
-0.9437
-2.9276
-2.7736
4.0606
1.8909
1.1023
-2.7528
-0.0904
5.7698
1.2247
2.0582
-3.6
-1.6886
-1.6765
-1.3021
2.3425
0.5691
-1.5519
-0.7289
-3.0903
1.9004
3.2794
-4.2071
-0.8739
-4.6644
4.5647
-1.2604
-0.419
2.3964
-1.3403
-2.669
0.41965
-0.3272
-0.0063
0.7351
-1.2414
0.6733
-1.3201
0.8473
2.0943
-0.2172
1.7522
1.1637
-0.3348
-0.6843
-2.6221
-1.7021
1.3749
0.1355
1.6273
-1.75
-2.542
0.6466
-0.0235
1.1957
-2.6798
3.9327
2.6947
1.5144
4.15
11.5026
1.5732
6.079
-0.5669
0.4546
2.7465
1.5299
-0.9878
2.4979
1.4711
1.6928
-3.3196
-1.081
0.54252
-2.81
-0.9693
8.4823
-10.4463
-0.7263
-0.1586
0.4167
3.1341
0.5919
-4.73
-1.9231
3.376
1.4182
3.3421
3.9001
6.00857
-1.0361
-3.2466
0.4338
-4.20916
-4.1921
0.5109
-2.6436
-2.175
2.5078
-1.491
-1.543
-0.3815
-4.7658
3.0857
0.3416
-0.5845
-2.5112
-2.03
1.5905
0.557
-0.4542
-0.4389
-0.952
0.6987
-0.4519
-1.7902
-9.4592
0.3034
0.93157
3.14742
-0.4945
3.3978
-1.7463
-0.35042
NA
1.7358
-1.6188
-4.41286
-3.2571
-0.5573
-11.332
0.3707
-2.175
2.13515
4.0053
-2.0344
-0.86296
0.3516
1.0065
-1.37402
-0.6621
-5.01
3.242
4.5327
-1.0254
0.4597
-1.71053
-0.79049
-1.4448
2.7441
-0.46716
-0.67764
0.95066
NA
-0.4318
-3.8745
-0.3296
0.7758
0.2784
-0.0466
-1.2159
0.231
-3.2615
1.84708
0.9446
0.0668
-2.13534
0.4177
0.6025
NA
-1.2366
6.476
2.1041
-2.45
2.1547
2.3388
-0.3963
-4.6389
3.2118
-0.1158
-1.5248
-1.9656
2.5799
0.6123
NA
NA
0.7499
-0.4827
-1.3487
-2.5782
-1.7749
1.2468
1.37
-2.9933
-0.8575
1.6751
2.38339
9.25218
0.17365
-4.32308
-0.9358
-1.9858
1.9258
NA
1.2125
NA
-0.1124
NA
-0.4129
-3.5953
-0.4976
-0.236
-1.19825
-4.42158
-0.2218
-1.4197
1.5445
1.20091
0.9516
3.4014
-0.2762
0.2455
-1.6091
1.2304
5.44629
0.0989
-0.0215
-1.59036
-0.7447
3.1422
-2.5879
-5.12725
0.5812
-0.8261
-2.15365
NA
3.8363
0.5337
-0.1405
1.0003
0.8581
5.6282
1.5971
-0.7568
1.09027
-0.71128
2.3277
-4.50112
1.232
-0.6038
-2.0745
0.3219
-0.752
0.3782
0.8435
0.79494
2.4395
3.5146
0.5804
-1.66551
-0.34574
6.0899
4.91704
0.8642
0.0229
1.90506
0.90953
0.2642
-3.5631
-0.56007
2.8557
0.6648
0.3399
5.2895
1.23737
-0.0961
4.90051
NA
-1.03439
-0.3318
0.7494
-0.55133
-1.1992
-1.986
-0.0859
-3.1289
-2.9428
2.24314
1.3476
2.4419
-0.4594
-1.43
6.1432
-1.4682
1.0779
-1.6175
1.0276
5.76616
-1.22202
0.083
3.7897
-2.8234
-1.5597
1.67
-1.1992
-1.4928
NA
-1.5222
7.9601
-0.6734
1.826
-0.3482
-3.3332
1.6191
-1.20542
-2.0628
-7.588
-1.1213
5.1427
-0.0255
-2.28
-8e-04
2.4425
-0.64273
5.351
1.68224
-1.6975
-2.4565
0.64755
-0.8897
-1.1374
1.9423
0.4972
-1.05051
-5.7838
0.0303
-0.7778
-0.497
-3.0481
5.0641
-2.1326
-9.6383
1.13
-6.4127
-1.19281
3.4166
-1.6397
0.51565
6.9131
-0.4742
0.9238
0.06002
2.31
-0.2282
0.6065
1.18
1.92
7.2433
2.789
-1.9379
9.9333
-1.40726
0.5357
-0.8221
NA
NA
-2.3608
-0.4862
-0.292
1.05228
0.5537
0.245
2.1084
-0.7484
5.08
1.45768
-7.7949
4.4895
2.39
0.6936
-0.9334
-1.90217
4.5245
-0.2283
-0.049
-1.8402
0.53927
-5.3775
1.1477
-1.94
-1.5331
-0.61245
-0.6077
0.8339
-0.9611
-1.08426
-0.0957
0.47436
1.6847
2.3663
-3.5749
1.0297
2.626
-1.9555
-0.1434
-0.7757
-0.146
-3.08946
-1.2918
-0.8191
1.80054
1.1701
1.0981
1.0089
-0.6514
-2.3882
6.7174
1.14562
-0.0644
1.5571
-1.36507
-0.39046
-3.0623
1.65459
1.12114
1.1399
-0.1204
1.0126
-2.36
-2.7975
0.562
5.0175
2.1738
7.07
-0.5669
4.4848
-0.619
2.0105
0.6417
-0.8596
0.5416
-1.90958
-0.1788
0.6454
8.6748
-0.212
2.8012
2.0832
3.3726
-0.9131
0.7896
-0.4579
0.621
0.5961
4.81
-0.2815
-0.5361
0.9192
0.0065
0.8808
2
-1.0594
1.4069
-0.9665
0.2988
4.9504
1.2716
-0.0795
-1.19446
-1.3358
-2.9621
4.9335
-1.6882
NA
NA
-7.9721
0.829
-0.6759
-0.4412
2.4871
3.364
-1.1893
3.8562
2.81
0.61458
-0.289
-2.10418
1.2423
-0.54713
-1.3286
-1.5648
-3.2581
-0.18465
1.99
-9.59
-5.7381
-1.99712
-6.1597
1.1679
0.1533
-1.0111
3.7465
-0.7308
0.1533
-1.96592
-1.9445
1.363
-3.95081
-2.9623
-2.4539
-4.2597
-2.5526
-1.11354
3.9384
-1.5221
-1.3267
-4.7507
-2.0447
2.8891
-0.6947
-0.1863
-0.3343
0.8828
-1.9235
0.186
1.1694
1.15648
