-0.5136
-0.994
-1.7171
-7.59719
-0.37772
-1.46575
-0.76
1.9971
1.3111
-1.0716
16.6602
-0.2383
-0.9335
-4.49466
2.059
1.9643
-3.2466
-1.9019
1.0903
-1.7616
-1.9208
-0.0921
0.94713
2.0898
-1.069
NA
-0.3072
4.3482
-0.5821
1.4936
2.9409
0.5766
-0.8284
-1.829
1.6619
2.9359
1.737
1.9166
0.85345
-3.0181
0.3145
0.8775
-2.629
-1.1499
2.408
3.4377
3.21796
-2.0251
1.9859
-2.2667
6.4568
-4.029
3.073
3.67807
-0.5781
0.39
-0.2718
-2.6901
-0.54347
1.4238
-9.9235
2.20954
1.14987
9.1949
-10.9538
4.35085
-2.21026
4.98043
1.69
-4.4745
-1.4627
2.098
-0.727
-5.5915
0.5919
-2.8851
-0.7345
-2.5544
-3.4003
-0.3811
-0.1807
0.7166
1.0326
-1.0762
-2.579
-0.14728
-5.09145
-4.0068
0.3557
-0.5126
1.46065
-0.50573
1.0512
-0.48763
-1.3324
0.8775
-0.924
-3.0542
-2.8575
-0.382
-1.1656
-0.5897
4.47567
-2.8896
0.496
2.7594
2.8376
-0.2129
3.3576
14.2004
-1.4528
9.3093
-0.6778
-0.88898
4.2317
3.9883
-4.225
-1.0189
-4.3188
-0.9773
-0.1952
4.53711
0.45187
-3.9444
-0.6659
-1.20976
1.0352
0.1003
-1.10718
1.009
-1.32
-1.2282
3.1051
-0.8776
-0.5044
-0.991
0.3457
5.53018
1.76496
2.0511
-3.2234
3.1969
3.02
-1.14048
0.6079
-0.53207
-0.3862
1.19724
1.4185
0.5674
3.5827
4.2476
-1.96144
0.50081
-0.5931
-5.7356
0.21311
-0.01305
0.083
5.96864
4.30418
1.76432
2.61534
1.714
0.72047
-0.0855
-1.545
0.95
-1.073
-0.642
-1.028
0.927
3.564
0.113
-1.303
4.4849
-0.5338
1.1253
2.3066
0.3284
0.8242
0.6577
0.666
0.4789
0.8805
-2.5578
1.32
1.239
-2.75
-3.93479
2.6119
-3.9699
-1.3047
-3.14511
-0.94872
1.7468
-1.1659
-1.09031
1.95635
-5.4298
-6.40433
1.48843
0.40821
-0.2077
2.3857
5.0348
-5.8969
-0.8419
0.9537
-2.5878
-1.138
2.4008
1.6163
0.0673
-4.393
-0.1488
4.4906
0.1309
1.9324
2.3236
2.0084
-0.0165
1.18022
-1.84386
2.1184
-0.00321
1.0259
-4.52187
-3.01768
1.30327
-3.17681
0.4494
-1.1254
2.548
-0.5196
2.5387
0.8787
2.1754
2.0418
10.4547
-0.316
-1.2562
-1.6775
-0.6944
0.8213
0.94
0.8619
0.63783
1.4204
-1.1934
0.9202
-0.7362
-1.6982
1.2652
6.0404
-0.52701
4.12595
-1.98234
0.16739
-0.5915
0.11472
-2.7302
1.95259
-0.4945
5.2973
-2.2473
-1.3103
1.4879
2.3421
-0.5386
-0.6142
2.4719
0.606
0.5532
-3.1948
-1.4527
-5.7858
-4.9683
-2.5744
0.7994
1.1382
-0.8637
-2.6511
1.4385
-1.3281
-1.5867
-2.4528
-1.0809
-1.2548
-1.9278
0.9028
-1.2878
0.4323
-0.3802
1.0656
0.153
-2.2485
0.6203
2.0493
3.4896
-1.7805
1.757
-2.3399
NA
-0.0875
-1.0343
0.7247
NA
-0.338
-2.176
6.672
-0.435
-1.72601
0.09334
-0.26391
-1.21574
3.0338
-3.9707
12.4691
0.2852
0.1755
0.9323
2.1972
-2.9521
-0.5784
-3.1221
5.7665
0.5093
3.0546
-3.0464
3.1203
3.23981
3.8171
-0.3303
-0.4866
-5.4965
-3.0853
1.5178
-0.043
-0.9771
3.237
1.457
0.9697
1.1158
-0.506
0.734
-0.5533
2.4389
0.7401
3.592
2.4877
-0.8657
-2.6621
-1.3337
1.9188
2.00192
-1.8433
0.4632
-11.5349
3.6532
8.0092
1.27594
0.32441
-1.9616
0.48277
-0.964
1.459
-3.514
-0.2225
-0.3065
-3.2733
-4.8399
0.2735
-2.71086
2.15
-0.3757
0.7031
-3.4194
-0.6107
3.9345
1.0202
4.30487
2.2236
-0.4885
-1.5495
-6.02457
0.15365
3.77678
-14.3182
0.9793
1.2107
-1.2576
0.1869
1.4108
-0.3803
0.4174
2.6429
2.6886
-0.3256
-2.7063
-0.4753
1.8018
0.5326
-2.8764
2.4574
-8.5221
7.0265
-1.2907
1.914
-0.0625
-3.4793
1.61221
NA
-5.0704
NA
NA
1.7207
-2.6756
-4.1566
-3.3346
4.6425
-0.6294
-0.93474
4.183
2.7959
2.8924
1.2463
2.071
1.9555
0.5003
0.716
1.3486
6.1495
3.776
-1.2799
-3.2466
5.093
-0.3911
-2.348
-1.72134
-2.6151
4.25668
1.39625
1.0347
-1.0117
2.4304
-1.2247
5.7504
2.8798
-2.30107
-0.8017
-1.9673
-5.8484
-0.4866
2.3941
-5.7616
-1.39343
2.3417
-3.3691
-1.08478
-0.83463
1.32139
-1.05188
-0.2123
0.7298
-3.3166
-1.7156
0.13929
0.0653
-4.52574
-0.55
0.327
0.428
-0.43
-2.4246
0.1279
-0.55224
-1.86107
0.33
1.4823
0.82266
0.5267
1.8983
2.2051
-1.3849
-1.6375
-2.773
-5.7252
1.7258
-0.9769
-3.29401
1.7535
-0.769
-3.9631
0.2422
3.125
1.44108
-10.12224
-2.6681
-0.3902
-1.273
0.5697
1.7048
2.3048
-2.4219
4.057
1.4617
-0.8482
-2.4856
-1.5307
-0.6285
-1.2017
-0.8708
0.911
-1.5662
0.79847
-1.6068
-0.3391
-0.426
1.4985
1.407
0.68
-2.644
0.4469
0.362
1.8675
-0.302
-1.6997
0.6683
-0.8682
4.825
-1.6857
1.8583
-1.481
0.6424
2.4513
-0.5188
0.1755
-1.2967
2.1331
2.2209
5.8212
-2.9721
-0.4767
-1.4288
-0.1592
-1.0847
7.8122
-1.6922
5.2298
0.469
-0.3234
-1.3682
-0.2882
-1.1075
-0.70763
-0.82336
0.7159
-1.0248
-0.0349
-1.6929
-4.05517
0.0522
1.7482
1.32233
0.5283
-0.2356
-0.25799
1.50155
NA
1.9079
1.4659
0.0316
-1.9715
2.0734
1.7696
2.0319
2.593
-0.1094
3.6235
-2.9598
-5.346
0.2009
7.0789
-0.9288
0.6061
0.3671
4.7024
4.4186
-0.0382
6.4877
-4.5611
-0.2028
1.2956
-0.4754
1.3893
0.757
-9.0433
-2.475
0.9284
-0.9144
-1.1373
3.1828
1.0848
1.5081
-1.2235
-1.4647
-0.2176
-9.0126
-0.088
-4.8787
-1.279
-0.698
-1.666
-2.357
-3.6374
1.0157
-8.8107
-5.5304
-1.0336
-0.4311
-0.039
-1.3089
-1.76566
-1.663
2.1436
0.2611
4.7427
-4.25664
-1.82835
3.036
4.051
6.095
2.7294
4.59785
-3.14927
-1.02719
4.39658
0.6271
3.05816
3.2223
2.846
0.8321
-1.658
-2.519
-2.04751
0.2711
-1.2526
-2.2771
-0.1076
-3.1039
-2.7947
-0.7912
0.2737
-0.5473
-5.6295
0.5937
-3.1948
4.7385
-0.9058
-7.038
3.5289
0.4904
1.2805
0.5115
1.2237
-1.1874
-2.3925
-0.8577
0.2312
-2.6555
-0.0761
-0.4273
5.7529
0.817
2.89518
-0.00155
-3.49711
-0.7194
1.94402
0.2147
-1.8592
0.83435
3.35302
-0.7132
-0.0381
3.3022
1.573
-3.523
-1.175
-1.653
1.88
NA
1.608
NA
0.3548
-1.7658
2.1767
-4.895
-1.6797
2.7799
1.1342
-14.1789
-2.8096
-1.1023
-8.3205
-1.8996
8.0332
0.6555
3.7953
0.2834
2.1477
-1.33064
-1.79144
3.94952
5.85085
-1.26611
-0.3074
21.4083
5.5333
0.2379
-4.7084
-0.0501
-0.8303
-1.1474
-1.2359
1.1106
1.0444
2.334
-1.3845
0.1508
-0.9185
-9.9263
-17.3982
-10.2239
1.458
-1.3117
-6.34797
-0.6408
-0.6256
1.3037
1.76
2.5468
-0.8522
-0.4879
0.708
-1.4153
-1.3019
3.1183
-1.6082
0.7624
-1.5146
2.8324
1.2483
-0.5008
-0.3226
5.6171
-0.1304
0.993
-3.03247
-3.6223
-2.175
-1.17818
-2.827
-2.5696
-2.2576
-2.3529
1.7342
1.0303
-5.7591
1.3152
1.0771
-1.0137
-1.4388
-3.2022
-1.627
-0.726
3.484
1.54949
-0.82367
0.2166
3.247
-5.7523
-2.486
0.8151
-1.2112
0.0087
-6.8261
-3.221
2.585
-1.4528
-0.562
0.414
1.2666
2.2638
-1.3366
-1.68623
4.15569
-7.21366
-1.7523
1.72786
-0.939
0.5231
5.865
4.7578
3.1837
1.2338
-0.4171
-0.3356
1.68436
-0.0392
-1.15783
-1.896
1.5238
-1.63213
2.383
18.7848
-2.52
3.54245
-4.9851
1.03019
-1.8673
0.325
-1.979
0.759
-1.739
-5.5557
2.52441
1.06325
2.29383
-1.63765
0.912
6.4625
2.075
2.5085
-1.0416
-2.6818
0.6523
0.8783
-3.9986
1.5858
1.07
2.60712
NA
-2.4125
1.4589
4.18168
-6.7445
0.7211
0.8884
1.4792
1.0406
2.0655
0.4471
-0.9117
-0.856
0.6856
2.1908
0.9049
0.3706
1.6341
0.6803
1.0983
-1.1468
0.4716
2.1631
-0.5445
-1.4872
0.343
0.1025
-2.0445
1.1316
-2.7827
-1.27398
-0.5892
-1.1084
-0.88792
3.8394
0.225
1.04725
-1.9544
1.3385
5.17383
-0.6163
2.1861
2.02058
-1.59496
-0.9157
-0.4598
-1.775
2.599
-6.656
-2.733
1.098
1.642
0.25
0.2698
2.191
-0.5878
1.9067
-2.2436
-1.2101
-2.432
3.5299
-3.0954
0.5395
0.942
2.9978
-2.3009
2.4793
-1.2629
0.86406
-1.739
-0.7238
6.28576
-1.46484
-0.904
1.498
0.2863
3.7694
-0.1923
-0.0736
2.3761
0.9815
1.5613
-0.9544
-1.207
3.5438
0.507
0.1883
-2.9005
-0.0304
1.8685
-4.4834
-4.6654
-0.2083
-0.5046
-6.6768
-1.80726
0.51068
2.51286
1.2001
11.32422
-6.2273
-1.68111
-4.0882
1.2632
4.3252
-0.17399
-1.6153
4.4046
0.28006
-1.5762
4.5098
9.96587
4.2025
20.22482
-1.4248
0.9696
0.56593
11.7046
-6.09202
-0.45301
-1.93685
-1.30167
-1.432
2.317
-0.8817
-0.48638
-1.35565
2.6574
-1.43349
2.89955
1.225
-0.022
1.184
0.1876
6.12497
-0.4697
0.7854
0.011
-0.3529
0.0325
-2.0975
-1.2258
2.9879
0.2912
-9.9666
1.0731
-1.60613
5.6275
1.4121
1.5565
-2.5182
0.0106
-2.5694
0.10408
0.40633
-7.8616
-4.5897
3.971
-2.1835
-3.1742
-0.3652
-1.95173
-0.0242
0.55413
-0.416
-1.1446
-0.575
0.0371
-0.1549
-1.8501
1.9627
1.4037
1.558
-2.7004
0.8436
-1.2846
-2.1338
9.21989
1.2665
1.15495
1.67391
-2.1584
-0.09632
2.8858
2.9928
6.79669
-0.69304
3.6538
0.362
1.3251
-1.0191
-6.76849
2.3399
-0.6345
3.61
-3.6155
-0.0298
1.1812
-1.0286
1.6944
1.77136
-3.5162
-1.1909
-0.502
1.6548
-3.49012
2.4515
-5.2558
7.9181
0.91159
-2.039
0.1705
-12.0192
-8.7946
-0.706
1.1099
0.13805
2.0313
1.6805
-0.6748
0.978
-6.7689
-1.10391
-0.4394
13.4001
-2.0451
-3.587
-2.3406
2.5819
0.5458
0.13903
-0.4943
0.8018
4.62534
1.0235
-2.175
-0.0628
-1.028
-0.15423
-1.89695
0.385
0.8061
-0.5977
0.82
2.7543
1.1973
-1.1861
1.11808
5.0813
-1.2404
1.882
-2.1012
4.05973
1.5774
5.3276
-4.1826
0.4607
-4.3116
-1.6156
0.00965
6.07219
-2.0278
-0.33343
2.359
0.2121
-0.8014
-2.101
-1.11134
2.8408
1.563
-1.2798
4.8482
0.8548
0.442
-1.70927
3.0981
6.58853
5.0233
-3.0899
-5.49685
NA
1.7071
-0.5426
5.2664
NA
0.5412
5.434
2.135
4.8096
-0.1564
-1.6152
-4.94631
-1.5453
2.4969
7.4115
3.1138
3.7984
6.4869
-0.2809
0.79705
0.4639
1.579
-1.62982
-22.6797
2.02381
-0.317
3.33894
0.4171
2.0368
-2.04143
-0.5069
3.44562
-0.25364
1.7696
0.39504
-1.2517
NA
9.0847
-0.6661
5.7281
0.4622
-1.2495
3.3419
-1.15422
1.5873
-0.7324
-4.16802
0.5323
1.4407
-0.505
-1.2502
7.489
-1.3596
-1.637
1.06559
-0.1109
-1.2339
-1.8951
0.23861
1.9843
NA
-1.4185
NA
-0.9321
0.7518
0.4185
-0.55014
-1.0914
-5.608
0.44862
1.9683
1.435
-0.4461
-0.473
-12.85051
-2.2296
-0.46916
0.6953
0.435
-1.211
-1.10232
-3.5053
0.6247
-5.8127
4.1873
-0.8699
-2.73445
-2.0163
3.7721
-1.1211
2.8417
0.68976
0.6681
-1.1211
-2.03965
-0.3797
-0.00712
0.7469
1.151
-1.13983
-0.2049
3.3026
0.1991
-0.42623
5.1445
4.595
1.001
-1.1536
-1.305
0.9284
1.8777
-2.991
2.113
-0.5924
-0.8716
1.4794
-4.218
-2.0967
4.5555
-3.69286
5.4841
-0.4664
-7.674
-1.2638
0.0611
1.0579
0.6964
-1.14545
-1.428
-1.25621
2.0659
2.2783
-1.956
-3.4166
0.4929
1.4922
-0.848
NA
1.33547
-0.0622
-2.544
-3.0013
1.1813
-2.1819
0.2065
-1.45825
0.6057
-15.8011
3.899
-2.399
0.8679
1.2067
5.5908
-0.4309
-1.3379
1.1511
-0.74702
-2.313
2.6149
0.975
-3.0444
0.1108
1.47264
-1.47322
-2.51876
0.9896
NA
1.6287
0.78
-3.1016
0.4054
0.2685
0.36524
0.71829
0.411
-1.2684
5.06
1.646
-1.1824
-1.0716
2.6261
0.38574
-0.2959
-1.3858
-2.4015
1.35471
1.94841
-4.0729
-0.90699
-1.9043
-1.18074
4.16523
-0.531
0.4944
2.5076
-2.6008
-3.4413
-0.3634
-0.0695
-0.50439
-0.4229
-1.2622
2.2227
1.3761
-0.4877
-0.8774
-1.6441
0.6659
1.03048
-0.4354
-0.3624
-2.5359
-13.653
-1.90201
2.4318
-0.6963
1.94481
1.1895
0.6456
-0.9803
-2.0616
0.5423
-0.5059
-0.2696
-11.1511
-0.8956
0.7406
-0.0346
2.1133
-6.05704
0.04312
-0.8239
0.42899
2.12203
NA
0.356
-1.25585
-1.17803
1.33076
4.0371
0.9189
-1.0994
0.9182
-2.097
-1.98325
0.2015
0.1381
-1.595
2.53644
1.4601
-1.4948
-0.3047
-2.35781
0.4034
-2.0278
0.804
-0.4234
1.5186
NA
-0.93369
-1.1509
0.9316
-4.0504
0.8322
-1.4065
1.71643
-1.31011
-0.5582
-0.6547
2.7363
0.9122
-2.39
-1.798
3.6153
-0.26032
NA
2.0417
-0.6198
-3.1114
0.967
1.7876
-0.2014
6.2459
0.60566
-1.02028
NA
2.5871
3.13773
4.1998
-1.286
-0.5426
0.7477
-2.2745
-2.1763
1.0472
-6.917
-2.507
0.1216
-1.84449
0.7432
-1.7902
1.2084
-0.35502
NA
NA
NA
NA
NA
NA
NA
NA
NA
NA
NA
NA
NA
NA
-5.8776
-2.0783
-1.2783
NA
NA
NA
NA
4.9504
-0.831
1.17847
-3.7817
3.1182
-0.999
2.788
0.1108
5.9632
0.2433
0.84902
-2.7978
0.848
2.5793
6.3282
0.68737
NA
NA
NA
-2.32743
1.31149
-3.6264
-0.4262
1.132
1.0208
-2.4078
-1.71042
-3.9337
-0.2847
1.116
-0.63606
1.5186
-4.16122
3.002
-3.429
0.1249
1.369
0.7193
-0.64643
3.272
-0.1226
-1.211
-0.3888
-1.18512
NA
1.80912
-0.5481
NA
-2.0427
0.7651
-3.3659
1.9126
-2.1065
-0.1027
-4.2507
0.68265
0.4187
1.0257
2.5544
2.82175
-0.44774
-2.3387
2.2995
-1.9074
1.3312
-0.082
4.9504
-4.9504
-4.8276
3.45671
1.4004
2.1037
-1.4284
1.0739
0.3957
-1.096
1.51917
-1.0317
-0.2473
1.653
-2.1213
0.312
-0.1821
NA
1.0729
1.2045
-0.9479
5.8397
0.16156
0.608
1.1933
0.753
NA
-2.0483
-3.2276
-0.0026
0.6156
0.64123
0.6544
0.0519
12.3263
-2.2654
1.8871
NA
-1.4516
0.8897
0.2575
-0.4385
-4.8669
0.67874
-1.3138
0.3434
0.0852
0.6118
5.2656
NA
3.1347
-0.6466
0.1824
-1.3998
0.36096
2.179
0.802
-1.5897
2.772
0.9563
-0.1159
1.6512
1.2403
0.6079
0.838
0.583
-0.0938
-2.1313
-2.9995
0.1467
4.74409
0.21585
0.7664
-2.41971
1.2254
3.2981
NA
-1.9894
1.75502
-0.7847
-1.1408
3.324
1.68559
1.4855
0.89909
1.0558
-1.2183
0.2436
1.2343
-1.6184
4.6855
-1.01975
-2.6819
-0.8486
-0.0856
3.8571
3.673
1.8433
-0.4248
2.12717
-0.5714
9.22
0.071
-1.5659
0.4762
0.0818
-3.72208
2.0919
-0.5713
NA
-2.7184
-0.8596
4.30825
2.0002
NA
0.6913
-0.6977
0.1837
-0.4945
2.2642
-0.8028
-3.6906
-2.03265
-1.1658
NA
-3.06968
-0.7977
-0.62931
-6.1472
1.75352
-2.1394
0.7024
3.2121
-0.6658
-3.32649
-1.7443
1.73017
2.2123
3.16
-0.519
NA
-0.6318
-5.02961
-2.5909
0.822
-1.2378
-1.0468
-0.7442
-0.0012
NA
NA
0.46
0.0019
-1.083
2.61285
-0.6287
0.25297
-0.2741
-1.96307
0.3758
-2.089
-3.51614
-1.257
2.0031
-1.1761
-1.3016
1.1733
NA
-3.0036
-1.2276
-1.7568
-0.1682
0.1533
-0.6163
NA
-3.9427
-1.31
1.3119
-0.7144
22.766
-1.7298
-1.598
1.5845
0.0924
2.01422
0.1808
-4.4229
-0.3002
1.5752
-3.53717
-1.05309
-1.4818
-1.1993
-2.2295
-0.4878
NA
-1.2548
0.24981
-0.0363
0.43068
-4.6472
0.7402
-0.86016
-0.4053
-0.96114
4.4031
-1.6833
0.4445
-1.16
NA
-0.2236
-1.222
-0.76884
2.25682
-11.2639
0.81406
-0.7017
1.1198
-2.6052
-2.04232
-0.2808
NA
-0.6274
-1.54962
0.8947
2.9421
-4.7773
0.9129
0.1671
0.88574
1.9463
0.54533
1.1178
12.1229
2.0316
-0.77611
-0.588
-0.0374
1.1486
2.5578
-0.7142
-1.8759
-11.2684
1.2134
-2.5572
-2.0517
-5.06
-7.2667
NA
1.7708
-6.3454
0.2613
-0.1593
0.481
6.91882
1.075
1.6951
NA
-0.063
2.695
0.8941
-0.2947
0.36572
NA
0.9681
-3.7374
2.9404
-2.1335
-1.4777
1.5374
-0.0917
0.1526
-2.6766
-0.1098
0.5629
-0.88604
-0.1338
-3.423
0.5267
2.404
-0.9434
NA
3.6532
-2.8512
NA
0.5592
-2.9198
-8.8045
0.3833
1.8863
1.4671
-3.51945
-2.8635
-1.5931
-0.76958
-0.9677
1.0904
NA
-1.248
-0.7802
0.3758
-0.35149
-3.3388
NA
-2.2089
-2.2472
-0.6665
-1.1708
NA
0.17443
1.19946
1.2082
6.7415
0.4854
-3.3384
-1.7412
-0.2964
-1.7721
0.72813
0.14662
0.46815
2.12085
0.7514
-3.0889
NA
-1.2794
0.87422
0.4782
-1.4751
-2.8565
-0.54444
3.1448
NA
0.5367
5.2907
0.123
-0.1355
0.3269
-0.407
-2.16383
0.0835
14.2004
3.8018
0.3732
-2.7243
0.12759
4.0104
-0.1755
-2.57057
-0.59587
-0.1702
-3.1945
-0.7917
-1.1391
0.1533
0.855
-1.3673
-0.23606
0.1533
NA
0.4612
-0.53558
0.1861
1.5677
-0.2354
-0.0609
-0.3901
-2.6847
-1.66109
-1.55346
1.5442
-7.9588
4.9626
-8.414
-2.2687
7.511
0.6664
-4.5828
1.3103
0.4216
-2.0836
6.5106
-1.9452
-0.9745
-0.1353
0.5629
-0.5975
0.566
0.1873
0.337
-0.681
-2.599
-1.923
-0.3515
-6.5603
0.8878
-0.612
1.7359
1.204
-0.399
-1.5281
-0.4598
-0.66
-0.0446
-4.404
0.613
1.617
-0.936
1.3486
-1.447
-1.998
-0.038
-0.964
-0.3063
-2.13
0.3337
-0.0783
-2.0191
6.2936
-0.8805
-2.40166
-1.31
-0.983
1.3595
1.9096
-3.7549
0.7591
-0.335
-0.5484
NA
-0.5917
0.7213
-0.118
-1.4592
-0.7406
-1.1064
-0.3279
-0.6703
-0.66
8.49431
-1.1175
-7.1444
-1.12048
2.3204
0.8992
-0.912
NA
-3.452
-1.4
-0.1337
-1.7123
1.61
-0.4395
0.8659
0.1666
0.2379
-0.78388
-2.7783
0.0446
0.551
-1.0112
1.4531
-0.2134
1.7248
-2.1454
-1.18761
2.0157
-0.4215
-0.7082
1.02258
0.8206
0.2634
0.2036
-1.3985
-1.7756
-0.1068
0.7909
2.8591
8.5317
-1.9208
3.4468
5.2639
-2.6767
2.2443
2.2866
2.0352
-0.3555
0.411
-2.1417
-0.9111
-0.7605
-3.0074
-3.5212
3.5448
-1.2548
-0.2055
-2.1212
1.0127
0.5337
2.6239
0.0369
11.7187
-1.8515
0.7593
0.9547
0.1912
-2.01432
-1.29134
-0.4503
2.0252
-2.6135
-2.9202
-0.3897
2.1927
-0.4942
-1.4679
-1.3822
9.0847
-2.9631
4.9048
0.8604
2.4806
2.223
3.4501
2.21067
-0.162
-0.434
-2.399
0.609
0.621
1.763
2.054
0.375
-2.209
-4.339
1.744
-0.3872
1.3372
-0.8384
-1.2662
-4.1175
1.6381
1.153
-0.7267
0.5565
-3.2242
-1.69
-2.9388
-2.5312
5.1892
-0.8845
-0.1081
2.0492
-1.1028
2.8722
2.2057
0.3841
-3.12259
-2.79085
5.34363
1.2548
0.6431
2.02282
0.137
1.7168
-0.822
-0.856
0.54935
-3.98265
0.3237
-3.9959
1.756
-10.31003
-1.10098
2.73535
-1.3617
4.8323
1.25003
-1.2058
3.9871
0.4968
1.9784
0.3349
-7.4288
-1.1708
-1.7557
-0.3719
-3.008
0.49883
-0.8131
1.2459
-0.94074
5.7504
11.9742
-2.3391
-1.7216
-9.01036
2.5314
-0.0853
2.1433
-1.65675
-2.2654
6.44784
0.21925
-1.2631
0.7599
1.9284
-1.36507
-0.32803
-1.5853
0.00841
-0.5556
-2.2352
0.8119
0.98953
3.78881
3.39365
3.51127
2.7294
0.03633
-0.2016
-0.96745
0.356
-3.2604
-1.68482
0.339
-2.1104
0.22321
6.05758
-3.98302
-4.634
1.115
-0.4694
5.8643
0.8929
0.41041
2.91667
-0.353
0.929
-5.77876
-7.9617
-1.98548
-3.0715
0.61411
3.10051
-1.741
-1.66536
2.647
-2.121
0.372
-1.78097
-2.24311
-9.12686
2.1928
-1.23969
-1.209
0.2616
-0.49914
0.79202
-1.7106
-0.4061
-0.907
-0.35015
-0.14136
1.5023
-0.30407
-1.90975
-1.4783
2.4979
-0.5888
-1.8568
0.48999
1.3525
2.4979
-2.41943
1.8706
0.9547
1.7015
-1.61028
-10.08204
-1.89422
-0.9114
-0.65867
3.17205
-5.8557
4.3544
4.037
-3.2466
-1.37114
-6.2914
-1.7785
-4.6151
1.0276
1.22659
6.25012
3.0268
1.5988
0.3518
-9.0435
-4.0608
1.36
1.66503
-0.5257
-9.8089
-0.3872
-3.9823
-1.0674
-0.4597
-1.32245
-0.522
1.0419
-0.5573
0.4521
0.67404
0.3707
1.82489
-1.71769
-5.01
-1.6996
2.1682
-1.8201
-0.142
NA
-0.4318
-2.54662
0.2735
-0.8671
NA
2.2192
0.272
-0.1355
-4.159
-0.197
-3.9232
6.4427
-3.006
-1.124
0.5426
NA
-1.4638
-0.84214
-1.5007
-0.1056
-1.2951
0.31
-7.8579
0.109
NA
1.4609
-0.2531
NA
-3.5953
0.8575
-0.588
0.27608
-1.1168
0.189
0.23797
-0.3128
1.4958
-1.08002
1.3193
0.6749
NA
-7.50187
5.6058
-0.7568
0.7003
-1.0298
-2.2466
-0.9232
-0.62458
2.5021
-2.4726
-0.4069
-2.7344
-0.9869
-4.9529
-0.9869
2.96805
-0.794
-0.2865
0.06259
-0.0961
NA
1.1305
-0.7231
-0.9319
-5.1032
1.564
-2.13423
-2.98216
-2.05674
0.717
-1.3
1.0276
5.6863
-2.8234
2.89743
2.9001
NA
0.00456
-0.23
-4.1426
1.3987
-7.588
1.0397
-0.41154
1.6615
0.0595
1.0766
-6.9111
5.4441
-2.4565
-1.3599
2.26528
0.40988
5.079
-3.94214
1.4568
-2.4844
3.8939
0.2359
-1.3701
0.5558
NA
2.0115
-5.9375
1.3367
1.1726
2.789
-0.98406
0.1688
0.7638
12.5076
5.2551
NA
2.7388
-3.1574
-0.61854
0.0715
5.2181
1.5661
-1.9783
-0.0561
-0.2279
-1.6133
0.0715
20.17733
0.15324
1.56228
-4.9715
-0.1098
-0.5211
0.9251
7.15251
-3.05568
-0.1409
-1.2838
1.1978
-3.0623
1.9764
-2.40356
-1.101
-0.5662
2.23361
-1.31538
3.6837
-1.358
2.357
2.3727
-1.1386
1.95023
4.2366
1.0784
-0.7101
-0.37768
1.7015
1.3418
4.9504
3.1268
3.597
0.21445
NA
NA
0.444
-8.1266
3.07366
-1.4135
-2.3966
1.952
-4.4416
-0.2042
1.3567
-3.9191
0.28854
1.2619
-2.421
-3.3971
0.1533
3.1657
1.1679
0.1533
-1.0111
4.0024
NA
3.1619
-0.6942
-3.0145
-1.1736
-6.8314
-0.6223
-1.484
-1.3267
-0.5114
-3.474
2.5066
5.8764
3.3419
0.5033
1.14276
1.5646
