-3.2225
-0.05936
1.5351
-1.90149
1.7249
-4.6753
-2.0927
0.2521
-0.61807
0.5107
-0.198
1.5331
1.0926
4.4146
-1.2075
-0.3601
3.1477
0.4176
-0.8254
-0.9814
0.6285
0.0264
0.5329
-1.621
-0.9746
-17.2278
0.166
-0.5446
0.78098
0.8009
4.5939
-0.3289
-1.9006
-5.64156
-0.3889
1.1885
8.12492
1.6396
-0.03983
-1.9394
-3.27341
-3.8982
0.8223
0.6372
-1.9046
-5.02878
-2.1752
1.2084
-0.4279
-0.49301
0.1932
2.37046
-4.1179
0.4349
2.9015
0.2018
-3.9558
NA
0.2239
0.00291
-0.7572
-1.5789
1.4737
1.0152
-0.8574
0.49932
3.30961
0.49743
0.8479
-1.87
-0.59219
1.5826
2.9359
-2.1098
1.1153
-0.8735
1.0867
2.2236
-1.0278
-0.7154
-3.2089
-3.7334
0.0193
0.4027
0.7336
1.8097
2.408
-3.56558
0.7667
-0.0846
-0.5644
2.1378
0.0737
-2.2667
-7.93074
1.7519
1.629
1.0555
3.8817
-6.2859
1.8977
-0.74333
0.2217
-1.0284
-3.68287
-0.1623
-0.2102
-4.8131
0.2354
0.9001
1.9737
2.3065
0.39366
-2.206
-0.0559
-0.9516
-8.9397
3.838
-3.76
-1.9243
3.541
-3.7226
-1.5424
2.1743
-1.9267
0.07603
1.19684
1.2687
1.018
NA
0.7457
2.29046
1.2662
-0.3397
-1.50795
-2.33612
0.22343
3.29331
-3.5824
-0.0129
-0.55402
7.3833
-1.5392
-2.47801
-4.1659
-0.2386
0.4626
-2.8522
-0.87433
-1.05547
-2.1965
0.8026
-3.929
0.1671
-0.0707
3.3516
-4.0211
-1.8061
-2.9531
0.275
-1.0128
-2.58561
-4.3655
2.7045
-0.5593
-0.5126
-0.8446
-0.2316
0.7443
-6.4972
5.723
0.56149
0.9884
1.20257
2.9009
2.9008
1.4507
-0.17698
-0.7556
-2.0842
-0.50368
-1.4581
1.46627
1.1796
3.0369
2.4042
7.4478
3.4679
-2.08414
-1.2963
-1.1955
-0.6753
-1.203
2.7818
-2.446
2.48779
-12.7887
-1.9839
-1.22207
-14.3182
1.39407
1.2152
13.06914
1.9024
1.0253
1.20183
-2.9138
6.6257
-4.658
2.22
0.36
-1.5973
2.655
-2.3634
0.7943
-2.9117
0.9584
-1.9228
-2.1161
1.3652
-1.291
1.9593
-4.2376
1.7692
0.3964
-1.5949
-0.4901
0.6204
-1.9762
-0.8421
2.22586
-0.5191
-0.2836
1.0088
-0.1145
-4.4827
1.7241
2.3136
-1.2282
0.76797
-0.79047
9.22
2.21508
0.1085
-1.4689
NA
0.0454
-0.8504
0.43218
2.0471
0.4968
-0.5278
-3.7047
4.3134
-0.44903
0.57306
-0.8603
0.5082
-0.20109
-1.93063
0.14209
-1.16003
4.48066
-6.00095
0.02717
9.85047
-2.5705
3.22023
5.46113
1.48785
-2.5119
-1.3053
-1.86649
1.714
0.3214
-4.5956
5.2005
-0.0855
-1.5745
0.9327
-1.9694
-2.6129
0.4192
4.6603
2.7379
1.1371
0.2904
2.5789
0.4521
0.2532
0.8604
2.0492
2.8666
1.6377
0.2178
-18.5414
-0.5929
-2.7221
-0.6727
-0.0329
-2.0973
1.5086
-3.4742
-0.2551
4.3399
-4.3403
0.4052
1.32017
1.36617
-2.23918
-0.8512
-3.8199
-1.5276
0.5534
-1.5849
-0.81
-1.2662
1.5553
1.8993
2.5167
-1.5766
2.785
-1.0731
2.3766
0.2751
-5.4298
1.2019
-7.1723
-0.4272
-0.4888
0.5291
0.5051
2.3738
0.5498
-1.448
5.0348
1.0059
-0.7949
0.0575
1.0154
-1.2318
0.0673
-2.1454
-2.4814
5.13239
-4.79679
-4.29009
-0.32387
1.05384
-2.136
-4.3697
-1.24417
-2.3685
3.7683
-3.6112
-1.8784
-5.4113
-2.0853
1.6792
7.2615
0.5155
-5.0196
-0.1488
1.0259
0.2867
0.2319
-0.0214
1.9505
-1.8376
3.251
3.5616
2.8547
6.6891
0.1655
-0.3867
0.1824
-4.0787
2.411
4.2233
2.319
-0.3499
-0.1432
0.9094
1.8499
1.9718
-0.9633
-1.1993
-0.3236
-3.7695
-3.1309
2.1396
4.4114
-0.028
1.2331
0.2726
-2.1795
1.5809
0.406
-0.7383
-1.564
-5.15275
0.9154
-8.3517
1.24513
-0.07688
1.25469
-5.7241
-0.7493
-2.9862
-0.07122
4.05496
0.4115
0.7567
0.9696
6.0214
0.1981
1.4179
0.5737
-1.1977
-0.4082
0.4355
1.0713
4.189
3.2991
0.3096
-5.2142
0.9866
-4.7113
2.3393
6.6424
2.9235
-1.3509
1.4677
-1.9471
-3.2083
-1.2362
0.7594
0.9642
-5.3619
4.4931
1.0628
1.9803
-1.544
-0.2773
5.01219
0.606
1.22232
-1.44635
-5.1845
-2.5996
1.2796
1.0089
-1.68777
0.68572
2.31098
1.19154
1.6111
-0.15887
-4.16606
1.1134
-1.44
3.1341
-6.3636
2.0948
-1.2813
0.8425
-5.1904
0.2207
-1.2878
0.4938
0.793
0.1054
0.5495
-1.0672
-2.2707
0.6717
4.3233
0.6559
3.5197
0.4902
0.753
-1.2772
6.0178
0.0147
NA
1.1133
-2.6473
-2.6441
-17.7801
3.6077
-0.3199
1.3141
-0.1285
NA
-0.2012
0.453
1.086
1.2328
-0.3434
-1.2182
-0.6093
-3.844
-0.9185
-4.6029
0.7101
-1.2786
0.6876
0.4987
-0.44
0.7227
-0.7612
-1.5247
-0.6236
1.9301
7.0292
-0.3325
3.7262
0.2849
-0.3218
2.42647
-0.9892
-0.1264
0.523
7.76736
-7.54727
-2.11
4.19868
-2.0025
0.89025
0.00873
0.4141
1.31256
3.6215
6.06131
2.25222
2.84903
0.3416
-1.68955
3.0122
-0.85952
3.36891
-0.9594
-0.283
-2.13793
-5.4762
7.59816
6.5961
1.5091
0.3325
-3.85987
1.15984
3.4376
1.03526
-2.2184
-0.0121
1.2509
-6.02546
-0.5533
1.939
2.5659
-1.64648
-3.05794
3.3092
-2.09657
-1.60721
1.16215
-0.9673
-0.03754
7.2668
0.4413
0.59477
-2.18872
3.4849
1.8649
-0.8985
2.0813
-11.2639
8.032
1.778
-2.4091
1.20786
1.38778
0.6141
-3.26213
-2.86064
-4.8449
-0.31653
0.57882
-0.72131
1.7798
-1.966
-6.2386
-1.8799
3.3888
-2.3896
-3.8495
2.4029
-4.4606
-2.333
2.0208
-2.6222
-7e-04
-5.444
0.7551
3.0931
-0.1703
1.5255
-1.6157
1.6464
-0.67762
-0.1801
0.62937
-3.4194
-1.3372
3.9255
1.5528
2.8964
1.1098
-0.2947
2.408
-2.1265
-0.4899
-0.3918
0.8471
-1.0722
-1.099
-1.07431
0.77093
-1.2434
-4.0461
-1.33444
-14.3182
-1.5323
-0.9037
1.13078
-1.5455
-2.6645
-2.1746
1.8133
0.6151
0.182
1.5853
0.9238
-0.4608
-1.5672
2.8318
0.83074
0.0968
0.1849
-5.7841
-0.456
-0.9034
9.8385
7.0392
9.8737
-1.0099
-2.403
-1.71504
-1.1902
1.2513
5.7074
-2.983
-2.7082
1.756
-2.8778
NA
NA
-1.8835
NA
NA
3.4064
2.3238
-4.043
-2.2818
-3.20943
-3.3346
-0.0486
2.6191
0.6881
-0.7061
-0.7237
-0.3119
-0.9496
2.7975
0.1248
1.3808
-1.9043
2.4642
-0.4794
-2.093
2.22
-1.9331
1.6079
1.5304
0.9132
0.45742
-0.8058
-3.1629
1.17055
3.5346
0.6738
-0.8495
4.0036
1.184
-0.4228
0.6096
-1.5263
-3.5632
-2.3788
1.2814
0.2399
0.9286
2.7902
6.0481
-0.87127
-3.1245
-0.1444
-2.2038
2.4818
6.5574
0.0417
-6.3486
5.4912
-0.1729
-1.498
2.0889
-0.83653
-4.16411
-0.5209
-2.9935
-3.6692
0.4748
-1.73495
0.0413
-1.1007
0.0637
0.3566
2.3938
-2.5181
-0.2136
2.7322
-1.0981
-1.8275
1.3147
3.0538
0.5768
0.1549
-5.8657
0.2556
2.9495
2.0145
0.3993
-0.8645
-1.214
-2.3596
-2.3474
0.8027
-0.6807
-0.221
0.6831
-0.5789
0.8119
0.4397
-1.1433
1.21069
1.9823
-1.33
0.11655
0.0251
1.8581
2.0125
-0.8642
-7.1991
0.902
1.7258
-1.637
-0.9769
-8.2301
0.3387
-4.24097
-5.1386
-1.4357
-1.31259
-1.4093
-0.979
3.384
-3.6496
-9.9846
3.1451
-2.1966
-1.3141
-0.3817
-1.1299
2.23794
-1.09709
4.09856
-0.4943
4.1137
1.2245
0.9828
2.1917
0.8911
3.313
-0.375
-0.4703
1.4772
0.3828
-0.2348
-0.71861
-0.2015
0.178
1.5113
0.8692
-1.6228
0.0834
-3.43822
1.3486
0.5855
-0.17591
1.3191
1.0766
1.36722
-0.4861
-1.33294
0.17818
0.6601
0.11044
-1.8574
-3.2953
-3.91782
0.5362
8.7045
4.2289
1.2025
4.4282
1.1147
0.7553
-1.6611
0.6899
-0.8682
-1.11583
3.23725
5.08746
0.5106
21.1208
-2.6476
-0.1957
0.6017
-2.89142
-0.6447
1.6866
-0.1056
0.2767
-2.4873
-1.2237
3.315
2.1904
0.3392
-0.6959
-1.3286
2.2416
-1.38265
-0.7229
-0.1592
-3.57014
-0.92314
0.8954
-0.2098
7.5467
-1.6922
-0.10649
1.11403
1.9566
-0.8837
2.6661
0.0716
1.8646
-1.6451
0.1555
-2.8019
-0.2877
0.24591
-0.61126
-1.83306
0.43
-0.4055
1.2348
-0.45113
2.02096
-1.3863
1.5581
4.4565
0.5283
3.6324
-1.18636
NA
2.8562
NA
NA
NA
0.1043
0.41698
-0.77594
-0.00655
0.48139
-1.8158
-3.31583
-1.5373
-2.5164
-0.8607
0.2767
1.8538
-2.763
-2.6614
-3.7183
3.6235
-0.07666
5.7411
1.855
-1.855
-1.80683
-0.37681
2.53538
4.8672
-3.26227
-6.36358
1.22833
7.0253
0.0286
-0.9288
0.444
-1.1816
2.8166
0.7702
-0.25378
0.54947
4.34777
3.09792
-0.8668
-0.4537
0.4142
-1.19738
0.91
3.0699
-4.5611
-0.7668
-0.2567
-0.6057
-2.0902
0.4247
0.309
0.1235
0.7616
0.088
-0.4729
-1.4393
0.9453
-0.2299
-1.2775
-2.9465
1.0541
0.5391
1.0907
-1.1597
1.5993
-0.3001
0.2514
-1.4895
-3.9998
-0.072
-0.1369
0.9209
-3.3042
3.3404
-0.259
-1.0027
-1.172
1.2552
0.8229
-0.584
-7.7482
-2.3157
-0.2006
-2.3308
-0.1014
-8.7791
-2.0153
-1.1118
4.5043
-0.4957
-0.039
-5.8526
4.3611
-7.2648
-1.663
0.3184
-0.8822
0.0706
-4.0624
-2.3597
1.37813
-0.7809
0.16589
0.7182
1.5671
2.8177
4.9269
-3.9656
3.9317
-2.9104
-2.09688
3.1606
2.8042
-0.7031
7.13899
-2.6694
-2.2838
-4.779
1.2866
-2.8651
3.5983
1.7084
0.40226
3.4679
-2.31262
1.4124
-1.61617
-2.30462
-2.7537
1.0922
-4.67
-0.7912
0.8458
-0.80674
-1.24289
-2.71763
-4.18919
8.9337
-2.47197
-0.15927
-8.76944
3.7976
-1.7081
2.20572
1.81471
0.5175
-2.6031
-1.40157
-0.3022
0.29487
-2.9727
-0.04928
-0.3874
-0.61746
-3.64064
0.15425
-3.94187
-0.1949
-1.48213
-1.5418
0.92132
0.1509
-2.1494
1.9914
4.3961
-1.1663
-0.6051
1.9621
-1.1373
0.2147
0.4633
-0.2514
0.4796
1.4865
0.215
3.0537
0.852
0.7778
0.4743
3.605
-0.3344
0.3435
-1.6527
0.7542
NA
1.1084
0.8543
0.8647
-1.23431
-4.2472
-3.0096
-1.528
-1.4997
-1.959
1.1475
4.7533
0.7787
-1.4077
-2.7861
-2.8191
-0.6922
2.3611
5.67
3.5566
-0.69
0.07544
10.031
-0.49926
-2.0832
2.95356
1.74283
0.69069
2.38044
7.31327
-1.2525
0.32785
-0.8916
0.4078
-5.9194
0.9937
5.0455
-1.8636
0.1993
1.3849
4.6486
0.275
-1.43278
-1.55304
-0.46954
5.97204
-1.3845
-7.56231
-1.43977
-0.1891
-0.44519
-0.4147
-0.03999
0.49164
5.3727
-7.78371
-4.47654
-2.85412
-3.6964
4.927
4.412
-3.992
-0.9919
1.4085
-1.6479
0.0213
-5.9858
-0.3531
3.8575
0.4764
0.03485
3.4305
-0.3423
1.2583
0.2026
1.374
-0.19809
2.32871
3.0412
4.34917
-0.1304
0.7947
6.5541
0.4826
-0.086
-3.5698
-0.4688
0.4888
-2.9006
-0.37215
-2.7973
4.5254
-0.8451
3.4308
1.1563
0.2046
-6.743
5.1023
6.0081
0.3236
1.019
-0.6604
-1.6892
-1.1732
0.00353
2.5734
-0.42712
-0.2786
-2.0976
-2.0042
-0.0158
-0.3834
2.2631
-2.2195
-3.3718
2.5076
-2.0357
-0.4082
0.0901
-9.3304
2.4984
1.9521
7.25969
-5.6983
1.9224
-2.4864
1.2454
-0.52732
1.98932
1.54299
-0.2356
-0.6431
-0.0756
-3.3744
-3.94318
1.0041
2.5853
-10.5085
-1.2082
-1.20419
1.1973
0.84504
-1.3366
0.1161
-2.2542
-0.5613
-3.5675
-7.7553
-1.43099
1.5679
2.2152
2.1428
-1.4281
4.7908
-2.4767
-12.4211
-10.5321
4.5897
1.41216
1.5139
-3.68215
0.1118
-1.9436
-0.79124
0.4972
-3.07768
1.734
4.2038
1.1518
0.8773
2.0085
1.9079
1.88666
5.1606
-2.2922
-0.974
-0.66326
2.70386
-1.8673
-2.3612
1.7397
-1.9646
0.7515
1.0986
-3.4394
0.6661
5.3112
-0.718
1.7175
1.35267
-1.1939
3.9815
-0.5194
-6.4025
1.0521
-5.2758
11.85958
-2.8122
2.1138
-0.8779
3.6519
-1.0416
-1.5685
-3.73744
3.677
0.7792
-3.46882
1.1856
-1.3319
-3.8689
3.2707
1.6392
3.5747
-2.396
-6.7263
-0.8007
-0.8891
-1.05734
-0.57751
1.50269
-7.17179
0.4117
1.73702
-0.55979
-0.9845
0.4257
-5.93403
8.7045
-0.0247
0.15356
1.77966
1.6341
0.26229
2.73439
0.58761
-1.6124
0.1071
-2.58219
-0.57957
2.1862
-0.66286
5.68744
-0.9619
0.9965
-0.5445
1.15992
-0.9797
0.343
0.1025
-0.21886
-2.20906
0.8652
-4.90756
6.9288
1.5268
-0.8508
-3.3288
-2.6777
2.5529
2.3917
-1.1918
0.27028
-0.5712
-1.4366
0.3514
4.2136
0.7579
0.225
2.2131
-1.8786
4.9645
-0.472
-3.6373
-3.96014
1.1778
-2.6988
-1.1902
2.0439
0.6138
1.2062
0.9673
-2.5537
-2.4283
0.6538
2.0747
-0.8182
-1.0338
-0.8942
-1.8997
1.5621
-7.8005
1.051
-0.5985
1.7178
0.6987
2.2864
11.0284
-0.801
-1.4968
1.6587
0.3289
-3.2856
-0.3801
-4.3825
-0.1451
-1.06141
-4.2425
1.9828
-4.2322
-1.1342
-1.9435
-1.75293
0.22582
-0.25121
-1.4388
1.23136
-0.9849
0.34852
2.70479
1.2473
1.914
0.37398
1.5452
-1.6288
1.6848
0.7285
-0.7171
-0.0401
2.6231
0.2739
-0.7521
3.7043
1.8671
-0.7218
-11.06091
-1.0522
1.6415
-2.02888
-0.7153
-0.4158
-7.6422
0.5817
-0.3119
1.0211
0.7066
-5.9722
2.80854
0.6681
-2.5707
-5.6383
-0.0235
-0.1002
0.971
-1.0302
-6.6768
4.5281
-0.2661
-1.00897
3.45102
-0.5155
-1.9383
-5.1561
-0.1211
-4.42719
-1.0801
-0.9036
6.3404
-1.3843
-4.0393
-0.794
-1.3186
-1.9706
3.8967
4.34016
-1.1163
-5.3722
-0.5602
-3.5461
2.882
0.8386
-2.78202
-1.6973
-4.436
-1.4276
1.8629
-8.2425
0.4019
4.357
0.9084
0.7151
-0.8312
-1.61769
-2.56981
4.0247
3.118
-0.67239
-1.0594
-0.8158
-4.2545
0.4234
-0.43829
3.7036
0.2661
7.8781
2.1088
0.422
-0.9119
0.0532
1.6782
-0.6877
0.1871
-0.35868
2.3505
1.9429
-2.93094
0.94362
0.0928
-3.3839
0.0626
-0.1634
-10.0425
-9.3928
-1.6217
0.6642
-0.1894
-3.6421
0.8687
0.4523
1.4176
0.77648
-0.6552
1.93326
0.6094
-5.9635
-2.0645
0.628
-1.43597
-2.5527
-0.58706
0.2253
-0.6642
-0.6382
1.5258
0.0488
-0.927
0.1807
0.4365
2.0791
-0.6385
-1.421
-2.42998
4.0409
0.16943
-3.0444
0.99156
-0.2687
-2.7004
-2.9818
2.7761
-5.12982
-6.9994
-0.9205
-3.1708
-2.6763
2.23543
-0.1121
1.5346
-0.4156
-1.4667
1.579
-1.3244
1.90538
0.1094
-0.44273
-1.3157
-0.9196
0.7461
-0.3945
4.2234
-0.5844
0.7397
-1.6912
-0.389
-1.14218
1.0664
1.5208
-8.3187
-2.0463
0.4495
-1.69437
2.5768
-3.245
1.4811
1.4267
-1.52917
0.9634
-3.2803
-0.63778
-0.4515
-0.3986
3.5405
-1.0051
1.10992
2.2919
-0.0135
-5.2558
3.2232
-0.1447
-0.1485
-8.7946
-1.661
2.95588
1.36564
-1.2132
-0.6748
-0.9269
-9.6621
-0.4685
12.41931
-3.97757
-4.06857
2.41424
-0.1858
-2.4496
0.02573
4.1757
-0.2743
0.6534
1.2132
0.32253
-1.6959
0.8196
1.57488
-8.7905
1.206
-4.3611
-0.6096
0.3806
1.1296
1.8253
-2.1093
-0.02265
-2.5517
3.1084
-3.6054
0.4442
-0.9962
-14.54852
7.7726
1.6665
1.6697
-2.60503
-0.2791
-3.1117
3.63294
0.1047
1.7057
1.7048
-4.13755
4.4634
2.24479
3.7794
-4.3978
-1.4345
0.32638
-0.1402
-3.6785
0.57641
1.2504
-5.0568
0.8579
0.286
-5.4926
-3.4347
4.6462
-0.3607
0.613
0.7475
-0.21
-1.26957
-1.1868
1.0559
2.5858
1.0458
-11.0079
1.6799
-1.28924
7.3065
1.4901
0.856
-13.653
1.1461
3.8033
1.87874
9.3945
4.9993
-1.25551
-0.11516
1.0214
0.4842
-0.5426
-0.0419
0.7894
-0.66104
3.7652
-5.1275
1.87524
2.3002
4.8096
-4.0932
5.4785
-4.24236
0.29816
3.3599
-1.6912
0.6303
-4.0752
-6.2281
-0.808
-6.8121
1.1159
-0.1573
-11.75693
-0.9904
0.33197
2.083
-0.8066
-0.5152
-8.3662
1.5795
7.2274
-22.48744
-1.0065
1.04617
1.1475
0.20451
-6.9829
3.8459
3.5381
2.5926
-19.08672
-0.0912
-0.7035
0.9994
2.5431
-4.5787
-2.5786
-0.92817
2.8111
-0.5497
-0.2073
NA
0.6987
-1.2767
0.5896
0.9519
-0.94193
-0.4504
0.69308
-0.6716
-0.19596
1.0248
0.0453
1.6621
-1.2889
3.3419
0.6848
0.4699
1.5873
-2.7801
1.7863
-6.4903
-0.0064
0.7585
0.5802
1.4456
1.02783
0.843
3.3674
-2.2086
0.659
-1.8718
-0.83515
-1.2767
-1.61757
-1.9845
0.4901
1.1638
2.9355
2.1097
2.0825
NA
4.3248
0.3814
1.9271
-1.0217
-1.4185
1.88654
NA
-0.61972
3.2157
-0.6543
0.97102
2.9321
0.1589
-2.1248
-0.3277
1.2037
8.4581
2.87974
-0.2482
6.7117
0.2546
-0.6537
-1.0779
2.0208
NA
2.1527
-2.1287
0.3434
-2.3345
-0.7392
1.7249
1.4281
1.2045
-1.4667
-0.0502
-2.5103
9.5208
-3.47834
-0.2082
0.6792
0.5554
-1.9337
-0.20102
-0.2893
3.9555
-4.0465
0.61
1.37337
0.9069
0.5702
3.6549
1.3842
-0.62342
0.0174
-1.3966
-6.5274
0.037
4.93576
-1.4519
0.2356
1.0564
0.6196
1.9243
0.087
-1.0017
-3.1421
-3.117
-0.29675
1.533
-2.76141
3.1556
-1.0897
3.4842
1.19872
-0.1138
1.02098
4.0328
1.4429
-1.58472
-0.6022
-0.2709
-0.0748
0.9299
4.1954
-0.9411
-0.3515
0.7903
-1.2549
6.236
-0.02407
-0.5217
-1.3968
2.2617
0.6242
1.9084
-0.4269
3.51756
3.7568
0.3002
-4.2495
4.79855
-0.56434
-1.4685
-1.369
0.1586
0.4959
-4.4411
1.25947
3.6024
0.0604
-2.3501
-0.0571
0.1338
14.87664
1.2152
-0.17
10.5057
-0.3682
-0.404
1.6667
2.0904
1.5664
0.8973
-2.2373
-0.4226
-0.16519
-0.9604
-3.4166
0.74565
-0.4515
-2.24413
-1.2687
-1.0001
-2.3406
1.4922
0.8668
NA
-0.5118
0.0442
-3.0715
-0.36031
-1.4108
1.22006
-2.1819
3.07517
1.4131
-19.86227
2.75946
-4.96616
1.1794
4.7966
0.231
-2.8469
5.7932
0.35048
1.5649
-2.3574
-2.19253
-0.8039
0.10141
9.7888
-3.0444
0.1108
0.1771
-1.61121
0.9875
NA
1.1878
-1.0444
-1.198
-3.1016
10.70962
0.3232
-3.88203
-1.63281
0.2685
1.47
-3.0631
-0.9394
1.0515
-2.48543
-1.15586
0.8716
-0.0958
1.4052
3.72
2.0725
-1.4799
0.8977
0.7837
0.95712
-0.6351
2.535
12.8624
0.2269
-5.7182
0.0941
-0.2959
1.893
-3.5387
-0.0981
-1.1113
-0.2109
1.90791
-1.1352
-5.1794
2.7348
0.3678
-1.9043
-0.97517
NA
0.00819
-2.0994
-0.5807
-5.1542
0.4229
-1.98812
2.5076
1.3308
1.4989
6.9041
NA
1.1702
-3.29219
0.1436
-2.8923
-1.9796
-2.1676
1.2723
1.8234
-0.3352
4.75264
-0.7339
-0.5188
-2.22233
-1.9417
0.5512
0.40966
-2.0551
0.1837
-1.0979
2.4318
-1.0001
3.021
1.0386
4.7471
0.8429
-1.8743
1.2475
0.73089
0.1376
-2.1686
-0.01616
2.06333
-0.4453
2.1749
-5.4815
-1.6065
0.9579
-0.0845
NA
4.05383
-0.1944
1.7508
2.3502
13.0597
3.96597
-1.76648
-2.921
1.27323
0.0568
0.50086
2.7094
NA
1.5427
-2.5667
0.31569
0.2015
-1.1962
-8.2774
0.1381
-0.6728
-1.0888
-14.3488
-0.0982
-1.3962
-5.6909
-0.72092
-1.14583
-0.0409
-0.8582
-5.05653
-3.3391
0.3109
1.207
5.0869
-0.6291
-3.94857
-1.7153
-1.12189
-0.60606
NA
1.242
7.3167
-1.8792
0.7444
1.9831
-2.3575
0.2846
3.68178
-0.5575
-0.04272
0.3055
-0.3701
-0.19226
1.01565
0.8208
0.9122
-2.9484
0.082
-2.42
-19.8822
1.5002
-3.0244
0.4315
-2.2672
-7.6211
3.0269
-3.9188
-0.5857
NA
-0.114
-0.8512
4.8664
0.5367
-0.1951
-3.125
0.7817
-0.17
0.44129
4.52196
-3.7911
1.2444
0.4885
-0.9002
-0.4496
-5.0175
-2.8209
0.1798
-1.7144
0.2552
-0.5139
-1.13632
3.9734
5.0977
0.73404
-0.5323
-0.5426
-0.3391
-1.36953
0.3757
-0.1611
4.442
7.5834
0.7009
0.1216
0.0749
0.70137
0.82835
-0.44198
-1.75504
-0.0484
1.2699
1.8875
-2.7465
0.42863
-0.3707
NA
NA
NA
NA
-0.09205
NA
NA
NA
NA
NA
NA
NA
NA
NA
-1.2779
2.7907
NA
NA
NA
NA
NA
4.4373
4.9504
-1.3796
-1.0239
NA
-3.87168
-0.5412
5.19257
-0.5229
-3.0578
3.05232
-2.4837
1.5666
-1.9152
1.2919
-6.1441
0.1108
4.2956
0.3665
0.1691
0.6681
1.37192
1.0569
0.5978
0.8481
1.306
2.5793
0.4039
2.4303
0.97387
4.0006
-6.0669
-0.2394
0.2992
1.702
0.6303
4.723
-0.5529
NA
NA
NA
3.3496
-0.7301
0.7559
0.0517
1.53621
-0.2902
1.1264
1.22622
1.3827
1.772
-2.0666
0.232
1.7249
-2.7935
-1.0972
0.4576
-2.025
1.0579
-1.34859
0.10792
0.1593
-1.7781
-1.6467
2.5033
-1.6249
0.32002
2.1931
-0.56901
0.5844
-0.6933
3.0195
NA
-0.0779
0.4253
0.0408
-5.4948
-1.3113
-1.3691
-4.222
0.9957
1.0257
0.5163
-1.41
-1.2331
-0.9903
0.3564
-0.6088
3.0935
-2.7924
-4.694
0.56348
3.9568
-0.8885
-4.9094
-0.6482
-2.00648
2.7004
0.9166
-1.4544
-0.6301
-0.6718
0.1286
1.33227
1.8013
-1.4733
3.1914
2.983
-1.0511
-4.6155
1.77347
0.90157
0.71197
-6.28118
2.7061
-0.1821
NA
2.4662
0.1031
2.4282
5.8606
0.6845
0.1035
1.21686
0.829
-1.9576
NA
-3.2276
0.1196
NA
1.08203
4.1058
-0.0562
0.5032
0.6544
0.9235
0.6112
-1.0308
3.1106
0.43459
-2.34691
-1.8928
-0.1986
-0.70828
NA
-1.7826
-0.0231
-2.00368
-3.2871
-1.02847
-1.88247
0.0253
-0.7047
1.5708
1.7048
-0.7869
0.42873
0.96092
0.2575
-2.9037
-2.59791
-20.34907
0.7113
-1.69277
1.9216
-0.68821
-0.9275
0.94689
-4.5582
-1.33765
-0.6755
-0.768
-1.5093
2.4122
-0.11872
NA
-0.98933
0.8575
0.4663
2.0574
4.5786
0.9864
-2.06025
0.43778
0.7957
2.9727
-0.0938
1.0656
1.7989
-2.6164
3.8931
2.0267
1.0263
-2.87283
-1.165
2.424
-0.1679
-1.9894
0.5711
-0.3672
-1.01353
1.29525
2.1468
-0.7581
1.38011
-2.99391
4.6518
0.9062
-1.19419
-1.9663
-4.1682
3.06042
1.3187
-1.2069
-0.45613
9.19767
-1.0014
1.2503
-0.1192
1.4824
-0.1212
-0.59262
-0.8523
-0.0242
-0.2595
NA
0.31292
-5.618
-1.6367
-1.1256
3.8931
NA
-3.0716
4.50033
4.0024
0.49708
-0.6261
-0.4686
1.0289
-0.46214
-0.75147
-1.7826
-2.6833
-1.8565
NA
-3.79762
0.2512
-1.98319
-1.0304
NA
-1.25148
-0.78299
-2.3628
-1.5285
-1.8147
-6.32285
0.5824
-0.8942
-1.7745
-2.47761
0.62583
4.66025
-0.5955
-0.5465
-2.7107
2.0591
2.3773
-0.4366
-0.0153
-0.42991
-2.24654
0.3091
NA
-0.0656
-4.648
0.5373
-1.39558
-1.4137
-1.9215
2.0919
-0.0518
NA
0.1533
-0.5105
-2.0547
1.4052
2.2447
1.6313
-3.72369
0.4739
-1.7747
0.1019
NA
-2.0779
0.5661
3.019
-1.1761
-1.09764
NA
-1.2981
-1.03294
-0.1682
0.1533
-1.763
NA
-3.9345
-1.6527
0.1724
0.8582
-0.7144
10.8594
1.94649
2.0379
0.2277
-4.0001
-0.6275
1.4634
0.1111
-1.5554
3.0194
-0.3002
1.87586
0.97106
2.5374
-3.5279
NA
-0.9696
-0.75
-1.21255
-1.02706
-1.3193
-0.5067
1.6064
0.1964
0.12057
NA
1.5683
0.5198
-1.13214
2.7861
0.91705
-31.8793
0.9564
-0.0509
-0.50868
2.9505
0.1879
1.0933
-1.1346
NA
4.0814
-2.4452
6.0773
-11.2984
-4.0314
-0.30833
5.2314
0.8652
-0.48651
-2.78894
0.0697
-2.07574
-1.4375
-0.41316
0.209
1.4627
1.9947
0.8724
0.7706
-4.29872
-0.8252
-0.5726
-0.5819
-1.55843
1.2367
-3.5503
2.12168
0.2434
-2.0832
2.3436
2.22544
-1.1729
2.8983
0.4273
-0.4597
-1.5007
1.9238
-0.9388
0.87619
-1.0825
-0.4107
-0.2753
-2.5995
0.5675
-1.8759
NA
-1.51519
-1.95847
-1.9416
-7.6264
1.0289
-1.4905
-2.5572
-0.0477
9.80383
NA
-4.60764
-7.3388
2.8134
-2.04796
-0.5684
NA
5.33788
1.7708
1.775
-3.3838
0.23122
1.7592
2.7566
5.17761
0.1805
-0.3088
NA
-1.3475
0.6032
-1.9624
NA
-3.8315
2.3064
0.5389
0.2714
-3.17028
-0.0105
-1.2757
-2.8922
-0.2182
2.9727
-1.4777
-1.59565
-0.4029
0.6112
-0.60203
-1.6197
0.8193
0.84992
1.6586
-1.026
-2.33588
1.8818
3.6365
-1.2408
-0.21467
2.43702
NA
-0.6366
1.36798
2.6969
NA
-2.98088
0.21023
NA
-0.7417
1.77944
-1.8288
0.1324
-0.8035
2.15741
0.84595
2.9615
-3.83001
2.9367
-1.3535
-3.26054
2.8044
-0.4204
-1.2683
0.49208
NA
-1.2251
0.02216
0.2725
-0.3539
0.1356
-1.1555
2.3887
-0.8575
-1.4389
-1.9005
1.7048
-0.6665
1.4592
1.7112
0.9006
NA
-1.1601
0.5497
1.8392
-1.90297
-5.4395
-1.0859
0.8429
5.8162
2.5572
-0.196
-1.7721
0.829
2.0451
-3.0889
NA
-1.2794
-1.4751
1.82
2.7141
-1.2838
-0.5303
-2.63989
-3.32137
NA
0.885
-1.3439
0.4773
5.6056
1.3156
0.5729
0.9269
-2.4018
3.9806
-14.3182
-2.5221
0.3732
-3.50608
-1.98095
-0.0844
-4.0701
4.5557
0.758
0.0208
0.78591
-1.5565
-1.6036
0.352
-2.5394
-1.1168
0.1533
-1.4751
1.93855
0.02049
0.2554
-0.0224
0.4516
0.1533
0.3405
0.50465
-0.66
3.63
0.0809
1.41706
0.40008
-2.1229
-1.70627
0.36833
-3.3064
3.5283
-0.67321
2.80672
1.49841
-0.0557
0.0613
-1.8111
9.1715
0.071
-0.5276
NA
0.5465
1.46026
-7.9588
4.9626
9.0615
-0.51863
4.4625
1.6234
2.3309
6.5106
-1.58175
0.0751
-1.3796
-0.45297
0.0894
-1.2548
0.0691
0.9805
0.8853
0.3192
2.031
-0.8688
-2.6073
-0.3943
-2.6826
-3.4742
-0.344
-1.685
1.1571
2.8881
0.5771
NA
-11.1745
-0.4621
-1.856
-1.5702
-5.8286
-2.36
0.8046
0.3814
0.2996
1.56062
-1.6387
-0.2302
-5.4491
-0.363
-1.1034
-1.2844
-2.1053
0.3337
-0.5833
0.6348
-0.2744
-4.3199
-2.0191
2.3859
5.6611
-0.43489
0.4853
-4.0634
-0.4389
-1.1057
-4.7907
0.2297
-1.0801
2.0191
0.71821
-4.9478
-2.9923
0.7113
-0.4716
-2.4322
NA
-2.21655
-0.4686
-1.5005
0.4883
-0.6963
-0.9296
-5.9142
5.5513
-0.7491
-0.10861
0.3558
0.3888
-0.4456
1.0446
0.0209
-1.9745
-2.82352
0.6847
4.2601
1.6868
0.9315
0.5469
-0.0994
-0.0753
0.34548
-0.8125
-0.5329
-0.00336
1.7152
0.67333
-1.22805
-0.08231
1.1532
-1.0485
-2.9716
-0.45267
-0.65496
0.41827
2.0855
0.71553
-2.1223
4.3248
0.3965
-1.0905
2.4231
-2.20888
-0.37808
-0.0934
1.955
1.13069
-6.40577
-1.88621
2.94349
-0.7898
0.0909
0.0092
0.2036
5.5019
-1.4263
-0.4685
0.3818
0.7909
1.74538
7.7743
0.59663
-1.9046
3.4468
-9.5357
-0.7164
-0.1926
0.6098
5.2639
2.27765
2.54584
-0.649
1.9274
-0.9878
2.14629
-0.44317
0.9323
-6.5322
-2.3344
-1.237
-8.39426
-5.399
-3.04384
-3.0403
0.3387
-0.2552
0.3346
-0.0921
-1.4065
-2.395
-0.1918
-0.197
3.154
3.576
-0.587
0.7759
6.4025
-2.4962
0.7759
0.1939
2.4399
-0.1548
0.1912
-0.218
1.21123
-0.4272
0.0691
-11.1435
-3.4166
2.0569
-3.6942
-3.5378
-1.3354
-0.4061
2.2026
1.2065
0.5432
-2.3609
1.204
1.8651
-0.2768
-3.4608
2.9997
1.0716
2.9911
-5.0128
1.9594
3.9439
0.6325
2.3495
0.7643
-2.1091
-0.6814
-0.1838
-0.2487
0.5191
11.7868
4.9282
0.2031
-2.2807
0.8889
5.4027
-1.8276
-2.1091
-4.8859
0.2086
1.2071
-0.1428
0.0965
-0.5864
-4.5309
-1.521
1.3483
4.1997
-0.1883
-0.0119
0.3956
3.0602
1.0282
-0.8203
3.1183
-1.4342
0.2502
-1.5126
-0.8864
0.3642
-4.9313
0.8308
0.696
0.4895
0.7373
-1.5212
1.86
3.9836
4.6822
4.7024
3.2629
0.0619
1.8914
-0.8057
0.6733
-0.6521
1.5471
5.9194
1.2548
2.3174
-2.3706
-1.105
0.137
6.3004
-0.7716
-0.4338
2.8126
0.5227
-1.3621
0.8006
5.1891
0.5904
-7.02122
-1.5999
2.8853
2.4259
4.4708
1.4155
3.1858
1.2329
-1.9746
0.1364
1.4036
-3.0339
-1.32421
-1.95064
-3.61765
0.3375
-3.0661
5.3288
-0.0846
0.8019
0.3263
-0.3353
1.5521
1.50406
-3.06879
-0.3719
-3.04139
3.0194
-0.10741
0.3792
-0.3362
-1.4105
5.9065
12.54826
1.4064
-18.98812
-1.7216
-9.7996
2.21453
-3.4396
-0.5746
-0.4179
0.5545
4.30664
-2.2654
4.9504
NA
-1.5489
-0.4902
-0.8577
0.84601
3.5274
2.8797
2.9237
-1.7147
0.3671
-1.3249
-8.6293
0.0104
0.649
0.2627
-0.9305
-8.0727
1.4473
-1.2225
3.5812
-0.1494
2.1993
4.3654
4.3655
2.1919
-6.3763
-0.64617
1.5364
5.9688
-0.5182
-3.7496
0.52505
-3.2604
-1.927
2.6722
1.5519
-2.0814
-0.0632
4.9504
1.0183
10.58708
-0.4694
-4.5896
0.7083
0.7039
2.4516
-0.4988
3.6972
-3.7132
3.1406
1.8797
0.427
0.5049
-4.0878
4.16627
0.94382
-1.078
2.6293
-4.2237
-1.38786
0.7393
-2.8774
-7.90491
0.8175
-0.1905
-1.386
0.8207
-7.7064
2.1763
-0.5994
-1.7414
10.7705
-1.5587
2.586
-1.56292
-0.25795
6.9826
1.02206
-0.9783
-1.2861
0.8897
-0.51375
1.7057
-8.4538
-1.6892
-2.1956
0.10474
-1.1681
-0.7234
0.1506
0.4881
-0.15654
6e-04
0.7643
-0.00695
0.3833
-0.1337
-2.0775
-0.0724
-0.0235
1.5023
-1.0666
-1.5675
3.6368
-0.7133
-1.721
2.4979
0.9474
-1.0777
-3.6046
2.4597
-2.0832
-1.6017
-0.5989
0.7357
-1.9719
0.9547
-0.1045
-2.8968
-7.60088
0.4968
1.5648
0.219
2.1231
-2.6952
10.3155
3.8516
-0.4072
-7.2189
-4.3508
0.79848
-0.3987
0.6725
-0.8318
-1.58
-0.3113
-9.6582
1.7821
0.3416
-1.5373
1.283
7.6373
-0.6481
0.96727
-6.2208
-1.1898
-0.9667
-0.63694
-0.4939
-0.376
-0.248
2.669
1.7258
0.13594
-0.53972
-0.5525
-0.3071
1.9096
1.4944
-3.0441
2.4656
0.9792
-1.5419
-1.96872
-7.7723
0.90929
1.7664
1.4139
-0.12208
0.1355
1.0111
-3.1354
0.3023
-0.0213
0.3092
NA
-0.1438
-0.26672
-1.5356
0.3226
0.57863
-1.1217
0.4609
6.4625
-3.97642
2.0835
0.50376
-1.62719
-1.7689
NA
0.94403
-1.8163
-0.9379
-0.2119
-0.8575
-2.6613
-0.8564
-8.2506
10.2988
-0.89109
NA
0.7295
-0.03969
NA
-1.27471
0.1675
0.6066
-0.55691
-4.78996
-1.0031
1.9161
-0.31842
0.5192
0.1571
-2.50149
-1.50402
-0.2904
-7.1811
-0.3573
-0.76985
3.1422
-4.3167
1.8743
0.97761
-0.008
NA
-16.33428
-3.42523
0.4148
1.1617
-0.5957
-2.4608
-0.239
-0.10695
1.9739
1.04781
1.1003
-0.8196
0.28902
-1.9416
1.7711
1.1403
5.9047
-3.5025
-2.5662
-0.5942
-0.00282
0.729
2.8421
0.829
0.90742
0.49444
0.7983
0.61077
-1.0148
-0.0614
-0.1615
-1.0725
-1.0334
-5.7448
-1.4925
0.8323
1.4743
-1.6738
-1.9677
-1.6508
-2.49
-0.7667
1.0276
-1.13958
1.18891
1.4153
1.7904
-2.2657
-0.3799
-3.3523
-0.79112
2.43396
-1.4475
-1.2966
3.03137
-2.2943
-7.588
0.5311
-1.7217
1.0766
-0.2196
-2.4565
2.1625
0.8568
-1.4036
-1.6457
1.4949
0.0303
-1.4411
3.4833
5.3971
0.1373
-2.0708
-9.5632
0.5052
-1.2006
0.1758
-4.3707
0.7846
-0.3262
0.6268
0.0613
-0.4584
1.2569
-1.01
2.8155
0.9704
12.5076
-0.5202
NA
NA
-2.773
-0.206
-2.7366
0.0806
2.1084
3.9768
0.6626
2.4389
2.1847
0.38131
0.3124
2.6547
1.1808
-0.8079
1.20631
-0.47797
0.5506
-0.7523
0.0295
-1.4021
20.058
0.9333
-4.3048
-0.56277
-0.5211
0.171
0.5689
1.8242
1.0981
0.0911
1.4378
1.4351
-0.4729
7.37335
-0.9843
3.19555
0.8087
-1.83053
-1.6018
0.6542
0.77482
-0.719
-1.9797
-2.4139
1.92018
-4.1979
2.4453
-1.4026
2.0141
3.7429
2.8895
-0.6222
-1.7352
0.6596
-0.184
2.3864
2.3727
0.59985
0.99029
0.7341
-0.1599
2.6224
2.07128
-0.4314
1.2081
4.6051
4.1477
3.8047
-0.077
-3.984
4.7024
NA
-0.82982
NA
-8.2825
-0.02
-0.887
2.4118
2.35025
0.52704
3.8562
-1.7104
0.9864
2.6161
1.2718
-0.00633
1.8185
-0.289
-3.1645
1.2756
-2.4009
-0.3288
-3.25334
0.1533
0.9169
-1.1445
0.8029
0.5181
-1.0111
4.0024
NA
-2.137
NA
0.1533
3.0041
0.4665
-2.4539
-5.9206
-2.8899
-0.8417
-0.49534
-1.4981
-1.3267
-0.6097
-0.51627
1.2119
3.1652
1.3718
1.47986
3.9142
1.4958
0.1644
-0.094
1.1802
