0.5
0.5
0.352350989803394
0.352350989803394
0.0880003851139918
0.0880003851139918
0.5
0.5
0.0878583838697523
0.0878583838697523
0.195692299765753
0.195692299765753
0.277173122471634
0.277173122471634
0.127613867952706
0.127613867952706
0.066948790079914
0.066948790079914
0.0739979758858681
0.0739979758858681
0.0787667920114472
0.0787667920114472
0.0100164694245905
0.0100164694245905
0.018668084670557
0.018668084670557
0.195240372413056
0.195240372413056
0.0396064545493573
0.0396064545493573
0.5
0.5
0.0645836631051531
0.0645836631051531
0.0634075143396289
0.0634075143396289
0.0270871310960501
0.0270871310960501
0.01
0.01
0.5
0.5
0.170386233966084
0.170386233966084
0.3221981475872
0.3221981475872
0.10830521112223
0.10830521112223
0.0516214902279898
0.0516214902279898
0.0157623816747218
0.0157623816747218
0.0461049676900479
0.0461049676900479
0.01
0.01
0.190207010221885
0.100198412546888
0.0236049854429439
0.0236049854429439
0.01
0.01
0.276816134142194
0.276816134142194
0.0765450595041315
0.0765450595041315
0.144419588840784
0.144419588840784
0.147016737045007
0.147016737045007
0.0857869936153293
0.0857869936153293
0.139381343771921
0.139381343771921
0.210093513304803
0.210093513304803
0.0539762797159208
0.0539762797159208
0.216564812481847
0.216564812481847
0.131594377191024
0.131594377191024
0.167372521938043
0.167372521938043
0.0565299693262205
0.0565299693262205
0.108963993216668
0.108963993216668
0.218311001534078
0.218311001534078
0.0325707241427153
0.0325707241427153
0.136339685164793
0.136339685164793
0.0528222541557625
0.0528222541557625
0.120449327252092
0.120449327252092
0.0124927927985964
0.0124927927985964
0.5
0.5
0.0591878293954152
0.0591878293954152
0.0982209295034409
0.0982209295034409
0.119233637110548
0.119233637110548
0.146082342456313
0.146082342456313
0.0460771218175068
0.0460771218175068
0.5
0.5
0.207117802177774
0.207117802177774
0.0565207345046875
0.0565207345046875
0.100705097266473
0.100705097266473
0.0719124746226855
0.0719124746226855
0.147054998756604
0.0516465000109747
0.0352261195163628
0.0352261195163628
0.0947351423325017
0.0947351423325017
0.28356297694749
0.28356297694749
0.0591010296251625
0.0591010296251625
0.177086986501919
0.177086986501919
0.15896287690218
0.15896287690218
0.0718727845698595
0.0718727845698595
0.0939939982490614
0.0939939982490614
0.110169412934439
0.110169412934439
0.0316631999318437
0.0316631999318437
0.113018771906601
0.113018771906601
0.198073139921285
0.198073139921285
0.0948903918731958
0.0948903918731958
0.0529771119821817
0.0529771119821817
0.113687353263389
0.113687353263389
0.117350208520176
0.117350208520176
0.112933494262399
0.112933494262399
0.0367277941899374
0.0367277941899374
0.218847462894831
0.218847462894831
0.116156832913881
0.116156832913881
0.25161216034225
0.25161216034225
0.135251040424438
0.135251040424438
0.128822889683778
0.128822889683778
0.298781753505085
0.26397804189973
0.102409495948814
0.102409495948814
0.5
0.5
0.182155859464066
0.182155859464066
0.064687566831708
0.064687566831708
0.456430713651029
0.456430713651029
0.0164306391047128
0.0164306391047128
0.0217379341134801
0.0217379341134801
0.0754732974169829
0.0754732974169829
0.0696727373404428
0.0696727373404428
0.108706884507254
0.108706884507254
0.129247094358535
0.129247094358535
0.127897940385954
0.127897940385954
0.158675255042935
0.158675255042935
0.192927957878666
0.192927957878666
0.160370164175937
0.160370164175937
0.378312359079441
0.378312359079441
0.0855888249617873
0.0855888249617873
0.0954842670354992
0.0954842670354992
0.0952707925345749
0.0952707925345749
0.0253547254018486
0.0253547254018486
0.159305529103832
0.159305529103832
0.27534744030467
0.27534744030467
0.195786202925475
0.195786202925475
0.102386668743566
0.102386668743566
0.01
0.01
0.12880440162796
0.12880440162796
0.0927708841161802
0.0927708841161802
0.107261263712527
0.107261263712527
0.22821906962103
0.22821906962103
0.0982314699562266
0.0982314699562266
0.0544901861110702
0.0544901861110702
0.273585860418592
0.273585860418592
0.0526444270646298
0.0526444270646298
0.212381535662774
0.212381535662774
0.185145045624332
0.185145045624332
0.173666593891786
0.173666593891786
0.120528558868201
0.120528558868201
0.248885232197557
0.248885232197557
0.265707975613389
0.265707975613389
0.0695209282916039
0.0695209282916039
0.0190524620935321
0.0190524620935321
0.0290914858225733
0.0290914858225733
0.271583627989951
0.271583627989951
0.102923880284652
0.102923880284652
0.017052448564209
0.017052448564209
0.122584259089462
0.122584259089462
0.0343203282908105
0.0343203282908105
0.5
0.5
0.139347165444152
0.139347165444152
0.364148288294395
0.364148288294395
0.0888549207011238
0.0888549207011238
0.185377725160899
0.185377725160899
0.0192489765817299
0.0192489765817299
0.0784453272353858
0.0784453272353858
0.088960388652049
0.0223903401951711
0.0598776559811085
0.0598776559811085
0.0134782465111102
0.0134782465111102
0.0141702081542462
0.0141702081542462
0.0617606196552515
0.0617606196552515
0.0880257104856625
0.0880257104856625
0.448722711925335
0.448722711925335
0.105761742352726
0.105761742352726
0.0880941467592493
0.0880941467592493
0.0622853703796864
0.0622853703796864
0.321302651463154
0.321302651463154
0.0947887628339231
0.0947887628339231
0.260589499945257
0.260589499945257
0.197363881620796
0.197363881620796
0.01
0.01
0.134260277956011
0.134260277956011
0.31377326640493
0.31377326640493
0.148576485871555
0.0986770182615146
0.176600700470837
0.176600700470837
0.0454156697262078
0.0454156697262078
0.199447815393316
0.199447815393316
0.139685323828118
0.139685323828118
0.01
0.01
0.353292010483718
0.353292010483718
0.0732591602252796
0.0732591602252796
0.0555655021828804
0.0555655021828804
0.0850536648184061
0.0850536648184061
0.062121545872651
0.062121545872651
0.115700437215375
0.115700437215375
0.0268037567811529
0.0268037567811529
0.01
0.01
0.0110388374119896
0.0110388374119896
0.0204880058183613
0.0204880058183613
0.228036333168818
0.228036333168818
0.0891413393430412
0.0891413393430412
0.221291462259186
0.221291462259186
0.0644355899188667
0.0644355899188667
0.128491988399284
0.128491988399284
0.145592515350537
0.145592515350537
0.01
0.01
0.01
0.01
0.0425286868777581
0.0425286868777581
0.0329713884741068
0.0329713884741068
0.373958159312328
0.373958159312328
0.196491351205142
0.196491351205142
0.5
0.5
0.229179028595302
0.229179028595302
0.260020317031506
0.260020317031506
0.175520125490831
0.175520125490831
0.0924904881510884
0.0924904881510884
0.0915656937751919
0.0915656937751919
0.247570497916768
0.247570497916768
0.156532404379206
0.156532404379206
0.327917261265311
0.327917261265311
0.0923598854569718
0.0923598854569718
0.5
0.5
0.286599975439224
0.286599975439224
0.0271850300357099
0.0271850300357099
0.215580641133659
0.215580641133659
0.308528420502756
0.308528420502756
0.0609181136085185
0.0609181136085185
0.5
0.5
0.212512621317315
0.212512621317315
0.131625055515425
0.131625055515425
0.0711412243545055
0.0711412243545055
0.0504488027421758
0.0504488027421758
0.0859720736509189
0.0859720736509189
0.179013387014376
0.179013387014376
0.0236422696405724
0.0236422696405724
0.314023959710916
0.314023959710916
0.0833194988546893
0.0833194988546893
0.0578885144421595
0.0578885144421595
0.113179327960344
0.113179327960344
0.0968474149703979
0.0968474149703979
0.3627928356451
0.3627928356451
0.120030258356811
0.120030258356811
0.455839333285518
0.455839333285518
0.01
0.01
0.5
0.5
0.0552724190521985
0.0552724190521985
0.13542419252287
0.13542419252287
0.394055942520222
0.394055942520222
0.0436359632061794
0.228899655217593
0.227776837561881
0.227776837561881
0.0212569714291021
0.0212569714291021
0.078396875315905
0.205925996967809
0.447322390948362
0.447322390948362
0.0281317077991012
0.0281317077991012
0.191034901275517
0.191034901275517
0.186028471955316
0.186028471955316
0.432916099925466
0.432916099925466
0.261345204512093
0.261345204512093
0.0240612344350666
0.0240612344350666
0.01
0.01
0.292825532503841
0.292825532503841
0.057174062076956
0.057174062076956
0.0314450288191438
0.0314450288191438
0.202033588935839
0.202033588935839
0.154908045232628
0.154908045232628
0.0638572154799476
0.0638572154799476
0.108642911066519
0.108642911066519
0.27284012249342
0.27284012249342
0.148131394519689
0.148131394519689
0.101419943547808
0.5
0.334200779795369
0.334200779795369
0.170135596062275
0.170135596062275
0.01
0.01
0.0555541950277984
0.0555541950277984
0.5
0.5
0.0103517690207809
0.0103517690207809
0.01
0.01
0.0548252322943881
0.0548252322943881
0.0422859300554182
0.0422859300554182
0.18690785052556
0.18690785052556
0.104717798507396
0.104717798507396
0.0172043785918504
0.0172043785918504
0.179588717635008
0.341554353087863
0.397472861110886
0.397472861110886
0.150000282184439
0.150000282184439
0.176581085280733
0.176581085280733
0.0636452407808974
0.0636452407808974
0.0520393465412781
0.0520393465412781
0.5
0.5
0.0539833196111407
0.0539833196111407
0.0334996067223854
0.0334996067223854
0.0484293052693829
0.0484293052693829
0.198108490503611
0.0245130646636408
0.0119863140396774
0.0119863140396774
0.5
0.5
0.217241979750309
0.217241979750309
0.5
0.239330212945554
0.219925348820601
0.219925348820601
0.0891499739605933
0.19360766163397
0.126575710320785
0.126575710320785
0.0347824544793127
0.0347824544793127
0.225757715931598
0.225757715931598
0.0572898012818769
0.0572898012818769
0.225771853128884
0.225771853128884
0.0308524798834696
0.0308524798834696
0.11713830702308
0.11713830702308
0.5
0.5
0.0358108799727256
0.0358108799727256
0.0398892180987344
0.0398892180987344
0.158605532289605
0.158605532289605
0.466344633784763
0.466344633784763
0.0392188601894304
0.0392188601894304
0.0163525024428964
0.0163525024428964
0.258490721682522
0.258490721682522
0.013529601240724
0.013529601240724
0.01
0.01
0.147022747125041
0.147022747125041
0.151803970796274
0.151803970796274
0.106896006635608
0.106896006635608
0.229293775452737
0.229293775452737
0.42350555698023
0.42350555698023
0.340789331756254
0.340789331756254
0.140289443566231
0.130015672550755
0.1925515380625
0.1925515380625
0.170269501479367
0.170269501479367
0.261977603739563
0.261977603739563
0.123457881895112
0.123457881895112
0.16955259697813
0.140804126293616
0.195896197942303
0.195896197942303
0.0471845506690443
0.0471845506690443
0.195480923813986
0.195480923813986
0.205564365343409
0.205564365343409
0.0533791169989854
0.0533791169989854
0.010349105269487
0.010349105269487
0.0907572028459981
0.0907572028459981
0.344155708029589
0.344155708029589
0.5
0.5
0.33397119779112
0.33397119779112
0.0180968962842599
0.0180968962842599
0.5
0.5
0.201494833587887
0.201494833587887
0.0680153707042336
0.0680153707042336
0.060497728921473
0.060497728921473
0.104822270179658
0.104822270179658
0.0782634833827615
0.0782634833827615
0.124565700435298
0.124565700435298
0.048106197360903
0.048106197360903
0.0984209289774299
0.0984209289774299
0.0248033169424161
0.0248033169424161
0.0202772558635405
0.0202772558635405
0.106521438351226
0.106521438351226
0.0200076550478116
0.0200076550478116
0.5
0.5
0.0771370395552367
0.0771370395552367
0.01
0.01
0.0386194649152458
0.0386194649152458
0.138649149046497
0.138649149046497
0.123012200572222
0.123012200572222
0.19081240351613
0.19081240351613
0.0629763799253851
0.0629763799253851
0.0207669089114156
0.0207669089114156
0.116788296907427
0.116788296907427
0.0458951002685353
0.0458951002685353
0.162616566934841
0.162616566934841
0.127217122773127
0.127217122773127
0.0661336166085675
0.0661336166085675
0.0522617332187204
0.0522617332187204
0.105181488202171
0.01
0.135799348348038
0.135799348348038
0.0144218071829528
0.0144218071829528
0.0819774853996933
0.0819774853996933
0.0139329750789329
0.0139329750789329
0.0205713126808405
0.0205713126808405
0.5
0.5
0.01
0.01
0.063323481939733
0.063323481939733
0.168290712910922
0.168290712910922
0.147876101446556
0.147876101446556
0.01
0.01
0.5
0.5
0.120149841712074
0.120149841712074
0.0108912934234793
0.0108912934234793
0.0123424242581988
0.0123424242581988
0.0366662489483133
0.0366662489483133
0.0126981091685593
0.0126981091685593
0.03063577957405
0.03063577957405
0.203394834178718
0.203394834178718
0.02962102681548
0.02962102681548
0.0116334006423131
0.0116334006423131
0.0290120909688994
0.0290120909688994
0.5
0.5
0.185655485226991
0.185655485226991
0.0184244190808386
0.0184244190808386
0.0469638920374874
0.0469638920374874
0.0561073032673448
0.0561073032673448
0.0573994051432237
0.0573994051432237
0.17428643493283
0.17428643493283
0.0189646532060578
0.0189646532060578
0.0142107438063249
0.0142107438063249
0.0506967240711674
0.0506967240711674
0.148496929177301
0.148496929177301
0.0843301471788436
0.0843301471788436
0.193834791652145
0.193834791652145
0.0811161184916273
0.0811161184916273
0.5
0.5
0.372925858646354
0.372925858646354
0.16263228104751
0.16263228104751
0.0108033678028733
0.0108033678028733
0.01
0.01
0.0669543919153511
0.0669543919153511
0.0927417938131839
0.0927417938131839
0.0366174460854381
0.0366174460854381
0.109825237575243
0.109825237575243
0.224722041545141
0.224722041545141
0.095420185290277
0.095420185290277
0.130801021661777
0.130801021661777
0.0396810100413859
0.0396810100413859
0.0613378324080259
0.0613378324080259
0.0315444756732542
0.0315444756732542
0.0672565130051225
0.0672565130051225
0.01
0.01
0.329688570606398
0.329688570606398
0.0294366537127644
0.0294366537127644
0.0207498122132292
0.0207498122132292
0.034857714834896
0.034857714834896
0.295620408362213
0.295620408362213
0.133593808179488
0.133593808179488
0.16437589498538
0.16437589498538
0.117679782578008
0.117679782578008
0.0721107441466302
0.0721107441466302
0.286090507691738
0.286090507691738
0.301343612639669
0.301343612639669
0.148423972459428
0.148423972459428
0.358634737208208
0.358634737208208
0.0199026173679158
0.0199026173679158
0.078181292465888
0.078181292465888
0.207754718831958
0.207754718831958
0.169215036084162
0.180375709471511
0.0224820611765608
0.0224820611765608
0.271921974966738
0.271921974966738
0.202348809124188
0.202348809124188
0.0493114643264562
0.0493114643264562
0.01
0.01
0.268371908726606
0.268371908726606
0.0160173152340576
0.0160173152340576
0.0583210723202935
0.0583210723202935
0.27274596633992
0.27274596633992
0.01
0.01
0.15428305514458
0.15428305514458
0.222607546380225
0.222607546380225
0.0841138194145683
0.0841138194145683
0.0284304661676288
0.0336530487053096
0.0292606658069417
0.0292606658069417
0.0130548602901399
0.0130548602901399
0.5
0.5
0.0110215113925026
0.0110215113925026
0.0382423008559272
0.0382423008559272
0.125221939123608
0.125221939123608
0.171155848440932
0.171155848440932
0.215105679059837
0.215105679059837
0.210997309228988
0.154715062764691
0.154978134523364
0.154978134523364
0.033411938953933
0.033411938953933
0.0682436338858679
0.0682436338858679
0.0667583563132211
0.0667583563132211
0.122814515492236
0.122814515492236
0.01
0.01
0.0814839445520192
0.0814839445520192
0.235066867141489
0.235066867141489
0.196661253639715
0.196661253639715
0.0925615972140804
0.0925615972140804
0.121028011176041
0.121028011176041
0.10606319149326
0.157979056745054
0.0630416154395789
0.0630416154395789
0.0682128683198243
0.0682128683198243
0.248783188673172
0.248783188673172
0.102091085119173
0.01
0.148014885385221
0.148014885385221
0.5
0.5
0.01
0.01
0.5
0.5
0.144561072798905
0.144561072798905
0.0334680611845427
0.0334680611845427
0.220149361473266
0.220149361473266
0.145202388226041
0.145202388226041
0.0102652627342903
0.0102652627342903
0.445629455496497
0.445629455496497
0.0213577580172569
0.0213577580172569
0.28707326435155
0.28707326435155
0.0990677622612566
0.0990677622612566
0.207721629732506
0.207721629732506
0.319871876649281
0.319871876649281
0.244650009791328
0.244650009791328
0.229176851535652
0.229176851535652
0.157890415464746
0.157890415464746
0.0696491016307846
0.0696491016307846
0.217746116301481
0.217746116301481
0.0426527534611523
0.0426527534611523
0.104787550627472
0.104787550627472
0.140138250722768
0.16772187211852
0.0427950430478985
0.0427950430478985
0.0609977948712185
0.0609977948712185
0.106147842191854
0.106147842191854
0.095261378120631
0.095261378120631
0.0368650558171794
0.0368650558171794
0.219149884755228
0.219149884755228
0.397690593389414
0.268276817152712
0.0918258118908852
0.0918258118908852
0.0578349653631449
0.0578349653631449
0.0288893594406545
0.0288893594406545
0.5
0.5
0.0627092682290822
0.0627092682290822
0.01
0.01
0.0484787426423281
0.0484787426423281
0.0684130891459063
0.0684130891459063
0.218307464382679
0.218307464382679
0.031088495721666
0.031088495721666
0.0299749525184729
0.0299749525184729
0.344117450229546
0.344117450229546
0.0509157431311905
0.0509157431311905
0.0657618544064462
0.0657618544064462
0.133225910731809
0.133225910731809
0.211053777659748
0.211053777659748
0.0188077855462022
0.284491927629772
0.298130791714851
0.298130791714851
0.0681010617641732
0.5
