-0.813
0.138
0.983
-0.0042
-0.8238
-4.01322
2.5906
1.38197
-1.697
0.1589
1.58492
6.46199
1.84366
-1.45598
-3.2168
3.26899
-2.381
4.6346
-0.4307
-6.0117
-3.7815
-1.251
0.076
0.4466
-1.8333
0.6443
0.8673
-2.12086
1.771
1.8686
-0.9265
-2.8331
0.17431
3.5966
-0.0404
-1.1694
0.4981
0.157
-1.1641
-1.58495
-4.0347
-0.4868
1.7647
-1.01
2.26
0.846
0.096
1.6935
-1.2018
1.7677
1.0755
-2.4664
2.6215
-3.5246
-1.024
-1.65
5.90802
2.1033
-2.1571
2.00005
-1.61465
1.562
1.93
0.1533
0.3258
-0.51939
-1.5663
-0.4504
0.39558
-0.9349
0.196
2.4527
2.8949
-1.884
-1.9529
1.91032
0.3254
1.0108
-0.71779
0.3267
-2.54
-1.8857
-0.1386
1.09272
-0.67156
1.111474
-0.1327
-1.1675
2.16248
-1.54658
-0.7639
-3.2435
0.29612
-1.8741
2.8248
-1.8729
0.7488
1.40131
-3.3623
-0.1126
0.7023
-5.0575
1.61
1.37712
-0.0491
-0.188
0.3263
5.51009
-0.27197
NA
1.6313
0.76582
-0.0823
-2.90581
-2.4372
2.1297
-1.30866
NA
1.3732
1.33
-2.21838
-0.7883
-0.436
-0.0264
1.8717
0.1075
0.4505
-0.94022
-0.36875
-0.4784
1.470167
-0.39205
0.2826
-0.0295
0.8569
1.3091
-0.621037
0.943606
0.82518
8.4983
1.6211
-3.3975
-1.2519
0.1237
5.6612
1.37
-0.7882
-1.1129
2.1243
0.8927
1.54968
0.232
0.1557
-3.37494
1.6243
0.04174
-0.3235
3.5625
1.2972
3.39569
0.6836
3.5835
-0.18062
0.1621
2.26
-0.457
2.3897
4.706
-0.169
-1.2362
0.9163
8.1696
4.09712
-1.533615
1.17
-0.0411
-2.244238
-0.595
-1.3986
-0.749
0.248
-0.84
-1.74
0.572
-2.56176
-0.0748
-0.0445
0.5182
1.7992
-2.7236
0.0682
-1.52903
4.0352
-1.23661
-1.62
-2.1287
-0.12112
-1.87
-0.5443
-0.85
1.0756
1.29
-0.486
2.03106
-5.34
-0.42462
0.317
-1.53669
1.66814
1.50461
-0.547
-2.051
-4.036321
-2.8714
0.52709
3.1995
6.4937
-0.53398
-2.6194
1.49366
-0.2816
-0.1007
-2.6022
-0.624
-1.8785
-3.1988
0.3269
-2.10313
1.79293
-2.10651
2.1205
0.8969
1.38
-1.5621
-1.11802
-1.504
1.5197
3.2011
4.1598
-0.982
2.9946
-3.06
-3.32005
-2.12
NA
-0.5136
-5.2215
-0.5375
-1.4702
-2.6022
-2.4974
0.6454
-0.23943
-7.09028
-0.2341
-1.4606
-0.6398
0.823
6.4522
1.376988
3.271
-1.8499
3.6409
0.5572
1.3803
2.33444
-1.82
1.48
-1.1703
0.8559
-1.1311
3.57367
0.19163
2.53821
-2.99322
-1.1209
-0.6739
-1.05571
-1.039
-0.1721
-3.8216
0.04454
-0.753
0.2408
-0.0641
1.19264
4.0958
-8.8325
-2.1983
0.7878
0.3492
1.0481
-2.7542
-1.6833
1.6649
-2.2227
1.4122
-1.67075
5.7761
-0.720003
0.9993
-0.80625
-4.55685
1.54331
1.48068
0.638
1.81286
1.3689
-2.51623
3.5768
3.6579
0.1703
-0.0512
0.6053
0.6607
1.3303
4.14
0.98672
-0.06599
2.1875
-4.28
0.0662
3.08955
-7.74924
3.6199
-1.2695
-3.96385
1.03463
1.60668
-2.0067
-0.91511
-1.11
0.29257
-0.3713
1.5926
3.02
-0.1013
2.6331
1.4484
-1.44264
3.0554
1.50863
1.1026
0.0124
-1.1949
-0.683
-15.8016
-1.8889
0.2737
0.2805
0.47379
-1.838384
1.752032
-0.8014
0.01559
-3.75684
2.2984
0.0149
0.2178
-1.2223
1.53
-1.91077
-2.41893
-0.3742
-0.4358
-1.613
0.0321
-0.7916
1.2483
3.3868
0.1594
0.742
-3.6661
-2.4255
-1.6791
1.72
1.6311
0.812
0.5496
-0.571
0.92926
1.89
-2.27222
-2.3897
-0.4174
0.6946
0.2504
1.4451
-1.36781
0.67946
2.0058
2.5804
-0.5061
-1.5545
-1.0744
-0.89637
2.97004
-0.11411
-0.07324
0.386
0.798
6.654
2.1824
-0.487
-1.72219
-2.52
1.36
1.4063
2.6034
-1.305
0.774
0.0835
2.26464
0.7462
-0.5149
2.17528
0.4076
-0.97
-0.51084
3.33
-4.5419
-1.06287
-0.96671
0.41906
-4.2329
0.671
2.5546
-1.74524
1.4015
0.9707
-0.52079
-0.70104
0.46615
-1.4301
2.3352
-1.1547
-1.1554
1.5166
1.86
-6.19336
-2.0303
-2.16408
0.79424
-0.9124
1.22701
-0.30182
-1.0095
-0.8882
3.85
-1.85716
-3.06187
-1.774
1.2417
-0.84168
0.6163
0.5458
-0.04201
-0.0078
1.68152
0.66946
2.7526
20.37251
-0.2952
0.4765
-2.64187
-0.41274
-1.36607
1.10194
0.98292
0.9536
1.05782
-5.4916
0.5291
-1.8311
-10.5227
0.65859
-0.16308
3.23
0.68861
1.6415
-0.685
0.7817
0.39026
-0.5269
0.1512
0.4687
0.3983
0.6563
-0.2064
1.8376
-2.1247
-0.2101
1.8086
-0.05114
0.7421
6.73075
1.0954
3.7131
5.1509
-1.6828
-0.5839
-1.395
0.0394
-1.5304
-1.0324
0.5428
0.8221
0.2558
0.397
0.59368
0.94647
-3.0492
-0.536
1.17
-0.4291
-4.2076
1.2081
-2.466
2.3282
-2.4409
2.77645
2.8665
3.3
0.48
-3.19
1.92954
-11.1873
1.09307
-0.59938
-1.9951
1.4891
0.4493
-0.00672
3.37678
3.54858
-0.18319
-0.58083
2.75652
0.12908
0.17055
-1.01038
0.21734
-1.13821
1.38989
0.5439
-4.37517
2.59371
-4.14672
3.16566
-3.9624
3.09114
4.70501
0.47133
6.2868
-2.74229
1.82646
-1.9001
-0.8737
0.54934
-0.89634
-0.09146
0.69277
3.88014
1.02611
0.3782
-0.2226
2.62797
-0.69819
-0.9301
-2.7319
0.97977
-4.11726
3.1054
1.7713
-1.03953
-0.64077
-3.7949
2.2576
0.00422
0.1151
0.236
0.5379
0.8086
-1.7315
2.6571
2.4314
0.2598
-2.14554
-0.15898
1.75601
-3.2056
1.63037
-0.22547
-0.79734
0.15108
-1.7631
-3.5471
-7.8771
1.14487
1.53036
-0.3409
0.25
0.1337
-0.3126
1.4273
1.0622
-0.1064
-0.7045
-4.9069
3.6738
1.6419
9.7894
-0.8414
0.7421
0.5839
5.2535
0.4221
-0.7732
0.298
-2.7759
0.931
0.4528
-0.4811
-2.4932
3.0909
7.0315
3.085
0.8874
-0.2623
0.00284
-1.02476
-0.48268
-2.04797
2.10042
-2.74861
0.78621
-1.81161
1.74671
-2.15129
0.73033
-1.01624
1.8287
-0.9575
-1.0128
-2.02521
-0.2222
-0.77909
0.88916
-0.64758
-1.16487
0.33204
-0.5451
0.957
-6.13648
1.6257
-3.14248
-0.4363
0.6275
0.306
-0.3113
-2.55225
-0.4257
-2.1979
-0.1569
2.0307
0.82884
-0.8566
-1.2611
1.4216
1.4687
2.5727
-0.6004
4.8765
0.4376
0.8758
-0.5786
-0.1998
0.2014
-3.452
0.5259
0.3403
-2.6323
0.1182
-0.1705
-1.5312
1.6661
-0.7389
-3.7552
7.0532
1.9544
-0.49
-0.6039
-2.4882
1.8707
-3.5153
3.9074
-8.0572
0.6336
-1.2749
-0.0892
0.5191
2.5187
-0.8008
0.1227
2.5822
2.7549
-0.6678
-3.4359
4.6209
-0.6837
-1.5371
2.23
0.1709
1.0502
0.7867
0.1742
-1.0207
-1.3393
0.094
5.5196
-0.8809
1.6943
-0.5498
-2.1807
5.3227
1.4979
0.2908
-2.9975
-4.5979
-2.5738
-1.1536
-1.292
1.7767
-2.8503
-1.1546
-1.7915
1.4203
2.2686
-2.0288
0.2291
-4.1803
-1.2797
3.361
0.062
1.8952
1.9061
0.7541
4.0017
-1.2345
-3.5615
2.0298
1.6586
-2.1971
3.1891
1.0045
-0.5782
-2.998
-0.4272
-2.5818
0.3239
1.0822
-2.0733
1.7933
0.423
-0.0922
1.6684
0.6487
4.266
-0.3819
3.1374
1.5726
-1.23939
-1.6792
1.14596
-2.0179
-0.38562
2.2662
0.80882
-0.7658
-4.2682
-0.77445
-0.314
-2.14736
-0.028
0.272
-0.2922
-4.9036
-1.8821
2.30928
2.11671
-2.42611
-1.0171
2.24172
0.79825
0.08093
0.7655
0.67478
1.13065
3.8315
1.53342
0.1275
-0.68059
1.25475
-1.78852
-0.2833
1.11769
-4.4942
0.5329
0.4759
-0.3853
-0.9003
-1.3829
-4.11972
-3.8821
0.89514
2.00345
0.88253
2.352
-5.1725
-0.64104
-4.22625
0.55963
1.34009
0.3424
-0.2043
2.08106
0.11765
0.72869
0.06297
0.61479
-1.71033
1.50907
-0.7703
-0.89561
-0.37546
2.30263
0.87977
2.5394
0.54631
0.58501
0.76895
0.9527
-1.01788
-1.11719
0.80218
2.52304
-0.16911
1.65871
1.1053
-1.75777
1.17184
-1.0335
0.17824
-0.49997
-1.1224
0.19632
-0.15066
-1.20743
-1.47488
1.37471
-1.9877
1.42942
-0.75879
0.70817
0.14121
-1.7698
-2.7071
-0.6457
0.8737
-0.4392
-2.8747
2.1029
4.8678
-0.0964
1.3192
2.2503
1.4976
-1.5308
-0.1836
3.8216
0.7584
1.4793
-3.8976
3.3728
2.654
0.9232
1.3721
1.07
-0.13253
-0.0765
0.68619
0.46572
-1.2311
1.67176
-1.9464
-1.92669
0.12362
-0.54065
0.30539
-1.22906
-0.4199
1.04338
0.60833
-1.77742
0.29073
1.88858
-1.71676
-1.01813
1.60234
2.3612
1.5115
-2.9891
-3.2126
10.5118
-0.4859
-0.6895
2.4231
4.5303
0.5773
-1.691
0.0927
-2.2996
3.1101
0.6211
1.8502
3.1352
1.2205
-2.4909
-0.5271
0.7733
-1.4387
-1.0154
-3.0427
3.1894
-5.0104
1.4838
1.2879
-0.1481
-0.027
-0.7081
0.1815
1.0963
-0.6174
-2.4606
-3.1099
-2.657907
1.1386
0.272468
-1.401207
2.05075
0.182413
0.0942
-0.3639
-5.9381
1.807305
0.573409
-2.946
1.354
-0.4166
-1.0097
-5.026223
0.014049
2.737395
0.235
3.3334
-0.1851
0.51324
-2.0881
1.64354
-0.64456
-3.78073
-0.4725
-1.3888
-2.1111
2.18988
-0.5597
0.19521
1.22302
0.9013
-3.24474
-0.44658
0.05912
0.30569
-2.98596
3.7619
1.21283
2.77514
-3.73195
-1.89743
2.3958
-1.62344
1.85905
0.85259
0.67525
-3.4719
-0.93697
0.55345
-0.64452
1.05396
3.07432
1.7925
-5.1822
21.073
-0.25882
-6.9723
-0.26373
0.66344
-0.46142
0.28203
-12.0062
-0.58315
-0.5783
2.0977
4.12014
-2.74221
-0.99286
-2.76098
-2.07373
NA
NA
0.9374
-4.3459
0.9259
2.6579
2.7191
1.2601
2.6779
-0.633
-1.9091
-0.3383
-0.4415
0.9047
-8.37
1.9982
1.1826
-3.1043
0.3434
0.0803
-3.0458
0.9907
NA
NA
1.4052
NA
1.2903
10.5418
NA
5.4091
-2.6835
-1.3179
-1.325
NA
1.1516
-1.5709
2.2446
1.1869
2.0297
1.4582
0.8078
-1.2689
1.411
0.90427
-0.79824
-4.35794
3.98764
0.7109
0.36773
-1.6028
0.08316
-1.5059
1.90997
-0.17914
0.10937
-1.68984
0.8499
0.73091
0.864
0.31747
-0.04005
0.08952
2.26682
0.8231
-1.71814
1.27654
-0.15222
-0.7633
-0.44628
0.4542
-2.23835
1.2559
1.0421
-0.5195
0.26859
3.0478
-1.5215
-1.5794
-1.9572
-1.5307
0.81768
0.6247
1.2404
-0.99243
-0.3089
0.3527
-0.82573
4.58341
8.3706
-1.0767
-0.46727
2.39251
-2.5513
3.7913
0.4812
1.2366
-0.34911
-0.6576
-1.60142
1.5912
-4.0283
-2.31257
-2.8094
0.23189
-5.9649
-2.45362
2.64629
-0.1522
-0.69115
3.29231
-2.46495
-3.85115
0.246
-0.1636
-1.0433
-2.5407
13.3971
-1.1104
1.521
7.8709
-0.2474
-1.6474
1.2035
1.581
0.7318
2.9694
2.2535
1.5504
2.1051
2.5329
0.6456
-1.5447
-1.3036
1.2388
0.2141
-0.1278
0.1169
-2.3608
-4.6214
1.9412
2.1562
2.7999
0.5955
2.8204
12.2367
-0.4341
-3.1434
-4.1315
-3.3837
1.0605
-6.6174
-3.0372
-0.3817
1.6185
0.0241
2.8022
2.0827
0.7176
3.7108
1.5671
0.2078
-1.1841
-2.38394
4.6822
1.4845
-0.2435
-1.0678
0.665
-1.09
3.6378
-0.976
-2.29
1.39
1.53
3.55
1.48
3.96
-0.675
-1.46
-1.78
-2.06
-1.12
1.28
11.6
1.11
1.11
-0.996
1.77
1.24
1.8
0.217
-1.11
1.26
-0.949
1.1
2.18
1.62
-0.896
-0.677
0.334
0.345
-0.143
1.5
-1.8
-0.766
-0.86
0.393
0.481
-0.576
3.98
-0.529
1.3
-2.53
-0.589
-0.213
-3.33
-9.33
4.7
1.41
-1.62
0.64
-3.05
2.14
1.79
0.916
0.331
-1.712
-1.7201
-0.21943
0.3082
1.5175
0.06814
4.44
1.56
-0.923
-0.0756
-0.0279
-1.12
-2.359
-0.2714
0.05445
-0.2544
-0.7656
0.356
1.5582
1.0707
-2.0397
-1.2453
0.84865
-0.67594
0.9885
-0.9029
0.729021
-1.1927
-0.6237
0.1177
0.8492
1.1497
1.9269
-1.5513
0.3094
-1.7246
-2.37165
-0.978
2.8224
1.7044
1.2699
0.221
-2.3815
-2.5712
1.4358
-0.2488
-3.0657
2.3238
-1.0792
0.4092
2.0463
-0.2766
2.0993
0.3505
0.6966
-0.2419
1.0102
-1.3432
-2.0641
0.5994
0.3101
0.8402
1.793
-1.3519
-0.6334
0.08867
0.53464
-1.4781
1.10663
-1.5463
1.45897
-1.8008
-9.8797
NA
-1.2754
2.83664
-1.5793
1.142583
2.7828
-0.7907
-1.1597
0.97588
2.1012
1.05
1.35
2.43
-0.33584
1.39107
1.217
1.7719
-1.71715
-1.4768
1.0367
2.0697
1.836
3.0827
4.10824
1.14268
0.72013
-1.06823
1.60776
0.5525
1.0271
-2.2794
0.68
1.314
-0.9124
2.1444
1.6463
-1.0989
-0.5044
1.7
0.3241
-2.7568
0.2077
-2.42618
-0.9616
-1.4197
1.24342
0.9986
-2.2629
-0.6308
6.6019
-0.4391
-1.0999
0.1112
0.459
2.51
-0.1583
-0.52089
-1.10537
-0.58671
2.8044
-4.3655
0.219
2.17
-1.08
-2.84
7.67
-0.95072
0.3804
4.4265
-1.71306
-0.62874
2.737
0.5324
0.4587
1.5298
0.75706
2.127
-2.40547
3.26516
-1.84859
-0.04978
-1.4
2.39758
-0.7709
-1.90311
-2.7611
-1.43053
-5.0126
0.6004
-2.54707
1.0323
-1.223
-1.53811
0.00936
-0.9725
0.9806
1.2428
-1.52
-2.36
0.5897
0.4668
1.41833
-1.3
-7.5132
-0.518
-2.0001
1.27275
1.74164
-0.6303
2.764
0.85511
0.0375
0.34671
3.84937
0.45868
-1.0723
-0.57411
-2.68461
-0.8337
-0.12298
-1.08175
1.70374
1.0236
0.20719
1.3675
0.803
-0.881743
-0.23581
NA
-0.5573
NA
NA
0.8639
3.0627
NA
NA
-4.1025
0.0994
-0.4791
-0.0999
-2.7141
0.6787
0.7095
1.0992
2.8881
-0.6215
0.3941
-0.3178
3.7282
-0.8814
-5.0991
-0.2081
5.33988
1.1507
-1.5014
1.551
-0.7471
-0.5268
-3.03893
-1.7435
1.4799
-0.7307
-0.379
1.7281
-0.1195
-2.6921
-1.43537
-0.44025
-0.59804
2.8883
-1.3316
-1.06255
-1.97052
1.49414
-1.25996
0.7538
-0.08109
1.35712
0.30114
5.34
0.6756
0.86
1.23
5.2171
-0.2746
0.0467
-2.5657
0.8889
-0.2537
-3.121
-1.1958
0.551
-0.1566
2.44
2.8447
0.42545
-0.10237
1.24713
1.0478
-1.33485
-1.95582
2.3942
-1.39011
0.611523
-2.444
3.55
0.1486
0.421
4.32499
-2.3644
0.9079
4.6095
2.8367
-0.1902
0.02068
-1.33656
0.84035
5.15183
-5.59786
-0.922944
-1.9344
-3.832614
1.45252
3.52682
0.13939
-0.2685
1.80175
0.50481
-3.42006
-0.1781
-2.11578
-1.92316
-0.88829
0.49893
-1.2455
2.0818
-2.1343
-0.0218
0.978
-1.8692
-5.6684
0.3927
-1.1363
-0.9351
-4.6173
-1.6082
-1.9947
-0.13115
-0.548908
-1.1698
-1.6691
0.9633
1.3451
-3.82079
-1.1349
-0.7094
0.7127
2.8196
-0.0592
-0.5875
-0.4327
-1.7896
0.5006
-0.64292
-1.1722
0.785
2.9565
0.186
6.4131
0.64329
-0.5841
4.0862
-4.56505
-3.6655
0.028
2.00268
-0.3536
-1.91935
2.093
-1.4972
0.1433
1.4707
-0.425
-0.788
-0.788
0.1068
-1.7725
1.5175
-1.0939
0.605
3.96571
-0.6101
-1.44905
-1.2905
-4.36
0.13793
-0.8914
-0.5987
0.5393
2.6421
4.57001
4.89349
3.2554
0.385
-2.1302
0.03207
-0.2666
0.49486
4.27293
-1.9289
1.15
0.85465
3.23719
-0.3047
-2.8646
2.2124
-2.1732
-0.8805
1.60723
-1.3219
-0.91968
-17.3522
1.48283
-18.7717
1.2132
1.58
1.16979
0.2704
-0.473
-0.856
0.0894
-0.9592
-1.1231
-2.64479
-0.8423
0.2252
0.624
0.2223
0.2367
-0.6609
1.2176
-0.46695
-1.0213
-2.9373
-0.9482
-0.2523
-4.3065
-1.08025
-2.22643
0.7894
2.5594
-9.65526
2.7294
2.6662
-1.73206
0.11278
-4.4389
1.9136
5.5681
-0.92071
0.3502
2.92
1.07
1.4
2.1629
-0.717
-2.14188
2.50699
0.4439
-0.0512
-1.8
-5.24
2.2
-1.5579
-0.5563
-1.7333
-0.632
0.798
8.372
-2.865
2.39542
-0.1075
1.2486
-1.39268
0.94161
-0.85327
3.67244
-2.54675
-0.449
-2.7308
-0.78765
0.55487
0.58243
0.3179
-1.63609
-0.63552
-3.2087
0.9674
-0.3139
0.29328
0.14474
0.29795
0.14846
2.9151
1.9905
2.809
-2.3117
2.9228
-0.394
-0.1357
-0.8594
-0.7432
-0.6249
1.7432
0.2794
-2.5639
0.22354
1.07379
-1.7689
-0.000349
-0.427
-1.67
1.42
1.31
-1.24
-3.45
0.6252
0.0962
1.98086
3.77196
0.45879
0.5154
1.1542
4.30669
1.36182
-2.3019
2.1834
6.16799
0.3774
0.86772
-2.52577
-3.66108
-0.1279
-1.15
2.1697
1.3443
1.5068
0.9364
-2.5655
-9.43866
-7.201
0.044274
-0.7632
-1.4809
-1.2004
-0.3967
1.9224
-1.8737
0.8841
-0.7323
-0.3616
0.0146
0.0156
0.07073
-0.9694
0.59394
-6.18868
0.78947
1
-2.49
-1.7415
0.0835
0.082
-2.1932
-4.1145
-2.64526
-1.01761
0.5581
2.19186
-0.25095
2.80696
-0.5597
-3.3748
0.1067
-2.538
-2.0448
5.2858
-1.3459
0.0201
2.0052
0.0932
0.107
3.5138
0.439
-0.728
0.11
0.278
0.913
-3.03
-1.67
-0.4881
-2.3327
-1.5216
-2.5234
0.278
0.4007
0.9473
2.1462
2.5393
-0.0061
1.06018
-0.79541
-1.3353
0.2389
0.8305
1.9066
0.8339
1.3037
1.5481
-2.8132
1.8151
-0.15486
-0.62075
3.6733
-0.6217
2.9166
8.4513
-5.3923
-3.3756
-0.5411
-0.7583
-1.7262
-3.3101
2.3636
1.25
1.4224
1.732
0.5336
-0.2551
0.1611
1.0548
-1.8473
-0.8661
0.5901
-3.6775
-1.9603
0.4502
-2.8113
2.7858
-3.4429
-0.5088
3.3213
-1.018
0.5015
-2.7018
-0.5846
-0.0293
0.8274
-0.6795
-0.5913
1.8997
0.3677
-1.4008
-1.4954
1.3048
0.6894
0.071
NA
NA
-2.0563
NA
-0.1704
1.9343
1.28053
0.4023
0.6768
0.9623
-0.2032
-1.2847
0.34902
-0.20048
-3.5685
0.0937
1.88
0.6565
0.4578
-2.0552
4.2169
-5.4839
0.6513
4.779
0.656
3.3272
-2.0327
-1.8909
-0.4499
-0.479
-1.09
-1.21
-1.51
2.19
-2.69
-0.2021
4.0195
-0.8292
0.3541
-0.6932
0.154
-2.0862
0.9238
-1.8646
-2.7925
1.48321
-2.64507
0.38236
-2.0886
0.2375
3.65071
-0.07866
-0.02085
2.54653
-0.50575
-3.27522
-0.40642
-1.3883
-1.255
-1.288
1.687
-1.604
-0.6415
-1.6845
0.4154
-6.80548
-0.7256
-0.8717
-0.604102
1.400702
-2.84793
-3.975324
-1.681245
0.365747
-0.2933
-0.994565
0.8863
1.9772
0.1784
-1.966169
-0.856927
-0.668743
-0.6038
0.668498
1.376138
-1.829804
0.2882
-1.1246
0.39253
0.0269
3.3823
0.01159
-0.46108
2.66082
1.79191
0.0489
4.85311
-0.21151
-1.40388
0.60367
-2.33444
-2.18
1.02184
-1.36768
-2.1159
-0.1321
-0.8887
4.77178
4.2222
1.24065
-0.42819
-2.0038
-0.028
-0.5751
-0.0137
0.5087
-3.9566
-1.0475
1.0856
-1.8096
1.3767
2.3837
-1.1843
-0.0352
-1.5252
-0.707
0.6414
-4.5865
2.1724
3.7777
-0.4063
-1.6126
-0.6989
0.0158
-0.0319
4.935
-1.7795
-1.9083
1.5964
0.5742
-0.6652
-0.4458
-0.8765
0.6333
-1.1281
0.855
-1.1489
1.8004
-1.8713
1.3132
-3.2001
-2.1538
0.2949
0.3274
-2.1726
-0.9275
-1.573
0.3767
-0.0182
0.4668
0.08
1.3345
0.6423
-1.5574
0.6461
-1.8129
3.5047
5.0042
2.2029
2.1257
-2.1865
2.1947
-1.8875
4.3574
-0.8621
0.5463
-1.1607
1.6315
0.5888
1.198
-0.3187
0.8091
0.7848
0.8536
-0.0814
4.2247
-1.9953
3.2446
-0.5277
2.5745
-1.689
-0.4694
0.5504
0.2698
1.1509
1.662
-4.4237
-0.9593
-2.0277
0.06955
1.0289
-0.0351
1.89818
-3.01863
-4.7393
-0.0721
0.8526
-3.7977
0.1744
-0.9519
-3.8729
-1.34049
3.8145
-0.6226
-0.01425
1.2497
-0.2707
4.81277
-0.97119
-1.15584
2.15
1.34
-1.16
1.1
-1.62
-0.917
0.719
1.1
-1.2
-0.334
-0.864
-3.24
-0.44
-4.18
0.633
1.43
-0.569
2
-1.94
0.112
0.0278
-2.62
-1.74
0.704
1.56
-0.405
0.2
2.75
1.66
1.17
1.37
1.89
1.33
8.3
-0.287
-6.35
6.58
8.25
7.38
-2.54
2.95
10.9
-0.329
-5.59
-8.82
-2.63
-0.529
-1.15
1.16
-0.126
-0.325
0.736
1.46
0.159
-0.121
1.8811
1.13
1.52
2.6
-0.653
1.24
-0.123
1.1951
2.4852
-1.9049
0.7009
1.7081
-0.2666
-1.4143
2.1244
1.2794
-1.5822
-0.9643
0.418
-0.8072
1.4932
0.7521
-3.4687
1.1458
0.4044
-0.8673
0.8251
-0.2878
-2.9776
-0.44814
-0.6016
-1.4344
-0.6678
0.66205
0.83397
-0.1947
3.5132
-0.4951
1.36951
-0.90077
1.24581
1.02005
-0.5908
-0.5588
-2.22569
1.1001
2.10014
-0.97999
-0.1912
-1.1606
-0.73227
0.86665
-5.80343
-2.59828
0.64976
-0.74245
-0.425474
-0.451788
1.2673
2.983285
-0.710856
-0.277743
4.569437
0.541872
0.635508
-3.477395
2.192
3.210744
-0.403415
-0.7746
-1.53716
-1.869199
1.93757
-0.35191
2.13795
0.19788
-1.74868
-1.5072
-0.46397
-0.6674
1.68185
-5.42124
0.255
16.35233
1.12467
1.71315
0.86279
-2.59175
-0.155
2.0207
-0.4078
0.43773
1.6522
-1.556
1.07737
NA
0.9335
-0.4623
-3.155
1.1264
1.3104
0.4716
0.6328
0.527
1.489
-0.8931
-1.5409
0.2687
0.1769
-0.80839
2.36401
-0.6853
-0.39215
-1.77956
2.66934
2.4574
-1.087
-0.5736
0.38175
2.8168
-1.1978
-1.03548
0.18622
0.5741
-1.2217
1.727
0.0096
-1.7195
-0.9119
-0.102
-0.9105
-5.0589
1.2767
-1.8402
-0.5271
-1.6959
0.057
-1.1451
3.4764
0.5272
-3.3015
3.7286
0.9604
2.2038
0.0792
-0.391
-0.8711
-0.2033
0.4281
-2.8595
0.3898
-0.924
1.656
0.6747
0.1956
0.3238
3.96918
3.147
-0.1857
0.77025
1.8124
1.5244
-0.7709
-1.7946
-1.06555
1.08817
1.3377
-0.60236
6.9131
0.38801
-3.59678
1.87318
0.365
0.21589
-3.63207
0.3567
-0.5771
-0.33341
0.19842
-0.00699
3.0157
-1.31829
-0.9226
1.07938
-0.8709
-0.4926
1.85251
-3.00906
-0.28315
0.52372
0.3946
2.18096
-1.9128
7.32526
0.65152
11.1902
1.7921
2.12772
2.1378
-1.29789
0.53278
-0.39258
0.58768
0.14541
2.56469
1.9296
2.12315
-9.0144
10.88
3.54328
-0.486
-0.3505
-0.8442
-0.7874
0.9106
1.8431
-0.58378
1.37663
-2.18821
3.78457
1.3155
-0.40717
2.37082
-0.20487
-1.2147
-0.96409
0.2465
2.6431
3.6986
-1.18637
-0.2292
-1.57884
-1.7125
0.60457
-0.0963
-1.02446
0.983074
-1.01271
0.5319
-1.523058
-0.57686
-0.83525
0.60309
-1.07487
2.6597
-0.578551
-0.1567
-0.6789
-1.2356
-1.477585
-1.5211
-0.94413
-0.51102
0.8963
4.1122
-0.40998
-1.58
-0.514
0.486
-0.3772
-0.1146
-0.2522
3.7518
3.2414
2.0362
0.1602
0.225
2.69263
-0.29722
0.96023
-0.857
2.38899
0.68188
-3.48431
-2.3011
-1.8429
2.9904
1.34023
1.04889
1.150488
-0.0764
3.1774
0.9299
1.46292
1.0763
-2.27
-3.48713
-0.26521
-0.347
-0.18153
-0.94791
1.1718
0.8907
-1.3893
-1.2188
-4.10853
1.826976
2.492864
-0.8858
0.3201
-0.4475
1.5361
-0.2908
-0.2708
1.07
-5.633
0.2264
-0.567
0.3627
1.1202
-0.4066
1.5358
0.6501
0.6621
-0.4148
0.042
0.322
2.9261
0.3412
12.4133
0.3201
-0.2025
-0.2076
-0.9674
3.2058
-0.4165
1.38468
-1.1197
0.92935
2.9118
0.86129
3.548
0.4048
-1.2867
-0.8386
-0.7125
-3.3827
-1.7228
-1.8372
-2.3397
-2.8966
0.7645
-1.3594
-0.2196
1.51
0.0721
-2.4924
1.2575
-0.65717
-2.04761
0.17163
-1.0301
-5.9121
2.8714
-2.2281
2.5945
-0.52084
1.8622
2.2931
1.53249
-1.8785
1.386
-0.5478
2.28562
-0.56594
2.4007
-2.0211
-2.03
-1.3321
0.8673
0.0253
-1.8831
1.2333
-1.9531
-0.22241
-1.3192
0.95551
4.6641
-6.52262
2.88124
0.8368
-1.627
-0.5903
0.3084
-1.0551
-0.27614
-2.7488
0.6203
4.9004
-1.41
-1.87
-0.03738
5.09491
0.448
5.314
-1.2331
-2.4339
-1.4738
-0.97403
0.1711
1.2542
1.8506
-1.1241
-1.9692
-2.1692
-0.444
2.80745
-1.9504
1.17278
-0.333
-2.7272
1.49
3.12
0.754
-0.5876
2.8305
-1.73632
0.715
-0.9364
-0.6857
-2.96133
-3.1262
-0.778
NA
NA
-1.282
0.57172
-3.37504
0.61798
3.26
-5.12969
NA
0.948
-2.7864
-1.2838
0.0384
-0.399
1.0982
1.8949
5.81
3.03
2.57
19.9811
-11.01514
-3.13
-0.3847
-5.4606
3.1408
-1.6039
3.399
-3.4803
-6.9247
3.5026
-1.0788
1.3404
-0.9522
0.551
1.2269
-0.421
-0.011
-1.2322
-1.41
-2.7867
1.1368
-4.1202
2.689421
5.393
-2.74686
1.76
-2.46
-1.47
2.3866
0.127
-1.7797
-1.7186
-0.1111
-0.3571
0.1579
1.0748
2.8735
0.9442
-0.1359
1.45509
0.6566
-1.355
1.8733
1.9338
-1.0325
-1.6063
0.6985
-1.4924
-2.5282
1.00718
0.35975
-3.4235
-1.77922
3.8101
-2.69699
-0.4674
-2.5523
2.13
1.55
1.67126
-0.69411
0.186
1.38
3.02712
-1.21
6.84705
-0.0989
2.8336
2.1185
-0.0753
-2.81709
-1.0428
-5.21903
-2.1767
2.36032
-1.08
2.66608
1.65104
2.56546
-0.3099
-1.771
-3.0962
-1.2114
0.94271
-2.24653
-2.57532
-0.412
-0.92723
-0.4821
-3.4489
NA
2.4983
2.1349
-6.0207
3.875
1.4142
-1.1174
-0.72418
-0.434
-3.1251
1.77093
5.68867
1.4849
-0.57933
-3.13
-0.268
-2.16
0.105
-0.746
-0.16
-1.83
0.034
1.12
-3.95
3.65
0.956
-1.39
1.41
-0.932
-2.07
2.02
-2.42
2.76
2.29
-1.09
-2.45
-0.493
0.147
0.219
-0.615
2.24
-3.41
-0.672
-0.257
0.314
0.57
2.13
1.2697
0.327
1.74
-5.3121
-4.321
-1.7783
-1.48
2.1083
1.1132
-1.4835
3.3291
-2.0413
-0.4236
0.5552
0.8137
3.5231
2.0874
-0.491
0.8195
0.4312
-2.3749
-4.61
5.87
0.5358
1.211277
0.2997
2.1125
4.5176
0.236
-1.1566
2.16
-1.3091
1.267028
1.0816
-0.262
-1.65775
-1.5375
0.146
1.22955
-0.03325
-1.1
1.53
1.3991
-2.65098
2.46307
1.96
-1.7385
3.04629
-0.0127
0.31629
-0.2006
0.6512
-1.2383
-3.901
1.2704
-0.1037
-0.02035
-1.12596
-0.58408
-0.61407
2.1937
1.7809
-0.07208
-2.90504
1.4036
0.129
0.432149
-1.4424
0.6127
-0.3012
-5.49217
1.0674
-1.41391
-0.07862
-4.8693
1.88
0.252
2.57
-3.0907
29.77001
-2.84281
2.76052
3.1387
6.45459
-3.9215
4.285161
-0.3731
-0.196547
-0.7393
-1.7926
2.5404
3.36897
-0.462
1.46
-0.19
1.0941
-1.09206
-0.715638
0.01583
0.9098
-2.22065
-0.725269
6.4387
-9.9691
-8.424
-8.8422
-1.28393
-2.63062
1.697
0.121991
-3.525268
0.39855
0.06532
0.23955
-0.11216
-1.10434
2.27669
1.26056
1.2701
-0.8173
1.7856
2.04916
4.3577
0.32448
2.4431
-1.243927
1.05028
-1.38242
NA
-0.619
-25.19668
-4.8372
-4.8372
-4.5078
-0.4401
2.4025
0.547
-2.4637
-1.1917
-0.2541
2.31494
1.0948
2.31869
5.7013
-0.198
-0.54823
-0.54
-0.9902
-2.57395
0.2732
1.6994
-0.694
0.5489
2.76334
0.26817
0.212
0.52628
-0.033
-0.5225
-0.57855
-0.24298
-0.6023
-0.08766
1.2663
1.97248
1.01546
1.2293
0.8387
1.5697
2.3384
-2.6909
-3.8664
0.6779
-0.6525
0.5474
-0.4096
0.6031
1.2812
0.61
0.94448
1.5087
1.1367
3.3569
0.3442
3.9753
4.6228
1.7855
0.0503
-0.9222
-0.4406
4.4451
-5.8388
-0.1739
-2.7295
-0.49189
-1.8847
0.45733
-0.69439
1.84032
1.42172
0.94742
5.07803
-4.0627
1.5359
0.17375
4.3241
-1.2101
-0.90202
-2.73648
3.23611
0.3689
1.7674
-1.13349
-1.27812
0.26168
-1.16739
0.2633
1.6724
1.6873
-3.4784
7.4012
-0.9713
3.2506
0.78844
-0.18986
0.29107
0.5862
2.7035
-2.415
-3.2261
2.3373
-5.97782
-0.9042
-1.27868
-0.1515
-2.49285
-0.33853
-0.0951
-0.6701
0.3513
0.7747
1.1846
-2.37804
0.04961
-0.3288
1.0427
-2.0555
2.1018
-1.3194
-1.8767
-0.29766
-2.0416
-2.15217
-0.6769
-0.04228
2.7438
0.5007
2.1808
1.785
4.482
1.454
-4.0892
-0.4504
-0.4102
-0.42527
-0.15426
-1.4239
1.7377
-0.1057
-0.1804
-0.4312
-0.31054
-0.6278
1.88991
-1.88782
-3.68485
-4.0189
-0.9655
-4.4825
-0.359
-0.4594
-1.0168
0.20145
-0.164
-0.52993
-8.1175
0.8725
0.1314
-1.3858
-0.2812
-2.7944
-1.8895
-1.8397
0.502
-0.629
2.1925
-3.1666
-1.3659
0.23367
-0.25217
1.4508
-0.65249
0.5402
-3.2524
5.1077
-0.4135
-0.9416
4.2874
-2.4822
1.3862
-0.6597
-1.29876
-0.1967
2.3101
0.6853
-0.6307
-2.45514
-1.25443
-2.7511
-1.75854
-1.29187
0.09087
0.0792
-0.9445
1.2311
-0.4589
0.6531
-1.5055
-0.9658
-1.27413
-0.4018
-0.1441
-1.0103
0.2124
-1.9752
1.5217
-2.3819
2.0595
0.7199
-2.7556
-0.1742
-1.51494
0.24338
0.12985
1.66659
1.0197
2.37039
-0.10719
-6.03629
4.24311
0.74192
-0.38405
3.294596
-2.07
-1.0233
-1.11899
-0.6023
2.62323
-0.464
1.37519
-1.4429
0.21333
0.26212
-0.2363
0.38608
-10.7974
1.14483
-0.3127
0.5758
1.6265
-1.2742
-0.8125
-0.067
-0.9747
2.05
-0.2294
-1.0543
-0.1353
-1.0169
0.1308
-1.04
-0.4393
-0.69646
0.664
-2.8166
0.51788
1.2009
-3.31764
2.4084
1.1575
1.39549
-0.5428
0.14301
4.0572
4.0572
-1.441078
0.13153
-0.2585
1.463
2.8468
-4.0846
-1.7471
1.6735
-3.11616
-0.0716
6.3382
2.9011
-9.5042
-1.38
-0.2161
0.813
1.80663
-0.8078
0.9822
-1.3021
6.58
3.4136
-1.8396
1.73837
0.841
-2.9793
0.8265
0.086
-7.32
-0.2169
0.1739
0.0632
2.5751
3.1955
2.6774
-1.8937
-3.0691
-0.54652
2.41127
1.14
-0.9427
2.0737
-1.05759
-2.44
-0.19857
9.8886
-1.8
-4.7319
2.9275
0.2207
-2.197
-2.2677
1.19885
-1.5241
2.42125
0.50461
3.4363
-0.16552
-3.00647
5.7051
0.913
-1.71069
-3.8014
2.3373
-1.2712
2.27191
-0.19549
-1.742764
0.51853
0.0099
-0.3442
0.9586
-0.3932
2.9418
NA
-2.3609
0.0638
2.665
1.6559
-4.091
-3.05438
2.3464
0.4798
2.3509
-2.1586
-1.08416
0.1529
-0.579158
-1.0623
2.5846
4.26021
-0.35856
-0.17892
1.32476
1.9436
1.5133
0.57032
-0.63135
1.3082
-1.02184
4.2
2.4357
1.756
0.55623
-1.3498
-1.62383
-2.7691
2.5333
0.8949
-0.76299
0.36054
2.1304
-1.429
0.51337
-1.4507
-0.3539
-0.4438
-3.9
-1.24171
0.22274
2.8762
-0.7421
2.68
0.0446
-2.0858
1.6002
0.6682
-2.4015
-0.2901
-3.1469
-5.09572
-2.117
-2.1328
0.7887
1.85606
0.674
2.29175
0.13288
0.1474
1.07352
0.7067
3.66
5.2789
6.5949
-4.37301
-1.9498
-7.27386
-0.15536
-0.11393
-0.2431
3.3646
-0.7041
-5.5899
-0.7515
-2.20942
-0.9206
-0.3353
-1.6767
4.28757
0.1404
1.1952
-4.3412
1.44
2.205286
-0.4714
0.5652
-4.31646
-2.0171
-8.3324
2.52754
0.0557
1.06224
3.68767
-1.7569
-0.48892
0.63666
-3.36987
0.46472
-2.1644
1.4149
-1.4001
-9.81639
3.204
0.0219
-0.2494
6.2625
0.7619
-2.23254
1.1923
-0.384
-6.4316
1.06342
1.0766
0.82728
-1.37191
-6.4512
-3.38911
-1.32
1.38559
0.07947
-0.8003
-0.0857
-8.5194
-1.001252
1.02488
-9.16646
1.29432
2.5418
3.99354
-3.1789
-2.7614
-1.4811
-1.22227
10.7201
-0.928
0.3326
1.4979
-2.23
-3.5756
-3.26
-4.7223
3.9043
2.8816
1.59901
2.1989
1.15346
-0.212
-0.67397
2.0308
-2.5823
-1.2974
-0.6
0.65638
-2.96795
3.028215
1.61
1.26505
1.4854
0.1707
-0.0841
0.5496
-9.2445
-0.1994
-1.8628
0.88233
0.7236
-0.57108
2.23
-0.748
0.861
1.88313
-1.54
-1.04814
-2.445
0.3685
-1.086094
-2.143598
-2.41289
-1.3621
-0.1498
-0.11262
0.61834
-1.8019
1.16264
0.97218
-1.46729
0.76802
-0.0782
0.1493
0.6617
5.07565
0.4207
0.533
2.57
1.52244
6.8918
1.09105
-0.9459
2.12598
0.60654
-1.01
1.06656
-1.1044
2.39
0.0541
0.2162
2.7597
-3.2733
-0.6861
-12.20245
1.5071
-3.50711
2.2868
-2.07482
0.04467
0.9157
1.0466
1.5282
3.5441
-5.5026
5.155
-0.3998
-1.4471
-5.7426
-2.5901
-0.6742
1.7902
-2.6
-2.6633
-4.0778
-3.4338
-1.4003
1.0839
-3.3387
-4.0278
-3.4183
1.5217
-4.3599
-0.4792
-1.018
-3.0329
-1.39
-0.8888
2.3372
-2.0315
0.38459
1.89994
-0.65945
3.444
1.5083
8.2239
3.251
-1.9388
-1.3797
-0.7006
-2.1542
0.1269
0.5382
1.47821
-0.4584
0.8573
0.15362
3.3961
-2.6046
1.1576
3.4437
-1.77
-2.41076
6.57238
3.7534
-1.54726
1.5425
-3.7444
1.28935
-3.5763
0.3188
-1.7628
1.7295
1.6896
-1.38368
1.1855
-0.4879
-2.9317
-0.9778
-1.5775
-1.94477
0.6952
1.29
-0.438
0.932
-1.29556
1.25685
-1.09298
1.497
0.7332
3.43958
-2.945
-2.9317
1.0582
1.1034
-1.28
-1.08638
0.34
0.6606
-3.05046
1.2335
1.378
-0.732
0.8098
0.06848
-9.66867
2.5474
-0.4476
0.685
-0.7091
0.5468
-1.24995
-2.6408
-0.9587
-3.237924
-0.5407
9.76547
1.532
-0.4032
3.00349
2.92109
1.7499
0.9668
-8.1945
-0.61784
-0.1969
1.22
-3.944
0.8282
-0.44983
-1.0153
2.0484
4.6144
-0.734
4.3359
0.33152
-0.2574
-1.6754
1.9826
-1.6938
1.2658
-3.2779
0.5796
2.6564
NA
-0.8048
-0.7226
-0.8416
0.0309
-1.117
2.6393
1.79
0.9392
-0.71612
-3.6723
3.403745
1.2852
-0.3029
-1.7492
0.14116
0.3703
-0.3325
-1.5348
-1.66267
1.186
-1.246017
-1.59148
-1.07698
2.3179
0.802
-2.84167
-0.8765
-0.4487
-0.48366
1.5851
-0.10342
0.685
-1.4485
-0.97248
-1.0878
0.5356
1.2705
-0.407
-0.5957
1.4736
0.3026
0.5315
0.9691
-0.5015
0.8944
0.4432
9.3044
-9.1498
-0.842
2.9745
1.3872
0.7113
3.07304
-1.1897
-0.49
-0.7698
-3.73297
4.2026
3.9898
NA
-3.3649
-1.1305
-0.5159
-0.3238
-0.1729
-0.1432
-0.547
1.851266
-1.88105
2.4334
0.166
-0.51596
-0.6746
2.05353
-0.661
-0.4735
5.6087
5.495
0.691
-1.76783
2.1174
-0.916
2.0045
1.81
0.53394
0.802
-0.622
0.81913
-1.12086
-0.8645
-0.3646
1.4102
-0.9236
-0.9409
-0.0702
-0.4849
0.5251
-0.1881
-0.3068
0.7974
-0.5598
0.7644
2.3844
-2.2338
-0.27177
2.8216
-0.8093
0.77672
-0.9389
3.8168
0.4446
-0.563
-2.4271
2.49676
NA
-2.64366
3.95556
1.25053
-0.8265
0.6752
-2.2035
-3.4264
-0.3106
-1.425
0.58838
-1.04
-1.1967
5.92747
-0.05331
0.766
0.438
-1.57854
-0.79939
-6.827
-1.38
-1.0772
-2.5471
4.11
-2.69266
1.9462
2.1793
-2.6999
-0.7638
-2.9584
-1.2552
-0.73881
-4.5053
2.0762
-0.0988
-0.6266
0.1018
3.32
0.2305
-2.06575
-2.3292
2.7556
0.28648
-1.1198
-0.3271
4.4469
-6.80985
0.6835
2.6873
-0.5868
2.4255
0.1195
-1.6762
3.0713
0.0766
2.4704
4.6176
0.4824
2.2228
0.84636
-1.07
1.2712
-0.697
-0.93114
-1.0618
-4.08
-1.0276
0.7629
6.33
-1.1439
0.3189
-0.4829
-1.58736
-2.32143
0.845
1.78145
0.93177
1.5169
1.4531
-0.2312
1.0295
-1.0032
-2.66505
1.4162
-3.3862
4.8458
1.20956
1.1142
-10.3015
-0.91388
5.5011
2.66552
-0.2972
-0.3224
0.7805
0.6893
-0.6092
-1.24272
-1.9
3.0078
0.5747
-2.76758
-1.3301
-0.7664
-0.7714
0.6949
0.554
1.6854
2.0679
-0.1637
0.0726
3.34379
0.551
-0.0467
-1.84408
-1.3058
0.9692
1.0653
-2.0701
2.0282
-1.8262
-0.2428
-0.94211
-0.000817
-0.589
5.7014
-0.37868
-1.8947
0.975638
0.509
3.2212
1.6386
-5.8099
-21.8594
-0.2179
0.7226
11.1318
-1.27912
1.1468
2.4539
2.62794
-1.7499
1.7524
1.6931
-4.3557
0.848
0.0765
0.15302
0.745
-0.56601
-0.1127
1.4064
10.8649
1.15
-0.9618
-0.02166
0.1172
1.4183
4.43685
2.0856
0.28812
-0.2458
-1.1328
0.7944
NA
0.69792
0.257
-0.597
0.7173
1.8929
-1.0594
0.37039
3.1993
-1.7671
2.12505
-1.98232
-1.03
-1.15215
-2.6133
-0.337
-0.3306
-0.8181
3.15
-0.1667
-0.623
1.5405
-0.4334
5.01833
1.69599
2.15936
-1.93823
0.95
-2.6655
-1.1797
1.6988
-0.8619
0.897
-3.81679
1.495
-0.431
-1.7118
0.7957
-2.98
-2.7207
-3.613
0.9266
1.489
NA
-1.0271
0.54645
-0.0818
-1.83
NA
0.184
-1.5593
-1.07
0.31539
-0.5272
0.28554
-2.7198
1.1245
2.9561
1.0728
-0.551
0.0865
-1.1042
-0.2145
0.59
-2.04
1.8504
1.58652
0.4469
3.07113
-1.0926
3.5683
0.1829
-1.67684
-1.8444
0.8902
-3.1164
-3.4564
-1.05471
-0.0192
-0.74592
0.11658
-1.6482
0.692
0.5079
-0.859
0.61293
-1.1035
-0.5612
-0.9558
1.369
-1.6023
-0.4634
3.1255
-1.24
-2.68529
-3.7297
1.20267
-5.1817
-1.6048
1.00656
0.964
1.8155
-2.5719
-0.24189
0.00926
-1.04289
-0.3457
-0.0262
-3.47663
-0.984717
-1.80477
1.3433
-2.8146
0.5084
-2.71
1.05085
2.68
-1.0983
NA
0.74968
2.31808
0.841
-1.1534
-1.72822
2.84362
3.23
-0.143
NA
0.6824
-0.52935
-2.0477
2.7848
-5.02466
-1.81
-2.2277
-2.3107
0.30975
4.0211
0.77639
4.96552
-0.2104
1.14669
-1.4281
0.5476
-0.71626
1.2551
-1.83037
-0.9303
0.86565
-5.13435
-1.6792
4.29
1.651
1.9104
1.31211
-0.7674
1.15
2.80428
-0.75831
0.65088
-0.2883
-1.26706
0.18
-2.6224
0.99
-2.62987
-0.85922
-1.9036
-0.23887
-1.238291
0.80289
-0.689
3.4971
0.96519
-3.76086
1.63208
-1.1531
3.455
2.591
-1.654
NA
1.1081
-0.363
-1.2394
-2.4658
-0.5846
0.6833
2.9794
1.6677
0.449
0.6095
1.5591
0.78094
-3.4346
0.0743
-1.1782
-1.3953
0.5476
0.94913
1.42348
NA
-0.6126
0.2065
0.44573
0.2021
2.4506
2.5983
0.6847
-0.9328
2.7566
-1.6077
22.60095
1.95599
0.414
4.8373
3.59395
-4.4487
NA
-1.6796
2.3356
1.49247
1.9121
1.5888
0.4628
-0.38107
15.925
-0.4136
0.39
0.3938
0.60288
-2.57151
1.5993
1.49
15.0606
-0.34312
0.8269
0.1681
2.5427
-2.4795
-1.81839
-2.264
-1.8081
-1.22504
5.6833
4.972
-6.345951
-1.67
-1.0918
0.102
5.2489
-1.2777
1.0686
-0.09862
-2.08366
0.817
0.13698
0.70716
-4.179897
3.3616
0.2057
-0.3361
-1.9871
-0.4976
0.2782
0.2172
1.8315
-1.8187
-2.5565
1.11575
0.0477
-0.9353
-0.33453
-0.49915
1.1142
-10.56837
-1.08784
-1.889815
0.4799
-1.0996
0.6443
-0.156
1.81
0.0249
-1.41821
1.59582
-0.7744
-1.75247
1.2455
-0.0499
0.2303
-3.1352
1.686
-11.8837
-0.174832
NA
1.06137
-0.933
0.7133
-0.43664
4.7321
-4.88
-1.24262
4.4151
NA
2.572929
0.5109
-2.9115
2.3138
0.0837
-2.4309
-1.320916
-0.2955
-0.2288
-0.3455
0.206
0.7823
-0.1859
-2.67
2.2889
-3.3322
-3.728
2.1392
-4.3316
1.1176
-4.06
-1.7342
-1.0008
0.97332
-2.35
3.07915
-0.4007
-0.1156
0.4435
-18.7713
1.75
-1.9707
1.91
0.3079
2.4962
4.3132
-0.9999
1.77496
2.5284
-0.3113
-0.74983
0.98222
0.4424
-0.377
-0.511
4.71
-1.28
-1.7833
2.62
0.356
0.8183
1.65536
-2.1722
-5.8021
0.6408
1.41481
3.6062
3.2648
1.1184
-0.0866
0.8676
1
1.71477
4.7
-1.6317
1.9002
3.7614
2.3723
-3.36
-0.74296
0.22093
1.20842
-1.91368
-0.5357
-0.5291
0.9723
1.8532
-5.43
NA
NA
NA
NA
NA
NA
0.5393
NA
NA
NA
-4.6289
NA
NA
NA
NA
4.40184
NA
NA
NA
NA
NA
NA
NA
NA
NA
NA
NA
NA
NA
NA
1.30076
-1.8128
NA
NA
NA
-9.4765
-0.7115
-0.6304
0.4909
NA
NA
-0.8686
1.2839
-0.08194
-6.475
-4.6214
0.54708
-3.2139
0.8998
-2.70869
10.2204
0.61582
1.52668
-0.8354
-2.8351
-0.4688
-0.45652
2.1578
0.54691
0.3565
3.7277
-2.3536
1.17401
1.4479
1.1328
-1.38595
1.66956
-1.7794
-1.4323
-0.29451
-1.5982
-3.20148
2.1965
-0.5408
0.8535
1.0141
-4.4283
-1.914345
-0.002855
0.3874
0.8924
-1.57
-0.63126
-0.0521
NA
NA
NA
-2.59272
1.7578
1.06177
0.53897
0.02396
-0.7977
-0.20811
1.61186
2.58904
1.3283
-8.4035
-0.2937
-2.86
-1.8886
-0.1339
3.5588
0.55765
0.67751
1.52
-1.86678
-4.2276
-0.8366
-5.5997
-1.5424
-10.359
-5.81799
0.541
4.5155
2.9886
1.4895
1.20219
1.69832
-2.26271
0.34177
-0.7428
1.98206
-2.00202
-0.5002
-3.8262
1.8756
-2.43705
-2.8268
-8.7904
NA
1.986
0.1665
1.587
NA
NA
NA
1.0192
-1.2581
-1.3114
0.5945
-1.7001
1.7736
-0.6442
0.78302
0.37918
0.8879
-2.155
-1.21461
-2.6285
0.4017
-6.49081
-3.19
-0.3796
1.00415
-0.595
1.71077
0.8543
2.6238
-0.2716
-0.365
7.03728
0.3501
-10.6708
1.4716
NA
1.67256
3.0245
-1.0527
1.44857
-0.49526
2.79662
-1.2136
0.4841
-1.68096
0.974
0.5909
-0.6764
0.9488
-2.91
-0.7632
-2.9979
-0.3167
0.20679
2.3814
-2.57
-2.93642
-2.51
-0.632
1.13
NA
2.317
11.328
3.76
-1.9248
-0.0939
-3.54432
NA
0.169
-0.9583
-0.8554
-0.1713
-1.2229
-2.1096
3.4327
-2.0105
0.3816
5.6812
0.8226
2.3406
0.5091
-0.23801
-0.5958
2.08
-0.87284
-1.47931
-0.7378
3.48112
1.0135
-1.64909
-1.0784
1.2966
1.6005
1.7775
-0.8339
NA
0.4492
-8.83
2.92172
-0.855
3.79454
-2.22
1.60044
-0.256
-0.3863
0.4361
0.68887
4.997088
-1.30868
-3.2167
NA
-1.0641
0.721
-0.29932
1.06809
2.33773
-0.81474
-1.96336
-2.9812
NA
0.378
-0.3611
0.1743
-2.44
-0.11323
0.8195
-1.35779
-3.02145
1.882
-0.523
-1.1445
-9.4765
1.55
1.6842
-1.38594
-2.21424
-0.3487
0.10004
0.4601
-9.3421
-0.0806
-0.9844
-1.0623
0.64356
2.34332
-2.4716
0.3082
-1.6853
0.5155
1.6935
1.7348
4.3354
0.12735
-1.73
1.0603
-3.0653
0.802
3.73728
-2.31
1.7163
-1.235
-2.4786
-1.71128
4.9323
1.43
0.4762
-0.16564
1.97254
NA
-1.10158
-0.82
0.8248
-11.8837
0.1987
-0.9197
2.5352
-3.803
1.35512
-1.3324
-4.2031
-1.8029
0.59379
3.14
0.01974
4.71589
1.4133
1.5331
-4.31
0.8116
0.6568
0.11849
-0.9441
1.85
0.0564
-0.5418
0.2308
4.1761
0.7176
1.59
0.19309
-1.1534
-0.732
-1.22
-1.84
-0.5595
1.33923
-1.39
0.71276
NA
1.31
1.52
2.188
0.743
-0.572
-1.25188
-0.4623
0.0311
-3.2584
-5.16
-0.614
2.07488
1.08
-1.4933
0.0479
1.73
-0.5717
-0.2106
-0.3362
0.8544
-0.7001
-0.5633
-3.03999
-0.7238
-3.5998
1.1816
-0.47774
-3.2056
-2.5146
NA
0.0574
0.0803
-1.87012
1.16
1.4398
1.6107
2.82936
1.93152
-2.04121
-0.2315
-3.231
0.7768
2.51961
-7.62
-1.66
NA
1.1407
2.5376
-0.764
2.3614
1.85
2.20098
1.69
0.9098
1.53
1.5448
-2.7866
0.3565
-0.0133
0.9943
-2.2775
-0.06091
1.6569
1.00514
2.3754
2.26
NA
-0.0168
-2.7332
-0.57698
1.32973
NA
3.41043
-3.2559
0.33195
0.9388
-1.27174
1.80867
NA
-0.8686
-0.39069
0.42783
1.8
-2.3283
-0.9379
-1.723
0.3462
0.5507
-0.0793
1.62
-3.01
NA
-2.0112
1.76554
NA
18.244591
0.85819
2.5003
-5.6204
0.6783
1.34
NA
-2.45653
NA
1.29
17.3876
0.3908
-0.137
1.4592
2.6548
0.417
1.3687
1.4608
2.62228
0.8987
NA
2.7192
0.5488
1.58
-1.87
2.72144
0.2534
0.6803
-1.65849
1.99831
-0.0281
7.25952
-0.33235
1.836
-1.4482
1.5593
NA
2.1799
1.4817
0.40188
0.7593
-0.44874
-3.7041
-2.1971
2.18761
-0.036
-11.1
-0.90731
-0.0833
-0.32249
-0.8299
-25.1263
-1.3517
1.4105
-0.032
-0.558
0.6185
1.48
0.7482
0.4241
-0.3785
-1.44319
4.2085
-0.48411
-1.75279
-0.8874
-1.49
-1.09436
5.679
-2.7332
0.166
0.2206
0.89661
-0.7018
0.9772
0.2716
0.9921
NA
0.187
-0.49464
-1.0739
-1.2712
3.1345
-3.0031
0.667
-5.31179
0.4619
-17.3867
0.42538
-0.65773
0.5098
-2.01668
-0.4003
-2.59
-3.85561
-1.971
0.6878
-1.28848
2.4605
NA
-1.09731
-0.3012
-1.72
2.3059
-3.32
-9.6268
NA
0.92932
2.2186
-1.39
NA
0.89028
-2.06077
5.0133
-0.518
-1.9319
-0.6466
-1.51729
-0.3296
0.4327
1.031
-3.828
-0.4804
2.2957
-0.118
-0.2226
2.4504
-1.7906
-0.7397
-0.406
-0.796026
0.18514
4.3391
0.2506
-2.1923
0.4375
0.0309
-0.2754
4.21041
-2.3329
0.999
0.7924
1.2711
-0.7652
2.42615
-0.55501
-0.8782
1.3492
1.7289
0.209
1.2516
-1.11991
-2.31
1.3739
0.03768
-0.68
2.25604
-5.82601
-3.2975
NA
0.3394
2.1824
3.6327
-1.17
-3.9249
NA
0.997
0.8453
2.0196
2.04315
1.1731
0.3361
-0.2353
-3.10465
1.39
1.02
2.2775
0.0101
1.95
8.4168
-1.2012
-1.4
0.97776
1.6244
-1.1823
0.765
-3.3498
NA
-0.3414
0.88622
-2.2265
2.4044
2.98684
1.3865
2.8304
-1.60141
0.9172
1.0119
2.2566
0.62655
-3.76
-1.2407
0.1021
-3.1086
-1.50472
-2.7797
0.0959
-2.0372
-0.866
NA
-0.72748
NA
-0.02059
-0.2788
-1.00875
0.96284
0.076
0.3142
-1.3155
-0.6869
-1.781
-0.53383
0.2989
-1.224
-2.7185
1.5284
-2.36542
0.2537
-0.32473
0.6914
-4.2857
-2.5899
-3.89
-0.127
2.4445
-0.85434
-1.21925
NA
3.1291
3.31872
-1.11509
-2.6329
-3.20772
-1.1605
-0.438
NA
-0.89804
1.2494
1.5912
NA
-0.5495
-1.4355
1.9625
2.5604
-2.39771
0.5496
-1.01916
0.69054
-6.7525
0.47239
-0.1859
-6.4647
-0.6485
-0.1887
-1.07087
-2.51
0.73136
-1.9456
2.68141
0.704
-0.7225
-0.8731
0.989
0.08612
-1.36119
0.5158
0.4076
-2.2918
0.2849
0.1576
0.4004
-0.8971
0.10839
1.1407
4.13837
3.3953
0.95438
1.923251
-1.6692
-3.744
NA
-0.3649
1.11365
-1.0354
-0.5686
-4.50162
NA
1.014
0.05035
1.9592
-2.18316
1.68987
1.32231
NA
4.7862
1.52181
-0.80836
-2.2635
-0.1127
-0.942
-1.97335
2.24
NA
1.76385
2.0059
-1.7126
-4.2205
-0.6272
-1.5343
-2.3845
-0.8237
-0.73417
-0.92581
2.1446
2.76154
-0.04575
2.6734
0.0242
2.440819
0.09191
0.4451
3.7882
1.5776
0.0867
2.58924
0.0188
-0.5097
0.05523
0.5106
-0.8311
0.402285
-1.59574
0.15637
-0.78223
-1.4435
2.36374
-0.5987
0.3232
-1.52803
2.93694
0.03647
6.703
-0.44879
0.569
-1.3624
-2.1484
-0.602139
0.0653
-2.94
-2.79725
0.7606
1.6522
-2.5236
-0.2582
2.6385
-3.9106
-0.33424
-2.68337
0.05984
0.3918
-1.01413
-0.2023
2.119292
-1.38515
-1.5989
1.1
0.83523
0.26283
-0.1868
13.521073
-1.67648
-0.835326
1.1442
0.63729
0.4305
0.0425
1.8999
-1.7881
1.14629
2.245566
-0.379857
-1.6794
0.1057
3.0141
3.3908
-0.00299
-0.681676
0.8495
3.52888
3.30915
-3.96524
0.9943
-1.21227
-2.47163
0.0357
0.2049
0.9389
-0.5316
0.737054
0.272294
0.026759
1.203
-0.366
-0.28005
0.55241
1.9225
-2.3548
1.396095
0.37855
1.23444
-6.055146
-0.1824
-0.00497
-2.3201
0.58447
1.3911
-0.3617
2.6385
-0.686
-1.732432
-1.6628
1.362168
3.18194
-2.1588
0.226152
-0.150888
0.796509
0.932
0.3937
0.6833
0.5463
0.169
0.6785
1.9536
0.4009
-0.8716
-2.2179
1.4565
-1.5948
1.9348
-0.2262
0.80818
0.64325
1.68238
0.9044
-1.485
-1.61857
12.0014
0.2336
1.3236
2.2768
0.2593
-0.1487
-1.3508
-2.14645
-2.6654
0.2366
-0.4256
-2.09921
-6.5289
12.51141
0.93539
0.0991
-1.7907
-1.916
0.58127
-0.37421
-2.684
-1.75249
1.80974
-2.3845
-0.89552
-1.9808
0.81582
1.5538
-0.65558
-2.5256
-0.9248
-8.9814
0.7998
-1.94979
1.9556
4.1936
-1.67386
-0.8405
-2.33663
2.3754
0.62316
2.1527
-0.62679
-3.28399
-0.2726
-1.0618
2.75573
-0.987
0.152
0.8584
0.58796
-1.0971
1.2487
0.639
-3.5251
0.3092
-1.7139
-1.1052
0.3174
-0.7124
0.3055
0.1332
3.1113
-2.21307
-0.7639
-3.76215
1.04757
1.578208
5.0331
-1.6824
1.78655
2.15462
-2.9817
-0.131
-0.10518
1.4703
0.63105
1.5479
1.55264
-0.4332
0.7427
2.74266
-0.75573
3.2641
-1.98212
1.09853
4.1371
2.03535
1.26728
0.32255
-0.25831
0.67155
3.5581
-1.77427
-0.951
1.05026
-7.1266
-0.72546
0.13959
-2.54415
0.67122
1.6237
0.98913
-4.11
5.355
0.19943
0.0063
-0.7244
2.5959
1.4424
0.1949
1.16062
-2.8869
-2.2831
4.1081
-3.57823
0.6025
-1.9224
-1.4031
0.3449
-0.2352
-0.3809
1.6311
0.2853
2.0657
-1.3193
0.4027
4.4827
0.531
0.6306
0.6845
0.4971
-2.2294
0.9384
-3.0848
-1.3878
-3.4192
1.4019
-0.1257
3.3703
1.6128
-2.1253
3.9898
1.7305
-1.8019
3.2127
0.0808
-0.3032
2.0524
3.0362
-0.7484
2.1752
0.701
-0.8077
1.2804
-3.5343
4.0024
-2.2677
-1.6846
0.0622
3.8193
-1.3888
0.8931
1.8413
-10.6309
0.2164
-0.5377
1.4183
-4.2038
1.8413
-0.7828
-2.117
1.9852
4.23737
1.0344
-2.5276
0.0975
-0.3456
-0.717
0.17038
1.3488
-1.0891
-0.702
2.2936
-4.2787
-2.054328
1.16
-0.4322
-0.845
0.95207
2.1569
-2.619
5.9623
1.9483
-1.2654
-0.5199
-10.5245
-3.0103
-0.298848
-1.51908
3.1611
-2.9464
-0.5472
0.34166
0.2976
0.8593
-0.1218
0.6292
-0.6302
-0.879
0.663
-4.1311
-0.25421
4.491
-1.6911
3.897
-2.944853
0.26506
0.5991
-0.35693
0.3689
0.2149
0.917
3.0003
-0.0846
1.86
0.2362
-1.7153
-0.2818
-1.8889
1.46
1.4218
0.108
-1.1805
10.9569
1.613
-1.9465
0.8116
-0.7293
1.838
-3.43
0.582
0.6243
-0.86327
0.8855
0.2923
-1.8422
2.27
-2.0343
1.627
-2.9321
1.0839
1.0045
1.562
-7.0157
0.1561
-2.58721
4.0713
-1.5908
-1.259573
0.0344
-1.3838
1.35
-9.4914
-0.7727
-0.6822
0.1374
0.19999
-2.3868
3.9771
0.18723
-1.4651
2.9575
0.2197
1.2978
-0.159
-0.8118
-11.6916
-0.222
-2.5517
-0.3691
-3.7801
0.9683
3.5951
0.5859
10.3321
-0.7566
-1.4216
-1.1404
-1.1969
-2.0199
-5.4294
-1.6486
-2.7298
1.7337
2.9899
-0.9552
-0.0316
0.82
NA
-0.4614
-1.3433
-1.37
NA
-0.8504
2.81651
1.5587
0.9179
-0.291
-1.8628
5.108
0.0118
11.8777
-0.4944
-3.4444
3.6067
-2.00718
-0.9159
-0.9685
0.3697
0.1108
-0.1566
1.541
-3.99
-1.7905
1.1137
2.08
-1.3757
-4.1876
-3.0851
-1.1525
2.2559
-1.6807
2.7724
-0.8095
1.4152
3.2614
0.3279
-8.4697
1.5671
1.5217
1.2907
-0.063
2.8583
0.3869
0.4013
2.7063
2.6292
-1.84559
-0.9814
-7.3436
0.8309
-1.3978
-0.0192
-4.3053
-6.5159
2.48695
-0.3093
3.0603
-6.37033
0.7809
-0.08666
-0.5946
3.37672
0.93834
2.6475
3.0153
2.9958
0.55819
2.36899
-1.4777
-1.1501
0.6645
-0.1846
0.9763
1.0471
-1.71424
0.8914
-1.41793
1.018
0.0487
-1.7605
-1.35885
-1.7533
0.93006
3.94869
1.08815
0.95616
0.47146
-0.406
-1.04385
0.6968
1.5224
-3.4237
-1.539
0.85236
2.4489
8.0769
0.56631
2.25025
1.2432
-0.6568
1.98223
-2.0414
-0.50747
-1.61711
5.56105
1.26686
1.14992
-0.3412
-0.91368
1.7828
4.01642
3.4435
-0.02351
-1.76547
-0.381
1.26
0.05892
0.4597
1.56584
-1.571716
-0.6701
2.2331
3.3345
1.3698
-3.203
1.9636
1.2168
-1.3849
-4.27473
-0.48922
0.9007
2.02984
-2.0238
0.8316
-1.40088
0.49703
1.83319
0.04865
0.7656
-0.028
NA
0.851
-1.51
0.4013
0.1444
-1.1481
-0.1907
2.3066
3.5645
1.992
2.1144
1.01688
2.8146
-0.04877
0.07677
-0.164
0.142
-0.358853
-1.31292
-1.3999
-2.11945
-0.6131
-1.98241
NA
-1.5412
1.07
1.6412
-2.0413
0.5846
0.48442
2.1984
0.345
3.9642
-0.7588
-1.2946
-0.71139
-1.9816
-0.7197
1.55
-0.4588
-0.9366
-0.655
1.5608
2.23548
0.4157
1.1442
-2.2
-1.51343
4.4995
2.8696
-0.773
NA
1.6258
1.85288
3.2759
0.19897
0.4471
0.7034
-1.2187
0.2089
-4.1025
2.2391
-0.2973
0.828
-3.69997
1.0651
0.99526
4.98033
0.895
2.56559
NA
-0.9516
-0.944
-0.319
NA
-1.2526
4.4462
0.2932
-1.59852
0.1932
0.92344
0.4633
1.4511
1.1063
0.0227
0.05636
0.13728
0.78024
-1.2282
1.083
-0.88336
-0.2038
1.88659
-0.3284
-1.06
1.12944
0.6374
0.4154
-0.957
5.3994
1.04
0.4385
-0.6341
-1.2878
4.707
0.05779
0.1462
-2.22
0.741498
3.6659
0.7669
0.7424
-0.6267
1.607
-0.706
-3.4689
1.2772
1.9786
0.87672
0.77658
-1.1795
3.3629
1.02593
-0.8993
1.0996
-0.43218
-0.266
-0.5375
1.33727
-3.59458
0.2243
1.5733
-1.21429
NA
2.0667
3.1578
1.461726
-0.85854
-0.135452
1.1598
-2.5692
-1.23218
2.7678
9.1662
0.33635
-1.5299
0.08004
-0.2558
-0.2932
0.5265
0.361
0.5338
17.7861
1.3209
-1.2113
0.0466
1.04453
-1.8707
-8.1986
1.1517
3.2741
-1.53
-0.5448
NA
1.703
-0.1577
0.7077
-1.3537
-0.2217
0.3556
-0.9187
-1.0495
-2.4714
1.3842
2.25476
1.7529
-3.26
-0.5448
1.15818
1.6179
1.3961
-0.219
1.1995
1.8521
0.68376
-1.2161
1.0871
-0.0746
1.1419
0.7909
1.2716
0.7364
2.4209
1.1653
-2.7104
-1.3943
-0.83108
0.5448
1.1427
0.6617
0.3362
-1.9729
1.50963
-1.9255
12.2317
-1.2861
-0.303
1.0992
-1.674
1.95
1.68687
-3.0945
-0.32991
0.24282
0.1101
-1.8816
-0.2417
1.8756
2.4618
-0.583
-5.7996
-1.1936
-0.7456
0.9555
3.5303
-1.064
0.0218
2.3415
2.3817
2.4744
1.5454
1.4527
0.31486
-2.1024
14.7405
0.87066
-0.5197
1.4612
0.6118
-7.0528
10.36
1.7713
-0.7948
0.0543
0.6529
0.2822
0.9449
0.7374
-0.06234
-6.40506
3.65
0.32065
3.78
1.5329
-0.60468
1.289
2.9971
0.99417
1.6449
-1.6319
-1.47665
-0.2692
-2.32226
0.7225
-1.2079
0.4601
2.61
2.07279
0.4993
-0.6568
-1.1234
0.3959
0.6968
-1.0625
-0.650866
-0.8929
0.4292
-1.75957
-0.1742
2.9703
-0.3952
-4.1844
-1.9738
-0.27385
0.8701
-0.055
2.2664
-3.38902
1.17362
-0.0587
-1.06161
-0.4694
-0.2068
1.0592
-0.5414
-0.86005
-0.08006
-1.2549
-0.170664
0.2849
-11.7613
15.4009
3.141
-0.2469
-0.07499
NA
NA
-1.42295
2.1963
-1.85499
0.2533
1.0194
1.0471
-0.7462
-1.74947
-0.24979
-0.2016
-0.3195
-0.02524
1.93682
1.09808
2.9218
0.3584
-2.72
-2.3358
0.78084
-1.3801
1.3834
0.59331
-0.26873
-0.43524
0.42032
0.58113
1.452187
-4.1542
0.7968
NA
1.1407
-0.55
-0.2204
-0.7777
-3.31721
-0.178
-0.2319
1.2
1.74855
-3.25285
0.2128
0.47
-1.16756
-0.7838
0.7508
-1.55
-1.49665
-1.3215
-0.76861
-0.7868
-0.80729
0.138
0.9919
