-2.1453
-4.96363
-1.8286
-3.1093
1.7751
-3.5694
-1.99513
-1.2641
10.3895
0.5237
0.1386
0.5091
0.6111
-2.0471
0.0533
0.2099
2.77525
-1.22638
-1.99686
-3.05062
-1.1543
-0.7261
-1.2992
2.61163
-1.82712
-6.48854
0.28707
1.6089
-1.5192
-1.0319
-0.6266
3.2116
2.3068
-1.7798
1.9249
5.7454
0.84611
-1.4816
1.9783
-2.2822
2.0836
-0.5877
0.7178
-0.3016
-2.2625
-2.5814
2.6742
-0.0363
0.1989
1.9318
-1.6785
-0.855
1.5168
2.3478
0.6533
0.3149
5.69399
0.3239
1.3342
0.0185
-0.4814
-1.25
1.3736
2.30266
0.86052
2.3835
0.4847
1.7647
-1.0091
-0.3924
2.8911
1.60138
7.06039
-0.51502
-1.17258
-0.239
-0.2062
3.9617
-1.6997
-4.5485
2.3099
-0.4514
-2.8065
7.0263
2.7432
-2.16324
-0.2438
-0.6093
-0.4496
-4.5092
-3.4626
0.9634
-0.93935
-0.311
0.5625
-7.1908
-4.51947
1.256
2.54597
-0.5074
2.5486
1.562
NA
-2.36855
-0.6529
-1.32769
-5.7895
0.6667
-1.4717
0.6969
-0.8125
-1.5965
-1.3284
-0.4253
1.96601
0.5854
-2.9977
0.4102
-2.9219
1.993
-5.0777
0.22133
-0.9782
-0.5219
-0.4259
-2.7319
2.7983
-1.9088
2.14871
-3.0103
-0.229
1.6151
-0.122
-0.5747
-2.3901
3.9683
1.87962
0.22628
0.1712
0.3581
1.7178
1.2264
0.0558
-0.6161
0.6428
NA
-0.4892
-0.4661
1.4008
1.7004
3.54571
-3.28916
0.7184
-2.07867
0.146
0.7096
5.249
-0.719
7.4998
0.54511
-0.6015
0.9084
2.4955
1.215
-0.01979
1.1803
-1.5039
-0.49675
NA
0.2501
-1.326
-0.56453
1.218
0.7874
2.5087
-0.6671
1.1374
NA
7.21032
0.0241
0.4792
0.8149
0.8376
-1.74178
-1.5719
-2.3334
1.1664
-1.12256
2.2017
0.1797
-0.8218
0.8653
-1.4305
2.7204
-0.0011
0.18331
1.39703
0.18267
-3.2935
-1.3966
-2.7409
3.3241
-1.0285
1.0318
1.0779
-0.55026
-0.45607
-0.6299
-14.8314
-1.2597
1.2166
-0.9241
1.6211
-3.7077
-0.314
0.1236
-1.0292
0.33502
4.80228
1.5562
0.1599
-1.0204
-1.5891
-1.4769
2.31281
0.03654
2.2954
-0.40755
0.6882
0.1959
1.8041
-0.35557
0.45276
2.63358
0.3254
1.49262
-0.91877
0.6805
-5.5898
0.1841
-0.19622
-1.7501
-1.0691
-0.6979
0.9915
-0.7313
3.7254
-0.00847
0.1417
1.71822
1.2986
0.2863
0.2914
3.6177
-0.1754
-4.9549
0.6757
-2.7103
-0.2456
2.2461
-1.2631
0.6714
0.1117
1.3791
8.6789
-1.7531
4.87624
0.2003
-0.7615
-1.8632
0.56005
-1.3739
-2.8679
-0.3529
-0.18524
1.16695
-0.50128
-1.8434
-1.665
-0.5572
-0.407
-4.1117
-1.3606
1.0979
-4.16956
-2.1711
-0.6132
-0.21597
-3.25016
-0.95772
7.80813
-1.9869
2.1682
2.2372
-1.70741
-1.73886
-1.85802
-1.3799
-1.9461
1.4439
0.77246
-0.70568
-2.8012
0.9891
-2.69898
-1.57195
-2.1419
1.5515
-0.4672
0.40169
-1.69525
0.64171
-5.3356
1.3452
1.2709
1.61171
-0.0154
-0.27399
0.0754
-1.0756
-3.2777
-3.3775
1.63858
1.0328
1.1586
0.6732
-1.1077
-2.0398
0.67772
0.31833
-1.86505
0.8375
2.79502
-0.2821
0.7618
-0.2197
-0.0852
1.44532
-3.8498
1.8468
0.73614
0.176
4.8109
-0.4717
1.0025
1.4631
-0.17735
-2.6354
1.7215
0.751
1.16023
-1.3499
0.5427
2.6102
0.0394
4.44309
-0.2605
0.454
-2.56756
-2.34378
-2.9099
1.98845
-0.879
-0.7251
1.06218
NA
-0.9029
-2.034
-1.0509
-0.3012
2.1971
-0.31593
-3.7759
1.7017
0.53062
0.1037
1.38543
-1.8456
-0.57936
-1.8103
-0.2067
0.7136
-7.9631
-0.39312
0.8543
-2.32404
-0.3875
0.4834
1.6
7.6262
2.21514
-0.29913
-1.07476
1.36223
-0.25575
-0.95047
-3.321
-1.34894
-2.5236
-0.6694
5.2775
-2.7051
-1.8236
-0.4033
2.2013
0.2477
-1.0159
0.7613
-2.5981
0.501
-2.2886
-0.5903
-0.5454
2.6128
-1.2559
-0.2976
0.4403
-0.0111
2.1186
2.1097
-1.3116
-2.33601
-0.55018
-1.28248
1.45491
-1.2131
-3.111
-0.44381
2.09768
-29.3447
-4.729
-6.96423
1.0271
1.63991
1.52952
0.9552
-0.7192
-3.3114
-3.0256
2.2314
1.56528
-0.6246
-6.0007
9.7394
0.1498
3.04482
-0.1388
1.17509
0.1703
1.1611
1.2907
-0.5542
-2.64837
-1.4896
-0.2868
0.558
-3.2609
2.1545
-0.6048
1.423
-7.3926
-1.3795
2.1001
1.99969
-1.61244
-1.079
-1.11169
-4.2529
-2.3768
-1.73479
0.43383
0.71402
-1.5863
-0.75977
-0.99533
-1.16108
0.41973
-0.13729
0.4419
-0.8715
2.74809
-0.08616
-1.0538
-0.5612
-0.1081
-0.73281
0.67063
-4.4128
-0.7839
-14.16178
-0.459
-2.3193
2.1159
2.9412
-1.52443
1.65746
0.9528
-2.35799
-2.22362
1.1891
-1.82419
-1.0411
-2.01672
2.31855
-1.5656
-1.0585
1.1072
0.7082
1.0908
-0.16708
1.59356
0.59693
-0.7979
0.75699
-1.2916
-1.0915
1.56313
2.9063
-1.20501
3.0999
-0.57003
NA
NA
2.258
-0.491
2.6503
-2.6133
0.97207
-6.1182
-0.18219
0.887
1.49901
-2.51501
-0.70969
-2.4211
-3.0554
-0.0995
-3.18917
-0.9516
-0.492
0.918
-0.4683
3.5684
-3.41675
-1.0644
0.50602
1.2575
-0.6735
2.0058
0.7569
0.668
0.48775
-0.1874
2.7403
4.06
-1.163
0.131
1.6495
1.8988
1.4015
-0.1007
-0.37945
18.63889
3.01979
1.8305
-0.20082
-0.46297
0.7649
3.67819
5.64226
0.9158
2.57415
2.5127
-0.4027
0.8498
-2.0097
-2.0836
0.5137
1.1908
1.806
1.65185
-0.1612
-0.15713
-0.9701
-0.0782
-0.24579
0.2329
-4.2882
-0.88578
-0.8593
-0.1335
1.3297
0.3339
-0.1307
1.4406
3.8484
0.03734
0.3564
-0.21368
-1.9041
0.2267
0.7496
0.5322
-1.0183
3.1918
-0.1917
-0.4152
3.45035
0.8336
3.20275
-1.1507
-1.0026
3.2772
-2.2623
-0.0179
-0.4295
-1.63153
-2.8985
-4.3837
1.6989
-0.11452
2.9281
-0.8577
2.75029
-0.06654
-3.33373
2.0148
7.7969
1.2763
11.02451
-0.15788
0.39401
3.7603
-0.04091
0.23705
0.74002
2.76972
2.57241
3.07007
-0.88861
2.33542
1.9474
-0.65762
4.00359
1.01574
0.957
-1.57632
0.6818
-0.15667
-1.9181
-1.87069
-1.2006
2.191
-0.84645
0.4209
-0.0248
1.1376
-3.0369
-1.1746
6.4937
1.5648
-0.9377
0.3756
-2.5607
-1.6096
-11.5571
-2.1528
-2.5351
-0.21849
-2.45875
-1.2906
2.07793
-0.77428
1.19985
-0.78116
-2.8021
0.87916
2.5456
0.2175
1.1608
5.9742
0.5663
6.73194
3.8589
0.642
-1.4178
0.57197
0.7724
-0.77655
1.0339
0.76
-1.098
-1.3624
-1.078
3.5593
-0.4184
0.33126
-3.95548
5.9677
5.1509
-0.2416
-0.6668
-1.5304
-1.1907
-1.56367
3.12566
-0.2694
-1.70018
1.0522
0.31281
-1.82868
1.1374
3.1798
0.4006
1.842
1.61223
3.27936
-0.5697
1.10716
1.7292
-0.49496
-1.9941
-0.361
-0.4944
-0.5839
-3.2892
1.029
0.0997
-1.0097
-2.4409
1.37412
-0.5411
0.8017
-3.22947
1.75958
4.1773
3.3275
3.8167
NA
0.3636
2.53749
-0.99668
-9.5787
-0.54681
2.089
-0.32408
0.10334
2.0925
-0.9245
-0.9773
-0.3069
-0.1206
0.2859
1.6141
0.2915
-2.4164
0.4493
-1.5536
5.3382
1.2335
4.1841
-0.1607
4.4643
0.7889
2.0775
0.5036
1.2686
-3.0422
1.9652
-5.4948
4.4439
0.0614
5.1239
6.2877
4.3894
-1.134
1.671
-8.0561
-3.6704
-2.8637
0.3476
0.153
-0.3298
1.0746
-2.251
3.7999
1.3526
0.6584
1.7487
0.1832
1.435
3.5172
-0.4225
0.5022
-0.758
1.2889
4.1276
1.9755
-5.1939
-0.8948
1.7056
0.5113
0.4804
1.615
0.9399
0.3313
1.5095
-0.5283
0.4775
-0.1192
-1.5636
0.4609
1.9212
2.4364
-1.1137
0.7088
-3.5595
0.9861
3.1775
0.5268
1.377
1.0371
-2.3915
-3.0797
3.0761
0.3844
1.448
-7.396
0.475
-0.1833
7.3799
-10.3019
-6.423
-2.437
8.1329
-4.509
-2.4581
0.9763
0.3125
-0.25
-5.7044
-0.5449
-0.5299
-0.3122
0.5373
-1.5939
-0.7222
1.7478
-0.0527
-5.0147
5.3548
6.2722
-0.9573
-1.9324
-1.8445
1.5034
4.1771
-0.1526
0.5839
4.1631
-2.5285
0.5759
0.3675
0.4863
3.4396
-0.0404
-2.6312
-0.4422
1.9617
4.0829
-2.1324
-1.8546
-0.35945
-0.49058
0.24023
-1.73511
-3.01854
2.28961
-4.46282
0.5128
-3.2401
2.3689
0.80454
-0.0083
1.42792
-1.0328
-1.84986
-0.0396
3.2264
-0.68094
1.56555
0.10497
1.62249
1.0453
-0.2344
-1.75193
-2.08466
1.47613
-0.7242
-1.3476
-0.10051
0.546
-1.4101
-0.06762
-0.26201
0.02407
1.62472
-0.79745
1.2335
1.2046
-1.30264
-1.00141
-0.1534
1.9823
0.5867
-1.1072
0.74025
1.32474
1.2103
-0.54875
2.29781
1.75418
-1.14043
0.44603
5.23408
1.63712
-1.5725
1.1846
-0.9988
1.5069
1.716
0.7648
-2.5605
0.4815
-1.7271
1.0156
0.0163
-2.3135
-1.2336
0.0332
-0.2382
-7.6105
4.324
2.1702
2.8175
3.1482
-2.5791
-3.7617
1.4806
3.3964
-1.3702
-0.0552
-0.1497
-2.3852
0.6272
-2.2276
-1.237
3.6165
-4.5029
4.6507
7.7441
-0.7582
-2.8351
0.2812
-0.6026
0.1212
-1.2996
1.3716
-0.8008
-0.4275
2.3851
4.4929
-3.2572
3.6447
0.508
2.23
0.7679
-1.6351
-1.6656
-0.0602
0.851
-5.3248
-1.4308
0.5463
-1.1258
1.4451
-0.4667
-5.0642
-0.6186
-1.0951
1.124
0.3707
3.7584
-5.7754
-5.3495
-4.4128
-0.4438
0.4746
0.1655
-3.5398
-2.5862
-0.30975
-10.80968
7.81421
-4.6272
-1.38787
2.0604
-0.58145
-0.61158
1.0204
-3.7279
0.31111
1.5104
-2.38138
-0.68897
-1.32656
0.94982
4.74442
-1.84742
-0.59477
1.52073
-1.49629
0.26345
2.23745
-1.2593
-0.82949
0.85368
0.73026
-0.15146
-0.76645
3.0276
1.1005
0.2593
2.69917
-0.59008
-2.46451
-0.0759
-1.49774
-0.18332
0.28455
1.19697
1.40706
-1.1618
-0.9268
0.29661
1.3205
1.3222
2.3114
1.3147
-3.5273
4.3601
-2.4725
0.3916
0.1568
-3.3624
-5.5519
-1.2709
-3.1349
3.14
0.5188
1.6875
-4.9036
-0.309
-2.3
-3.3054
-0.9905
-0.7708
2.7297
3.3914
0.8245
1.6071
-1.4998
-3.3735
0.6695
-1.3418
1.17162
-0.8909
0.7931
4.2553
0.223
-6.0334
-1.7705
-0.0957
-0.6255
0.7072
0.7614
0.2737
-0.6303
-0.4329
-1.7329
-5.2637
0.5329
0.4759
-0.7122
0.0331
-1.3829
-1.2047
2.5875
2.6699
-3.3899
-0.3156
0.2932
-0.3156
0.392
-4.6424
0.0923
0.7722
-0.1475
0.9611
0.1992
2.1495
0.31
1.8667
-2.3792
0.2626
-1.8666
-1.5027
-1.0791
1.681
-1.4987
0.2386
1.2186
0.5886
2.4746
3.8293
0.9105
-0.6628
0.3797
-0.3341
-0.1565
0.4863
0.5998
-2.0653
0.2141
2.0913
-0.1925
1.0145
-0.0308
1.3255
-1.5705
-0.5736
1.705
-1.1217
0.1257
0.2862
1.3001
-1.2732
1.0726
-2.2638
-0.8727
-4.0778
-2.3735
-1.6381
1.9879
1.7067
-0.8421
0.1636
2.0646
0.4785
1.1295
0.0792
1.0616
-0.9872
-0.2952
0.957
0.7707
-1.4399
0.8886
0.2277
0.6365
1.0199
2.4655
-2.6262
-0.6026
-6.0144
0.2795
-0.2175
-0.166
-1.0031
3.8999
0.3103
-0.8591
0.5247
2.7612
-1.3792
-5.9528
1.55527
-3.558
-1.2894
-1.6039
-1.34072
-0.5071
0.8516
0.12821
-0.0065
-1.70162
-1.57271
-1.8936
2.06274
0.07339
2.24229
0.03887
1.7136
-2.5496
1.8109
-0.53382
0.00596
-1.12029
-3.359
0.0719
1.0102
-0.87055
-0.6938
-1.6964
-5.6959
2.3028
-2.3828
-3.8759
10.5118
-0.6738
2.5652
-0.5896
-0.7769
-2.7702
7.6122
-5.5633
2.556
2.9349
2.0217
-2.8784
2.2798
1.9321
-3.3094
-0.1087
5.3931
0.7251
2.8663
-0.2934
-2.2708
-0.8888
2.0085
2.3036
0.4383
0.6183
0.5468
2.0828
3.739
3.206
0.4244
-1.6305
0.2222
-4.4653
-0.2573
-3.1523
0.4265
-2.8537
-0.5872
-1.0138
1.8705
0.4428
-3.4421
-0.6568
1.614
1.2651
0.5382
-0.12768
-2.7926
0.56923
3.1029
0.2891
-1.54332
-1.3763
-2.78631
-0.02218
-0.29829
1.1342
1.76871
0.44583
-0.6707
-2.67936
0.12557
1.23529
0.17074
3.1263
-0.37818
3.01229
0.60836
1.2858
-0.92497
0.93977
-0.5502
-1.22414
-2.35752
-0.4939
-0.936
3.3514
-1.1893
0.6855
-0.2333
1.1956
-3.5324
-0.5181
-1.4677
-0.697
-1.6956
0.2559
-1.0531
-1.1757
0.3462
0.6474
-1.3081
-1.3626
-0.2095
-0.4166
-0.3498
-1.358
0.6055
-0.1254
-0.4442
-3.6997
4.588
-3.9791
-1.7825
0.2127
4.4578
0.1604
2.3521
-3.4626
-1.7574
3.275
0.52099
-0.0746
-1.02763
-0.88077
-4.85706
2.0186
1.5656
1.0767
1.73601
0.78391
1.06693
1.07982
-5.69196
2.74961
-0.53193
6.52653
-3.5875
0.0922
1.76407
1.20377
26.23164
0.00533
-16.91135
-6.9291
8.3217
0.98649
1.9764
-0.5414
1.26951
1.80031
2.0234
9.3536
2.9831
-1.21641
-0.5783
2.1033
2.78325
0.13105
0.8184
-0.31183
-0.92045
0.7448
1.562
-1.562
0.3704
0.5685
-0.7785
1.09041
-2.0834
2.60787
NA
-0.0143
-0.7756
0.3072
1.2695
0.639
1.3028
0.1845
0.0679
3.3122
-0.6572
NA
-1.4121
-1.916
2.5499
-0.047
-0.665
0.5437
-0.4775
2.6259
1.8648
0.4729
-2.2395
0.2226
1.0729
NA
NA
0.0123
1.9235
NA
1.4502
0.8079
7.4057
NA
4.035
-0.5941
1.5047
-1.9587
NA
-0.192
0.8629
-0.2387
-1.8226
-0.3061
-1.5641
3.221
-1.2896
0.2878
2.0297
-1.4803
-0.2118
1.9128
0.2227
-0.1193
0.2106
0.8594
0.4104
NA
-2.6859
-1.556
-1.3673
-1.2683
-1.7235
2.0556
1.2463
-1.3122
-1.1711
0.1181
-1.554
-1.9351
0.8333
-3.6874
1.5592
2.0447
0.3201
-2.5944
2.0125
-0.0206
0.7618
0.3784
-0.1092
0.2244
-0.5709
-1.4342
0.4157
-7.3988
1.6511
1.6511
1.3374
1.648
1.9713
1.6299
1.4856
2.549
1.7854
-1.01927
0.1565
-0.00148
-0.3434
-1.74195
-0.2811
-2.0002
-2.77115
0.45803
0.47444
-0.2547
0.82374
0.9411
-0.51898
1.00355
1.0256
2.3164
-1.21634
-1.24088
-1.51253
-2.93744
2.3942
4.78654
2.07979
0.0833
8.6267
1.3987
0.23352
0.71564
-0.86766
0.67054
-3.4908
-4.27584
-1.214
0.71549
3.56638
-4.776
0.54862
2.91857
0.13639
-0.1009
-7.03807
6.26248
0.77476
-2.5431
-0.76273
-0.50111
1.67587
0.28477
-0.96228
3.74792
2.5027
5.1512
2.3546
1.39314
-3.6388
3.68249
3.4271
-2.12405
2.81204
0.04166
0.0678
0.5847
-1.6955
2.1833
-1.8709
-2.39496
0.32988
-2.6398
3.5645
-2.2745
0.533
-2.15997
4.20243
2.77633
-2.11307
0.93698
2.27392
2.8371
-2.28503
2.6978
12.89891
6.66347
12.3375
1.94017
0.69942
-3.60976
0.10841
0.85993
-2.9716
0.92685
-2.94224
0.37641
2.9657
2.1868
1.96011
-1.155
3.7095
0.65812
-2.7743
-1.24143
0.60362
-1.4802
-0.1362
-2.0988
-3.453
1.48609
0.6996
-1.52484
-2.58
-1.22942
-1.1443
0.6498
0.79424
-0.144
-1.36798
-1.41487
-1.5719
3.4842
1.3275
-3.3196
4.0341
0.46941
0.45563
0.56722
-0.3009
1.10156
0.9205
-0.8386
-1.92894
0.31977
2.6618
-0.013
-0.11788
0.5787
-1.73203
1.02017
0.6274
-2.34407
0.014
1.00891
-1.59504
1.74308
-0.62394
-2.9594
-1.1961
-0.18018
-0.0107
-0.1214
-0.61817
-0.84143
0.81128
0.95842
-0.078
-1.68107
0.01515
-0.96762
-0.42956
-0.68844
2.54907
-1.8029
1.01701
8.1689
-1.73588
0.95253
0.6657
3.10605
0.21665
-1.5224
-3.11623
9.3282
-0.21791
0.67058
0.867
0.867
0.68055
1.97475
4.41802
-3.58886
-3.55326
3.52796
-0.18164
-0.0268
0.1923
1.8562
-2.3982
-0.8292
-0.6994
1.8888
-0.284
-4.36067
0.55553
-0.3974
0.43652
-0.1268
-0.4778
2.3711
1.09216
-2.6613
0.0226
-1.4389
0.2817
0.10849
-1.2999
0.6083
2.1469
0.7847
-3.11242
1.68467
-0.24263
0.51266
1.5791
-0.5855
0.06462
-2.0378
-5.208
0.4621
0.28611
0.61988
-3.28471
-1.7246
-2.57472
-0.89075
0.8922
-1.1316
1.7888
0.0392
-5.9063
0.3367
-0.1508
0.0372
-3.8535
-2.4166
-0.0443
2.0425
-1.5915
0.2457
-0.9384
-1.8884
-0.0195
4.4562
-0.7655
1.1146
-1.6488
-0.6721
1.2115
1.1082
-1.5329
-1.1436
-0.24
1.96095
-0.28902
0.1234
1.1246
1.8072
1.02397
-0.02903
-1.44824
-0.44179
1.95541
-0.787
0.51387
-3.2104
1.02273
-0.0732
-3.1196
7.5901
1.132
1.1446
0.269
0.7643
-1.2805
-0.5297
2.1792
1.8249
3.9963
-0.4398
2.58491
1.2882
0.3671
0.78706
-1.441
1.7719
-0.38596
-1.7466
-1.31999
2.8024
0.3538
0.7805
-0.3625
1.3067
2.0137
3.2164
-1.1415
0.1888
4.9475
0.3378
5.196
-2.2724
-2.98874
0.38784
1.65013
-1.551
3.6298
-0.81004
-2.191
1.67955
0.96465
-1.4449
-2.3534
0.8088
-0.9238
0.8368
0.6687
0.30978
-1.8194
0.4976
-3.2579
-3.0921
1.24634
-1.10547
-0.02069
-0.2754
-1.912
-0.4421
2.3392
-2.0242
1.83422
1.19042
0.55222
0.23016
-1.4616
2.2247
5.9773
-1.6527
2.0023
0.3913
-0.4798
0.54682
2.5961
4.45575
-0.2532
1.09
-1.01096
-1.81529
-1.15536
-6.1026
3.2712
2.64222
-0.9608
-0.16561
-0.25709
-1.2572
-1.38461
-0.6925
-0.3814
0.0561
0.3148
1.4365
0.2467
-0.8296
-1.765
1.5827
1.1249
0.1518
0.1622
0.8437
-0.0384
1.1073
-4.707
-2.3753
-1.9186
2.63681
-3.53694
-0.0265
3.1089
0.03203
-1.37232
-5.7867
-3.5895
0.99447
0.92373
-2.32705
0.6627
4.5756
0.7903
0.6845
-0.5745
1.2491
2.9449
0.591
0.48177
1.32397
-1.3903
2.6674
-0.064
-1.5269
-0.55655
3.5634
0.3326
0.4635
1.2758
-0.0089
-0.9126
0.78899
-1.4452
-0.1204
0.00231
1.0502
0.9743
1.03497
2.1447
0.06983
1.20202
-0.00962
-1.86148
-2.02596
0.08474
1.54828
0.15798
2.22964
0.47268
2.01766
2.45373
0.8615
-1.8864
0.34338
-1.4776
-0.4614
0.46261
-1.36547
-0.9096
1.3106
3.6696
-0.5309
NA
-2.3589
NA
0.8568
NA
1.6701
NA
3.6933
0.3963
-0.4791
0.9263
-0.5183
-0.0686
0.2902
-0.3195
-0.3749
0.17397
-0.4451
0.5262
-2.2839
-1.4876
0.2016
3.2377
-2.1138
-0.6859
0.0992
0.68
-1.9513
5.0569
1.8061
1.7114
0.3121
-1.6635
1.4571
1.6349
-0.7398
-1.3213
1.0898
-0.0582
0.6952
0.56297
-0.6782
-3.0601
0.66601
0.26105
1.81403
-0.67058
0.5334
-0.5815
-3.1825
-2.2519
5.3677
-0.23128
1.18779
0.458
1.53695
-1.26343
-3.31167
-1.24492
-5.4497
2.0016
0.29205
0.262
-2.1288
1.05851
1.46253
-0.40474
0.81391
0.39136
-1.01384
0.41474
1.0763
5.3589
1.3606
2.67473
0.5709
0.6756
0.15965
3.97376
-2.0527
4.4121
-0.2746
0.5149
3.5723
3.211
0.123
-0.2407
-0.6536
1.853
0.1276
-5.1718
-2.4861
1.09786
9.8001
-3.1913
-2.4785
1.0478
0.5608
-2.2509
-0.309
1.3011
0.5768
2.8355
-0.7711
-0.2245
-0.5952
-0.02809
-1.20988
1.1325
-0.6173
1.07337
2.52332
-1.333
-1.0404
-1.1578
-1.2634
0.11304
-0.15467
-1.45222
-0.05827
-0.3964
-1.234
0.1266
2.9278
-3.1049
1.63677
3.1489
1.3534
2.1539
0.7817
-1.7569
-4.052
2.1332
-5.771
6.0691
-0.0519
-1.3845
-0.90451
0.0251
2.1264
1.5653
-4.3465
0.1739
0.4887
2.1491
2.4767
1.6943
1.738
0.4851
-1.8312
2.6777
-0.7235
-0.5044
-2.4397
2.2971
-4.0587
2.9267
-0.06527
1.2753
0.44648
0.00985
-0.5585
-0.00648
0.82833
-0.27309
-1.7843
-4.8229
-0.16779
1.2651
-1.3942
0.8121
-1.27825
-0.9351
-2.4444
2.0083
-3.7565
-1.6973
-0.9977
0.08814
1.0918
0.8797
0.39021
-1.9486
-0.9758
-2.52
2.6716
-0.38698
1.0239
-1.3724
0.3377
0.39934
-0.2917
1.1536
0.1188
-0.5879
-0.4327
1.0276
-0.4126
-1.7846
0.303
2.5767
0.6363
-3.3803
1.072
4.2334
4.5146
-1.40862
1.8086
-3.5834
-0.78938
-1.6529
-5.6327
-0.301
-1.4972
1.2378
-0.1452
1.3807
-0.9497
-0.8043
-2.275
-0.2058
1.2495
-0.5149
1.42473
0.5032
-0.3263
-0.8805
1.1611
8.2791
0.5959
0.0378
2.0339
0.5445
-0.5146
-0.365
0.0146
0.2415
-1.38408
-1.83813
0.0248
-1.6388
1.1938
1.8235
2.6372
-3.2209
1.02527
-2.4777
1.03418
-1.6442
-0.2225
-0.33143
1.85728
3.4452
2.5345
-1.4108
-0.13067
-2.97448
2.6798
0.3297
-0.1691
-0.59484
-0.75665
0.9465
-3.4679
1.98702
2.00983
-0.9698
-0.99353
-2.5408
25.2678
-1.3326
-4.5224
3.8832
1.4175
-5.4299
-0.8805
0.51935
-0.19123
-0.5149
-1.416
0.3069
-0.03726
1.209
-1.368
1.02078
0.2335
0.0828
-1.79
1.2156
-1.1936
0.5445
0.4049
-2.8403
-0.1912
0.1559
0.0582
1.2771
2.0335
-0.15091
-1.0002
6.6929
0.29615
-0.2401
3.43699
0.3133
-1.261
0.06445
-1.46783
1.2194
0.7755
0.4083
-1.4724
0.6201
0.6945
6.97398
-0.48902
1.0709
1.901
-1.84
-3.648
-3.3926
4.1872
-6.7966
-1.9583
-0.8353
0.04324
-1.10008
-1.2227
-2.9282
-2.263
-1.0103
-3.4531
0.88125
-1.01462
1.8515
-0.5656
1.47407
0.26726
0.085
-1.73401
0.59538
-1.08097
-0.2419
-0.2419
2.8942
-3.0882
0.12879
-4.16422
2.33786
0.9211
0.038
-0.2027
0.1137
0.2485
0.3123
1.9501
0.12032
-1.30979
-0.2439
-3.0294
-1.2426
1.0314
-2.5206
-4.9649
0.7864
-0.532
-0.5146
-0.5955
0.4208
0.9618
-2.7231
-2.068
-0.9915
-1.1969
-0.3522
0.0836
-1.1634
0.1116
-0.2839
1.3719
0.0116
0.06236
-0.61691
0.0384
-1.3666
-1.76509
0.8183
1.1691
-1.7336
1.9391
-0.8841
1.336
2.225
-0.7809
2.9332
0.4408
-0.6476
-0.0957
1.4728
-0.85947
3.32448
-0.3262
0.651
3.76556
-1.53199
-0.82012
2.20547
1.23318
0.04125
-1.20019
-2.26069
-0.91057
-1.68839
0.4084
0.0789
1.0311
0.51358
3.21355
3.0336
0.5949
-0.2861
-2.0038
1.1431
0.4341
0.7265
-0.7177
0.37376
-0.62552
-2.0494
-0.3137
-0.7742
-1.11523
-0.69677
0.6576
-2.6255
0.08966
-2.4248
2.0353
-0.1279
-2.09454
2.24374
-1.37989
-1.42386
2.1697
-1.8939
1.17351
-1.6142
-0.817
-1.2087
2.6387
-7.9215
0.2819
-1.22263
1.3286
-0.8925
-1.5092
-0.7425
0.3703
-12.472
-0.6514
-0.559
1.1698
-1.4
-0.09
0.64486
-2.88376
0.4353
-2.89782
-3.8096
-0.7537
-0.046
2.7054
0.164
0.0498
-0.2418
0.0877
-1.7729
-0.3594
2.0766
-2.5474
1.2728
-0.1248
0.7038
2.00596
-1.12409
-1.62538
-0.83369
1.1831
-2.6136
-1.9703
0.5792
6.0529
-0.53448
0.7269
1.8078
1.9418
-2.2943
3.3931
0.80132
0.09198
0.59778
-3.95916
0.3366
-1.729
1.9807
0.24124
-1.9789
-1.09986
-3.08992
3.16012
1.8346
-2.6945
2.9103
1.0433
1.80545
-1.3658
2.53999
1.88443
0.09658
0.5905
-0.6608
1.96247
0.59996
0.76267
-0.56925
-0.6224
-1.0181
-0.7406
0.4587
-2.0812
1.1819
-1.8797
-0.122
-0.8855
0.8384
-1.3004
1.7803
-1.8847
-2.2951
2.0691
-1.0497
-1.3211
1.0514
-0.1527
6.522
-4.1441
3.3445
2.17
-1.43227
-3.19451
-0.7583
1.148
1.1118
-0.6703
-0.3947
1.7677
0.3079
-0.61983
5.07992
-1.1684
0.9612
1.72236
-0.79344
-0.4907
-0.3463
1.5764
-1.2621
1.9374
2.5441
-0.9303
-0.3699
0.1213
-2.6888
-0.9577
2.0669
-0.6915
1.0132
2.9038
0.4033
-4.0339
-0.3169
-1.7808
-1.5392
1.1035
3.6351
-0.6449
-0.1026
-1.4271
-1.8415
-0.9917
1.1586
-0.67256
-0.965
-4.5635
0.9188
1.2695
-0.3466
-0.2242
-0.1514
0.492
2.1445
-0.0595
0.133
-0.0262
NA
1.8266
1.7471
0.8501
-1.828
1.3903
-0.7458
NA
NA
NA
NA
0.1905
1.7712
-0.781
NA
-0.867
-0.9927
0.4652
0.3894
3.1218
-0.0823
0.4285
0.2337
-1.762
0.64112
0.80197
0.62187
-1.93704
-1.53596
-1.37352
0.3609
1.8701
-1.4784
0.7939
-0.6633
-1.7769
0.6632
-1.3647
4.1449
-0.7018
-0.6011
-2.09358
5.15461
5.7316
-1.8195
5.54802
2.6069
-3.76188
-2.9746
5.04296
0.07376
-2.9496
-1.8909
2.1009
-2.59751
-0.26851
0.018
-2.5118
0.058
-0.8292
-2.64486
0.25787
0.7942
0.4887
3.04849
2.79913
-2.25907
0.46662
2.41357
-1.17725
-2.57114
-0.9433
-2.64443
-2.30047
-3.2104
1.77519
-0.55215
2.8515
0.39329
1.27886
-1.44241
-3.43444
-1.03359
0.89597
-1.37237
1.7879
4.34834
-1.4389
-1.77701
-4.0423
-1.1932
0.20137
-4.2447
0.13159
-6.76746
1.62772
2.88642
-4.02895
-1.27459
0.87433
0.98345
-1.41466
-1.06445
-0.60965
0.5741
-0.45839
-0.7558
-0.53001
-0.33705
-1.37233
-2.8519
1.09229
-0.44632
-1.76411
1.58766
0.5207
-0.64217
1.0287
1.59331
1.8447
-1.552
-0.34503
0.96129
-1.9772
-0.21415
-0.19571
-0.2188
1.76831
-1.85057
1.28722
-0.4297
1.6253
-2.3082
-11.2455
-0.0695
-0.00944
0.49099
0.5412
-1.68794
1.39766
1.04035
-0.5491
1.0332
2.2944
2.3406
-2.1275
1.1571
0.9018
2.3377
0.942
0.78844
0.8336
0.02707
-3.0118
-4.41762
-2.6019
0.717
-0.4859
-10.46907
-3.78809
0.0659
0.31334
0.8227
-1.243
-1.852
1.6913
-2.0038
-2.865
-0.2172
1.0557
-3.11324
1.97743
0.45779
-0.43248
-1.2813
-1.9749
0.6965
-1.1507
0.0107
0.9533
-1.5494
-1.8676
-1.1577
0.6499
1.8105
4.4378
0.0226
1.1315
-1.5252
-1.0839
1.79553
0.2626
-2.113
-3.45447
-6.30483
2.26268
2.07231
-2.3679
0.84684
0.43459
-2.10372
-1.7337
1.30113
4.8412
3.5265
-2.12692
-1.94699
0.988
-0.5372
0.25579
-1.39529
-2.68891
1.13324
2.59954
0.61115
-0.818
1.88851
-0.65327
-2.36569
-1.7381
0.02778
-0.76236
3.7015
1.12396
0.4757
0.3247
0.2867
-3.5326
-1.0486
1.8632
0.5851
0.434
2.23
1.0596
-0.8405
-1.6785
2.2972
-1.7767
-0.9279
1.6047
-0.8235
0.3516
-5.4923
2.4639
3.0197
-4.9411
4.5183
2.0252
0.9663
-0.3772
-1.5269
2.949
1.2217
-2.2751
-3.1805
-1.4672
1.0291
-1.4786
2.27571
0.78209
0.19028
-1.5179
2.2544
-1.7942
0.1508
-0.08307
0.80154
1.1574
4.267
-1.9352
2.8954
1.0178
1.193
-1.404
-1.0916
1.8994
-2.8725
-0.4545
-0.3637
-5.0229
-2.8961
-0.2988
-0.3654
-1.5575
0.2315
5.3398
-0.8383
0.71449
-0.51869
-1.74037
4.6033
1.9993
4.5446
-2.1488
-1.654
-0.158
-2.2438
1.3947
-1.4804
3.5601
-2.325
-2.9857
-0.8327
1.3696
-0.9468
2.8714
-2.7351
0.7377
0.8317
2.9116
-1.1558
-0.2262
-1.2345
-3.8787
1.9016
1.0717
-2.5016
-1.2495
0.27909
-1.0461
-5.6994
0.1229
4.2531
2.6612
-0.6531
-0.0136
-2.55817
2.24925
4.66803
-0.82625
1.2355
-5.7882
-1.444
1.7282
2.0841
-1.00247
-2.218
-0.16401
1.98167
-0.43436
-0.3865
0.5721
0.94257
0.1299
0.91383
0.72107
-0.9021
-0.9936
-0.3702
1.66095
2.2589
-1.97018
-1.92829
0.01025
0.67752
-0.3969
-0.71405
-0.07073
2.92366
-0.80776
1.8841
-3.09195
1.6619
0.89404
-0.2868
10.50774
6.44071
0.4511
4.12457
0.4511
9.05469
-0.1561
-2.12568
0.8898
10.16243
1.92679
-0.74459
9.80441
-4.28339
-0.01805
-0.62559
5.594
-2.626
-0.901
1.57255
-1.14355
0.6053
-0.17451
-0.29982
1.58194
-0.285
-3.3307
1.4621
1.3311
1.27121
1.02145
-1.51616
0.04886
2.72878
-0.35656
-2.3441
-2.09911
-4.0153
0.67257
-1.26
-1.37766
-0.00551
1.15488
2.02332
0.02195
6.02923
-0.45264
-1.8463
-0.2953
-0.99141
1.638
-0.0682
-2.62841
0.90588
-1.8235
-0.33844
-2.01975
0.27657
0.20272
-0.43291
-0.51544
-2.93766
1.65334
0.19323
1.03068
0.54886
1.3807
-0.08695
2.94479
1.5187
0.67814
1.4873
-0.1854
0.5628
-3.28359
-0.8787
1.81301
-0.11
-2.3252
0.3984
-0.57749
0.91769
-1.55416
1.82156
2.26508
1.60323
-1.0415
-0.60196
0.331
-1.39931
1.8074
1.9849
-1.4607
0.31584
1.447
1.25079
-0.04255
2.2908
3.4112
0.99003
1.84355
-4.7729
1.44053
-0.2593
0.01492
0.58721
-0.30527
0.59649
-6.3077
1.81606
-6.52792
-0.36266
-0.0834
0.1288
0.54037
2.53906
3.0419
-0.11518
0.6198
8.69524
-0.1635
-1.3068
0.51729
1.6639
-2.07552
-2.7088
-0.7086
1.1514
1.28553
-0.1141
-0.38623
-0.495
-2.0344
-0.3148
-0.6457
0.0555
2.7547
0.4679
-1.2752
1.0148
2.1653
-0.62
2.4163
16.617
-0.1437
2.1106
4.1242
-0.644
-0.1746
-0.5235
1.6313
NA
0.9531
0.2296
1.203
NA
1.9163
2.1305
0.2833
-0.7483
NA
1.4175
0.8249
-1.6276
-1.4475
0.2907
NA
NA
1.7384
-0.3393
1.78842
-2.9962
-3.1446
-0.4198
1.0747
0.5991
-2.2585
0.6319
-1.4203
1.2754
-0.0887
0.6568
1.9665
0.9826
1.9665
0.5257
0.4896
0.6597
-0.4061
-0.5292
-3.3199
-0.92504
1.0473
-3.4755
2.0877
1.2499
0.0265
3.2353
-0.7572
1.2244
-0.7049
-1.2973
-0.9083
-3.1041
0.472
-0.8355
-0.5369
-1.32508
1.28128
-2.97965
-1.69982
-0.17475
-0.55504
-2.2019
-0.708
-1.1333
-1.49536
-1.07757
0.57246
-3.29553
3.7854
-0.4202
-1.1544
-1.4998
0.5552
2.9658
-1.283
2.1524
2.3596
2.3082
-2.2883
-1.0808
-0.6937
-0.4238
-2.5705
-7.1415
1.588
0.4311
-0.57966
-1.3659
-0.87072
-1.96443
1.18371
3.2767
-0.4704
0.63408
6.9131
-0.5865
0.32324
0.365
-1.85145
-2.0713
-0.4451
-1.3011
-1.0537
0.7406
-1.5407
-0.3984
-2.3834
1.9912
-0.2875
-0.3356
-0.8709
2.2385
-4.7664
-0.0456
0.0623
0.4008
-11.9755
3.40722
-1.4364
-1.1615
-1.1787
-0.31213
-2.0547
10.5975
-2.6984
3.0038
0.3583
-4.59042
-1.3848
-3.1251
1.9178
0.2464
0.2847
0.5294
-0.394
-2.8977
0.55993
-0.6418
-1.753
-7.0618
12.0746
-1.7309
7.1649
2.4558
-0.1756
-0.25683
0.76004
-0.03735
-1.1326
0.2494
0.9972
-2.193
-1.02969
0.99845
1.4046
2.5215
-0.6798
0.76065
1.4182
-1.6628
-1.4986
-0.9582
0.52175
-1.1657
3.3704
-0.86975
0.1057
-1.47935
-0.31985
-0.10676
-1.87326
0.32299
0.52879
1.71349
2.03499
-0.2187
-0.00329
1.3926
1.526
-1.2129
-1.2214
-1.89073
1.2575
0.0306
0.6422
-0.2562
1.37891
1.4112
0.85726
0.70004
-1.70713
0.3417
0.9289
-0.90552
1.11609
-1.88459
0.40278
-1.30304
-1.66986
0.3979
-1.831
-1.14192
0.3544
-0.2812
0.0105
-0.94164
-0.7276
-0.59886
1.2794
1.3352
-5.4449
-0.05057
-3.4341
0.05653
0.7227
0.7418
0.32948
-1.53043
0.50939
0.9774
-0.21814
-0.13835
-2.58966
1.3276
-2.11125
-2.3954
-0.0455
2.1181
2.36884
1.70557
5.197
-0.8531
3.3533
0.1591
0.8965
1.3402
-2.5348
1.14759
-1.8598
-2.1243
-0.65075
-1.66945
-2.8415
-0.7954
-0.2781
1.03712
5.2893
1.365
2.1889
1.52716
1.0763
-2.2698
-2.6152
-0.73709
-3.51802
-1.70777
-0.8803
-0.4046
-0.8659
-0.1647
-0.98666
NA
0.44
1.3757
-3.36503
-1.1209
-1.3109
0.0128
-0.584
0.3166
-1.4868
0.501
3.5192
0.65105
-0.09165
2.62831
0.93193
-5.17624
-1.80514
-0.4208
2.21258
-0.69678
0.9833
0.3187
-5.7843
-0.1474
0.6845
-2.0514
-1.69656
0.10881
-0.8792
1.2288
1.2427
0.5165
-2.49355
-1.2237
-0.58526
-2.234
-0.2267
0.8203
-0.3792
0.2587
0.0644
-0.0704
0.6306
3.66612
-0.43996
0.93276
4.26
0.70803
0.5996
14.2033
-0.0077
-0.8528
1.4502
-0.9757
0.22004
-0.32578
1.3062
-0.4244
2.0656
1.3685
-1.43477
0.7375
-0.2937
3.1814
-0.62388
1.7227
-1.82996
0.6357
0.89933
-1.993
3.2058
-2.16893
-3.4243
-2.25843
1.6967
-0.86549
-1.59296
3.4685
-0.7854
-0.2099
0.15039
-0.0566
-0.5794
-0.1347
-2.1212
-0.1009
-6.5692
0.2667
-0.87715
-1.1401
-0.2479
0.63752
-0.23318
-0.2969
-2.5014
0.3427
-1.7305
1.2432
-1.5344
0.3995
-2.1518
-0.2277
-1.84629
2.8714
-0.217
2.3649
0.2108
-1.59993
0.0486
4.0813
2.2931
0.80848
-0.12779
0.4078
-2.06679
0.3347
-1.8434
-2.3351
-1.64793
-0.79772
-0.50888
1.35313
-2.5928
-2.5459
-0.71094
0.8798
1.6534
-4.7048
-0.5007
0.2386
-3.8801
4.33822
-0.9997
-1.21
0.0709
2.0448
-1.0231
0.33
-0.6918
-5.6054
-0.9526
1.9303
0.9595
-1.8266
-0.56323
0.83205
1.14696
1.44833
-2.4814
-0.43134
0.20009
0.56869
2.5983
-3.58165
1.26054
2.00903
-0.1152
0.9976
3.0998
1.3173
0.2327
3.6788
0.3481
1.54776
-0.9386
-1.7861
-2.35497
0.862
2.0836
-0.54437
-0.56922
-0.5131
-2.2584
-1.4684
-0.1985
2.2755
0.2066
-0.7485
0.0455
-0.1859
0.12436
3.9386
-2.07017
1.03654
-0.9158
2.57224
-1.97945
4.05835
-0.3041
-0.5555
-0.31459
-0.5845
-5.2854
2.40438
-1.2963
-4.07312
-1.0687
-1.18039
0.3572
-0.03879
0.5771
1.72019
0.87768
3.90626
0.39294
1.192
1.59677
-4.59929
1.30199
1.7826
0.6078
-1.281
-0.499
1.08709
-0.1837
-0.99828
0.9036
1.5205
1.57483
1.0368
-1.27731
-1.678
0.31422
0.6478
0.9955
-1.1298
2.84286
-2.0187
3.4736
-0.53629
1.35151
-3.8146
16.5077
-0.5348
-2.1185
5.4981
0.6767
-3.6705
1.5207
-3.91338
-2.9674
0.9235
0.2734
0.6255
1.118
1.4295
1.13931
1.4721
-5.27319
-1.0511
-0.59093
-0.3238
0.5576
1.3008
-0.0365
2.4107
-0.81885
1.42309
0.9095
-4.0638
-1.0466
-3.0926
0.58054
4.0638
0.2807
0.4623
3.3456
3.7326
0.3126
3.3575
-1.6962
1.36544
-2.35291
2.2065
3.3361
-0.0278
1.99913
-1.87947
0.8496
-3.1796
-3.1425
-0.4841
-1.7917
1.6428
1.9299
-0.3841
1.0484
-4.1543
-3.2031
3.0986
-0.0895
-7.0975
-2.109
1.8413
-0.4945
-1.2511
-3.0351
-0.1612
-0.7566
2.7783
-0.2584
1.3397
0.3672
-1.6116
1.8441
6.3597
-0.1093
0.9854
-3.8354
3.4537
0.578
0.2074
-2.4827
-2.4694
-2.7473
-1.039
0.9048
0.9901
7.9616
0.04725
-1.52188
-2.1607
-2.45611
-2.2187
-0.11108
-3.61585
-1.4714
-3.1713
-1.85764
-0.60865
-0.6021
-0.2262
0.00689
0.2332
-0.4911
0.5081
1.1575
-2.2364
2.4779
4.1307
-3.2532
-1.12221
0.2665
0.0768
-1.3646
-6.121
1.11341
1.0615
-0.0377
3.3327
0.26205
0.6312
1.7322
1.2485
-1.7573
-2.0371
-4.4221
-0.2773
0.3683
-0.6331
4.4725
-0.7539
-1.4485
-1.9232
2.4557
1.1902
-0.418
-1.656
1.78203
-1.87174
1.3829
NA
NA
2.0306
-1.0859
0.8818
1.2804
2.3038
0.3083
-0.998
0.3177
-1.1185
-2.0014
-5.2467
1.6855
2.7884
-1.8382
0.6156
0.3764
-1.7042
1.37564
-0.31812
-1.13739
-0.06211
0.5786
-5.20463
-3.6303
3.6543
0.72831
3.65454
0.25352
-0.8531
0.2148
-0.05451
0.20081
0.53734
1.9728
0.23729
0.64368
-3.35548
1.3258
-2.7475
1.8446
0.3586
-0.96408
-0.15558
-0.99548
-1.4295
-0.03848
2.1434
1.9644
3.7646
1.4373
0.5818
0.04852
-1.55326
0.74753
2.44718
-0.65886
-3.83387
1.3532
-0.36271
-1.22933
-0.2749
-0.10869
0.8987
0.72208
1.57952
-3.42272
1.63714
-0.124
-0.3409
-0.91161
-3.41345
0.9237
1.54811
-2.2638
-3.29798
-0.8249
-2.74561
2.73468
-2.33573
0.48419
1.4889
-0.47728
0.1083
-0.98302
-0.62615
0.09853
-3.98008
0.2863
-2.0156
-0.04314
-1.78487
7.63979
0.31925
-3.77014
-4.90833
0.17007
2.35329
-2.62609
0.30403
-0.22653
-1.47735
-1.27397
1.92611
1.08566
1.77903
2.09297
-0.8053
2.08974
-0.33502
-5.1611
-1.2662
-1.5446
0.3728
0.227
-0.65933
1.73962
1.2497
-2.6977
-2.4691
-0.07223
-0.0127
3.25331
-1.6164
0.50629
0.44583
1.0276
-2.2255
-4.45321
0.6042
-6.2667
-0.4315
0.64527
-1.90334
1.16675
-1.5179
-1.96985
0.1982
-2.654
-0.28907
-0.7607
-0.0292
2.1937
-0.0365
2.23271
-0.8052
-2.30632
1.56832
-0.3926
1.7049
0.91124
0.28067
-1.04196
2.1748
0.2833
1.03118
0.75096
3.50049
1.0363
-2.5665
-4.1971
0.4338
0.32181
-1.51539
-1.78907
-0.57425
10.3092
0.8254
0.63584
-2.26318
6.4531
2.38374
4.28544
3.32373
-0.11986
-3.0192
-0.11275
4.9653
-4.82101
-0.7506
0.99511
1.63356
2.00227
-1.27128
0.5436
0.69568
-0.63611
0.62997
-0.83587
-0.6024
4.9135
0.3788
-0.61918
7.94889
-9.69744
-9.1798
-2.55277
-0.25409
-1.51018
1.66352
-3.1108
-0.188
-3.4594
1.27244
-0.9177
-0.5675
-1.02113
-2.80015
0.3546
-0.4876
0.59298
-0.248
-0.248
-1.2203
-0.1276
-1.442
1.1789
-0.549
1.5926
-0.246
-1.6206
0.4062
1.3833
0.0793
0.3013
0.0759
0.934
4.3263
0.1677
0.1559
-0.7307
2.443
-0.307
-1.7497
2.3471
0.575
1.0474
-0.2419
-1.085
-0.3918
-5.7936
-0.7114
-0.5352
-0.2005
-2.5729
-1.4411
-1.1551
-0.3179
0.1392
1.0704
-0.2382
-0.1428
0.4248
2.1201
2.101
-1.4011
-1.9232
-2.3705
0.4735
0.92671
-2.084
1.32241
-2.9914
-0.1968
0.58631
-0.4168
-2.0931
-0.9762
-2.3534
-2.1433
-1.81805
3.2496
-1.1705
0.06677
-3.7656
-0.5369
0.4541
0.25847
1.3571
-0.65006
0.97652
-2.15942
2.6946
1.5284
1.8666
0.7142
-2.16671
0.5615
-1.7549
0.5904
0.1643
0.2997
-1.1962
0.0277
0.2988
-1.9015
1.76972
-0.1109
-7.0292
-1.2496
-0.3869
-0.7065
0.9519
-0.7159
-1.6236
0.4117
0.3753
0.5886
-0.944
-0.0409
4.6228
1.5609
-1.1476
-2.3229
-2.8178
-3.38006
-0.4818
-2.58938
-2.4406
-1.41847
-1.693
0.90778
0.7417
-1.0529
-0.0107
-0.5344
-2.2231
-5.6323
0.0668
-0.5156
1.1226
0.4715
0.0558
1.66514
-3.0522
-5.7745
-5.9713
-3.0694
-1.3039
4.4619
1.1306
0.60214
1.1033
1.0088
-0.4188
0.91575
-0.29515
-0.3083
0.3484
-1.9883
-1.891
0.7246
-4.0637
-3.2074
2.0026
-1.8706
0.60128
-1.32957
-1.45239
0.58617
-0.2946
-1.0355
-0.8078
-0.7767
-0.6255
-0.1275
0.0381
0.8792
-2.5257
1.64912
-3.91041
-0.5351
1.6835
2.3185
0.8543
0.1212
-0.15662
-0.33852
0.62416
-2.462
0.7468
-1.60773
1.7054
8.3743
0.074
2.6305
0.6574
-0.38796
-2.28259
-0.4966
0.5159
-1.2986
0.5845
0.7546
-2.1638
-2.0106
-0.62116
-0.2537
-2.9201
-0.4191
0.1183
-2.0549
-2.3921
-1.3587
0.0161
-1.6422
1.22934
-0.2247
2.3559
-0.4789
0.19433
0.4722
1.5936
0.978
-0.8251
-3.17179
-1.31845
-0.6895
0.4768
-1.2048
0.735
-0.484
-0.9369
-0.1752
2.59029
-2.9662
-0.1448
1.0447
-1.8714
0.076
-0.4778
-1.56228
-0.2918
-2.5243
2.71534
0.1386
0.4012
-0.28567
-0.6278
0.10383
1.9383
-2.4212
-4.0213
-4.0213
-1.18534
-12.45934
-2.22783
0.1937
0.2061
-0.6252
0.4387
0.8313
-1.07
-1.4224
6.0763
-4.9502
2.9646
-9.1412
-0.45666
0.2812
2.5744
-2.6991
-0.282
-1.7363
0.7042
3.1037
-2.04904
-1.83081
1.0471
-1.0252
-1.39841
-0.9893
0.366
1.13495
0.1087
-1.1709
-1.9121
-0.959
1.8155
0.9073
1.8738
5.2949
-7.5441
-4.81
-1.0879
3.558
1.68675
-1.8859
-1.4672
2.47849
-1.5573
-1.02
-1.304
0.7554
0.8549
-0.1745
-1.7493
-0.1867
-1.1153
-0.8676
-0.98076
-1.2814
-1.4459
-1.3804
-1.4108
4.1721
-1.50805
-0.35444
-0.0316
-1.0943
0.0382
-0.1989
0.3334
2.3398
0.7936
2.3113
0.9039
0.6543
0.67062
1.4881
-0.7606
-1.7858
-1.8253
0.1188
-0.0067
-0.0553
2.4248
0.7141
1.6203
0.9401
2.2006
-0.50023
0.57382
1.1774
-3.4159
2.0725
3.1797
1.5126
-3.7034
3.3237
3.4554
1.21
-3.7796
-1.9773
-1.6335
2.21311
-3.9609
0.25185
-3.73235
-0.4405
-4.4405
0.4537
-4.3623
2.1091
-0.8608
0.1946
-0.17726
-1.6466
-2.6708
-2.9263
0.1101
-0.3769
-0.42431
-1.6842
-1.4897
2.14481
3.6957
0.89857
-0.1535
1.42337
-10.96557
4.83855
-0.92331
0.5758
NA
2.1956
1.72696
-1.1493
-1.9441
1.7914
1.4316
-0.24632
0.7994
NA
-1.62499
-0.5859
-4.0638
2.05853
-2.4861
-1.57991
0.48385
0.94565
-0.76135
1.2212
2.71986
-2.5538
2.3547
0.51413
-0.68888
0.9183
-1.5573
1.3581
2.61365
-1.33874
-1.0168
-0.0666
-2.80112
-3.052
1.9814
-1.75282
0.2644
12.25679
1.463
-0.23726
-1.05268
-0.2503
-2.4257
0.43114
-0.90876
-0.84696
-3.3216
0.1887
0.6872
1.6497
0.14
-9.1743
6.6927
1.1968
-3.5434
-1.3799
-2.1467
-0.87554
-1.9015
1.65361
0.4737
-1.1147
-0.6543
0.07712
1.17711
-1.21378
-1.49297
0.0732
-2.58766
-1.8582
-1.5923
3.074
0.5685
7.0823
-8.6703
1.70117
1.8251
0.8089
-2.7734
-0.51616
-0.6457
0.8414
0.1594
-0.3583
-1.8038
-2.1389
-1.2638
-3.2818
0.9883
2.4562
2.855
-1.8813
1.8398
-2.41127
-1.94236
2.70855
-0.27494
-0.3048
0.89363
0.4403
-0.3421
-2.02012
1.8771
8.5048
-6.3838
-0.47404
1.13601
2.17386
2.21823
-0.55524
-2.9512
-4.8403
-2.8583
2.9275
-1.8644
0.2207
0.4585
2.11303
-1.4015
0.1733
-2.9841
0.0429
1.9501
-1.97711
2.3677
-1.9071
-5.3223
-3.1704
-0.2889
-6.29084
1.133
0.913
-1.7421
-0.6349
-1.1227
1.3592
-1.013
3.06236
0.42938
0.0044
1.6889
1.32981
-1.2136
2.15325
-0.12579
2.16348
0.8678
2.02308
-1.37456
0.0099
-0.2811
-1.35938
1.63361
1.53697
0.32497
0.55782
0.20015
3.7114
NA
-2.1475
-1.1599
0.6155
-0.99716
-8.5319
2.665
-0.42
1.2854
3.14923
2.5147
1.5081
1.19404
-0.8509
-1.7558
-0.0502
3.0038
2.3111
-1.7455
-1.59254
-0.66047
-1.5107
1.6597
-1.28467
-0.4921
-2.6133
-2.84464
5.0008
-1.5303
-0.6646
0.8554
2.1564
1.09773
1.333
-0.611
1.5912
1.2308
-2.5952
-0.0685
2.74413
1.721
-1.07791
-0.64341
0.42414
-2.0529
2.92828
0.9042
3.4966
0.72026
-0.36438
0.92697
1.81162
1.08353
0.83758
1.24539
1.09666
-3.0112
-0.9772
-1.4244
-0.5661
-1.1503
1.22439
-1.6229
-0.2943
2.399
-0.6307
-1.21619
1.7047
0.35571
-0.70347
-2.467
-0.81313
-0.69305
-1.0221
2.3396
-1.21789
-1.0272
1.1892
-0.1882
-2.3733
4.0211
-5.41338
-2.1328
2.3577
0.7887
-1.6924
0.1852
-0.09346
1.8501
0.6163
-2.7888
-2.3815
0.5467
1.00422
-0.5036
0.4909
-1.4132
-2.19502
5.9187
3.4756
-2.28756
-3.1829
-3.1344
-2.04813
0.0362
-0.1068
0.5282
2.4144
-0.07959
2.24727
1.6137
NA
4.83883
-0.43998
-1.7159
-3.4078
2.2507
2.1127
1.6445
0.55438
1.7113
4.4632
-0.60655
-2.5377
0.51456
2.7464
0.78785
-1.4359
1.7683
0.9549
11.0855
-8.2001
1.4502
0.89073
0.98154
-0.4202
0.77816
3.60579
-0.21033
0.3544
-1.7652
3.3897
-2.56042
11.4697
-0.26063
2.8593
8.01387
-1.5208
3.72
-11.4942
-9.7804
-1.8208
1.046
-0.53235
-0.1885
6.3567
-1.0185
-5.22418
0.1803
-0.8495
1.6863
-3.337
1.595
2.3261
1.6125
-0.09202
-0.5452
0.0166
0.38608
-0.63649
-0.0112
1.57133
-2.41704
-0.4122
-0.56759
-1.40892
-0.6649
-1.1025
-1.3168
-0.20074
0.5571
-3.5838
-2.2166
-0.0659
-0.62919
-0.39667
-8.5194
-2.39416
-1.319
-6.03598
-2.3408
-2.2844
-2.12013
-2.59065
-2.06039
-0.4649
1.501
-1.18608
-0.61535
-2.6314
-1.8866
1.3057
1.00291
-2.8727
-0.3077
0.5198
-4.80853
-2.698
-1.4052
0.8064
-2.8552
2.61955
-1.6207
1.703
-0.8217
-2.46827
-0.8195
-0.57655
3.35445
-0.8378
-3.0712
-0.9587
0.80714
0.5819
-2.4576
-2.0638
0.3952
2.30176
-0.87552
0.3716
-1.0599
-0.1994
1.00186
0.7957
0.46819
8.3923
2.0467
0.2502
0.7117
-1.81346
0.083
-0.91726
2.16073
-1.0119
0.2323
-1.3257
-1.6535
-2.17972
0.6682
-1.5974
1.6809
-1.2163
-0.7356
-0.4881
-0.87258
-2.12177
-2.5998
-0.00357
-1.04877
-0.1131
1.87594
4.7686
4.29452
0.5908
1.44346
-0.00584
1.2263
-2.9799
0.5364
-3.0553
-2.4686
-1.212
0.4781
-2.3166
0.5329
-0.3775
-3.3141
1.35178
1.902
-0.60742
-1.40293
0.9459
0.0242
0.4568
1.8699
0.1187
-0.42443
-0.37149
-0.5049
-3.1704
5.0213
0.17752
-13.307
1.69196
-4.0908
0.3414
10.7867
1.5071
-2.76983
7e-04
-0.5509
-2.23541
0.164
8.1005
0.9713
2.3633
-13.307
0.6634
-0.4576
0.3827
-0.0999
7.6027
1.1038
1.8005
-2.4538
-0.2175
4.0636
-0.33872
4.08889
3.3181
1.1286
-1.9641
-0.03505
5.3018
1.6036
-0.4294
-1.5803
2.323
-1.29667
0.8666
-5.43062
-0.37307
-1.7847
-0.0132
-1.11514
5.36497
-0.7459
1.129
1.02
0.83924
1.0492
2.4992
1.5892
-3.9211
-3.7384
1.8686
0.00521
-0.31968
-11.2692
0.4877
-0.0733
0.9371
-2.7407
-2.2269
5.1768
-2.10839
-0.7627
0.0574
1.5564
-0.0437
-0.7397
2.6585
2.2248
1.884
1.53186
-0.88001
2.43872
7.9775
3.90317
-1.8188
-0.9075
-2.1899
-2.6815
-0.5412
-0.22513
0.66353
-0.8809
-0.65468
1.00977
-0.353
-1.41954
-0.6902
0.9188
1.3416
NA
-3.12124
-1.3617
-2.5314
0.0145
-2.8234
0.5722
5.18252
-3.7624
2.3659
0.5683
0.4081
-1.4879
-0.16756
-2.1433
-3.8687
-3.8288
0.2788
-1.4923
3.84316
-0.76886
-0.1882
10.1686
1.08491
2.7479
-1.09469
0.17505
-0.9778
-10.1073
-0.4881
1.18456
2.9168
-2.9458
-1.1952
0.8046
1.27445
0.17491
-4.65724
2.7808
4.02035
2.5413
0.1477
4.9572
-0.37139
-1.3992
3.039
-1.2765
-1.86689
2.28543
0.3544
-2.1253
1.53367
-0.2244
4.2421
0.25044
-2.3188
-0.69193
2.49563
1.531
0.8251
-0.5092
0.5778
-1.3703
-9.65399
0.9666
0.5557
1.4403
-1.519
-2.6408
-1.66897
-1.6099
0.61962
-0.141
8.74055
1.33458
-2.7452
-2.1523
2.756
2.1744
2.08374
-0.5523
-8.267
1.852
-10.1073
2.7472
-1.43512
-2.74318
0.97773
-2.01601
-1.62439
3.5731
-2.6867
-2.0403
0.38528
-1.2234
-1.9109
1.731
1.5427
-0.84083
0.2042
2.5782
-0.9316
-0.59674
-1.1856
-0.7268
-2.3216
-0.5832
0.1085
1.8975
-2.7168
0.7013
-6.7376
-0.45
-3.3362
-2.5481
0.3904
-2.39178
0.656
-2.2867
-0.58788
1.5891
-6.2313
0.0777
4.33316
-0.88372
3.6263
9.4932
-1.28389
1.5506
-1.2301
NA
-0.98789
2.2045
0.7922
-0.1552
-1.3994
-3.2941
-1.4987
3.4271
19.1664
1.2106
-1.6613
-2.68386
-1.06021
-3.59631
0.51794
0.4235
-1.5828
3.4643
1.9964
-2.0643
2.74213
1.4634
1.9972
0.9603
4.0527
-1.2414
2.1777
-5.6391
-2.6202
0.2516
-0.04889
-2.3013
0.6996
-1.56229
3.8775
-0.7157
-0.9488
1.186
2.22282
-2.01593
-2.9996
-0.994
0.95124
2.32918
-2.35997
-1.23221
-1.7739
11.30957
2.4569
-0.08508
0.4393
-2.7742
-1.04641
-0.2136
-0.971
1.67079
1.1009
3.9086
-0.39213
1.4678
1.49476
-2.82216
1.0803
2.0357
0.0232
-1.08444
-0.78074
-0.1052
-1.5374
-2.9812
-12.02239
-1.59767
-3.9451
-9.37512
0.37748
-0.2157
-3.1196
2.9726
0.7113
-3.2559
0.479
NA
-0.95322
-0.1293
0.79004
-3.4963
2.8081
NA
0.8463
-1.1465
-0.10437
3.15284
-0.7343
0.479
-0.7343
1.9692
5.8302
-0.319
-3.83862
1.3772
-0.2341
3.2364
3.9143
4.3767
0.09
-1.0233
-0.56486
-0.57611
0.0877
5.7451
0.5962
0.55905
0.05296
0.52893
0.5321
1.15074
0.15931
0.43463
-3.8278
3.3817
0.4907
0.44488
1.10795
0.3254
0.7242
-1.0547
-4.68797
-3.5813
0.27096
-0.1801
-0.102
-2.2535
0.41769
-1.516
-0.12817
1.6317
-2.3112
-1.06696
0.7669
-1.7415
-0.97181
-1.24661
-0.55005
-1.159
-0.1857
NA
0.61509
2.6063
1.53589
0.4124
4.2841
-1.32151
1.1782
-0.3987
-1.7989
-0.097
-0.0146
-2.0345
-0.7522
3.3506
-2.1297
-0.5385
-0.9813
0.71298
-0.2311
5.1416
-1.23805
-0.2877
2.30838
0.0441
2.4436
0.925
NA
0.5791
-0.4632
4.8102
1.4935
2.9266
-1.24278
-2.4269
-0.8281
3.6617
-0.59582
-0.5335
0.1442
-0.8729
0.19733
-0.8077
-0.3271
-0.9627
4.2202
0.766
-0.0886
0.5363
-0.12608
4.66694
-0.2987
0.103
-6.3604
0.0278
1.2108
-2.79927
-1.3418
-1.62148
-3.2179
-1.83071
2.09
1.8312
-3.181
-1.011
-1.1887
-1.4188
4.4666
4.0903
-1.6401
-0.7324
4.3983
-2.4402
-4.166
0.413
2.0762
-0.09833
-0.29962
-0.6852
-0.52155
4.3594
-0.9404
1.5627
-2.5335
-0.8281
-1.15266
-1.9322
4.0286
-0.9831
-0.2362
1.6619
0.8891
-2.1226
0.4418
0.02
0.99409
2.60245
2.43615
4.6275
0.12747
-1.9297
1.58738
0.4209
5.43323
-3.5468
2.6314
-2.425
-1.55326
-0.3933
0.09107
0.8558
0.1637
-3.14962
-3.8419
-0.1406
2.41385
-1.7594
-0.7989
0.1107
0.9995
0.3176
-0.08494
-2.3476
-1.33252
-1.17206
-0.62539
-0.3029
-0.5048
-2.1852
-0.00249
1.9454
2.6432
-3.9654
-1.3251
-1.60063
-0.21
-0.8797
2.54638
-3.6279
-0.7848
-1.57008
1.2573
1.11585
-3.4064
-2.3517
-2.2394
-0.4564
2.4556
-1.274
0.4341
-0.29626
1.4872
0.2278
-1.84419
-0.5781
-0.8281
1.326
-0.4766
-1.29
0.7092
-1.07789
1.4039
1.3041
-0.68038
2.151
0.99089
0.1291
-1.28253
-0.22914
3.0368
2.16549
-1.13583
1.8552
0.169
-0.4438
1.3163
0.3437
-2.02907
-1.25274
-0.2374
0.8698
4.2131
-0.7815
-2.4746
2.52951
-1.0618
-1.1909
-0.1718
2.2403
-0.3733
0.2321
-0.3481
-2.0679
-0.6709
-2.4746
1.6291
0.2334
0.9535
1.3947
0.7607
0.2365
-1.3658
0.3402
0.49312
0.3143
-1.4255
-0.58661
-0.3174
-1.2291
-2.86398
-1.9577
1.06664
2.00125
-1.0232
-1.94501
0.60902
-0.73322
-0.2523
-0.2655
0.39574
-0.5002
-0.37152
-0.6996
-0.8394
0.43701
-2.3889
0.9173
-2.46014
0.16
-2.6821
2.0999
-0.4543
-2.3465
-0.89688
0.37504
4.44699
0.6188
0.3149
-1.6101
-1.4361
-6.3552
2.1932
3.2003
-0.4261
-1.31223
-0.09789
3.6567
-1.12253
-3.2434
0.8476
-1.4269
2.3664
1.33839
-0.5577
0.78584
-0.9033
0.8352
-0.7695
1.43077
15.8457
-0.30536
0.52341
3.16584
1.473
3.4607
-0.7271
-0.03562
2.54027
-0.2464
2.0856
0.6873
2.25942
0.00629
1.491
NA
-1.56282
-0.11741
-0.12374
0.60226
0.3872
-1.3606
3.607
0.3904
1.6447
-0.1556
1.7152
-0.75712
-1.5461
-0.9112
-0.6107
-1.9988
1.517
-1.1564
-2.6133
-2.6388
-0.3178
-0.2912
6.4759
-0.34722
-1.85319
0.4681
-1.11437
-3.6527
1.07007
-1.4044
1.23653
1.4833
-1.44807
1.5405
1.56716
1.1938
0.439
2.5517
3.79022
0.75995
-0.6981
-1.3102
3.5205
0.3739
-0.9201
1.9161
0.4717
2.4393
0.5093
0.4953
-6.80595
1.37
2.2674
1.6988
0.13779
-1.9381
-5.2637
6.1737
-1.3488
-1.214
-1.1009
-0.1593
-1.48169
-2.8921
-0.5848
0.34718
0.94625
0.2407
0.459
-0.3815
0.1186
0.7057
-0.0201
-0.3328
0.3829
NA
0.042
-2.8844
0.09625
0.1793
-1.0381
-4.4277
-6.0518
0.8655
7.47843
-3.70443
1.0728
0.4085
-1.423
-1.197
-0.9426
-0.04517
2.4451
0.9952
-0.44937
3.57
0.60931
-0.92542
-1.98864
1.4072
0.22383
1.4709
-1.6679
-4.48668
-0.3106
0.47327
-0.4604
2.4173
-0.16674
3.5683
-0.9105
-0.1776
0.9947
-2.1684
1.98707
4.18
-0.75788
-1.6652
-0.8982
-2.9252
0.1772
-0.3762
1.4709
0.11102
-0.00901
0.9368
-1.304
1.26
0.5142
-0.9768
1.86834
-2.44341
-0.1049
3.05092
-0.97102
-3.4964
1.5096
0.1993
-2.53371
1.1267
1.4091
-5.575
-0.7621
-5.1863
1.66364
2.059
0.79526
-1.0687
1.8155
0.0593
-2.2177
0.3838
-0.3386
3.3254
5.7437
0.9881
1.9324
-2.3718
0.927
0.22051
-2.83193
-0.3141
0.12195
1.37615
-1.326
-2.74362
2.0779
-1.2611
-1.55205
-0.1821
1.90234
NA
-2.0918
-0.4218
-4.0626
-0.47809
0.13358
-2.8011
-1.8175
-0.4576
-1.9238
0.2364
0.12341
-0.57811
-0.88305
-1.0746
5.0977
NA
-0.88936
-0.259
0.2015
-0.9741
-1.61268
-0.0871
-3.0892
-0.7997
1.8886
0.4998
-1.3351
-0.0411
3.62818
1.6832
-4.1836
2.0526
NA
1.0152
-0.4399
-4.57483
-1.9152
1.9752
-1.1663
0.7219
NA
-0.2281
1.3271
-0.6669
-3.9276
-0.5252
-0.3972
0.36524
-0.1074
-0.3294
2.2118
0.1753
0.357
1.37378
0.0463
1.1381
1.6444
2.4907
-1.0268
1.0486
-3.5334
0.5522
1.16782
-1.62912
0.8074
1.93415
-1.62482
2.5807
-0.789
0.96667
0.8997
0.45724
2.4829
2.1016
-2.2231
2.59198
-1.7703
-0.7676
2.0921
-2.0345
0.449
-1.7288
1.6207
-0.689
0.4545
-0.5678
-6.1938
0.124
1.0728
1.05951
-0.1094
1.6354
1.18712
1.4443
-2.0942
-2.3611
NA
0.4124
1.1781
0.2407
0.2898
-1.929
1.4574
-0.7563
-1.6019
-1.5302
3.296
-1.48672
-0.43288
0.7582
-4.11894
-0.6612
-5.7389
-3.793
1.4838
-1.7257
0.6974
1.0635
-0.5002
1.4912
0.3903
-1.165
-0.27513
NA
-0.0836
0.6847
0.6217
1.3237
-2.2373
-0.5272
6.5992
2.75264
0.74367
-0.0492
-1.0572
-0.8436
1.4609
-1.74823
1.08381
-2.531
-1.71651
0.5761
0.63264
4.8373
-0.6341
NA
2.6452
0.2664
-0.61078
4.1276
-1.7324
0.3132
-18.9126
0.56439
0.2996
-1.3812
-0.99125
-1.0823
0.35981
-1.7796
0.04681
-2.8275
0.13394
0.1079
2.7524
1.21461
-32.261
2.50239
2.3393
1.73812
0.3301
2.9289
-3.36203
-0.4482
2.3114
-3.3426
1.61699
-2.16792
1.8066
-0.2926
0.2324
4.5235
-3.78131
3.17736
8.1523
-1.4297
-8.48172
-1.43241
-1.00722
-1.6086
-0.1215
-0.3885
-0.9138
1.76839
-0.1859
1.12345
1.4349
-0.1955
2.4451
-1.0042
-3.4093
-1.2429
-1.383
-0.08366
-1.81414
-0.7342
0.6664
NA
-2.3118
0.155
2.1913
0.9173
0.031
3.19718
-0.63899
0.1445
-0.83404
0.21411
-0.1315
-1.6127
0.19877
1.74196
1.5906
0.40627
-0.75113
-0.1142
-0.3295
-4.6348
-1.239
-2.58588
-2.10145
2.1469
-1.19806
1.3017
-1.8665
-1.0981
-0.7271
-0.82804
-0.8754
-1.1724
0.00692
0.99202
1.2268
1.4116
-1.238
0.76242
-1.67737
-2.9284
7.62539
3.9882
0.7644
-0.1755
-11.6991
0.24993
0.1958
NA
0.7307
-1.90103
-1.02817
0.6401
1.3313
0.0664
-1.877
-2.4356
-5.07648
4.5098
NA
2.51243
2.8392
-2.9043
1.1546
2.3364
0.23892
0.848
-1.68883
-0.0819
0.3819
-0.26817
0.3688
1.8632
-1.2162
0.8034
-1.88715
-0.04923
1.1282
-0.8366
-2.529
-0.3344
1.04571
-5.2125
1.58468
0.0766
-0.6629
1.7905
-0.28368
-1.0008
-1.4236
1.1401
-0.1832
3.5825
-1.57
3.39823
-0.9916
1.153
-1.2339
-2.3372
-18.4807
1.53848
0.7668
0.1027
-2.0042
2.09368
0.33162
-1.3934
2.0719
1.0471
0.7333
1.8858
-9.5044
2.408
-0.03207
-3.6916
-3.5901
2.1021
-0.117
NA
0.9141
-1.7079
-2.067
1.3788
1.02
-0.9469
1.6156
1.35482
3.7625
-1.2527
1.73366
1.28271
-0.0564
0.93681
-1.13096
-1.97008
-1.08896
4.62536
-1.26021
2.7681
1.7992
0.7684
0.8891
0.492
1.5698
-0.9025
0.7127
0.01352
0.95046
-0.5187
3.5641
-0.4645
-6.2021
0.3762
2.62802
4.6181
-1.0219
0.21443
1.7608
-2.685
1.2676
1.2402
2.50962
4.38758
-7.45993
1.04637
-0.16827
-1.7577
2.3464
3.3509
4.52745
0.1702
-3.0883
-0.29345
4.9942
0.8508
0.82561
-0.796
NA
NA
NA
NA
NA
0.7312
0.4887
NA
NA
NA
3.2561
NA
NA
NA
-0.1057
NA
NA
NA
NA
NA
NA
NA
NA
NA
NA
3.5987
NA
NA
NA
NA
1.6702
NA
NA
NA
NA
-2.3605
NA
2.2675
NA
NA
1.32387
-1.7353
2.8659
NA
-0.26849
1.1163
NA
NA
NA
NA
NA
NA
NA
NA
NA
-11.783
1.2239
0.7087
NA
-0.909
1.5458
-0.8622
0.6567
NA
-0.80572
-1.07398
5.42835
1.1868
0.4206
3.1251
1.01051
-2.6782
-3.6675
-11.5546
0.94439
1.7896
-0.8236
1.0824
1.0022
-0.8355
1.2361
0.0803
-2.0843
-1.1079
-4.066
1.8009
-1.1724
-0.315
1.7058
0.1043
1.67529
-1.3244
2.108
0.8277
-6.09182
-0.5466
-0.313
-0.13119
-2.368
0.5367
-0.9123
0.48757
-0.9057
-1.2517
-1.1659
-2.3461
0.0264
0.7021
1.6402
-2.3728
2.2158
-0.1567
-1.6824
-1.49116
0.1754
-0.9569
3.9355
2.6885
-0.9606
3.22073
-3.19685
-0.0453
-1.6792
1.4884
1.7183
5.1081
0.53123
-1.1856
0.6585
-3.1237
2.237
1.6018
-4.3424
-3.2515
-0.92276
-3.6525
-0.0366
0.3207
2.85181
1.4235
-1.32868
-0.75509
-0.3762
NA
NA
NA
NA
0.2126
0.4701
0.32723
-0.49974
0.62916
0.5981
1.8476
-2.37373
0.7877
0.2857
-0.8848
1.11308
-0.9571
-0.2561
1.3247
1.4161
-1.4234
0.1214
0.532
0.2647
1.9374
2.6758
2.73165
2.1179
4.94704
-0.09269
-5.5396
-1.3149
-1.0205
-0.5657
4.967
-0.9429
-0.5149
-1.04954
3.1271
0.1779
3.4061
0.4571
-0.4351
2.3534
-1.02283
1.77412
2.9984
2.04
1.9134
2.5744
-0.4302
-4.1622
0.62608
-1.01921
0.7381
-1.477
-1.9274
0.02597
4.3494
0.1564
1.1632
1.3614
0.1622
-2.3126
-0.95301
-1.33645
0.10055
-0.10542
-0.0353
5.88132
-0.9917
-0.89348
3.45978
0.3554
-8.67968
NA
2.61361
-0.7569
-1.2905
-0.2585
-1.17394
NA
-0.80545
-0.6015
NA
-2.2492
-2.634
0.4741
-1.4926
-2.57955
0.6935
1.0032
0.6293
1.0388
-2.1342
1.32513
-2.2885
0.9594
0.8067
-0.7153
-0.4618
3.7247
6.1737
-2.5018
-4.1206
0.37676
-1.675
0.6343
-3.27602
-0.8375
-1.0623
-0.2678
0.7221
1.93705
2.6298
-1.862
-1.2619
2.5926
-4.0024
3.5216
-0.2245
-1.04541
3.89962
1.4361
-0.2896
-0.9436
2.1534
-11.783
2.3635
-1.0698
-2.4578
11.7903
1.99232
0.9911
-0.1477
-0.2599
3.8277
2.5014
-1.04815
-2.87503
2.08563
0.6943
-1.5495
-1.1566
-1.62793
-1.01087
0.00523
-0.8093
1.1873
4.007
-1.7981
NA
1.2136
0.06905
-2.7414
-0.0652
1.7322
-1.00457
-1.46844
1.0323
-0.16165
1.6021
-0.5857
-1.7895
1.1878
0.4657
-1.4115
-2.1363
-0.7151
-0.4625
-0.1545
-1.18938
-0.64752
2.5191
-0.4493
0.205
-2.5837
1.6564
-2.6
0.96185
-0.9627
-1.1232
1.6991
0.6674
1.81772
1.6672
1.7862
-2.73425
-2.5297
-0.54265
-0.2359
1.8782
-4.5263
-1.2082
-2.30768
-1.3812
NA
2.561
2.3898
1.62012
0.9802
0.0971
-1.77919
-1.85409
-0.522
-0.6354
0.4978
-1.66639
0.8131
-3.19958
-1.1195
0.76131
-3.6471
1.7873
-1.5576
-1.12416
0.71111
0.5586
NA
-0.6071
0.0889
0.00879
0.05472
0.1315
-0.2162
-0.25645
-1.2968
-2.1302
-0.0955
-0.7426
0.7304
-1.4307
NA
4.57959
-0.1577
2.2489
-1.6777
-0.6138
3.5077
0.2886
-0.0429
0.8323
-0.7085
2.08073
0.0538
0.88316
-0.6467
1.37
0.9081
-1.0623
-0.0063
0.96408
0.4025
-0.2456
1.502
-0.188
-4.7961
-1.8493
-0.4307
-12.3054
-0.72884
0.15107
-0.7669
-2.68692
-0.1257
2.6231
1.8219
NA
-2.6777
3.0138
-1.17951
0.1471
3.0611
NA
0.9531
0.6467
2.88116
4.1448
-1.2184
1.4444
-1.56361
-0.9536
0.2213
-9.40434
-0.94774
-2.6647
-1.647
-2.43568
-3.3903
0.8575
-1.1092
0.6464
0.27845
1.127
2.3088
1.2524
1.4003
-0.3432
0.36022
-2.6995
1.74417
1.4734
0.50552
-1.26795
0.1247
1.58983
-1.82491
1.1652
-1.0756
1.1548
-1.70638
-1.2018
-2.1543
-0.5038
0.84982
-0.5519
-3.19827
-0.7755
-29.3447
1.523
-0.91977
0.7046
-0.14031
1.3948
NA
0.18975
-1.19658
1.48049
-0.66081
-0.9242
1.3005
1.2745
2.9836
5.33883
-1.8616
-1.28623
1.3125
NA
NA
0.1133
-1.57108
-1.0468
0.0374
1.5897
2.02476
0.9794
-0.5657
0.7648
-0.8861
-0.5539
0.0595
4.64279
-0.757
-1.0879
2.47802
2.44254
1.8641
-0.5254
-3.1909
0.82115
0.6985
-0.6995
4.6817
-0.1821
-3.76055
-1.01012
-0.18591
0.44818
3.991
-0.6044
-0.7913
-2.9218
1.73601
-1.80774
0.16474
-0.9153
1.20447
1.1678
-2.37375
0.9688
1.7767
0.5942
0.1667
-0.53317
0.2438
0.8362
0.65768
NA
-2.2187
0.1299
0.51372
0.33247
0.28535
NA
-0.2911
-1.6071
-0.2666
-0.32616
-0.3655
-4.6498
0.2335
0.06048
-1.245
1.8826
-0.34833
-1.25656
4.4601
1.0311
1.4909
-2.5066
1.3977
4.0227
-0.09807
0.5578
-0.10226
0.63203
0.2551
-0.0083
NA
1.2233
1.0412
-0.27372
-2.3923
-0.3838
0.57031
1.1244
-1.38217
-0.8112
-0.51794
2.6936
0.0061
-11.04773
-1.60086
1.4652
0.18
0.946
0.63465
0.9825
1.5799
-4.047
-2.6146
1.3581
-0.08686
1.5205
-4.2595
0.33422
0.8028
-2.25582
-0.9569
-2.2053
-2.8623
0.08495
0.5412
5.52991
1.7106
1.3204
1.5538
-0.0289
1.31595
NA
-1.8826
-1.3802
0.3654
-4.3651
1.1026
0.46678
-0.44186
-1.20686
0.97812
-1.5991
0.18978
-1.2235
1.7159
0.5622
NA
-0.0328
-0.9768
0.20276
2.3763
-0.41115
0.07296
-1.3372
-1.3062
-1.6252
1.5749
0.1864
-1.8009
-0.61648
0.1478
-2.08158
-0.43669
-1.2176
-1.13957
-0.5937
NA
-0.24549
-0.2258
-1.51087
-0.61268
0.17597
-0.6636
-0.5622
2.7166
-0.18748
0.72302
1.4947
-0.1049
2.9716
NA
1.1656
-1.1045
1.9521
-0.9123
0.32949
-0.93175
NA
1.9985
0.67797
-0.67596
2.0716
2.2295
-2.4346
-0.71767
1.44432
-0.3822
3.62968
-1.1036
0.1757
1.0584
-1.2288
-0.6838
-1.032
-0.1924
0.0533
-0.1288
-0.95499
0.34354
-1.0381
7.07387
-0.1408
-0.5464
-8.4044
0.7546
0.2975
1.21611
-0.7668
-1.30181
-2.2906
1.0262
-0.2171
1.0863
-1.6211
-1.3455
5.8877
1.07171
2.6369
-1.7096
0.0952
1.2872
0.93836
NA
-0.7323
0.04119
-0.0976
-1.19334
0.2882
0.8185
NA
0.4547
-2.5719
2.8602
3.506
-8.267
-0.6011
-1.9009
1.20797
1.60837
-1.22057
-1.6721
-1.0388
1.4478
0.9734
-0.1006
0.93389
1.8074
0.14164
-0.40473
-0.1674
-7.36425
NA
NA
-3.04185
1.6619
0.0207
15.8176
0.9981
-1.16764
-2.9062
-1.21068
0.7711
2.1709
0.6182
-2.39208
-4.8225
2.5156
0.72242
-1.2812
-0.63729
-1.27226
NA
-2.4177
0.3982
1.7393
0.6791
-4.2777
-0.5818
1.14678
-5.2433
0.00693
1.3901
0.10012
0.48012
-0.93997
-1.27806
-3.4064
-1.5521
-0.7684
0.2939
0.16
1.8235
2.3754
-1.1051
-1.1467
0.8316
2.95093
-3.10503
NA
1.01941
2.5025
0.3708
-2.0834
0.5747
1.0863
1.3894
NA
5.07593
1.5797
-0.29305
1.1896
-0.30547
-2.6044
-2.17167
1.78269
0.4409
1.5505
-1.0603
3.8554
1.1423
18.2316
-0.54697
2.2317
NA
-1.441
-0.9157
-0.6674
0.08305
-5.6498
-0.7584
0.4311
0.443
0.08811
-0.5484
-6.01898
0.949
0.8207
0.8016
0.19253
-4.5996
-1.37017
-1.94469
-2.0112
-0.1131
NA
20.58746
-0.4634
1.7768
-1.5795
-1.5183
0.2661
1.9129
2.52951
-1.1684
-0.14
1.85195
-0.41067
-2.8851
1.4219
-9.0404
NA
-1.2695
-1.5488
-0.5322
0.429
-0.62027
-2.69294
NA
2.04738
-10.38167
0.4015
1.4259
-2.3795
0.309
-0.37108
-0.6916
-1.6573
2.4735
0.1287
1.64067
-1.9562
4.40602
-1.1149
1.30701
NA
-0.2965
2.62629
-3.9035
1.107
NA
-0.4372
0.6322
-0.8121
-2.34488
0.8169
0.64776
-0.7304
-0.9472
1.1201
0.5369
-1.14267
1.89461
0.3574
0.01877
1.0582
0.8108
-2.9322
0.2066
8.52418
-1.46075
-0.904
-1.0232
0.7669
-1.9247
-2.79479
2.2389
-0.3083
1.5593
1.6916
NA
-1.4176
-1.07016
0.637
-0.305
0.0123
1.459
-1.37858
0.1526
-0.27836
-0.60975
-0.7158
-1.6281
-4.1309
-1.7647
0.7023
1.803
0.8801
0.9036
0.6784
-11.0505
1.0209
13.6588
1.24355
-1.3568
-9.097
-0.11019
22.5894
1.44461
-0.8305
-1.56386
-0.576
0.5116
-0.5177
-1.4371
0.40785
-9.9561
1.16702
3.254
6.5846
2.7432
0.8869
-2.68811
4.7462
-1.73325
9.40916
0.56262
0.2866
1.0854
3.594
0.3438
1.3736
0.4692
0.95641
-0.4489
-0.9525
3.0637
-0.3655
-1.3665
0.73959
-1.37783
0.33619
-0.086
-2.73268
1.4005
-1.7453
1.5034
1.5735
4.22154
0.0348
0.1697
-0.8323
0.7663
-1.5758
-0.7018
1.066
0.9891
0.186
-1.6967
0.1909
-1.23102
2.3537
-3.0087
NA
-0.0322
1.5651
-0.6873
-1.49108
-4.0189
3.2454
-0.76941
6.40275
-1.4484
-1.798
-2.0139
0.2728
1.5732
0.1213
6.79912
-1.4153
-0.98651
-0.7455
0.4275
0.6314
0.6847
0.97702
-1.8945
-2.3689
1.75209
-4.9448
1.9117
-2.78446
-2.83829
2.4252
NA
0.1399
-0.3817
-1.60286
0.4554
0.9459
-1.5856
-1.0191
-5.1538
1.06794
-1.1684
-2.281
0.2329
-1.09959
-2.1747
3.4333
-3.3158
0.2744
-8.9164
NA
1.6318
-1.82274
2.76828
-1.9921
-0.6492
2.0233
-0.89246
-0.13397
-1.1718
NA
2.2042
-0.3361
-0.79834
0.8822
5.14042
-0.4795
1.1195
0.82
-0.2193
-7.95193
-0.5117
-0.6921
-0.3788
-0.32002
-0.6802
0.5176
0.46343
1.6021
-1.339
0.8158
0.1621
-10.539
0.30022
-1.18935
-4.8225
0.145
3.28437
-0.5625
0.0458
-2.9911
-0.7799
0.5246
NA
-2.4806
-0.8186
-1.79256
1.06275
1.6522
-1.56306
-2.90693
-0.2639
-1.0141
-1.32096
-1.9895
0.1803
-0.4864
0.5072
-0.90055
-1.34942
-0.5066
-1.06718
0.04552
-0.1965
-1.3468
-0.5547
-2.3923
-4.4653
0.1512
0.13172
0.899
-0.34836
-0.6373
8.1531
-2.23793
-3.1096
1.1081
0.2695
-0.109
-2.4704
-0.6708
-1.4108
-11.65634
0.4432
-2.26988
-0.5056
2.1376
-0.1533
-2.45192
-8.8119
5.8113
0.5767
-1.39455
2.6289
-1.2291
1.7094
0.2217
1.5667
-0.68048
0.2394
-1.33799
-0.9808
-0.23987
1.1753
1.3428
-0.5183
1.0152
-0.63011
1.4762
4.2312
1.5987
-0.32874
1.44
-5.6022
-0.5277
-0.32177
0.1031
0.36391
-1.10942
6.02306
-1.261
NA
0.3394
-0.6214
2.2504
1.8504
-3.635
-1.6362
0.01985
NA
-1.0233
1.0683
1.85021
-1.4996
-4.38747
-0.04332
0.6176
6.692
-0.7365
0.31589
0.8103
-0.97106
-4.1951
0.359
2.1682
-3.371
1.25882
2.3232
0.7982
2.91251
-2.29068
-2.2084
-0.8083
-0.42958
1.66218
-8.1775
-1.2012
-2.3221
-0.67316
1.13676
-3.4427
-0.4701
-2.0776
0.71424
-0.0172
1.24584
1.54354
0.0741
0.49261
-1.0198
NA
-0.8092
-1.7171
0.9069
-2.06957
2.81679
0.438
0.1331
-9.7563
-1.4283
3.31023
1.9248
-0.6807
3.7521
3.7587
-0.2932
1.46561
-3.7588
-1.2407
0.8165
1.0539
-1.90703
10.2166
1.09111
-1.77098
1.23697
1.8546
-1.33785
0.76422
-0.38547
NA
0.46814
NA
1.3659
-0.53433
0.26773
0.5071
-0.3279
0.94265
-2.9546
0.65868
1.57268
-1.63098
0.13926
-0.10887
-1.64007
-0.58991
-0.4944
1.3886
0.52881
-3.5038
0.8391
0.618
-1.26515
0.81714
-0.06742
-4.0804
-0.4686
2.013
-0.2258
-1.8463
NA
3.0319
-0.49651
-1.1638
-2.6329
-1.2376
-1.05519
0.4507
-0.17585
-1.1605
2.1553
0.9434
-1.3415
-2.7924
1.1034
0.1803
NA
-1.5895
-0.70369
-0.4107
1.0192
-0.4073
-2.8414
-1.164
2.5604
2.657
0.17443
2.721
1.1487
-0.5605
0.2495
2.1316
-0.3712
-6.4531
2.7497
0.1811
-1.6309
1.25155
-0.29819
-2.5288
0.28463
-0.6534
-2.39236
3.9016
-0.8731
2.2907
0.8018
-0.08717
10.3092
-3.69122
-0.7401
1.1835
0.1083
-0.8177
0.05665
-2.8031
-0.0155
-2.2443
0.1088
5.36265
1.1511
-1.2576
-1.18659
1.5816
0.6075
2.6201
-0.8983
-0.83122
-0.14882
1.1407
0.8247
-1.10238
1.3389
-2.2012
2.4282
-0.0654
-1.7013
-0.4574
0.93317
-1.5884
-0.2192
4.3788
0.4774
0.1591
0.119
0.0723
-0.5633
0.51874
-1.08813
NA
-1.2288
-2.03755
-1.3882
1.07255
-0.4585
1.57099
0.1838
1.40094
0.90477
NA
-0.5899
4.7862
2.36944
2.2493
-0.7867
-2.22604
-1.56363
-1.10696
-0.2298
-2.4821
-0.7561
-0.9355
-6.767
-2.68124
-5.4186
0.85334
-1.0004
-1.2876
0.73999
2.5528
-0.9197
-0.2768
-0.6774
NA
-0.51405
2.4395
2.3539
1.7266
-4.37667
-1.39334
-1.80549
-0.71652
-0.624
-4.7949
-0.0838
-4.6141
3.3137
-0.4675
-2.92166
5.8547
2.3263
-3.5834
4.4834
1.94071
-0.30338
4.63
0.3092
0.82945
1.6204
0.65
-1.6304
-0.90782
0.86206
-0.46626
-0.65927
-0.9086
-0.4769
1.5429
-0.22073
-0.2628
0.2119
-1.23762
4.3068
1.11697
0.5927
0.583
2.44855
0.878
0.9599
3.4798
0.30665
4.9723
0.3954
0.2913
-0.8311
-0.822
-2.8173
-0.08263
1.0079
-0.0049
-1.9477
1.8392
0.0065
4.65366
-2.4281
-4.4899
1.2378
-0.0914
6.814
NA
2.1033
-0.46951
0.5723
0.1956
-0.8755
0.24634
-1.5748
-0.102
-0.0044
-0.375
0.95478
1.5044
0.12488
-0.15429
-2.4651
4.2547
0.302
-6.1077
-1.6629
-1.8708
0.9754
-0.6598
-0.2329
3.7519
-0.55979
1.4959
-0.64
0.80944
-1.2301
0.1126
-0.6996
-1.48177
1.1918
-1.2916
-0.6185
-0.2366
-0.746
-3.30881
0.5601
2.87788
-3.1465
0.2877
19.0307
-0.722
-0.2812
1.02332
-1.7419
5.12713
-1.1421
-0.24692
0.0911
-0.7195
0.2069
2.7989
1.8999
1.1296
-1.7881
0.8898
-1.56098
0.5558
1.56838
3.0952
2.8758
3.74083
-1.54243
0.6607
1.08693
1.0459
0.5287
-4.97615
-1.81492
3.3908
3.54466
-0.66009
0.04015
0.9273
-1.31562
-0.52738
-0.0715
0.03628
2.86702
2.4338
-0.4233
-0.5777
-3.6438
-0.8307
-0.7685
0.14753
0.9807
0.0424
-0.0197
2.18755
0.77055
-3.3979
0.6891
0.5868
-1.3165
-0.3312
1.2331
-0.00309
0.56178
-0.39213
-0.26109
1.203
0.6674
0.82988
1.66713
2.30479
-3.141
-3.8495
0.3174
0.92
-2.1143
-2.2552
-0.8128
NA
1.43565
-2.11449
-2.25465
2.284
0.05779
-1.217
-1.31472
1.22571
1.1102
-0.0651
1.73539
-1.65481
-2.3603
0.4461
-0.0375
-0.2314
0.1402
-1.01035
-1.7951
NA
-0.41194
1.55842
-1.251
-6.0872
-2.0235
-0.81602
-1.5445
2.779
0.3425
0.3388
1.0566
0.18291
0.6233
3.3277
3.3715
0.1188
-2.4712
-0.6896
1.4331
4.43235
-0.275
-2.0402
0.5441
-1.4967
1.41588
0.0684
-3.73468
-0.83177
0.81223
1.4517
-0.91578
0.3231
0.72534
0.17321
1.43936
-0.13992
-2.3471
-1.9779
2.607
0.58136
-0.4294
-0.1257
1.3948
2.8767
2.3532
0.5073
0.584
-0.6136
-0.04458
0.49753
2.03431
-1.773
0.4639
-0.27327
2.00751
0.65571
0.4308
-0.9361
-0.4619
2.1743
0.9726
-0.59067
3.357
0.70599
0.53903
0.52989
1.7353
-0.1138
1.7546
-1.04947
0.045
-0.2262
0.16646
0.6815
-1.0902
1.26195
1.57815
0.652
-0.772
1.0256
2.04815
0.86
0.4066
1.0242
3.6873
-0.98125
-1.23552
-4.037
-0.94923
1.23447
-0.23338
-0.83998
1.60945
2.3175
-0.9347
0.8721
0.3663
-1.2517
-1.0045
1.1107
-0.5336
-0.28067
-0.48504
1.4346
2.09261
-0.2563
-1.9076
-0.3762
-2.9285
-0.77599
1.1918
-2.2549
6.7791
1.2562
-0.7872
-0.4591
-1.2278
0.59587
-0.4256
0.3687
-1.2239
-0.6385
1.3587
-3.3492
-2.5709
-2.39519
1.9709
1.8023
-0.2221
2.8495
1.0249
1.7188
-0.2494
0.263
-0.0837
-1.4936
0.24589
-2.9684
1.02302
0.1649
-1.5135
-5.5063
0.5566
-1.3139
3.9943
6.7426
2.06566
1.5759
0.0773
-2.6518
2.0676
6.3331
-2.4103
1.5992
1.8988
-1.2422
0.4268
-0.46316
-4.584
-3.5066
0.35271
-3.63775
-1.6372
0.2187
-3.0293
-1.4606
0.3864
0.5683
0.0671
0.1397
2.7779
-1.6705
-2.6047
-0.1766
0.1857
-0.9072
1.2828
0.0337
-3.1289
0.1911
-0.75325
1.5009
-1.9899
-1.3892
-0.0882
7.4817
-1.9226
-0.06337
1.4621
0.23645
0.3375
-0.5092
-0.35072
0.8993
-2.8488
1.3601
0.9861
-0.05692
0.5969
1.3879
0.9093
-1.30006
1.5136
-1.9684
-1.56405
1.3782
-0.26206
0.75761
0.3174
-0.7268
2.74568
-0.7639
-1.69891
0.6449
-3.3803
1.2492
1.5352
0.00547
0.8014
-0.2444
1.044
1.5306
1.2911
1.8331
0.24271
0.27354
-0.72757
-0.71013
-0.17659
2.242
0.90132
-0.48799
5.24827
0.28139
-1.6676
0.14486
4.4632
0.7441
2.6499
0.2524
-1.7492
-0.8966
-0.353
1.0398
3.14387
-0.1862
0.4296
-0.7546
-1.2738
0.9302
1.66201
0.92249
-2.13514
-0.36653
0.7373
-0.46739
-0.2704
0.89309
1.333
-4.3574
-1.32606
-0.05072
-1.556
0.61149
1.75807
-0.3074
-1.9408
0.23404
3.6388
0.29163
-0.65951
2.66406
-0.29962
1.1901
2.0904
0.4988
-1.8066
0.48868
-0.28487
1.38298
2.03819
-2.40757
0.6877
-3.5683
-0.6786
1.2123
4.1924
4.277
0.1756
5.71688
0.48631
-0.11273
-1.7036
3.2054
0.4897
0.1021
-9.5689
-2.2307
-1.3384
0.2309
-0.8715
-0.2966
-0.2416
-1.225
-2.3502
-4.1796
-0.7655
0.4085
0.1664
-1.80637
0.642
1.225
1.7439
-0.66555
-2.0156
0.7534
-3.1515
-3.2419
2.6069
-0.88907
-0.6518
-0.518
0.1124
-1.2764
-0.4687
1.438
1.0604
3.2259
1.5978
-4.0111
-0.447
-1.3796
-2.0818
-1.2645
0.0931
-0.8766
-3.7065
1.3695
0.41611
1.1787
-1.0852
1.07736
1.357
-3.10837
0.17885
-0.36429
1.1548
-1.6156
0.71362
-0.54458
-2.58239
7.8416
3.83602
-3.14807
-0.71325
-4.825
-0.6828
1.42749
-2.945
-1.07174
2.3577
-1.89741
-2.18334
-0.4972
1.18491
2.1948
0.73664
-2.96727
1.8974
-0.01624
0.12708
-0.90439
0.99722
-3.41301
1.4928
4.4698
-0.6498
-0.0553
0.66821
-0.02682
2.56809
2.46371
-5.72623
2.10531
-3.76669
1.10466
0.73104
0.0663
-6.1213
-2.4419
-0.0112
-2.69249
-3.6176
-1.25192
0.3082
-0.48661
-1.41578
0.3235
0.1333
-0.6132
-1.1776
-0.95028
-2.3378
-9.1221
2.44
2.3748
-1.1857
1.4001
-0.8896
0.2009
-3.0218
1.758
-3.68896
5.6032
3.19891
-0.7849
-8.0276
-1.3284
-0.3203
-1.2883
-1.14723
-4.4764
0.1864
1.6588
-1.1779
-3.6447
-2.488
-2.5968
-0.8242
-5.0881
0.7817
-0.6149
-0.56733
3.233
-1.55131
0.6524
1.04219
-0.1021
-0.579
-0.4979
-1.6422
-0.81193
0.62622
-1.58105
-0.0973
1.2599
-0.8975
-1.18244
-4.1688
0.1969
0.3301
-0.0544
3.9218
-1.0555
1.9761
0.3006
0.115
-1.8389
-2.0842
-0.80269
-0.5169
-1.2729
-1.7366
0.7891
0.1398
0.06052
-1.646
-0.6661
2.81347
3.3255
-1.38845
-0.30777
2.1237
-6.3189
1.1311
1.44836
-0.7598
1.0259
0.3492
-4.4157
-3.7346
0.7477
0.7153
2.2087
-1.69
-0.8725
0.4662
-0.7245
-0.2054
1.08368
-0.3172
-0.1072
-0.6647
0.0586
-1.5605
2.11573
0.9236
1.18052
3.98453
-0.4436
0.9748
1.177
0.12181
0.1769
0.0586
0.44399
-0.92065
0.9128
-1.2906
1.6538
-1.5617
-2.71065
-0.67413
0.3767
NA
-1.1821
0.7101
-0.4876
6.6711
0.7445
-0.1626
-1.4704
-0.2518
-1.77981
1.0839
2.02314
-0.7769
-1.23115
0.3976
-0.77961
0.92
-2.4149
4.0504
-0.20757
-11.3787
-1.6873
NA
-3.59114
3.9387
-0.97805
-1.0273
0.35305
2.40094
-0.0777
-4.9274
0.2528
-2.4704
-0.733
-0.3749
-1.1085
-0.5749
-0.62139
0.1577
3.0378
1.76849
-0.9042
2.5165
-1.9399
-0.4339
1.32365
-1.5626
1.0642
0.2966
0.4065
20.0133
-3.2631
-0.75
-1.3769
-0.1389
-2.5112
-11.9109
0.2636
-11.8499
-1.9287
-0.2275
-0.8687
1.4007
-0.8257
0.791
-2.4667
-0.8217
1.8413
-4.3419
0.8868
-0.4638
1.753
-1.0813
-1.28083
2.0298
18.2551
-1.6212
-1.4802
-1.9542
-8.6216
-0.7783
3.5121
2.2634
-2.7142
3.2598
-1.6785
1.7642
0.5163
1.9007
-1.2974
0.1843
-1.1145
-0.3071
3.86675
-0.9552
1.4863
1.7475
0.1104
-11.7792
1.6545
-2.9449
1.7897
-1.9042
3.0657
0.59261
-0.9218
1.57187
0.81028
0.4515
-1.2921
-1.16455
0.84082
-1.4672
1.6834
-11.7792
-1.4779
0.96387
-2.19756
0.1416
0.9294
-0.05536
-2.28578
0.0345
2.9877
-0.0713
-0.5738
0.4031
-3.7664
3.6067
1.02878
7.718
1.1132
-1.2429
-0.3999
0.7207
-2.59127
-0.96492
-1.3568
-0.5007
-0.16953
0.83547
1.7418
-1.9278
2.07724
2.9218
0.29458
1.15371
-2.0697
1.2115
-1.4587
1.50145
-3.58522
-0.978
-6.93478
0.9528
0.8156
-0.3134
0.6464
-1.2012
-0.2131
-2.2257
-0.3127
-1.1688
-1.0509
0.5207
4.0442
0.8911
-4.8666
1.427
1.3884
-1.7575
-5.9615
2.7724
-0.7951
2.0089
1.1904
-1.6532
0.1299
-0.7053
1.419
-0.4033
0.08
-0.5034
1.13565
0.5032
0.5636
0.3869
1.82285
0.44613
1.2911
0.2162
1.7611
NA
1.55856
-0.7321
-0.8799
1.1631
1.9309
0.1533
-1.4277
1.4251
0.30357
-1.4449
-3.7924
-0.51084
-0.0211
-3.1894
-0.36088
0.1351
0.3855
-0.4972
2.2285
-2.4725
0.4296
-1.9628
1.0371
0.6019
2.1759
5.1648
0.8295
-2.2407
-0.4419
1.0506
1.9996
-0.1037
0.4428
-0.5304
3.0322
0.6761
-0.0051
0.6205
-3.5127
-0.3991
1.4206
0.6381
1.0718
2.0956
0.4086
0.2396
4.148
1.18656
1.32785
-0.8708
5.2657
-2.7664
2.0554
2.348
-1.819
1.57026
4.2304
-0.8237
0.51
1.0587
-2.982
0.1461
-2.3017
0.6367
-0.6794
-0.7062
0.083
1.4998
0.9555
-1.0746
1.8407
0.1461
-0.2278
1.3961
-0.7356
4.1088
0.0826
1.4979
0.4952
-0.134
-1.875
-0.0911
1.7402
2.0072
0.5313
0.7417
1.4647
0.09629
2.1607
2.9339
-1.9406
0.3796
4.758
0.8676
-0.7485
2.7242
2.7273
0.17712
-1.16421
1.4512
1.2156
0.0143
0.52796
2.4852
-0.1469
0.3946
-0.3904
-0.8481
-1.0754
1.5556
-0.5993
-4.3551
1.9738
-1.9151
-2.9116
-1.3716
-1.0287
1.6211
-0.2866
-2.1249
1.379
1.8771
2.26651
0.3289
0.0622
-2.21752
0.6312
-1.1345
-0.49929
1.3469
-0.2977
1.6094
0.4572
0.5595
-4.6644
-2.7337
-0.09213
-1.97042
0.606
-0.25523
-0.4231
-0.08856
4.1336
-4.6874
-4.6129
0.30182
2.2527
-2.9716
0.63212
-3.7468
1.197
1.21584
-1.1591
0.0295
-2.26794
-2.8714
0.58391
-0.27895
-1.5259
-2.5267
0.0328
2.2108
0.8233
0.1799
-0.9097
0.5784
-0.7267
-0.1077
0.3731
-0.43619
-1.17018
4.9034
1.1922
0.1679
4.14737
0.85775
-1.52559
1.9457
-0.1168
-2.8564
4.1683
NA
0.82987
-0.285
8.16429
0.179
2.5968
-0.0881
-2.7995
-3.2455
-8.30083
-3.201
-1.3338
0.2116
-0.4682
2.3168
2.8146
-4.3704
2.4262
-0.7618
1.0363
-0.6769
0.33
-0.1906
-1.5783
-1.4447
2.4262
0.14431
-1.8103
0.4856
-0.58559
3.5275
0.179
1.9801
-0.60609
2.1069
0.863
0.92102
-0.4984
NA
0.5299
-1.5175
2.4262
0.8794
-2.56389
1.5775
1.0761
-2.0211
-1.4744
4.9892
0.4344
-1.5521
1.2932
1.54057
-2.0164
-0.896
0.74508
0.35418
0.0538
0.1639
-3.635
-3.72368
-1.39608
1.2198
1.3727
2.9689
-0.1798
-0.5845
NA
2.08013
1.7872
-0.6416
-1.1563
3.072
-1.1516
0.89285
-2.75821
0.1776
-1.6301
4.1049
-3.0563
0.2753
1.2315
0.46011
-2.02328
-1.7407
1.83213
-1.29445
3.24613
-3.73364
-1.02141
1.8779
NA
2.9715
1.1223
1.91641
-1.08296
0.2489
0.5072
-1.1529
-0.6394
-0.8372
-2.28626
-2.9481
-0.2973
-1.4235
1.01386
-2.8977
-0.2932
-0.3474
-0.74418
-1.55729
0.0974
0.20411
NA
-0.806
NA
-0.24002
0.1212
-0.13895
-1.03671
NA
-0.8434
-1.6182
1.2181
-1.1058
-0.7799
-0.4345
-0.94413
0.65816
0.5411
0.55881
1.187
-0.80311
0.50332
2.39131
0.7828
2.32256
0.0088
-0.11252
1.2598
-0.8621
0.5132
2.1376
-1.00378
0.6969
0.0755
-1.0587
-0.26425
3.05102
-2.5701
-1.07475
0.3845
2.2721
1.02391
-2.44405
NA
0.389
-0.25541
-0.9578
-5.5396
-1.0477
0.66186
-0.4112
0.6034
-0.3945
0.3007
-1.7732
-0.8735
-0.50322
2.43654
0.5104
-4.707
0.381
2.04945
-0.6524
0.2463
-2.7621
0.5322
-1.6312
-0.9131
0.37539
3.28702
2.5486
2.86245
-1.6526
3.6764
-2.3275
0.6633
0.92068
-1.0921
7.2568
-0.39099
-1.3147
-3.6697
-0.743
1.6972
0.05086
-0.0215
2.4632
-0.9671
1.1309
-0.5912
1.1531
1.2204
-0.5205
-1.6964
-3.0875
-1.0562
2.6385
0.3029
0.1896
-1.4993
2.3602
0.40291
-1.62856
-1.0162
-0.97218
2.2684
-3.8768
6.7984
-1.0286
8.95577
-0.496
NA
0.8062
8.6744
-0.43883
-0.61236
0.05319
-0.36742
0.3885
-0.1766
-0.4266
-0.61235
1.1358
0.88881
-0.5588
2.83132
-1.9747
-1.9923
-1.28074
0.5212
0.2982
-1.2352
0.2538
5.4523
-2.9621
1.0094
2.97315
0.1519
0.2792
-2.0768
-0.1787
0.6431
0.7328
-0.956
-0.2306
5.2452
0.04273
-0.85447
-1.2857
3.4273
0.939
-0.6322
9.99333
-5.5396
1.03225
-1.5218
-1.58519
-0.5838
-0.0203
-0.2957
0.0466
0.5244
1.6456
-1.2704
3.1177
0.901
-6.7578
-0.5277
0.6864
-3.12841
NA
-0.0458
-3.0822
0.33621
0.02312
-0.7389
0.3907
0.13313
-0.3753
1.17014
0.50782
-2.0259
2.7269
-0.31242
2.0611
2.60019
0.6523
3.161
-1.1941
-1.4334
6.3053
-0.2798
0.3469
3.0894
-0.2595
2.1049
-0.7803
3.2791
0.3684
2.53973
0.8242
-1.9971
-1.3361
1.3005
0.78365
1.26201
1.72509
1.71731
0.4749
-1.6278
3.7741
-1.303
-1.5059
0.31998
0.8931
2.1454
-1.6142
1.1755
-0.4135
0.7314
-0.93198
0.3295
2.5944
-0.22628
1.382
0.9486
-2.3383
3.2677
-0.6014
-0.7579
-0.0034
-3.8878
2.4788
-3.6417
0.91008
1.5605
-0.8105
-1.54915
3.21096
0.65593
0.9187
-2.7104
0.5983
-2.853
1.2636
2.4476
-0.10073
-0.59402
1.2642
0.5172
0.79841
3.44866
-1.3977
1.16059
0.3512
-0.58611
0.3713
1.87441
0.02999
-0.69893
11.523
-2.93621
-4.0605
0.7137
0.91957
0.743
-1.2235
-0.16918
0.4002
-1.8065
NA
-0.8834
-0.90949
1.7588
2.4553
-0.6032
0.80536
1.8139
-1.4393
2.7338
1.3424
1.34623
0.0202
3.9349
-1.8816
1.48456
-0.6381
NA
2.4944
0.04409
7.044
1.7091
-2.81251
-1.9339
0.54481
0.604
-0.3613
1.053
-0.0012
-0.6045
-3.58346
-0.6991
1.8024
-0.8123
1.0567
-2.8277
-0.1487
-0.1791
-1.2896
1.227
-3.2247
3.17625
0.10259
1.66462
-1.25793
-0.0332
-2.348
-1.81698
0.1199
5.0275
0.86271
0.285
2.4379
2.701
2.355
0.1765
-1.02727
-0.5429
-6.0815
0.9217
-0.41071
-1.147
1.26638
2.1759
-0.5847
7.16
-0.4205
0.1579
-0.22616
-0.5039
-0.2758
-6.2191
0.6421
0.6687
1.0077
3.2206
1.5664
0.4485
0.72123
-0.35426
-2.0222
-0.2508
-2.5098
-3.7759
0.691
-0.75836
2.2867
-0.5034
1.03893
1.3391
3.3791
0.5826
-0.393
-0.2628
0.9241
-0.8379
-0.24247
2.4626
0.9775
-2.179
0.4005
0.4565
-1.31026
-2.68946
0.7225
-0.92283
0.705
-1.4083
0.4601
-0.9683
-0.6198
1.67652
0.72561
-0.0849
-2.0122
-1.13707
-2.5401
-2.4924
0.4523
-0.2569
-1.2199
-4.1166
2.2523
-0.7104
-0.227
0.4274
-3.05236
1.6508
0.2189
-0.641
-1.7345
-0.42242
-0.30329
-0.1769
0.1459
1.6156
1.2274
-0.36511
-0.5759
-2.0781
-0.2036
-1.8624
0.2706
-1.8722
0.483
-0.6038
3.9658
2.0682
-3.9616
-0.1179
-1.2623
-1.15775
-0.6979
0.5127
-2.0416
-0.8986
-3.9748
2.7032
-0.2068
-0.10466
-1.8672
-0.8906
1.11675
-0.7976
-5.3559
-1.2508
-1.1457
0.31757
0.8551
-2.3577
-0.96988
0.324
-1.7089
0.259
-1.43485
-0.1076
-11.7903
0.17
0.1524
1.6695
2.3975
-0.50547
1.0722
2.6593
2.1605
-2.049
-1.7607
NA
1.4564
-0.4763
5.51993
NA
0.6135
-0.709
2.2102
22.06
1.0415
-0.5117
-0.037
-1.06863
-1.7037
-0.8708
1.1342
0.00297
1.0031
-0.0758
-1.4059
0.7392
2.9625
-0.175
0.0874
-0.73384
-1.7418
-0.5646
2.16288
-0.63063
0.0443
2.0339
-8.0643
3.59611
-0.4022
8.07286
-2.038
-2.0535
-2.66237
-2.7941
-1.8114
-1.7297
-0.6309
1.6925
-2.7006
1.0863
2.56133
-1.95111
-0.2245
-1.11
0.935
1.1407
1.39569
-0.9703
0.8943
-6.3456
1.114
NA
-0.7345
7.5706
-0.334
-1.57833
-5.06892
-2.8745
-1.3624
-4.94625
-1.98109
NA
-0.40077
-2.0652
0.05031
-1.0055
2.7117
-0.4671
5.5083
1.7042
-0.3683
-0.71202
0.59533
1.20419
-1.7335
-0.0801
-2.90058
0.71125
-0.30888
0.7445
0.44362
-1.2545
-0.0664
-2.40465
0.29081
0.52241
-1.39106
0.5793
-0.1212
-0.4322
-1.1385
4.63857
0.5546
-0.3142
