1.3995
1.6749
0.9461
0.64089
1.3986
0.00264
0.71274
-0.7368
2.9
-0.12778
-1.2992
-6.39621
-0.6194
2.4139
-1.5446
-2.9412
2.6504
-0.30638
-0.7466
0.02331
-0.6853
-3.1
-1.6797
2.0836
-1.6587
-2.29316
1.0829
2.1582
-1.5398
-0.9776
-2.3758
-1.61
-0.32061
-0.69719
0.82039
-9.05586
-0.0164
-1.2411
1.13598
3.08629
0.4056
2.05127
-1.7505
-0.9532
-1.123
0.3624
-0.5194
-4.3576
1.6623
0.6461
1.6672
-0.57149
-1.2255
-1.71969
-4.65758
-1.57722
0.6512
0.14661
-3.3111
-2.5155
0.6227
3.04106
-2.62315
-0.4753
1.562
-2.5217
1.1271
-1.83865
1.89329
3.03451
-0.444
-0.689
0.6579
-5.3413
0.196
0.678
-0.3293
0.84044
-7.284
-1.13755
-2.124
1.0214
-0.8194
0.71387
2.15231
-2.7
1.6151
0.3655
-0.98743
0.397
-0.402
-1.19222
0.00784
-0.56615
-0.73437
2.71
-0.1686
2.19255
-1.8849
1.21
0.3461
3.8975
1.0403
1.3932
0.68107
0.91816
2.2703
4.16
2.2716
NA
0.6477
-0.88603
-1.13
-4.1048
1.18585
NA
0.4787
-1.3115
-0.81901
2.0914
2.18272
-2.15221
-0.1741
-0.93461
-0.5437
-1.08499
0.24561
-2.57425
2.64641
3.1052
-1.2321
1.21653
-0.535
-1.2058
-0.0935
-2.47498
-18.8632
0.05328
1.3926
1.6211
-3.6052
0.4169
-0.9
4.68568
1.6016
0.5302
0.111
-0.4949
0.4287
0.1668
0.46055
5.04
1.7689
2.00753
0.0625
-0.59814
-0.385
-0.23703
-0.4997
3.7959
2.5028
-0.2955
1.2458
-0.22448
-0.4066
0.6494
-2.91711
-0.89805
2.0896
3.86
-3.4773
0.5919
-1.528
2.6015
-0.478
0.0855
-1.9947
-3.4446
0.43913
1.2463
-3.5577
-2.2732
-0.656
7.18087
-1.4152
-0.2321
-2.04
-1.2208
-0.417
-0.1977
-0.14003
-1.8344
-0.5443
1.535
0.826
0.1002
0.6931
-0.4167
0.98588
-0.36478
-5.2167
1.67605
-0.736
-0.12201
0.01336
-1.02554
-0.14169
0.5803
-1.9139
-2.87
-2.05539
0.22954
-0.65903
6.4937
-1.12518
0.5868
0.2127
1.43033
-0.68554
-0.9232
-0.22602
-3.56
1.0299
1.0688
0.694
-0.5892
-1.4532
2.9449
-1.5138
-1.77611
-0.339
NA
-0.53216
-0.64198
2.04447
-2.32405
2.39381
-1.3149
1.375
3.48304
0.9098
2.60074
-1.8499
-3.47
0.735
-0.873
1.46
0.00801
2.9695
-0.2932
-1.3166
-1.26144
-1.99465
-0.87793
2.44484
-2.19177
-0.4128
0.11643
-1.1013
-2.73926
1.3175
-1.51536
-0.5796
0.2582
-2.14008
-1.07
0.04718
0.1697
-1.413
3.72
-1.9524
-0.698
-0.98533
-0.2117
-1.6998
-3.16
-7.13255
3.4522
-0.0682
0.5626
1.0155
0.46006
2.09427
0.3505
2.3626
1.3284
-6.0007
-0.14909
-0.2255
3.0855
-0.9304
0.31165
2.5839
0.91174
-2.91
1.64166
-1.29086
1.423
0.753
-1.2695
-0.1263
-1.54981
0.56908
-2
-0.476
0.5922
1.80137
1.1281
-0.5681
-0.0835
1.4484
-1.83
-0.582
-0.127
-0.774
-15.8
0.12493
-1.8812
0.2066
0.98627
0.7905
1.4248
-2.4162
2.4955
1.09745
-0.1693
1.37569
-0.75476
-1.63148
-1.64
0.186
-1.09
-0.51929
NA
NA
1.01
-0.7916
1.17
0.575
0.0474
-4.4448
-4.9405
0.7578
1.9841
-1.75
0.8381
3.57
-0.98694
4.3764
-0.5248
0.6834
-0.2683
3.52
-1.97394
-3.78846
2.0058
4.1874
-0.72793
0.5863
1.2782
1.03149
0.9773
-0.2368
1.5396
4.9025
2.2222
-0.4052
-1.01
1.57
0.32766
0.9934
0.8663
2.37646
-2.2267
1.99822
-0.0747
2.40118
2.81
-0.9701
0.233
-3.0683
0.3426
-0.3256
0.0653
1.1866
-4.13462
0.8518
-3.50432
-0.1991
-1.9024
0.93782
-2.71015
3.0177
1.43402
0.8667
-0.6474
-1.4562
-0.5315
0.6447
-2.37333
-2.552
-1.04393
2.9281
0.52357
1.73894
-1.48403
-1.25506
-2.84073
-0.368
-3.1047
0.93781
1.84011
0.88274
0.4765
-1.3919
2.03555
-0.7237
-0.34115
2.8391
1.24412
-5.4916
2.8569
5.2652
2.4064
-0.841
1.1876
-0.6033
0.2558
-0.805
-11.6332
-2.1528
-3.23959
-1.2766
-1.69468
2.30099
-0.4589
-1.1573
1.12185
2.08842
0.60583
1.33144
-2.8021
0.4687
0.185
0.03674
0.6861
0.883
0.6563
-1.4186
0.83
1.2
0.838
-0.57793
-4.13183
-3.23697
-0.4255
-0.7026
-1.18217
-2.8999
2.5449
5.0775
1.1257
2.6748
1.2892
-1.0911
-2.0627
-0.337
-0.5776
-1.05189
3.13313
1.5606
0.04607
1.972
-0.75518
0.8379
1.4753
-0.583
1.2081
-2.38489
-2.77
1.33
-3.7
2.2857
-7.6765
NA
0.9005
3.1571
-2.9817
-1.7
2.06
-0.29412
1.2817
-2.4169
1.4796
1.3736
0.18936
0.234
7.32496
4.31187
-0.1607
1.12926
2.8937
1.55168
0.36623
1.77238
-4.10263
3.87631
-3.80477
4.62089
1.5333
1.07217
4.72473
1.327
-7.765
-1.1517
0.43957
-0.52058
0.1675
1.32747
-0.3794
4.71722
0.3782
-0.2226
2.7822
1.05781
-0.24686
4.8347
0.89332
0.34078
2.0483
1.7713
-1.49974
-1.99343
0.50128
-2.5315
0.73074
0.40448
0.83773
2.1976
-1.044
2.51344
2.87635
-0.52543
-1.4484
-1.73228
1.2483
0.73896
1.06675
-2.25284
-0.17964
5.18473
6.76346
9.7073
-0.74659
1.0076
0.65103
1.1965
1.2979
-2.9292
-0.1907
0.4671
0.028
1.7167
-0.1396
1.5621
-3.321
5.3788
2.1117
3.7017
5.2535
-2.7875
0.4819
-0.3077
0.7161
1.9675
2.4119
-0.8479
-0.5878
-2.1999
4.3305
4.0829
0.7037
-1.02843
0.00336
-0.14681
0.08065
-0.67291
-2.23075
1.2703
1.343
0.5128
-2.94086
1.5415
-0.78807
-2.2164
-0.0753
-0.037
3.31
-0.0255
-1.51035
2.72549
-0.26328
-0.0843
1.0453
-0.5207
-0.18899
0.90097
0.30652
1.92516
0.02545
1.0297
-2.64594
-1.5279
1.57645
1.2423
-1.3208
-0.0375
2.40839
0.1709
-0.2072
0.2
-0.001
2.2319
4.4787
-1.1279
0.96376
0.3525
-2.0525
0.14338
-0.9454
-0.2851
-2.5299
-0.1315
-1.863
-0.0525
-0.1915
4.0188
2.9886
-2.5119
-2.282
1.1064
-0.0521
-0.693
7.5544
0.207
-0.1116
-1.3172
1.2632
1.8401
-0.9519
2.4724
4.2356
-2.3863
-3.8737
3.8784
1.9711
-0.5633
3.1833
-5.5127
1.7708
-0.2427
-1.1777
-5.5531
-0.2365
1.0619
-0.6848
0.8445
-2.1668
-3.7163
1.5586
-8.7923
0.9319
-0.6418
-0.7
-6.0308
-2.5897
7.9477
-4.73755
-0.45145
-1.2275
-1.53869
-4.71855
-0.1064
0.89904
-3.85291
-0.69832
-1.98306
-0.58814
-2.11293
1.4015
-0.94068
-2.00093
0.58926
-0.16524
-1.2593
0.0331
-0.11678
3.357
0.60005
-1.64307
-0.1636
-2.4097
0.13724
0.5524
1.58977
1.38176
-1.82847
-0.681
3.46235
-1.4225
0.7814
0.8445
2.81024
-0.338
1.19641
-0.0987
4.3601
1.5399
-0.08179
-1.0328
1.00269
4.38845
3.7866
0.91683
-1.67392
-2.3889
-5.5519
3.0201
1.10654
-1.2108
-0.55143
-0.85653
-4.9036
-0.50846
-1.67419
-0.41744
6.67791
-0.59458
-3.3987
-0.4007
0.12926
1.12628
-2.8307
-1.0061
-3.9139
-0.70035
0.05862
0.21832
-1.00562
-0.53419
-4.5826
1.18409
0.48235
-0.97465
2.12805
-0.07377
-0.5304
-1.10075
3.0289
-1.36797
0.196
0.23148
-2.77826
-0.24752
0.2797
0.3405
-1.32446
-0.7479
-0.52944
-1.4987
-2.17076
-0.9439
-0.96701
1.19709
-1.5718
-0.12636
0.927
-1.92109
-1.21917
0.2141
2.32881
0.60698
5.83832
-0.259
-1.91765
1.29966
2.43688
0.1906
0.66632
-0.98347
0.1527
-0.67643
-2.54162
-1.66039
-2.403
2.11598
1.57671
-0.42244
0.72517
-0.90837
1.38255
-0.35331
0.77148
-1.85337
-0.5739
-2.48938
2.20878
-2.27328
1.43855
1.82032
-0.6026
2.1012
1.1521
0.23533
-0.17183
1.46948
2.09
0.959
1.95
0.506
-1.88
-0.545
-0.282
-0.458
-0.636
-1.95
-0.791
-0.695
1.51
-7.28
-0.573
-3.08
-2.33
1.76
-2.93923
9.45269
-3.5318
-9.84584
0.25068
2.96667
-1.9104
-4.7131
2.2476
3.42405
1.37437
1.33496
1.7154
2.7458
2.58603
0.337
3.0491
3.1279
-1.65011
2.2115
1.35487
3.0177
1.4125
2.70018
-2.30795
3.1649
-0.36336
2.15582
4.24333
-4.94295
-1.9144
5.01095
-0.1992
-2.1547
0.04354
-3.84608
0.83868
-0.9889
-1.73299
-0.7019
-1.8441
-0.3106
-1.16845
0.1521
-2.7956
-2.3133
3.0442
1.5178
-1.1079
1.5252
1.4189
0.4493
-0.4985
-2.2754
2.0901
0.0771
-1.9547
-0.9577
-0.8116
3.3633
-1.0126
-4.5033
-0.4653
-0.936
0.51369
2.16909
-2.85974
3.6841
2.43653
-2.24367
-4.27894
-0.5466
2.4142
-0.16187
-0.92123
-0.40097
0.17245
-1.05496
1.946
-0.2095
-0.08235
-3.3792
-0.00494
-0.5278
-2.22276
3.36542
-0.80409
0.7946
1.11955
2.4367
-2.8014
2.0259
-0.48958
-1.3217
-1.55542
-0.64129
-3.44398
2.30543
0.2704
2.6758
-1.9291
-1.98234
0.0922
0.93355
25.08692
-0.22241
-6.9291
2.05317
0.98084
-0.5414
1.89365
1.1179
3.0131
-1.44503
-0.5783
2.0932
0.8184
-1.04993
-2.70524
1.562
-1.98539
-0.8821
-0.9354
-1.5156
-0.4624
-0.0423
1.6508
2.4975
2.8281
1.2581
2.6809
1.9429
-1.9037
2.766
-0.0886
-0.665
0.7874
0.452
-4.9761
1.1826
2.6985
-0.5017
-2.2239
0.9907
NA
NA
0.8999
-2.2609
1.4333
NA
1.4502
5.9057
NA
2.292
1.2141
-0.9008
-0.7029
3.1023
-2.7158
2.0297
-2.3135
0.3164
0.2041
-0.4736
NA
1.16458
-0.0308
0.54389
-2.33124
-5.67101
2.0476
-1.70504
-2.01343
0.7109
0.0211
-1.554
-0.8435
2.3966
2.68313
1.27036
1.3077
-0.93069
-0.4939
2.0125
-0.80121
0.38549
1.3291
-0.37467
0.2748
-0.47837
0.2893
4.8058
1.46553
1.9137
1.05389
-1.94742
1.34085
1.25036
1.24349
-0.5195
-1.04611
3.00836
-1.95014
0.8207
-0.45715
-3.7447
0.15466
0.00324
-2.12647
-1.95186
1.1247
2.73082
-1.36131
-3.59093
0.7452
-1.218
1.07388
1.36095
0.16277
3.1773
-0.3362
2.08732
-0.95813
-2.12888
2.24733
3.507
3.5791
6.84
-0.24
6.79
2.21
0.767
1.88
1.68
-1.87
2.28
2.57
3.41
2.64
0.198
-4.19
2.78
2.74
-1.4
-0.192
0.26
0.228
-0.44
0.117
-0.233
-0.199
-5.63
2.9
4.15
-3.38
1.33
21
35.2
34.3
-0.314
-3.38
0.822
0.862
-3.07
2.45
0.0311
3.2
-0.977
6.21
-3.76929
1.82
0.6498
0.4849
-0.0827
0.0563
-0.9101
-0.5297
1.616
1.3275
4.0341
1.0817
-0.32
-0.04
-0.0874
-1.4895
0.5973
3.1769
2.3675
-2.4969
-0.5854
1.2592
1.3688
-0.8202
-1.4946
0.4715
1.0116
-2.0841
1.4237
0.3557
1.152
2.5135
-1.0627
-1.8122
-0.4865
0.0439
-0.2473
-1.1244
-1.5325
0.0866
-1.3861
0.8348
-0.8519
-1.2261
-0.482
2.6085
2.0003
-1.3867
1.1882
-1.4929
-9.048
0.9072
-1.2455
-0.3965
-0.3068
6.4244
0.5404
-1.0462
-3.0605
-2.6601
-1.9208
-0.4095
0.2834
-0.33749
-0.73231
-3.03905
-0.13339
-0.17944
-4.4232
-0.6521
-0.0803
-0.061
5.5127
1.64923
-0.1644
1.9239
-0.3313
0.1623
-1.3026
-0.2159
-1.2453
0.74577
0.8338
1.1909
-2.12378
0.3021
-0.74011
1.3002
2.3676
0.118
-2.01
2.44
-0.433
2.18
-2.62858
-1.7246
-3.30685
1.56492
0.1446
-1.2423
-1.38814
3.63364
-1.80381
-0.17476
-3.8535
-0.53703
1.5336
-0.3093
4.8373
-2.8452
1.543
-2.7355
-2.0698
-2.0316
-0.1297
2.1007
1.4369
-1.4031
1.1082
-1.1694
-1.27
-0.259
-0.0667
0.865
1.61
-1.448
1.08
0.365
0.676
-1.6
-0.753
1.78
1.23
-0.605
-2.942
NA
-1.4428
-2.02936
-0.4642
-1.6937
-0.6244
-0.63212
0.095
1.1034
1.31015
0.9239
0.2618
1.40757
1.77
-1.35585
3.71774
-0.1958
1.2107
2.0133
2.497
-1.8103
-1.35311
3.36246
1.19434
-0.16679
0.5053
1.6837
0.38556
-0.78765
2.02223
-1.39182
-0.5044
2.4248
0.16805
-0.7968
0.51563
-3.2579
-3.0265
-0.8282
-2.6393
-0.23107
0.49299
0.75828
2.29653
-1.7395
-2.0242
0.0705
0.92278
-4.0731
-0.7584
0.5952
5.81
-0.3678
-0.762
0.2438
-0.2988
-1.25
-1.77
-0.47
-3.8373
0.2525
3.0339
-1.0394
-0.3834
-2.1414
1.53879
-1.5692
2.57383
-0.13096
0.0144
1.16688
-2.7141
-1.8572
0.4087
-1.90557
0.10028
-0.36835
-2.81
-0.96607
-3.87347
-0.0893
0.54188
5.3903
4.35
0.2614
1.768
-0.71495
1.0201
3.2683
-0.2748
3.26458
0.33283
-1.1289
1.17755
-0.6181
0.22459
-0.0234
-2.0186
-0.44077
-1.00104
-0.6303
0.6
-0.0128
-0.4807
-1.2981
0.16643
-0.77854
-3.03394
-2.3724
-1.02551
-0.25044
1.608
0.8935
-0.9044
0.2177
1.8253
NA
-0.5573
NA
NA
0.3325
3.0581
NA
0.9266
NA
-3.2684
0.1131
4.056
-0.1739
-1.6683
1.5993
0.612
1.253
1.9642
0.7318
-1.8396
5.0637
-1.5152
-0.131
0.3593
1.4664
0.8606
-1.83761
2.04083
1.6351
0.9698
-1.3213
-0.11359
2.06522
-0.678
1.48
1.14
0.225
1.62
0.0549
-0.06516
-0.10704
10.4675
1.15102
-0.85024
0.94604
-3.21926
-1.9348
-4.27224
2.5014
-0.65941
-1.84736
2.2795
1.21882
0.7538
0.31073
0.38619
-1.5443
5.6712
0.6756
0.8605
4.0028
3.2899
3.2899
-0.2746
0.4607
1.6185
-0.22705
0.53373
-3.79386
-4.03
-0.42683
0.0546
0.45056
-1.30199
-2.4797
-0.1033
1.52588
6.3893
-2.5994
-2.9829
-2.2615
1.6326
-2.47
-0.67088
2.09957
2.577
-1.5627
2.5578
-1.4707
1.12548
-3.38097
2.70001
-1.333
0.31697
-1.4342
-0.7833
-0.3181
-0.718
-1.3403
3.59773
3.1229
2.6421
-6.31723
-2.53
-1.40394
-1.013
-4.85786
5.26656
0.23083
0.35224
-0.2117
0.7498
-0.34367
-6.2557
0.14405
-0.20643
-1.84126
-0.40411
-1.1438
0.55189
-0.46407
0.32539
2.08714
2.23
0.853
1.9
-1.58
-1.79
-0.4884
-0.537
0.98366
-2.69189
1.8195
0.58393
-1.22158
-0.6284
-1.31044
2.008
-2.25759
-0.9761
-0.6994
-2.6555
-1.0851
-0.3986
-0.4318
0.0406
2.5946
-1.45837
0.0164
-0.57319
0.1451
-0.22
0.1037
-0.8171
0.6476
-0.1246
0.8565
-0.06287
0.8836
0.9974
-3.3803
0.38379
-1.1445
1.4416
4.4023
-0.8994
-0.2825
-4.0151
0.67091
-0.77283
-2.17457
2.01373
-0.50245
0.1433
1.4707
-1.28423
1.4085
-0.8226
-3.1499
0.8775
1.51806
1.48
-1.24175
-1.03397
-2.19904
-1.0939
1.6528
2.20595
1.58287
0.3935
0.1842
1.42169
-1.46514
-0.3571
-1.08425
0.8863
-0.49989
1.6283
-0.47497
0.512
2.6094
-3.3385
0.7663
-5.5541
-0.1371
-0.4288
-2.28158
5.33325
-1.7303
-3.27491
2.993
3.51899
-3.34386
-0.9695
-1.7245
-0.5824
-2.1732
-0.9698
-0.97343
-2.49349
-0.74502
12.86581
-5.2837
2.27657
-0.10899
0.6248
-1.69127
1.87972
-0.423
0.4082
1.0548
1.2303
1.0949
0.44442
-0.6056
-2.26112
-1.79361
0.54675
0.4049
2.42356
1.91
0.1053
-0.37039
-4.7218
0.7063
1.27244
-0.0403
0.564
-2.33
-2
2.63
-1.97339
1.62236
-0.5706
-13.07848
-3.48735
-3.43556
0.58419
5.1423
-1.5326
-1.78546
-0.0645
0.6306
1.52865
-1.5966
1.2816
-2.63985
-1.47673
-4.5978
2.4324
0.4654
0.7292
-0.0882
-0.2484
6.1314
-0.4785
-4.9795
-0.1792
-2.23524
-1.5836
0.3079
2.03721
3.67822
0.21523
0.71
0.329
-0.82452
0.14536
-3.1082
-0.98295
0.89839
0.57283
2.9005
1.80688
3.0961
-0.3555
1.08003
0.66055
0.6769
2.17075
0.5163
0.40719
1.5212
-1.2846
-1.1231
0.9406
-0.3986
-1.2722
0.7806
3.0763
2.64175
-2.77
1.12
0.39
0.4708
-1.87
0.394
-0.744
-2.43
-0.76204
2.55419
1.923
-1.3977
-1.5545
-1.854
0.5436
0.8907
-0.04541
-0.71359
3.8719
-6.3167
-9.8685
-0.4873
-0.266
1.2292
1.8628
-1.1868
-0.7685
-18.09259
-0.6056
-0.8175
0.16269
-0.8864
-0.0239
-2.55411
-3.48706
1.52244
0.29511
2.2081
0.7355
-1.8417
-0.2105
-0.1128
1.4935
1.2728
0.04519
-1.39202
-1.98026
0.80384
-0.31098
-1.77886
-2.41893
-1.87108
-5.0867
5.4699
7.834
0.0518
2.56956
0.6709
2.1364
1.2904
3.4147
0.7419
1.0103
0.4281
1.0172
3.6641
-3.66
-2.71
-3.36
-2.62
2.55
-0.0193
-1.37
-25.8
2.08
2.9
1.57
1.17603
2.32363
0.92339
-1.5986
0.2389
-0.3205
1.1819
-1.7461
0.7224
-0.7215
0.7675
-1.2173
-0.1721
0.00127
-1.3211
1.2491
-0.13201
-4.74373
-0.0726
2.62399
0.4308
-2.91959
0.16042
-0.7583
0.21728
-1.17635
-0.91965
-1.23301
-0.7937
0.337
0.894
0.69208
2.9916
1.87
0.151
-1.88
0.727
-0.12736
-0.28992
1.6496
-1.5792
-0.98527
-2.2017
-0.60033
-1.7142
2.9038
-2.47058
-1.93317
-0.8369
-3.67859
3.0644
-2.45586
-0.5597
-0.47445
-1.8683
1.7753
-0.99632
-0.5323
-0.36747
0.73642
2.0404
-0.7822
1.5689
1.0302
-0.8322
NA
NA
NA
-2.9109
NA
-0.9593
-0.9927
1.125
-1.27034
-1.7551
1.508
-1.25606
0.0397
-0.645
1.8321
0.29177
0.15195
-0.73929
2.24137
0.85386
0.75754
-1.28128
0.86134
-1.12044
-2.9746
-2.56902
-1.81721
4.25497
-1.2131
0.6758
0.0639
-0.6502
-2.8751
0.741
-0.958
-1.82
0.244
-1.39
-0.535
2.6
1.8
-2.17
-2.45
-0.358
-1.87
1.98
2.55
-1.11
-2.45
-1.04
0.383
0.432
2.01
1.49
0.779
-3.45
-1.01
-0.192
-0.904
-2.14
-0.238
3.78
-0.475
-2.06
2.38
-3.06533
1.22202
-7.0446
0.92321
-3.2637
1.28954
-1.25781
3.38383
-0.8717
1.7028
-0.6097
0.5246
-8.0957
-1.3298
-0.4592
0.8863
2.3765
-1.3231
-2.7382
-0.3882
0.9681
-1.6985
-2.0529
0.50708
1.1681
-1.13221
0.44279
-1.053
2.4627
1.0332
2.37971
3.52974
0.8338
-5.6206
0.942
-0.1325
4.0399
-1.46565
-1.8393
1.5429
-10.53919
3.62388
-2.4594
-2.18071
-3.07569
1.6913
-1.4278
-0.6224
-0.1588
3.47983
-0.8608
0.9533
-0.7467
1.1237
6.9481
0.9101
1.7228
9.6831
1.6592
0.76
-1.5252
-5.41537
-0.18139
-1.39134
1.357
0.41484
0.88372
0.4896
3.77296
-1.8974
-1.90634
-1.3888
-1.96478
1.5082
0.1496
0.26241
-1.7361
-0.62525
0.24199
-1.11025
3.4822
0.1814
1.0799
-1.2281
0.6275
-1.0944
4.1243
1.4317
1.718
-1.0407
-0.2058
0.0188
0.8002
-1.6996
0.9431
-0.0828
-1.43078
0.14469
-3.72539
4.1066
2.153
2.92189
2.0089
-0.5588
3.17589
-6.22261
-2.40377
-1.94597
-0.887
2.78705
2.0006
0.3345
-0.7909
-0.4881
-0.9899
-0.7706
0.6113
0.2881
3.10584
-0.1559
4.24412
-1.6226
-0.222
-2.35616
-2.93275
-0.34405
-4.30873
-2.1333
-1.96785
1.15429
-0.63285
0.0061
5.8601
-4.4237
-2.1203
1.00227
1.0772
2.2104
-2.93044
-0.34363
-0.8653
2.02784
2.8714
-2.81438
1.3574
-0.3659
-0.8362
-0.6641
-0.6002
0.2864
1.0717
-1.86
2.75
0.2446
-1.3218
0.35125
-0.0226
8.5683
-1.0788
-0.9027
-1.9594
2.0344
-0.0847
-2.218
-0.2266
1.6742
0.2697
1.3078
-3.2345
-2.4612
-0.2125
-0.0189
0.9143
0.1689
-1.0711
2.3596
-1.6927
2.1695
-0.2477
2.0363
-2.0561
-3.702
0.1363
-1.412
3.3955
1.2452
-0.2391
-2.7957
0.333
-0.3045
-7.6702
-0.156
3.5281
-10.7981
1.0701
8.8242
-2.5148
0.8479
0.4291
-1.9739
-0.1069
2.1081
1.2517
-2.2329
-2.7114
1.3979
-2.4114
-1.0269
2.1683
-4.0407
2.6019
-1.463
0.5876
2.32
1.89
-2.61
0.438
-0.184
-0.253
0.766
-0.904
-0.0885
-2.45
0.545
-0.344
2.2
1.53
0.699
0.164
-1.13
-1.78
-2.04
0.164
0.284
0.592
1.85
1.92
0.396
-2.73
0.272
-0.0064
0.979
4.42
1.42
-1.15658
1.66
2.46
1.38157
-1.01563
-0.2114
-2.0838
0.02598
0.53674
2.06891
-2.82
1.91485
1.98842
0.1935
3.18754
-0.2735
-6.3077
-6.3077
1.25364
1.203
2.559
3.0089
0.3258
-3.0913
-1.101
-0.9872
0.3546
-1.5801
3.4367
2.3489
-1.1836
-1.0385
-0.31209
0.13028
-0.72746
-0.00663
-3.28735
1.0637
0.40904
-0.64427
-4.1
-0.9239
16.617
0.7063
2.7132
0.36184
-0.7942
NA
1.4343
-1.3369
0.92334
-1.51802
-2.71991
1.24513
-1.3268
2.72698
-0.4277
0.86435
NA
-0.551
-1.703
-3.1446
1.3265
0.6328
0.3841
-1.1331
0.0246
-0.409
1.9642
0.5014
0.764
-0.3899
-1.1664
1.08138
0.54718
-1.80523
-0.296
-0.07067
5.52164
1.15601
0.67771
0.06799
2.23542
4.07481
-1.04513
-2.21894
0.36763
0.33538
0.1349
0.88585
-3.1216
2.38458
-1.31174
0.09569
-1.13774
1.2506
0.81264
0.92838
-1.6155
-2.4562
-3.13343
0.0111
0.52244
5.6572
3.34291
-0.96114
0.1055
2.3082
-3.95175
-0.01827
-0.74915
-1.66305
0.7551
1.2983
0.17389
0.0836
1.22
-0.648
-2.03
3.14
0.497
-4.36
-0.653
-0.525
0.48
0.365
-0.577
-2.2
-0.3269
-1.92217
0.92208
-1.80507
-0.33768
2.3095
-6.02243
-0.3356
-0.8709
1.70507
-0.0456
-0.07903
-0.45555
1.41527
0.33132
1.74595
1.4427
3.0583
2.6208
0.01599
-1.04585
-2.25218
1.13581
-0.7015
0.1196
-1.5252
1.17826
0.44837
1.71929
-0.24945
-0.55945
0.3974
-8.534
-9.5682
-11.1536
2.15848
0.135
0.2494
0.4315
1.6023
-0.521
0.08757
3.0008
0.51553
-0.0253
2.48952
1.63
-1.16302
6.514
0.62437
-1.5518
-1.02028
0.373
-0.08381
0.3502
1.3125
-5.1189
-0.07658
-0.367
2.55
-2.35469
1.7522
5.6292
1.8086
1.6366
-0.4378
0.1341
1.1
1.17327
-0.6306
-0.554
2.72
-0.289
-0.479
0.498
0.91
-2.8
0.4265
-1.831
1.22905
-0.7605
-1.6008
-1.4828
-1.2164
-4.83786
-4.5338
-1.5843
-0.398
-0.997
0.5847
-1.73999
2.1181
2.9887
3.07
5.2
2.91852
0.1591
-0.4194
1.25689
-2.58183
1.8551
1.00605
-1.3495
-7.1817
-1.13
-2.83636
-0.17166
1.7827
5.0409
0.157
-1.3646
-2.1115
1.2832
-2.82
0.37573
-0.03905
1.05161
-3.8282
-0.9974
-0.2494
-0.453
-0.4069
-1.66588
-1.0386
-0.00701
1.11
2.2
-0.0928
0.25542
0.0222
-1.2045
0.4677
-5.6044
1.08477
2.61
-0.8851
1.1582
-2.51
-0.4009
0.0281
-1.0216
0.0209
-0.06482
1.77814
-1.4107
0.9258
2.88779
9.11
-0.8768
-0.59757
-0.1531
2.2097
0.526
-1.7493
-1.0298
0.9492
3.2058
5.23446
-3.5711
0.20308
0.9698
1.6967
-0.71199
0.2122
2.98208
-0.09
0.06563
1.09606
-2.38177
-0.8386
-5.3223
-2.639
1.64
-1.58
1.97
0.0063
-0.09987
-2.6365
-0.7713
-2.4369
-1.2845
-0.55869
-2.09849
-1.3537
0.408
-0.464
1.93
-2.08753
1.4961
1.62693
-1.88
1.29553
0.0504
2.0731
-0.20016
1.86
-1.7265
-0.98267
-5.9884
-2.5386
-1.36208
0.9808
0.0877
1.8644
-3.8249
1.1874
-1.8414
-3.8801
0.588
0.0198
-1.372
1.63038
-0.63175
0.831
3.04681
-3.28674
0.8852
2.59716
-1.5416
1.85041
2.2973
0.65589
-0.1743
-0.23282
1.62576
0.3932
0.11727
6.5918
-3.3092
-1.539
-1.07885
3.0842
2.6521
4.7898
-0.1079
1.9236
-1.2457
-1.413
3.0222
-1.59418
-4.1434
-0.5494
-0.0015
1.4179
1.55492
-0.7461
10.0826
4.38285
-2.20967
-1.74
-0.88
-5.92016
-1.24
4.897
-0.5623
2.3495
-3.0862
0.5771
0.62249
-0.622
-1.61716
-0.51998
1.6303
-3.4391
-0.6217
NA
3.9111
-2.2164
-0.5657
3.3326
0.6234
6.097
-1.22778
2.0015
7.6926
1.8949
2.1781
5.9953
0.0794
5.49821
-0.3741
-0.3124
0.54763
0.9661
-1.2915
1.0591
0.8982
-1.3632
-0.7325
1.2721
0.0212
4.5255
2.9969
1.137
0.701
-3.5846
-1.23064
3.029
1.9041
0.594
-2.535
-4.0124
0.4356
1.141
-2.65539
5.947
-2.5298
0.9766
-0.227
1.7001
0.0204
2.1069
0.345
-0.1006
-5.4648
-2.5721
1.2423
-3.1375
-1.7551
-1.6669
0.8937
2.14388
-0.849
1.8027
2.3299
-0.1497
-0.80828
4.71743
0.90448
-0.93348
0.57712
1.013
-3.32473
-1.88451
-1.3957
-9e-04
1.5491
-2.45147
-3.0261
-0.8017
-0.1463
-0.9237
-5.17759
-1.2662
-0.44023
-2.94495
2.4562
0.90889
0.1411
-3.6
0.4765
-2.42249
-0.8545
0.2665
4.25805
-5.35685
-2.0008
1.8145
-2.0464
0.3977
3.87837
-0.4147
2.93855
-1.25652
-0.56552
-0.79039
-1.0036
-2.2174
-1.4524
-1.5851
3.0844
0.101
-0.41998
-4.87526
-0.50883
2.55906
NA
2.2046
-2.86495
-0.08033
0.7312
2.471
1.2486
-1.114
-0.8626
4.8068
-1.65896
2.7884
-1.8606
-0.1423
0.26231
-1.4601
-3.9604
-1.3126
-1.2141
-0.1088
0.4484
0.9439
-0.4145
2.249
-1.3043
0.9492
2.3595
2.43
1.3258
-0.5251
0.2046
-2.1015
-0.3727
0.6359
-0.4418
0.6654
-0.8538
-1.0331
-0.8624
-1.1414
-3.683
1.3532
0.4982
3.84
-2.2431
-0.9135
-0.4063
-2.1557
-0.7571
-0.609
1.2965
1.05
-0.0982
-5.3023
1.339
-3.23
-3.4
1.9117
-2.49
-3.4
3.04
-0.774
0.986
-2.5863
-2.26
3.6217
9.5535
0.393
-4.9949
0.2443
-0.102
1.66
0.761
0.116
2.1035
2.1035
-0.2914
-1.6842
-0.9821
1.7097
-0.8053
-3.6321
0.961
-1.9561
-1.88489
-0.6625
0.0438
-0.5833
-2.63
0.8552
0.941
0.0092
-0.77926
-2.09679
-1.3703
-2.2199
-2.3255
0.61507
-0.858
1.89519
-0.0642
2.1937
-0.0427
1.6661
0.0739
-0.7693
1.12068
0.8813
-1.0313
2.37495
1.0458
-5.1862
-3.90839
-0.99819
-1.5133
0.35461
0.5053
4.9994
-1.5594
9.6665
-3.18473
0.91453
6.27337
-5.9227
-5.41219
2.3048
2.87368
0.0283
0.1215
5.16098
-0.56
2.215
-2.1386
-1.2394
0.6373
0.81216
-0.9874
1.33846
-0.87205
-3.8971
-9.9728
-9.04972
-7.00345
-3.15079
-2.5612
1.5567
1.7151
-0.7493
2.4873
-0.4746
0.3093
-0.8826
2.5539
0.02532
-0.73211
-0.4812
-1.8724
-0.91995
-0.13567
0.71575
1.30501
0.4909
-1.40587
0.5793
-0.43069
-2.0377
-0.1399
2.16553
-4.3042
0.2406
0.67196
0.15438
-1.7497
2.44522
0.9871
0.9711
NA
5.79863
-5.46971
0.7037
0.2253
-4.6263
0.20768
-0.11111
0.18191
-0.25446
-0.3424
-0.984
4.57589
-1.39278
-0.198
2.31564
1.2593
-1.4757
0.70835
0.2079
1.4494
-1.34839
1.18588
0.6837
-0.7689
-0.70605
2.09261
1.0584
1.19742
1.76355
1.9694
-0.00461
1.51571
-0.4232
-0.33264
-1.6229
-0.68908
-0.29011
0.0115
1.72116
-0.62532
-2.50418
-0.0232
0.24264
3.1774
-4.41567
1.257
-1.34
-1.5691
-2.60912
0.59
-0.9783
2.2983
-0.7081
1.0945
-1.55
-1.3401
-0.0107
-0.5855
2.4
-4.7845
-2.22
-0.583
-1.0197
-0.246
1.26
-1.04
1.36
-2.38539
0.56376
-6.51388
-0.7289
-1.3039
1.55327
-2.7
1.14
0.65757
4.9404
-0.213
-0.89325
3.074
0.2124
2.0122
1.02
-1.37
0.73308
-0.599
-0.9707
1.37972
-4.031
-0.9217
-5.82
3.74
-0.88184
-1.15865
-1.4163
-2.5715
-2.1321
0.5627
1.98883
4.0628
-0.0913
1.47
1.7
NA
-1.98
1.60899
1.2585
-3.1197
-0.26757
0.6262
0.97088
-2.98715
1.45572
-1.8137
-0.89057
-0.77045
0.1114
-0.2247
-2.48176
0.0755
-2.34
-0.8666
1.2201
-0.3417
0.3375
2.5631
-1.8205
2.5546
2.02748
-0.7699
1.60584
0.98568
-5.70187
-1.1397
-0.4557
-0.36509
1.4414
-0.5283
-2.5243
2.94852
-0.0658
0.56115
-0.6278
0.20845
-2.1536
-2.7253
3.8757
-4.04461
-0.9501
-8.69317
-1.5484
-1.16371
1.2455
-0.8395
1.04999
-0.1548
2.2284
-0.3329
-3.61257
-1.8505
1.83926
-1.3934
-0.29264
0.7407
2.7319
-1.8138
1.3448
-0.8601
-1.42525
-0.3613
-1.40993
-8.4655
3.0268
-3.2953
6.0574
-0.73884
-5.76329
-1.30749
3.4462
-1.30047
0.4246
0.69642
-0.49859
-0.6597
0.61342
1.2051
2.3101
-0.23371
0.592
1.53375
-0.1867
-2.25534
-0.71679
0.59989
-1.46534
-1.33097
1.53086
0.71195
1.31124
-1.14869
-1.42096
-1.46407
1.3305
0.89191
1.4881
0.4304
-2.24506
0.25601
-1.1433
-0.50464
-1.41994
0.4633
-3.9253
2.2362
-0.6624
1.4779
-0.4567
1.712
3.4554
0.3263
1.4488
1.8637
0.79302
3.23065
-0.50505
-0.4716
-4.34392
0.88014
-2.1437
1.1182
1.1051
-0.3669
0.8509
-1.50984
-3.23049
0.2767
-0.4067
2.94829
1.41117
0.042
0.50996
3.20219
-12.4
4.49
0.3533
NA
1.6315
0.563
0.9158
-1.6584
-0.1906
1.28204
-1.5146
-0.4701
2.102
-1.454
-2.4861
1.1362
0.72731
0.17423
1.71631
2.23502
-0.5216
1.65222
-0.5468
-1.0776
-1.531
8.3995
2.65
-0.6456
0.52466
-2.8294
-1.0274
-1.4
4.2724
1.8105
-0.38277
-0.8818
-4.0023
0.8682
-1.42709
1.29639
1.11673
0.0308
0.46175
3.41896
0.393
-9.01078
9.1788
-1.70803
-1.3799
-1.89722
0.5117
0.7974
-0.23745
-1.46687
5.7791
-1.86
3.56752
4.57847
2.1101
4.5959
1.642
-1.51
0.66548
-2.7734
-0.187
-0.187
-0.76
0.3714
-0.2254
0.1739
-0.3583
1.3402
-0.7033
0.844
-0.31755
-0.7635
0.95
-2.85086
6.43675
0.5624
0.866
0.429
-0.94869
-5.67
-2.97
-3.322
2.9275
0.2207
2.38973
-2.37205
1.83218
2.806
-1.10855
1.40645
-1.85203
-2.05038
1.4095
-1.43142
0.9314
-1.77723
-0.27582
1.58
-0.87127
-0.7924
-1.2136
2.12
1.7342
0.2215
2.30557
-2.5609
1.00165
2.41
0.1858
-0.4186
3.5912
NA
-0.0988
3.0739
1.0195
3.1812
-2.35135
0.674
-0.20778
-0.96762
-0.821
1.42
1.30717
2.53232
1.66
-3.65238
1.83931
5.20113
0.9938
1.41859
-1.04748
2.3085
-1.8596
-0.30405
1.9925
2.15516
1.721
-0.33877
1.73
2.61076
0.21405
-0.07895
1.09686
1.31
-1.6383
-0.1875
2.21
-1.416
-0.3911
-0.72243
-1.7115
-0.7732
4.0952
0.508
-0.3955
-10.10135
0.2636
1.4807
0.6853
-0.5298
1.0987
-2.36671
1.81
-1.32906
0.92021
5.0736
-3.1469
-1.53173
1.3979
1.4098
2.00465
-3.7468
-2.1013
1.29941
2.8697
-0.347
0.6163
2.52086
-2.4086
0.84496
-2.07117
-0.421
0.25314
-0.3405
-0.1328
0.21884
-2.6337
3.84937
-3.76957
-1.61546
1.74676
-3.2116
-0.75357
-0.14756
0.0774
-0.5633
1.66841
0.6613
0.8594
-0.0995
-2.7027
0.89802
-2.87559
-0.25315
0.14616
-0.8982
-0.836
4.52142
-0.0415
0.3626
-0.4288
0.2438
1.2787
0.188
-9.15296
-2.42034
2.24547
0.0557
-0.69899
-10.20326
0.597
0.6267
-2.30756
0.774
-0.2346
-3.1289
1.4149
6.7171
-0.97587
1.59576
-10.12759
-0.35907
-1.09071
6.33629
-0.2439
-1.04519
-1.5908
-5.11
0.8261
-1.0354
2.48321
-7.3466
0.892
1.37
0.20981
-0.8742
0.63197
-7.64
-1.5521
-1.3047
1.24636
-1.48765
-4.28462
0.219
-1.0188
-8.5194
-1.1862
-1.7671
-1.006
-4.86424
-8.61275
-3.61056
-1.19161
3.2979
-2.2604
-5.9537
-0.81964
-0.9437
-0.7097
-1.43
0.911
1.80119
-2.018
-0.0107
-0.54222
0.8581
-0.038
-3.38662
-1.18539
-4.2017
-0.5381
-0.19453
-0.648
0.78247
-1.0819
-3.92426
-0.32796
2.6609
1.2723
1.57187
4.74194
-1.9977
0.3952
0.36784
0.922
-1.057
-0.0224
0.5111
0.8319
1.4791
-3.6954
0.19186
-1.2474
-1.4288
0.3685
-0.2405
-1.5974
1.99433
-1.2163
-0.6913
-1.3238
-2.7541
-3.08137
-0.62199
-3.12821
-0.1657
-0.56219
1.09239
-3.4392
1.2153
2.50339
-0.71679
-0.0976
-3.0522
-1.01241
8.8778
1.5105
3.54289
2.05278
-0.57699
2.5229
-0.7115
-0.38655
-0.2997
12.87954
-4.0368
-0.7607
-10.6263
-0.11507
-2.37
0.5103
2.75146
-1.09488
-1.66062
-0.2461
-1.04679
0.70013
1.69939
3.5206
-12.3601
4.4116
-2.79382
3.07689
-1.0026
-1.95673
-0.557
-5.6169
2.4715
-0.15464
3.4204
-0.88798
0.1943
-2.8813
-0.4776
0.9341
2.9218
-3.7384
1.4039
-2.8098
-0.152
-0.67829
0.32053
-2.2191
5.04562
-1.33378
2.42211
1.7648
-2.0315
1.58167
1.0152
-0.19355
3.2357
0.3404
-1.57692
4.83307
-1.2414
-0.15359
-0.295
-0.4553
-1.01
-1.92774
1.09035
1.4163
0.32591
1.7164
-3.62003
1.1464
NA
-0.3175
0.68237
-2.93676
-1.96388
4.01727
0.70692
-2.6894
0.5987
-2.1711
-1.11
0.5767
-0.4395
-2.70748
0.285
6.96124
1.4339
0.70377
2.09517
0.5741
-1.47767
-10.45828
-0.908
-2.0055
-6.3456
-2.8997
0.8046
0.1259
5.00856
1.16442
-2.6618
-0.29376
-0.08449
1.19169
2.65122
1.33
0.3437
-0.11992
-0.8079
0.7952
-2.6156
-0.03418
1.68389
1.33112
-0.15336
2.39009
0.47283
0.1951
-0.23742
-10.1073
1.5718
-1.5407
0.54144
-2.5374
-2.04746
-2.36228
-1.72466
0.398
-0.01876
10.50788
1.42
2.8602
1.8886
1.68431
-0.4948
-3.8552
-3.11
2.6346
-0.8334
-1.78698
-0.8686
-1.6106
1.59791
0.9415
-0.00352
4.87705
-2.79534
-1.4015
3.76078
0.6292
2.2445
-7.4376
-0.8743
0.55652
0.0035
-2.7408
-0.52373
-3.52563
2.11057
-2.2182
-2.1917
-5.1459
2.78345
-1.3485
NA
-0.2557
0.2939
0.09554
-0.47199
3.0002
0.1432
0.3864
2.21837
-3.6237
4.9271
2.3458
-2.24
3.82
0.40918
-0.5391
1.66273
-0.69869
1.8911
-1.4749
-2.3948
-2.6202
0.5409
0.33669
0.758
-1.5348
-1.8095
1.186
-0.6284
-2.12538
1.92462
-1.5946
-1.4572
-0.458
2.0235
-0.1882
0.7689
3.9739
-0.1683
0.2152
-1.59653
-0.4764
-0.1587
1.4191
-0.1103
0.8174
-0.4004
1.0031
1.8088
-13.5
-0.7277
-11.13385
-0.3999
1.2339
-0.86
1.62847
2.33043
2.22474
-0.49
-0.7698
NA
-0.3963
-3.5811
3.142
NA
0.87428
1.8909
-1.17342
0.9842
2.28436
1.8158
-1.9735
4.8392
-3.3846
0.09
-2.6554
-1.3
0.07763
4.24319
3.0565
-0.732
1.0229
-1.59047
-0.58108
-2.6895
-1.79
-0.81841
0.4907
-0.20831
-3.1933
0.4902
0.2945
0.4373
-0.89039
-0.50811
-0.3078
1.2994
-0.5781
-0.692
-2.8856
-1.64135
-0.499
2.68741
-0.71021
-2.50258
-0.8897
-0.91644
-0.49274
-1.5478
-1.1764
-2.71519
-9.4936
1.1371
2.6592
-0.87085
-1.34
-1.72266
-0.372
-0.32393
-0.05532
-0.65
-1.20321
2.8216
-1.27979
1.7477
1.3015
1.53
-1.95619
-1.71304
2.5595
4.47331
-1.67671
0.15
-1.2062
-1.2956
-0.4312
-2.46085
1.97173
NA
4.60826
1.4935
-1.33544
-3.4846
-0.688
-0.7952
-0.87624
-2.69404
1.811
-0.1625
-4.0913
-0.51253
3.48495
0.6238
0.822
-1.01
-0.2968
-0.1183
-6.3611
-1.18
-0.3508
-1.7373
-1.7675
-2.5882
-0.7902
1.4529
0.6221
-0.7796
-1.3051
2.4504
-1.9924
-0.7638
3.8859
-3.1138
-1.90239
-6.2696
0.413
2.12101
-1.04817
-0.2807
2.9643
0.83234
-0.6428
-0.09388
-0.68902
-1.4092
1.06812
-1.66542
-2.3735
2.8768
0.1007
0.02671
2.4432
-1.675
0.7777
4.1819
-1.7753
-2.4945
0.59096
2.64
-0.27761
-0.42021
-0.3572
1.4861
-0.50459
-0.4763
0.15
1.82188
1.3717
0.56306
-0.4272
-0.79884
2.8442
1.9454
-3.9958
-1.80773
-2.9097
-0.14625
-1.5923
-4.4229
-0.59039
1.57922
-4.2554
-2.1899
2.1109
1.0236
3.32827
1.74039
1.19766
-4.5634
0.7745
0.657
-1.9015
-2.2159
-0.96
0.893
0.98094
3.48604
-0.76478
1.6678
-0.6482
0.4688
-0.53116
-0.58314
0.4925
1.3241
4.2444
4.7631
-1.53836
2.54426
-1.17073
-0.9214
-0.05998
-2.0679
-0.7511
-2.4746
0.6661
1.33422
1.4348
-3.95
-1.37
-1.0101
-0.68459
-2.307
1.1038
-0.58032
1.32898
-0.2428
-0.51066
0.3806
-0.0529
0.4962
-0.20518
-1.8947
-1.9099
1.2343
-2.3889
-3.01226
2.3447
-3.6673
1.07592
0.4013
0.5427
-0.479
1.5673
0.0364
3.19662
-1.3198
3.2104
-0.60476
-4.4367
-0.31481
1.454
-0.78799
-0.7695
1.45
-1.9865
1.361
0.9629
0.879
1.4183
0.0587
1.37684
0.89078
-0.641
1.29571
1.25813
NA
-1.23068
-0.0487
-0.1366
0.66
0.9918
-3.93816
-2.5019
-2.31445
-0.378
0.02467
-0.9503
-0.27414
0.5442
-0.94568
-1.0977
0.0063
-0.025
0.185
-2.5346
1.8952
-4.2911
-0.75934
-3.3086
-0.2904
0.9458
0.0615
1.5405
0.4467
-1.037
1.7776
-5.02
2.523
0.98335
-0.38475
0.8086
-0.47611
-2.5634
-2.08065
-2.291
0.6313
0.363
0.0379
1.6988
-2.1363
6.1786
1.73341
-0.8354
0.7957
0.63907
-1.93055
0.4211
-1.5371
0.19969
0.85984
-0.5797
-0.4033
NA
0.184
-2.19245
-0.7831
-0.9905
-2.7198
-3.2006
1.10465
0.977
-3.5764
0.232
1.16207
-1.6737
0.6515
1.06
1.42393
-2.0411
1.48674
1.4709
2.44289
-2.24
-0.02056
-0.241
-3.13013
-1.1019
-1.71282
0.12974
0.1957
0.177
0.05519
0.38724
-0.6447
-1.57
-1.18
1.4342
1.88521
-0.9768
-0.11748
-0.21666
3.3604
-2.4134
-0.3917
-1.8035
0.4366
-5.79741
-3.8848
2.21048
0.90474
-1.71946
0.9637
1.6424
1.46695
-2.347
0.61072
-0.3085
1.15421
0.3856
-1.8518
-1.681
-2.2081
1
-3.18306
-0.0154
-0.06345
-1.7646
1.95
-1.0107
-0.39273
0.4524
NA
-0.7068
0.17422
-3.06
-0.5834
-2.8
0.286
-1.37301
-2.53305
-0.262
-0.959
1.14
0.0938
1.1351
NA
0.819
-1.59
-0.0871
1.4074
-1.19191
1.8886
0.46869
-2.9829
0.44836
4.0211
1.00656
0.5836
-2.2459
2.09512
-1.6677
3.1865
-1.5341
NA
-0.27147
0.12016
0.77329
-2.11611
2.70036
3.4554
0.2724
1.33818
-0.38767
2.59919
-0.8474
0.8736
-0.5858
1.1524
-0.2233
0.8262
-1.33618
-2.62
1.20598
-2.0315
-2.7795
2.4268
1.8808
0.2593
-0.47441
-0.8464
0.3955
1.04046
1.58868
-0.5332
0.14507
-6.1938
-1.32525
-2.58815
2.16
-0.1094
0.73108
1.26915
-0.70251
NA
-0.4073
1.1181
-0.037
-1.0198
-1.40024
-2.1772
-0.4864
-2.13
-2.78
0.32888
-2.28042
-1.6785
0.767
-3.23
1.57713
-5.7389
0.0067
0.08759
-0.8853
0.25142
0.19356
0.10739
0.86741
0.20106
-1.1906
NA
0.65301
1.6943
2.38852
1.583
-1.55222
8.99938
2.4285
-1.4121
0.74869
1.2465
1.7743
-2.16591
-2.8394
-0.02827
0.19126
0.02218
-1.658
5.3345
-0.3928
NA
-4.0327
0.4502
-0.2868
-1.7324
0.55524
-18.7348
-0.82531
-2.08286
32.9375
-0.58212
-1.0583
-0.9005
0.2547
-1.72176
-1.388
2.3607
-0.36522
0.69186
2.9606
2.1847
1.81
-2.48957
2.9758
-2.5217
0.96377
2.5307
-1.7858
-1.8079
2.5687
-1.5421
7.79666
-1.74838
-0.34388
4.972
6.7875
0.000193
-1.2087
-0.508
-1.6015
-2.45959
-1.6424
-1.37024
-0.4768
-0.17329
-1.07464
-0.4243
1.93052
0.86584
-2.2849
0.4147
-1.06
-0.3044
NA
-1.9482
0.3609
-0.3748
0.18948
1.40499
-1.15567
0.0843
-2.51074
-1.2071
1.90214
0.03588
1.44111
-1.26712
-0.6459
6.96579
-2.5985
-1.7
-1.02
-0.96039
-0.0844
0.44951
-2.6597
-2.6205
-1.60166
-1.0654
1.984
-3.9058
1.06733
1.36432
-0.6632
0.402
-2.2046
9.0351
-3.1388
2.2164
-11.7277
1.03973
2.7385
-3.3
1.22249
-5.2147
-0.2805
0.08487
4.4151
NA
2.2033
2.1988
-2.9043
5.3924
-0.1808
0.45968
1.49268
-0.642
4.61345
-0.97193
0.26401
-0.178
-1.53219
-2.0894
0.5465
-1.8703
-6.17607
0.4
-4.3316
1.2617
-0.3405
2.30436
-1.16407
-1.0008
2.3663
-0.8644
-0.581
-0.52967
-0.0744
-1.107
3.47316
3.3915
-18.1
0.0534
-1.9857
1.912
-1.3934
-0.1027
1.7825
1.3732
2.0628
1.4615
4.0563
-3.8151
-3.7426
-0.85631
0.56825
NA
3.8859
0.5822
-0.94627
-0.8289
-1.2726
3.77
1.2064
-0.2819
0.4424
0.3322
-0.7141
-0.7312
-1.2834
-0.1227
-1.5625
1.37
1.0051
1.27
0.6895
0.5924
-4.5947
-6.4495
0.3762
1.25113
1.8024
0.88421
1.7608
-2.3455
0.8063
1.84012
6.3176
-1.47
3.52
3.5535
0.7798
0.0582
-0.94
-0.992
-0.925
1.03461
0.972
0.548
2.1837
NA
-2.76242
NA
NA
-0.8838
NA
0.0699
NA
NA
NA
NA
2.36021
NA
NA
NA
NA
NA
NA
NA
NA
NA
NA
NA
NA
NA
NA
NA
2.01534
NA
NA
NA
NA
-1.2397
NA
NA
-0.77883
1.11
NA
2.3446
NA
NA
NA
NA
NA
NA
NA
2.19723
0.0302
NA
-1.64
0.6147
NA
-0.796
1.03515
1.12766
2.83441
-2.6208
-3.74
1.1388
-3.6675
-10.2677
-1.73833
-0.10977
-0.6106
-0.2552
-0.9382
1.2409
-0.8626
0.62859
-3.67759
3.2512
-1.6672
2.32185
-1.92998
-4.9393
-2.6385
1.3227
1.3538
-4.0008
1.22509
0.8551
-1.3094
-0.6223
-1.1659
-2.44636
1.99468
1.24443
-0.1792
-2.71373
0.74247
-0.46262
-1.35455
-0.9186
-0.4668
-0.7442
4.1432
2.10499
0.9609
-2.52652
1.3153
1.24
-0.89685
0.0434
-3.9399
-0.6763
-3.3676
1.13106
-0.6258
-3.31899
-0.1105
-1.57
-0.3762
NA
NA
NA
0.4891
0.9435
0.40397
0.98097
-0.85955
3.1051
-2.04498
2.58145
-0.51947
0.499
0.144
-2.99
-0.5585
-0.00642
-0.34753
2.2029
1.61749
1.90043
0.396
-0.2136
0.7795
1.1674
-0.4058
0.372
1.9374
2.31102
1.5043
1.69557
1.48
-4.9809
0.9974
5.338
-0.90359
3.9
-1.78139
-2.5523
0.5685
3.49308
-1.25
-0.26112
2.43732
1.2329
0.238
1.9526
3.97824
-0.34003
-2.79008
0.0665
-5.3069
-0.88
-1.4161
-4.44457
1.31
-2.2502
-1.09446
1.08684
-4.95718
0.3514
-2.5888
-1.0354
1.12833
-1.08072
-0.9642
-0.5036
-2.16
4.67
-0.62289
-8.42789
NA
1.986
-2.56663
NA
NA
-1.8716
-2.37771
NA
NA
-2.12667
0.4951
-1.4926
-0.7295
-1.62
-1.1565
0.827
-0.21079
-0.309
0.8067
-0.14218
-0.10349
5.20312
-2.21987
-1.25894
0.65273
-2.018
0.82794
-1.04
-3.12638
-0.3691
-1.08
-1.88511
-1.8752
0.00171
3.0153
2.6298
1.45609
0.06511
2.51788
-0.2245
1.1618
-3.43208
6.58394
-1.10388
-0.5768
-0.6757
-0.59187
-11.78894
2.0932
NA
1.83
-0.9354
-1.34422
-0.898
0.21933
-1.7322
-1.44
-0.1307
0.66084
-1.5522
-2.8228
-1.5717
-1.6155
-0.91887
0.2287
0.06891
-0.18056
2.19
-0.1992
1.0323
0.0444
1.9418
0.8108
1.1149
-1.83059
-2.1363
0.58467
0.4719
-2.7962
0.5492
-0.65241
0.82279
-3.0446
0.6674
1.3383
1.6084
-2.4205
-2.69253
0.6456
-0.6322
-2.7494
-3.2054
-0.3787
-2.5615
2.3676
NA
2.2193
-0.244
0.9802
-0.8449
-1.60099
-1.82
0.4353
0.012
-3.53279
NA
-0.4312
0.3461
-0.0774
-1.0577
-2.44527
-2.179
NA
0.80706
-1.3997
-2.36
-0.2082
1.4379
2.3103
-0.1854
1.15
-0.705
1.9471
-0.54093
-0.7378
1.18514
1.6874
-0.0063
0.4347
1.5749
-0.3186
1.9502
-12.3
-1.2252
-1.4857
0.7243
-2.039
1.6213
1.59754
0.79655
-1.6922
-0.925
NA
-0.04207
-0.3667
1.4997
-0.327
-0.87898
-9.6306
0.16
-2.44566
3.9012
-0.08099
1.7417
NA
0.6464
0.62435
0.2274
2.3615
-0.19931
0.776
0.114
-2.05412
0.11269
2.4894
-0.577
-0.9916
0.193
0.41285
2.03
2.48
1.617
1.08237
0.7923
-1.3758
-0.42022
NA
-1.10775
1.3284
1.35393
0.5709
-0.5621
0.88313
NA
-0.0233
-0.609
1.0794
-0.8376
1.3005
1.14573
-3.0035
-0.1907
-1.66661
NA
0.7376
-0.2167
NA
0.2608
-1.0226
1.0605
0.139
-2.7392
-1.4948
-0.2063
2.00834
-1.29149
4.91
3.41907
0.0217
-0.757
-1.9304
0.17802
0.81817
1.44598
-0.972
3.0633
2.17
0.3191
-3.3913
-0.7571
1.0332
1.72
0.46
-8.02959
-0.0806
2.54
-0.879
-0.63668
0.406
-5.54148
-0.639
-0.374
-0.57417
-2.9218
-1.6036
-1.59
-2.37463
2.0488
0.6612
0.80599
-2.1604
1.3829
1.7795
2.16
-0.19217
2.6979
0.5085
-2.52
-0.531
0.96687
NA
-3.427
0.0849
2.3096
-0.17
-2.4974
NA
0.27194
-0.0284
1.14
-1.01308
1.2917
-2.17582
1.09
0.77059
-1.11
1.1353
1.42858
3.4944
0.297
-1.2367
-2.95
5.1513
-0.7776
-0.3912
0.645
-0.03705
3.67718
NA
1.80529
-1.3265
0.85114
-0.465
0.8299
-0.374
1.41
1.85298
-0.2957
-1.27025
-0.1663
-0.113
0.337
0.18
0.982
-1.74
1.9475
0.0158
-4.08622
-0.61402
-0.9185
1.07
-4.04358
-1.43971
-5.75
-1.6036
0.81352
-0.067
-0.9815
-1.18572
-3.0228
1.02
-0.9161
1.3858
1.2076
1.54
0.1772
0.08609
0.83223
-1.8826
-1.3
-1.57186
2.785
-0.09438
-1.3051
1.854
-2.53605
-0.0364
NA
0.0432
-0.015
-0.55578
0.305
2.29083
0.5952
3.30027
-2.26
1.7621
-0.4126
-2.12
0.84703
-0.6633
0.00113
-1.2176
NA
-1.2937
-1.2835
-0.7102
-0.0773
0.2342
1.374
1.15545
NA
-1.01726
-0.9433
-3.1223
-0.115
NA
1.4517
-0.32845
2.0602
-2.04152
2.7479
3.28472
2.5208
-1.66441
-0.717
0.73387
-0.4623
0.0433
0.4048
-0.06333
1.91521
-2.0167
-0.999
0.31404
-1.0752
2.3712
-0.2324
-3.82
-0.000736
-1.12
-0.9828
-0.30051
-0.24436
-1.18739
-1.4353
1.50365
1.31
-0.89547
1.90411
0.28789
NA
-0.6444
0.59407
-0.3361
0.3848
NA
-2.5073
-2.57371
0.71601
-0.2315
-2.4518
0.9643
2.28416
1.30283
-7.7256
NA
1.1407
1.7864
1.1629
-1.87459
-3.0447
0.38745
-1.9437
-0.00445
-1.17879
NA
0.0376
0.84661
-0.5887
2.2081
1.304
-1.1989
3.24
-0.746
0.87921
0.179
0.7965
1.40961
-0.6079
-1.38
-1.14476
2.36859
0.75379
2.1926
-1.4161
1.421
1.14162
-2.3283
NA
-0.2808
0.66331
6.31789
1.34547
NA
-4.62
-0.59752
-3.5
-2.14
-0.3078
-0.817
1.1407
-1.7246
-1.39894
0.0061
NA
-1.02
-0.48992
0.375
-2.4177
-2.1597
1.25686
0.05092
-0.6776
0.7654
4.6329
-2.3281
-1.7271
NA
-2.0112
NA
19.3067
-1.13527
1.7768
0.715
-0.2297
1.9129
2.58
5.6239
0.763
-2.89
1.3955
0.307
NA
0.9949
-0.87506
-1.45857
-3.1605
NA
-1.2236
0.1348
1.6691
0.309
-0.3632
1.08919
1.4592
2.4155
0.2071
-0.8997
0.82153
0.15049
1.4608
2.38
NA
2.86392
-4.27
-1.1
NA
-0.252
1.00491
0.597
1.6119
1.09
0.6501
0.23113
1.65
-0.1832
-9.98079
-0.52398
-2.08
-3.3706
2.1032
1.5593
NA
1.92657
-0.538
1.74416
-1.06363
0.2279
0.047
-1.64
-1.7647
0.191
-0.1108
-5.1858
0.62784
-0.309
0.1265
-9.48435
0.4384
-0.89946
0.99043
0.73
0.24084
-0.37516
-1.23
-0.1608
0.8426
1.34
-2.78
0.90988
3.93183
-0.98207
4.37367
-1.07954
1.6045
-2.823
2.5596
-0.3838
-1.25407
-1.01
1.2683
1.4706
-0.0621
-0.512
1.5034
6.77
0.3014
-0.12088
-0.263
1.67
0.6887
0.2119
-0.7018
1.0359
1.36232
-1.8372
-0.3563
1.2
-3.1431
NA
0.248
-0.79602
-1.35
-4.48
2.8498
-1.54297
1.6221
-0.90711
-1.72401
30.3
-1.18278
-1.46
-0.40209
-1.55751
-0.6481
-1.19375
-3.20355
-1.9758
1.73558
2.3977
1.77231
NA
1.855
0.6645
-1.8417
0.07251
-5.79
0.389
0.1016
1.5739
-0.71876
-3.3158
NA
0.91409
-1.82
0.1914
-1.65853
-1.5792
0.267
-0.7031
NA
-0.3361
-0.26292
4.49
-0.4716
0.7219
-1.8439
-0.57401
7.1148
-0.86551
2.26064
0.4223
1.11125
0.22563
-0.4595
0.61005
0.3724
2.01
1.99
0.992
-1.1456
0.5439
NA
-1.23
NA
-2.2929
2.99839
-0.0718
-0.46431
0.34901
2.32502
-1.9
-0.4674
-0.12523
-0.91944
-1.0371
0.75903
-0.197
-0.718
-0.412
-0.4273
0.405
5.2021
-1.0418
0.46
-0.75633
0.17133
10.4
7.89
1.7006
-0.4131
-0.40961
0.257
-2.54937
1.19227
0.0419
0.754
-7.2125
0.22317
0.184
-0.9975
0.66036
5.8113
-0.63322
2.8459
1.9843
1.93
1.62937
-0.374
-2.0338
-0.0304
0.511
-2.9677
0.8998
-0.08451
1.572
-0.381
-0.367
1.185
-5.84769
1.51603
10.2
-5.04
NA
0.6101
-0.80171
3.5734
2.54
0.581
-3.63
NA
0.96059
0.4459
2.02
-0.8382
-0.02282
7.3532
2.64
6.28112
0.3361
0.9998
6.47
-2.3512
2.23
1.0122
7.1943
-1.16255
1.49
-1.4379
-0.1226
0.2497
-0.9083
-7.47262
-0.43855
-1.1059
1.0985
0.6672
-3.68131
-0.0992
0.154
0.5324
NA
-2.1303
0.0126
2.83109
-11.5998
0.1131
2.8304
-2.6487
2.77222
3.0248
-2.81743
-0.5901
-0.3854
-1.2407
2.01335
1.45172
0.146
9.2902
-0.0296
0.36387
1.9126
-2.0369
-0.86965
0.3242
NA
-0.3014
NA
1.05
0.73664
-3.39371
-1.2878
-0.825
-0.3438
-3.29118
-1.18675
1.07
-1.408
0.462
-1.14
-0.1064
1.0119
0.4691
0.6891
1.5808
-1.50972
-1.95673
1
-0.1555
0.56924
-4.04807
-0.09208
1.27
NA
2.9168
-1.22927
-2.6329
-0.08726
-0.25886
-0.17087
1.70991
0.168
NA
0.07841
1.8642
-1.3437
0.02554
-2.2028
0.446
-1.6379
1.048
-2.38875
2.1532
-0.1859
-6.4531
-1.1019
0.3334
-1.63453
-0.2337
0.38542
2.31115
-0.0264
-3.18
-0.982
-0.08273
0.8018
-0.65945
0.0786
-3.9213
-1.02
0.91352
0.7455
-2.17882
-1.47
-2.6938
1.3574
-0.6194
3.38
1.33062
1.93242
-0.5617
-1.78714
0.74696
0.3919
-0.1574
1.10814
3.43762
0.1167
-2
0.40847
-0.326
0.1803
-0.3223
6.28232
-0.152
-0.33721
-0.4337
1.1
0.159
0.6005
1.1407
1.9937
-0.5633
0.5611
-0.9932
NA
0.84662
-1.92488
0.16704
1.62
0.07182
2.37146
0.0837
1.27936
-0.5118
-3.18735
-1.108
-0.9281
1.9685
1.58665
-0.27835
-2.29332
-0.7203
12.06647
-2.2635
3.5343
0.25894
-1.07811
-0.8837
1.96766
-4.56358
-7.74954
3.27
-0.46226
0.35627
-0.7204
NA
0.38
2.75987
-0.82584
1.8178
2.3539
-1.5487
-1.73935
-1.9461
-0.6893
0.1153
-0.705
-0.6272
-2.6727
-4.3561
-1.88027
0.18921
5.78289
2.1071
0.783
5.5365
2.1572
-0.614
-0.0089
0.54603
-1.5909
-1.7187
-0.18835
-1.04177
1.71793
-1.3216
-0.9596
-0.7689
-1.322
-1.4
2.2622
2.7531
1.2874
1.2642
0.2834
2.39863
1.8561
-1.3419
1.6344
0.8372
4.74202
0.41517
2.90601
0.01552
2.9358
0.66973
0.27418
-1.33316
1.4246
0.70518
0.52154
-0.1322
-3.4879
-2.4281
-3.5671
4.43596
1.76033
0.23849
6.6301
NA
-1.5524
-2.0969
-0.8757
0.1098
-8.3432
0.7923
1.35409
1.50135
2.34586
1.85132
0.7187
1.97106
7.9846
0.352
-0.8472
0.22
-0.2023
-1.1132
-0.6011
-1.13603
-0.3018
0.66048
1.49515
5.3589
0.2877
-3.6258
11.2655
1.7411
-0.4779
0.4894
-0.7208
3.5582
1.1102
-1.7323
-2.9577
-0.2674
0.9446
0.5434
-1.9411
3.2618
-1.0766
-0.5833
1.19396
-2.9968
-0.2705
4.96012
2.62652
-0.47843
0.41618
-2.63502
-0.7347
-3.6952
-0.6704
0.8042
0.0424
0.6546
-1.35863
0.1957
-0.5057
1.2298
-1.16433
1.2033
0.9029
0.5304
1.3763
-1.24242
0.7317
1.64376
-1.29328
0.48969
0.2663
-2.11525
-2.00608
NA
0.991
2.411
-1.5721
2.04833
1.3984
-0.3406
0.46877
-0.68327
-3.0299
-0.7799
-0.6548
-0.25954
0.2337
-6.1072
-0.09858
-1.87914
-1.12681
2.1777
3.13742
0.9391
-3.5339
3.02786
2.39558
-2.73829
-3.091
2.33819
0.4598
-2.174
-0.8755
-0.84
0.396
-0.10029
-1.68036
-0.867
1.95089
0.0939
-0.5595
-0.9165
-1.9892
1.83866
1.89
1.26658
0.6833
-1.26956
0.27
1.72476
-0.9329
1.31132
-0.50749
2.2943
-0.01968
1.65
-1.0835
1.11107
0.6241
0.64
-0.25232
3.91885
1.4565
-1.0768
-0.3808
-0.83743
-0.7069
-0.07319
-0.7081
-1.9147
-1.1627
0.1722
0.95713
0.08237
1.55625
0.83373
-0.37322
-1.29752
-3.72
5.57474
12.265
-2.77596
-2.21067
-0.73918
-0.253
0.57333
1.6204
0.8721
-1.47739
0.60741
-0.08011
1.4346
-1.51561
0.32149
0.16953
-2.41241
0.04698
0.84314
-1.30324
2.0749
0.7097
-1.83923
-0.92468
-0.63942
0.2492
-2.3126
1.52485
11.3
-3.23
1.6763
-0.2494
-0.206
0.82392
-2.7398
-0.35588
-2.95969
-3.20544
0.08995
-0.12961
-0.52652
3.9941
6.50909
-1.66356
2.14452
1.22331
0.0773
1.05867
8.96176
2.05862
-2.3845
0.783
-2.12547
1.05566
-0.18548
-3.54208
0.0773
1.69849
0.72243
-3.2606
-0.1309
0.55884
4.8438
-1.6083
-2.5709
1.0456
-0.5731
2.49708
-3.06028
0.05958
1.1481
2.57839
0.63045
1.63079
-1.35188
0.32371
0.5386
-0.1103
-0.27584
1.4713
-0.3149
-2.54657
0.94553
-1.53763
-3.29473
-0.09034
0.5618
-0.29334
5.11453
0.82502
0.5143
-2.38893
2.6758
-0.7639
-0.84155
-1.2893
-1.26947
1.1869
2.60996
0.45192
-1.27362
1.34168
0.13966
-1.2385
-0.9894
3.78675
0.95734
1.5908
-0.99713
-2.96732
1.36635
3.02777
-1.23001
4.27566
0.6802
0.75324
-1.685
-0.61498
0.00816
0.95518
1.73701
-2.09851
-0.57427
-0.1434
-1.29759
0.7373
2.55187
-0.4305
1.51322
0.13287
-2.2628
1.5306
-0.20843
1.43437
-1.28169
0.8671
2.4187
-1.8732
0.00868
-0.925
2.5959
0.4956
-2.14058
-2.17761
1.8478
-2.1628
-0.6665
-0.3034
4.1924
4.41342
0.469
-0.9583
-1.7528
-3.7027
0.0158
-1.0201
-1.3384
-0.5272
0.0263
-0.707
-0.7655
-0.4876
-0.0107
3.2275
-1.9089
0.4115
1.08109
-2.7596
0.7339
-5.3769
-0.44645
-0.0735
-3.0492
4.4905
1.27608
0.1497
-0.9362
-0.4847
1.0906
1.9111
-0.8967
1.1326
0.6239
-0.6397
0.8303
1.7153
-0.6207
0.4808
-2.2803
-0.0567
2.8487
2.93
-3.7437
0.5953
0.9412
2.1366
0.03461
4.03263
-0.0945
-4.8301
3.3816
-3.3466
-0.39018
0.4152
1.89303
0.395
-0.7515
-0.32768
2.35709
1.39919
0.31139
2.16492
5.32777
-2.9001
1.8974
-0.9426
0.8869
0.25135
0.10177
1.30057
1.5959
-1.4666
0.9684
1.357
0.7891
-0.8803
1.70013
3.2901
-1.4666
-5.00201
0.2401
2.69445
-3.60663
4.55034
-5.4031
-0.9978
-2.6224
0.1826
-0.3609
-1.77857
-1.1027
0.872
1.3488
1.02046
0.387
-1.88905
-0.1064
-2.1556
2.95249
3.8984
1.2128
0.9963
-3.5276
-5.6926
8.6644
2.533
-2.6196
-6.45804
-3.8741
-0.7924
-0.6253
2.8834
3.5327
-2.92877
0.503
-1.20798
-0.0987
-4.49385
0.7849
-0.5959
5.1248
-1.85509
1.827
-5.5224
1.8771
-0.3549
-1.31016
0.2086
1.7573
-0.1701
NA
-1.61338
0.1422
2.4085
-2.1608
-4.1311
-0.18201
-0.6093
0.80254
-0.421
3.973
0.0314
3.93605
-1.4665
-0.79674
-1.47468
-2.9269
0.9613
-0.4435
0.2124
-1.0698
3.30604
-0.0846
-1.3631
1.2802
-0.0562
-2.6165
-0.2071
-1.36
-0.81881
0.8663
-0.1184
-1.5222
2.5
-1.9341
-0.374
-0.32678
-1.7663
-0.4477
1.01718
0.5352
-1.75
0.7257
1.3518
1.6033
2.24553
3.091
-5.34
-0.26153
0.3651
-1.45051
4.0265
-2.95
-3.5181
NA
-2.1702
6.6711
0.554
0.391
1.78
1.54956
-0.119
-1.2047
0.9737
-2.01736
1.982
1.7844
1.0489
-6.53488
0.7426
NA
2.616
3.7353
-1.5908
-0.7663
-0.5348
0.04946
-0.2028
-0.7557
-5.2956
-0.3299
-2.54
-1.34784
-0.674
-0.13079
-0.14937
4.6188
-1.09802
-0.1499
-1.30048
1.65017
-0.97026
-0.1992
-0.3657
2.1891
0.22265
-19.5747
-3.1725
-2.60427
-2.1006
0.6183
-11.9295
0.2636
-12.03631
-0.23154
-0.4549
-0.33568
1.541
-1.1039
1.12224
-1.06031
10.49552
-1.0945
-0.4638
1.753
-0.0837
-2.5779
-0.6405
-1.1664
-20.9182
4.3029
-0.50622
0.8558
-2.2172
-2.6841
-2.3949
-0.59546
1.7671
-0.7441
3.06
-0.826
-2.564
1.55125
-0.83
-2.33836
NA
1.66639
-3.9679
3.82539
1.7176
0.3581
1.304
-0.8389
1.1696
1.6405
-10.40876
-1.5241
1.34
0.9993
-0.3753
0.98823
3.0818
1.2049
-3.49833
2.01884
-0.0506
-11.8529
3.0784
2.44751
-1.49
-1.88516
0.7207
-1.44529
-1.7443
0.787
0.0414
-0.303
-1.5657
-1.8021
1.13582
0.9805
2.4412
1.2934
3.92141
2.2055
1.4662
0.686
0.4737
4.1125
-1.7951
-2.24313
1.304
0.157
-0.1682
-4.68564
1.67355
-4.3937
-9.4765
-1.35637
1.0521
-1.0785
-0.5443
1.2254
2.2094
-0.9339
2.24022
-0.2651
1.493
-0.2879
1.0278
2.51711
1.53153
3.0322
0.79668
2.129
-2.1198
NA
2.1266
0.19046
1.1436
0.8776
0.69372
-3.7963
-4.11228
0.07273
0.99718
-1.87846
-0.20653
1.58309
0.86028
-1.44708
0.31934
2.68587
0.5057
-0.76409
3.0322
0.05316
-0.16651
1.3601
-3.01152
3.0322
-0.2691
1.6771
-8.04018
4.90282
-0.3354
-0.0199
0.2888
1.44232
-1.31115
1.6585
2.3523
-1.69646
2.77753
0.7225
-0.7961
-0.52697
-2.152
0.10426
-3.24051
-2.32048
1.18606
0.21859
-0.1637
1.1407
1.26944
-0.6913
4.84
0.07695
5.3023
0.9939
-1.00311
1.0486
1.97881
1.49314
2.1607
2.31718
0.7904
1.79966
3.52677
0.68825
0.08709
-1.552
-0.5073
-1.12687
-1.6305
-1.20706
-0.87658
0.3486
2.3383
0.82554
-0.3313
-4.2435
0.2722
1.9738
0.89708
1.35225
1.77378
1.00976
3.1367
0.0622
-0.748
-0.6271
-0.3485
1.3469
-0.48578
0.97234
1.07007
-1.2099
0.58281
-2.42792
-1.5532
0.00416
2.5886
3.2899
-5.0406
-0.0251
2.8074
-2.97
-0.6929
0.5404
-0.4117
0.0295
-3.5603
-2.8714
0.49294
1.5342
2.0979
0.20418
-0.0165
2.1036
0.1053
0.1799
-0.39949
-0.5891
-0.83868
-1.27641
-0.73935
0.3731
1.85
-1.217
3.84162
0.7656
-1.1753
0.2621
-0.26
3.5392
NA
0.7663
0.5225
1.38406
-0.515
0.179
2.3066
-3.4619
-0.911
-6.13
0.43711
2.8146
1.60522
-1.28013
-0.7131
-0.27466
0.61604
-0.1257
-0.856
0.92389
1.4813
0.649
-0.289
-0.476
-1.80501
0.88958
NA
0.5299
0.15446
-3.68824
1.51
0.7184
-1.9618
NA
0.1298
-2.32148
0.0501
-2.0164
-4.21
-2.9051
0.18278
2.8492
0.0286
-0.6131
1.8151
NA
2.0165
0.71065
1.7422
-0.09209
-0.2459
1.5423
-1.1123
-2.46478
0.0229
-2.38618
-1.1475
-0.3207
-0.3429
-1.7518
2.42
NA
0.1835
-2.0819
-0.7733
1.5613
3.38
NA
1.2584
0.16357
-0.9609
-0.15549
-0.423
0.3695
0.9084
0.0203
-0.773
-0.8424
-2.60409
-2.1644
0.1501
-2.6226
2.96955
5.43789
1.5037
-0.89871
-1.722
0.85459
0.482
0.8249
NA
-0.9516
NA
0.141
-0.1845
NA
-1.53005
0.884
0.2932
-0.63041
4.47
-0.57846
-1.73
0.47984
-1.0894
-0.797
2.17
1.47258
2.3029
-0.11996
0.2294
1.56015
1.8878
-0.382
2.41833
0.9916
-0.1645
-1.0823
1.30163
-3.0901
0.6374
0.74987
0.86626
-0.166
NA
-4.2421
1.9925
0.9278
5.3994
-2.83518
0.7319
0.45756
-0.09874
-1.99
-1.54338
-2.2032
0.23527
-0.3051
-0.13703
-2.16911
-0.19
0.532
-1.37436
-0.367
2.78
3.94399
0.37635
0.69152
1.2
0.6563
0.937
-3.56
0.8241
-1.70478
-0.2136
2.44888
-1.751
2.36268
2.4756
0.74103
1.1835
1.20246
-1.11775
-1.74863
-0.8247
0.4457
1.35
0.27163
-1.71251
0.589
1.09
0.20217
-4.12164
1.16
6.69
1.38
-1.0549
0.74329
2.02958
NA
1.34136
1.03214
1.5394
4.51125
-0.0637
2.4595
1.78195
0.5292
-0.3592
1.16
-1.18671
-1.867
0.07438
-3.6733
1.132
1.3764
0.33371
-0.1891
1.1993
2.43
-0.2558
-3.42409
0.3746
-1.5505
0.2541
-2.4188
-3.2641
1.2989
0.21134
-0.5553
2.64
5.3736
-6.23372
1.98869
1.0488
-0.27153
0.18304
0.0466
-0.3251
-0.7375
0.14949
3.4178
-0.082
-0.43056
-0.52311
NA
-3.85922
0.3355
-0.1949
-2.09574
-3.56862
-0.3753
0.67241
2.7269
1.23219
-1.01
2.88
0.961
-2.1122
-1.61502
-2.9203
-0.2798
1.3199
0.78337
0.6853
2.1049
3.10155
0.3684
0.8242
1.0379
0.2347
-0.0103
1.58182
1.6179
-1.6278
-0.5486
-1.6647
1.82074
0.10634
1.914
0.61371
-1.44051
0.57404
2.4788
2.4788
-1.2134
0.80391
0.9731
0.1464
-0.8164
1.08993
-2.52583
0.9972
-0.56
0.5448
0.7695
0.849
0.4016
3.22
2.2133
1.6883
-2.32424
1.40189
-0.927
1.2831
3.46668
12.2816
-1.01
-0.2272
-1.19
-0.303
-1.7573
-0.64065
-1.7692
-0.542
-0.5953
0.36956
-1.8493
1.57544
2.09382
2.7328
-2.176
0.1101
-1.3293
-1.8816
-0.0449
NA
2.33771
-0.7166
-11.23021
2.86161
0.801
-0.47277
-1.4314
-0.6134
-3.5606
-0.9016
-0.151
1.09
-0.4152
0.12551
2.99
1.3134
3.5864
0.391
1.82309
-1.38235
2.63922
0.9266
1.8068
5.0275
2.39373
0.31142
2.6241
3.07741
0.3404
-2.307
3.60701
-3.67332
0.8976
0.305
1.5511
-0.23975
6.30561
0.95189
-0.72385
-6.37065
1.2864
1.10863
2.6327
1.58868
1.91
1.11016
-0.2661
0.0944
-1.1293
3.8252
1.0004
0.00538
2.51566
-0.5034
-0.466
1.12908
1.5338
2.40735
-0.3078
-0.2628
-1.8909
1.64495
-3.77167
-1.3773
-7.77191
-0.40554
-0.6423
-2.70328
0.6345
-0.501
0.41758
0.32543
0.46
-1.1271
-0.43771
0.4638
0.46632
-1.9311
-1.1401
-0.08592
-2.3795
1.64213
-1.47706
-0.8636
0.45652
-0.641
-0.56122
0.1459
1.4004
1.20298
2.3816
-1.2565
-3.99062
-1.2457
1.788
1.6439
-2.97555
1.59679
-1.2159
2.5419
2.95112
-0.0587
-0.3529
-1.03525
-0.2068
-0.6191
-0.6245
-1.0863
-5.32
-0.81566
-1.65456
-1.0721
1.8172
-1.6689
0.2814
1.4895
-11.7635
2.33748
10.16775
-0.3484
-0.7107
2.10116
-0.6089
2.60825
-2.51723
-2.14
-1.7607
NA
NA
2.684
1.894
0.53971
-0.32031
0.17726
-0.12775
1.0471
0.15997
1.03057
-0.4362
-0.72119
0.0952
-0.75402
-1.2639
-1.5067
-0.5409
2.85
-0.4465
1.95618
-3.83696
-0.605
0.7213
0.0474
-3.1138
-2.9746
-3.83063
-1.7025
0.68159
2.1446
-0.46363
-0.26665
0.71378
-1.66381
1.61624
0.6509
1.1891
-4.74842
0.14862
NA
1.1407
-3.48
1.1805
1.3503
-1.0742
0.49281
-0.873
-2.1645
-0.6996
-1.01
2.3976
2.7117
-0.245
-0.74236
-1.71699
-0.772
-0.324
1.30529
-1.77616
-1.87373
-0.47578
-1.0992
0.396
1.17204
0.3944
-0.8471
-0.304
-1.86
0.479
-3.5594
-0.689
-7.7117
0.56702
0.1909
1.67
0.5546
4.39
