-0.07923
-2.55916
-2.04352
1.6508
-0.1379
-5.5421
0.5384
5.6339
0.2649
1.330723
-0.22286
-0.6346
-0.19653
-0.3351
-1.13368
0.17263
0.3051
1.2919
-1.1184
6.6881
-1.666
-1.95497
0.11001
-0.38538
-4.7092
-0.288
0.1537
-2.23
0.67025
-1.9505
-1.48135
-0.99851
-0.3496
-1.1117
2.32124
-1.40521
-1.64868
1.06923
-1.32543
-0.122065
2.38
0.291
-1.11054
-0.1265
-0.496
-1.52
-1.0091
-3.314
-0.14285
2.43425
1.3597
-0.2946
-0.67263
-1.99
-0.8604
1.7786
-3.1923
2.7678
-1.3456
-2.434
-3.4412
0.2491
0.282
-4.1188
-1.1311
-3.4291
2.5292
-3.0229
1.4327
2.4144
1.66457
-2.0881
0.809
0.4685
1.14159
-1.8971
-1.37585
4.37
-0.25672
-1.325
0.196
2.7241
-0.894
-2.7526
-0.333987
2.6902
-0.434
1.0079
-2.224601
2.0894
1.6151
4.229
0.04344
-0.19026
0.4772
1.3912
0.4034
-3.1885
-1.3658
1.82197
1.01847
-0.95587
0.1441
-0.0674
-0.7639
0.4157
2.04
-0.301
0.58226
-0.10865
0.793
-1.7665
-0.503
1.2617
0.4842
-0.309
1.6087
-1.992
0.89871
0.063
4.5742
NA
-0.85704
0.425
1.6
-2.81457
-1.22924
-2.2555
0.98332
NA
-1.1001
0.67046
-1.188
-1.2176
0.2321
-0.7109
2.30187
-2.31942
3.38352
1.2666
-0.1674
-1.4865
-2.26266
3.1675
-5e-04
1.27
-0.535
-0.065741
-3.6508
-0.9617
-1.17187
-0.58874
3.95231
0.34195
4.9372
0.48792
-1.0062
0.93862
0.15705
1.2745
1.42819
1.77587
0.565
1.37998
1.3032
3.17121
-0.2824
4.9331
1.2986
-0.3011
0.6391
-1.7391
0.01521
4.6864
-0.5099
-0.6287
-1.3
1.3028
-1.5832
8.2802
4.2026
-0.8906
-0.14516
-1.63216
-1.76155
0.446
-0.5097
-0.3529
-0.28138
-3.1304
2.5548
1.1986
-2.8046
-1.1009
-0.3759
-4.9859
-0.656
-0.93456
-1.38789
6.8235
2.93493
-0.89244
-3.24703
-2.13198
1.1361
-0.6552
1.6612
-1.22065
-0.9955
1.535
1.7491
-1.5715
1.1335
-1.1886
-5.6336
-0.8077
-1.3463
1.1583
1.37
-1.0756
-1.72
-0.191
-1.63
1.321
-2.1112
-1.9275
-0.831
-0.8688
-4.763
2.87
6.49
-0.2889
1.51
-0.245
-2.9692
-2.60189
0.964
-0.69763
1.02
1.71267
0.8815
-0.799
-0.0515
0.181
0.36477
-0.634
-1.19045
2.1814
-0.64847
-3.73492
1.619
-2.48902
-1.17234
-0.9454
1.3679
NA
-0.7122
1.7533
0.3525
-0.61498
-2.0512
-0.1078
-0.67858
-1.2572
1.94636
-0.4988
0.93949
1.407
-0.25074
1.078624
-2.1552
-0.70375
0.7349
1.24319
0.7588
-1.2224
-1.5392
2.516
0.5727
0.2969
0.38663
-0.01982
1.54061
0.0832
-1.30792
-2.6588
0.8377
-1.0946
-2.9014
0.22924
-1.5014
-3.70546
0.2767
-0.18734
-1.1266
0.2582
1.1971
-0.99147
-0.25893
-11.7996
0.846926
-1.0421
4.5781
0.3399
-2.7354
-1.46593
-0.66257
-2.04033
1.81
-1.7167
-1.38768
-1.04359
-7.7441
3.642
0.56664
0.106573
1.2236
-0.0812
0.54
-1.8
-0.518
-2.705
1.349536
2.33236
-6.0007
12.023
-3.4409
3.5768
0.577935
0.1703
-2.2434
-0.5677
0.204
2.91234
-1.62244
-2.1901
-0.3451
1.2852
-0.98041
2.7486
0.0662
2.9776
0.3618
1.06119
-0.373
-0.24804
-0.547
15.5635
-2.27319
1.0393
-0.81849
1.35221
-0.6161
-4.7507
0.7669
-2.5665
2.98958
2.6317
1.77
-1.16
0.5801
-2.3581
-1.57
-0.21428
-11.82748
-0.4223
-1.89
-4.13702
-1.5013
-0.3173
-1.88809
-0.06541
-1.1327
0.7691
-2.89292
0.1089
-0.05239
-2.48648
2.912
1.6677
-4.8371
-1.2223
2.6889
0.4855
1.94
-0.5463
NA
NA
-2.43664
-1.6042
-0.65377
-0.81632
-0.3861
3.338
-0.7807
0.11496
-1.04709
-4.5148
-1.6645
0.8878
1.049
0.243
-0.8195
-2.15309
-0.76187
-0.1848
3.60193
2.17357
-0.76202
1.443
4.79
1.75611
-0.19608
1.84417
-1.5446
2.1824
-0.6361
-1.6636
0.8219
0.2656
-0.27239
1.32025
2.5502
-1.1271
1.33898
-0.63857
0.8462
0.28191
1.19451
0.16749
-0.42699
-3.087
2.5848
6.1777
0.7367
-0.9701
-0.89331
4.11372
2.09069
-0.7455
-0.2893
3.1542
0.18969
2.9247
-1.0133
-1.09265
-1.9041
-0.712
-2.25
1.23687
0.1075
3.15529
2.452488
0.5897
-2.6084
1.16439
0.6945
-2.3101
-0.4437
2.9281
-1.5337
-2.5883
4.2573
-8.2224
0.49
0.5951
2.2972
3.0447
2.5403
0.5384
-1.0735
-0.1108
4.286
-3.1893
1.6122
-3.8096
-1.873
-1.487
-0.9229
2.07
0.452
5.5259
3.0427
-1.1746
1.99
0.932
-1.46781
-12.0829
-0.42119
-0.9784
-0.494392
0.508
-2.46
1.3808
0.10184
0.29918
-0.0876
0.0837
-0.5292
6.1003
0.4585
0.7923
0.52233
1.43061
1.4901
0.812325
-0.19793
-0.0881
1.039
-0.1079
1.9063
2.6422
4.48
-0.435
-0.4499
-2.3336
-0.5698
-2.66229
-0.0162
0.8005
3.5421
0.2748
1.842
2.2417
0.4335
-2.3391
1.7632
-0.54541
1.07
-0.98428
-4.26309
1.1474
-0.32547
-0.15497
-2.4409
-0.05433
1.6496
1.4203
NA
1.1655
3.3014
-1.42748
-5.1772
0.65934
-1.4567
-0.55418
-0.332
-2.79
-0.082
1.5868
-1.5604
0.988
-2.64
1.49
0.5639
0.00806
-0.5116
1.2155
-0.0916
-3.4343
2.4381
0.1441
-3.0422
2.8617
-1.0657
3.3082
1.1209
-3.6243
0.4835
-3.5837
5.2154
1.327
-7.697
-3.5078
-0.2121
1.6791
-0.3657
-5.4739
-0.8924
0.7181
-1.1657
-2.7263
-1.0884
-0.3899
-0.2298
0.3675
0.9995
0.2256
3.6912
1.1657
0.369
2.139
-1.557
3.2562
0.9839
2.0232
2.7656
-1.3832
-2.5329
-2.3511
-0.4872
0.9194
1.354
-1.6804
2.4824
0.8811
-0.591
-0.0263
10.0578
-3.5471
-8.8114
0.7555
0.5078
0.9352
0.5514
-5.4185
-0.9551
0.3782
-0.7382
1.7551
0.2543
-1.0992
-5.8296
-1.5526
-1.1997
0.2759
0.3698
-1.7138
-1.3315
-3.6808
2.9757
-2.8269
3.1874
3.1213
-0.8887
-0.6578
-0.5396
-1.2834
-1.3692
2.0441
-0.9276
-2.8277
-0.9243
0.481
0.1589
0.3564
-0.6724
1.3732
-0.1567
0.6447
-0.4749
3.4986
-2.6464
0.1084
0.3081
-0.3969
-0.8533
-0.2344
-1.8947
-1.3256
-0.1249
0.5867
0.4092
1.0308
0.7856
-0.6894
-0.3483
-0.3569
1.9658
4.6279
2.1188
-0.0221
0.711
0.43085
-0.41538
1.2103
-0.65553
1.7446
-1.40029
2.52578
6.39064
-0.11
-1.337
0.53
-2.087
-2.322
0.828
6.291
-2.13
-2.705
-0.0735
-3.115
7.0532
-2.767
1.1254
-2.6476
0.1431
0.7395
-0.2661
-1.6249
-0.737
-0.0109
-2.3454
0.4507
-1.7185
0.065
1.6814
0.6629
-0.1281
-0.179
-1.303
1.2632
0.6281
0.4802
0.125
2.3042
4.314
0.6048
-3.2159
4.637
0.3089
1.0852
0.1497
0.6835
0.0498
0.9494
0.1742
-1.5509
-0.8665
0.899
-0.8271
1.124
0.5879
2.0803
-5.4452
1.054
1.1953
-2.5862
-4.5979
0.5541
4.07381
1.301
-1.292
-3.32225
-0.11447
-0.40965
3.18241
-1.97036
0.53381
3.91779
-0.58125
3.35321
3.31728
5.64835
0.756
-1.1608
0.972
-0.627
3.0842
0.1264
1.3916
-1.0715
-1.3397
2.3949
-0.2207
-3.5778
-0.0759
0.4921
-2.4122
-3.6935
-0.8851
-0.498
1.4846
1.5255
0.4335
0.1264
1.5206
2.6355
1.04
0.311
-3.09
-2.3
1.82
-1.76
1.38
1.86
-1.03
0.732
-1.12
-2
-0.314
-1.61
-0.95
0.272
-4.9
2.53
-2.59
-0.813
-3.86
1.1
1.11
-2.87
0.533
2.11
1.28
2.7512
-1.34
-1.82
-0.378
1.18
0.113
0.791
0.409
0.44
-0.464
4.45
0.533
1.65
-0.83
-1.38
3.21
-0.033
0.196
-3.26
-0.61
-3.24
-1.44
0.741
0.915
0.34
0.86128
1.78198
3.31209
0.80504
1.2714
-3.22283
0.6779
-0.12705
1.62536
-0.93163
-0.87866
-0.07425
0.96414
-0.6244
0.2141
-2.11538
-0.2146
0.80923
2.58677
11.48932
-1.24212
-2.31457
-1.18887
0.08853
-0.08207
0.97197
0.8353
1.18614
-3.98415
-0.99085
-1.4342
-1.67315
-0.17772
-1.55391
0.84782
-2.3993
0.15829
-0.71131
1.561
-0.8794
3.23156
0.0459
-0.86073
0.46666
-1.9176
0.47283
-3.76496
0.6124
1.17802
2.2936
0.6391
-1.00839
3.8216
3.14668
-0.06892
0.76287
-0.57254
-0.07641
-0.3448
0.11225
1.14972
0.53095
0.3622
-0.0845
0.44112
0.4418
-1.2311
-0.0772
2.29795
-1.9464
-1.14682
2.45888
2.4914
0.1142
-2.20878
0.61825
0.12859
0.10258
-1.95618
0.29395
1.0102
1.00358
-2.74906
5.01957
3.10342
-4.3567
-1.74815
-6.70473
3.34637
3.7658
0.91619
2.08246
-0.80565
-0.59455
2.9601
1.9368
1.8571
3.04648
-1.57371
0.73574
-1.32583
-0.16745
4.9886
-1.26954
3.518
1.9271
-0.1481
2.44196
-3.08904
-2.88518
-3.39618
-4.0735
-0.14247
-0.8841
-1.9037
1.4634
-0.18797
-0.98436
-1.176294
2.475488
-2.521491
-0.389498
2.00854
1.575
1.139302
-0.2822
1.1864
2.018
-1.599113
-0.001452
1.695677
-1.260996
-3.0918
-0.344055
-0.175304
0.235
5.3858
-0.1767
-0.2824
-0.6003
0.4784
0.8627
-0.9973
-1.2678
-3.3908
4.9665
-1.1192
-0.3616
0.875
3.4875
1.4812
3.8445
-1.6552
2.1267
1.8824
-0.4144
-3.3391
-0.1006
-0.0687
-0.5667
1.9424
3.4413
-2.8536
-1.0397
2.0259
0.8184
-0.5811
-1.234
-2.5693
-0.103
2.774
-0.6461
-1.7947
-0.0074
2.8176
-9.3282
-1.0237
3.7002
23.3692
-6.9539
3.8939
7.4787
1.5315
2.5103
2.0717
-11.7667
2.9831
-1.3655
-0.4434
2.702
0.8184
0.8184
0.2335
1.562
2.7393
-0.8134
-1.3863
-1.39762
1.69855
-1.21104
-0.14653
1.1995
-3.2951
3.00237
0.0854
2.89226
1.3316
2.11065
-0.0471
-1.71947
-0.0027
-0.2142
0.99165
0.7874
-0.3891
1.17351
0.22246
1.72514
-0.81427
0.99331
NA
0.07927
NA
1.2213
NA
0.23241
5.5954
4.035
-5.7348
1.29216
0.66296
1.11851
0.09719
2.0785
3.1023
2.36526
1.89188
2.0297
-4.81377
0.4738
NA
2.46595
NA
0.66036
-1.2689
1.09381
-0.8206
-2.2334
0.2044
-4.3254
2.0476
3.913
0.7673
1.322
-1.8139
1.877
0.3822
1.4195
-2.3295
-0.9819
0.4791
-0.7544
0.0639
2.0762
0.899
0.1133
-0.2898
-0.563
-0.4519
-0.1082
-1.768
0.4071
1.6093
2.2944
1.4671
3.539
0.0946
1.3867
-0.6747
-1.0071
-2.051
-2.586
-0.7187
-2.8034
0.0965
-4.1637
-0.0889
-0.2003
-0.658
-0.9715
0.6438
-0.383
1.0281
-0.2624
-0.6763
0.7518
-0.5198
2.641
-2.7748
1.5974
3.682
4.6768
3.507
-3.944
-0.20848
11.63587
0.51354
-4.73246
2.2625
0.42037
-0.0832
-0.62188
0.3936
2.25066
2.85282
2.6378
2.64067
-0.919
-2.59638
3.6388
2.65835
-1.75892
-1.43829
-0.11648
2.1661
0.1169
-1.1479
-1.58558
-4.5769
-0.91534
3.44111
-1.93171
-1.2371
18.24414
0.18191
-4.1005
-4.5927
1.80894
-3.68821
-2.9716
3.66096
1.9349
3.9042
0.71492
-1.84985
0.8099
0.758
1.99525
-0.22368
-1.05686
-3.6
1.81438
-1.34253
1.12304
-2.6704
0.49745
0.2754
0.2231
-2.24744
-0.8875
-0.60675
3.1857
-1.18566
-1.7085
-0.06428
-0.5253
-0.2443
-1.92388
0.8792
-0.20914
-3.6332
1.22786
-1.83048
2.75536
0.60928
-8.3153
-1.95391
10.32517
0.79582
2.4324
-0.40679
-0.39725
0.6274
0.1452
0.9992
-2.0841
-0.82151
2.5135
0.30368
-1.1905
-2.47538
-0.6077
0.55521
1.0979
2.20979
-0.6431
-1.73085
-0.766
-0.9987
-2.63923
-6.4632
-1.3483
-1.72677
-2.23627
-1.33548
1.9109
-1.5426
2.71007
-2.77328
9.041
0.88459
1.51145
-1.83914
0.6396
-3.0458
-1.91493
-1.64272
0.743
1.78668
-0.03418
-2.58078
1.23126
-0.07117
-0.04014
1.09127
-1.97
-3.6768
0.3156
-2.8571
0.3204
-4.3269
-0.25313
-0.49902
0.7236
1.58874
2.0345
1.0541
-0.1644
5.21278
0.30424
2.2986
1.6838
0.97462
3.26794
-1.01684
-1.37548
-1.2126
-2.63581
-1.365155
-0.34348
1.1909
-0.41292
2.3924
-0.000135
-0.628436
-1.7755
1.2899
-1.711
0.1177
0.00457
1.31214
-0.07266
-0.61329
-3.0938
2.4149
-2.7754
1.27639
3.21672
-0.61001
-0.33589
-3.54754
-0.14681
-1.9091
1.02282
0.40868
0.7399
-3.233
2.1823
0.9991
-1.6886
4.5056
0.8071
-1.4825
-1.5109
1.8061
2.8297
1.0521
1.0102
2.4398
-0.58458
-1.58347
1.3117
2.25404
1.76315
2.4919
-0.27973
0.69829
-4.0888
-1.83155
0.0348
0.58868
-2.20021
-2.942
-1.0238
-1.0241
0.7027
-3.4634
-0.8206
-0.2639
1.2636
1.8249
0.645
2.16462
1.5884
2.6918
1.2524
1.7719
-0.4744
3.0054
0.341
0.963
1.848
2.442
-1.04
-0.1765
1.6451
-1.4066
0.5962
1.7948
1.0468
0.3105
-2.3393
-1.59968
-1.4449
-0.30384
-1.11774
-0.3097
-0.564
-2.71
0.8375
1.37552
-0.198
-0.4017
-2.5643
-1.30042
-2.3333
-0.4173
-0.7584
0.1699
5.8902
-0.8945
-2.552
-1.956
0.03779
-1.647
2.9669
-0.35521
-6.0428
0.3687
-1.24184
-0.77026
-3.9455
2.10588
-1.4962
0.3212
-0.07155
3.14734
-1.5266
-0.10713
1.2121
0.52626
-1.10228
1.02424
0.15633
-2.13854
0.81441
3.3948
0.6908
0.9271
-3.852
1.0201
2.5155
0.0922
-0.591
-1.2277
-1.41386
-0.12708
-2.41634
-1.49388
-0.1354
3.18
1.03538
-1.8198
1.969
-0.6303
0.26872
1.0502
2.2731
-0.0128
0.4629
-1.5913
-0.0627
0.395
1.4143
-1.0714
-1.996
1.5389
0.257
3.1078
2.30155
-1.724811
0.5609
NA
NA
0.975
NA
2.08503
NA
-0.1488
NA
-0.2116
-1.46155
0.69334
-0.36597
-1.27583
-0.51047
-0.95984
0.7847
3.0233
-2.0486
0.0199
-0.1867
-1.2105
1.089
-1.712
-0.557
-29.2983
1.352
-0.207582
3.04852
-2.01762
2.95925
1.551
-0.54838
-3.1164
1.1381
-0.6382
1.95119
0.8963
0.18444
-1.133
1.7301
-0.0124
1.93477
-1.13
0.0925
-1.76
0.23
1.5269
1.494
-0.4285
-2.0032
-0.3311
1.7676
-1.2519
1.1977
0.1352
0.7251
0.2825
-1.0029
1.26
5.28783
-0.6417
-1.08441
-1.8071
1.7489
3.3345
0.192
-0.275
0.923
3.256
0.0467
-0.4905
0.114
1.46292
-2.4106
0.8506
0.7305
0.0589
-0.8829
-2.4785
0.027
-0.2666
0.4066
2.91349
-1.24049
2.6199
1.52
-0.2557
1.1444
0.7765
-1.6265
2.8289
1.47647
-1.34014
0.579139
-1.385555
-0.189
1.0751
0.25667
0.53107
-0.30732
0.5517
2.9278
2.26436
1.72588
0.613
-1.25
0.19056
5.7087
-0.45548
-0.73793
-0.185692
1.4974
-3.5043
3.7739
-0.4517
-0.2685
0.8501
1.9024
3.9458
2.38733
-0.8136
-0.56397
0.6633
0.1765
1.1417
-1.97254
-1.8442
0.32875
-0.32653
-0.23032
1.17133
2.21406
0.7923
-1.9568
-4.35262
-3.44896
0.19944
0.03499
-1.1729
4.8274
-0.8757
0.63111
0.87593
1.9188
1.23581
-2.6038
-0.599
-1.42096
-2.51074
-1.33957
-0.492
-0.2181
-0.542
-0.125
-0.1402
0.9786
-2.3778
-0.4025
-1.7015
-0.5814
1.2382
1.2426
-5.2097
1.8827
-1.1722
-1.1722
0.63
3.3959
0.186
0.785
3.06831
0.7433
0.1279
-3.583
-1.3827
2.38
-0.654
0.441
-2.41
-0.886
0.704
1.18
0.679
1.0557
-0.788
-0.93915
0.00827
-1.88
-2.5718
1.54642
-2.59
-0.3263
-1.15
5.46
-1.47
1.2795
0.00409
-0.74969
-1.07
-1.5186
-2.44568
-0.5334
1.6904
-0.45782
3.0814
-1.2329
-0.0399
1.17816
-1.6499
4.7532
1.68843
1.5466
1.9836
-4.1786
1.8501
3.35206
3.2437
2.15982
-0.8594
-2.4646
-1.53659
-2.08
2.3989
0.4202
-0.676
-2.52
10.5962
-7.2821
5.1367
-11.5225
-0.35278
0.19303
-1.6521
-0.423
0.3823
1.8454
-0.3091
-0.8994
-1.39734
-3.19045
1.45217
0.58689
1.6563
-1.43
1.1101
-1.53
0.4049
-2.9493
-2.34
-1.58
-0.0883
-2.16
0.926
1.12122
0.1445
-0.0403
-4.83321
0.5887
0.5486
0.1911
17.2076
-3.62993
-4.88986
3.1555
4.8508
2.4668
-1.4615
-0.1696
1.9052
-1.73817
-1.5126
0.6039
0.4354
1.5661
-0.0883
1.40931
-4.6961
2.38028
-0.653
2.4476
0.526
-1.504
-0.08618
-0.6324
-1.0191
-0.4661
1.172
7.957
-2.122
-0.618
-0.166
-1.5
-1.10556
-3.84
0.91704
-1.7709
-0.2002
1.8712
1.5104
6.2313
-2.63086
0.8351
0.6378
-0.45956
-2.2227
0.206
-3.1686
-2.2844
0.364
1.4025
0.7747
2.1721
-0.4546
1.6789
0.3203
-0.2716
-0.3461
-1.5639
1.4728
-0.7253
-0.1923
3.0464
1.55409
1.46076
-1.37579
-1.6715
-2.57031
0.87594
-0.29116
0.0898
-0.9471
0.6252
2.39737
4.1372
-0.7014
1.04952
0.52172
0.0074
1.31259
0.9116
0.72734
-1.85163
0.0019
1.989
-0.1279
-1.5405
-1.33095
-1.6627
1.48241
0.0607
1.36007
-0.57158
-0.4627
0.6374
-2.27
-1.514
-7.4675
0.021002
-3.816
-1.122
-1.0188
2.2221
0.29199
0.2636
-0.12259
-2.3195
0.158
0.4798
-3.775
-0.9166
0.54725
0.54265
0.40018
-2.1593
-2.2182
-1.8417
-1.43646
2.3241
1.5586
-0.2331
0.7006
1.377
1.3358
7.99869
-3.00417
-0.73863
0.0577
0.8193
1.9829
-0.2108
-0.2541
2.7122
0.51832
0.32282
1.4056
0.26415
0.34616
-1.99524
0.59735
-0.329
-2.24644
-1.09494
2.471
-0.6226
2.2374
2.6664
0.75154
0.4736
1.9343
0.9281
-1.0038
-1.335
-2.256
1.26
-1.774
-0.43
-1.076
2.712
1.55
1.636
-2.09908
-0.43923
-0.7245
-3.5223
0.09098
0.04905
-6.55008
1.48794
7.08623
-5.44157
-0.47478
-2.63473
0.70807
-0.41181
3.293
-1.23681
-0.7937
-0.48774
1.7655
0.27
-0.61751
-0.31877
-0.72238
-1.1317
1.6451
-2.97015
2.68818
2.5637
-0.26678
-2.84193
0.72042
-0.7886
0.58986
-0.44251
2.80128
-1.84209
3.60745
-0.82493
3.03894
-1.0423
-0.8269
-0.5507
1.1807
2.5495
-0.66715
2.94906
-2.47717
-1.10596
-0.5323
-0.26946
2.56646
1.3537
-2.7925
2.195
0.6817
-2.57917
-0.5361
0.37138
NA
NA
-1.36005
NA
-4.9472
-0.9927
-1.237353
0.4285
-0.2799
0.796
-1.2744
-0.141
-1.2847
-0.7041
-0.4336
-2.9563
-0.8266
-3.5442
0.0598
4.1449
-0.16389
3.86027
3.7784
-5.45092
-0.29187
3.6364
1.58916
-2.9746
1.23104
0.53564
-2.00784
-1.23523
-0.52579
-0.30501
-0.23036
0.51642
-0.89173
-2.07247
-1.1057
-0.7902
0.76606
-0.63181
3.1248
-1.0392
-2.42477
3.34661
0.92655
2.2716
3.98712
1.58294
0.10781
3.8015
-0.26387
3.54908
1.5866
1.76413
-0.06523
-1.32737
-3.34186
-1.29723
0.81874
-0.55512
-3.3355
-1.6445
-1.76756
1.94846
-1.52205
-0.519
-4.2447
-7.1693
-2.1982
-0.8024
1.2804
0.8977
2.2862
-1.11184
-0.86045
-0.791994
1.435775
0.245388
-7.494747
-6.67198
-1.9406
-2.017919
-0.987027
-1.133156
0.045566
2.3765
-2.550868
3.433767
0.832773
-0.1992
1.3641
-0.0234
2.0463
-0.817014
-1.4421
-1.6745
-0.2012
0.5838
0.6851
2.6902
2.7137
-0.7718
-1.2741
2.3479
3.3853
-0.426
0.942
-1.7545
-2.4361
1.4493
-2.116
-0.2004
2.9564
0.1385
1.8781
1.259
-2.1696
4.265
1.281
-2.6629
-0.9521
0.9533
0.8251
1.3993
1.6043
-1.5252
1.20302
-0.557
-1.34014
-0.11559
-0.69496
1.41206
0.15798
-1.781
2.7044
-2.66093
-1.01397
1.16952
0.03988
1.7611
0.31293
-2.39423
0.3012
-2.13331
1.52593
0.77973
-1.5511
3.3541
-0.0855
2.3473
-2.1498
0.0675
0.3469
-1.2798
2.3037
0.2155
-0.5552
0.1887
0.0402
4.0172
0.0324
-1.8698
1.1606
2.6331
-0.3496
-4.8489
0.1101
0.3831
2.2178
2.7205
0.64877
0.84758
1.44416
-6.84746
4.5024
-0.16169
0.9661
-0.06342
0.24065
-0.63204
0.51027
-0.00508
1.9315
-7.52085
1.08434
-0.47202
-9.4497
4.0955
-1.80516
2.32849
-0.4338
-1.37216
-1.8516
0.18766
-1.77937
-0.24074
-4.47365
-1.3931
0.6979
-0.74014
-1.0833
-1.04742
-4.4004
-2.229
-2.1488
-0.414
0.528
2.1494
-1.7499
-2.76
1.34
-0.0196
-2.8504
1.3339
-3.2599
1.7904
0.4228
-0.492
-1.95
-3.11
-0.58
-0.99067
-1.47
5.26528
2.1185
0.59301
-3.1922
-3.21864
3.76246
1.7708
-1.33479
-2.03287
-0.35028
-1.14895
1.6747
-0.4874
-4.54317
-2.5571
-1.10362
0.07768
0.58056
-0.136
-1.3655
-0.75159
-0.3634
0.5485
1.2408
-0.2084
-1.84132
1.5596
1.8841
-1.5584
0.1826
-1.3078
3.8843
-0.7318
1.0136
-2.5009
-10.6298
-0.1561
-10.7981
-0.4069
-5.85231
-0.5259
-0.5287
-1.23333
-0.53492
-1.3291
-2.4746
0.9157
-2.22496
-1.44899
2.1976
-1.29673
2.73976
1.9723
2.53889
3.80342
-1.78891
-0.56432
-2.28183
1.2231
0.80242
-0.45085
-2.4122
-1.15136
-0.0849
-2.3103
1.52027
0.61732
-1.82513
0.348
-0.15469
-1.3064
0.7521
-3.84789
1.30153
0.06192
-1.39845
1.9678
-2.13078
1.40654
-2.9776
-0.2293
3.12667
0.48226
-1.3236
2.2879
1.36924
0.8472
-0.7399
0.2735
2.2908
0.5105
-1.0383
1.9776
0.1322
0.3378
-0.42
-0.1911
3.2
-5.5907
0.2257
0.3615
1.9207
2.795163
-0.4129
0.959705
0.5027
-1.4375
0.250867
-2.4158
3.039461
-0.1854
-0.483836
-0.104923
1.8678
-1.1234
1.1793
-0.6674
0.1259
1.3043
0.7997
-1.4295
-0.2269
NA
0.98369
1.0289
-1.3052
1.6194
-2.1501
NA
NA
-2.66046
0.68163
-0.0928
-3.155
1.39521
0.44972
0.69119
-1.74535
1.7357
0.16527
-1.1333
0.2358
0.24643
-0.4267
-4.35056
-0.00718
2.17366
-0.9921
0.0913
2.01377
-2.4485
2.50237
NA
-0.48073
0.5852
-1.15082
0.2479
0.8042
0.5501
0.5367
2.2553
-3.1216
-0.6954
-0.093
0.2972
1.276
-1.5683
0.4806
-0.5879
-1.5537
0.4278
-2.4562
-2.4869
-0.8692
2.10025
0.0905
-0.40891
1.0365
0.8771
-0.8055
-1.84004
-1.91129
1.09627
-1.14658
-0.6218
-1.00486
-0.06142
2.68588
1.2983
3.46474
1.16766
-0.06497
-0.14128
-2.22748
0.9735
-1.49771
0.23196
2.87223
-1.84005
0.69055
0.8616
5.04549
-0.9563
0.7544
-1.12378
-1.59534
0.3567
-0.5771
-0.4913
-0.3331
-0.5324
-0.5616
-0.3632
-3.0775
0.1494
-1.4961
-0.8709
-1.6068
1.2083
-0.428
-3.8006
-0.5608
-0.5681
3.2596
0.1243
1.4982
10.1868
2.3618
-0.1736
-1.9142
2.1744
6.2969
1.1712
0.2706
1.0081
-6.1746
6.2686
0.58166
0.0311
2.106
-0.163
-0.1073
0.139944
-0.5311
0.2715
0.9106
0.0015
0.84334
-2.071
3.5813
2.1784
0.9308
-0.5618
-3.5543
1.8381
-0.2114
0.59054
0.7806
3.4
-1.5964
0.0293
0.51093
2.1397
0.1364
0.983678
0.12772
1.654269
-0.1904
1.1772
-0.76132
0.4835
1.07557
0.28594
0.409
-1.25337
1.4891
0.4341
2.2349
-1.187178
0.1539
-0.951
-0.4067
-1.0582
-2.1031
2.4996
0.10745
-4.26237
-1.3357
-0.9819
-1.0549
-0.03238
-0.32614
0.37679
1.3118
-0.54137
5.7274
5.01857
3.37555
-0.7031
-2.8317
-0.22522
-1.2353
2.5489
0.1591
0.73024
0.4986
-3.55
1.62375
-0.213
-0.6675
-1.8429
0.5833
-0.45705
0.94809
-1.37
-2.2698
2.05846
-3.12516
0.107
-0.92632
-0.18571
1.4227
-0.1393
-0.9027
0.0065
-0.526745
-1.575194
-1.6424
-0.4898
-0.88
-1.41361
-1.0998
0.02381
0.82814
3.87193
-0.74574
0.38621
-5.4427
-0.2351
0.4065
1.0168
-0.8851
1.6043
-0.4009
-0.59398
-2.0988
-0.80174
1.59179
0.6304
0.3422
-0.86726
3.3746
0.493925
-0.77298
-1.0418
-1.46158
0.65248
-0.8715
-0.03025
0.43183
-0.0324
3.2465
1.3708
0.9698
1.8462
-4.1332
-3.019
-0.87359
3.92745
-0.06188
-0.25615
0.0795
0.02437
-5.27607
-1.3594
0.05928
1.2344
-2.29667
0.03434
0.14725
-2.2057
-0.691
0.4597
0.0658
-1.8655
-0.9859
-1.5674
2.12506
0.76592
-1.18498
-0.80337
-0.1253
0.5727
1.106
2.106
1.2963
-2.62639
0.88373
1.75979
0.307788
-0.8101
0.19325
-0.4938
0.1003
-4.1496
-2.39102
-0.2733
-0.49879
-0.6517
-3.8249
1.7944
2.6305
1.382
0.3745
-0.3485
1.0292
-0.40096
-7.6153
-4.6783
2.42926
-0.0238
-1.3081
0.2519
1.06831
0.08485
-0.2982
-1.34537
2.0402
0.2526
1.4603
-4.3356
3.0541
4.9004
-0.44209
2.8903
0.46006
2.2705
-0.1893
5.232
-1.4459
-6.24
2.1151
-0.7529
0.0587
-1.32824
-0.00433
0.6283
-0.4412
-2.3379
-7.0791
-4.88813
2.0727
0.7063
-1.00873
0.4774
-1.34574
4.2236
2.3203
1.56165
2.601
0.6917
-0.574
0.5787
1.19165
-2.25504
-0.7582
1.7811
-3.5889
-0.1828
-1.75817
4.20891
0.78347
1.55174
-0.90561
-2.7864
0.566
-0.5347
0.8513
-0.3986
1.7562
2.5604
-3.54374
0.0376
1.13737
3.399
0.0324
-2.0578
0.7662
1.966
-1.33739
-0.88599
-5.66754
1.27756
-0.4213
-2.8488
1.749
-1.3937
-6.4509
-4.0638
-5.6811
2.790017
0.221006
1.3182
-1.34
-1.38
-1.9321
-1.8046
-2.72827
2.4756
0.5995
-1.06
0.8742
-0.6717
1.5089
-0.4472
4.8468
3.5928
-0.3658
-0.1252
-4.5172
-2.3239
-1.65
-1.2296
-1.1031
-2.1066
-0.4028
-0.72071
-0.4693
0.7946
1.5741
0.9387
-1.6591
-1.3
0.13413
-0.31621
-0.00379
0.44
-1.37335
-3.81
-0.77
3.14366
-2.51
1.08823
-2.3367
0.4076
-1.2819
-1.81271
7.7544
1.5491
1.5577
5.20031
1.5584
-2.03248
1.78213
3.128
0.0291
-0.6194
0.2934
2.4562
-1.2113
-3.33
3.2909
-1.1381
0.6197
1.4178
-5.692
-0.471
-1.334
3.85
-0.0634
-1.7573
-3.31432
-0.1063
-1.14
-1.31
-1.45
-1.57
1.90651
3.81416
-0.34903
-3.815
3.21
NA
NA
9.23819
2.85244
3.08097
-1.3043
1.3671
2.0707
0.3861
1.0617
-0.0424
3.1443
-0.4654
-1.2667
-0.03682
-4.8254
-2.5819
-1.36864
-0.7166
-0.88715
0.2785
-0.47214
3.29626
-0.69324
0.42381
-0.08101
1.78824
0.07095
2.83591
0.4342
-0.7639
-2.33436
-2.51617
0.0224
0.88132
-1.6764
-1.6695
1.2155
0.6066
-1.16399
-3.683
0.93745
-1.53215
-0.34037
2.01136
1.8384
0.12888
2.9335
3.16858
-0.1517
2.6922
2.34605
-2.51052
2.4822
-2.67513
3.79972
1.67831
-0.2675
0.986
0.9878
-0.19195
-2.40592
5.09082
1.267109
-0.6361
0.2083
1.3919
2.20386
2.46
1.79291
0.0389
-1.1237
0.078513
-0.883664
1.402575
1.823129
-0.8154
-1.56953
-2.1801
0.099
-0.3219
-1.93501
-1.7531
0.52706
1.3242
1.8663
-2.6709
2.5737
0.8663
-0.1052
2.18941
-0.85903
-0.17909
0.6512
2.4277
-3.733
-0.2362
3.1205
-0.674669
-2.926838
2.353904
-0.0645
0.041437
1.2691
0.8291
2.1246
1.6993
1.8726
0.4596
1.4334
-2.5181
-1.0302
1.24561
1.1892
1.761
0.8642
22.4573
-0.6029
0.7209
4.9304
-4.1842
4.587428
-1.7926
4.3742
1.150908
-0.34819
1.2877
1.38983
2.487303
-1.839756
0.5633
2.899
0.2611
-1.4948
0.170424
4.4927
-6.6881
2.5736
-9.1424
-1.4146
0.8571
1.391624
2.21678
-3.4594
1.992452
0.3227
-1.745233
-0.190191
0.140412
1.437149
-1.743304
-1.9414
-1.9414
-1.6475
-0.4491
-1.1646
-1.0604
0.6688
0.0786
1.6789
-0.359
0.1289
-0.4432
1.241101
1.2007
-4.4
1.0273
2.3115
1.8464
0.465034
1.0576
-1.7255
0.30425
-1.363
-0.16508
-0.748
-2.4637
1.8661
-1.9427
-0.2541
-0.3424
-1.3645
-0.3675
1.9408
-0.29636
-3.21886
0.8173
-1.04084
2.44415
-1.12289
0.4954
-1.7236
-5.0282
0.5263
-0.9696
0.2928
2.10064
-2.40486
-0.78235
0.7321
0.9137
0.7346
1.4604
1.4129
1.2501
0.2899
-0.0482
1.9205
-1.79432
-1.21316
0.60778
-2.29507
-1.02117
0.9168
-2.41425
-0.6568
0.17763
0.96773
1.1367
0.91485
-2.30337
1.9612
2.4193
4.6228
0.29805
-0.1485
-1.9209
-2.98886
-0.28
-0.727
-0.993
-1.18102
-1.157
-0.6208
-2.16164
3.3963
1.3473
-0.08507
-0.134
1.2976
-1.72034
2.81882
-0.60664
1.39801
-0.56936
-2.38071
-6.62808
4.178
2.982
-0.10641
1.1033
-0.93104
-0.5055
0.3498
0.9033
-1.2658
-1.36865
-0.2747
-1.319
-0.9553
-1.4084
0.1264
1.6498
-0.63234
-3.06389
-2.0732
2.44609
1.3076
1.027
-1.21028
-0.16278
-2.1321
-2.7496
1.82751
-0.4152
1.7807
-1.96964
-1.98359
0.615
1.0023
0.9084
0.9449
-2.4907
-0.7534
-4.3567
-2.5848
0.7016
0.2337
-0.9634
-0.0312
-0.91128
-0.4187
3.763
1.6433
2.3468
1.85209
-2.03084
0.3772
1.56575
-0.6163
-0.46542
1.13
0.5218
0.1996
0.0312
0.2717
1.73958
1.4583
0.3902
-0.6278
1.44131
-4.0189
-4.0559
-0.56791
-8.6913
-0.692
-0.2303
4.7974
-8.4802
-7.7262
-0.0928
1.6146
-2.2312
0.96476
-0.72886
-1.7477
1.2736
2.7974
-3.00091
2.20625
-0.94146
0.502
-0.71046
-5.3647
-2.7604
-0.04776
-1.9305
-1.2376
-1.4483
3.0509
-0.127
3.8375
1.8913
0.742
-0.48933
3.5791
0.2372
2.2712
-1.74669
2.1725
-0.582
-1.52
1.53
2.31
0.762
0.8713
-1.28
-1.81
-0.88
1.37
-1.58424
2.54217
-1.4295
0.6964
-0.39432
-0.9445
-0.4589
0.367
1.88
0.612
-0.645
-0.542
-0.264
-0.2865
-1.1018
-0.18773
-0.86846
-0.6707
0.99209
-1.0103
1.7396
-4.55703
-0.14032
1.0428
1.625
0.7199
1.3127
2.1474
-1.1563
0.9223
1.564
1.1841
0.2564
-1.2131
-4.8326
1.3741
-3.1825
-1.37685
1.27744
-0.242984
-0.2175
3.76475
-3.9034
-0.5442
-3.1148
-0.4144
-0.4214
1.02
2.2006
-12.05831
NA
4.309
-5.31311
0.5758
NA
-0.6361
-3.8117
-0.55948
-2.6319
0.97193
0.6518
2.0448
0.2233
-1.0891
-0.539
-5.5717
-2.4861
-0.7389
-0.41805
1.245993
0.9915
3.26502
-1.4776
2.49
-0.65997
-0.316832
-0.9096
2.3623
2.82057
-0.52459
-0.6545
-0.162418
-0.161
-2.9413
-0.5745
1.828376
-1.28574
3.644803
-4.352
-0.50972
-0.616
0.949
1.8541
-0.0673
-4.6931
-4.0188
-8.6682
2.21724
0.0964
-1.6295
-0.5855
0.8527
0.219992
0.893
-0.4718
-1.12697
-2.1624
4.20755
4.2146
-5.16683
-1.87298
3.27
4.8545
2.0932
9.8254
-1.46516
2.03404
0.24953
1.1183
-0.66617
-0.34096
-0.2254
-0.2433
-0.55023
-1.59659
-0.3583
1.97045
-0.6367
-1.3041
1.7611
-2.8325
-0.95062
2.09947
-1.5752
1.15087
0.50274
1.18658
-2.08673
-5.50744
-1.6068
2.9275
-5.6845
0.2207
1.82945
-0.4023
-1.1463
1.4699
-2.48793
-1.0611
-1.9037
-2.1395
-5.7451
1.14491
-1.5478
1.8689
0.13611
-1.37892
2.401001
4.5716
-1.09236
2.34838
1.9884
-1.3284
0.0099
-0.1821
1.4017
2.9379
2.3119
0.35253
1.67995
-1.0136
3.86048
0.69571
1.82962
-1.3303
0.08157
4.8589
1.6597
0.6248
0.019846
-1.4406
-2.9404
4.06
-1.62
1.19
0.37255
0.745
2.8237
-1.21
0.887
1.2532
-1.18264
2.1301
-0.47633
0.1037
-0.2695
1.95645
-2.0529
2.5333
-2.32008
0.92882
1.9361
0.4694
4.14577
1.1702
-0.9589
-1.0335
-0.1493
1.4057
6.3161
-0.3984
-1.5535
-3.74943
-0.396
-1.076845
1.941818
0.5264
-2.118933
1.6002
1.0987
-0.315
-9.89841
-2.6568
1.0108
5.8429
0.7623
0.0978
-3.7468
-2.098
0.789
-9.0825
0.6163
0.421
-2.15265
2.3403
-0.7534
-0.49046
0.0438
-0.0743
1.5036
2.88174
-2.41643
3.9706
0.45596
-3.13
-3.13
-0.7604
-0.5633
2.4737
-4.0537
-0.37761
1.5578
-1.2011
-1.7194
-1.47
0.78307
4.4632
0.3685
-3.9574
-0.1943
-1.89409
-0.16978
3.831448
0.867
-0.96702
-0.271961
6.3876
1.1153
0.0658
-6.4946
0.58336
0.1014
-0.8282
0.99175
-3.5175
0.627
-0.56354
3.5441
-2.2588
-2.7532
-0.79989
-3.2949
-10.3734
-0.2441
5.35566
-0.2274
7.0218
3.88438
-0.1035
3.6244
2.6182
0.2219
-0.2177
0.85238
-0.3064
4.5605
0.6796
-2.2494
-1.7915
0.0745
2.84549
-0.69268
0.6997
-0.5595
-4.3526
1.65833
0.2702
-0.213
-8.5194
-1.239508
-1.1646
-7.2115
-2.5947
-6.8756
-8.886
2.5468
-3.2474
-3.18
-0.0124
-2.2477
0.51425
-0.5557
0.8771
0.009606
-0.302487
-0.7637
-5.0667
3.5909
1.3379
1.042
-0.96223
1.7098
2.4066
-2.2476
0.4238
3.0268
-2.05855
0.8138
-0.2618
0.9231
1.804269
6.6022
-3.865
-0.17005
0.3911
2.41641
0.77151
-0.8121
1.31915
3.47542
0.12444
-3.2692
-1.2474
0.6288
-0.995
-1.6535
0.1679
-2.1485
1.6809
-0.9403
-0.691
-1.910818
-6.816
-1.264
0.1926
-2.1
-1.0592
-3.3797
-0.3604
1.1546
0.17402
-0.5467
-0.9153
0.9594
-1.4709
-1.4473
8.35814
2.0157
1.8485
1.8699
-1.41
1.3338
-0.32477
-0.4122
-1.1044
2.09749
-0.6036
1.4948
0.2162
12.2958
-4.2252
-2.2004
0.4731
-12.2958
0.3522
-2.25831
0.6078
-4.15893
-0.4116
1.207
1.089
1.7145
-1.7637
0.3886
1.5379
1.3408
3.4862
-10.2447
2.85252
-0.5647
0.52946
0.0509
0.395
-5.6596
-0.21493
0.34161
0.05405
-0.4368
2.28387
-2.117
-2.5333
0.1806
1.0234
-1.1304
1.0936
-3.374
-3.3646
-3.3697
1.45
-8.788
2.01239
-3.12744
3.29933
0.80264
2.09
1.6305
0.8872
1.13
0.744
-0.8573
-1.0584
1.6804
-0.21065
1.19445
3.90746
2.8148
1.5516
-0.29843
0.2601
-2.1865
-1.757
3.8307
-0.0445
2.68
1.4163
0.942
0.3969
0.2707
4.21563
4.6105
-0.97213
-2.7534
NA
-1.48
-2.4562
4.40995
-1.725
-2.5997
-0.0892
2.2592
0.599
-1.6154
-4.206
-2.52776
1.50782
-0.015
1.62417
1.1388
0.53613
-1.6044
-1.65134
-2.320018
-0.9778
-2.22753
-9.6394
-0.5494
2.6068
-2.9458
0.8046
-1.60469
-0.4858
6.4562
1.1528
-2.4232
3.1517
-0.9836
0.0375
-0.02059
0.7137
1.6585
4.72808
1.2417
2.4685
-2.0918
1.1946
1.0222
0.2097
0.3259
1.75143
1.4278
0.85
-9.0351
-0.075
-0.594
-5.43
1.57
0.347068
0.1777
0.9608
-2.5602
0.562
-2.8966
-1.2477
-1.1531
0.748
1.4594
10.0124
1.62367
-2.09
-3.0501
0.5048
2.46845
2.66
0.26698
1.67902
1.9285
-1.58188
-2.8054
2.0661
-5.47523
-0.84133
-1.3287
-1.5255
-0.32121
0.3345
0.6867
1.493
0.20894
2.78912
-0.94084
0.0536
-1.863
4.3232
0.1085
-0.02208
1.01
-2.5063
-1.5967
-5.10127
-2.42993
-3.1986
-1.1406
0.4086
1.50507
-0.81171
NA
0.364
-0.8087
-1.4987
0.0822
-5.72567
1.743
-0.889
-0.5224
3.4643
-3.5691
1.6034
2.810598
-7.8655
-0.00398
0.924498
2.2981
-0.1918
0.12173
-0.2527
1.744
-2.039343
-1.9031
0.39368
0.5449
-0.265
-1.40965
-1.3999
0.31548
-0.2268
-1.4485
2.29157
-0.2542
-0.496405
-0.4071
-0.7845
-0.4417
0.9
-0.1242
-0.051
0.7377
-1.1307
1.53
-7.10577
-3.1445
-7.02107
0.33874
-1.07658
-1.0129
2.69
1.5186
2.95
-0.46944
-3.2559
0.82454
0.2693
-0.7698
NA
-0.3259
-1.5824
-3.58
NA
0.26215
-0.68654
-0.36624
1.21007
1.66489
1.4566
5.08704
-0.1982
-1.58377
1.2049
5.31954
3.81
-0.186
-0.7731
-0.97421
0.4681
-0.42545
2.45173
0.8898
0.522
1.4139
0.5435
-0.27666
1.6787
-8.2516
0.3773
-0.9576
-0.927
3.1255
0.31043
1.4
-0.9589
0.668408
-2.5142
-1.7903
-0.2361
-0.38107
0.5358
-0.88143
0.978
-0.83798
1.48433
0.05105
8.47551
1.2554
-0.2286
1.21998
-1.8854
-0.403
-0.1637
2.8216
-1.9742
-1.9686
1.22622
3.7933
-0.4202
1.7937
3.33256
1.5405
-2.4271
2.1187
NA
0.82
-2.12036
-3.0007
4.81
1.4935
-3.415
0.2958
-0.69646
-0.20204
-1.53
-3.9863
1.06
1.00378
0.4876
0.9728
2.35546
3.64351
1.1239
-0.8559
-0.8221
-2.0879
-2.6534
-1.741
-0.79564
1.2817
2.1678
-1.9036
-5.47572
2.3944
-1.6404
-1.2753
-0.7638
4.5206
-2.9389
-0.78063
-0.593
0.413
-0.81163
2.08
-0.6266
-2.01
1.5282
3.0397
-1.26436
1.77
1.2301
1.9634
-3.0398
0.3896
3.6686
-1.57901
0.66
4.031
-2.4945
-0.46362
2.76931
-1.9368
-0.93439
-0.3008
1.1388
-0.6459
-3.2135
1.40367
-1.7121
-2.18616
0.812
1.42355
0.52676
-3.0349
1.5946
0.4707
0.97514
0.8947
-0.6971
-2.4817
-5.0282
2.7015
-0.4199
-0.7178
-4.00096
-0.4897
0.8011
-1.9796
-2.865
0.1609
-2.3591
-2.8207
-3.79778
1.02687
0.421
-3.8086
-0.1643
-1.7599
-1.8281
-3.078
-0.36491
-1.6395
-0.2168
-2.96032
0.66347
1.62511
-11.7423
1.3856
-1.4087
0.60297
5.20123
-4.1572
-0.3011
-0.59721
-0.10184
-5.6947
-1.32194
3.9841
0.4446
-1.014
-9.6096
0.9856
-1.1258
0.77132
-1.24646
-1.9977
0.8478
-0.4244
0.7908
5.1971
-0.13645
-0.40592
1.46394
-2.1701
-2.062
-2.307
1.0623
0.55433
0.5995
-0.0498
-1.3309
-0.2523
2.4523
1.2626
-2.2151
1.9472
-0.2095
-0.275
-0.816
6.8
-2.7347
-1.43
1.42651
-2.29584
-21.073
-0.54138
-0.9434
2.61
1.15253
0.5427
-4.22
-1.57766
0.50316
6.549
2.46
-2.45
-0.9413
-1.80508
1.4899
0.19224
1.642
1.6732
-1.0649
-1.65
0.9097
-0.61
1.7393
0.74318
1.68
15.80873
1.31076
0.61635
-0.6468
2.0856
-1.3267
0.14887
1.3874
NA
0.4648
-1.3922
-2.1755
-1.51739
-1.84334
0.45571
-1.99
2.7431
2.8582
-0.7822
-3.1203
0.04555
-2.1908
-0.5668
-0.38751
-0.727952
10.25485
-0.7208
-1.88169
5.5381
3.47772
0.9458
1.5405
-2.6395
0.6962
4.6593
-1.92929
-0.6981
2.1687
1.04389
-0.11043
3.0007
-2.5019
1.1002
0.00785
1.56237
2.2433
2.3078
1.6988
-1.4375
0.46721
1.73
2.071
1.0323
-1.5059
-0.72293
-0.8354
0.7957
-2.59978
0.95294
0.2797
0.19778
0.42638
1.58638
-0.8958
-3.6243
1.4833
-0.11595
-1.21058
-0.04038
-0.2285
0.18332
-0.11448
NA
-1.8407
-0.22725
-2.23828
-1.75
-2.7198
1.9452
-1.8428
0.0302
0.49204
-0.4722
1.0861
0.39
0.2868
2.2174
2.09618
-2.0411
1.31651
1.47
1.51752
1.05547
-0.1251
3.5683
1.08473
-0.9288
2.29
-1.8813
0.45632
-0.3362
-1.9773
0.1772
-1.0393
-0.10519
0.78508
0.3337
-1.21598
-0.7086
1.81173
-0.23073
4.43435
-8.31072
-1.01325
-4.42422
-3.8848
-1.7591
-1.72621
-0.5292
0.1719
-2.5655
-0.39624
1.15693
-0.481
-2.8099
-0.8408
-0.1532
-2.2081
-1.26
1.30806
1.03239
0.5883
-1.7
-1.3462
-0.2306
-0.734
1.46086
2.13537
-0.2206
NA
-1.8714
0.7237
1.40665
-0.2289
-0.08743
-2.7358
-1.3507
-1.2947
-0.2722
NA
-2.1718
-1.8253
-0.17067
-4.0638
3.0815
-1.95
0.485
1.6891
2.3498
-0.77023
-2.311
-0.0364
2.80417
1.93
-0.25
-1.33969
3.4712
-1.5341
0.0256
0.83263
-3.20433
-0.0708
-1.58
-1.2847
-0.4725
1.91
-0.57099
0.53024
-2.8433
-0.50244
1.1524
-0.6727
-2.2326
1.3691
-1.3383
0.18
2.0343
-2.2231
1.0494
0.1341
-0.7676
0.636
-0.9287
-1.04496
2.0856
-0.5157
-0.1516
-6.1938
2.04
1.56855
NA
-0.4534
1.1081
-0.12819
0.2898
-0.09302
-2.0269
-1.2342
-1.30725
-1.4045
1.5409
-3.4346
0.0213
1.1263
-0.0797
0.146
0.836
-1.95061
0.3982
NA
0.6284
0.3252
2.37
-1.15
8.7088
3.5818
1.7211
1.869
-1.8196
1.2567
2.2095
2.43818
4.8373
1.39
NA
1.9216
1.1236
-1.7324
-0.8913
1.529
0.768
2.77554
-18.7348
0.7735
-2.3863
0.03725
0.64919
-1.331294
-2.3822
-1.6301
2.35394
-19.0034
2.6878
0.20518
-5.13622
0.6459
-1.2625
-0.99591
2.49673
-3.5542
1.6844
-2.3468
-2.3191
2.3114
-0.529
5.38356
4.972
-10.4821
0.3238
-0.718
-5.2868
1.04479
-1.68046
0.4074
-0.6171
-0.196
-0.6186
5.0569
-5.29143
1.2878
-1.23027
-0.7936
-1.76113
-0.159
0.54372
0.1194
-1.60264
1.013
-0.127
-0.81811
2.5445
0.81427
-3.1137
-0.186
2.65993
-1.48855
-0.4176
-8.6714
-2.3309
-1.1265
0.934
1.0052
-0.121
0.09638
1.54994
-0.6933
1.6962
-1.81
1.3856
0.669231
0.68485
8.3706
-1.0185
-11.6991
-1.70721
-1.4758
-1.8283
2.0507
0.716
3.28
-0.33344
-5.0246
-0.628
4.4472
NA
2.10927
2.3537
1.381
-0.02692
-0.3312
1.37775
0.4073
-0.229
-1.3456
0.6312
0.011
-0.96892
-0.4807
-0.1859
-1.6944
-2.25463
1.9278
-1.67701
-0.4467
1.31447
-4.99527
2.4975
0.9537
-1.878
0.9536
-1.67618
-1.54791
-2.84036
-1.0008
-1.13
-3.9909
0.8115
1.7396
-0.0866
-0.292
-0.23827
0.97531
-18.7227
-1.8821
0.799
-1.9857
1.82912
-2.7218
-0.50067
1.8897
0.9653
-1.57437
1.94745
3.8361
-0.9999
-2.405
-2.0113
-0.0843
-0.9642
3.3055
0.2025
0.6872
-0.35793
-1.06945
4.08728
0.05969
0.53639
0.26418
-0.57464
1.9454
-0.9025
1.0482
-0.67727
0.7315
0.3762
0.4324
4.0971
-0.61792
3.06061
1.7608
0.41199
0.14838
5.95584
3.64807
2.541
2.05535
0.1027
-1.08227
0.52922
1.29528
1.73995
-0.87734
-2.04013
2.38158
0.90737
0.40198
NA
NA
NA
NA
2.719
0.13187
NA
NA
NA
NA
-1.0941
1.2022
NA
NA
NA
NA
NA
NA
NA
NA
-0.263
NA
1.45
NA
NA
NA
NA
NA
NA
NA
NA
NA
NA
-2.2206
-2.95235
1.8
NA
NA
NA
NA
NA
NA
-11.7903
NA
NA
-2.1261
NA
0.8097
NA
-1.0611
-0.00667
-0.9764
-2.5
3.4308
-3.778
0.596
-4.049
1.47534
1.1093
-3.6675
9.9773
-0.23444
-0.461
-1.1
-0.4463
-1.1175
-2.0349
-2.74272
1.1201
-1.0061
-0.459
0.8551
-1.3112
-0.7528
-1.4323
-1.68945
-1.3336
-0.2064
1.552948
0.861
2.8904
-1.9378
4.00192
-1.39
0.0453
0.7733
1.12319
-0.854
0.911
-3.4697
0.17817
-2.6948
-1.57
-0.3762
NA
NA
NA
0.1566
NA
0.487
1.0179
-0.742
-0.7298
2.1146
-1.3531
-4.206
0.9466
2.6758
1.3919
-5.5396
-0.26041
-0.29571
0.0315
0.20481
1.1373
3.89819
2.59497
-0.4457
-4.76647
0.39842
0.79885
-1.42
-3.3249
-0.1828
-5.45807
4.852
1.0088
-0.895
-3.80985
-2.3712
-0.2558
-2.6654
0.0537
-1.263
0.07436
0.90857
0.1324
-4.03438
0.11424
0.96165
-8.7929
NA
1.986
NA
-0.845
NA
1.695
0.1995
1
-1.6216
-1.4418
1.34954
-1.8629
1.29
-0.431
2.75
-1.224
-0.789
-2.1624
-3.2345
-0.59295
-1.0784
-0.6877
0.60284
2.6654
3.0153
2.6915
2.53007
1.6713
2.92
0.9897
-0.35809
3.0008
7.0945
-11.50379
2.0932
11.7792
1.671
-1.3752
-1.5495
-6.4881
1.87402
-0.0721
-0.1787
-0.08886
1.351215
-1.3922
NA
-1.2136
2.526
0.438
-0.39404
-1.8629
0.211
4.4664
0.25169
2.7918
-0.6764
-1.41809
-0.3951
-0.4688
-1.3191
-1.6087
1.02153
-2.1259
-2.7476
0.0665
0.78
1.6225
0.6674
2.3814
-1.19386
0.8218
-3.1415
-0.84628
-0.6322
1.1777
-4.5807
3.15314
-1.6868
-1.3812
NA
2.317
1.8734
0.5517
3.59513
-1.4449
-0.0822
-0.07947
-3.6613
2.13811
NA
0.70487
-0.24989
-1.3334
0.16664
-2.06368
NA
5.6812
0.71916
-1.0753
-0.185
1.43214
-1.1438
-0.756
-1.12329
2.2843
2.3938
-1.20951
-0.4919
1.45147
-2.56
-1.8493
2.01754
-11.34632
0.00629
1.5838
-1.2898
-0.649
NA
-0.51935
-0.38
-0.5691
0.87459
-9.0658
-1.5585
-3.7977
-1.3674
0.10124
0.0123
NA
0.4044
0.11462
-0.0203
1.15897
0.1892
0.2891
-0.45991
1.4699
-1.6135
-1.35388
1.65141
1.0728
0.17175
0.7427
-0.6955
NA
-0.8773
0.16676
1.27
-4.8723
0.5709
0.05297
-3.2482
-0.29883
1.3085
0.7452
-2.84324
-0.6381
-0.15411
-2.4762
-3.1336
NA
0.0898
2.4042
2.08833
-1.0232
-0.0289
-1.69508
-0.7712
-1.0213
-0.73338
2.60341
2.87373
0.3191
1.9373
2.1719
0.17289
0.9967
0.4601
-7.8731
-0.21172
-0.13223
-0.98572
-0.54877
0.96283
0.25442
0.9652
-2.87108
-5.8143
0.98526
-1.2632
-2.68878
0.768
1.4182
-1.97785
0.194
2.3096
0.20686
2.14308
-0.06952
0.50119
-1.31608
-0.5033
-0.70839
1.17414
4.9378
0.27121
0.15007
-0.1105
-0.21116
0.0758
1.33425
0.25608
0.16044
1.63379
-2.2007
-0.53723
-15.6016
-3.7
-1.49624
1.3821
-4.29606
5.14
-1.3713
-1.5609
-0.78745
-2.4179
-3.2569
-0.326
0.87713
1.5934
-0.3171
0.1028
-0.4297
0.17312
-0.81028
0.4791
-0.3763
-1.375
NA
0.261
0.63734
3.317
0.51297
1.6049
NA
-0.66438
-1.22994
-1.13688
-0.29715
1.0125
-0.9926
-1.03638
-1.1247
0.3424
1.374
-0.85561
NA
0.04005
-1.1722
-0.01504
0.24729
NA
-9.43774
1.2959
-0.26649
0.3415
3.1919
-1.4429
2.43
-0.4623
-1.4364
-0.6529
2.2703
-0.92635
-1.11842
0.3074
-1.32492
-0.2364
1.18348
-0.86795
1.2418
-1.4064
4.0063
1.1816
-0.5518
-2.6746
NA
0.1795
-0.26836
-9.737
NA
-1.59547
2.80273
2.3539
1.9792
-1.3706
-0.2315
1.4355
-0.4909
1.62
-3.5472
1.24718
-7.7063
NA
1.1407
-2.9062
0.28293
-4.01422
2.1709
0.5557
-1.16231
-0.38515
0.00603
0.14712
-1.5079
-1.505
-1.0935
1.0741
-2.6725
NA
0.64027
2.90524
0.85905
1.4009
NA
-4.34938
-1.253
-0.4647
-3.2559
1.93437
-0.8852
1.1407
-2.6394
0.1689
NA
-0.5704
-0.23197
2.1817
1.91786
-0.4866
-0.98897
1.487
NA
0.382
NA
21.004103
-2.08378
-0.352
-1.19
2.4253
2.57485
8.9758
-1.0494
-2.92006
1.546
NA
1.60754
-1.352
NA
11.17964
1.1882
-0.2308
0.87097
1.4592
2.86199
0.4888
0.9575
-1.13092
0.2858
-1.9223
NA
2.6528
-1.1039
NA
0.4601
-0.9823
4.4938
-0.18806
0.8711
0.78289
-0.516
0.1802
-2.4802
1.68615
1.53786
7.4511
0.7516
0.62121
-0.2925
NA
-2.8427
1.86629
0.000649
1.5677
-2.68876
-3.72259
0.6355
-1.73662
-1.3026
-0.1508
0.32142
-9.1135
-0.328
7.0771
-0.2557
23.0548
-1.3517
1.23908
0.0187
0.7482
1.5128
3.80861
3.37908
0.66235
3.0637
0.34762
-1.24
-0.2005
1.1406
-0.65928
0.784
-0.05312
-0.14993
0.3014
0.1186
0.10331
-0.702
0.8982
-0.82923
-1.16785
-1.21247
-1.6575
-0.97578
-4.20954
-1.9406
0.1213
30.375
-1.7846
-1.0905
-0.05696
-1.42958
-0.10455
-1.95
3.50407
-4.46877
-1.971
1.5509
-0.92131
2.4252
NA
-0.9752
0.41084
-0.5848
0.9709
-1.99255
-3.3158
-10.1009
NA
1.2545
-1.51698
-0.845
2.1303
NA
0.57103
NA
-0.0667
-0.7153
-1.78654
-3.89078
0.60113
0.7219
-1.4523
0.32685
-0.3984
7.1148
1.78251
0.7425
-1.2329
-0.4825
-0.87918
0.581
-0.6062
0.67485
3.00539
0.6133
NA
-0.0156
-2.08987
-2.2405
-0.3164
-0.2997
-1.0141
-1.422
-0.7916
-0.21864
1.65149
-0.3527
-0.8264
0.08474
-0.0477
0.4601
-2.02325
1.247
0.942
-0.474
-0.2754
-1.43802
0.5327
1.7632
0.54267
-1.6819
-2.6353
3.28528
-3.1125
-1.186263
-0.5067
0.08145
0.8151
-3.63091
-0.6634
-0.85412
1.44
-5.9438
-1.7221
-2.43968
NA
-0.55417
1.4592
2.74164
-3.635
NA
-0.17799
0.4047
-0.72
0.1774
2.0231
-0.384
0.23971
0.3361
-0.74338
-0.20414
-0.03668
-0.6306
0.7992
1.17758
-2.0281
-1.3242
2.82651
-6.79151
-0.9713
-1.054
-0.414
0.42063
-2.7139
NA
2.1017
-9.7563
0.3025
2.7833
-0.56918
-0.2932
-3.80741
-1.27225
0.6464
2.2394
-2.48723
2.12166
0.27698
-1.51521
1.85
-0.933069
-0.332
-0.4405
NA
2.06
NA
1.42845
-1.0163
0.72
0.1241
1.5396
-1.408
0.26108
0.09657
-0.4295
0.17328
1.483
-1.1164
-0.4831
2.4889
-0.4045
0.8294
-3.8495
-0.558
1.19299
-2.686
-1.8463
NA
2.989
-1.1787
-2.6329
-0.35762
0.4507
0.2149
-0.7619
-0.5235
2.95075
NA
-1.19706
3.0836
3.5398
-4.13236
1.2831
-2.292
-11
5.4963
1.7002
-0.1859
-3.4089
-6.4531
2.6449
-0.2667
0.0327
-1.8927
-3.8996
0.4241
0.28956
-1.44733
-2.5288
4.6692
-0.7743
-0.6534
-0.7225
-0.8731
0.8018
-0.4622
-0.76963
-0.543
1.4551
-2.2918
-1.65
0.553
0.9123
5.0222
0.9699
0.1486
-0.38293
1.1407
3.97423
4.3975
-0.78232
6.96418
-1.4429
-0.08752
1.1407
-0.5633
0.3857
0.9393
-1.29829
NA
-0.98928
-2.8032
-0.1691
-2.5019
1.9592
3.9734
1.8792
0.9143
0.06281
-0.03917
4.7862
2.2273
0.847
-0.3592
-0.78052
-3.85
0.4551
-0.895
3.89643
-6.4696
3.56189
2.71344
NA
-0.93618
3.873
2.29123
-4.2212
-1.4981
-0.5084
-2.3845
-4.1025
3.3311
6.17
0.344818
0.1949
1.8357
-0.341156
4.85982
0.1017
-0.7665
-0.1259
4.224507
-1.2888
-1.8882
-0.3239
-0.9501
1.630342
-0.6869
-0.316103
-0.7702
2.8498
1.4275
2.18966
3.3762
2.6758
0.3163
-1.617
4.9636
0.2444
-0.425
-0.7032
-3.2413
-0.1085
-0.8688
-1.9477
1.817
2.9084
-0.599
0.594
4.5607
-2.278829
0.0959
NA
-0.68694
1.15644
-0.75731
-0.745935
0.04157
2.16931
-0.1808
-7.3446
0.71264
0.7737
-1.09322
2.0461
2.2044
-1.919
1.8616
-1.181436
-0.7926
-2.0385
0.84412
-0.9624
1.624479
0.2998
1.36441
-3.3027
-1.249035
0.2877
16.292404
0.8514
-1.034
3.5546
-1.9522
-1.7881
3.2938
-0.096454
-0.7239
-3.141
3.3908
3.9553
1.278192
-0.4768
1.3476
3.9956
-0.271
-3.6438
0.532
0.5241
-1.1113
0.823127
-0.037771
-0.155359
1.18555
-1.8933
1.3356
0.3696
1.873038
-2.78329
-2.6974
-2.0996
NA
0.97403
-4.7511
0.7163
-2.297612
-0.115
2.167961
0.7569
0.8568
0.5356
2.8148
0.5117
1.3319
-0.1492
-6.666692
-0.303126
0.9007
-0.627
-2.125954
-1.4596
0.333
-3.9091
0.4002
-2.2106
-0.8454
-0.7059
0.557416
2.550526
2.187574
-1.1124
-2.169
-4.5657
0.227119
-0.875802
-0.436978
0.0228
0.6488
8e-04
0.3456
0.3498
1.6878
0.4981
-1.0043
1.5903
1.7733
0.6241
1.457
-1.3297
0.0139
1.415
1.89
-2.2602
0.3888
-0.4757
0.2469
-1.1809
-1.3799
1.8474
-3.63
-3.5579
0.3534
-1.3563
0.2886
-0.1674
-2.83
-1.8028
2.6188
0.7097
-0.7608
-1.36
0.075352
-1.14908
0.7138
-2.5709
0.599
-6.1455
9.43858
-0.2841
0.3586
0.1649
1.5165
-2.684
3.9941
-1.13
2.2431
1.7931
0.1725
0.738
-2.3845
0.4626
-0.441
-0.8467
-3.2606
-0.6549
-1.0592
-2.5653
3.678
-1.5638
-3.2606
-0.5464
2.7541
-1.2563
-5.0262
1.9433
-0.34496
0.7648
0.665
0.9788
-0.2596
0.5143
-0.52527
0.1779
2.757
-0.7592
-1.2893
-2.31346
1.3336
7.4146
-0.011
1.3969
0.2116
-1.02
-0.3305
-1.3923
-1.5628
0.2834
-0.6469
-1.4834
-3.09
4.5817
0.1213
0.4573
1.25686
1.53156
1.2095
-2.7936
0.6094
2.9475
2.986
-2.4507
0.9004
-1.4828
-0.4469
-0.0853
0.5504
1.0709
-1.599
5.355
2.0637
0.1677
0.0483
-2.9205
-0.90909
1.203
-2.8869
1.85
4.1924
-0.8665
-3.5465
0.0158
-0.2416
-0.7285
-0.7655
0.2696
0.9778
-0.89645
-1.2496
-2.10446
-1.3721
0.3254
4.4827
0.94393
0.9875
-0.16856
-0.2506
0.0961
-1.057
-2.4521
-0.8696
-2.4937
1.1579
0.39525
-0.296
0.443
-3.3012
0.59435
-1.52763
-0.55755
-0.79263
-0.59558
-0.8531
-1.41185
1.33996
-2.52853
0.7622
-2.9151
1.4005
-1.20593
-3.41791
1.07751
0.9834
0.27835
-0.00178
0.47349
-4.94408
-1.38965
-1.02881
-4.9684
-3.0079
2.8895
0.1826
-2.6135
0.07928
-1.98686
1.4032
-0.8406
-0.5196
-0.09673
0.4917
2.86562
0.7631
0.8251
-0.6243
-0.9684
-2.25246
-2.1834
-2.1881
6.05738
0.04536
4.20688
-2.6196
-0.0377
-1.72799
0.1826
1.1766
-1.35994
-3.728
-2.7888
-1.4074
3.23405
-0.73259
0.6261
1.8771
-0.0844
0.6798
-2.1701
0.5574
1.490947
-0.5475
-0.9947
4.4062
-0.4555
0.0831
-4.1336
-0.424
0.60942
-4.3696
0.8651
3.897
2.4172
-1.49421
0.7482
-0.48322
-0.4435
0.3687
-0.6879
2.9819
-1.31917
-0.13226
-1.20068
-0.6465
0.06014
-0.5982
1.694363
-1.5344
0.7489
0.6221
0.3497
-1.19949
1.63315
2.2951
0.2384
2.5848
1.57
-0.6647
-1.9964
1.18107
-3.1183
0.4357
-3.65707
-0.6606
-0.65733
2.5851
0.473
-1.6911
-2.75348
-3.19002
0.89333
0.9594
-0.70333
0.52624
-1.3659
-1.4498
1.562
-1.2614
-11.7635
2.616
0.1561
-1.917
3.95
-0.24203
-1.3183
0.301796
5.4521
-0.5348
1.6523
0.64
0.8131
0.209
-2.4407
-1.04
-0.2513
-1.56795
0.0273
1.7978
-1.09
1.35909
-0.31342
-0.183
-2.1006
0.2636
-11.64998
-0.25559
1.1342
-0.8317
-0.1475
0.5187
0.609
1.97645
-2.6522
-0.54812
-1.28752
4.37413
-1.1969
-2.3445
-1.6614
3.1262
2.144323
-0.9552
-1.7141
0.8231
-11.7903
-1.84566
1.13067
-1.96977
-0.31957
-1.26226
-11.7903
2.1061
2.3031
-0.39318
3.0831
1.2592
-0.91878
-1.35643
-3.4847
1.37626
-0.82704
-3.02816
1.02932
1.9602
-2.2677
0.89288
-1.6209
0.58975
-1.06364
-4.87
-0.655
1.09228
-0.765
0.443
4.0469
2.68
-0.388
0.486
-2.71183
3.2689
-0.3205
-0.322
0.98
-0.331
1.06
0.1189
1.7553
0.6897
-0.973
-1.2
-7.3436
-0.195
-1.43
0.41574
-0.7838
-0.987
-2.02698
-0.34381
-1.881
-0.1951
NA
-1.52735
3.3826
0.396
2.12437
-1.91
0.999
1.38
-0.694
0.192
0.53
0.67
2.3779
-0.309
-4.41
7.69725
-1.68
4.51074
1.49755
-0.601
-2.6252
0.647
0.0403
4.47
0.646
-1.47
-2.21
0.92
2.35
0.259
-3.025
-0.151
0.538
0.771
0.977
1.05
0.637
-0.0282
2.3166
1.43735
-0.621
0.593
1.7154
-1.92
-0.8141
0.471
-2.57
-2.50533
-1.27
-0.0332
-0.727
1.4475
1.53
-2.45
-0.988
NA
-2.01
-0.529
1.62
-2.02
1.31
-0.634
0.0622
-0.917
-0.37851
1.3469
-0.904
-0.261
0.596
-3.18
0.260612
0.57542
-1.1266
2.2459
-5.6967
0.5809
-1.29
0.74228
-2.95625
-1.49773
1.6879
-2.5317
-0.52054
-1.1093
0.0295
-0.27774
-3.5104
-1.0528
0.5829
1.28902
0.6692
0.65866
-1.1892
-1.5061
-1.7003
0.87284
1.0625
4.0012
0.0976
-1.4479
-0.0534
-0.3187
0.9781
2.05
-0.3657
-0.49422
-0.4043
-3.99
0.48969
1.32225
2.8146
0.3151
-1.08
-0.51915
1.541
0.26048
-0.38189
0.36764
-0.520857
1.65847
-2.13023
-1.1498
-0.8114
-2.0684
-0.6029
-2.0211
0.4344
0.54288
-2.0164
-1.7459
-1.4283
0.1288
0.345
2.8246
-0.7679
NA
-2.5643
1.6097
0.1362
-0.9366
0.97264
-1.6301
1.725
0.3164
0.7224
0.1588
-1.9487
3.24138
-0.2239
-0.7733
NA
-0.4933
-0.7535
0.23689
1.01392
-0.9654
-0.213
0.59801
0.4436
-2.1644
0.22146
-4.1929
-3.43861
1.0891
-1.02405
-0.3304
NA
-0.9516
-0.0771
2.6834
NA
-0.4381
0.75933
1.25381
-0.14729
1.50883
-0.9731
0.38788
2.307
0.24612
1.1034
-1.2282
-0.4909
-1.0587
4.7423
0.6374
0.9042
5.0772
-0.38043
NA
4.4133
-1.5596
5.3994
0.97481
-0.44493
0.13557
1.76073
-3.68008
2.16477
3.29367
0.2463
-3.3199
-0.87055
-1.681
-0.9131
3.82565
1.2113
-0.3238
1.30033
0.52369
2.0551
-3.02003
2.00118
-1.216115
-2.3456
1.69135
-1.5957
-0.318178
-0.8993
-0.6857
0.664838
0.90012
-3.6336
-6.0049
-0.9249
NA
2.8903
1.0907
1.6604
-5.26384
-0.9865
1.52644
-0.42844
-1.091234
1.0979
2.73283
-0.5364
-2.1472
-1.4174
-0.41551
-3.391
-1.58
-1.11326
0.3318
0.187
0.867
-0.35153
0.20822
15.35478
4.7139
-0.9947
0.862
0.09625
-1.09482
-0.8021
-0.409
0.0466
0.22519
-1.57941
-0.38401
-2.987
3.3698
NA
-0.68828
0.3481
0.7066
-0.48763
-0.9187
-1.1822
-3.1778
3.1628
-0.2798
1.61665
-2.298
-1.0836
-3.7255
0.8242
0.0159
1.3005
0.1193
1.465575
1.1375
-1.6278
-0.1633
1.32708
1.22394
0.7171
-0.8356
0.074
3.7738
-2.444
-0.01045
2.0549
5.3518
1.1025
-1.7085
-2.13568
1.672
-1.2227
-1.88747
0.06916
0.5448
0.9789
0.4417
-0.61349
1.14347
12.2816
-0.64436
2.22
1.5506
2.9963
-1.773
1.41137
-2.2736
1.90308
2.97462
1.0402
-1.9941
-2.37913
NA
1.0939
2.3203
0.5608
6.9886
2.7447
0.0203
-0.508
-0.459
-0.159
-1.5821
-0.614
1.0591
1.525
3.8262
1.7478
-2.348
1.943
5.0275
1.0868
-1.3443
2.52524
0.394
0.1842
-1.88135
0.5408
-1.9711
13.73311
1.16
-0.3932
-2.19935
1.46069
0.6118
2.1759
0.3356
5.14232
-0.4205
1.2382
-0.23835
-1.0412
0.522
1.2434
-2.3056
0.8375
3.5567
1.693808
-0.1659
-1.68582
-0.57067
1.2548
-0.651
-0.099
-0.1189
1.6449
-0.57447
2.8
-1.133
-2.6446
-0.0571
-0.76938
0.80352
-0.9683
0.464
-1.023
-0.632
-1.11
-0.5507
-0.3299
-1.18
0.111547
-0.391
-0.5587
-0.118
0.0154
1.05045
0.54731
-3.9484
-3.20488
0.0482
2.6463
-0.6889
-3.0212
-0.7294
-0.2423
0.9501
-0.4545
0.92963
-0.279911
0.14601
-1.3962
-1.1456
2.2921
0.8186
1.545822
-2.09178
-0.34699
-11.79144
9.3163
-0.3003
-0.8756
-1.51242
NA
0.7368
2.7647
-0.087
2.514
0.4706
0.2549
-0.38207
1.60377
-0.9067
2.18347
1.5165
0.1212
-0.5646
3.3838
3.0296
-0.6606
-2.7941
-10.0682
1.1407
-0.5046
2.22
-0.08018
-1.86662
1.42326
2.9719
-1.63647
1.9
1.21956
1.087994
-4.3481
-0.8118
0.4859
3.4214
NA
0.5535
1.1407
-0.881
1.8137
-0.2453
-0.66872
0.91799
-1.7396
-2.1551
1.0009
-0.2204
0.6094
0.616
1.53753
0.446
-1.25173
0.68924
