0.4189
-3.2703
-1.0277
-1.381157
1.987652
2.2003
1.3296
-4.1907
1.37081
1.4446
1.08225
0.39042
0.758
0.558
-1.75677
0.251
-0.658
2.97111
1.04072
-0.02051
3.27696
-1.75
-0.199198
-1.7136
-6.66833
1.86
-0.22119
2.72638
-1.8816
0.60178
0.159
-0.7734
-0.305
0.209
-2.89
0.05249
1.74
0.37706
0.57992
-0.41349
-0.062419
-1.8333
2.08
-1.63658
-3.3
-0.716
1.31
1.15147
0.31782
-2.32
-1.05
0.3102
4.84901
0.28867
-0.09679
1.63651
-4.90518
-0.6997
-1.25
0.405
1.47
-0.051404
0.32005
2.38
0.0517
0.2553
0.42847
-2.27
0.332
0.463
0.73
2.6
-0.036952
-2.28714
2.74053
-4.18961
-0.48409
0.587
2.96
1.6
3.71
-2.94194
0.101578
-3.29223
-1.813812
2.063374
-0.9525
-1.604
2.53185
1.44849
-1.56553
-0.78117
1.55294
NA
0.9282
-2.807
1.31661
-4.25
1.8748
-1.21835
1.1
-3.85419
-1.6499
-0.9113
-0.34528
2.76217
0.20156
-1.88
1.6218
0.46107
-3.725167
2.16571
-0.050457
-0.536
0.5927
1.091049
-0.551661
-2.14
1.12784
-0.0686
0.602704
-2.057714
2.354
4.0986
2.16526
-1.76
1.06378
0.492
1.1952
-1.44135
0.50387
-0.239392
0.29981
0.661
1.30794
-0.66038
0.101
0.58238
-0.483754
-0.01811
-1.23018
-1.63058
3.26093
2.5343
-2.517823
-0.19922
1.42793
-2.40562
0.83888
1.61464
-1.1459
-1.0121
-1.45529
1.189163
0.4931
4.672099
1.236779
-0.286876
1.0905
0.7429
1.85231
2.324129
0.847605
0.7736
NA
0.2944
3.4
2.0571
-0.30102
5.21938
0.891
0.461247
0.84696
0.64413
1.225632
-0.252
0.60844
NA
5.77372
-2.09
0.672
-0.3953
-0.247017
0.02752
1.4247
-0.57171
3.618567
-1.3312
2.18446
-0.8769
-0.1741
-0.15621
1.1284
2.79593
2.925868
2.6
-1.661794
1.34331
0.81247
0.128289
-2.5836
3.82
2.27
1.46
1.3091
0.65723
-0.535
-1.27
-3.27
-19.2
1.546
1.39
-2.24
-0.926
3.07115
2.22
-0.3249
-1.5
2.2
3.64504
-0.0289
-4.2144
-1.4527
0.850356
2.74662
-0.967961
-1.13241
1.9105
-1.79636
-2.25723
-3.04
-0.1584
0.081552
-1.73867
2.11953
1.61
-1.940105
1.29076
1.05731
-1.0129
-0.662
-2.50873
1.43
1.903634
-1.92361
-1.2492
1.63256
-2.6136
4.949
-0.8654
-0.951
0.0181
1.17319
0.57337
-0.727
2.98
2.196725
1.4895
-0.698
3.01355
-2.73
0.141
-0.416
0.973556
0.0522
1.1331
4.21217
0.151461
3.38
-0.0411
1.26458
-1.490145
-3.10674
0.8495
1.2011
-0.33977
0.5105
-0.7158
1.117854
2.52461
-0.622595
-0.89757
-2.687
2.47
-2.901191
-0.6
0.1234
0.2707
6.84283
4.92645
1.6091
-0.3323
2.6927
1.1737
0.9024
-0.5724
-0.88705
3.1832
-0.81268
-0.271
-1.8849
1.54
2.3957
-0.000923
-0.4157
-0.42167
1.064581
-5.2687
1.5147
0.88938
-2.6873
0.630537
-2.90098
0.69785
-2.2758
-0.0968
0.665
-2.61252
-1.30952
-2.16258
-0.6977
-8.56443
-1.139186
-1.18
-2.86604
0.01321
-1.31043
-2.19423
-1.77175
6.36759
6.39679
1.57
-0.3326
-2.21878
-3.19544
-4.067928
-2.504093
0.63079
2.06
-0.97053
0.0368
-0.1723
-0.7035
-2.02726
0.28879
1.11
1.6206
-3.97199
-1.12
0.5526
-1.5067
-0.2565
3.2011
0.909972
3.62603
0.7778
-3.4386
2.0408
2.8124
-1.5039
0.68
0.7603
-2.8028
NA
-2.512105
1.3813
1.6501
-0.289
-0.5505
-2.5284
2.7326
-0.1361
2.78704
-0.56607
-1.4881
1.3955
0.0295
-1.5376
0.7458
1.17
-0.72712
1.12997
3.48316
2.686727
4.33
-1.9
0.7381
3.31473
-1.5134
0.49669
-4.44467
-0.8731
-1.72248
2.53147
-2.2659
-1.15
0.578124
2.5365
0.70758
1.50845
2.51
-1.1888
-2.2754
-0.1452
0.61067
-2.78811
0.19501
0.169
0.2854
0.72479
-1.66034
-1.006
-2.77943
-1.27
-1.75146
0.264
0.19601
-1.3126
0.0289
0.28947
-0.0897
2.1
0.186
1.9647
0.27722
-0.8274
0.81301
-2.02035
-1.502711
-0.64756
-3.57383
-0.4486
-1.182916
-1.86637
0.359566
1.02
-0.3048
1.66748
1.23152
-3.06
0.62236
-0.5248
-19.5
-3.5399
-0.416
-4.73864
0.460095
-2.92185
0.831
2.10975
-2.38898
-2.9664
2.9201
6.22
4.29
0.34423
-0.71126
3.42097
-1.76804
0.455
-0.48773
0.79585
1.023
0.6527
2.1211
-0.42775
4.3568
-0.7157
-1.28792
-1.6398
-1.19171
1.5486
1.6247
-4.07924
0.746
0.69083
-4.924859
1.43313
-2.577672
-1.2362
-3.7019
-1.5186
1.8395
-1.72674
-0.68425
1.3809
-0.71349
4.61736
2.38059
1.75699
1.19963
-0.4647
2.33
1.85
-1.85435
-0.7356
3.519
-3.01
1.45
2.84185
-0.47148
-0.52453
0.4949
0.7281
2.00721
-1.805881
-1.5698
0.24181
-0.96114
-5.7608
0.20641
0.980068
1.1951
0.653
-1.8626
-2.8152
-1.052
2.20566
0.557
1.720002
-0.109
1.81028
1.14053
0.1525
-0.39645
-1.23067
-0.3406
2.867
-0.90455
1.3196
0.3757
5.04941
NA
NA
0.39516
-2.300764
-0.731
3.78236
2.9157
0.65269
1.03099
0.03125
1.23682
-1.18549
-1.72815
-2.35
-0.3515
-2.155552
-0.2797
-1.58491
0.395606
1.75
-0.2495
0.9883
0.36992
-1.79
-0.81252
0.77
-0.6282
2.2881
-2.89
-1.63501
-0.18875
-0.75391
-0.394
3.5243
0.623076
1.146501
-1.1899
1.7742
1.57
-0.09796
1.89239
1.24385
2.0058
1.089026
-0.125572
-0.35343
0.4949
-1.04
-1.1027
-1.2
-1.17633
2.86536
0.2481
-4.0749
-3.58935
1.12808
0.84651
-0.4091
3.807811
2.958369
0.50281
0.59769
-1.68486
-2.3458
0.9707
0.83243
1.60339
1.3572
-1.57138
2.6367
-0.95074
2.21
0.8052
-1.6061
-2.3363
0.7888
0.03485
-2.26
-2.14699
2.74693
-0.501
1.806
-0.07646
0.28374
0.5713
1.2817
1.00455
0.148
1.19827
-0.4058
1.24
-0.90085
0.14
-1.83
0.7318
0.3257
0.590682
-3.3276
-2.10096
1.50297
0.71
2.7
-2.62
-0.552
0.8
0.0595
-2.832486
0.57901
0.34097
1.47774
-1.61152
0.87001
1.4248
0.07834
-2.129818
2.115176
3.3505
5.5927
4.65124
9.86
-0.1844
-0.996775
0.23947
-0.956693
0.870621
0.474912
2.2076
1.828859
-0.569552
0.698482
-16.38664
0.49679
-1.080281
1.36379
0.481095
-0.71843
-13.91611
-2.29885
-3.4354
-0.393684
-14.97706
0.81705
-0.99273
-5.57
-1.82912
0.49324
1.844479
-0.70146
-2.94489
-0.3881
-1.24186
1.004023
-11.7
0.98001
0.26284
4.55
-2.201075
-3.10876
-4.22753
2.14655
-1.726
0.4588
1.8385
1.62118
0.56422
1.24676
-2.5059
-0.7654
1.11628
-0.1224
5.13
-0.275992
-1.76062
-1.18652
0.01903
-0.50176
0.66942
-0.08855
1.82849
2.4659
2.306
-1.29
1.31027
6.65641
0.8214
4.289728
-0.56255
1.2
-0.172
-1.07
1.04
-3.52154
0.893872
-0.503
0.61864
7.51708
-1.2181
5.462299
-0.2416
-0.105101
0.937674
-1.512459
0.485312
-0.829065
1.7271
-3.1288
-0.2487
-0.4826
1.6612
-0.0802
1.9208
-3.5185
0.6826
-1.009289
1.02616
1.40816
0.85399
0.1996
-0.50451
1.15556
3.1587
-1.1667
-2.6137
1.29177
-2.44161
-1.85113
0.61307
-1.3593
0.65583
5.26702
2.52
-0.10016
-1.996113
-0.646234
NA
-1.162457
NA
NA
0.47589
1.15927
2.27267
3.6517
0.42443
-3.21027
4.44548
-0.81984
1.3555
1.47962
2.29632
-1.23835
-1.1135
0.15139
2.96679
-1.39683
2.97
-0.109
0.154
-1.78
-2.49
1.40742
0.61353
1.637774
-1.24654
-1.11791
5.3246
-0.162
-1.0822
1.1073
1.3091
2.4497
0.0431
-0.3976
2.155
4.2341
4.0893
4.4023
0.5461
1.2138
-7.9957
-2.5084
-0.4241
-0.3657
-1.5729
-0.4422
0.2847
2.0306
1.2672
-0.1129
0.132
1.4086
-0.5289
-1.2046
-9.4855
-1.8066
0.1417
-6.803
0.0983
-2.4231
1.1822
-0.797
2.7966
1.681
-1.1484
0.93
-0.2569
0.2928
4.198
1.4624
-0.2689
-1.4809
-1.5981
-2.1138
2.6571
0.5901
2.7437
-0.5455
0.2179
0.7065
-2.1155
-0.8406
0.8176
-2.4019
2.5079
-0.1742
-2.744
-2.8391
-0.0966
-0.4454
-1.5085
-3.3792
3.9232
12.1659
-6.8732
3.3508
4.8306
-3.1214
1.6825
1.673492
-1.160366
0.00436
-4.308382
-0.057237
-0.1174
-0.0988
-1.188817
0.074508
0.208913
-0.224803
2.011474
-0.193275
0.0119
-0.1016
0.422521
-5.582199
-0.669303
-1.325684
11.439849
1.502546
-1.099882
-0.258487
-0.627807
-4.344762
-0.708675
0.762128
2.108905
-2.916464
-1.6276
1
1.143344
0.230251
-0.067985
-2.834128
-0.4189
-3.641422
-1.849779
4.388666
4.0829
-1.366471
-0.431791
-0.240865
0.993823
0.264558
1.882193
-1.239079
-1.000111
-2.053864
0.232893
0.492441
0.340014
1.952099
-2.065811
-1.068552
-0.505986
1.25139
1.050367
0.2225
-1.81965
0.410438
1.563187
-1.820222
-2.089143
2.252219
0.920219
1.958078
-1.431489
2.955368
-0.775983
1.192351
-1.4281
-3.538018
0.098735
1.329675
-1.885382
-2.664024
1.750262
1.965594
-3.605023
0.956995
-1.8467
0.239747
-1.854265
0.268037
5.153277
0.703437
-2.654499
2.3388
0.816003
0.077047
0.607937
-0.147587
2.229795
1.301846
-0.0622
1.2725
-0.3612
2.5051
0.9221
-0.9356
0.0743
-0.6888
5.8274
0.2507
0.0518
0.91499
0.5837
-0.8084
0.2932
-0.6435
-1.6172
3.4486
-0.6001
0.1756
-1.9215
0.2183
1.2419
0.3983
-0.296
-8.5
-1.83
4.51
-2.77
0.33
1.52
2.6
0.429
0.719
2.28
-0.841
-1.35
4.55
-5.28
1.43
1.54
0.353
0.0736
-0.93
0.225
1.05
1.96
-0.425
1.77
4.5
-0.88
-3.07
1.23
1.37
-1.35
-2.63
-0.981
-0.424
-1.68
0.174
-0.325
-0.96
0.0748
2.21
0.649
-0.72
-0.592
1.12
-0.737
-4.1
-0.481
-2.89
1.99
-9.13
0.428
0.479
-2.69
1.105
-1.1555
-9.282
1.7499
-1.2275
-1.0959
1.1256
-3.7069
0.2847
-0.6435
-1.9997
-1.2149
-0.7824
-3.2359
0.6554
4.4178
2.9651
-4.6552
1.4191
0.723
-0.71168
1.153
0.12727
0.59498
-1.37532
-1.08629
-2.16059
-0.55404
0.26002
0.40617
-1.77777
-0.36012
1.78316
-0.27521
3.67451
1.24365
0.45014
0.52731
0.57141
2.31439
1.73023
-2.36558
-0.07937
-2.74875
0.59157
-0.8467
2.42134
-0.66486
-0.02986
-0.69469
3.2805
0.60951
-1.88
2.5555
0.85548
0.12883
0.6464
1.43186
0.80227
-0.8868
4.273
-1.7737
-0.9536
1.18622
4.31782
-0.10667
-1.29105
1.0483
1.75326
0.50247
1.0036
-0.92947
-1.46792
-2.6028
0.78345
0.38679
-0.62131
-1.04823
1.73962
-2.01044
-0.30246
-0.16983
-4.82006
-0.68741
-2.0483
1.87087
-1.98314
-0.51475
-1.03055
-1.90496
-1.62785
-1.36156
2.80113
-1.55164
1.56272
-1.00172
0.97905
-5.96767
-1.29845
-2.29436
0.47457
0.69396
-1.55319
4.14452
0.46638
4.55781
-0.8999
0.33194
-0.02144
0.5107
-1.1765
-0.36053
1.27642
1.23635
-0.64477
0.58184
1.17126
-0.43443
-5.82672
-5.1496
3.16051
1.88922
-1.3829
2.11052
0.5657
-0.0089
0.63343
-2.96165
3.51244
-0.01002
-0.18264
2.03751
0.196
-1.11773
-3.34624
6.90383
1.32121
0.2797
0.55919
-1.57709
1.62615
0.41081
0.69846
-1.29547
0.95408
-1.06478
-0.826
-0.67188
1.74688
-2.58245
-1.06009
-4.75817
-0.83513
-3.39921
-0.4072
0.08847
-0.60439
-4.49716
-2.38897
-2.85526
2.38511
0.25157
-0.25868
0.52487
0.83186
1.2983
0.19412
5.23513
1.19006
-1.20017
-3.5883
-1.6517
0.38065
1.55505
-0.65605
-0.80375
-0.09856
-0.17826
3.88624
1.99287
-0.56418
-1.07383
3.34278
-1.78294
2.01358
-0.2108
-0.533
1.561
0.00884
0.27829
0.96698
0.0459
-1.67929
-1.89279
-0.07913
2.3059
-1.38779
0.40304
3.03318
0.25022
2.77051
-0.01394
-0.26565
-0.2703
2.42407
0.99211
-0.6026
0.88537
-1.16227
-0.92142
-1.01324
0.23103
-1.31611
-1.53015
1.79369
-1.89226
1.80919
0.15853
-1.06131
-0.0544
0.45597
-2.24333
0.27654
2.16391
1.17629
0.47163
-1.91032
-1.44605
-0.67998
7.09087
-0.18219
-2.87206
1.35503
2.61827
-1.5458
-0.82036
1.99382
0.87837
-1.0519
-1.0364
-3.2818
-2.03711
-2.6272
0.0719
1.00921
0.32873
1.05347
-1.2
0.262
0.186
1.52
5.9
0.966
8.25
2.66
3.01
-0.219
2.81
6.52
4.86
3.8
0.0751
2.31
1.08
-2.48
-0.725
-0.0991
1.29
-3.05
-6.22
-0.182
2.85
-6.18
-1.15
0.0165
-3.27
-1.82
-1.77
2.9
2.32
1.22
-0.851
-0.0603
0.113
-1.36
4.09
-2.91
4.53
4.56
3.08
-2.39
2.07
1.22
-2.06
0.631
4.53
-0.586
-3.14
2.03
-0.533
-2.71
1.07
-3.87
-1.28
-1.08
0.898
0.327
-0.174
-0.0435
0.245415
-1.371433
-2.007394
2.599465
-2.655363
-0.907159
0.651215
-1.224367
-1.307137
-1.095779
1.7092
2.638075
1.315635
2.204001
-0.9577
-0.523016
2.122494
1.386154
1.354498
-0.553099
-1.096762
-1.276081
0.456151
0.57034
0.40311
-0.3502
-0.21129
-1.58349
-0.42655
-1.03095
-0.10185
2.41937
0.286
2.69772
-0.01936
-0.43763
-3.5339
-0.75691
-1.01478
-2.02612
0.7249
-0.79522
1.69955
-0.79818
-1.0212
2.1206
0.32398
0.08725
0.39467
1.32511
-2.6662
-1.34659
1.21781
-1.58856
-1.93359
0.68418
1.47236
2.9807
-0.29894
-2.65961
2.02551
0.04112
-1.00807
-1.85695
3.14551
2.00366
1.40918
-3.77159
-1.5308
0.97239
-2.07457
-1.80987
2.45176
2.9021
2.57296
-5.0367
0.035
1.29073
-20.66264
22.96118
-6.70158
-1.85733
2.72924
9.34639
-0.35113
0.14959
-1.61814
0.57355
-1.088
2.1215
3.29044
1.23612
0.47256
2.92389
-1.34524
-0.26891
-0.58557
-0.10049
-0.69761
-0.4513
0.8741
-2.89482
-1.22702
1.562
-0.8821
0.75957
1.39531
-0.89763
-2.06097
-3.85107
-0.31602
-0.24446
0.30237
1.6652
0.987652
-1.589209
0.572221
0.119235
2.639616
-3.533153
-1.877399
0.067896
2.651308
1.661191
-0.2057
-1.716
-4.880057
-0.461112
1.406446
-3.392758
-0.793668
-0.203296
0.365398
0.451469
0.130889
-0.768043
-1.867185
-3.245022
0.266629
-0.957136
NA
1.873132
NA
1.438722
0.898284
9.7672
NA
4.03837
1.109339
0.8446
1.0988
NA
-0.3194
4.82294
-1.156142
3.848199
-0.583371
1.956188
1.052738
0.2235
1.929424
-0.352324
-2.11823
NA
1.96728
-0.969599
-0.057591
-0.928
-2.22
-1.58
-0.231
0.173
0.279
-6.45
-0.453
0.372
0.488
2.35
0.647
0.431
0.102
-0.363
-1.1
1.19
0.182
0.811
-1.46
-2.61
0.86
2
-1.15
-2.07
0.315
1.71
-0.324
-0.251
1.28
19.2
-2.48
-5.36
1.68
2.25
2.02
1.88
1.81
-1.21
-0.484
3.56
-4.7462
-1.75632
-1.09715
-2.09512
-0.4787
0.69612
-0.6601
1.39663
0.30947
-0.43374
0.1123
-10.58537
0.16986
7.06837
-2.23533
-2.77152
2.77079
1.1638
0.2583
-0.56474
-1.62615
-1.45408
-3.0034
0.9689
0.30718
0.11912
4.31249
-0.20256
0.1205
-1.30319
-0.1287
0.73776
3.70908
-2.45799
-2.70129
-2.7323
-0.10311
1.1005
6.18695
0.90334
1.78014
0.66166
2.00471
0.35981
0.61368
2.07499
0.88684
0.388
-3.27422
2.55417
-2.85684
-0.16091
1.56945
-2.75526
-4.27481
-2.07395
2.04998
2.90633
0.57548
3.96648
-0.77033
-0.248
-1.08134
-0.14641
5.10181
2.16467
-1.17834
-1.56449
-2.10026
-0.5491
-0.7118
-2.7367
3.89345
-4.65348
-4.46773
2.42806
4.8756
2.45716
-3.76916
0.7764
-2.30993
-2.02089
0.16895
-4.08373
-0.91119
-1.0276
-0.79254
-4.33226
-18.21543
20.22081
0.4442
1.55103
-2.33936
-0.05716
0.21057
-0.25438
-2.9716
0.31728
-0.357
1.3146
-0.38293
-0.56847
-2.00845
2.92021
-2.6043
1.83971
0.68834
-2.10915
1.5574
-0.42666
-0.92888
-0.56455
-2.2423
0.75072
2.98449
-3.59493
-0.15336
0.3979
1.9399
-1.0717
0.6016
-0.8718
-0.816
0.8513
2.2023
1.8804
-3.3481
1.1408
1.2894
1.9107
-4.7165
-0.0953
2.93
-0.4571
-0.3324
1.7002
2.3511
0.1878
-3.4568
0.8376
2.1114
-0.8835
-3.9627
1.6712
-2.3108
2.0037
0.5529
-0.2353
-0.601
-2.3086
1.8047
-0.3783
-0.9765
-0.0972
0.4519
-0.383
-2.1234
0.6373
-0.1745
0.9072
-2.0841
-1.0505
-1.8971
-2.1669
2.2496
0.1855
1.067
-1.6815
0.3302
1.2647
1.7198
0.7632
1.4978
-3.3128
1.3177
-1.7087
0.9615
-0.7493
-2.1695
1.7996
-0.5218
7.213
-5.0172
-3.5805
4.4728
1.7199
-0.5999
-3.2862
4.1495
-9.9596
9.7177
-2.1461
-0.5721
0.5657
-5.2111
-2.5186
1.0559
-2.4843
1.6684
-3.0797
0.7441
2.0718
-2.4487
2.6545
-1.29309
-0.41242
0.10458
-1.00201
0.24181
-4.90928
2.5701
10.56432
3.71298
-4.239
0.4266
-0.22877
4.189
0.12377
-3.87179
0.345
1.5335
0.085792
1.805148
-1.36568
-0.413357
-0.533
-1.2453
-1.71666
0.692
-4.366922
6.136519
-2.225266
-1.6402
0.482839
0.130602
1.82524
-0.31716
1.1
1.7614
0.11301
-0.23462
-1.4775
1.64804
-0.16214
-4.01772
-1.7246
-3.59838
-1.92622
0.12244
-1.24777
-0.35986
2.71181
-2.18851
-1.37507
1.44085
-1.6089
0.86291
0.87899
-2.59101
-1.685159
4.953328
-2.294296
-0.901363
1.129151
-2.871296
-1.060799
0.797405
-1.754571
-1.142992
1.739554
-0.552318
-1.620729
3.854879
-0.800518
1.437811
0.185565
-1.61659
-2.66336
0.11832
1.06972
-0.79187
1.13414
0.93134
0.549439
3.17095
4.23823
-2.36759
-0.35344
-1.76901
0.6632
1.54105
-11.1
-0.22
-1.05
1.9041
5.95024
0.92283
-0.241617
1.329729
-1.25
-6.39
-0.0548
1.16
-0.764
0.1102
-2.9558
1.9703
2.278523
-2.166787
-0.398156
0.861083
1.29342
0.4727
1.89901
1.2439
0.00432
-1.31344
2.90569
-0.3047
-0.0936
0.5263
1.2589
1.8611
0.8983
8.9577
1.3981
0.92
3.47
5.22
-0.25609
-1.32859
0.16292
0.74925
1.71539
0.3138
0.74571
-2.44199
-2.2836
1.41902
0.9768
1.33653
0.61935
-0.331
0.458
2.33
-0.0388
1.24
0.5054
0.5889
-1.90808
-0.8371
-1.57172
3.46407
-2.78046
-1.04002
1.8251
-1.5758
-0.135
1.0911
-1.4213
0.13593
-0.92525
0.62851
-2.33438
1.4838
0.1134
-1.9968
0.5762
5.13833
-1.07223
1.28655
-1.226998
2.9008
2.0034
-0.7584
-0.197
-0.6038
5.8082
-1.96
2.6197
0.7826
-0.1841
-0.94838
0.7179
1.5088
2.07
-0.050772
-0.53124
-1.52194
-0.4704
-0.42412
-3.86
-0.0256
2.53
-0.0956
-0.3153
1.3862
2.6076
-1.81374
0.43596
0.56347
3.27148
2.14513
-0.93488
0.63951
0.75992
-0.54262
1.13468
0.46559
0.76832
1.98227
3.92748
-0.11034
-1.31706
1.88087
-1.9164
-1.87009
-0.06504
0.36795
-0.7028
-1.67536
-3.36935
-2.22315
6.2642
1.4191
1.3001
0.688
1.13106
1.45836
-3.41951
-1.17658
-1.16458
-1.32259
-1.60706
1.146256
-0.698966
-0.319187
-0.977879
2.51705
0.23212
-1.07154
1.4513
0.249
1.2639
0.836
-0.107026
0.013209
-3.10476
-3.58032
-1.52461
0.30915
1.31451
-1.58
-1.218415
-0.257118
-0.000455
-1.129266
-0.803951
0.204283
-0.110885
0.366856
-0.368255
-1.913058
-3.120321
0.624994
-1.530691
-1.497281
0.111347
1.08
0.93676
5.04818
-3.24916
-0.0396
-1.0873
0.062753
0.0334
-0.93755
-2.530117
NA
-0.56196
NA
NA
0.961234
NA
NA
1.068805
2.629487
NA
-0.864396
1.225617
NA
3.015004
NA
-0.274102
NA
1.476972
-2.265978
-1.227298
0.091198
0.37534
0.6606
0.259089
-1.194262
0.065649
-1.999959
-0.63028
-1.744999
3.3868
7.0596
-0.40765
-0.5949
0.237
1.53
0.224
-1.76
-2.0062
0.00427
2.553664
1.773774
-0.326
-1.55
-1.68
0.899
1.64
0.464
-1.8941
-1.3213
-0.15687
-4.0096
0.588911
1.4799
0.0225
0.31925
1.68147
2.87383
-0.13805
3.2723
0.0549
1.29492
4.58398
2.5989
-9.64948
-0.51891
-0.55266
0.029742
-2.684515
-0.839699
1.032999
-5.40148
-1.379989
0.429917
0.029661
-1.457942
-1.383565
0.867007
0.747993
1.213141
1.5702
5.675
0.567001
2.6864
-0.205902
-2.4206
2.418163
3.783107
-0.2799
2.1413
2.7057
-0.5884
-1.54165
0.65979
2.07388
0.03606
-0.2079
-2.86
1.01
1.17442
-0.68175
2.17927
1.63494
0.41015
-3.07521
-2.25
3.2
-2.5
1.8622
1.66859
0.586506
7.936649
1.985316
-2.545396
1.85
-0.1566
0.86237
2.84
1.2369
-0.36044
-1.83
-1.45339
-0.93766
-0.48539
1.05335
-1.68003
2.3942
1.433
-0.47558
-1.37488
0.251449
-1.908903
0.9517
-1.2408
-1.1123
-0.2705
-0.95459
2.96
1.51706
1.05078
-0.798
-3.08
-0.0317
0.40262
-2.49716
-1.0061
0.9882
-1.0301
4.58507
-3.99402
3.16606
7.01156
2.18493
3.50662
-0.41803
-0.77615
5.64841
0.639958
-2.273768
1.2458
-1.1162
-0.5858
-7.369
-0.2605
1.5823
-1.1651
6.575
0.1323
-1.1914
0.9729
-1.1694
0.7998
-1.24407
-0.09053
1.0583
4.17685
1.08675
-0.71354
2.74903
-3.28073
1.78213
-1.84303
1.69084
0.2946
0.0892
1.65397
-2.05573
0.24448
-0.5534
-0.4112
-0.7686
-0.4915
3.0203
1.0661
0.986
-0.148
1.7892
1.2133
-1.2589
-0.6596
-0.5435
1.99891
-2.72968
-0.9761
0.9007
-0.526179
1.78
-1.82
-3.2
-2.82
3.55
0.21644
-1.06724
1.6684
1.820472
-0.397952
-0.0022
-0.473245
-0.000221
2.100782
0.083778
-0.498349
-0.165
-0.567
1.33
2.78
1.02
-1.21
-3.32
-0.26925
-0.03622
1.03
0.927
-1.51274
0.903
-1.3321
4.4
-0.609843
2.303233
-0.6357
1.22049
-3.5973
1.10538
-4.35877
-1.58674
2.16448
0.33408
1.12617
1.4085
-0.971979
-0.785085
-1.0078
-3.629005
-0.467308
2.413
1.45007
-0.21418
0.34912
-0.3393
0.50817
-0.94781
-0.15082
0.3935
0.82206
-0.7384
0.36378
-0.6125
0.22542
-3.05
1.67805
-1.422741
3.3271
1.256298
-0.92448
-1.63735
-1.6928
-0.50765
2.65
-3.29533
5.2564
0.4226
-1.5358
-5.4697
-1.47029
1.85206
-1.5587
0.52503
0.4954
-0.26611
-0.52227
0.9404
2.13
-3.4397
5.6877
0.0513
-1.37406
-1.026063
-0.718658
-1.79458
2.482393
-0.38942
1.01679
3.577221
-0.206528
0.925
-1.16
-1.636449
-3.9166
1.74798
-0.1582
1.93931
-3.0572
0.45206
28.7
-2.53
2.4
3.78
3.16
-1.78131
1.1738
-1.28933
-1.33907
0.9203
2.21438
-0.5074
0.941
-0.146
-0.485
-0.6533
-1.7569
-2.05967
-0.2288
0.10931
0.082801
0.1903
1.39339
-1.87631
1.34
-0.26
0.21989
-0.11543
-0.90509
3.45201
-1.89116
0.82257
2.75833
1.2
-4.55
-0.010719
1.357106
-0.51018
1.48471
-5.07381
-4.44
-5.84
NA
-0.879
0.79498
-0.197
-2.87
-3.13
-2.75
-2.8
1.386727
-1.278909
-1.930194
4.106601
-1.1782
1.6698
-1.8654
2.40382
-1.62767
-1.0949
0.5523
-0.779677
-2.675805
-0.810822
1.54675
-0.292229
-0.947
0.826
-0.451
-0.7093
-2.4899
-4.693
-2.4245
-2.33
-2.0147
-0.6485
-1.787
0.7765
5.3
-0.643
2.0155
0.0766
0.6567
1.6531
-0.8961
1.5809
-0.2643
-1.3638
-1.98
-0.5045
1.54108
-0.93819
0.4616
0.1983
-1.2109
-1.4747
-3.3875
-0.468
1.3202
4.66567
-0.1769
-1.57046
-0.88034
0.54839
0.39962
0.126
-3.11
-2.17209
0.65499
-0.76167
2.9987
0.8692
-0.83204
-1.6
-0.8524
2.5358
1.78539
0.240825
0.770155
1.05423
-0.8436
0.81994
0.424
0.245
0.50273
2.7753
0.2864
1.5042
1.5832
2.0601
0.5895
-0.9972
-1.6517
1.8697
-0.8775
-0.2482
0.3621
1.1371
1.7467
-0.7872
-0.387
-2.5168
0.9649
-2.7536
-0.3681
-0.0984
0.53967
-2.69374
-1.57757
-2.20087
1.1431
-1.07
1.1682
1.3423
1.05818
-8.20881
0.31462
1.2417
-1.87701
-0.49463
1.21282
0.3757
-0.6747
-1.4142
-0.2387
0.3211
-0.832
-0.3347
0.5959
-1.87659
0.83951
-3.10711
-6.3167
-7.201
-0.543677
-0.111305
1.2202
2.0194
11.5608
-0.3712
-1.2298
-1.3758
0.38078
-17.1
-0.27745
0.28999
-1.15502
-1.00002
0.56399
3.47405
-0.82
-1.48
-5.59709
-1.58217
0.41495
4.6374
-0.98608
1.79649
-0.16494
1.55191
0.69956
2.248357
-2.555697
2.697161
0.027572
5.793003
1.043145
1.10665
-0.11135
-1.22095
-1.49697
0.31498
2.04765
-0.48785
1.15471
0.08572
-1.97732
-0.63372
0.64212
-1.48475
0.49711
3.779126
0.143992
-4.697664
-0.5879
6.507892
2.0534
-0.16042
0.22898
0.687
1.88
-2.47
6.26
-7.42
3.721
0.6066
1.3386
0.4423
0.2526
1.1935
-0.7007
0.8506
2.0594
-2.2377
0.02369
-0.81437
2.71944
0.71375
0.08947
1.94696
0.59988
2.9593
-1.28861
17.85388
1.86998
2.6582
-2.4303
-0.2687
0.54049
0.08963
0.61331
1.04422
1.19639
-0.00329
-1.3561
-0.5195
-0.4715
1.0929
1.2224
-1.8026
-1.4845
-0.122
0.0761
0.6096
2.6445
1.3451
2.7406
1.3118
2.27658
-1.58994
-0.14963
0.11719
0.22428
2.04573
-0.46567
6.63395
-0.31201
-3.01823
-0.0806
-4.5158
-0.7014
-0.7669
-3.83
-0.715
-0.208
-1.04
-0.804
0.33345
0.0922
1.6834
0.4811
2.8596
1.57684
-0.97425
0.1978
-0.58671
0.73175
0.13635
0.63853
-1.23923
2.48521
-2.13274
0.15487
3.02682
-2.60673
1.2035
1.67115
-0.06294
0.90244
-1.76104
0.79759
1.59056
2.95278
-2.50636
-0.32814
5.137
3.02379
-1.16714
-3.08406
-1.33455
0.35338
-0.57691
-0.58864
-1.88825
-1.8574
0.97391
-0.76171
-0.5323
-0.4326
0.312
0.8618
1.48
-0.785419
NA
2.699596
1.102501
-0.540619
1.043603
0.431407
-0.2864
-1.310221
NA
NA
NA
NA
NA
NA
-0.9375
0.064
-2.044899
-1.676799
-1.64246
-1.4569
1.1007
1.74129
-2.13857
0.18846
-1.80009
-0.52963
1.58134
2.13194
-0.443316
0.3156
1.91295
0.87707
-0.07301
4.31078
-0.82356
0.09847
-1.311
-1.51826
1.20644
4.4288
-0.5981
-0.0244
0.1588
-6.0641
-4.4131
-1.7025
2.2688
5.2453
-2.4315
-3.474
-0.4841
1.0486
-1.89
5.2584
-1.4848
-0.852
-1.2906
0.9814
-1.1447
0.0469
-1.6535
1.9679
0.73919
-0.6583
4.05809
2.54159
-2.34561
0.31939
-2.4425
-2.04982
-1.24636
4.54374
0.87366
-2.21513
-1.35315
0.374
-1.62135
1.05014
-3.32763
1.65047
-0.13552
1.16605
1.94553
-1.3663
-3.12121
-0.93258
0.69077
-1.557
1.51478
0.52817
-0.3821
-1.29284
3.50599
-0.03855
-1.08499
1.0831
1.46876
-1.85598
-1.5832
-6.93222
-2.62124
-1.8245
1.9068
-0.218
0.3603
-1.2876
1.3716
-0.442101
-0.188072
0.468741
1.178257
1.00709
-0.288682
0.146627
1.046069
-0.101315
0.651419
-1.662401
1.238951
-2.963651
0.3146
-3.057333
-1.124269
-0.686014
0.904
-0.6644
-0.5504
-0.80725
1.61449
-0.18968
1.84821
-0.65246
2.35479
0.47887
1.39808
-3.16813
0.7049
-2.49559
2.1097
-1.33996
0.94234
1.1164
0.8336
0.0127
-2.443
-1.18927
1.72174
-5.77304
1.1914
0.2968
-0.2023
-0.1564
-10.32752
4.21285
2.40954
-4.66911
-1.45766
-2.1094
-1.243
-0.2448
1.8886
-1.309
3.46307
-3.90859
-2.09294
-1.721
-0.2172
2.3526
-0.4644
4.58211
2.3638
-0.5209
-0.017
-5.148649
-1.327764
1.055077
-2.890479
-0.699877
7.159205
1.088157
-1.619303
-1.225808
-1.5252
0.7285
-3.391252
1.8341
0.5563
-6.7052
-0.444
-0.7864
-0.2462
1.5469
0.1466
-2.3819
2.8453
-0.1798
0.922
0.7957
NA
4.5461
-2.0265
-1.9963
-1.7535
-1.7165
2.8276
1.397
-0.8101
-0.9743
0.5429
-1.3505
-2.2769
-2.8231
-2.1911
-1.2459
0.8987
-0.5639
2.52
-0.832
-2.49
0.336
1.54
-0.554
-0.472
1.18
0.604
0.761
-1.75
1.45
4.53
0.178
0.147
0.495
2.4
-0.00961
-1.58
-0.117
-3.25
-0.371
0.402
-3.87
4.11
-2.93
2.23
-0.441
2.73
-3.18
1.75
-3.14
1.69
-0.635
-0.1727
-0.3092
2.3161
-1.8353
0.1526
-1.5199
0.8398
-3.7846
0.9076
0.325
-2.09
1.79
-1.5
-0.948
-2.49
-0.943
-2.48
2.23
-1.88
0.118
0.738
0.511
5.6212
5.8521
-1.3533
-4.67
-2.18
-2.0385
-0.09255
-0.3545
-0.50266
-0.2992
2.08756
-1.9961
-0.55294
-2.78854
-0.8418
0.2679
-0.01978
3.50723
1.0814
2.4321
-0.7845
1.2477
0.0211
-0.8333
-1.1167
-0.97645
1.41752
0.87933
-2.1049
-3.5
-0.91852
1.75319
1.7731
1.78
-3.50338
4.21572
-0.3254
0.34522
4.4387
-0.0304
0.321
1.8197
0.835
2.1351
0.2875
-3.6099
1.6076
1.9472
-0.7322
0.66
-0.3294
-0.1651
0.9919
-0.5033
-3.8632
1.6158
-0.6146
-0.7121
1.0896
-0.0706
-0.7761
1.9217
-1.6365
0.1089
-2.3729
-1.6851
0.5941
0.0121
2.4362
-1.3341
1.1896
0.7863
-0.924
1.1223
1.9769
-0.1985
1.3038
1.0625
-2.2094
-0.0638
0.6424
-10.5837
-0.8167
-0.3523
0.7305
0.2041
-1.7765
1.9455
-0.1561
3.5558
-0.6339
9.7728
-5.6463
2.926
-0.0916
0.6844
-0.6666
-1.219
-0.7151
-0.5354
0.8944
-0.8837
1.1312
-2.3819
0.6771
1.7033
2.6188
0.8855
-2.5647
-2.4936
-0.7587
0.9649
0.7187
1.5811
-1.8604
1.884
-2.8969
1.0985
-1.1952
-2.8865
-1.7919
1.6182
3.7872
-2.9825
1.4144
-0.2328
0.45737
-1.96198
1.49261
0.67115
-0.78832
-3.17231
1.4762
0.51183
1.11626
-1.29163
-0.74403
-1.66676
1.55875
1.60037
0.86612
2.4538
-0.10801
2.15995
1.36374
-0.42547
-0.13436
0.05756
5.177
0.51974
-1.96105
1.4338
-0.91346
0.21273
1.01513
-2.53765
1.5736
-1.87185
-0.77921
-2.97104
-0.00303
2.23423
-2.14058
1.20833
4.55756
1.3827
0.21191
1.64383
1.83801
0.51884
0.71465
-0.05676
-0.75986
0.56418
-1.73869
0.1366
2.3448
-0.92405
-0.16193
1.0467
1.52968
-0.0492
0.65943
-0.53448
2.2908
3.4112
-1.03171
2.02622
-2.48956
1.64404
0.68616
-0.83504
-0.4871
-2.98551
-0.43767
-0.23778
1.21562
-6.13989
-3.52328
-6.95163
2.27254
-9.3151
1.85864
-1.9694
-0.58793
0.798136
1.940997
-1.924741
2.646322
0.20369
-0.584396
1.374444
-0.639837
-0.167075
-0.681996
0.886004
0.23252
5.185576
-0.814673
-2.762411
-0.477111
-0.717
3.4
0.0538
-1.74
-0.0851
-2.47
-0.269
0.293
-0.667
-4.41
14.7
4.18
-0.664
-0.957
2.74
4.45
-0.794
-0.237
-0.632
NA
1.152068
0.9157
NA
2.15
1.6
NA
NA
1.55
0.75
-1.22
-2.77
-1.630776
0.212
NA
1.367936
0.909591
-0.897897
1.468524
-2.590222
-0.666606
-1.049241
-2.833904
-1.526861
1.278085
0.091723
-0.460063
0.781554
-0.224533
-0.681103
-0.287
-0.686033
0.743675
-1.407441
0.10917
-1.717821
1.537361
0.467869
1.1286
-2.196
0.914088
-0.922826
-0.44917
4.6542
0.43633
-0.4601
0.2523
-0.23011
0.1064
2.18296
3.64555
-0.36296
-1.6113
4.54905
-0.75456
-1.63778
1.15885
-0.2408
0.0897
-0.80122
-0.01187
0.07915
-0.25141
3.29326
0.34985
-2.4123
0.66027
2.68037
2.35229
-0.30095
0.992
0.02023
0.04911
-0.66219
0.8295
1.81733
-1.31309
3.32828
-1.10266
-3.24406
0.58073
0.27711
0.45206
0.82615
2.22455
0.4017
1.22956
0.4861
0.44456
-2.20241
-2.07221
-2.03278
-0.72849
0.57984
2.30935
0.64
-0.17445
-2.10932
-0.85533
-0.28826
0.75966
0.6908
-7.3973
0.9497
0.86521
-0.65398
0.06017
-0.78558
-0.49447
-2.20767
0.59718
0.17297
0.55498
0.96385
3.2767
2.41781
-5.91502
-1.6003
-1.68395
-0.02117
-1.91368
0.70561
1.00138
-2.60786
2.50103
-1.8719
4.58026
-0.62425
0.84695
0.94344
-1.7335
-0.36178
-4.4716
-1.27046
1.53084
-0.45653
-0.8709
1.29691
2.72259
-0.26236
-2.0235
-4.58821
0.48096
0.40476
-0.074599
3.66894
-7.26429
1.97581
1.89173
1.58918
0.2018
-0.3875
-0.45373
1.05218
0.573
-1.2986
0.89241
2.287246
1.815397
-1.455312
0.619803
-1.147632
-0.50481
1.52025
1.92393
1.85632
-1.12433
-6.87
1.07
-6.87
9.56
11.6
-0.158
-0.08146
-1.3382
-2.82527
0.121
0.53392
-0.57814
5.15729
-2.0485
-0.3099
0.218419
-1.40934
1.55202
-0.69889
1.903
-1.2449
0.95266
0.28782
0.00305
0.4148
-3.6256
0.88382
-0.20726
2.673251
-4.40565
-0.00233
-0.228122
-5.32
1.33753
-0.165583
1.67491
3.03256
1.02848
-1.9864
-1.12161
0.7972
1.21677
5.979345
-2.51039
-0.11982
0.56289
2.41657
1.2793
3.62
-2.600995
1.707424
-0.994504
0.995882
-0.40695
0.145904
-1.5266
0.1762
0.94241
-0.68179
0.52729
0.44158
-0.74998
-0.17113
1.46415
0.19361
-1.46711
-1.831
-0.88617
0.23603
0.341528
-0.6258
-0.1984
-1.504144
-0.092734
-2.846477
-4.39
1.38485
2.328314
-3.967718
1.56554
0.84778
-1.7516
-0.34505
4.42342
0.95891
1.4625
1.32888
0.4387
0.96095
5.23591
-0.7124
0.94866
-0.4117
3.19
-0.198
-2.12
3.304
0.57127
0.000476
-1.24
-0.94065
-1.98349
0.5578
0.40824
0.69747
-1.57785
6.19798
0.14646
-1.4401
0.5539
-0.29067
1.51
-1.844371
0.223
0.38032
2.03659
-1.1756
-1.0702
0.701
5.40617
-2.83547
0.19206
-5.427958
0.4476
-0.727
-0.19885
-0.613
-0.47562
1.022
0.792194
-2.09
0.196
0.000617
0.767
-3.01
-1.03
1.68967
1.732068
2.1076
0.08186
1.51905
-0.75453
-0.072703
-0.665242
-0.0127
1.0496
3.2364
1.0348
-5.31
-2.348
2.38573
-1.0532
0.5773
2.615251
1.31908
-0.306
0.699
1.15549
2.33
2.19551
-0.68266
0.1256
-0.1248
0.70193
-1.4809
-0.3833
0.0203
-1.323218
-1.80252
-1.48
-1.44
0.46781
-0.541
-1.3567
0.296
-1.9814
-1.07
-0.969
1.04
0.082029
0.4388
-5.91228
0.00427
-1.5084
-0.01252
-2.515
0.4917
-0.3597
1.0008
-2.99447
-2.7636
0.4114
2.5327
-3.44095
-0.48523
1.74
-4.03912
-1.402
1.1
-0.859
-0.0956
0.57181
-0.36035
0.00921
-1.95
0.23263
-3.740066
0.09288
0.86084
1.325799
-1.5116
-3.17495
-2.26485
1.526701
0.0551
0.699
2.32
-0.1545
-2.06
0.47818
-0.285126
1.48
-0.82687
-2.08
-2.1
-1.35
0.87522
2.2472
-0.60008
-1.42965
0.62298
0.842
-2.5745
1.75
-0.85728
3.9067
2.27454
1.15728
1.13158
-2.37284
-0.92012
2.3864
-0.64635
-1.6242
0.067421
-3.27021
-2.7795
-1.02483
-0.6118
1.889
0.0877
0.0922
-3.9237
-0.2435
-1.8254
-0.1588
-2.3335
-0.78397
1.388306
2.6305
1.382
2.96084
-0.36082
-3.97666
-0.78745
0.126647
-7.24408
1.7364
-1.019021
-1.68084
-7.3
0.12
-2.22
-2.3844
-0.667
0.63325
1.935
-2.62926
-0.116
-1.82234
0.79434
0.46753
-4.79
0.4087
-0.67524
1.45
-2.36
1.63
0.44137
-5.73012
-1.017
0.2435
1.39115
-0.96343
6.38927
-0.0416
-0.0769
2.6
0.655
4.82
3.6
2.6
-0.350277
2.091704
-2.46
-0.6272
2.875
-0.9023
0.0263
0.7647
-0.0701
-0.77715
-3.71063
0.7144
0.16499
-1.472387
4.02467
-1.7368
-0.88432
0.83368
-6.92481
1.43787
-0.32146
-1.6935
-1.4968
2.80288
-2.246
0.4573
-1.91685
4.487
-0.39442
2.31817
-1.72999
-1.7272
-0.9536
-0.2031
0.5771
14.02056
-0.16
1.77316
-1.75514
0.27957
0.5487
-2.8727
-1.9332
-0.08779
-2.15356
-1.57378
NA
-0.021898
-0.078
-3.4391
-0.743
-1.00557
-2.50361
-1.54181
1.23
-0.47401
-0.15301
0.84121
6.54553
NA
-0.4715
0.4762
-5.0945
-0.713
1.8915
4.7915
-1.65
-0.8782
-1.4326
4.3491
1.36603
0.01319
-0.141
0.4477
-2.5129
1.68596
-3.8586
-13.2
1.5204
5.8863
5.24
2.8959
-3.3558
-0.1283
-0.1338
-1.82
-1.81
0.68
4.5015
0.47
1.1251
-1.2334
-1.4925
1.05518
1.6174
0.9577
2.2889
-0.1013
5.088
1.29
-0.2411
0.8179
0.467
1.3118
0.74
-2.8007
1.5
3.63
-0.0997
4.472131
0.0059
-4.18
4.35
-3.71
0.169
0.434606
0.8901
-0.024419
-0.7939
-2.34054
-1.44427
0.898
2.2493
-3.1137
1.96415
-1.526
0.2755
-2.5605
2.2598
1.46125
0.53256
-0.73494
0.33792
0.267
-2.5298
0.2364
-0.0376
0.8973
1.5125
0.8722
-2.2838
1.3544
-0.3216
-4.7202
-3.9564
1.97327
-1.8276
-1
-1.2782
-0.8289
0.5612
1.9968
1.1105
-1.2412
-1.4333
-0.76097
0.1817
-1.1482
-0.17468
1.48154
1.69271
-1.94532
-3.7068
1.06889
1.439
1.27
2.0841
-0.8749
0.2396
-3.7425
-1.98987
0.6666
1.4499
0.9195
-4.0147
-1.3088
-1.1743
-0.5198
-0.2362
1.69383
-2.21177
-0.99836
-1.1275
-1.1883
-0.03607
-2.10606
-0.12376
-0.51419
-1.90039
-3.20664
-0.88784
2.66
0.37685
1.33816
2.97
-1.2444
-5.2221
-1.7741
0.47189
-0.01392
3.66924
-0.0634
2.20704
-2.77
-0.723
-2.7
-0.108
-0.843
-2.09852
-0.26036
0.97818
-2.20709
-1.37208
-1.9954
0.824
-2.08
0.44652
-0.43
1.99671
NA
2.270431
3.73087
0.606
-0.537
-1.71
0.469
1.93
0.143
-1.4
1.05
-2.63
4.14
-0.0325
0.54643
1.72602
2.78273
1.79741
-2.28143
-4.23111
-0.88788
-0.458
3.3523
0.4322
0.8586
-0.3189
-0.0233
0.3891
1.3018
-0.2389
0.0163
1.6305
-0.7508
-2.2446
0.2092
3.3356
-6.348
-1.3428
-0.1448
-1.4157
1.8595
-0.8705
-2.5127
1.7556
0.4342
-3.3573
0.0581
-0.2658
-1.9202
0.2838
-2.1972
0.2933
-1.0266
-0.6021
2.1305
0.2013
-4.5877
0.6408
-0.6949
-0.9344
-0.2744
0.6413
-3.653
-0.9081
-2.6831
0.4657
-0.4252
1.301
-0.8282
-3.5799
1.3293
-0.4153
-2.402
1.720232
-0.1661
-2.4334
2.1325
-3.50607
1.5991
-0.0101
-3.5237
-6.8108
0.0101
-2.77391
0.32225
-2.9219
1.2253
2.82935
-2.3581
2.48934
-0.6913
3.67592
1.26543
-2.91695
1.56166
-0.14409
0.09095
1.287
-2.3193
0.38611
1.31133
-0.40006
0.8268
0.37948
1.949202
-5.10918
-0.84145
20.6077
17.49267
7.1741
0.279683
0.245327
-3.3087
1.1548
-1.1862
-4.7412
1.37467
-2.01261
0.5733
0.59726
-0.2747
2.0245
0.9263
-1.325459
1.059592
1.298332
-0.7883
-0.76379
0.5341
-2.3235
-0.6659
-0.55672
-1.3756
-2.08295
0.3381
3.418007
-0.3792
-2.1358
-1.1582
-2.73627
0.1813
-0.06671
0.636
1.88318
0.52969
5.8882
0.03195
0.8999
-3.2374
3.3437
0.5452
0.6512
-1.0239
1.09
-1.31553
-2.69731
-1.79424
0.76659
0.1351
0.771906
-0.19461
-1.511243
-0.52686
-0.11334
-0.35859
-0.43947
1.68017
-1.36898
2.1937
-0.0541
-1.01692
0.850014
1.89696
-2.4886
-3.035084
0.80574
-0.1393
2.37067
-5.43462
1.57759
3.42295
2.35526
-0.80307
1.38897
-0.21278
-0.5494
-0.39828
1.10711
-3.16492
-3.52764
0.88294
1.8068
-1.91804
-0.4028
0.9759
1.19049
0.01082
14.54919
1.54729
0.7674
-5.83494
5.09672
-3.10621
3.800391
-0.023126
5.50306
-1.784581
-1.6142
-1.2694
1.0613
1.502797
2.432178
-1.543179
-0.427593
0.83126
2.63392
-1.31868
-0.426243
0.966423
-2.62478
3.92766
-8.46828
-9.23877
-8.37116
-2.63502
1.721177
-3.481164
0.353667
-0.905546
-1.231402
-1.174625
1.103038
2.115782
0.936242
0.450691
-0.465818
0.699
-0.269
2.4
-1.12
-6.47
-1.79
-0.68
0.0281
-0.795
3.28
1.8
2.31
4.36
-0.438
-1.557199
1.61
2.44
2.77
0.396354
0.976
0.0102
-1.56
-17
3.24
-24.4
1.032032
0.127671
-2.147578
-0.263956
0.8857
0.110549
-4.575924
-1.40638
-0.0105
-1.91834
0.771
-0.322
0.31071
-0.202
2.873416
-2.48474
-1.6843
-0.03311
-2.151614
1.4494
0.83958
-1.7391
-2.02915
0.47307
1.04184
-1.13546
0.77859
0.42756
0.08344
0.521
-3.12863
1.29256
1.04043
1.77166
0.12758
1.47045
-3.93622
1.70174
1.06
1.33931
-1.01071
1.31103
1.30272
1.0844
0.5982
-2.11662
-3.85059
0.9963
1.48496
-1.87509
-1.21847
0.18444
0.74231
1.35981
-1.16059
-0.027
2.06276
-0.1216
-2.75738
1.6584
0.02859
-4.86102
0.54403
0.92163
0.62695
2.12207
-1.38706
0.41551
-1.92224
1.67264
4.01694
4.6228
1.54422
-1.984174
-0.9684
-3.1161
-0.59504
-0.7299
0.57892
-1.83047
-2.60425
0.1321
-1.09482
-0.3095
-0.43789
1.01917
0.7866
0.1516
4.573309
-1.3912
0.24523
1.560012
1.3091
-1.51691
-0.13159
0.95678
1.8697
0.19084
0.87086
-7.32377
-2.02076
-1.35688
4.28993
2.11925
1.7086
-1.989701
1.285532
2.13866
3.75718
-0.95882
-0.8762
-3.03702
0.34838
0.13343
-1.0995
1.61438
-1.06574
3.40527
-0.65259
-0.977317
3.329325
-2.804122
-2.574991
-1.132408
0.38662
-1.4372
0.2411
-0.6467
1.5462
-0.5335
-1.14542
1.1097
-0.34439
1.22582
1.73075
-3.9057
1.02651
-5.733715
-0.855991
1.272035
0.8437
0.1961
-0.4639
-0.12682
-0.80825
-1.23
-0.94531
-1.67
0.44505
-2.2105
-1.43
-0.4589
1.68773
-0.37187
-2.32748
0.54487
1.14068
-0.25484
-1.212
0.36678
-0.00527
0.8947
-2.17178
-1.6045
-2.06
-1.67294
-1.73
-0.63669
-1.32
-0.3645
0.867
1.37
-0.0717
-1.16254
1.646
-1.456
-0.32023
0.979
0.9525
-0.1829
2.76
-0.207
-0.1598
1.02
-1.56361
1.06849
-1.028
-1.38
-0.175
-4.9917
0.0549
-0.53664
-0.54076
-2.12596
0.5749
-0.2935
0.9043
0.5507
0.749
5.55
-0.26648
-0.59149
-0.29498
-0.4177
-1.394347
0.4688
-4.11071
-4.04144
-1.1877
-0.3341
0.01975
-4.0072
-0.518
1.56
-0.5256
-2.0227
0.2337
1.71913
4.3681
-0.5401
7.8331
0.91518
-9.14
-6.11
0.7577
1.58
-0.52464
-1.76637
-1.09662
-2.0807
-2.69
-1.0787
-0.8974
-1.41
4.3167
-1.3731
3.3385
-0.6709
-0.399
-2.25083
-0.02365
0.5678
-0.28252
-1.56681
-2.08804
1.32
0.825
-0.20148
0.94199
0.47246
5.49
0.285
-5.37
-2.35
-0.57553
-2.85481
-6.37676
-0.61898
2.69318
-0.966
-0.619
0.549
1.19
-0.921
3.06
1.36404
-2.27
-0.65872
-3.1617
-2.17945
-2.36032
0.51855
0.94395
0.20593
-1.48431
-1.5312
-1.03577
2.32468
-1.43453
-0.29835
-0.01198
1.88212
-5.35
0.568
-1.67694
-0.0316
0.833
-0.93
-0.171
-0.47
1.17398
1.77161
0.50192
1.2605
1.3365
-0.17631
-0.12314
0.02003
-2.72602
-2.29366
1.93425
0.0325
-0.743
0.252
-1.14
-1.73
2.02
-4.4
-5.17
2.78
0.918
1.52
0.72
-3
2.16
-1.18056
-1.17745
3.27629
-0.04753
0.4117
-9.40254
-3.39962
-4.64182
0.29377
-1.26721
-1.37
-2.895003
0.7184
-0.9764
-1.08428
4.54
-0.596258
-1.9501
-1.293662
-0.0485
-2.159739
-2.36762
-0.7232
-0.39553
-1.1212
-3.54562
0.496
-0.9514
-1.71925
-0.12983
-3.25521
0.46811
0.58977
-1.10243
1.322291
1.20284
-12.37278
-0.8567
NA
4.309
-3.04278
0.567
NA
1.63
1.826242
-1.16
2.3135
-3.98768
-6e-04
-1.50778
1.4016
-0.19693
-0.854
-3.05
2.26041
-1.0417
-0.46517
1.6
-4.2998
2.1194
0.9918
-0.26181
1.79
-0.81088
-8.40409
0.432
-0.19794
-0.60857
-0.70848
-1.65
-1.89447
2.4736
2.6973
-2.18
2.4809
1.1767
-1.52354
-1.0674
5.20724
0.622
-0.4941
0.77
1.32543
-2.638659
-2.68
3.77721
-0.14778
0.515623
-3.14649
-2.029823
2.8468
0.772
-1.98613
-2.9861
-0.69281
-0.8491
-4.2709
0.2753
0.78407
-1.97
6.38
-3.56
-2.4093
-9.02
-1.0054
-3.01
-2
-3.4235
-0.742
-1.457393
-1.79
-0.952936
-1.61478
0.08173
-2.30618
0.1676
0.7965
-0.85035
-0.6404
0.31534
0.2302
-4.949992
1.8359
0.41766
-0.6084
-1.899559
0.33408
-0.71206
2.05737
1.87
1.7
1.6058
-0.38679
-0.2944
-2.7734
2.6222
-0.36154
-0.38992
-4.4874
-0.103
0.3
1.016
-0.358
2.09876
-12.26639
-1.14
-3.07
3.95
-0.697
-0.700855
-0.82298
2.77703
-1.1775
0.0231
1.16466
1.4948
0.10202
0.61078
-1.8271
0.6477
-2.8825
10.70565
-5.77
-2.0934
1.93
0.373
-3.29374
-2.89
-3
-3.18
2.93
-0.72374
1.009762
-2.77344
3.45
-0.554
-0.70822
1.73
-1.88922
5.24908
1.2948
-5.15992
-3.057477
-0.37
4.05917
-1.0555
-0.72593
0.70543
0.262
-0.26542
-0.9017
1.897572
-0.319125
0.519
1.418
-0.2471
0.603598
-0.58137
-1.19647
0.278
2.81758
3.101719
1.01261
-0.882
0.508
-2.32608
1.498902
-1.23
1.79414
0.974724
2.709084
0.8355
0.8891
-0.602
2.05
1.13
-1.3874
2.53466
-0.59713
0.13753
0.8752
2.08313
2.19777
3.79
-1.89089
4.4957
1.6597
-0.17422
-1.99
-0.25697
-0.178718
0.56884
1.66811
4.54139
0.266975
-2.84983
1.898501
1.50771
1.2171
-0.6424
3.84767
-0.13364
0.24991
1.90001
0.435
-2.193
0.34238
-2.06521
2.07737
0.87406
-0.53653
-2.3548
-1.23351
1.51005
-0.16919
0.07175
-2.215336
-1.167279
0.56291
-2.15
-1.3348
-0.678
-1.08
2.509
1.44019
-0.3815
-1.6521
0.448
0.08632
-2.27
2.14
2.98
-3.799254
-0.56805
-1.5156
2.111976
-0.322738
1.389569
2.9457
0.572
-0.04818
-2.7284
-1.70385
-2.96
-5.3592
0.84618
-0.67356
-1.4453
1.13283
-0.5085
-1.4417
-1.53408
-2.1205
2.8179
3.0142
-0.33396
-0.95417
0.4775
1.7458
-1.84844
1.56735
1.44353
0.58685
1.157097
1.88977
-3.0462
0.14281
-1.4168
2.71
-0.354
-2.0568
5.27
2.11231
1.718
-1.1436
-3.22247
-3.15705
2.38833
5.46
-0.0957
-1.36542
-0.33755
-0.31792
-1.56648
2.97
-1.15
0.2431
0.8229
NA
0.4081
-3.16
-2.081206
-0.90258
4.2
-2.72644
2.2431
1.66
1.448305
-2.45649
1.62631
-2.23004
-1.33834
0.649251
-1.62
4.4632
0.32273
1.4211
1.3995
-0.169
2.19531
-2.2046
0.1103
5.46
1.4584
-2.18748
1.021468
-1.47
0.9769
1.7624
0.023221
0.30377
0.85598
0.277
-2.31453
-8.45
-2.54
0.0879
0.895
-0.8686
1.661723
-0.43624
3.9676
1.04392
3.31254
0.64048
-0.859
-3.42722
-2.6007
3.33393
0.44537
0.101764
3.19164
0.1464
6.5284
-2.51442
-4.02
-9.87312
4.5
4.65
0.0219
1.13772
2.39577
6.26477
0.64225
-1.59986
-5.6945
-2.16899
-2.32487
4.07
-1.3996
-1.4
0.75271
0.7703
2.96938
0.45277
2.03883
-2.27326
4.00209
0.29242
-1.7915
0.796701
0.1212
1.49987
-0.274
1.31188
2.02036
-2.56609
-2.08542
1.36
0.21682
0.588
1.5453
-0.39084
-1.076927
-8.26901
3.38446
0.089096
0.28309
-2.0376
-2.5428
-8.40995
-0.5079
-3.6673
0.39195
-3.177
-1.201
5.64974
-2.0799
2.45769
5.86495
-0.86093
-0.1048
2.56601
0.80611
-2.76068
-1.09389
0.00155
2.798693
-1.2732
-5.2138
-0.755
1.8509
0.66088
0.56515
0.556
-1.8935
-1.981
0.12399
2.54
5.29477
0.401
-2.23647
-0.94097
-0.6223
-0.58873
3.71755
-0.4245
-0.9535
0.0471
0.07716
2.806003
-0.42763
-0.4262
-2.9376
-1.01
0.38648
1.368562
0.711
0.7123
2.33559
-1.028431
-0.108022
3.02319
-0.0194
-1.11914
-0.162
-0.90913
1.1821
16.3494
0.7031
-0.12023
1.013968
0.15199
-1.2512
-1.59029
-0.3882
-1.00162
0.03239
-0.506
-1.50111
-0.710614
-1.132498
0.34042
-1.159636
-1.50745
1.20959
-0.6172
-0.12523
-0.0971
-1.1799
-0.5891
-5.08629
-0.13256
-10.59734
-0.30696
0.02191
0.40955
-6.29
1.19735
3.4
2.34525
0.052405
4.196226
-7.0564
-0.954
-0.08264
2.2732
0.112
-0.5877
1.1739
1.7657
0.37086
0.87709
0.098404
-0.22832
-0.74102
-0.0264
-4.11057
1.14318
2.12828
-1.1821
0.271
-1.23244
-0.73046
-0.0507
0.58007
0.7523
10.63017
-1.5038
-0.86205
-13.19736
0.75461
-2.23098
0.855
1.89
0.90374
-0.61722
-2.0306
0.21908
0.7688
0.6683
-1.41429
-5.77672
1.03401
-0.10302
0.1018
6.7926
0.594
1.45012
1.26948
2.512
6.16
-5.36
-0.611
-1.2691
-0.797
-2.08856
-1.1688
3.83002
3.59
0.38496
2.67
1.696172
-1.45098
1.517469
0.478
-2.591
-0.616
0.451
0.8762
-4.07384
-1.1698
5.0427
0.19979
-0.99462
2.98
0.596
7.61647
-1.79758
-1.39
-3.68151
-0.76021
8.5815
0.78946
3.31
-2.90857
1.17
4.09
-0.4625
0.51653
-1.56618
-0.15239
7.51079
-3.651
0.62686
1.825539
-2.03
1.43995
-4.8858
2.2571
-2.79636
-1.95796
1.0266
-0.4511
2.6
0.199
-0.675
-0.86521
3.5396
0.45
-2.61
-0.65571
-1.15
0.9352
-1.36001
1.16
6.43
-1.2011
0.64448
1.43032
-2.4763
0.233
-0.15
NA
-0.4406
2.01
-0.75772
0.896
2.15859
-0.8216
-2.73
NA
0.8857
-4.72479
-0.872
-2.43915
0.79917
2.1614
-0.2635
1.2286
-1.1479
-0.04703
0.7849
0.99245
0.176
3.77
2.21
0.38651
-1.13332
-0.04725
2.5944
1.40371
-0.65688
-0.064772
1.39
-2.247795
-10.269
-0.55312
-0.27066
0.88884
1.07
5.7236
-1.1907
-2.93186
-0.2898
1.5488
-3.01247
-1.4877
-0.83099
-5.12941
1.5223
0.0608
-1.4468
-0.51979
1.08
2.43
-2.133223
-0.1081
0.8214
-0.98302
1.75228
-1.6588
-3.21919
-1.11189
1.08
-2.61651
-1.8
0.144
2.09351
-1.27218
NA
1.1179
1.7546
-2.3785
-1.47375
2.79738
1.3692
-2.97
0.55767
0.2309
-0.82801
-0.4698
-2.32106
-0.781075
1.58
-1.44
0.06107
-1.81525
-1.33354
-1.1661
2.3088
-1.522024
1.55927
0.0835
9.42005
1.18778
2.84777
1.73437
0.60658
-2.45
-1.48283
0.65183
1.85017
2.88423
-2.55286
-8.3706
1.3006
-0.93815
2.65986
-0.244
-2.98692
2.816245
-0.40086
-1.63181
-1.37799
-0.052
-1.54269
-0.3499
-0.697
0.238853
-1.10172
-0.3785
-1.6439
1.32461
3.09
1.3363
1.792
0.5236
-5.90488
1.33657
0.6767
3.74
1.36807
0.9777
3.001283
2.41
-0.86
-0.158
2.18
-3.30118
-2.3058
-1.75709
-0.7012
-3.73597
1.39525
3.73644
-2.51588
0.26043
2.42501
0.80588
-0.0948
-0.286
6.57717
-0.891663
NA
-3.91596
2.1177
0.145
0.1099
1.5831
-0.0846
-1.4987
-3.34659
-0.2874
1.0943
-0.773521
3.4271
1.00414
-6.0265
1.52
-0.474
-4.64991
-4.2056
-3.0208
1.0118
-0.78
-1.04514
-0.85783
0.50523
0.062604
0.27791
-2.7478
0.216
4.336338
1.239641
-0.38356
-1.4369
-2.82447
1.31359
-0.17448
-1.82132
-2.5
0.06593
-0.2527
-0.181
-1.81
0.91001
-2.452457
1.186
-2.316461
-1.90282
0.50277
-1.423221
-3.70776
0.27405
-0.26348
-0.21061
1.0334
-1.6353
-0.5949
-1.02016
0.648
0.21991
0.3196
-1.7515
3.80577
0.696083
0.66853
3.1429
0.77452
0.39818
0.737944
-2.07643
-2.99478
-0.0114
0.63192
0.1295
0.12604
-1.1986
2.61
-0.0857
-13.91763
-0.02157
0.529
-0.0424
2.3896
-10.0478
0.3062
1.60145
-0.165024
0.231594
1.2844
1.6697
1.46501
0.711
2.7817
0.95966
-2.90388
-0.63045
-0.654
NA
-1.654246
-1.95328
-1.6998
-3.59625
0.30113
NA
0.56889
0.895
-0.3652
-0.216323
-0.385
-1.06208
0.237
4.71939
1.3
0.604593
1.749146
-0.43677
-0.664877
4.96
-1.07852
0.30061
0.3619
0.528
-0.05
1.578
0.16882
-1.38176
-1.04296
0.6754
-0.221387
0.0397
1.84719
1.008
-2.67
1.882
-0.11254
2.16094
0.75302
-1.21402
0.6102
-2.30112
0.473
-2.7195
2.1739
-0.5825
0.5117
1.4111
-1.1233
0.8249
-1.5499
1.19943
-0.65567
4.7118
1.00077
3.33
-1.36
3.2482
0.28969
1.91356
1.38949
-1.54
-2.77827
-0.69448
-1.09
-0.999
-0.1458
-0.72703
-7.24
-0.2524
1.598144
-1.29
-0.15147
-2.02921
0.781685
0.962
2.0274
0.939413
-0.67
-0.734714
-1.03913
-1.12
-0.912773
1.7751
1.8466
-0.84846
2.8571
1.11
0.28055
1.56971
-0.0225
0.93698
9.3
0.8046
-0.765
-0.204
3.7515
1.65
2.45534
2.01094
0.10684
-4.619
NA
0.8151
-4.485405
4.82165
0.08367
-1.45
-0.25784
1.60343
0.125
-2.11
-1.1439
-0.7444
-0.524097
-0.0201
2.54454
2.49746
0.06805
-4.0656
-0.76732
1.8443
0.16769
-1.95027
3.8351
-1.1789
-0.50364
0.9898
1.22
-5.55
-0.12568
1.6773
-1.40499
-2.448809
-3.21
-1.2113
-0.483488
1.30849
-1.33
-0.171
1.763575
2.565
0.7407
2.81599
0.11
-0.61976
3.9295
-3.0607
-0.8077
-6.3
0.40474
1.99103
2.46778
2.1615
4.892812
1.9932
4.29546
-1.12
1.6224
-2.6634
0.74365
1.63711
4.1291
-1.53
1.4872
-0.97986
0.612
2.1215
3.93
-0.950889
3.688166
0.83564
0.66
3.393434
-1.04966
-3.31877
-0.898
2.756
1.2089
-0.48
-0.35285
-1.0131
0.876
-0.2061
0.22618
-1.3528
-0.13694
1.367
0.0533
-1.870661
-4.74202
0.335
2.5172
-0.53
1.92667
-1.367204
0.27424
1.04221
1.54696
0.835
-1.3229
-0.8926
2.04
-2.5929
2.4816
-3.8926
-3.27157
-1.1369
0.6047
-1.48311
2.48
-3.6806
-3.909975
-0.4564
1.37259
-0.332
-4.28
1.2505
0.481
-1.59
-2.5166
2.24
0.56734
-0.19263
0.7232
-2.9611
1.37
0.53211
1.358341
0.0294
0.5105
0.0539
1.44
-0.797
-3.051007
-0.50382
1.59782
0.3515
-2.097047
2.03
-0.45226
-0.07907
-10.9
2.2186
-1.14326
-2.99254
1.3484
-1.0956
3.427934
1.349016
-0.34946
-2.94398
0.060455
2.232917
2.73492
-0.5957
0.88502
4.6421
1.092274
2.89
-0.05925
4.194279
-0.156
-2.37
0.57525
0.307
-1.02178
-9.4471
-0.043097
1.8625
-2.32821
-2.4716
-1.03919
-2.4
-1.3104
-0.309
9.88
1.2927
-0.28373
3.515293
-0.4453
-2.32
2.55
1.20355
-1.3064
-0.2399
0.30727
-2.2211
-0.43167
-2.307
-1.4885
0.9653
-0.41037
0.8878
-1.475099
-0.15682
0.3093
-0.52787
-0.953
-0.435769
-0.07451
0.4962
-0.4963
-0.324
2.42972
-0.20168
-1.88988
-2.13894
0.44
-2.92671
-0.1133
-0.475113
-10.38422
2.2937
5.29628
-8.26
0.189743
3.9235
1.6495
-0.6874
2.7353
-1.76
-0.76734
0.6429
0.156
1.9531
0.91572
-1.95128
3.4432
-1.1787
-1.01
-0.30044
0.2488
-2.63
2.0408
1.15213
-1.25
-3.6797
-0.5694
3.22432
-4.08429
1.5996
0.82159
0.4009
-3.56725
1.3465
0.3548
0.04114
-0.848
0.10844
-2.45272
-3.42
2.7161
-3.26849
-6.34429
-0.43132
2.5592
-0.6546
-0.7695
1.31361
-0.536
16.97455
0.4666
-0.3035
0.955
3.584492
-1.49796
-0.5507
-0.619
1.7919
-1.4281
1.49109
0.19584
0.28303
1.1
NA
-0.01268
-0.7278
-1.12
-0.9045
0.2919
-1.3478
1.60139
1.21
-1.3606
-5.19593
1.390484
-0.155601
-3.04
0.65089
0.43594
1.81175
-2.5041
-2.1364
1.21087
1.60934
3.39
-0.67284
3.11
-1.46033
1.818677
-1.76356
-7.15
0.8163
-0.4063
-2.4294
1.72
0.2786
0.88507
-3.86015
0.62023
0.416398
0.33626
-3.242473
-4.57279
-2.17401
1.4176
-0.49482
2.9503
-0.84
-1.20832
1.21024
-0.78283
-0.09863
-2.97
-1
-0.31956
-1.4781
-0.368
1.35
0.5359
1.7
NA
-2.3907
2.1313
-5.2413
-5.20337
-1.6358
1.97
1.13
-0.13911
1.53019
-3.60844
-1.33148
0.759125
-1.36411
-0.791
1.25722
-0.399442
-0.808
5.8056
-0.5417
-1.6
-0.70549
-4.3029
-0.09078
2.7235
-1.8895
0.38238
0.61421
1.3417
-0.17393
-0.0326
-1.37692
-0.345
1.4531
0.2797
NA
0.05388
-1.79
-1.0731
-0.937
-0.4931
-0.7228
-0.5695
-2.7198
1.0453
-0.72219
-1.80893
0.68082
0.68808
0.02837
-0.50252
-3.75782
3.06741
0.33321
-2.0411
6.09062
1.92117
0.97836
1.47055
-1.5
-2.25524
0.96413
2.34203
2.70581
0.00789
-4.30298
0.13529
-0.4236
-0.8166
3.1642
1.946616
1.98508
2.1602
0.0345
-1.61
-0.49461
-2.23
0.18481
-1.68
0.9133
-2.17
-0.7898
-1.17686
1.45179
-1.84
0.79613
0.97303
0.20582
-2.21008
0.1707
-0.0415
1.00566
1.4262
-3.2863
-0.1202
0.6604
-2.8
-0.233848
-2.084
3.31
-4.37845
-0.5933
7.08475
-5.68
-7.57
-0.05568
-0.18038
1.78352
1.81874
-0.0909
-2.352322
-2.05255
1.44
-2.33051
-0.464
-2.89
-1.06
-0.0116
NA
0.1102
2.91419
-1.90672
-0.70317
1.4799
0.0196
2.30545
-1.030254
0.117
2.2583
-1.2176
-1.38115
-1.12652
0.75382
-0.1737
0.3575
-2.81222
-1.99032
-0.527
0.1125
-0.2548
NA
-1.80875
-0.08288
-1.006749
-0.10725
-2.15826
-1.73619
-2.00661
-2.3565
0.80193
-0.27721
3.9913
-1.58705
-0.3762
0.2017
-2.2459
2.25839
0.31894
1.81989
0.52578
-0.8775
0.62445
1.14867
-2.08044
0.536
NA
-0.07995
0.84375
4.91407
0.28999
-0.51256
1.0263
2.91272
-7.39116
0.43988
1.49847
1.1435
2.99112
0.9592
0.8612
-0.738523
-0.3667
-0.77053
1.4163
1.02502
-1.43161
-1.39461
0.49873
2.611288
-1.57
1.328416
-0.2187
1.45168
-4.8446
-1.953865
2.25
-0.8146
-0.479312
-0.82402
NA
1.11675
1.15545
-0.73101
-3.29652
0.582
-6.76
0.18225
1.11209
-0.556
0.12603
-1.46261
NA
-0.229
1.128257
-0.37874
0.733561
0.3307
-1.43
-0.4641
-1.595724
1.4574
-0.813
-0.64286
-0.47216
-2.9854
2.768281
-2.97181
-0.0891
0.68827
-4.0706
0.4366
-6.58191
-0.06811
-0.37415
-2.32491
2.61
-0.51129
-1.93059
1.19516
-1.77
-4.02882
-1.16729
NA
-1.16292
0.487
-1.34347
1.56858
0.472658
1.974881
1.59978
1.49407
-1.56974
2.4285
2.59384
1.1943
3.02242
2.87805
2.54
1.4242
2.92195
-2.596762
1.03497
-1.11
NA
0.8174
-0.0111
2.521071
5.19
-0.815
-3.5
-1.74
-0.54129
-1.7324
2.2633
0.53977
4.8429
-19.25014
0.81198
-1.69696
5.58
-1.96734
-0.1409
0.604811
-1.36063
0.808
0.05523
-2.42
-2.163681
0.214873
-1.09
-2.49
-0.130866
-0.49659
1.560621
0.304
-2.7
0.55728
0.654
-1.2875
-1.03
-0.7154
2.78332
-3.20598
-0.98493
0.9331
2.79
-1.37061
-3.4867
2.76966
0.39021
5.40443
0.27825
4.9756
-0.90758
-10.9192
0.81751
-1.5527
1.52224
-1.73207
-0.169
-0.98728
-1.9701
-0.65
-1.44273
0.0824
-0.2046
0.00759
-1.8666
1.56933
-0.81532
0.859142
0.72487
-2.959386
NA
1.6004
-1.5042
-0.21252
-0.29037
NA
-0.65806
0.119
1.06953
-1.07549
2.442
0.8223
-1.2849
-0.41442
0.29721
0.4449
-1.55293
-0.48706
-2.5445
1.21837
3.0539
-1.08673
0.42209
-0.49921
-1.0147
1.49537
-2.46921
-0.62245
-1.159116
1.2154
-2.84428
-0.096418
-0.80677
1.65
-1.06967
-1.0959
-0.048722
-1.143
0.33
0.3807
0.9137
-0.59402
0.992167
-1.5919
-1.7888
1.165568
-1.66
-0.20059
-2.488551
7.97203
-1.65625
-0.634
1.69
0.00767
1.984174
-11.8198
-0.857335
-1.58724
1.91642
0.39141
NA
-11.07614
-0.265
-2.90918
-0.7781
-2.14926
2.75
4.02749
0.93769
1.09
2.2834
-1.91194
-2.80088
0.08264
-4.9239
2.09501
-1.85887
1.3183
4.37
NA
2.218394
1.30441
-0.19957
5.3735
-0.794623
-0.3666
0.2344
2.4868
-0.25712
0.82837
1.698598
0.32165
1.60951
-5.5441
-0.16566
-0.95855
-0.47421
0.75747
0.333535
0.208
3.5022
-1.257
-0.6662
-1.09188
-3.8122
-1.937269
0.6947
0.325
2.77023
-2.0772
2.487614
0.0843
-4.878961
-0.284
1.0216
-0.39165
0.3625
0.3126
-0.8111
-0.8717
-1.0008
0.727157
1.3567
1.8838
-0.637
2.0299
-0.0256
-1.94
-0.2813
1.93404
1.2029
-7.18361
-0.02347
2.67727
20.12269
-0.71675
1.7868
-0.8519
0.2425
-2
1.912
1.3173
-2.09946
-1.07
-1.44
0.714
20.6
4.578275
-0.581211
-3.3443
-3.7298
2.73119
-2.49
-1.052388
1.23
NA
-0.0851
-1.3682
0.148
-1.43911
-2.96999
-0.000386
1.0234
0.46503
-0.783523
1.704704
1.1967
-1.94865
NA
-1.1431
-0.8834
-1.6293
-0.0603
3.31006
-2.521301
1.379318
0.8253
0.3543
0.9027
1.38548
6.3114
-0.733
5.6679
0.435687
-0.642628
1.2964
0.971813
-0.03214
-0.521824
2.361435
0.673931
0.80094
0.1414
-4.772732
0.380769
7.19151
3.346671
3.847532
2.2678
1.77126
1.740056
-2.1472
-1.611062
0.0593
2.162785
6.3083
1.69209
-2.464609
1.7029
3.67479
4.29982
4.7671
0.0715
-3.00076
2.14976
-0.67725
0.02271
0.12014
0.7626
2.4955
NA
NA
-0.303
NA
NA
NA
0.25589
NA
NA
NA
NA
NA
-0.248
NA
NA
NA
NA
NA
0.73311
4.28656
NA
NA
NA
NA
NA
NA
NA
NA
NA
NA
NA
NA
NA
-2.762935
NA
NA
NA
3.44085
-2.78
0.25779
NA
NA
NA
NA
NA
NA
NA
-0.1818
NA
NA
NA
NA
NA
1.60723
-0.746
-0.44569
NA
-1.33
-0.55
NA
-1.22635
-0.86621
0.01548
1.65473
-2.55439
2.93748
2.80876
0.69567
-2.6449
3.347
-1.80927
-2.26074
1.50881
-3.70074
-13.44391
-0.48792
-1.05
-0.32
0.0222
0.21
-1.28062
-0.9794
0.354
0.46718
0.237
-5.6918
0.01354
2.2249
3.94
-0.557
0.23999
1.94465
0.4827
0.639188
-0.65916
-0.19633
-7.1559
-0.111
0.08939
1.097047
-1.33
-3.4
-2.33
-1.34795
-2.47
-1.17
-3.2072
-1.8187
0.190306
-1.53238
2.9849
-1.1972
2.1
0.954076
1.7111
-3.29298
2.57
-3.9511
1.06009
0.632
0.10081
1.57213
1.4409
-1.24
1.1431
-0.3499
-0.5754
-0.3071
0.1965
-3.7
-4.12869
-1.43026
-0.933066
1.08363
-3.6525
8.2841
-1.62
3.295102
-1.5307
-0.3762
-1.81
NA
NA
NA
0.49717
0.47424
-0.67344
1.96219
2.55201
-0.6282
-2.40795
-0.4776
-2.80389
2.17041
-3.0502
-1.48036
-1.08511
-0.212567
-0.9039
3.1133
-2.31558
0.88595
-2.15999
1.35419
2.61782
-1.28772
1.77593
0.3476
-0.8968
0.6104
0.4682
-1.707
0.7884
-1.3192
-0.3238
-0.1186
-0.609
0.1324
-0.9705
-1.9011
-0.3051
2.1146
-0.80063
-0.3765
0.5982
-1.1976
-0.08397
-0.0228
1.93789
0.06553
-3.524098
-0.472433
0.948135
-0.402
0.433091
0.653755
0.886771
-0.906484
1.9452
-0.176466
-0.601685
0.9669
-1.421351
-1.147301
-3.0419
0.886
-3.0894
-2.846093
2.040882
0.5567
-0.56056
-0.877851
-0.0625
-0.7213
1.097508
1.230691
-0.41676
0.647931
0.075884
-1.60517
1.67912
2.04765
-0.93177
-3.49
-0.440898
1.53613
-1.0207
5.3994
-1.31
-1.2838
1.0105
-0.9862
1.83293
1.65079
-0.3297
-0.7835
2.55
1.16958
1.77112
0.200136
1.62816
3.794547
0.664236
-4.86039
5.04973
1.01986
-0.45969
-3.65667
0.30502
0.29906
1.36311
-5.2
1.55059
0.22439
-0.62305
-1.2722
-1.4161
3.00147
1.94
-0.56135
-0.3334
1.54
0.3569
0.14807
1.08
-4.45719
1.423568
-1.931
0.5838
-1.72926
-0.3453
-0.464
-1.82257
-0.513
1.15172
1.0917
-0.50987
0.9278
-1.2102
-2.63279
0.83663
1.97213
0.33
-7.3372
NA
2.2242
0.7697
-1.11575
-0.79713
-0.125
1.350965
NA
0.48256
NA
-2.03158
0.2593
-2.48089
1.4834
-1.27798
0.70604
0.496
-1.1155
-0.87782
2.33
0.2263
-0.47996
-0.09975
0.47054
-0.551379
-0.68434
-1.34
0.655321
0.331
0.77357
0.59418
0.74542
0.04232
-0.654
-1.022058
3.01786
-0.9517
-1.21657
-2.19883
0.9521
-3.19
-0.369
-0.21835
1.28403
0.98348
0.060259
-0.0653
-2.74205
2.04
-2.16408
2.63
-2.6424
-3.1562
-0.2946
-1.44
1.23054
-0.16001
-1.70236
-0.47594
0.25662
2.01678
-0.37739
0.0997
-0.28161
-2.71
1.516
0.24966
-0.08817
NA
2.01514
NA
-1.57
1.30519
-1.67897
0.6996
0.15561
-4.2
0.6909
-3.37284
-0.22192
0.79696
0.34632
-2.49244
-0.70967
0.695
2.85
-1.46925
-0.07104
1.11218
0.40786
0.0442
0.9658
1.28921
-3.53548
0.46896
NA
-0.211038
-1.4449
NA
1.46
2.64
0.253
1.09
-1.3728
1.4341
-0.35007
-0.142813
-0.80022
1.0323
1.13829
-1.98
0.0172
1.103407
1.0107
0.817
1.11518
-0.726796
1.2078
-2.0981
2.3558
-0.0229
0.296
0.465656
-1.7161
-0.04208
-2.1778
0.682231
3.3216
3.2061
-4.985834
-0.1914
1.273
0.67
-0.301858
1.5243
1.4798
-2.64537
-1.1815
-0.0119
-0.6322
-0.1676
-4.0004
-0.8511
-1.0203
0.0887
0.856185
0.88192
NA
2.298911
0.12135
1.003336
0.424974
5.86
-0.573964
-1.48178
0.2914
-1.7828
-0.781
-1.353768
2.138011
1.552315
-0.0202
-3.963
-0.265565
-1.50563
1.5602
1.36687
1.39
4.32492
NA
1.8622
3.427898
-0.38969
2.283104
-0.041217
-0.09144
-2.171855
NA
-0.514988
-0.501554
-1.374669
-1.031902
-1.8536
-0.4577
-0.05134
-3.27509
-1.85089
-0.2242
0.883
-3.38217
-2.0215
-0.62978
-0.07023
-0.475
1.18707
2.60178
-0.5388
1.14688
1.07664
-0.68898
3.06
-1.04
1.8362
1.72063
0.33
1.23823
1.4435
2.34418
-3.88
3.51554
-1.8018
0.6863
-2.8
-8.51718
-0.514
-1.2908
0.8222
2.81828
-0.183
0.29911
-1.91535
1.62
2.0788
-0.4821
0.4815
-0.503
0.067
NA
1.03067
4.21475
2.10921
0.63087
1.41537
-0.7213
0.35
1.4688
-0.1431
0.23987
-1.10368
-9.1773
-1.8889
-1.0242
-3.51953
-0.52861
-3.7079
-1.9778
0.3369
-0.67095
1.16
-0.64002
-0.226212
0.429
-1.58287
-1.48239
2.49
-0.90513
0.05639
-0.1094
1.6038
-0.74221
0.0498
-1.692
-1.48711
-0.9532
0.58816
-2.9037
0.2599
-0.6862
3.3595
0.2777
1.65304
-1.94974
0.5096
-0.1375
0.3458
1.37283
0.02408
8.712
2.83046
1.4562
0.2886
-2.19078
-1.17781
0.3191
-1.34362
-4.9494
-0.97444
0.4356
32.7
-0.230338
-0.327
1.6292
-0.731
0.61896
0.397491
-0.4819
0.65501
NA
-0.07094
-0.1516
-0.10235
3.278
1.274
1.301864
1.2745
-5.4963
1.2503
-1.6995
-0.63259
-1.15291
-4.96385
-0.13828
0.2127
0.2986
-2.02688
0.7921
-1.552
NA
-0.0848
NA
0.22578
-1.04
1.4969
-1.00987
-0.8273
-0.65779
-0.921426
0.81916
-0.898567
-1.62271
2.01278
0.268
1.78871
-0.9018
-1.1736
0.82
3.2504
-0.4883
-1.0213
-2.54
0.2074
-0.5939
3.9221
3.3207
0.266
-4.1261
1.9291
-0.0322
1.06125
0.763
-0.97064
0.6077
0.4036
NA
-1.81864
-0.0158
-0.54431
1.75749
0.44121
2.26729
-0.0806
0.392
-0.93152
-1.76754
-1.6766
0.11471
0.62406
0.91671
-0.6333
0.29504
0.40395
-0.25938
-0.48449
2.017
2.3207
-0.552995
-0.69416
-0.466477
1.0245
2.2757
0.7418
-2.4126
-0.0735
0.169095
1.573235
-1.20696
1.389701
NA
-0.0665
4.85771
-0.93436
-1.53127
0.2392
-4.4607
0.10701
NA
0.509418
-7.4467
-0.46412
0.1158
0.607
-0.8858
-2.66666
-0.7321
-0.32168
-1.9565
-0.47086
-1.06819
0.38124
-0.257917
-0.77713
-0.785
0.541
2.674693
0.18355
0.26895
0.331
4.97
-1.35384
-2.403998
-3.131611
2.965
-0.75183
0.06884
3.47
NA
-0.1515
0.77691
-1.47443
-0.6567
2.43985
-0.06032
-3.0083
1.7952
-0.52501
-0.2932
1.1912
0.51
1.3834
-15.69357
0.384
-2.62591
0.1953
-0.20969
2.17
0.6657
0.74154
0.40353
-3.87665
2.0425
-0.70845
0.1375
-0.081
0.4931
1.46614
-0.7898
-4.37644
-1.11321
-2.12408
0.559327
0.64022
0.79131
3.2775
-1.15713
-2.08
-0.38636
0.3409
1.81
1.262692
1.7561
NA
-0.6883
1.7116
-0.1993
0.388
-0.641956
0.61299
-1.41404
-0.5508
-0.6711
-0.9249
0.53227
0.60723
-0.2646
-2.24692
-0.5743
-0.36924
1.914
0.5191
-1.14488
NA
-0.3582
0.03458
0.71577
3.1725
1.2678
-0.4497
2.05791
-2.38099
0.1261
-3.0209
2.3792
0.91735
0.3711
-0.07793
0.432
-3.3113
-0.0665
-0.74711
-3.2488
-1.92315
-0.5287
-0.1246
1.98349
-1.5061
0.39241
-1.5044
-1.1927
-0.7048
0.2512
NA
-0.248
2.4612
0.20077
-0.177
-2.2081
2.0499
0.8592
1.456982
-1.7914
5.25887
-0.8658
5.26262
-0.7961
NA
0.7225
-0.5304
2.0346
-0.7818
1.4624
-0.6421
NA
0.4804
1.244
-0.456
0.6283
-0.6449
0.093
1.7
0.243
0.8847
6.07698
0.44503
NA
2.8119
-0.3888
2.16519
-1.6312
0.74629
-1.39902
2.40818
-5.25546
0.384986
-2.75742
2.38836
-0.6849
0.5193
-3.028514
1.31811
-0.675039
-1.8836
-0.74023
0.48783
1.493
1.18959
-2.4974
0.55034
-0.245874
-2.79145
-1.334
-0.76099
0.76731
1.4777
-0.47622
0.53559
-0.91653
-0.53887
-2.50694
-2.81879
0.961859
1.25502
-0.0496
-0.0574
-1.58
5.66
1.72483
1.2467
-0.579
-1.43784
-2.5902
-2.46
-0.16863
NA
-2.4741
-2.118393
0.86756
-0.5811
0.37103
3.5582
-0.02017
-2.4631
4.72194
NA
5.90641
-1.942153
0.066672
-1.92799
-0.6378
-3.0284
2.75534
0.25077
0.2966
-0.338
-0.09031
-1.2241
0.72822
-0.2315
1.654209
0.054433
-1.331
-0.8891
-1.8527
-7.7003
-3.11789
-1.8695
NA
NA
1.18469
0.45471
-4.5466
-0.1331
-3.022329
0.0167
0.84567
-11.02026
4.81
0.7342
0.8417
-0.21778
0.00118
-1.09489
1.6345
-0.9417
0.28323
2.8084
1.726
0.93525
-0.558875
-0.7906
2.46
-0.266
-1.9493
1.77464
-1.0544
-0.541217
-1.7247
-0.678934
-1.134299
0.755
-0.57004
1.61435
-1.44952
0.69598
-0.2433
-2.34684
0.60021
-1.1019
0.000223
-0.252
-0.604
-0.385989
-1.8068
-1.588304
-0.2953
-0.1906
-0.41064
-2.50848
1.73517
0.51543
0.41923
1.8168
2.0163
-0.45003
1.0811
-2.3283
9.97426
NA
-0.7151
1.47818
1.7801
1.88865
5.05502
1.3148
1.56932
NA
1.89
-0.060982
-1.04781
2.61792
1.90981
-2.98326
10.5
2.47975
0.9887
0.3843
-1.17023
0.25685
0.6522
1.3365
1.1407
-4.8321
1.46476
2.22812
-1.40628
2.254914
2.036595
0.3824
NA
-0.89847
-0.651
0.58583
-0.8925
1.22106
-0.049907
1.81915
-0.484189
-1.051304
1.5772
-5.3974
-0.80283
1.19349
0.6742
4.62381
NA
-1.5521
-1.2287
-0.02572
1.8644
NA
24.190556
-0.93257
-0.39228
-1.5276
-1.10994
NA
-1.8798
1.10885
-0.8506
2.37536
0.0622
5.74669
0.70029
-0.3466
-2.8851
1.1503
-0.23556
NA
-0.27573
2.0174
-0.21093
-0.66101
0.1278
NA
1.46932
0.2509
-0.26477
-1.95
-8.0103
-0.284
1.4475
4.40105
-0.81111
-0.065014
-0.2308
-3.428738
0.8369
1.460054
2.398173
1.329593
1.20998
1.59531
-1.49145
-1.05468
-1.2726
1.81809
-3.05909
NA
-0.2954
-0.2965
2.39803
-2.89751
-0.53651
NA
-0.6754
0.4601
3.15502
-0.859
1.444551
1.4706
2.10585
-0.26584
0.2956
-4.2121
0.37524
0.63044
-0.21728
1.9098
0.260853
1.79506
-0.3751
-3.8298
1.71948
0.319
0.975
6.52211
6.85901
-2.175894
-0.22057
-0.07608
1.63964
0.78261
0.60764
-1.3878
-1.2219
1.10249
0.4101
0.2535
1.56
-0.8568
0.3072
NA
3.29397
-1.69021
1.5672
0.54621
1.74625
-1.2985
-2.88965
1.134
-1.15568
0.357202
-2.0364
-1.28028
-0.6554
4.409546
-0.20552
-1.76
-0.1484
-0.15721
2.09973
1.0479
-1.3026
-0.3752
0.69401
8.618151
-11.0629
0.2392
16.98355
0.53064
NA
-4.01495
-0.1189
22.5
-1.36592
-0.4393
0.9282
-0.2366
-1.656475
0.86105
2.301
1.07723
0.881955
-0.941
0.15104
-2.59682
-1.9018
0.97011
-1.35275
-1.53423
2.53
4.0968
1.067991
-1.6639
-0.021395
0.3438
0.82157
-0.1349
-0.3154
0.5571
-1.0654
0.37133
3.46202
2.08226
-3.27578
1.56444
0.022564
2.96
-5.39811
-4.00933
-1.58926
0.61216
-1.68799
1.78898
-1.6841
1.26154
-0.7293
-0.05921
0.0806
-2.47098
-2.21824
1.4696
0.04859
0.814
5.7942
0.19996
3.7686
-2.97467
-1.719799
0.15598
-4.46343
1.5478
-0.73306
0.0856
1.6859
-0.8237
-0.7018
-3.4525
0.42907
1.06
0.95916
-1.556238
1.04
0.90222
-2.676116
-2.27861
NA
-1.41323
2.010094
-1.153627
-0.0584
-2.47719
2.81
-0.2357
0.2873
0.3633
-2.9519
-2.91
1.7856
-0.376
-1.21
-1.7182
-1.19481
-0.9107
3.27665
2.83218
30.48309
-1.33662
0.61416
-1.13598
0.7177
0.94945
0.627
-2.41021
0.817
-0.74586
-1.87832
1.540751
-2.34354
-19.9337
2.4239
-2.71426
-0.99971
1.64217
0.36119
-0.77813
-0.9819
1.65743
2.43
0.03039
NA
1.822247
0.2518
-0.0242
0.00394
1.00065
1.3867
0.45979
0.53071
-1.601437
-1.2281
-0.03037
-3.5031
-0.7498
0.0582
-5.19773
0.69779
0.1036
-1.6916
0.4412
-0.24334
1.8851
-1.8736
-3.3248
0.352
NA
0.7449
0.4972
6.53232
3.422024
2.217878
-8.31061
-1.4182
0.7191
0.5205
NA
-0.7643
-1.894127
-0.37887
-0.1117
-0.90289
4.526
-0.4716
1.5964
-0.7332
-1.2949
-0.968749
4.93518
-0.86508
-0.29992
0.576
-0.54579
0.2725
2.3056
0.667
1.7113
2.481623
0.044647
1.2712
2.00139
0.20787
0.56127
-0.944
0.7992
-0.7896
-2.269
NA
NA
-0.5172
0.4841
-0.2731
-1.60172
-0.31693
1.98824
0.86481
0.7238
-0.872096
0.8398
0.05942
2.9394
-0.691
-1.10769
0.06699
-0.22508
-1.13897
-2.0666
-0.263181
-0.1977
-0.482
-0.94917
9.43
-0.576
1.3974
-1.1969
-0.472829
0.62377
0.348
4.21
-0.512
0.46326
0.09048
0.31502
1.87973
6.06969
-0.1531
-1.095601
2.2397
0.157095
-0.81696
-2.0321
0.2722
2.9763
1.94175
-0.3675
-4.199
-3.082723
0.14921
-2.11896
-0.0886
0.61581
-5.1615
0.461617
0.85776
0.26946
-1.582
6.55071
0.5718
1.91535
-1.66069
0.1311
1.520435
2.0315
NA
-1.7019
-2.9976
-1.1219
-0.36328
-1.4599
-3.84
-0.7127
-0.8656
-1.166572
2.15173
0.31978
-0.6197
0.608
0.7235
0.18154
0.136773
2.4853
0.344607
0.9562
-1.71649
-1.19107
2.3736
-4.6627
0.36909
-1.7902
0.7579
-0.8424
0.92783
3.14291
1.05387
-0.43184
-1.77649
1.9519
NA
-0.683
1.799562
0.0432
0.2973
1.1621
1.89052
-3.635
NA
-0.1474
2.3382
1.41133
-4.94043
-0.19194
1.3864
0.58098
2.0215
-0.32614
-8.9305
-1.07592
0.9385
2.57646
0.77139
-1.26565
-2.07975
-0.180726
-0.75645
-0.6842
-3.2069
1.0238
0.4686
0.7721
2.34
-0.51716
1.48051
4.4133
-10.8
3.21
-1.07502
0.6983
1.7506
1.15194
-0.4932
0.510499
1.2205
-0.3158
2.0175
-1.29598
0.3128
1.4802
-0.3126
-2.58842
-0.233
0.4966
0.5316
0.69119
-0.47966
-0.584
NA
1.725534
-3.3598
-0.99883
3.35941
-0.27641
2.3667
4.18225
-1.94439
-0.442
-0.0687
1.94469
-3.56814
6.45
NA
0.57262
-3.7588
-1.24
0.654
3.0264
-3.01339
0.33115
1.6144
9.4212
-0.59189
-0.5762
1.02785
0.51176
2.035861
1.36748
0.58127
0.365411
NA
NA
-2.59856
1.17756
-0.533
-1.27949
-3.09755
-0.102
-2.04
-0.48986
1.39211
-0.35605
0.23695
-1.11256
-0.85224
-0.80447
3.4801
-1.94315
-1.29374
-2.57
0.36245
0.90843
-0.94351
-1.5164
0.6891
1.2633
-1.1164
-0.96081
1.6011
-0.5599
0.7486
7.51871
0.6914
0.181
-3.9731
-0.19524
-0.1582
2.54333
-1.80258
0.2599
1.529605
NA
2.97922
-0.89719
-2.62507
-5.3093
-1.57812
-0.40739
0.4507
-1.0672
2.39587
-0.2469
-0.77924
0.3188
-1.24277
NA
-2.61582
-2.81291
1.38828
0.06519
-2.765727
0.2577
-3.18464
0.5372
1.0868
-1.42364
NA
-0.2686
1.51056
2.0616
22.63658
-2.68895
-1.3946
-1.43
0.4594
3.2424
-0.079404
1.2081
-2.9488
0.4369
-3.6017
-1.6425
2.03138
1.10648
3.24546
-0.56151
0.203
-5.98565
0.7027
-1.04
-2.3
1.2397
-3.3115
0.8611
-2.36034
-4.69937
-1.0172
-0.93865
-0.57089
-0.8731
1.7606
0.9705
0.05051
-4.39771
NA
-0.13921
0.66256
0.16775
0.0298
-0.74078
2.32069
-2.8031
-0.8913
0.3595
5.17309
2.49266
-0.07087
-1.65135
3.7154
-1.62335
0.4823
-3.2385
-0.39673
8.3314
-0.02926
1.22039
0.2088
-1.88
0.02386
-5.30786
3.81466
0.1224
-0.6002
1.1407
0.349
-0.51491
0.79231
-2.0019
-0.5279
2.01521
2.15
8.145242
-1.40135
2.42801
1.4545
-0.19805
-0.90494
4.28829
0.27162
1.3771
-0.461
0.75169
0.455
1.17572
0.25177
1.23
-0.2546
-1.4841
2.5662
-0.8185
NA
-1.1094
4.2753
-2.46461
0.6482
2.24548
2.26459
-0.71015
1.9716
-0.2439
0.775435
-1.25012
-3.9655
0.98838
-0.8254
-1.28
-0.89827
-1.49491
-2.3167
-0.21091
-0.193
1.03
2.59867
-1.5463
2.79025
2.30541
0.02875
-0.21894
0.10497
-2.76737
-2.13
-3.048719
-0.6502
-11.98161
NA
-0.1054
-0.59558
-4.34733
-1.549
NA
-0.25791
0.07787
-3.65679
2.39154
0.7315
-1.0477
-7.55032
0.1057
-5.93939
1.47719
-0.886
-0.4849
3.99
0.68123
-0.036887
1.27269
-0.7204
NA
0.07939
0.343
2.3214
0.41231
-0.447
-0.474
0.76403
4.53615
-0.037012
-0.1845
1.89261
-4.67269
-0.6541
-1.68
-0.91687
1.60857
4.09018
2.326639
1.6021
4.60954
-6.25
0.048275
-0.802433
0.07811
1.29007
-0.12214
-0.696348
1.62631
0.2162
1.83888
1.81
-0.92378
-0.799796
0.730607
-0.592628
-0.78138
-0.888
-2.66
0.31991
1.82931
-1.7654
1.29
2.7287
0.583
2.81369
-0.802
0.36937
2.6758
-2.98
7.24668
-0.5039
4.5649
0.4
3.6342
-2.37
0.938
-3.63
0.1374
-0.74
-2.69
-0.4662
1.32
-1.11315
1.112814
-0.0844
-1.3653
-2.760856
1.515741
1.42
-0.366
1.939365
-2.397462
2.408495
-0.292628
-2.122905
-2.2
-0.391505
-1.97233
-1.657086
1.41082
-0.119
5.51
NA
-0.6082
1.3204
1.524045
2.02
0.25954
-1.85
2.08111
0.4897
-0.848511
-0.2017
1.34
-3.29
-4.1513
0.8553
0.39613
2.64
1.02
0.391
0.0789
-0.661748
2.65
0.00335
0.89302
0.470413
-0.3864
1.9
-0.69481
0.18756
-0.98475
-1.471452
-0.80387
1.77
-0.207
-2.720396
-1.37
-0.5329
-0.41
-0.0138
-0.674397
1.27
5.317
0.798245
-3.15
0.1902
0.288
-4.907996
1.279548
2.02
-2.19698
-2.8
0.579
NA
-1
0.81913
-0.939325
1.313803
-0.07337
1.92
-1.79
0.96312
0.715
0.816
-2.73952
-0.556
-1.475196
-0.772096
2.9
3.283543
2.382524
0.390685
-0.416
-0.525944
1.35
0.377022
2.9904
3.40741
-0.0769
7.2786
0.842772
1.106885
0.189
1.19
-1.0145
-0.55579
1.80435
0.954461
1.72522
-0.895
-5.42986
-0.59
2.228323
1.43
-3.91108
0.278
-1.977027
-0.65095
-0.859396
0.524
0.00508
-2.301166
-0.424
0.7131
0.654
0.45277
0.5473
1.13737
1.430043
-0.201151
-0.561
1.3
1.341248
-0.488808
0.532
0.15503
1.310127
0.0421
0.89
1.2229
-0.46841
-0.413
-3.8278
-1.1
-1.8585
-0.53
-1.71
-1.83209
NA
-0.1925
1.68
1.283285
0.49648
0.619978
2.11301
1.357642
-7.26e-05
1.96
-1.217
-0.900425
1.91
0.915469
0.145462
0.749
-0.4857
1.374127
-0.1147
0.739
-0.03404
-3.15359
-0.306
-0.701
0.9686
0.7943
0.689
-1.337863
-0.741266
-2.0663
1.395075
4.06
-0.874016
4.73
0.067091
0.160544
0.448
0.3994
-0.407535
-1.0843
-6.084859
-0.028
-2.5698
-0.3172
-0.04112
3.47
-1.51997
0.48484
-0.38536
-3.478762
3.18235
-0.134208
1.181687
-0.24487
2.15
-0.48367
0.27307
-2.59101
2.64
3.649215
3
-2.42
-0.630616
-1.22013
-1.97106
0.0684
1.41212
-0.243
1.08
-0.057398
-0.2108
0.20783
2.535649
1.711091
0.468282
0.459743
1.734501
0.889956
-0.667
-2.184336
-1.91151
0.305
3.36133
-0.1257
-1.51477
1.29
-2.5736
0.177
-1.34089
1.04967
-1.2489
1.36208
2.13358
1.6
0.63827
-0.5617
1.6143
0.16915
0.10483
2.91
3.09
1.26591
-1.0243
-1.04102
-5.68571
-0.904
-0.65024
-0.57
0.61642
0.731
-0.4937
-2.39
-1.76091
1.62063
1.86622
0.75354
-3.2754
0.431
0.2788
0.26
0.0743
0.3843
-0.77109
2.33688
0.46608
-0.262
0.535
1.46694
-2.785452
-0.293003
1.4472
-1.37204
-0.12381
-0.06981
-2.5843
-0.622635
0.17407
4.78
-2.5773
1.7089
1.4828
0.427
-0.19025
-3.12
1.24
-1.17608
0.9634
-1.81
1.0681
1.07
-1.33839
-0.90311
0.22048
2.5848
-2.52198
-4.037
9.24182
-0.25899
-3.1025
0.608411
0.72522
0.8436
-2.62666
-1.60105
-0.0185
0.993
-0.1925
0.8721
3.31
-1.03
-2.46493
1.03724
-0.87854
-1.23447
0.5567
0.28486
-0.62336
0.18227
-0.6141
-0.39526
2.65612
-2.89557
-1.0712
1.530485
1.96343
2.6488
0.95406
-0.12116
-2.63863
5.89072
0.52917
-0.06114
-1.52749
-0.4256
-0.25333
-0.2664
0.0403
-2.27
-2.56592
-1.56836
-6.09
4.19114
-0.13426
1.40963
-0.1022
1.33
-0.26023
-1.0055
-2.38596
-5.110216
1.08796
-0.73601
-0.82033
-2.79662
0.1649
-2.98024
-1.02342
1.07333
-1.0097
-0.01066
2.64
6.80032
-3.30838
2.37454
1.7731
0.41927
-0.72821
-0.176
-2.11786
0.24838
2.45393
0.4954
1.47173
0.30582
-1.35529
0.75197
2.10108
1.413
4.33919
-0.67503
-1.7111
-0.53442
-3.56725
-1.6372
-3.26734
-1.5458
-2.4492
2.93
-1.95
-2.52745
2.78413
-0.29083
-3.54
-3.10663
1.0314
0.1812
0.72753
-0.38091
2.4114
7.20895
-0.70216
0.14675
5.30775
-6.55412
0.63631
0.26658
0.218936
-1.16583
0.4971
1.05421
-0.26881
0.921
-0.85297
1.7197
-0.0321
-0.19063
-0.0262
-1.2113
1.176712
0.02965
-1.04396
1.52358
-0.07582
-1.4522
-2.87041
1.25278
-0.73994
-2.65145
-0.71419
-0.76812
0.89298
0.27675
-1.160051
-1.8707
1.0722
-2.18027
7.2452
-0.131
-0.53001
-0.684899
-1.7265
-0.26218
1.2744
0.798
1.19
-1.08469
1.58261
0.58912
0.6525
-2.75417
-0.99388
0.52254
-0.25297
2.13552
2.407
1.72667
1.79
2.5281
2.46175
0.04398
-0.01464
-2.12229
3.80314
1.56161
-0.3099
4.45742
0.68367
-1.06756
-3.20225
1.35354
-1.92301
1.6599
1.75994
1.69892
0.56548
0.28429
-0.11168
-6.07178
1.7643
0.84119
-0.56437
-0.0665
0.06319
0.42399
2.16425
1.65904
-0.051
1.195078
0.09856
0.46052
-2.24922
1.77729
0.83553
1.44925
0.93025
0.78235
-3.0883
0.0895
1.112084
4.703999
-3.24475
-0.4305
-0.37908
-0.46185
-5.77144
-1.02756
0.8302
-0.11533
-1.92722
0.9118
1.19657
3.5379
-1.156128
-1.22174
-5.73109
-2.10152
1.12874
-24.96534
-0.02747
-0.01458
-0.521407
0.0423
3.47134
3.87117
-0.4696
0.16464
-1.06167
-1.24848
4.65352
-2.75841
-0.16416
2.72177
0.058657
0.50038
-1.0129
-2.91
0.65684
-0.62073
1.2283
0.03833
0.1412
-0.66741
-1.79777
0.02854
2.71388
4.235722
0.755928
5.7389
-0.21757
-1.23758
-4.3013
-1.02
-1.405207
-1.8964
-0.828073
6.574209
0.34
-0.9594
0.200544
-0.0212
1.337332
-0.2416
-0.447
-0.563896
0.4889
2.197019
0.264
1.196496
0.2088
-4.290549
-1.2534
1.04208
0.256705
-0.5842
0.8443
-1.035788
0.945812
0.324726
-5.351388
0.4388
4.214
-3.75832
-0.338356
5.451286
0.385296
1.481348
0.80737
0.873
-1.302293
0.280294
2.627434
1.918889
1.087594
-2.946239
-0.13042
-2.732615
-0.314757
1.152383
-0.420929
-0.446893
-1.919263
-0.0062
0.946781
1.700303
0.6484
-4.56681
0.446697
-0.457
-0.232801
-1.357704
0.719
0.342585
0.1467
-0.476
-0.474
-0.246
0.5934
-1.727
0.0729
0.7676
-4.3405
-1.4003
1.323
-1.4342
-0.4867
-0.6052
NA
1.4177
-1.6229
2.952869
4.9846
6.5046
0.3282
-4.2129
-0.7656
-0.846
0.196046
-0.281
1.6432
1.8473
2.2442
0.755
0.4438
2.4432
2.7912
-1.9852
-2.3603
1.5843
1.8974
1.3492
0.988
-4.5009
1.4818
-0.1025
-0.7679
-0.7638
-1.0264
1.1099
-0.2306
-0.1189
1.9088
-0.9463
-4.4403
1.563
-0.7267
-1.0588
1.0993
1.0911
-1.0075
-5.8527
-1.3323
-1.68
1.68
-2.73116
-1.8027
3.7224
0.3346
-2.2059
0.609
1.13
-1.04
0.8939
0.3944
3.64741
1.4913
-0.655
1.14
0.70543
5.49
-0.4015
3.06462
-0.254
-1.3348
-0.796659
-0.31
1.63
1.6069
1.854414
-0.61647
1.58
0.483
-0.364
-3
-5.9343
4.44
4.0005
1.53
-2.63336
-2.3896
7.02
-2.17
-1.0245
-0.0827
-2.03
0.1492
-0.537
-4.13
3.49
-3.35504
2.39719
-5.29247
0.316
-1.54821
-0.34158
0.883
-0.12117
1.13
2.09394
-0.567568
0.5473
3.143099
6.109007
-2.1083
0.469
1.3661
6.4038
0.771
-0.359
-1.84
-2.7654
-0.6392
-1.1115
0.582
0.3664
-0.04794
0.0095
-3.18148
-0.136854
-0.0543
1.5693
0.03828
-0.903
3.77
1.24
1.25366
-2.97
-0.468
2.39
-2.13
-4.38
-0.265
2.19316
-0.9383
0.5036
-0.0949
3.92932
-0.91334
-1.699909
0.03038
-0.5608
-2.75
1.2678
-0.4461
-1.503135
-0.928
-0.255
-0.0118
-0.065
-3.0014
3.2
1.049673
2.34
1.33
-0.10627
-0.9658
-0.0711
-2.20154
-1.387016
-0.574
-1.3033
1.03
-0.633734
-1.12
0.445
-5.2237
-0.182
2.134103
0.0212
1.3022
0.93382
-0.92319
0.7739
1.38927
-1.5549
-1.2676
-0.15694
-4.3553
-1.254164
0.11251
-0.565
-6.53
-0.46414
0.6187
1.1568
0.341716
0.479
-1.53
0.63182
-2.17312
0.372
0.7257
0.45972
0.752
1.31
1.3133
-3.51208
6.71881
-1.21066
0.0762
0.265036
0.13176
0.132
4.24382
0.838858
1.4407
-0.535
-4.4
-1.66496
2.29502
-2.6064
-2.17
0.43
-0.4301
6.68
-2.145251
-1.41324
1.19255
-0.206
-0.98
0.3025
-4.052
0.499779
-1.23
0.342
2.23
-1.18525
1.7
-11.9
NA
2.88413
-0.684
0.1561
4.03
-1.5874
0.3736
-1.433585
0.941
-0.85139
-0.440189
-0.10314
-1.37
-0.083
-0.0508
0.729
0.64996
0.8918
-1.25195
0.887
-0.2742
-1.45751
-0.476
2.45
0.22246
2.45603
NA
1.78
0.668
0.334
-0.15
0.9754
-2.44
0.603
0.64393
-0.224
0.417
1.55
1.28
1.35
-6.67
0.436
2.86
0.735
2.41
-2.76
-2.09
-0.829
0.351
-1.75
-1.2
1.59
-12
-12
1.33
-2.15
-0.227
-1.12
-0.455
-2.15
1.48
-1.92
-0.132
-1.1922
1.9
-3
0.367
1.84
1.2
0.397
-0.464
1.28
-2.52431
-0.704
-1.2271
-0.374
-0.591
1.05
-2.04
-1.85
3.63
-2.71
-7.66
-1.25
-0.855
-2.23
1.77
-4.73
-0.459
-1.27
2.613402
-0.955
-0.202
-0.8669
-0.917
0.396
NA
-0.411
-3.41
1.86
1.13
-0.343
-0.3894
0.85987
1.0818
0.0759
-0.144
0.5411
-0.032
-0.546
1.7786
-1.09
1.07
-1.1286
1.65
0.68
NA
-0.186
-1.56
-0.48586
-0.32317
-1.24
-0.8755
-0.213
0.7573
0.4741
-0.558
-0.65453
3.1
0.9863
1.83
-1.29
0.1953
0.52311
0.5842
-0.7367
1.35
0.9808
0.358
-2.91
-2.96
-9.35
-6.54
0.1104
-2.91
0.5561
0.313
0.101
0.328
-1.4672
1.8927
0.674
1.2
0.1455
-0.246
-5.04
-1.27
3.17
1.3657
1.1037
0.83361
0.286
-0.1125
-0.673
-0.939
-1.86
-0.51461
-3.3308
1.34
0.657
1.21
-0.9401
-1.1698
3.24
-2.843
-1.76
1.66
0.439
0.672998
1.02
-0.376
-2.650799
-0.6428
-3.72933
1.43006
-1.04715
-3.27397
-1.59105
-6.69
2.77239
1.5351
-0.683
3.29
5.69
-0.4511
0.41812
0.14352
1.09068
-0.27651
-0.414
-2
2.45
1.17141
-0.11638
0.3869
0.6726
-1.89376
2.8
-0.4976
-1.13
0.37291
-0.1847
-3.16199
4.88
-1.12
NA
0.7852
-0.63238
-0.369
-0.57706
0.809
1.2485
1.70578
-1.8358
0.07008
-5.44
1.1372
1.07169
1.00332
0.8253
-0.01921
-1.71
2.44105
0.1306
1.9942
0.52396
0.08738
1.98
0.80017
1.97563
-0.4582
1.03796
-0.154
-0.36197
2.24131
4.34
-0.1037
1.3677
-2.94
-0.5304
0.36616
-2.5477
0.977
2.76
0.06388
0.4131
-7.27
-4.44247
0.57507
2.93699
-1.96692
5.8931
-0.2518
-0.8394
4.37
0.3601
0.3032
-0.187
-1.5665
-3.66
0.2747
-1.69
-3.22
1.6585
2.3523
-0.468
0.58911
-1.82492
-0.227
-1.84751
-3.7106
-2.22
-1.90692
-2.64
-1.10123
0.61469
-2.35535
0.574
-0.06293
-4.97588
-2.8222
-4.00757
2.56028
-1.7605
2.02319
-1.67783
-1.81469
0.37358
-0.4349
0.09818
0.45311
0.54389
1.2831
2.0966
-0.02369
2.76681
0.46704
-1.35518
0.5546
-0.74131
0.57595
0.68233
-3.795996
3.93864
1.4656
-1.71
0.12216
1.15267
-0.2574
-0.47519
0.04708
-0.194325
-0.6254
0.5476
4.73389
0.87347
-2.55
1.24771
-0.5242
-0.336
0.473
-2.82402
0.484698
0.40323
-0.7703
-1.65474
-0.319144
-0.2859
-2.89523
1.1602
-1.5018
-2.1152
0.77182
-0.16912
-0.59714
-1.96087
-0.177837
2.16
0.90032
-0.19991
7.09185
NA
-0.56194
1.66235
-0.5795
7.10528
-1.2486
-1.44557
-0.14912
0.6023
-1.95244
0.19255
-0.39723
1.39469
-0.48307
0.09582
1.19915
-2.39114
-0.61701
-0.6241
-1.58707
1.0426
2.44767
0.29187
-2.8337
-3.1789
-1.7029
-0.533
1.519809
-1.0104
-0.55503
0.63819
0.28311
-0.3456
2.43
-6.1033
3.341734
1.66
-2.9716
-1.3493
-0.29368
0.03802
-3.5688
0.9384
1.1755
0.98723
-1.4
-0.632
-0.835
-3.861
-1.97448
2.8013
0.5676
4.0148
1.29603
1.0961
1.40973
-0.4211
1.6055
-0.147
0.4423
-1.478
0.3187
3.608
2.63081
-3.088
-0.6805
-3.47
0.36317
-0.4124
-0.33846
1.9668
-1.36837
3.719151
4.72
-1.084783
0.654
6.00221
0.754768
0.211
-0.0307
-9.34212
-1.5609
2.09
-0.646446
-0.295627
-4.50311
0.59201
-0.03238
-1.7119
-1.19048
1.49722
NA
1.0129
0.738
3.53279
-1.46495
-1.647669
0.17586
-1.4886
-0.755329
0.238378
2.41619
0.07283
-3.37
-0.679246
-2.72603
0.4886
-0.0448
2.02057
0.0966
-1.12
-0.0192
0.72467
-0.00444
2.12684
-1.26238
5.5155
0.144
-0.31104
-0.63675
-0.5692
0.271843
0.343
0.9084
1.57
-0.08518
0.60965
-2.05188
-0.50065
0.50754
-0.6303
1.676854
-1.644508
0.31453
0.619
0.2119
1.11784
-0.8508
0.682
-0.7879
0.26275
-2.75295
-1.338244
0.7797
1.82352
-0.42965
0.9005
-2.111116
0.249626
2.48276
0.32846
0.04997
NA
0.379
2.68465
-0.811
6.26162
1.0822
0.00514
-1.36786
2.83328
0.2967
0.8378
-0.758
1.1541
1.10568
1.1607
0.128605
-2.619317
-0.82
1.05
1.109
-0.245
-1.843697
-1.66
0.178
0.6655
3.05
-1.79567
1.07749
0.8388
-3.02
-7.23388
1.06259
0.876
1.0834
1.735
0.34613
2.17295
-0.24602
7.11365
1.118222
-0.699
-1.11995
1.186536
-2.0097
-0.060566
1.8375
-0.6416
0.797
-1.752817
-0.83656
-1.59202
0.231
-1.7151
3.31645
-1.02
0.576
-1.2617
1.73322
-0.36802
1.302335
-0.00148
-0.583
-0.2133
-0.814
-1.58565
-1.1475
0.875
0.0082
-0.4983
2.50255
0.33007
-2.27667
-1.9291
-1.03448
1.81068
3.56104
4.978503
-0.472
-0.648186
NA
2.707
-0.2734
NA
0.22981
1.0652
0.73
0.0519
0.12079
-0.71097
0.3706
0.389659
-3.61384
0.64127
-0.3504
-0.025751
0.50488
-1.20521
0.677
-2.2665
-1.14745
-0.408965
-0.40347
0.65334
1.44
-3.35639
-3.4851
-2.18
0.9865
-0.59625
1.6147
0.0073
-1.4394
-1.21872
1.2497
1.96
0.33776
-3.3291
4.27
NA
-0.9516
NA
NA
-4.41662
-1.119544
0.0974
NA
-1.58528
-1.5352
-1.4044
-1.02
-1.82775
0.464082
-1.66469
-5.60413
0.085004
-1.23795
2.0701
-0.9055
0.84723
-2.11071
-0.25263
1.00515
-0.7969
1.59065
0.53668
-0.66771
2.66411
2.63
1.33617
2.4211
-0.11702
0.149
1.17
-0.4036
1.0438
1.26436
-0.45631
-0.03338
0.1518
-0.32889
3.86991
0.966227
-1.0634
-0.9738
0.4822
0.92629
-2.70093
0.133
-0.69513
0.3383
-1.801472
3.6651
-0.34562
-0.64719
NA
-4.2421
4.4188
0.574
1.8575
-2.5504
-2.7207
-0.2946
-0.43364
5.37069
0.3999
-1.848766
1.2039
0.43794
-1.91857
0.17233
-2.24588
1.9972
-0.16557
-2.01
2.05888
-4.62378
0.64873
-0.52978
-0.23094
2.80917
3.05202
-0.639049
0.06697
-0.1371
-2.9734
0.11875
0.88463
-1.25809
-1.0581
1.1839
0.62086
0.0918
1.15127
0.0555
1.97
-1.65806
2.28
0.9424
1.0794
-0.96725
-0.12715
1.51052
-2.12381
-2.517
0.0683
-0.2702
-0.5573
0.9682
2.92719
0.825144
-0.09286
-0.368
-0.749274
1.9465
2.03139
-1.481865
0.71567
1.310792
-0.1373
1.183553
-1.5486
-3.5233
-5.19606
-1.50198
0.54188
0.527846
6.91764
-0.7723
9.87564
-4.11
1.6901
7.97195
0.66496
-0.46737
-1.0474
1.59022
-6.60096
NA
7.91886
-1.604183
1.32378
-1.40839
0.5481
-0.04536
0.27814
-0.27163
-4.3061
0.53196
-0.30492
0.56881
1.976397
1.11331
0.56392
1.6034
2.63365
-0.4664
-4.2803
-1.8604
2.4987
NA
-3.32
1.79734
2.49
-0.3281
-1.2
-1.98
-1.434919
-2.4566
2.067
1.22
5.22
3.78569
0.8046
-0.736114
1.320108
0.842043
NA
-0.88402
-2.88265
0.97
1.1971
-0.84062
-2.5
-0.3135
1.508
-0.08467
1.165452
-3.52181
0.073766
0.211
-0.72706
-2.15
0.9114
-4.48161
-1.9573
-0.47609
0.7344
-0.3377
-0.6322
16.95951
5.49454
1.5673
1.5648
0.5755
-0.584
-0.6936
1.9733
-0.584
0.799199
0.0466
0.55171
1.84
0.839
-0.951224
2.92
0.8138
-0.0978
4.91
-0.786
NA
-3.62
-2.84
-0.008567
-0.3725
0.00631
0.3491
-0.35814
-0.3918
-0.75474
-1.467
-3.1509
1.32755
-0.04497
2.72858
0.4341
0.33131
1.55
0.24685
1.79
2.52
-0.69804
1.54288
-0.948
0.76367
0.387
1.13479
6.3195
-0.2798
0.14
1.0115
-1.33803
2.2231
0.72056
2.81
0.08764
1.1541
-1.123491
0.24706
-0.2638
-2.03
-4.16
1.300501
0.82781
-1.3833
1.705636
-0.886666
1.77
-0.734
1.6179
-0.0852
-1.635503
-2.252001
2.70758
1.988785
1.2686
-1.042505
-1.451598
-1.34232
1.91
0.59039
-1.5024
1.09
2.572348
3.126
-2.5799
-1.1
3.57
3.29417
-2.8268
0.8405
-0.43101
2.163996
-2.98
-0.141
5.565881
-0.909
-0.1097
0.668915
-1.69
-3.05
1.3326
0.827
1.796
1.35
0.8202
0.05258
-1.238892
-1.4592
1.06
0.8789
0.86139
-1.48211
-1.1496
0.4454
0.4119
2.59
3.44506
0.4652
0.127
2.2133
-0.7552
2.83142
0.8965
2.49
-0.2458
3.4343
12.8
-1.24306
-2.72334
1.92157
0.92671
0.409
1.5626
-1.847534
-1.6032
-3.81
1.59125
0.3056
-2.49499
-0.126424
1.33954
-1.5484
0.9207
-1.8057
4.78
0.11712
2.78
3.02
NA
3.05
-0.15967
4.6817
-1.8865
0.813
0.45963
-0.7697
1.32
NA
-0.1481
1.840865
0.2507
-2.79
-1.1151
3.55
3.6522
2.58401
0.9823
-1.0233
-0.4697
-0.39424
-0.353
2.98
-0.7468
-3.5629
-1.78
-3.10525
-1.04288
0.91003
0.215
-0.18472
-0.1438
1.46
-2.09
-1.87015
-0.339
2.91
0.6504
1.534
-1.971
0.88356
1.89
0.4095
-2.6473
-0.7472
0.780481
-0.0829
-0.1006
4.08
-0.36125
-1.5443
2.19
2.79
1.82213
2.29
1.3109
0.813295
0.44416
-0.242
-1.010272
-0.31646
-1.1513
-5.9986
0.62703
-1.12617
-1.74
-0.7612
1.5225
-1.2
0.6118
0.521
-0.1389
5.1
4.54
-0.5458
-0.950798
-0.0156
NA
-6.44
0.714
1.3139
1.05625
2.99
3.30678
-0.3726
1.27
2.21
2.9411
1.28
1.5687
-2.02
0.6579
-0.612
10.69036
-1.169387
-4.4182
0.79385
-0.67147
1.6
0.708
-0.914
-0.83742
0.1985
-0.8231
4.1433
-0.0633
-1.790592
1.18304
-0.993
1.23945
-1.8591
0.27812
1.6489
1.94204
-2.248786
0.6747
2.17
-1.91714
-1.49
1.4366
1.32392
0.486
1.22637
0.532
0.5146
-2.674
0.8782
0.485862
-1.17685
1.46
0.386
0.38617
-0.9683
-0.259795
1.5471
-0.0359
0.6592
-3.08655
-0.25282
-1.60239
-1.12
-1.63063
1.47665
-0.176673
2.24
-4.12
-1.05039
1.49
-0.774127
0.8776
0.94779
0.286
1.4256
0.81221
-2.43
-1.4935
0.57216
-1.15925
0.411049
-0.11906
3.5623
-0.62043
-0.3562
2.59841
1.36701
-0.85213
1.1
3.14974
2.83
-1.765435
-0.371
1.02
0.582
0.483
1.463619
-6.69
-0.30347
1.685242
0.672138
-1.288
-0.17998
-3.28004
-3.39944
0.40419
-0.7909
-1.4926
-0.59858
-0.6543
-0.504
-0.74148
-0.427
-0.61109
1.39
1.52696
1.26
4.01459
-3.56
-4.99
1.77
1.967803
-0.646158
-0.05072
0.07152
1.26757
-2.49057
-1.2508
-0.81825
0.113
-1.01
3.09
-2.233926
-0.513625
-0.1635
-1.315136
-2.1117
0.37832
1.3132
0.338
NA
-0.478
1.66599
1.12
-1.458
-0.06898
-0.817
2.92
3.06701
-2.22413
-1.69978
NA
-0.08143
-1.7517
NA
-1.92
1.425349
0.54053
-1.107446
2.68376
1.9
-0.42
-6.18
-1.78
1.3661
1.9607
-0.574923
-0.1522
0.503
1.2209
-1.19401
-0.6357
1.095
-2.4543
-1.64618
1.13
3.07677
0.637
-0.39789
-0.78347
-0.848594
1.2001
0.473884
1.01593
-0.331
-0.1638
3.02247
1.28
-1.6588
-0.50153
-0.8231
3.37671
1.87733
1.289699
-0.9506
-0.61685
-0.84
0.7213
0.25104
1.87
0.293
-1.7596
-2.5819
0.65491
0.533
-2.7941
-4.7089
-2.58239
0.59398
0.26821
0.319
-0.53314
1.69
-2.535799
-1.93693
0.74078
-4.59647
-0.7248
-0.12174
0.688
-1.83587
-1.30264
1.46883
1.241879
-1.1555
2.9031
-0.7136
2.03048
1.52298
NA
0.907928
NA
-0.496397
NA
1.44
0.03275
2.41442
1.297878
0.61147
-0.3813
-0.405
NA
1.48401
1.0732
-0.914
0.966703
0.293
-3.82924
-0.390694
1.39298
-0.8731
-1.10637
-0.61018
-0.997
0.175024
0.1986
NA
1.00105
-0.4768
-4.3752
0.562
-1.11923
1.1085
1.2294
1.83746
-1.1689
NA
-2.1251
1.51455
0.01384
1.24
-4.5826
-0.52076
0.25742
1.22673
-0.31
0.11503
-0.859
0.48907
-1.0624
-2.3673
0.5546
-1.93043
-0.75956
1.11046
