-8.57213
2.0722
0.8369
0.3665
-1.26491
0.21612
-0.0233
-1.4754
3.1491
1.34
-6.48319
1.3845
0.6014
-3.8193
-1.39
0.6198
3.35268
1.059
-1.90122
0.45068
-1.50952
-3.0932
-0.2751
0.6102
-2.01559
-2.44889
-1.62778
0.1628
3.35584
1.52747
-2.7703
-1.2411
-1.06
2.1831
3.9106
0.7401
0.8319
-1.1209
-2.87923
0.29875
-0.4003
-1.9779
-2.0542
-1.2656
-0.9809
7.6305
1.4063
-0.48613
0.28851
-4.00554
-0.85982
0.82244
-0.3162
1.31911
-7.0348
1.0042
-3.042
0.46196
1.5149
-1.5965
0.7903
-0.1772
-4.0419
-1.9552
-1.0363
-0.12985
0.5255
-0.5356
2.04687
1.0079
-2.84
0.0176
1.6762
1.5385
-0.45706
4.50975
0.48832
1.6835
1.7965
-0.7639
-0.668
0.4964
6.52728
-0.4387
0.0573
3.7139
-1.9525
-2.39297
0.68768
1.05422
5.2546
2.0624
0.4103
-0.12299
-3.3933
-0.8059
-1.25914
-4.164
0.52021
-2.04694
NA
-0.0029
0.08403
-0.51826
0.2734
2.12
-0.6438
2.6985
-1.32805
-0.95393
2.4134
-0.2492
-0.3299
0.05764
2.461
1.12452
0.97534
-0.76338
-1.6504
2.2109
0.2399
0.286
-0.535
-0.3428
2.1623
2.40676
-4.01798
0.745
0.9572
1.7541
0.89151
-1.82907
1.6551
0.69236
0.01274
0.89301
-0.0573
-1.5777
-0.6669
-0.06667
0.27074
-0.03695
-1.14318
-1.58411
-1.57616
0.2355
-0.8945
1.8366
0.0745
0.3691
0.9567
-0.0285
1.5574
-1.2174
-1.2503
-3.3232
0.15009
1.4296
-0.0411
-1.58
-2.8005
0.2367
-1.14679
1.0232
1.2063
4.6803
0.9627
0.1708
-0.48542
-0.1837
1.3055
7.06728
-0.636
1.1575
4.1337
-1.50275
-0.7142
-2.2756
-0.48429
-2.3029
-1.50197
0.34524
-0.61182
1.6402
-2.80825
-1.6152
1.535
1.39
2.9883
-1.7271
3.1566
-1.8925
2.6627
4.74373
-1.2636
3.9278
-2.0062
-1.1555
-0.3928
-0.085
-0.7179
0.3912
-1.99
-1.3165
-0.7066
0.5716
-1.57493
0.64102
-1.6978
-1.4245
-0.88915
-1.0661
0.74818
-0.55543
-0.487
0.0612
-0.68
0.1353
-1.59
-1.0001
-1.4421
1.2551
-4.5315
-0.8947
-0.6439
0.23368
NA
-1.27627
6.71251
-1.7472
-2.51837
0.515
-0.03615
-1.07289
0.8459
-1.21807
-1.53921
-2.922
0.50304
-2.94887
1.00594
2.56609
-2.47041
0.07071
1.7653
0.14362
-0.0589
1.0368
-0.2113
-1.94661
0.89077
2.68364
0.09519
-3.4851
0.8577
-0.3704
0.5615
1.9746
-1.618
-0.5599
-1.57889
-2.6299
-1.0412
0.22954
0.54578
-1.34315
0.3442
-2.0113
-2.8137
0.14767
1.68438
-0.28365
0.41248
-0.89504
3.2369
4.72404
-1.32375
3.4375
1.0291
-1.83
-0.25281
0.52706
-2.5777
-0.1124
-2.83286
-0.00306
-3.7178
-1.09409
0.9474
-0.8339
2.59
1.2252
1.61601
2.1545
-1.8172
4.45594
-4.25093
-0.445
1.74729
-6.2648
1.34761
-1.558
-0.8369
-2.03
0.5689
-1.3058
-0.28358
0.44091
3.4998
-0.8024
2.371
2.66864
0.6118
-1.60452
0.93419
0.5875
-1.4334
1.18384
-0.9243
1.85033
4.16782
-1.5656
0.345
0.0457
0.02687
-0.41939
0.35472
1.69254
-0.4705
-1.0062
1.6235
3.1147
-1.3551
0.64053
-1.2325
0.08033
1.531
1.9123
-0.65899
-0.83196
-0.6161
NA
-1.1679
1.75682
2.7239
0.08373
1.8499
-1.8172
-1.43305
1.0975
2.1145
-0.6008
0.671
-3.1853
0.1051
0.4601
-0.7431
-1.84238
0.6817
-0.0315
0.5101
0.6249
0.0673
0.449
-0.21625
-2.40577
1.8613
-3.72361
1.64788
-2.67986
-0.84596
2.3941
0.7407
2.9517
1.6738
0.79894
-0.50705
3.3325
-3.2987
1.8093
0.85
-1.57974
-0.4179
18.0293
-0.0693
-0.96599
-0.2768
-3.1886
1.7577
0.9125
-0.7876
-1.71173
0.63201
-0.5948
3.07355
0.36586
-0.62338
1.39201
2.0666
1.50339
2.33431
-2.13457
0.73623
6.94685
-1.78412
-0.3849
-1.8244
-0.7762
-0.67641
0.5864
-0.47086
2.17813
2.0536
-2.05
1.2309
0.6378
4.7573
3.2271
1.96491
1.87075
0.12988
-1.1122
0.5841
-0.1509
0.7106
2.9543
-1.1239
-3.2092
3.2208
-0.0639
3.1267
4.8969
-1.708
-2.5829
0.4701
-9.95913
-1.1936
-0.6494
-1.5572
1.2046
0.2021
0.148
2.5995
1.5831
0.3
1.0876
5.2758
1.4755
0.8709
22.0116
-0.3446
-0.5021
0.4365
-0.9878
-1.4312
-5.0388
2.6142
-0.1491
0.5758
6.0049
-0.8884
-1.1309
0.9536
-5.318
-0.365
-0.931
-0.02477
-0.73191
-0.92208
-0.0122
1.7037
1.2016
-2.42764
-0.87803
0.40015
2.43442
-0.05626
0.19436
-0.8109
-0.141
0.72032
-0.9988
1.2833
-2.8916
0.8949
-0.42968
11.32101
-2.5376
5.1509
-0.3405
1.3073
-1.5554
-0.6482
0.89365
0.935
-0.13869
-1.00186
1.3158
0.83226
1.0103
0.0299
0.2588
-1.0062
0.6511
-2.1388
1.30673
0.087
-0.0701
0.04189
-8.32804
-0.30748
-10.41875
-0.14503
NA
3.5715
-2.98347
0.15117
0.29072
-0.8724
-1.06
2.3871
-1.87674
-4.2666
2.3729
0.6281
-0.7645
0.20203
-1.7094
2.81749
-0.77721
1.55708
-2.7618
3.89618
0.32705
4.17639
7.32391
1.03266
-4.33347
-1.83337
0.73943
0.7655
-1.3633
1.7024
-0.97156
0.2083
1.67789
0.06603
1.16042
-2.83119
-0.72288
-1.91356
-0.45648
-0.05383
-1.07062
-3.8213
-0.00474
-2.0551
0.42428
-2.92164
-0.66986
-0.24815
1.63064
-0.25678
1.97766
1.0084
0.77643
-0.96762
2.4314
2.19855
-0.13192
-2.7293
2.19327
0.19464
-0.21669
3.16873
0.35892
-0.09274
-0.47097
1.16097
6.19217
8.59426
8.46341
-0.9354
-0.64503
1.61981
-0.13384
-1.6536
-1.0305
0.693
-0.1589
1.2286
-1.372
-0.8019
0.4453
0.1571
-0.9333
0.032
-0.7973
-1.8158
-1.3527
-1.5465
0.8769
0.9781
0.7204
1.2134
2.4095
-0.2838
0.1931
1.2267
-0.0125
0.6824
0.5563
-0.5517
1.8174
0.1535
0.1255
1.392
4.6837
-3.7597
1.3635
1.6423
-0.7466
0.0213
-0.0981
1.2137
0.8388
-3.2837
1.3412
-3.4184
1.2731
-0.4697
0.5979
-0.7517
1.5631
-1.0328
-0.7902
2.3846
-2.2082
-2.7313
-0.1732
2.0063
-1.1496
-1.4995
-1.197
2.4256
0.6152
-0.76691
1.13242
3.28762
1.96609
-0.0528
0.39909
-1.46171
2.22167
0.75767
1.54801
-0.99564
2.44704
0.46006
0.0185
-0.55069
-0.66392
1.49874
1.95995
-0.0373
0.14698
-2.20213
-1.99086
1.05959
-1.16997
2.87951
2.59292
2.28553
-7.50011
1.5243
0.05695
-2.19792
-1.7041
0.0736
1.2333
4.8449
0.33027
-4.73003
0.63914
-1.32201
0.15794
-10.20123
0.81758
-0.26269
0.6537
-1.50703
0.01779
0.58163
-3.97769
-5.70817
-8.09828
1.138
-1.77963
-2.5668
-4.73564
-0.65127
0.90197
-2.0306
-1.06822
-1.18927
-2.05954
1.14092
-1.8446
1.0959
-2.00469
0.0485
-0.9778
0.13788
1.14677
0.1448
0.98306
0.41764
-0.0505
-0.95189
0.5125
1.41595
-1.26682
5.44657
0.84068
-1.25154
2.08928
0.2452
-0.75792
-0.16605
1.2987
-0.4823
2.3171
1.69675
1.82638
0.8836
1.53884
-2.1659
-0.6733
1.6017
-5.9107
1.9702
-0.5259
-2.0272
-0.7398
-3.3271
-3.264
-0.7287
0.49
0.2399
2.8984
-3.3799
7.7681
1.0947
-0.1124
-1.3873
3.0149
0.342
-1.2376
0.4228
1.3576
-0.8145
0.3275
-3.1587
0.327
2.6042
1.5941
6.2093
1.0787
-1.902
0.715
-0.0417
-0.965
-1.5372
-0.0113
-0.5759
-4.5563
2.0561
1.6034
0.5873
0.7813
-1.3829
-0.3203
1.0614
-3.7759
-2.9578
-0.7199
1.6696
2.3986
-1.1126
-2.3281
1.2681
4.6527
0.076
-0.6411
1.4706
7.531
0.5876
-0.3923
-0.6142
-1.15703
-5.49128
-1.0389
-0.24806
0.73591
-0.14526
1.96566
-0.232
0.3103
-2.7052
0.75932
2.18986
2.29926
0.9734
0.69096
0.21938
0.87789
0.88479
1.3089
-1.12482
-1.60059
-1.71619
-0.11687
-0.86957
2.85082
2.95998
0.09653
-0.68276
-1.06878
-0.42354
0.05687
2.23861
-0.34919
-1.02846
1.75273
0.78212
-0.02933
-0.41849
-0.55113
-1.98178
-0.13511
1.39181
-0.61431
1.24293
-2.35906
0.25924
0.16463
1.18155
-0.22315
1.339
-3.7093
-1.2764
0.454
-1.0915
-2.052
4.6379
2.2936
-2.1384
-0.5748
0.2655
3.4133
0.5915
0.0505
1.2942
2.7202
-0.447
0.2549
-0.11028
0.96561
0.38103
0.95282
0.935
0.61368
-0.25286
-1.07817
1.33592
2.07086
-0.25853
0.34264
0.58775
-2.74417
4.4247
2.0026
1.0102
-1.77864
0.9521
1.4435
-3.9191
0.092
-3.2329
-2.2542
4.9807
2.9147
1.6195
2.0494
0.674
2.7751
-7.3897
0.1406
-0.9874
2.677
3.1918
0.0067
-0.8967
-2.1638
1.3638
-2.9211
0.5151
1.8061
-0.8912
1.42
-1.5386
-0.3795
1.624
1.1406
-0.0874
1.98
-0.686
3.27
-2.78
-1.35
0.542
-0.00661
-1.37
-0.281
-2.56
-0.395
0.0632
0.77
-2.62
-1.49
0.517
0.0851
-1.28
-1.2
0.46321
-1.03414
-1.71552
-0.5041
3.6677
-2.77979
-3.84193
-1.27881
0.77387
-1.80868
-0.9671
-1.14651
-0.0119
-0.07418
-5.13494
1.62032
-0.09431
-1.7541
-1.1479
2.8333
-0.1264
-2.0467
0.2881
0.882
1.1786
1.2528
0.3704
-12.1247
0.0922
2.4756
4.0344
22.6537
-16.7931
0.1478
-6.9708
1.3463
4.1086
-0.1328
0.761
0.6331
1.4227
-1.1752
1.3543
-1.1951
0.8184
-1.2758
-0.6087
-0.3985
-0.4754
-0.1794
0.3773
1.4463
2.0696
-0.88729
-1.44754
1.6168
-0.6823
-1.70082
1.22263
3.28627
-0.90556
0.91294
3.19973
2.41855
-2.45634
0.82217
NA
-7.7135
-1.39345
0.66715
1.3939
0.86197
0.14735
-0.29976
0.34053
0.90071
NA
-1.80103
NA
1.39723
NA
0.8089
9.90673
4.035
NA
-0.22588
-0.33101
-0.85063
1.62051
3.56741
-3.37091
3.1509
NA
4.45571
0.44488
NA
2.02501
1.2862
NA
1.16112
2.09797
NA
-3.2229
0.4409
0.4015
-1.9425
1.131
2.0231
1.4712
1.8753
-2.0369
-1.3984
-0.4133
1.0581
-1.1911
1.4116
2.5925
1.1636
-1.0498
-0.3133
-1.1264
-5.9248
0.7537
-0.2314
4.6145
-1.3554
-1.02
1.6073
0.5824
0.5279
1.57409
-1.3623
-0.46704
-1.3685
-1.44249
-1.34279
-0.30081
0.65645
0.5947
-3.73124
0.26362
0.95275
1.01468
2.63428
1.16471
-5.72697
-0.03752
-3.34009
-0.4688
-0.53624
0.52369
2.93762
2.16961
0.59876
1.34251
-4.39346
0.24725
0.441
1.22128
-4.58778
3.20602
0.00058
0.80649
3.507
2.18688
-3.7449
-0.7811
2.29597
9.73031
-3.16963
-1.74807
2.32967
-2.4108
-0.55086
-0.22591
-1.42225
0.53683
1.27665
2.439
-0.60128
2.9421
2.30788
3.57819
-3.6344
4.20474
0.06664
2.54635
0.6163
0.78683
1.15971
0.22488
-0.2507
2.74164
1.4894
0.6141
1.2172
-3.82915
-2.14057
0.47308
-6.69139
-0.0427
1.2497
1.91917
-1.5436
0.00239
-0.72531
-4.14315
-9.6787
-0.52338
-0.33736
2.37349
2.42874
1.34108
-11.7304
-2.42817
-6.03948
0.1991
-0.78028
-1.15208
-2.1279
0.39743
-0.15935
NA
-3.55617
-0.6701
-0.738
1.9459
1.9363
1.7854
-0.05
2.0657
-0.1392
-1.6534
-0.107
-0.9257
-0.4152
0.4085
0.8484
-2.584
0.518
-2.2009
0.2588
0.9891
-3.2889
-0.9751
0.3165
-2.1187
-1.9359
-0.2747
0.0736
0.3999
-2.3855
1.5159
1.8307
-2.1856
-0.8856
-1.4173
1.4608
2.01
-2.0841
2.2397
-0.8584
0.2429
-2.4614
0.1586
-0.7814
-0.9004
0.0513
-0.6101
0.5509
-0.7493
-0.6726
-0.6783
3.2194
2.5115
1.1345
-0.1801
-3.8895
-5.0805
-0.0959
-1.6105
1.5398
-8.1072
-1.0342
-1.2998
0.4418
-1.42723
2.80326
0.5284
-0.77484
-1.0137
-1.1115
-4.0284
-0.56373
0.03389
-0.26275
0.0624
-0.14949
-0.11286
-5.54088
-1.3026
-0.5914
-1.91
-0.28761
2.47991
-0.809
-0.173
-0.336
2.12123
-2.2809
0.3218
2.75719
3.55574
-0.68057
0.1177
-1.3399
-0.3854
-2.85578
-0.58591
1.086
0.0965
-0.8403
-3.6713
4.5165
0.8771
-1.2612
1.274
-3.636
-0.7908
-1.799
1.01666
-0.3042
-1.1082
0.5834
-1.7592
1.2257
-2.6488
0.1944
1.1082
-1.5204
-1.6467
-0.67892
0.32012
0.40049
-0.8268
1.3579
1.7666
-0.3426
-1.60907
-0.7364
0.58932
-0.68429
3.23365
1.61672
-11.3344
-10.0119
-0.4154
-1.2324
0.7077
0.7407
-1.0189
-0.5301
2.0195
-1.60352
1.03071
-1.0678
-1.02
1.64922
-2.30889
0.64561
3.3032
0.72682
1.1878
2.27309
2.3754
0.4245
-0.3898
0.8504
1.1505
1.8385
-3.2729
2.293
1.0012
-0.46712
-2.04425
-2.24384
-1.53914
-0.4188
2.4618
0.54575
0.1609
-2.1212
-1.5652
1.1996
-0.2904
-1.19479
-0.7835
-2.8627
-4.5188
0.6943
1.4242
0.70032
0.67885
2.3299
0.807
1.7693
-0.45263
-3.31
0.4431
1.1346
-1.6681
1.1393
1.8602
-3.1885
-1.5028
-0.7386
-1.5579
0.624
-2.4817
-0.17004
2.2581
-0.60006
1.0459
-1.00217
-1.40439
-0.4704
1.2582
1.8937
-8.8412
1.4347
0.18231
-0.14487
-0.92778
0.62722
-0.3487
1.49747
2.72615
-2.45554
2.90472
3.22746
-4.73366
-1.4682
-1.1069
-2.4642
-0.9968
0.2978
0.8033
5.62691
4.7227
0.62646
-0.25742
0.518
1.077
1.6217
-0.3555
-1.635
3.0718
1.2844
-1.0767
-0.7744
-0.4619
2.5065
2.37376
-0.58043
-1.56418
-0.1248
1.2899
-0.0322
-2.2321
-0.0301
1.3047
-0.6303
2.66791
0.29136
-0.54012
-0.01999
-4.23655
1.79054
0.0971
-0.0583
0.7244
2.596
-1.6642
-0.5689
-1.6696
1.1439
-2.202
-0.3247
-0.1018
0.1473
1.5545
2.68975
NA
-1.428
NA
NA
0.39598
1.40422
NA
NA
1.86957
-1.72268
-1.59346
-0.4791
1.78476
0.24219
-0.93941
0.5575
-0.48709
2.12674
0.24565
0.88452
0.04739
-0.4919
0.3864
-0.10849
-1.1942
1.42
0.0178
-1.7644
-0.986
-1.6342
1.3689
-0.6782
0.4207
0.0946
0.93827
3.10656
0.0221
0.0549
1.0114
3.6396
3.3219
-1.2025
1.0995
-2.2026
-1.7037
1.92
-0.9676
1.2712
-0.9467
0.0674
0.4726
1.4139
-1.3722
0.385
-0.1759
0.3613
0.8053
0.6483
-1.7652
2.1264
-1.1787
1.9779
0.812
-1.4927
-2.5811
0.6104
-1.6176
2.5289
0.0156
3.3986
-1.0416
-1.2237
-0.0338
-1.8127
2.282
2.5958
-0.78993
2.6086
-0.8142
0.2727
1.0962
-0.40603
-0.1566
1.7535
2.8355
1.4491
0.8224
-0.6398
1.2414
0.4563
-1.4011
1.6564
1.31295
-1.36697
-1.19968
1.19612
0.2383
-1.68789
2.9278
-3.02964
0.39752
-1.0835
-2.033
0.17156
-0.86705
7.59666
0.16298
-0.09085
-6.972
0.00114
0.231
2.41545
-1.8532
0.725
-0.4032
0.38508
-2.08589
-0.34294
-6.19367
-0.67011
4.10523
1.31866
0.09317
-1.8447
2.1295
1.06763
0.1691
-0.7145
-0.36345
-1.96254
2.35809
-0.51783
1.0648
1.46558
-0.99116
-2.41467
0.12472
1.156
-0.55693
-0.03815
-2.30804
0.63254
0.2512
0.03287
0.0071
1.60562
-1.138
0.86933
-2.29041
3.09077
4.72419
-1.95693
0.7491
-3.7489
-3.7313
0.5147
1.4042
-1.4042
-0.76327
-0.8546
0.0547
-1.5587
-0.8299
0.2645
2.9129
3.0465
0.33197
-3.7018
0.8609
2.53175
-0.8625
-0.3646
-1.2949
-4.9342
-1.6303
-2.47398
0.744
1.7153
2.0431
1.0286
0.3651
-0.7681
0.1142
1.4707
-0.6386
-2.49886
0.79048
2.2385
-0.9727
3.8912
-3.5492
1.6398
-4.2942
1.8567
0.9337
0.39068
-0.5752
-1.0083
-0.7587
-0.693
0.4746
3.2579
-4.2189
1.77815
-0.6112
-2.7707
0.7982
-3.4711
-6.3392
-1.1472
0.0636
-3.4306
5.7147
1.1609
1.301
-1.0446
1.4
-0.3566
0.40434
-0.6788
1.7663
-2.5408
15.7562
0.9654
-1.84638
-0.1539
-0.7717
0.16574
-0.07625
0.7578
0.9823
-0.4437
-6.9345
0.7326
-0.0224
-0.8164
0.92754
-1.7439
-0.48364
5.0198
-0.649
-1.45
-0.5624
-0.60167
0.1027
-0.8769
0.16553
-2.3719
-1.83961
-2.7702
0.30953
0.03655
3.2717
-0.2395
-2.74571
1.80251
-0.6802
-4.88825
-0.62299
-1.61
-4.4944
-2.0827
-1.0415
4.9659
0.99253
0.82193
0.0493
0.5646
-1.4642
1.8163
-2.17134
1.29541
-2.1907
-0.6035
2.0798
1.4754
1.6934
-3.6399
-0.4991
-4.6961
1.4944
0.18433
0.54904
2.3735
-1.9017
0.2026
0.4753
-1.1803
-1.86
-1.2289
0.31039
1.01361
-0.5955
-0.4081
1.21138
-1.58478
-3.48202
-0.24304
0.15248
0.1133
-7.70109
-0.9044
-2.1957
-0.0655
3.1884
-0.4909
1.26921
-1.0992
-1.20399
-1.15345
-0.31256
-0.67366
0.4612
0.8559
1.5262
-0.782
2.1275
-0.9278
1.3656
0.0752
1.6566
-2.6319
-0.4474
0.17492
-2.3303
-3.9079
1.2052
-0.9479
0.40155
-0.57376
2.93272
1.14254
1.18044
-0.5716
-1.1695
-2.19841
0.2381
-3.1708
0.68
-2.2226
1.7379
-1.8494
0.9898
1.0983
2.64
1.65
-0.062
-8.7504
-0.7708
-1.7385
-0.0711
-1.4204
-1.2832
-4.6576
3.8085
0.94786
-0.82888
0.02859
-1.8687
-3.49837
0.68296
0.4445
1.17168
0.88286
-0.1248
0.0683
-1.4767
1.641
1.8248
-8.6739
-7.62949
0.2198
-2.6136
0.6303
0.67572
1.0434
4.3301
-4.25053
0.4738
-0.0674
-2.3937
1.434
3.0164
0.0137
0.3896
0.37731
-3.59686
1.23409
1.44576
0.4748
0.07759
0.17585
-1.52601
11.77912
-1.3658
11.91356
1.72377
0.28954
-0.36794
1.3855
0.2944
-3.63639
-1.86877
-0.14238
-0.67543
0.8333
1.17895
-2.5322
2.36316
0.48387
-1.08159
-1.3377
1.21284
0.57681
1.99847
-0.91329
-0.26552
-1.23279
-1.30761
-3.84751
4.4158
-0.3664
2.52442
1.1232
-2.39225
0.7383
-0.8675
-1.7705
-0.233
0.36897
1.60691
-0.74999
-3.6113
-3.0259
0.0581
-0.69379
-2.26999
-0.9482
-1.66025
0.13505
0.15656
0.52619
0.27168
0.15782
-0.0835
3.7472
-2.9381
3.0708
-3.2883
1.3698
-2.892
0.1481
-1.4528
-0.0508
1.93
-1.4831
-0.711
0.5247
-0.2087
-0.2637
-0.2564
3.6252
-0.4811
-1.0469
-0.57807
4.668
6.6673
-0.9971
-0.8705
-1.311
-0.2501
1.8057
-0.66696
0.1994
NA
0.5873
1.4468
-2.18142
0.31899
NA
0.02876
-0.11845
NA
NA
NA
NA
NA
NA
1.04
-0.62553
1.12538
-0.19635
-0.0293
-0.55693
-0.5519
1.15736
-2.15126
0.42651
-2.05527
3.92972
-5.59827
1.32177
2.0956
-4.1801
-1.5681
-1.20859
-3.36329
-1.20581
-1.4028
1.682
-0.6023
-0.3281
2.42
-2.50979
0.54415
-3.65897
0.66708
2.96126
5.01885
2.96176
-2.46157
-4.20525
0.7211
1.00224
-2.0857
-1.0599
2.41435
-0.95322
1.48422
0.12055
-1.79325
-0.95594
-0.2005
-1.83935
4.3692
-3.44183
-0.98894
-0.29386
-1.4549
-0.42907
0.10198
-0.91623
-1.3646
-0.3108
-1.03923
-0.16201
-5.77705
2.41232
-2.15585
-2.25652
1.2537
1.35
1.36
-0.292
-0.566
-0.991
-0.553
1.3
2.31
0.339
-5.05
-9.84
-0.771
-0.425
-2.38
-1.22
1.06
1.42
0.419
-0.142
-0.184
-0.787
1.55
1.34
-0.219
-0.987
1.34
-1.18
0.463
0.4218
-2.0955
0.0545
2.7905
-0.7271
1.2567
3.4153
-0.2359
1.291
1.8137
-0.3095
-0.7935
0.1518
0.7851
0.0389
2.4323
-0.2464
-2.6702
4.1654
6.285
4.1684
2.6743
0.9624
0.2345
-0.4139
-0.3829
1.85389
-0.55185
1.62447
0.43623
2.42739
-0.3342
5.3994
0.16653
1.14914
1.50043
-0.7794
0.6121
-2.5605
1.5423
-1.0092
-0.0923
1.8665
-0.8947
0.191
-0.4953
-0.85067
-0.5479
-0.84969
1.37843
3.82508
-2.68625
-1.1672
-1.8202
-0.43
-1.8264
3.79042
-0.139
-1.19153
3.3541
-2.074
0.58452
-0.19419
0.90874
-1.13012
0.96878
-3.53213
-0.14712
-2.71533
1.14886
-1.67224
-2.1766
0.93886
-1.5089
-0.23265
2.93272
2.18423
-6.28674
-1.90214
1.4412
1.6036
-4.0865
-0.7854
-1.4144
2.3958
-1.1607
0.5781
0.9649
-0.1805
4.2123
-1.9433
-1.9895
-0.7192
2.3737
-0.7221
-2.52636
-4.567
3.4903
-0.7806
0.4144
2.1179
2.717
-1.9692
-2.7443
0.0976
1.0838
1.0717
3.5917
3.81769
-5.4517
-2.533
-4.0603
-0.9771
2.8606
0.4218
-5.1103
-3.3709
4.1196
-3.7891
0.3362
-0.8363
0.3486
1.8516
2.989
0.0263
-1.1076
0.6675
-1.0885
-0.7503
-2.0894
0.5345
2.8054
0.1091
0.5788
-2.9685
1.0712
0.7122
-1.4115
-0.7977
0.7376
0.3438
-0.0391
-1.1787
6.3747
6.5447
0.1038
1.3645
3.6194
3.6622
-2.1931
10.255
-1.457
1.6946
-5.6572
10.7968
-0.8455
2.8592
4.7901
1.9209
-0.2717
-6.0298
1.4994
1.22
-0.1032
-1.0213
2.6119
0.6302
-3.6123
0.1803
0.5594
0.245
0.9614
0.2937
2.7498
-4.5118
0.5122
-1.9716
0.8379
0.8382
NA
-0.3475
-2.2669
0.8733
-0.6242
0.70778
0.75832
-1.78804
0.56182
-0.51718
-5.71254
2.77581
-1.58699
-2.47122
1.20403
-1.31321
-1.24964
-0.57766
-0.96974
-1.3064
2.75469
-4.07293
-3.47682
1.1662
0.49725
0.1837
1.59324
-2.89827
-1.9557
0.98083
0.26887
1.52761
1.89933
-2.10022
1.85878
1.82903
-0.4282
0.8624
0.79539
2.8262
-1.88362
0.73189
1.8503
1.0085
1.21366
0.31347
-5.40309
-0.31107
0.81724
0.20023
-1.01595
-0.59422
0.76834
4.442
-0.2735
-3.89539
-0.93332
-5.57348
0.23965
-0.73221
2.65951
-2.01322
1.3585
-0.07149
-0.70109
-0.8862
-1.44393
-0.63389
-1.14226
0.116
1.28
2.66
-0.34
-1.45
10.6
2.88
2.6
0.185
-1.66
0.631
-0.773
-0.599
-1.7668
2.049
0.3027
-1.7389
-0.6495
-2.396
-0.6677
5.496
1.0916
1.201
0.321
1.7384
-5.9379
-0.6336
-1.1251
1.3963
NA
0.48477
0.17259
-1.0472
1.5167
0.9523
NA
0.41427
0.20394
NA
NA
2.68306
-0.99986
-3.11202
0.64633
1.475
2.86291
-2.61447
0.58902
0.4884
-1.41466
-1.33689
-2.36429
2.40977
-0.84441
-0.23464
-1.6553
0.72444
3.33485
-1.4643
0.10082
1.99308
0.53818
-0.46432
5.27039
-0.52979
0.06282
0.57819
-0.81613
0.00967
0.63233
0.00106
-1.62928
0.55362
0.30823
-0.4767
-0.28932
0.54611
1.29663
-0.90436
0.8245
0.20001
3.65924
2.2203
-2.81656
-0.00516
0.57849
0.8546
-0.94171
-2.01419
1.52753
-3.94079
0.3921
1.0533
1.7098
0.6052
0.9034
-1.5108
-0.795
-0.8252
1.9761
0.5508
-1.0062
1.8091
-2.5127
-7.5791
2.9393
0.3929
-1.2423
1.0101
-4.4225
5.25105
-0.10078
-0.35327
-0.58493
-0.47874
-4.4299
-0.98494
0.79901
1.95861
-0.39456
-1.31429
-0.5535
1.83004
-0.41149
-1.26055
2.20217
-0.98472
-3.4303
-0.21545
3.17033
0.28464
-2.59098
-0.6878
0.1837
-1.46846
-1.2795
0.53583
0.6059
2.3252
-1.4326
-1.80188
-0.04376
-0.52102
1.87713
-3.4022
-8.67029
0.6471
0.68545
11.05774
-1.8853
2.26216
-5.70209
-2.22809
1.04768
0.7447
4.02987
-0.59632
0.43755
-2.87475
0.7529
-3.41518
1.05755
1.8989
1.07303
0.58466
-0.42534
0.04501
-1.23943
-0.10607
2.02
0.60367
-0.3361
-0.1123
-0.15612
-0.532
-0.7639
-0.0896
-0.7069
-0.1844
0.28646
-0.2728
0.922
-0.035
0.4156
1.03
-0.63854
0.289
1.56187
3.28522
0.206
1.0547
-0.315
-1.09
1.89
-0.60729
1.67149
-0.98537
-0.68685
-3.94624
0.13509
-1.2125
-2.0345
1.41625
0.41554
0.4316
0.5399
-0.12998
-3.6487
1.28371
1.04777
-0.71651
0.4859
0.7849
0.92847
-2.1796
-2.5582
-0.1458
-1.403
-1.3096
-0.0514
-1.23566
1.7539
-0.618
-0.314
7.197
-0.42948
-1.34465
3.6464
0.2153
0.5905
-0.5651
-0.32043
-1.9881
-3.33387
-2.09441
1.27
0.1019
-4.87839
-0.4277
1.2421
NA
1.491
-1.3952
-1.2919
-1.76
0.641
-0.96905
-0.1109
-1.14936
-1.1395
-5.1875
1.27277
-0.17636
-2.40084
0.19884
3.76649
1.77408
-0.34176
-0.24019
-1.83042
-1.49088
0.8181
0.35177
-0.4833
1.4616
-0.1742
2.3496
1.40262
-0.9046
-0.22438
-0.11378
-0.33695
-0.26668
1.4738
0.2579
2.8811
10.91647
1.3529
-0.47998
1.43161
0.62398
-0.83954
-1.42
0.27228
0.39359
4.54717
2.18653
-1.3403
0.2968
-0.06287
0.85724
5.272
1.3894
0.9698
-0.39214
-0.1094
1.60668
1.31702
0.41792
1.90214
-6.1575
1.03322
0.65815
-0.403
-0.0396
1.0563
1.5119
0.081
-2.45177
0.71229
-1.0028
-2.0696
-0.34358
-4.57039
-7.68529
-0.63975
-0.13224
-0.8309
1.14832
-0.705
1.71928
-0.054
-2.0661
-0.58339
-0.5811
-3.8249
-0.6311
-3.8801
-1.4497
0.81722
-2.7106
-0.3463
-0.9404
-1.91874
2.936
0.21561
-4.14906
6.38665
-0.99427
4.82056
-1.48285
0.29213
0.46024
-0.46728
0.21479
-0.9324
-5.73654
-0.3976
-0.72548
0.82426
1.5284
1.43983
-0.6549
-0.35503
-0.3856
2.05706
-2.56666
-1.12315
1.3224
1.16528
-1.3996
1.10846
-0.4927
-0.8732
1.77759
4.9
3.4408
-0.3399
-2.18
-0.6498
0.4271
4.4439
-1.0194
-2.4551
-0.48051
2.2922
-2.85138
3.0034
-1.3002
0.6931
-2.3126
-1.1994
0.1508
2.9147
-0.80602
1.14112
0.3625
2.80963
NA
0.996
-7.05179
1.3565
1.18467
-0.5879
0.5825
1.02
-1.3859
-2.6069
-1.0043
-0.2902
-0.674
3.5059
0.0757
2.035
-0.2773
-0.9453
1.0591
0.5353
2.5989
-1.4228
4.9237
1.076
-0.4645
-0.3922
1.519
-0.1399
-1.8879
1.12552
2.2653
-0.167
0.4641
-1.1963
1.90063
5.287
-0.6606
-1.3391
2.0413
-0.2317
-0.91879
1.0154
0.21
2.3058
-2.5942
-3.1756
3.28806
0.79038
0.3096
0.8863
-0.8134
-0.5991
1.5089
-0.7057
0.1882
3.5648
3.2646
-0.1359
-3.3771
0.0113
4.573
-1.1332
-0.0205
0.2546
-1.25
0.0668
5.5587
1.1871
-2.2308
1.8661
-1.5258
1.9317
0.8632
-2.2126
-0.43952
0.39237
-2.12681
1.46398
2.16708
3.2909
0.48671
-1.22282
-0.64918
0.07869
0.3227
5.1629
-0.7238
-4.09348
0.57949
-0.04039
0.9004
1.1754
2.1137
-0.1065
0.8949
-0.5791
-2.2074
-0.3689
1.5402
-0.1405
-2.2355
1.0861
NA
11.1975
-2.3571
3.69182
-1.075
-3.5467
-1.3649
0.93158
1.12107
-2.76178
-1.73781
2.06001
-1.16675
0.46104
0.4739
1.0135
2.2329
1.22901
-0.96812
-2.3102
-2.1812
1.4049
-1.0568
-4.8461
0.0285
0.831
1.8337
-0.6136
2.2425
-2.3112
-1.853
1.7369
0.1013
0.0449
0.3016
0.2667
1.6378
1.5453
-1.3301
1.1888
-0.9582
-1.2233
-0.271
0.0947
0.4893
-0.464
0.5757
-0.7917
0.54262
-1.0886
0.1573
-0.1814
1.1336
0.6578
0.7734
2.516
0.3481
-1.32491
2.8586
-0.8858
-1.0173
3.79612
0.75094
0.45831
1.11043
0.0113
0.986
0.2669
-1.96364
-0.824
4.54668
-1.25277
0.9672
9.5591
-9.3393
-0.768
3.0706
0.115
0.517
-0.8083
0.13698
1.51344
-1.0027
1.2689
0.39796
-1.59
-0.486
1.05
-0.348
2.24
1.39855
3.6749
-0.91567
-4.8743
1.5005
-1.5446
-0.0284
0.30496
-0.599
-0.19887
2.3459
0.2403
-1.58549
-0.07152
0.11979
-1.38043
1.36426
2.6945
-1.5258
-1.70322
2.2893
-3.3769
0.63325
-1.45196
-0.95589
1.29681
4.54322
1.3878
-0.0138
-0.725
-0.52993
-0.0531
2.19
1.16
0.76153
-2.44314
1.2791
1.02
-1.2
-0.03784
-0.52393
2.56975
1.75743
1.49199
-0.29524
-3.34566
3.57289
-1.37417
1.8068
-0.28074
-0.306
1.00011
-1.00333
-2.79197
0.33334
-2.83565
0.06707
6.46284
2.5126
-2.36105
3.05
-2.45454
1.03
0.193
-1.64624
-1.79233
-2.06632
2.09864
0.2537
0.8971
1.44
-2.2
-0.502
8.3183
6.0146
-0.589
2.08599
4.66439
-10.29122
0.41198
-2.93
-3.46
-0.568
-0.878
2.41
-0.679
0.943
0.1288
-1.1126
0.9345
1.3458
-1.6743
1.1096
-2.9568
1.7199
-0.1301
-0.1946
1.273
-0.7036
-1.37
0.3455
4.3433
-1.23
-2.4534
2.4646
1.05
0.9411
-1.986
NA
-1.6251
1.21187
1.52778
0.9921
0.7082
-1.7009
-1.25059
1.30763
-0.20493
-0.17
-0.3599
0.77395
3.78125
0.91491
0.0449
1.88279
-2.77344
1.85811
-1.9083
2.48577
-4.49887
-3.41603
1.02806
1.25997
-1.4982
-1.86809
-1.34103
-0.14693
-1.06978
-0.2354
-1.1917
0.07898
2.05796
-0.9485
-2.0214
0.6926
0.3678
-0.47108
2.26416
-2.7633
1.496
0.1542
0.3892
-1.0041
2.0901
-2.8599
-0.28841
-2.13137
1.75708
-0.53679
-3.50736
-0.398
0.67064
1.00758
0.11275
-0.4532
-1.1705
-0.46865
6.1072
-0.00414
0.5785
1.89
-2.7653
5.962
-1.7761
4.0556
2.6057
-1.71488
-1.97093
0.2679
-0.8017
-0.02693
-0.22065
-1.486
-0.44227
-1.2826
-1.73751
1.29404
-1.73434
0.90159
3.7885
-2.14185
2.2026
0.437
-0.248
-5.3279
0.90348
1.03354
-0.65719
-1.51141
4.76633
0.89707
-2.38809
-5.53094
-0.53621
-0.96124
1.45563
0.71546
0.0634
-0.36663
-1.08862
-2.5529
0.37303
0.2292
3.2119
2.7458
2.3551
0.84151
4.61169
0.03007
-1.218
-0.97214
-1.14868
1.2509
0.62983
1.81105
-0.97904
1.14007
0.955
0.7762
-1.42769
0.72526
1.03434
1.05056
-0.97278
1.38815
1.1839
9.779
-0.0364
-2.0014
-0.4839
-2.3095
-1.9877
3.2644
2.39916
-1.0767
-2.63705
1.53055
-4.80237
-4.5353
-4.0855
-1.1075
0.1328
2.0507
1.74112
-0.0216
1.0052
0.68006
3.8623
0.7326
-1.1002
1.0943
2.348
-3.24921
5.46665
2.447
1.2783
0.1766
-7.1379
0.23181
-1.31129
-0.82948
-0.9438
1.1598
-0.9416
0.3877
-0.3418
-0.623
1.0389
2.2837
1.079
-0.0619
-0.2637
-0.854
-0.6462
0.7687
-0.5323
2.4791
-1.7959
-1.749
0.7663
-0.4637
0.9162
-0.9765
0.8177
0.227
-0.1386
1.82789
-0.88942
-0.48857
-0.4342
-0.9673
-2.4558
-2.20452
-0.464
-1.1216
0.89426
-1.08571
1.99186
2.16223
4.68123
6.1165
-1.2742
0.34999
2.72349
0.13775
-0.0687
-4.85998
1.2306
1.14627
-1.57516
-1.74172
2.22928
-2.17529
1.0847
4.03688
0.4291
2.56974
1.79131
2.54756
-2.8597
2.51854
1.45462
-12.3363
-0.53822
-5.63135
-0.1909
-0.09949
NA
0.64356
-0.187
0.3328
-0.395
-2.7264
-0.78799
-1.9588
0.55057
-4.1686
-0.3433
-2.0628
1.8502
-0.6891
0.3033
-0.3491
1.27102
2.92974
-2.49637
-0.21636
1.64209
1.36
-2.85391
-1.4416
-1.4256
1.9141
0.17629
2.66
-5.6036
0.58751
1.1802
-3.5595
-1.41
-0.9089
0.6203
2.89
-1.63653
-1.99397
0.95702
0.462
-1.4715
-0.9085
-1.25056
-1.24717
7.26394
0.6306
0.6783
0.664
-0.79181
1.55639
2.73
-1.1
1.0417
-1.8998
1.84627
3.73002
7.90426
1.5367
1.7495
0.98343
-2.02618
0.06273
-0.1589
1.78011
-0.48527
0.36008
-0.3583
1.6136
1.6131
1.44046
1.3695
-0.67696
-1.75487
0.95644
0.173
-0.965
2.74549
-2.01259
0.154
-1.06807
0.2557
0.6934
-1.5583
2.52697
-6.39966
1.2396
-2.0194
1.64724
-1.6182
-1.24133
2.43902
-3.0984
-0.8656
0.58592
1.81129
-5.3488
0.498
0.36958
1.4752
-1.6935
-1.1888
-0.7567
-1.47855
-0.15022
0.57824
5.2247
0.21251
0.66812
0.5214
-1.2163
0.3119
1.02
-1.2976
-5.3891
0.9899
-0.618
-0.6059
-0.3108
0.4445
0.0053
0.953
3.5254
0.627
0.4144
2.5029
3.0272
-0.28059
0.2461
0.25071
2.18252
-1.5101
-0.30268
5.04364
3.4715
0.50428
2.60859
1.6597
0.25032
-0.52643
1.8499
1.87868
1.7045
-0.56
-1.07665
1.6275
-0.17984
0.1175
-0.6426
-0.857
1.2636
-1.39168
0.87445
-2.11082
-0.1474
1.71478
2.2797
1.89428
0.88684
-1.76998
1.41
0.81943
-0.18778
-0.63181
-0.8544
-0.2435
-0.423
2.01321
2.4438
0.6859
1.5733
-1.73834
1.14944
2.0645
-0.9113
-1.24
-0.6859
0.3268
0.9566
1.979
-1.8334
2.8353
-6.54126
-1.1262
2.0308
2.5686
-1.2663
-2.8371
-0.16643
-2.34997
-0.9908
0.2507
0.5571
-0.0332
-0.8352
0.4157
9.9187
-0.0832
-0.877
-0.31864
NA
-0.73604
-4.405
-0.1835
-0.48134
4.4514
7.71284
-0.41547
-0.82762
0.0743
1.84741
-1.68094
-1.21197
8.45
0.5241
0.49448
-3.5987
0.57521
2.01268
0.59
4.03755
2.0379
2.6244
3.5359
-1.46521
-3.02448
4.63496
-0.0285
-9.8207
0.86719
10.1842
0.98835
0.48737
-0.61032
-1.3424
1.45055
1.14892
-1.09662
0.3309
1.3233
-4.25228
0.09968
1.93162
-1.0354
-3.1469
-0.17652
-0.16
-7.31214
0.69391
6.37985
-2.2097
-0.45317
-1.78654
-1.5901
-2.0601
1.87962
-1.2512
1.4447
-0.2578
-1.90576
-0.4151
0.63494
-1.2425
-2.6018
3.1228
-0.115
-1.4001
-0.25927
-1.29094
-1.9465
4.15068
-0.09297
-0.41558
-0.9142
-1.1682
-0.7855
-1.3852
-0.31571
2.06546
2.19473
0.6535
-2.0079
1.1622
-0.2041
-0.2099
1.4879
1.09651
0.47772
-0.0471
2.2502
-1.2218
0.13205
5.51845
-2.32134
-0.8143
2.3859
-3.13
-0.575
-2.5579
-0.00407
0.4182
0.1592
-2.60518
0.42086
2.03
0.8132
2.1956
0.0954
0.2114
3.7009
-1.264
-1.8273
-1.4594
2.1545
-2.38511
-1.18782
0.05261
11.09862
0.5587
-2.5939
-1.7434
-0.623
-0.6138
-0.7416
-0.45491
1.23
0.13686
-0.96426
4.50899
-0.05406
-3.64542
-2.29594
1.1101
-1.5504
1.83016
-0.1778
-0.2824
-2.06515
5.4434
2.1354
1.52948
-2.7181
1.50006
1.7943
7.43303
0.75799
1.05746
0.6268
0.372
-0.50565
-0.15319
4.12945
-2.36572
-0.3776
-0.959
0.9596
2.5444
-0.55672
0.7153
-0.09495
0.5822
-0.8728
2.43579
-0.1838
-0.4485
-1.2404
-2.2365
3.3312
-0.22098
1.68836
-5.9993
-3.1514
0.2902
-2.8785
2.52178
0.8037
0.3883
0.4235
-1.29785
-0.07574
3.3571
1.3314
-9.4958
-0.52714
-0.9497
-0.24873
-2.2385
-1.36956
-0.2662
1.6962
-0.5088
-0.1972
-1.239
2.86845
1.0602
-0.5493
-2.73959
5.2027
-0.03241
2.86796
0.45937
0.10246
2.0741
1.2026
1.3591
-1.0673
-2.2251
-1.6724
0.1716
-0.51064
3.17176
-0.41943
-0.1391
2.7071
NA
3.7451
-1.4775
-0.581
-4.22
-2.13157
-0.48625
1.0986
-0.2604
3.2324
10.17402
-1.4618
0.3515
-0.4112
-0.54205
1.74
-1.4335
1.2983
1.96037
2.69611
1.2473
0.34768
0.0767
0.8087
-5.42146
2.47629
1.5053
0.70402
0.1879
4.0527
0.772
-1.5389
-0.8421
-3.62188
-1.2546
0.6265
-0.9236
1.1244
2.33269
-0.8839
1.58887
3.0048
1.30684
0.4167
2.8433
-0.3928
3.32386
-1.25384
-8.94506
-0.2896
0.5969
-1.29342
-1.02
-3.1506
-0.37476
8.71763
-0.0986
-0.2109
0.787
1.40599
-0.80834
2.4418
0.2684
2.72577
1.9658
-0.97499
-9.39068
-1.21046
-4.36921
-1.6923
-1.83176
-0.1923
-0.67261
0.4222
0.12839
2.58275
1.66446
2.11846
2.5223
1.5354
-4.5246
1.89363
-0.5167
-0.9818
4.7016
-1.5496
2.45
1.0963
0.96466
0.0786
0.7349
-5.60925
-0.831
-3.25293
1.6783
-0.978
2.8624
0.6638
2.15661
3.361
3.3319
0.47625
4.5022
-2.2556
0.0833
0.2716
-1.6515
-0.34365
8.21749
1.6456
1.4456
NA
0.66997
0.11562
-2.0492
0.10814
0.8007
2.77676
-0.456
0.40949
4.5638
-1.49167
2.3427
-1.92716
-0.2271
-1.4743
-0.71578
0.4423
-2.145
4.2824
0.1189
-1.3031
-0.444
-2.3463
2.55
3.05413
0.98203
2.1474
4.14758
-1.8358
-1.6027
0.27466
-0.32023
2.30626
0.51021
-2.1016
-0.3386
1.186
2.09292
1.2276
-0.225
4.0414
-0.40048
0.21573
1.1883
1.5592
-1.6691
NA
-1.0456
-0.1828
0.657
0.16337
0.7814
-1.61556
1.89765
0.72168
-0.7417
-0.5679
2.74129
-14.14576
0.65019
2.14109
-0.59361
-0.87434
-0.1267
-0.05508
0.93529
0.7825
-3.2559
-0.6896
-2.13317
0.5938
-0.9116
NA
-3.0651
3.6181
-9.4408
NA
-3.26206
-1.18196
-2.1611
1.8423
-1.1758
4.71911
-0.89523
1.7806
0.29042
1.10336
-0.92674
-0.67545
-5.19324
2.48266
-0.8551
-1.20901
5.208
1.7926
3.09686
0.6576
-0.7109
1.28853
-1.9008
-1.4148
2.1456
0.18878
2.34673
2.89543
-0.958
-1.2209
4.06
-2.1841
1.26197
1.3493
0.205
4.4153
-1.2866
-2.33556
1.0754
5.36013
-0.69725
1.89028
2.1427
-0.91005
-0.2961
0.37761
-2.5282
0.96595
-0.2206
-1.1504
-2.74726
0.27281
1.25
-0.4357
1.94054
-0.49817
2.8043
0.14881
-1.6513
0.4053
1.44689
-0.5419
0.30741
4.1236
0.24753
-0.252
1.60117
-2.65238
4.84
1.5279
1.146
2.9937
0.84215
-3.1675
0.9912
0.864
2.3531
-0.25065
-0.53992
0.4057
4.8218
-1.14851
2.9134
-1.37198
-0.1892
0.30106
3.23571
-0.59411
0.01526
3.9748
-2.8242
0.8772
2.00325
0.9762
-0.92705
1.0848
-0.5564
-2.6479
-1.62711
0.74156
4.08942
1.3027
5.22433
0.413
-1.8845
2.0859
0.18473
-1.0716
-0.1351
-1.5519
-2.9122
-2.1494
-0.23716
-1.94169
0.464
-3.1262
-0.71246
4.031
-0.286
-0.4962
2.82287
-1.2813
-0.9669
-1.61726
0.7104
0.64426
2.28
-2.08
0.3721
-0.45204
-2.2226
-1.40219
1.6
-0.3552
-1.61713
2.8986
2.3869
0.26662
2.32367
0.7237
-4.11939
-0.5888
2.12285
-1.82791
4.0147
0.69038
-2.3669
-1.8721
-2.53624
-1.185
1.7014
-0.46893
1.27362
2.46594
0.4601
-1.0311
4.8641
0.91393
1.6082
10.83359
1.24879
1.05784
-0.20736
-0.2797
0.04293
-0.3101
-1.9409
-2.17752
-0.3958
-3.3499
2.9054
-1.2835
0.1033
-4.72315
2.74012
1.373
1.01171
-3.6828
0.318
-0.61117
0.0926
-0.11393
-1.5317
-1.6282
1.1661
-1.2302
-5.1571
1.1061
1.6161
-0.7706
0.7524
-1.22797
-4.1231
-1.1669
-0.2523
1.2362
-6.5221
-0.819
1.13714
-2.6017
0.07228
-0.2095
-0.34721
-0.83473
-1.7033
-1.31994
-1.6292
0.69126
-0.67646
-1.08382
-2.8503
-0.747
-11.9043
1.358
0.15453
-0.3582
0.21425
1.2297
2.10765
1.9563
0.0745
-1.01333
0.89477
1.4177
1.3782
0.2172
-1.6069
1.3437
-1.46
-0.9961
0.42449
-1.07917
1.33006
-1.4836
1.8804
2.4495
-2.0306
-1.5607
1.7503
-0.7695
1.85857
-0.3855
3.2215
1.96519
-0.5479
-0.293
-2.1653
-0.06725
1.6188
-1.2584
NA
0.1954
1.4166
0.77219
2.4397
-0.0536
-1.3615
5.2143
1.6374
5.9518
2.4792
1.62558
-2.3751
-1.3701
-2.13602
-0.6083
-2.6144
0.8875
0.3286
-0.7262
-2.686
-1.1556
0.79999
1.6335
0.9717
-1.0636
0.27526
0.4186
-1.81063
-1.1027
-1.0101
0.01735
-1.11519
-9.59051
-1.96606
-1.4935
-2.1348
1.6988
NA
-0.0747
-1.2721
-4.634
-1.2681
0.23322
-14.64798
1.495
2.17405
-0.42235
-0.604
0.4137
-0.7396
0.4928
1.6558
NA
-0.431
-0.2416
-2.9311
-1.26432
0.0736
-0.2065
-0.39465
-0.0022
2.0439
NA
0.9547
-1.8514
-0.8352
-6.36371
-0.5064
-3.36863
-2.7198
-0.0772
-0.6194
1.0728
-0.1752
-3.14353
1.30585
0.34448
-0.0387
-1.95661
0.82767
4.2077
1.05172
2.08789
1.4198
-1.6621
-1.10878
1.9433
1.4709
-0.8022
1.1898
2.25481
-0.0189
1.4278
3.77967
1.0295
-0.67988
-2.75726
2.0318
-1.58493
0.13512
-0.53939
0.31799
-0.59474
-0.28365
4.05659
1.44049
-1.75063
0.9927
1.2525
-2.06648
-5.0131
0.9738
1.852
1.5394
-0.1079
2.21218
-2.64199
1.5586
1.07459
2.4485
-1.79169
-0.06672
-0.61695
-1.77
0.1154
-0.0751
-2.3
0.60954
5.30135
0.0839
-0.92438
-1.79637
-0.0372
NA
-4.05006
-0.389
1.20602
-0.22755
-2.8011
-0.6793
0.88628
-0.418
1.116
-1.79347
-3.56818
0.202
5.53229
NA
-0.81492
0.8106
-0.6725
1.8821
8.58
0.4823
1.74835
-3.82089
1.4745
-0.6557
-1.65773
0.75857
-1.67479
-0.5288
0.79944
0.6744
2.5941
1.4578
0.8764
-1.06319
0.8256
0.3014
0.0374
1.1577
2.1078
1.5377
-1.06248
1.2839
1.1161
-0.3687
3.1331
1.80585
-1.5186
1.4
0.28099
-2.306
-0.13471
-0.79755
-0.05515
1.5578
-0.81687
0.914
1.5739
0.64846
2.0856
-2.11851
-3.0102
0.32535
-0.1057
0.9496
NA
1.2956
-1.0178
0.181
0.8216
-2.69609
0.27687
6.1584
-0.074
0.937
-0.05948
0.04084
0.84275
-0.96429
-4.74806
1.24495
-0.5975
1.7174
0.1071
-1.6186
0.2535
-1.5636
NA
-1.2711
-1.6196
-1.598
0.98409
0.941
-0.16741
-1.114
1.287
-1.3945
9.85468
0.48968
1.89445
1.02078
0.4882
-1.4675
0.1266
0.2306
1.6884
-0.81518
-0.59043
-1.76841
0.5193
0.1011
-14.50134
0.7671
0.2892
1.01135
NA
-1.4264
-0.0533
0.29186
-2.1277
2.2836
-1.3177
-3.1653
-0.5993
-7.1035
0.87723
2.00517
0.3301
3.39229
0.11201
1.7671
-3.678
-0.5129
0.43428
-0.6756
0.8682
-0.1325
4.21
-0.6581
-10.7672
-0.4707
-1.41424
6.06535
1.07244
0.7794
0.2221
-1.3966
0.1936
0.2399
-0.1955
0.2317
5.00006
1.8596
-1.64485
2.77346
-0.5988
0.741
-0.3939
-4.0179
NA
0.1446
0.7849
-0.62966
4.4572
-4.2632
-2.4781
-2.4791
1.139
-0.67972
-0.2404
1.1644
0.48398
4.82322
-3.065
-0.4186
-1.92072
1.1633
-2.1732
-0.21259
1.1015
-0.63302
-3.5206
NA
1.6648
-0.2844
-1.1424
7.37078
1.25813
2.1263
1.3967
-1.7399
1.48682
-0.4483
-18.8993
3.01284
-0.80341
-0.213
NA
-16.032
0.6651
-1.22811
1.03894
-2.789
1.0067
1.1611
1.0099
-2.5991
-5.0049
0.81937
NA
2.4
2.7881
2.05696
-1.42299
-0.12081
2.456
NA
-0.5259
-0.44714
-0.55899
2.1534
3.2996
1.2828
0.67628
0.18108
0.33469
0.1658
2.81521
0.85809
0.5852
-2.70603
2.1017
-0.193
2.2329
0.799
-4.11135
-0.24931
-1.736
1.02665
-1.62899
-1.063
0.32349
0.6331
-0.94533
-3.2355
2.8314
-0.0231
13.17316
-0.9337
-1.8402
0.14044
-5.4461
2.23612
4.0544
-6.37798
-0.416
-2.4731
2.025
0.5504
0.2131
-0.86602
0.6492
3.62119
1.10075
-1.8407
-1.0023
-0.4656
1.38027
1.8712
0.7912
2.5158
1.49461
-0.35264
1.13984
-0.16307
-0.93904
0.54238
-0.1254
0.528
1.4305
1.87152
1.07556
0.3631
0.8676
6.3176
-0.4442
1.37891
3.56122
-0.2513
2.9545
-1.77416
-1.32718
4.06253
-1.57713
-0.66061
-1.1044
1.14044
-1.44749
NA
NA
NA
NA
NA
NA
NA
-0.4049
NA
NA
-3.238
NA
NA
NA
NA
-2.29764
-2.07174
NA
NA
NA
NA
NA
NA
-4.79174
NA
NA
NA
-0.4329
NA
NA
NA
NA
NA
NA
NA
NA
4.6958
NA
NA
NA
NA
NA
NA
NA
NA
0.07995
0.32131
3.304
-1.45227
0.8647
NA
NA
NA
NA
NA
NA
-9.0126
1.6408
NA
0.42696
NA
-0.61937
2.3036
0.1669
NA
0.6832
-3.80781
11.8658
-3.1824
-0.248
-1.28333
1.11617
-3.33793
-0.22144
0.8819
-0.5701
-0.3336
-0.7868
-0.3103
-1.2937
-1.06423
-3.01784
-0.27225
3.902
1.89518
2.46492
1.44266
0.7117
0.1193
-0.5364
-0.5515
-1.18921
0.72785
1.1478
1.40557
-2.00896
-1.84311
0.1156
-4.9583
-1.24695
-1.283
0.67011
-2.30707
1.4014
-0.42802
-0.2258
-2.1252
-0.88908
3.0673
-0.2064
0.8135
-0.29469
-4.0336
-2.91099
1.5084
0.2026
-0.8528
-0.15301
1.4083
2.4861
3.03176
-3.35947
-0.49595
-0.7733
-2.69761
0.951
0.28047
0.71778
-0.21507
1.3671
0.37549
NA
NA
NA
1.1816
-0.1429
-0.20197
-2.82391
-2.03087
1.55531
-1.78044
-0.961
0.38155
1.48125
0.8381
-1.0952
-0.6903
2.32427
-0.96483
-0.9627
0.46609
0.3759
-0.8647
3.7805
0.8799
-1.1415
1.3283
5.7234
1.3431
-1.2116
-2.4586
-1.9986
-2.5151
-0.4453
-1.0701
-0.03722
-0.0546
-0.79189
0.4668
-4.82803
0.91836
3.038
-3.6599
1.8499
-0.16196
-0.38053
-1.4161
2.5959
-0.1206
11.0504
-18.8413
-1.2585
0.1921
-0.4985
2.02488
-2.8898
2.23
-0.84987
-0.46699
1.3135
3.62599
0.67672
-1.4593
-0.4465
0.228
-0.3868
-4.66868
0.4402
-0.356
-1.3823
0.65779
1.04216
1.86509
2.65487
-2.69827
-10.06201
NA
-1.1781
-0.0849
0.1546
NA
1.9921
0.5353
NA
2.7289
0.60425
-2.0825
11.46672
-1.0313
-8.2634
-0.92852
0.9479
-2.1725
-2.01962
0.7369
0.5142
2.2562
0.44215
-2.31279
3.50588
1.4371
0.0812
-3.2053
-0.3691
-1.13125
0.68214
1.1754
0.4951
2.66556
0.2073
-0.116
3.4731
2.0801
-5.45245
-1.2175
0.73749
-0.901
5.04928
1.87454
-1.46495
-0.0113
7.0945
-1.65018
-0.79023
1.61916
-11.1964
-0.8277
-1.51297
2.9024
-0.95
3.4879
0.2348
4.39351
-0.42674
-1.5495
-0.44382
3.0867
-0.7132
-0.1463
-0.1712
-3.4996
NA
-1.3173
-0.7047
-3.59
-0.4748
-1.26909
0.35849
-0.79862
2.7871
1.08958
-2.0063
-1.6205
0.95333
2.96631
0.491
-0.83476
-0.371
-0.2694
-1.60876
-0.8305
-0.3456
-0.8548
-0.22561
0.3028
-0.991
1.22
-1.39019
1.5721
-1.0308
0.0754
-0.6411
1.0661
0.6039
-2.0518
-0.99767
0.9478
NA
8.19938
0.90331
NA
1.0855
-0.98609
0.22941
0.81713
-1.4449
-1.3045
NA
NA
3.1298
-3.70835
-0.68404
-2.15257
1.47722
1.3355
NA
-3.0929
0.63675
2.1456
-0.0793
-0.1018
0.2653
-2.15115
-0.5658
1.4469
0.34293
2.6359
-0.28735
5.8261
-0.67004
-1.012
-0.1999
-0.705
2.0221
0.5756
-1.085
-1.2023
1.3547
-0.9852
-0.0826
-0.87678
-0.18032
-2.119
1.25224
-1.77084
0.1952
-1.4896
1.84602
-2.4162
NA
-6.66864
1.7572
-2.62128
0.71107
-1.31321
-5.56924
0.0457
0.38519
-1.3826
-9.1221
-0.6199
-0.13372
-3.68766
-6.0503
0.681
0.1149
-0.2779
NA
0.1581
1.85791
1.77474
-1.4947
0.51236
2.53
2.82578
-1.0572
-3.73777
-0.05539
1.84482
1.80853
-2.4786
-1.0552
-0.01377
1.69512
-0.1121
NA
-0.09007
-0.78711
1.28341
0.3677
2.8068
0.6841
-1.022
NA
0.23103
0.27034
1.3539
-2.3837
1.3192
0.7887
-4.59107
-1.28647
-8.23
1.4721
-0.95031
0.297
0.7805
-0.16341
11.10708
1.73415
1.1639
1.3057
-1.5837
-0.1243
-2.16627
-0.00422
-0.9038
0.7036
0.92353
-0.3847
-0.97276
-1.0213
-5.2149
2.73882
-1.35888
1.3094
1.44817
-0.7802
-4.00749
-3.7759
-0.7098
1.868
0.4601
0.1983
0.06943
-2.3593
-1.10521
0.4838
0.89181
1.3821
0.07086
-1.69
-0.01912
0.85374
-0.73512
2.7653
-0.49098
0.39721
-1.02335
-1.4394
1.8239
0.6756
2.2898
2.4536
-1.61553
-2.05503
-1.1314
-1.1494
2.1997
0.89649
0.65751
0.72696
0.2099
-0.5469
0.9454
1.90199
0.0435
-5.8368
0.39164
-0.5168
4.33503
-0.7997
-2.75385
2.84072
0.248
-0.2143
0.39526
-1.57712
NA
-0.6191
-0.28025
-0.3838
-0.8265
0.1402
-0.17963
1.89791
-0.53919
2.50381
-20.7485
-0.97501
NA
0.25634
-0.9815
2.39649
0.97486
0.6075
-2.8691
-0.25464
2.13563
-3.9052
1.31848
1.2946
-4.1245
1.66
-0.1946
-1.13157
1.4643
1.29465
-2.96157
-1.6792
2.45826
NA
1.7167
-0.01747
-1.17993
-0.38498
-0.6839
-0.53513
0.49414
NA
1.3888
0.77552
-0.5418
NA
4.62
-0.00207
0.7695
2.74373
-1.00293
0.2613
-1.4002
-1.8742
-0.8831
-0.2237
0.328
-0.844
-2.5324
-1.1358
0.04213
-0.4512
0.60878
0.2435
-0.0828
3.7092
0.47333
0.31518
-0.87522
0.13819
-4.1889
NA
0.2295
-0.7078
-2.4066
-1.3455
0.0566
NA
1.4414
-0.89039
-1.05649
-0.1761
-0.45885
NA
-1.0715
-1.6446
0.4118
1.54348
-1.13725
-0.90155
0.3208
0.2543
0.20517
3.1325
3.42606
-1.57354
2.9554
-1.0025
-0.31756
0.5909
-0.4742
0.7236
-1.39311
0.74876
-0.03198
0.44462
0.981
-1.60298
-0.44902
-0.2364
-0.7927
1.5536
-0.28184
0.1461
-0.161
-0.0982
1.53646
-0.44731
0.019
-0.17923
3.9121
-0.25699
-0.57136
NA
-1.81133
0.97578
-0.3968
0.29943
0.0511
-1.14041
1.5273
NA
-0.3692
-1.25
-2.3392
2.76395
-1.3036
-2.55923
0.73922
1.9974
-2.8104
-1.1193
-1.63867
-1.41652
-0.7283
0.1114
4.63477
1.4614
3.4095
-2.64085
-1.14298
-0.905
-1.06007
NA
-0.0781
-1.0295
1.13116
2.3427
1.9133
0.46353
1.9926
-1.1243
-1.5888
0.2549
0.07777
-0.7424
-0.46357
0.46998
-0.6535
-0.1734
-0.2831
10.1615
0.2288
3.18158
0.4575
0.8285
0.3651
0.2341
1.95127
0.4626
2.6065
-1.41507
-0.04087
-1.1
0.9223
-0.45936
-2.34
0.5514
-1.3417
-2.72812
-1.6068
-0.0143
-0.80025
0.5811
1.24572
1.51464
-1.0018
0.41288
NA
1.3348
-1.08926
-0.945
-0.8821
-1.34894
-1.7939
NA
0.4184
6.93609
2.1023
-0.27029
1.2553
1.42956
NA
-0.8311
0.36312
-4.72841
-0.1802
-1.7538
4.04985
-1.5668
-15.6176
-0.3078
1.1414
-6.0864
2.48376
NA
1.6828
0.0497
-0.1129
0.01254
-1.77351
-0.32635
0.5999
-0.46025
1.6075
2.30805
1.5273
NA
0.2805
1.1635
0.26097
-2.32
NA
0.5643
-16.7
-2.2889
-1.7317
1.41005
0.551
2.31732
-8.64975
0.87786
-0.28824
0.9605
NA
0.01589
4.0182
-1.3724
0.9906
2.60424
-1.57194
1.43
-1.1596
0.52336
2.2495
-0.5388
-10.61375
-4.63584
-1.4469
2.8871
-1.9096
0.2676
-0.2197
0.19128
0.17433
-4.40997
-0.1489
0.09108
-0.99854
0.08648
3.2885
NA
-0.04129
0.9139
0.36311
1.5952
-0.55051
0.67144
1.75387
0.4948
0.20829
-0.475
3.4634
-1.2974
-0.6661
-2.50267
1.84725
1.63981
1.5871
-1.3808
-2.9482
-1.4269
-0.1753
-0.9361
0.3977
3.59384
0.7726
1.8196
NA
-0.97929
0.6896
3.0236
0.9437
-1.938
0.6485
4.07326
-2.18692
3.31027
0.28884
-0.81625
-3.48446
1.7772
-1.6776
-1.5455
0.7167
1.3283
-1.7647
0.60495
-1.3645
-2.11939
1.92697
1.37678
1.78651
-0.3771
-0.39159
-0.50827
25.1858
2.3509
-1.8187
-0.1461
-0.68824
-1.43098
2.8863
1.6216
3.7837
-0.27982
0.55285
-0.45765
0.1509
-2.36737
-0.07206
-2.77301
5.60579
1.95323
1.3536
2.5266
1.09959
-1.1945
1.28776
-0.2977
-2.0058
1.0949
0.6793
0.3506
-2.4271
1.18861
1.14813
1.9157
-0.709
-0.3892
-0.48792
0.22793
0.74734
-0.4223
-4.43289
0.1478
-2.25282
-0.0639
-2.60585
0.06
-0.40844
1.96912
-0.6735
0.8982
-1.0427
1.456
0.1797
-0.98402
-0.2011
-0.72501
-2.26715
-0.9385
-3.30249
NA
-0.94743
-0.9205
-1.05716
2.0668
1.7952
-0.7868
0.65777
1.96888
1.6633
-3.2722
1.57464
-4.6134
0.21811
-1.32352
-0.95735
-0.09774
0.9336
-0.86887
-2.75538
-0.72881
1.30014
-0.52501
-0.28788
-0.61873
-0.7826
0.3049
-2.9138
0.58982
-1.4689
2.2219
1.14377
-4.3139
-1.51759
NA
1.14158
-1.28453
0.716
-1.61669
3.7062
-0.8266
-0.706
-0.3496
-2.1819
0.06274
-3.47404
-0.43875
-1.45355
-1.8036
-2.5853
0.8393
0.1888
-0.14882
0.27066
1.6727
1.6118
-2.2303
-1.4867
-3.3195
-2.37292
NA
0.20663
0.10943
-2.61657
4.0158
-0.2088
1.5001
NA
-0.8778
-0.0253
-0.61951
NA
0.73847
1.33366
-3.77268
-0.79705
-1.78
0.1282
0.80577
2.2532
-0.5415
-0.5074
-1.97461
1.0968
1.27764
1.4959
0.62829
1.41348
NA
3.0801
0.2342
0.30387
NA
1.10835
-2.5332
-0.09741
-0.47233
-1.31678
-2.9394
-1.80682
2.6395
-0.62873
0.86805
0.88117
-0.3831
0.35435
-0.87546
-0.0174
-0.28396
-0.67268
0.19877
1.0456
0.0735
0.2236
0.37268
2.3977
0.44144
1.7339
-0.22384
0.05473
0.156
-0.2968
0.1304
-1.576
6.73261
-0.16396
-0.00731
-1.6346
-0.13415
-0.20442
1.59695
-0.1979
-0.94647
-2.5056
4.21356
1.227
-0.26728
1.53165
-0.71515
0.5216
0.3587
-0.6062
3.2903
-0.0945
-0.426
-0.2282
-0.1583
-0.54658
0.5088
2.2373
8.4595
2.4111
-2.7073
-1.20549
-2.8479
-0.0937
-1.55635
0.78674
-1.8889
0.1249
-1.3207
0.05659
0.3512
NA
-0.7669
15.16435
NA
-2.86834
-1.0181
0.5929
0.07263
0.1768
-2.01491
NA
-2.22056
-1.2085
-0.89677
0.88229
2.0231
-3.12
-2.15991
12.8709
2.53514
-0.5746
1.29841
1.5004
1.74175
0.6076
2.9462
1.95503
-2.47094
-0.395
-1.0264
-1.8992
-0.08058
-4.105
-1.9041
1.7506
-2.02188
-0.0774
-2.8417
-0.6044
1.0278
3.1332
-2.76779
1.4421
1.32937
0.46107
0.4928
-2.5417
-0.1708
-3.3498
-1.11128
-1.2326
NA
1.27553
2.3691
-1.0483
2.83605
-1.75268
1.76561
-0.74228
2.10039
4.48162
-0.40602
3.3251
-0.15526
2.7017
-0.3719
2.57228
0.1511
-0.7486
1.26007
3.30018
-0.53543
-2.02
-2.57817
NA
0.76612
-0.6159
-1.01449
-1.9934
2.23582
0.92618
-0.1924
1.17653
-0.5593
0.20246
-0.7177
0.1932
-1.0327
-0.55413
1.6379
-0.02738
-0.03436
0.85956
-3.21616
1.60563
-0.5039
-1.8016
-4.10567
0.5393
-1.1234
-0.2971
2.0226
-1.05253
NA
5.36102
-1.45735
-2.6329
-1.02935
-1.75649
-1.63671
NA
-2.10092
-0.00781
0.99106
1.80652
-0.06409
-1.75965
2.53528
0.9719
-1.7701
2.87635
6.19126
1.52
0.0227
-0.47087
-0.116
-0.1859
-6.462
-1.565
-2.4951
-0.608
2.3299
-0.1071
0.5657
1.56193
-1.60655
-0.8731
1.4349
0.01066
7.91312
-0.22865
0.1446
-1.081
0.66195
0.9075
-2.6043
-2.94
-0.25665
-0.2286
-0.6859
0.3668
2.85014
0.43269
-6.01284
-1.3348
2.5296
1.8707
-0.422
-2.59514
0.95123
1.09454
-2.513
-2.7998
0.32093
0.07496
0.756
0.94158
4.31326
-2.7493
1.41728
-1.40053
-2.36942
1.0738
0.15136
1.11992
-0.5431
0.4629
NA
-1.12064
-1.7731
0.99691
1.891
-0.83619
-1.45389
0.2964
0.6692
1.03624
-0.62448
NA
-0.6933
0.9555
4.73515
0.45861
0.52551
-0.13482
-1.44106
-0.6042
4.35862
-0.63421
-0.01002
1.4014
0.649
-0.37249
-4.66446
0.6254
4.3546
0.78708
-1.3386
NA
-0.8179
-0.0329
5.38576
0.5802
1.4453
0.93959
6.0685
-2.72412
0.4995
2.18
3.6
-2.3845
-4.36992
-3.69766
3.1686
-0.6342
-2.4918
2.13
-4.61984
2.0163
1.94
-0.202
0.22425
4.68545
-0.7181
2.11
1.0168
0.27437
0.9318
-2.21
-0.295
0.4354
2.8498
-1.725
3.49619
-0.6087
0.1114
1.0997
1.0791
0.2144
2.79451
0.31631
-1.5636
1.3071
2.12177
-0.806
-0.7032
2.9186
0.6154
-0.5347
-0.952
0.83092
-2.3457
-0.518
-0.49408
0.5562
0.747
-0.2513
0.856
0.124
0.706
0.439
-1.0681
-0.972
1.2108
0.3067
-5.8305
2.6149
0.2413
2.0096
2.2363
-2.1468
-0.706
1.1128
-1.33146
1.8919
0.87816
0.993
-6.2154
0.58
1.9428
0.15
-1.78
0.9099
0.0126
0.01184
-0.07049
0.557
0.01821
0.0751
0.4892
-1.44
0.988
1.235
2.19
-0.168
1.3129
6.0834
1.83
0.1417
0.2877
0.97
1.02
-0.734
-3.43
1.66
-1.06
3.49
2.05
-0.1936
-1.9272
1.13
-0.5079
-0.057
-3.15539
0.5172
1.802
-2.87
1.6
0.61
-0.489
-0.483
0.9666
5.37497
-3.36834
-2.9291
-0.32562
1.9488
0.5326
0.8106
2.48
0.636
-0.0836
-0.388
-1.0894
0.95892
-1.0854
-4.5254
-3.5854
1.2564
2.37
0.0675
0.5241
-1.1642
-0.9386
-1.3633
-1.3482
-2.41
1.38
1.70688
1.32698
0.503
2.83
-0.2751
-1.0392
1.0363
0.2966
2.64
0.851
-3.52159
-1.25793
0.00166
-0.5047
-0.61392
NA
-0.1946
-1.36
1.3428
0.81388
-0.6184
1.5277
6.41746
1.14
0.04923
0.1152
-2.3
-0.2793
3.3228
2.3657
-1.0011
-1.6
0.732
NA
-2.28
-1.3048
0.94667
6.23
-1.53303
-0.263
0.4503
-3.52404
4.46613
2.9
0.546
-3.7e-05
-0.33735
-3.0939
-0.817
-1.29
-1.5942
0.57
2.11
2.96668
-0.30343
-1.4535
-2.50087
-1.4105
2.39
0.949
2.09495
1.6094
-3.9146
2.01
0.815
0.0997
1.04
1.2347
0.347
-1.7976
-0.2951
-1.2032
1.6871
-2.2732
-0.2196
0.602
0.4584
-0.0744
1.13401
-0.4499
0.84852
0.06623
0.3868
2.2235
0.09374
-1.93974
-0.8507
-1.69809
2.48584
0.6326
1.5721
-1.05752
-1.20987
-1.24183
-2.03352
3.4804
0.10862
-0.96001
0.19622
-0.6805
0.42189
0.15516
-0.71707
-3.67357
1.179
-2.84213
-2.36669
-2.00947
-0.44623
-2.0009
-0.49666
0.14132
-1.5822
2.6759
-0.52274
-1.12914
0.65998
0.8019
-0.56145
2.88306
-0.8281
0.86875
1.49222
0.20457
-0.27287
-0.386
0.45561
-1.35716
0.4146
0.69615
-2.31504
-2.78669
-0.56082
5.33621
1.33478
2.30155
-0.23674
-0.5528
0.4701
-3.2978
6.24571
-3.95544
0.1649
0.78914
-0.38469
-0.62316
-0.36182
1.8726
-0.04302
-2.3845
1.50887
0.96484
-1.67686
0.36578
0.79191
-1.08128
-0.45289
-1.55828
-1.1375
-1.45961
2.42294
-2.76879
-0.79648
-0.2169
-0.28356
3.55442
-4.67693
-0.10834
-0.41558
-0.40181
2.691
-0.8666
-0.33997
0.72677
1.06407
-0.2499
-0.1106
1.2849
0.1714
-0.7019
-0.8128
-1.0508
0.03288
0.40052
2.253
-1.3336
2.95
-1.9129
-1.0339
0.17047
-5.4106
2.171
5.4958
1.7699
0.6021
-0.3585
-1.7685
1.0845
0.51197
3.1994
1.8405
1.1014
-0.4444
0.7571
-1.1446
0.732
3.7308
0.00668
0.7441
1.4621
-1.76027
-1.4208
-1.1591
-0.88
-0.2904
-0.68957
0.2035
-0.02237
0.56487
1.6453
1.6542
-2.8454
-2.887
1.0697
2.0291
-0.1086
-0.6653
-5.7408
-0.3804
-0.3095
-1.4667
0.4835
-0.6517
-2.0749
2.2447
-0.5228
-0.7079
1.00322
-1.0965
0.2267
-2.97599
1.36675
0.599
-0.05945
1.6864
-3.6623
-0.8351
-0.7589
0.03252
-1.7049
-3.6666
-0.7384
3.2167
5.7789
-0.0135
-2.0045
-1.0709
1.1047
1.1
-0.6745
-1.1243
-1.6556
-0.4617
-3.1868
-0.356
-1.8505
-1.5625
-4.634
-0.3986
3.2252
-0.7679
-3.9702
0.7281
-1.3779
0.4559
-0.14324
-2.8328
0.8417
0.0151
-0.13383
-1.6007
-0.58
1.4488
1.8587
1.368
2.8066
-0.1894
-0.31
-0.6984
-1.9045
0.1137
-0.0906
0.33122
0.3677
-0.14451
2.2223
-1.07788
0.17834
-0.5646
8.9059
0.54732
-2.61851
-1.54118
-0.87791
0.32579
-0.4358
-0.04153
2.52666
-0.56973
-2.14
-0.27912
-0.5567
1.21679
0.47939
-0.00397
-1.16354
-0.82554
-2.10502
0.09045
-0.023
0.7681
1.14686
-1.28212
1.05089
1.4928
0.16283
-1.18674
-4.44174
-0.1354
2.14996
0.18866
1.14862
0.12722
-0.22106
-2.2694
2.33803
0.03294
-0.8713
-1.5075
1.34748
1.94442
0.52223
0.5505
0.83058
1.26186
1.22297
0.483
-0.1063
2.5232
-2.32403
-2.13
-0.2021
-0.33817
-0.9619
0.89209
-0.1597
1.54059
0.5141
4.9831
-1.21579
-5.71347
-1.74905
4.0005
-2.09712
-0.98693
-0.15296
0.67356
0.89575
-4.33468
1.7035
-1.16243
0.749
-0.53872
-2.96714
-2.86392
2.65758
-0.45257
-2.1819
-0.0896
-1.41
-0.4916
-0.65581
-0.6035
-0.1428
-0.22125
1.32424
2.65555
-1.18052
-0.122
-2.29856
-2.11983
-0.4051
0.5475
1.9138
1.47911
-4.49877
-0.36921
-0.2257
-3.7582
-0.63383
0.41863
3.89202
0.45193
0.551
-0.78169
-1.8389
-0.2594
-0.4347
1.02931
0.35403
-0.2233
1.5131
-0.00197
-0.7106
0.55288
-2.97851
0.4048
3.4393
-0.96022
-0.0846
0.4787
-1.46866
0.44665
1.50274
-1.058
0.33168
-0.562
2.87721
-1.3503
1.158
0.53961
1.51398
1.78422
3.57233
-0.13365
1.73025
2.13472
0.84222
-0.287
-0.4748
1.7845
0.51449
2.2436
-1.57397
0.92237
0.3988
-1.30732
0.7257
-1.16038
1.86139
-5.88962
-4.0963
-0.73316
-1.14776
0.103
-0.38294
2.5668
-1.66918
-0.46304
0.89363
0.71684
-1.43426
1.2263
-0.44228
0.07565
-2.6344
0.01767
-2.8336
1.8228
-2.92
-1.26215
0.7574
2.44767
6.8049
11.05327
-1.33306
-3.99234
-1.55612
1.08132
3.19333
0.94718
-0.6599
1.61346
-3.5588
0.20588
1.2337
0.1561
4.61707
-0.83422
-2.67928
0.467
1.5655
-1.63522
-5.03819
-3.63993
-1.3601
-1.5265
0.61845
-1.43979
-0.13337
-0.8894
2.05229
2.61447
-1.3031
1.8861
1.9069
0.3437
-1.4552
-0.8359
1.1154
0.173
2.1589
1.0536
0.6609
4.8433
2.01172
-0.67509
1.6652
0.84869
1.5211
-11.9068
-0.3689
-11.9068
-1.0544
0.44724
1.05196
-0.39887
0.6787
1.46101
0.1865
1.8598
-3.4085
2.2124
-1.1267
-1.4777
-1.1969
0.3094
-2.0199
0.7647
-0.18583
2.00266
-0.378
-0.27574
1.88746
0.23906
NA
0.2974
0.36964
1.32755
-0.06618
0.57449
-0.45593
0.69675
0.9283
-1.7116
-5.084
-0.5411
0.70876
0.44342
-0.34728
-0.7013
0.3615
-0.1731
-6.4885
-1.3741
3.9213
10.4818
-3.36961
-0.426
0.57656
-0.192
-0.84004
1.1072
-0.2468
-1.5068
0.2927
0.59431
0.56471
1.3295
-3.7346
-2.216
-0.12655
1.3241
0.5923
1.0945
-4.983
0.4705
-0.5475
0.07628
0.92856
2.3918
1.322
-1.8008
0.6453
1.0544
-2.9095
-4.6108
-0.6659
-0.7645
0.7683
-0.2232
3.2068
0.5526
1.1316
-9.9795
-1.02647
0.40511
2.2091
1.0618
1.4232
-0.3851
0.99464
1.09756
-1.2469
0.8614
2.33304
0.07682
0.9461
-0.0899
-0.9287
-2.9652
1.9231
NA
1.4972
0.3894
7.62
-0.9214
0.2885
1.2357
1.6997
4.0337
-0.0342
-1.9665
-2.8528
0.672
-0.1951
-9.8541
-6.764
0.80647
3.1322
-1.1017
-0.5945
1.4999
-1.3837
-1.0136
0.5105
-1.15221
2.2862
-0.7019
-1.1492
1.6704
-0.1277
1.4435
0.6132
-0.12068
0.025
0.3597
1.2863
-0.2443
-0.03533
-1.2574
6.9886
-0.59734
-1.8005
0.8133
-0.00256
-3.1848
0.6512
0.51545
-0.8772
1.5368
-5.6556
4.4509
-0.8364
-0.27321
-1.7476
0.4047
0.6308
-1.1705
0.3401
-1.8411
4.819
-0.7783
0.5476
-4.6923
-0.0952
0.5624
0.1314
-1.767
-1.807
1.1781
0.6064
-1.9963
0.8637
-0.7167
-1.188
1.29
-1.9398
-0.5796
3.9758
0.8676
-1.0357
-0.4569
-0.0806
1.9492
0.81426
-1.2153
1.7563
-2.4811
3.3423
-0.4576
-0.3062
1.5075
-2.5094
0.0812
0.8883
-0.84951
0.3271
0.7741
2.6102
-1.21398
2.5875
-1.7489
0.7024
-2.2437
-0.6535
3.5541
-0.5865
1.504
-0.23602
1.2584
-2.9412
-1.2156
0.744
0.7341
0.1567
-3.2475
-0.744
-1.115
-0.6272
-0.8139
1.1261
-2.41006
0.0878
-1.7995
-0.9357
-1.59248
1.8414
-1.67
-0.71374
0.24843
-0.7604
4.12949
-4.5
-1.20497
2.1036
1.714
-1.593
0.04317
-0.479
-0.8001
-2.25145
-3.7079
-1.3044
0.6387
-2.024
0.1526
-1.5362
0.0747
-0.0964
-0.12193
-1.4555
0.547
-0.7267
-0.9185
-0.31089
1.4854
-0.51237
1.358
0.22266
-1.1369
-3.4026
2.32894
2.709
-0.2669
-4.1728
-0.3942
NA
0.7516
0.7213
8.91904
-1.94822
-2.03
1.2789
1.8884
0.18444
4.03
-0.811
1.3512
-0.569
1.29301
-3.2468
3.0594
1.4421
-0.0994
-5.13
-1.13738
-2.85616
0.1038
-0.31063
2.8146
0.68082
-0.5495
-0.4456
-0.08548
-5.48453
1.25168
-0.42193
3.6961
-0.29397
-1.36146
1.1007
1.1045
2.0231
-2.6682
1.00924
0.3356
2.36963
1.1564
-0.5445
-0.07796
NA
-2.0122
0.62508
0.4209
1.3476
0.5278
3.3336
0.1028
1.02709
-1.01109
2.86823
-3.4871
0.6555
-0.08091
-1.723
0.7143
1.88037
-1.3329
1.84925
1.80499
2.97858
1.07318
-0.5202
-0.83321
0.01771
2.01037
1.5491
0.17526
0.723
-1.1932
0.6983
-0.9366
0.43335
-2.6227
1.69283
0.704
-0.2421
0.8196
-1.9368
-0.85593
1.62603
-0.17187
-2.22174
2.25361
-2.84062
-0.7975
NA
-0.3623
0.31537
-2.0021
-0.40171
0.22424
0.00673
1.00139
0.3421
-0.07264
NA
0.1198
-2.1169
1.3234
-1.1133
1.541
-0.9663
-3.4004
-0.6787
-0.4153
-1.4554
-2.24964
1.0125
-0.6681
0.1196
-0.06543
NA
-0.82041
-0.7924
-0.4485
NA
-0.43043
-1.3288
0.90947
-0.44817
-0.43795
-0.241
1.60374
-0.5714
-1.12813
-1.14298
-0.9731
-0.61
2.32
1.54923
1.50478
0.34523
0.7825
0.31397
-1.10179
-1.44528
-0.1222
-2.10715
1.7854
0.43885
-1.65531
1.44
-1.75077
0.5403
0.60601
-1.0371
-2.47
0.609
0.65923
-3.73982
-0.09001
NA
0.94809
-1.9151
1.23572
1.33106
-3.40604
-1.02424
0.32952
2.10959
5.3994
2.0613
0.6841
-0.6341
-0.61418
-1.4794
3.12
-1.75397
-0.38126
2.075
-0.83368
-1.50272
2.4831
-2.57253
2.5266
-2.75135
-1.89028
0.89898
-0.44486
-3.09228
0.86101
1.6902
-0.521
-3.55743
1.42011
0.6826
-0.82502
1.0445
0.38702
-2.0083
-0.03403
0.567
1.282
-0.22659
0.02809
-0.81201
0.6903
-4.26565
-0.2471
7.8471
16.9521
-0.57013
1.37
-1.41873
0.23739
NA
-4.9461
2.85691
10.09132
-0.943
0.9796
-0.3806
0.548
0.28266
0.44482
-1.9951
0.53137
-0.229
0.04417
-0.55
-0.2151
-1.6907
-3.18886
2.0835
-0.79157
-1.8835
-2.40136
-0.26957
-0.81421
NA
1.1633
-0.1079
-1.4873
-0.80865
2.9541
2.0556
0.75362
0.3006
1.0172
3.26491
2.7191
0.0431
1.15643
-2.02478
-0.0144
2.637
1.04368
0.4707
-1.2776
0.7485
1.9995
-0.6218
-0.4783
-0.68225
3.3787
-1.08422
0.2707
-0.11991
-7.3263
-0.41475
-0.5999
2.0924
0.38893
0.0466
-1.5809
-1.83732
-7.1281
-0.7441
1.33016
3.27519
0.5661
2.12282
1.2956
1.3626
-2.1956
NA
-3.7543
-0.8346
0.6766
-0.6197
-1.319
0.5774
-1.4509
-0.04878
0.5375
-0.06833
-3.41538
-1.60501
1.84431
0.7994
1.3504
1.57783
6.08238
1.2853
-0.5662
-1.26
-1.1056
1.42494
-0.2685
0.5388
-1.131
-2.85877
-1.6278
0.4503
2.92072
4.2799
-0.7676
0.6639
-0.81145
0.5769
-0.2311
-0.1779
1.139
-1.8676
6.41597
0.5515
-0.995
-0.8584
-3.8878
3.55298
-3.9214
1.0658
-1.4784
1.5881
-2.8053
1.1525
0.7231
1.07867
-1.2915
-0.6939
0.20716
-0.9857
2.9444
0.7995
-1.2815
0.04661
0.0041
0.9299
-0.33622
0.6896
1.23235
-0.36013
-0.1026
6.30947
-1.32032
-2.2361
1.184
1.68615
0.8616
-2.8257
-1.85172
0.11108
-0.646
0.6656
1.9471
0.81811
0.39168
-1.3504
2.8891
0.53255
1.3987
-2.0036
0.0449
0.0357
NA
-0.7331
0.2937
2.00919
3.20894
-0.7034
-0.3613
-1.2271
1.5397
-0.2261
-3.56762
2.4701
1.8545
-0.909
0.0887
3.8793
1.84987
1.2832
-0.44415
2.5795
-1.90745
0.28917
-0.47208
5.166
-0.02075
1.3982
-0.4945
0.36446
1.8225
-2.233
-0.35505
-1.9534
0.8347
-6.16754
0.365
1.59257
5.54382
-7.0349
-0.68701
4.6054
-2.3675
-1.33196
0.0207
0.935
NA
-6.1968
-0.389
-0.7777
3.2696
1.387
0.06285
-0.9972
3.3652
-1.3537
-0.5583
-1.33145
-2.2903
0.1161
0.43961
0.8417
0.62698
-0.0516
1.2239
-0.5034
-1.68054
2.1942
-0.0231
-2.0467
0.9884
-0.25451
-1.1873
-5.2696
0.462
-5.45576
1.0332
-0.08517
-1.2018
0.3993
-0.633
2.8825
0.4601
-0.23996
1.29255
1.66179
1.40741
0.57481
0.38564
-1.06307
-1.22854
2.9641
-1.32352
0.561
-0.6398
-0.8295
-6.6303
-1.07171
-4.5262
0.3501
-1.38007
0.7701
-1.5291
-2.2575
-0.4199
0.1459
-1.1469
2.01591
-0.4991
1.33373
-1.1056
-0.36577
-0.0801
2.8195
0.3086
3.9457
0.21493
1.75218
2.95622
-0.7142
1.4168
-2.45949
2.0292
-0.347
1.44565
0.95055
-1.0695
-0.6737
0.1301
-1.3492
-1.8657
-2.0583
-4.1662
-1.49898
11.265
2.0474
-0.6839
NA
-0.447
-3.114
NA
-2.05562
1.34722
-0.52229
-0.1512
-0.4971
0.5601
1.3454
1.67777
-2.7966
-0.7128
-0.29992
-0.82342
-0.356
-1.2099
-2.3206
0.1618
1.3707
-0.7459
3.26682
6.1462
NA
-0.57584
-2.724
-1.90447
-0.18813
-0.23842
0.8947
1.1116
0.4126
-1.70087
-0.1946
-0.8086
-0.2858
-1.32241
1.897
-1.92374
2.397
0.969
-0.09761
1.48762
0.00467
0.401
NA
-1.94356
1.0774
0.71162
0.9787
-0.1039
-1.8927
1.86116
2.0136
-0.851
-0.3861
-2
-2.99203
2.30053
0.8398
-1.7749
-0.4561
-0.21721
-6.93766
1.7065
-2.86367
0.8404
0.34558
-0.39755
1.4357
1.785
0.5553
-1.53747
-1.96682
-0.5826
-0.6888
0.03806
2.1011
1.74329
