4.5934
3.6229
-0.1961
3.07342
1.51323
7.3859
2.6529
-2.20677
3.03855
0.93895
3.0141
-0.80263
0.0228
-1.44494
1.56272
-0.72106
6.7026
1.45071
0.8128
2.6504
-0.33402
-5.55862
-0.9958
2.6144
0.07941
2.01006
-0.2593
-0.17182
1.3359
-1.83306
0.3313
-4.0833
-0.6177
-2.53843
-1.81566
1.76792
1.8281
-1.90964
-2.03613
-0.92755
-2.368
0.51439
-0.34045
1.26658
0.67188
-0.22909
-0.46526
-1.2411
0.1906
0.4005
1.6833
0.3132
-1.58686
1.7647
-3.851
1.6214
-1.0594
-2.5513
-2.75151
-1.19357
1.7633
0.513
1.9536
2.313
0.2818
-3.4057
-0.2436
1.6017
-1.9075
1.53064
-2.523
8.1819
-2.6834
0.09072
-3.3111
2.4112
-0.5968
-0.1581
2.6489
-2.15076
0.3256
-1.9161
-0.1652
1.42176
-2.1624
0.64574
-1.71741
1.51684
-1.35811
1.0819
-1.2663
-0.88766
-0.9881
4.2144
-0.84157
0.2353
-1.10052
-1.6114
-0.8917
-0.59558
-4.16231
0.11891
-1.29721
-2.1983
1.0002
0.1066
-0.0423
2.38006
2.1062
-0.79718
0.3761
1.6151
4.9041
-1.22997
1.11987
2.1021
-1.7096
0.47928
-0.17849
0.3909
0.3269
-0.65037
-1.15975
-0.85268
NA
-0.4773
0.96062
2.6644
1.5012
1.0058
3.8907
1.41213
-1.31552
-1.37825
0.5634
2.84592
0.8344
1.3467
2.7115
-1.6521
3.90656
1.5268
-0.2388
-0.8744
NA
0.71165
-0.4799
0.1108
-1.25717
1.2853
0.93455
-2.0083
1.2316
1.4672
NA
-3.0746
-0.7921
-0.4919
-0.8165
0.18643
0.12136
-0.5255
-1.83121
2.7393
3.518
1.80988
-0.9863
0.7986
-0.0835
0.8662
-1.4305
2.75657
-3.3071
-0.978
0.6635
-1.6182
1.78948
0.9893
-1.9522
-0.8913
3.0548
1.2709
-0.535
6.81314
1.2805
1.6211
-3.2777
0.2256
1.5373
-1.07767
2.58098
5.05074
1.6016
-2.62683
2.0798
0.1203
-0.12034
0.842
-0.5257
0.5264
0.2212
0.4174
-0.5086
-0.5398
0.2222
0.11707
-1.5681
-1.2018
0.5854
-2.38786
-1.5641
-2.3004
-1.1107
-0.77509
-0.2344
3.664
0.7234
-1.0332
-0.2955
1.40541
-0.66686
-0.4442
1.4272
-3.3323
0.178
-0.11513
-1.22341
-0.2082
-1.8891
-2.5881
-0.5504
-0.2996
0.644
-0.79004
-1.628
0.58777
-3.2889
-1.047
-0.0865
1.2611
-1.53542
0.6966
-0.5097
-0.3013
-1.5754
-0.1426
-0.7789
0.0778
-2.3162
-0.755
-1.6069
-1.5319
3.4087
-1.2911
-2.8427
-2.993
0.8405
-0.68117
0.132
-0.954
6.47099
0.6657
-3.3271
-0.5287
4.5929
-1.24145
-0.1997
-0.0709
-2.10691
-1.12248
0.4993
-0.09824
-0.9942
1.6168
1.535
2.92939
0.35548
-5.5877
-1.95358
3.48312
0.3341
0.9256
-5.2514
-0.17212
1.62577
-0.7679
1.17012
1.47809
2.2967
0.46303
-0.10968
-0.2418
0.27864
3.15297
-0.191
0.6673
-1.19893
0.94033
-2.8714
-1.53692
0.68073
3.0898
-1.0415
2.8304
0.19829
2.36406
1.97797
-0.768
0.045
2.0829
0.1074
0.3146
1.1537
8.8861
-2.69094
-2.5269
0.1655
5.4031
-0.939
-0.61249
-0.5957
1.03519
1.15263
-0.7672
-0.12858
-1.80654
0.4438
0.36265
2.2392
-0.4349
1.619
-0.7113
1.6883
1.21934
NA
0.6854
2.7786
-1.45322
-0.96653
0.762
-2.7467
-2.5284
2.18987
-0.1078
-0.24936
-1.3562
-1.0205
0.9579
1.73
-2.0346
1.6296
0.8234
-0.7743
-2.41165
-2.80489
4.3815
-2.00812
4.41706
0.88422
-1.42545
0.7349
-1.1196
3.0917
1.6562
1.5192
1.2853
2.70816
1.1993
1.8664
-1.0833
-1.5286
0.1761
-1.31152
1.10912
-0.6694
2.52288
-2.29324
0.5476
0.02381
-1.029
0.5879
-0.8008
-0.7354
-2.81901
-1.4388
1.11816
1.1916
-3.8216
1.0885
-0.658
-0.0417
-2.0865
-0.70456
0.7823
2.5953
-2.6919
-3.74624
0.7842
-2.21231
0.34849
-1.3268
-0.1809
-3.5033
0.45051
-0.2067
-0.1956
-1.60882
-0.3048
-0.29962
1.03692
-30.3027
5.7761
-6.96075
0.8043
-0.4346
-3.1581
0.9552
-2.2808
1.0155
0.7248
2.5856
-1.8531
-2.3967
-0.3017
2.2314
0.94297
0.5563
1.7085
-1.69266
6.47414
2.49209
3.3018
-0.1239
11.9068
1.7464
0.3621
4.38851
-2.16072
0.8825
-2.6919
-0.65995
2.0911
-3.7314
4.5886
-6.93391
-0.4876
6.229
-0.37954
-1.92267
1.2838
2.41143
-9.79539
-2.48519
-0.3562
2.94608
-1.6902
1.2769
3.72
3.4998
-0.13161
1.9428
-1.28526
-0.0634
1.6579
0.8907
-0.888
-4.86349
-0.72532
-3.83173
-0.8257
0.2039
-2.0487
1.38348
0.0271
1.2297
0.28693
2.2693
-2.88236
0.86
0.83351
-1.5606
-0.2947
-2.3299
-3.8918
-0.2386
1.6481
1.01403
1.8334
-1.59612
0.5303
-1.9085
1.33952
0.2739
1.28342
2.6699
-1.52542
3.0999
1.38488
2.5626
NA
0.6275
-1.9757
-0.8413
-0.3138
2.59794
1.1645
1.1399
-0.5789
-7.02561
-6.0189
-3.251
-2.2842
-1.2499
1.7632
0.3538
0.64999
1.111
1.6534
0.8511
3.5243
1.14157
3.22332
0.86414
1.71296
1.619
2.7106
-0.7776
0.10936
-0.8013
-0.92475
-2.5509
-0.2257
-2.0002
1.2264
-0.3309
-0.30502
0.0795
-0.0518
0.3959
1.2813
-0.32803
0.70848
-0.78967
1.0744
1.5175
1.4477
0.8614
1.4936
0.8663
1.3282
-1.4486
2.35592
0.5561
-2.0199
-1.83121
1.52025
0.7367
0.68
1.4691
-0.22827
2.1817
1.5183
4.0744
1.29704
-0.94513
1.91604
1.04461
-1.76538
-4.7225
1.9364
-0.9672
4.28938
-0.3914
-2.2502
-0.8632
-4.1606
2.69047
-1.2318
2.2621
-1.12589
0.6945
-2.41126
0.07219
-1.3112
1.8015
-4.6462
-2.041
-2.3514
-0.76636
-1.6429
1.7809
-1.36173
-0.6865
0.7962
0.4945
-0.1862
-0.1497
-0.2877
-0.22984
-0.1254
11.6991
-0.42749
0.4344
0.2004
-2.3228
-0.7023
4.8787
0.95095
3.5967
0.38796
2.7558
0.9226
-1.6178
1.6368
-0.48273
-2.3419
3.50469
-1.0609
2.1613
-1.6721
-2.5622
-0.1554
-0.82193
-11.50993
1.77726
0.02034
-2.27464
-1.6196
2.3942
-0.5292
1.0589
-1.72177
0.705
0.12265
0.90825
-1.5974
1.2873
0.1406
-0.86852
7.9905
-3.1561
-2.37585
0.6563
-0.6977
-0.2232
2.35385
1.036
-2.52314
0.47486
-0.0943
-2.7088
-0.5399
2.10918
-0.11041
0.03495
2.23657
4.64415
0.6883
-0.65289
0.55152
-1.5304
0.9483
-0.2841
-0.5776
0.9127
-0.8328
1.9662
0.9878
2.64794
1.27336
0.5294
0.4124
-1.3458
-0.58255
0.5192
-1.4096
-4.229
0.5985
-1.7884
-0.4915
1.025
-1.9892
-2.44912
-0.32677
1.5532
-2.36
3.53603
-0.5161
1.465
NA
1.4305
0.396
1.1444
0.9436
2.7686
5.696
1.4997
-0.59244
8.4597
2.12
-1.67959
-3.4332
-0.5571
-2.3686
1.4692
-6.3838
1.4891
2.4139
0.0878
-0.2275
3.807
0.7779
0.5074
3.0876
2.3861
-1.6457
0.6276
2.106
1.4813
1.3868
3.3886
4.4812
1.5907
1.5691
1.6374
2.3974
1.1784
-3.6476
-1.1517
0.4321
-0.6201
-0.3657
1.0746
1.7319
-0.199
1.3756
-2.7263
2.4379
-0.9959
0.1363
-11.2578
1.431
-0.5988
0.0776
8.6304
-1.483
-1.9188
-1.5094
-1.6091
2.6867
1.5177
-2.3841
-1.263
-0.5017
0.9368
-2.1817
-0.4818
-0.3613
1.5095
-1.0943
-2.8528
-0.7949
1.9554
2.4485
-3.6344
0.1214
-0.5981
-1.2896
-3.7213
1.7852
-6.858
-0.1742
0.6102
3.3637
2.2612
-0.2324
-0.5281
0.9315
0.5176
-2.3806
-3.4012
6.434
7.4401
-5.2763
0.6645
-4.9606
0.7555
1.62335
-1.28607
-0.0569
3.05113
-5.429
0.11296
-0.1523
0.08824
-0.83215
1.6063
-0.37706
0.17197
0.32884
-4.81
6.2722
3.11578
3.47114
-4.0198
-0.51317
0.5044
-4.24966
-1.06935
1.568
0.38486
0.75543
-0.00622
-1.2311
0.4942
2.74733
4.40615
-0.2149
4.0829
-0.5845
-0.5676
-2.8733
-0.9566
-1.105
0.293
-0.0289
-2.1647
1.0763
-0.0584
0.5128
1.215
1.4886
1.5084
0.7954
0.7082
-0.5365
1.2624
-0.7984
0.9369
-1.7667
0.9393
1.0223
-0.326
-0.3242
-3.3498
2.4574
1.17
-3.4209
0.4529
-1.7027
0.8157
-0.8397
0.4642
-0.4577
0.3294
1.2335
-1.6539
1.5582
-0.059
0.7353
0.1709
1.241
-1.4275
2.3359
-0.6261
-1.9753
2.4863
-2.4409
-0.9437
1.7704
0.6495
1.9338
0.5228
-1.0817
-0.04434
-2.44248
-2.355
1.74389
2.3949
-3.82627
-0.3519
-3.34656
-0.66522
-1.62012
-2.36781
-5.73969
0.96156
-1.44713
0.3559
1.94872
-1.10036
-4.08343
0.2573
-0.24436
1.9847
4.1888
-2.30923
0.56043
0.70399
1.6623
-0.67744
-2.8323
0.44212
-3.223
-0.14664
1.4749
1.3716
3.1338
0.85675
2.19068
4.15845
-0.78783
-4.55317
4.3478
-1.8342
2.3441
-0.50834
1.03492
-0.76441
2.36281
0.93457
0.46079
-0.62171
-0.80223
-4.49456
-1.76341
1.09974
1.45883
0.53731
4.96412
-3.77681
0.0628
-5.2551
-0.6367
0.49931
-2.62583
-9.3001
1.554
-1.8616
-0.9563
-2.0331
0.7612
-2.2066
0.7956
-0.8009
-1.2239
0.9968
-0.7468
-0.8942
3.6612
0.2233
0.5643
0.1722
-0.9882
0.9241
0.2934
-0.9893
1.2821
-2.1255
0.4689
0.1893
1.6757
-0.1118
0.4494
1.4439
-3.0019
1.1021
1.4635
-0.1371
0.1845
-2.0733
1.3941
-2.2504
-1.3542
-1.4527
-1.4212
-1.5071
-0.2857
-0.8243
0.8312
0.08585
-1.5816
0.9961
1.0636
1.1318
2.2518
-0.2804
4.2503
1.5399
-1.3061
-2.2321
-0.4682
2.2046
3.1032
-4.2637
3.6937
0.8519
0.9421
-0.1654
-5.0315
-0.7492
-0.7091
-3.3799
-0.0581
-2.2661
-2.3401
-1.5267
-4.821
-0.6692
-0.0559
-2.3493
0.1229
-1.6384
-7.2486
-2.9256
0.297
0.6262
-6.1055
-0.2153
-0.3354
0.9188
0.5206
1.5205
-4.0316
-0.1478
2.4845
-4.6502
0.9666
0.7614
-0.7724
-0.6714
-1.3327
3.9749
-5.02
2.1071
0.95
-2.1819
0.697
-1.3267
-2.9885
-1.2079
0.0911
0.196
0.6274
-4.6939
0.6496
0.9153
0.0988
0.3424
-0.24601
-0.23362
0.5951
1.42261
-0.49504
0.22863
0.6546
-5.2294
-0.78176
-1.65179
-0.77956
-0.8805
0.6563
0.22421
-1.78298
-1.5209
-1.0095
-1.2295
-1.4381
2.50643
-0.6158
0.22265
1.84355
0.07683
-1.557
0.756
-0.10383
-2.2416
-0.12114
2.84547
1.02334
-0.31248
0.00554
2.19256
-1.0737
-4.6785
-0.87939
-0.03829
1.5466
0.1749
0.82736
-1.97048
1.77889
0.4148
-1.4572
1.14362
0.93011
-0.7498
0.00449
0.15795
-0.52663
2.51477
1.33976
2.61533
0.31665
-0.7667
-2.2971
1.1514
0.0459
-2.5816
-2.0077
-1.44
3.6577
3.3797
1.6734
-0.0201
2.3745
-2.4519
-2.5368
1.0284
-2.1636
-0.6026
0.3703
0.0141
3.7419
-1.1416
-1.0603
0.6757
-0.684
1.0355
0.0167
0.8062
1.30737
1.7312
-3.32069
-1.0395
-0.60832
-1.37356
1.43798
1.21951
-0.78126
2.14186
0.24896
-0.31266
-1.07277
-0.62997
-2.8497
0.69322
0.7524
-3.10729
0.0719
1.07434
-0.35676
1.0102
-0.2513
-0.29974
0.18779
0.71418
2.7555
-1.35983
4.55685
2.81261
2.324
4.93751
2.43886
1.7154
2.29428
1.47132
2.7442
2.8663
0.34031
-2.85686
-0.58464
4.0572
3.17952
1.1706
-1.42825
1.31349
0.19428
-0.62214
-2.92112
-2.62619
-0.79148
4.10442
4.5962
-3.8791
-4.9676
-1.5881
4.76868
4.32074
0.1992
-1.2047
-2.5419
-0.59737
-1.65419
-0.88252
-0.6896
-0.84247
-3.7186
1.77699
-1.09895
-0.80162
-0.9406
2.56865
0.18594
-0.91631
-2.43394
1.36154
2.52054
1.5067
-2.5452
-1.48284
-2.08401
-0.08631
1.2367
-0.68487
-5.9381
0.5996
2.2165
-0.81248
-1.27637
1.65029
-1.63742
1.15652
-1.06109
-7.047
-0.75868
-1.74496
-0.89518
-2.91517
-2.3349
-2.27444
1.165
1.57763
-1.78246
1.65177
0.18215
1.87547
-3.96988
-0.5699
-0.48298
-2.1792
-3.10969
-0.4518
1.9805
4.43489
-2.0288
-0.6981
-0.2095
-1.0212
0.0705
0.03281
0.45457
-4.04013
-2.33571
3.98077
4.0335
-1.56814
0.8684
0.74882
2.69712
3.52156
-0.65662
-2.8014
5.30573
-1.43076
1.36991
2.15052
-0.0989
-1.3176
-0.26843
-1.32232
-2.82808
-1.06732
0.18055
-0.12716
1.45811
5.1821
0.0922
0.8864
32.62345
-6.9291
8.0802
8.98307
-4.00398
-0.73446
-2.0477
-0.21248
1.225
2.0755
1.66211
2.9831
-0.4708
-1.44653
-0.83822
1.35746
-0.50487
-0.77691
-0.37256
1.562
-0.8821
-0.97046
0.79467
-2.0848
-0.75719
-2.18384
2.64503
NA
-0.0795
-0.3283
2.1353
2.8281
0.5284
0.5176
3.3782
NA
1.6925
-0.57
-1.4502
1.7887
-1.8138
-0.3929
-0.094
0.2792
0.4294
-1.3338
3.7504
2.2093
4.7042
1.1826
1.9517
1.2666
NA
NA
1.3922
1.7406
NA
NA
1.1438
0.3794
NA
4.2537
-0.3601
-0.0455
1.8907
2.953
3.5212
2.0297
NA
-3.0548
0.8817
NA
0.2159
NA
-0.0588
-0.484
1.085
-0.3857
0.8366
-0.8465
-5.0297
-1.6273
0.4041
-1.5245
0.5386
-0.7226
0.8555
-1.7431
-1.2452
0.8352
-0.7866
-0.1549
0.4174
1.294
-0.8232
-0.4153
0.4361
0.6747
-0.0585
-0.0954
-2.2036
0.5307
-4.0091
1.7429
1.9137
1.5116
0.0328
-0.1479
-0.5195
-1.7304
0.9588
0.87666
-1.2212
-0.13971
-1.85558
0.16995
-0.89939
0.63359
0.93429
-0.46111
0.00395
-1.72748
-0.1504
2.86802
-0.6848
2.44054
-2.7241
-0.40018
0.65387
-0.9854
1.75262
-1.87296
-0.82717
-2.7582
0.73688
0.0415
-1.40829
-0.84566
-0.1522
3.0419
5.6688
0.69194
-3.4313
1.68291
-0.1905
-0.35225
1.62018
3.57156
-4.7928
-1.54559
-0.59911
-2.20194
13.3971
1.82985
1.64973
-1.39832
0.1629
1.07642
0.9998
-0.20224
-0.66
-0.16526
2.5027
-2.13251
1.7079
-3.64127
4.2634
3.62714
2.17328
1.0924
0.46037
-0.10163
2.05103
-0.34339
-2.00049
-3.29857
2.99396
-4.6623
0.62937
-1.9245
2.4276
-3.63551
-2.7999
-1.3014
1.92601
12.8852
3.69462
-9.6787
24.614
18.439
-19.8532
1.69406
-1.6226
2.29902
-4.01839
1.24796
1.47531
-3.30248
0.9895
1.6246
-0.37077
0.91053
2.46649
-2.96801
-0.6579
3.20491
-0.8099
0.13183
-0.4901
-2.1871
0.81033
-0.8585
2.4218
-0.3315
0.8572
-1.1603
-3.1992
0.3482
-1.36
-0.8097
0.312
0.5003
1.3275
2.7616
-3.2889
3.78
-4.5723
1.5811
0.2277
-0.3892
-0.6043
-3.8286
-1.7754
-3.6392
-2.8758
1.3394
3.0007
-1.6695
-2.7723
-1.4481
2.4336
0.5476
0.1471
0.5485
1.4534
-1.0065
-1.7414
-1.592
0.1171
2.6326
1.1044
-2.2877
1.0286
-0.6287
1.0141
2.5135
-2.1981
-0.0457
-1.6498
1.1804
1.4504
0.7791
-1.776
-1.2316
-0.7089
-0.7493
-0.9295
-0.2957
8.3898
-1.254
1.0752
1.4992
-2.6085
-2.8184
4.0199
-2.7731
9.048
9.3282
0.4947
0.3534
1.841
-3.0458
-1.3545
1.4926
0.9403
-1.6518
3.2536
3.8149
-0.3195
-0.01611
-0.6736
0.5843
-0.8292
-2.25802
1.5805
1.1151
-4.0284
3.1256
0.8957
-0.1723
1.48502
0.28802
1.46995
-1.4341
0.2333
1.2781
1.0555
-0.0968
-1.988
0.1655
-2.12118
-1.52596
-1.0427
5.1975
0.9083
1.24463
0.85037
-0.18813
0.11785
0.4259
0.77277
0.1177
-2.10268
2.4532
-0.70067
1.5258
-0.60668
-1.58859
-2.71267
-1.7246
-3.5854
4.126
2.1837
-0.183
1.639
0.4693
1.5628
-3.4526
-1.8652
2.3073
-1.1339
-1.9978
3.56418
-1.98559
-0.7918
-2.78499
-1.54933
-1.13423
1.2675
-2.7255
-1.7677
-2.29026
1.0102
1.8206
-1.2988
-3.6239
2.68876
-0.52853
0.638
1.57207
0.8086
1.78126
1.40206
-0.52363
-1.71867
-0.787
3.08567
-2.2769
0.22868
-3.20203
-10.95702
1.6423
1.4302
-0.471
-1.1571
-3.5946
0.645
1.13404
0.30034
1.98778
1.10834
-0.6384
3.3866
7.26726
0.8494
2.0698
-0.9461
-1.9218
-4.1665
0.4699
4.04063
-0.8645
-1.11134
0.92567
1.6837
-1.2695
-1.1324
-1.2528
1.6312
-0.45864
-2.22916
0.77523
-0.01836
-2.7568
1.09743
-0.05026
-5.4211
1.71934
0.453
-1.68804
-0.64383
-1.27033
0.5996
0.9824
0.78877
2.13592
-2.3045
-0.7584
-1.1746
0.0422
5.9562
1.07272
-1.47804
-0.22075
-1.77147
0.8801
-1.092
5.4342
1.3233
0.11343
-0.9201
-1.72026
-0.4704
1.6128
2.79297
0.206
3.4499
-0.9608
-0.3363
1.69549
2.98426
-0.9897
-0.8228
0.93751
-0.68749
-0.66022
1.05837
2.737
-1.9978
-0.6308
1.0953
0.8271
0.47675
1.08834
-3.22605
0.88306
-1.12
2.0683
1.9164
3.3948
-1.33496
-3.5886
-0.7816
1.9383
-0.8281
-1.8036
-1.5351
-1.81391
-4.59428
0.6004
1.31127
0.2698
0.5801
-0.5673
1.169
3.0961
0.4211
2.02051
0.36599
-0.16388
1.0905
2.7829
0.4927
-1.0865
-0.093
-1.82999
1.1305
0.90782
-0.07629
-0.2001
1.0502
2.16536
-5.7761
-1.9387
1.4097
0.9259
-3.2812
-0.0221
-0.7077
-1.6895
-1.4775
-1.3484
0.5222
1.0927
0.1883
-1.9846
-0.9375
0.2113
0.8532
-1.3854
-0.0687
1.7996
1.7722
-1.43521
5.99956
-0.46628
-0.38607
-2.0118
NA
0.9335
NA
NA
-1.3145
NA
0.8788
1.1022
NA
2.0802
NA
-2.6839
1.5067
-0.3702
-2.3287
1.1318
-0.5183
0.1487
-0.8341
0.2339
1.3496
-0.3525
-0.0411
-1.2879
-0.38861
0.85743
5.69387
-6.04249
1.365
-5.9766
0.02329
-1.85151
3.30799
-1.6344
0.2033
1.9128
1.61773
0.33513
0.69066
-1.89707
-0.677
1.6351
-2.8382
-1.3213
-0.4899
-0.52119
1.74596
0.81795
-0.06191
-0.1716
2.9286
-3.0865
0.0549
-0.7799
6.101
11.8529
2.7866
0.8747
0.2494
-0.5675
-1.2258
1.5264
-1.3108
1.9321
1.6255
-1.5605
0.9907
0.7967
0.3913
2.633
4.8879
-0.0793
-2.4209
-2.3148
-0.0347
-0.4766
0.6756
3.3345
-0.2746
-3.4355
-0.6088
1.9321
-2.0352
1.3749
-0.6579
-1.3265
1.1091
-0.405
-0.8648
-0.9088
1.529
0.4027
1.13224
-1.69711
-3.5317
-0.6417
-4.4653
-3.0483
-3.09846
-2.78778
1.7941
-3.41468
-0.27012
-0.0478
-0.0478
0.3395
2.7073
-1.9706
-1.201
1.6059
-0.1038
1.7899
-0.63014
1.1827
2.34318
2.2454
-1.0404
-0.71316
1.28872
-0.9121
-1.1123
2.8068
-2.526
1.32593
-1.61313
3.02979
1.6204
-2.6412
-5.6529
-1.83597
0.53922
-1.84811
-0.4976
6.2498
-1.39178
-3.5225
7.067
6.39288
0.29797
-1.09927
-0.72702
-3.1576
-0.4724
2.9816
-1.8392
-7.5298
1.6374
-1.2247
0.711
-0.678
1.3295
-1.0251
-1.91685
1.3028
3.23682
1.99194
-0.42233
0.48291
-3.50771
-1.98007
0.11142
-0.2091
1.31091
-3.19611
-1.4059
-0.555
-0.4477
0.2071
0.4793
-0.1277
-2.4218
1.0337
-0.8158
0.6045
2.1716
-1.2651
-4.7448
-0.4301
2.14962
0.4754
-1.21995
1.00084
-2.58536
0.97657
-1.36627
4.267
-0.35875
-0.12219
4.6958
3.03463
0.31029
1.3824
0.0954
-1.0329
-2.9387
0.2694
1.9715
1.0454
-0.06456
0.9615
-0.1275
0.1469
-0.4025
-0.4092
-0.76074
-1.4287
-0.4979
-1.4376
1.6913
1.88987
0.8233
1.4416
3.1613
-0.0694
2.815
0.8022
-4.03952
0.028
0.05595
1.6576
-1.5295
2.093
-1.325
0.1433
1.4707
-0.8509
0.9185
2.2623
-2.3642
-0.203
-3.4988
0.96393
1.30411
-3.07
-0.6791
-1.2313
0.8802
1.5661
-0.5063
0.6176
2.1578
-0.7979
-0.8253
0.0696
-1.5186
1.1346
-0.4955
0.5519
1.556
-1.4386
-1.5811
-1.2922
2.36326
-2.9815
-2.424
-2.6644
-1.4945
-5.5541
1.36451
-3.0568
-0.0122
1.7483
-5.96314
5.1506
3.2065
2.3156
-4.1318
0.276
2.31
-0.7134
6.97281
-0.27564
6.9285
-8.6925
-1.021
-0.5085
3.75568
1.49206
0.89486
-0.36608
1.1026
-2.4932
-0.94097
0.4514
-1.54898
-0.00927
2.2097
0.3823
1.0548
0.6342
1.36207
3.54995
-0.1538
-0.2358
0.2943
-1.4877
-2.4809
-0.2877
-1.3053
-0.2087
0.5157
0.0828
-5.4009
-0.1912
-1.03076
2.26025
1.2304
-3.8983
1.4729
-0.3419
7.62322
0.2289
0.4844
-1.3758
-0.2735
-2.9373
-4.08084
2.0648
4.5652
4.6057
0.93884
-0.5706
0.2596
-4.05847
-0.78704
2.34774
-0.3605
4.2585
-4.54195
-1.32948
-1.8893
-0.5615
3.1555
5.57967
-1.0103
-1.6043
1.471
0.4558
-0.9393
1.77519
-0.4241
-1.6292
-1.5833
-1.0237
1.2816
-1.0131
1.337
-1.3797
-0.5279
1.1166
-4.7496
1.7009
-0.5138
-0.74586
0.0815
-4.0291
-0.4812
-2.1325
0.26
2.1657
0.19678
-2.13294
0.70227
0.99026
-0.8502
-2.3187
-0.8435
-1.4598
0.23613
-0.6059
2.9953
-0.521
-0.8455
1.2641
6.2313
1.7724
-1.0711
-1.0541
0.35364
0.71724
2.51085
-1.88207
0.12
-1.7415
-2.1153
0.5257
2.55158
3.54269
-1.16155
0.47851
-0.37425
1.4728
1.0368
-0.56308
2.7873
1.0251
0.31635
0.4923
1.9291
0.1511
-1.0756
0.2475
-0.596
1.8123
1.5075
2.6168
-2.8732
1.3122
-0.2728
0.1635
-0.8295
3.0336
3.78301
1.53232
-0.00246
1.3101
0.6361
-2.1834
-1.201
-5.80137
0.42367
-2.4303
0.7994
1.0062
-0.77094
-3.79635
1.0901
0.7354
0.69472
-1.1471
-1.1233
-1.4136
0.038
5.28358
1.23818
0.21361
-0.8547
-6.3167
-0.266
1.22927
-2.8329
0.8309
-0.9754
-1.8737
0.99142
0.40991
-12.6982
-2.4202
-2.1749
-1.5125
-1.5352
-0.7703
-1.5232
-1.65481
1.06289
-0.2052
-0.2428
-0.3386
-1.9752
-2.5162
-0.43088
0.02863
2.40673
-0.09541
0.78728
0.675
0.15656
0.39379
-1.46996
-0.58319
-3.01312
2.59391
-0.2774
1.2818
-4.8007
6.4486
0.0892
-0.7022
-1.63461
0.2552
-0.09442
0.0444
-1.55539
0.8193
-0.5736
3.4558
1.4646
-0.063
-1.1478
1.0103
-1.5859
0.2648
1.0467
-2.4404
-1.7551
2.2237
-2.64489
-2.5984
-2.6204
2.57809
-1.1406
3.93099
-2.09544
-1.3029
-0.64733
2.67866
1.5747
0.48924
3.0658
1.25412
1.00089
-0.77138
-1.39695
-2.0866
0.37729
-0.75411
1.13246
-1.8963
-0.74736
-4.36409
0.0455
1.70783
-0.0057
-2.41654
0.68181
1.61174
-0.22999
3.6733
1.2219
-6.43588
3.51766
1.18637
1.136
2.0023
-1.2373
3.293
-0.7672
-0.7205
1.3054
-0.2619
3.3821
-1.5135
1.14493
0.84467
0.81352
-0.13191
0.31837
-0.01539
-0.27
-0.1573
0.76127
-1.37467
-1.51505
-0.4798
0.2836
-0.0726
2.7873
1.9438
0.8098
0.0014
-0.1445
0.4589
0.5913
0.3557
-1.3878
2.8085
-0.0919
-0.2937
-0.2287
-5.4897
3.3695
-1.3613
1.5397
-1.0068
0.8491
-1.7736
-1.7277
-1.1701
3.2915
-0.3732
0.2773
-0.0385
-0.2331
4.2676
0.9143
-0.0362
-0.4486
0.842
-1.4086
-0.3706
0.071
NA
NA
NA
NA
-0.0612
NA
2.8022
0.76712
-0.53157
0.772
1.0958
1.13681
-1.7441
0.6626
1.609
-0.6496
-0.32656
-1.89564
-0.60204
3.29274
0.51904
-3.56189
0.38836
-4.9552
0.2908
2.4492
-0.7998
-7.4041
-1.5298
4.3045
-1.1954
-2.4318
0.1381
-1.2828
1.1814
-1.1094
-1.1153
-0.0537
-1.0978
-2.6483
-2.653
-0.01973
0.78436
-2.57749
-0.64089
-0.7399
1.1019
-0.2401
3.27606
2.33758
-2.4243
0.17191
3.53605
-2.51572
-5e-04
-2.0642
-0.17278
2.66841
0.90194
4.31874
1.8785
0.43759
1.356
-0.5718
-1.367
-3.1766
-1.10987
-0.41044
-1.08045
3.28997
0.18993
-0.18277
0.7527
-1.3495
0.8063
-2.61002
-8.5213
-2.6136
1.7226
-0.6236
-0.39211
-0.7951
-5.5892
-0.59824
-1.98429
-6.52148
3.2893
-1.7931
0.20087
-0.90845
1.32374
0.64635
1.42989
0.48559
0.98576
0.14012
1.17741
2.13864
-1.6274
-0.1992
-0.8541
0.6813
1.3592
-0.4229
-1.1246
1.0273
-2.5971
-2.8811
0.6135
0.03193
0.61243
2.0267
2.18823
-0.0827
0.7562
0.6447
1.51601
-2.7644
1.78877
2.2944
2.3406
-0.0542
0.8183
1.9094
0.942
-0.3475
0.7858
-3.27095
-1.53047
-3.62984
-2.33802
0.717
-0.06265
-7.9654
-3.0029
3.5973
-0.4675
-0.92724
-0.1312
0.6927
1.5497
-4.1784
-2.47247
0.785
0.80856
0.82293
-4.622
-1.12348
0.45603
0.2915
0.21794
6.38862
0.0357
-2.96902
-0.48436
-1.5252
0.5603
1.2537
-0.2617
-2.2758
-2.4884
-0.513
-1.6311
4.5541
-1.9742
3.6952
-2.4363
NA
-0.2172
-0.4501
1.883
-1.187
-0.0839
0.6333
-1.5333
-0.9878
0.4884
-0.672
-2.8162
-1.1123
-1.3159
-2.94735
-3.16875
-0.44788
2.66442
2.44337
1.22693
-3.17005
0.8254
0.3776
2.3725
2.3168
-0.5526
-0.05425
0.49043
0.47116
0.27564
-3.74341
2.31597
-0.33295
-0.1158
0.39292
1.59265
3.51029
-4.1796
-0.8894
0.26086
-0.5225
2.80709
1.56837
-3.16006
-1.2216
-1.60788
2.3529
0.1037
-0.7588
1.5468
2.5967
1.0915
1.0384
9.4497
4.2247
-1.90093
2.80531
-1.30714
-0.81649
1.77801
-1.84414
-0.4545
2.20123
0.6979
-1.5873
0.7347
0.99605
1.8737
2.8135
-1.2518
0.23027
-2.75239
3.8604
-1.8824
-0.0206
-0.1956
-1.6508
0.1205
2.8079
0.7839
-2.7918
2.72
-0.6675
-0.45047
2.8714
2.55043
0.5094
-0.4918
0.3441
3.9358
-0.7415
-1.0003
1.5806
-0.2662
-1.2044
1.0851
-0.6531
-0.9595
0.565
0.4133
-11.0723
1.3757
-0.3487
-3.1657
1.2941
-5.1572
-6.3289
-2.6899
-0.299
-1.4983
2.1403
-5.062
0.5861
-0.5773
-0.3097
-2.218
-0.2451
0.5739
-0.5376
-0.1212
-4.3067
0.1957
1.1435
-0.858
0.3258
2.7363
-0.2922
-1.1132
2.3555
0.9501
1.2691
1.2656
2.6352
-1.3194
-1.5724
2.0059
1.4382
0.993
-0.1089
-0.2371
-1.5498
-1.2589
-1.046
1.4785
-1.8241
0.11
-0.2696
-0.2748
-0.0649
-6.5736
-7.7964
-0.2868
-3.0286
5.3875
-10.0343
6.6764
-5.6206
-0.1561
-4.5886
-0.3286
4.59
8.8675
8.8242
4.9062
-1.2588
0.721
1.7806
-0.3031
0.8048
0.1202
1.9816
-3.6865
1.5702
-2.0841
0.517
0.5862
-0.705
0.0129
2.4248
0.2455
-2.2004
1.4074
2.8616
-2.9507
-4.0153
-0.0371
-1.2476
-0.44909
-0.21439
1.72605
-2.4346
0.49141
-0.64619
-2.15959
-0.0849
1.3371
-1.5898
2.01359
-0.301
1.95844
0.98113
0.0094
-0.3439
-0.37857
-1.3064
1.68608
-2.44216
-0.24155
-0.5589
0.53609
0.2379
0.70527
2.14348
-1.1709
-1.93615
2.82684
2.15242
1.7504
-1.3827
-1.79916
2.5691
1.63932
1.837
2.94526
1.3364
-2.85258
-0.41033
0.91283
0.21804
0.93186
2.4697
-1.57453
-2.82459
0.50518
-0.04327
1.033
-0.92535
0.67183
-3.0462
2.7615
1.88563
-4.7729
-0.3511
0.1362
-1.005
0.32612
0.22837
0.33175
-0.29328
1.21426
-0.26991
1.09716
0.5468
-0.0425
-6.79637
-5.15345
-0.54169
0.13105
0.29049
-0.00743
3.60807
2.05341
2.5375
-1.38586
3.11434
-0.86268
-5.13751
-2.11448
-0.7227
0.3546
-0.8726
-0.7814
0.43167
0.2544
-0.4853
0.0749
-2.1704
-0.48578
0.6122
-0.4454
0.3485
2.6402
-0.6674
-5.1833
16.617
1.477
2.7132
4.5249
-0.8861
1.504
NA
-0.9268
1.3287
1.1355
2.0712
-0.833
2.2959
0.0839
-3.2901
-1.8839
NA
-1.2175
5.0022
0.9235
-3.85631
-3.1446
-0.4198
0.7601
1.2779
-0.1241
-0.1337
0.613
0.2565
-0.1545
-0.2324
0.0882
1.5629
0.8104
0.0755
0.9933
4.281
0.2196
-0.3424
-1.9473
3.8467
-0.4601
-0.10145
-0.14161
-5.24818
2.85416
NA
0.50504
-2.91007
-0.98381
0.36086
-0.09349
0.5784
1.3723
-0.2579
-3.1216
0.4325
-0.3615
0.6424
-2.0428
0.0905
0.9604
2.1897
-5.7353
0.0531
-0.9255
1.3075
2.1318
-1.5317
0.0111
0.1978
-1.233
1.002
0.4534
-2.4516
0.4181
0.504
-3.1452
-0.1024
0.163
0.0355
2.6315
-2.7
-3.7108
-2.1366
2.2265
-0.0577
-0.1121
0.7551
-0.8676
1.3748
0.0956
-6.2895
0.0162
-0.70169
-2.2621
1.26397
1.95583
3.2767
-0.91563
2.7365
-1.77633
-0.9563
0.68315
-1.4735
0.7544
-1.06586
-1.26472
-1.82056
0.5034
-1.82803
1.9622
-1.3878
-2.6882
0.67397
-1.68428
-0.36481
0.79485
1.83653
-0.05155
-0.6449
-1.01669
0.57022
3.463
-2.59503
-3.43377
-0.16092
0.70033
-0.27535
-0.1126
-0.83163
-0.9122
2.7078
11.2286
1.7657
2.7078
1.28087
-2.3386
-2.3694
0.7973
-0.20868
5.84158
1.5396
-0.9611
2.6483
0.5631
1.0529
-0.5452
0.6746
-8.65668
5.97267
11.4701
-5.57089
-1.56196
-4.26141
0.77484
-0.1073
-1.80003
0.1685
0.3431
1.31203
0.5179
-0.6898
-2.1207
-0.6635
0.44553
-1.0481
-0.56476
-0.8947
0.286
2.16901
-0.47475
0.26121
8.1696
0.76081
0.12735
-0.92101
-1.5518
-2.93451
-0.01667
2.8147
-3.9722
0.5339
0.23329
1.14807
-0.5051
0.3164
0.4281
-2.39212
0.16615
0.5898
-2.6767
1.52063
0.6693
0.6841
0.62357
1.45503
-0.4083
-0.30363
-0.1751
-0.47435
-2.0306
-0.082
-1.5005
-0.29423
-1.9858
-1.12111
0.9731
0.9716
-0.80921
0.05171
-1.35255
-1.47818
-1.188
-5.0833
-0.47327
-4.5338
-2.4607
0.38616
-1.2348
-0.36282
-2.073
1.0205
1.32924
3.889
-3.54355
0.95442
-2.53431
1.4525
3.2569
0.1313
1.6254
-1.1978
-0.4776
0.9163
1.1965
1.59557
1.45517
0.31907
-1.89855
-4.8983
2.2071
-7.2552
0.898
-0.8168
4.9052
0.45761
1.0761
-1.7247
-1.4481
-1.5394
-1.6283
-2.86021
0.67215
-0.26866
0.5998
1.25746
1.022
0.66259
0.52747
-0.157
1.02322
4.00827
-1.28874
1.9053
-0.64272
0.6579
4.63361
-0.0575
0.2378
1.5636
1.3058
-5.6995
0.84685
0.5186
0.3085
-0.551
0.85295
-0.1534
-1.9604
-0.8939
2.23357
1.4616
0.6503
1.9752
-0.4455
1.0366
1.17434
2.2106
0.18156
-1.4303
0.13828
-1.847
13.9519
2.1323
0.72109
0.50849
0.02601
-2.3684
-0.5433
1.033
-0.0144
2.16903
-0.6338
-0.89057
-2.1018
0.99723
-3.8061
2.5972
-0.13
-1.8106
-1.564
-0.1639
3.20214
-0.54421
1.79631
-4.2771
2.49274
-0.8809
-0.39625
0.14605
-0.7762
-0.86767
-0.28599
0.98138
-6.2167
1.7733
-0.3923
-1.73716
-1.5674
0.08192
0.70067
-2.4924
-0.7532
0.63009
-1.9957
1.1704
-1.94488
-0.5058
2.64348
-0.5363
2.311
-0.1039
-1.4295
-0.03213
-0.8542
4.2065
2.7883
2.1275
-0.46145
1.0083
-2.0145
0.9353
3.2426
-1.18687
-6.1638
-2.1021
-1.1093
-0.0273
-3.8249
-0.0686
0.7856
2.93641
-2.13588
1.0267
-1.1156
1.2273
0.939
-2.82785
-0.7343
2.841
2.0079
4.19418
0.5126
1.2756
3.5163
-1.4922
-4.45676
3.42641
2.45566
0.99436
0.3058
2.77587
2.73835
-6.0504
-0.0431
-7.31858
-0.6581
-0.3514
-1.0825
0.45718
0.88557
0.1174
2.43558
1.12562
-4.59843
3.3883
-1.73118
0.6034
2.0836
-0.0866
0.7911
-0.5306
-8.9682
2.3216
-0.2815
-0.8708
0.0587
0.1072
-1.11798
-0.8236
-1.2432
1.072
-2.1581
-0.9113
-6.8787
-7.5375
2.77095
-0.5555
-1.38111
1.93688
-2.27706
0.70003
-2.1112
1.8022
1.46284
2.7481
-3.65965
0.0636
-2.73747
1.1526
0.9217
0.7347
1.1632
-1.81425
-0.5991
1.1328
-0.41939
0.67505
-6.95199
-2.36857
-0.1373
0.25086
-0.2694
1.0156
1.3317
1.7247
1.8949
2.3956
1.01046
-0.5611
3.6797
-0.1923
-0.9223
-0.16
0.0899
6.8561
-3.5486
0.1852
-1.2058
1.0591
0.9871
-1.7001
8.21293
0.163
0.9994
-1.5159
-0.3627
1.1391
-0.28127
-0.68593
-0.4213
6.6965
1.4248
3.6135
2.7003
0.33111
0.14804
-0.2196
-2.2745
0.62718
3.2695
1.41255
0.1816
-3.2626
2.3388
-1.8046
0.1109
-2.2631
1.2037
-0.2587
-3.815
-2.5965
-0.17382
-2.5298
0.7233
4.6778
0.0825
0.1111
-0.2577
1.5089
-0.7322
1.2203
3.3809
-1.6397
1.2446
-0.0459
-5.3721
-2.8488
1.2423
0.5433
-0.8458
-1.4456
-0.8322
-1.7657
-0.7199
1.4109
1.8651
-0.1356
-0.0607
3.7957
0.0859
-0.412
-3.1404
-1.6997
0.9758
-1.68487
2.3699
1.5491
5.1668
-1.85584
2.03698
-0.8909
1.8028
0.1746
0.8742
-5.2897
-2.64595
-1.0344
-0.045
-4.8805
0.4336
-0.3829
-2.1318
0.285
4.1236
-3.2044
-0.1326
-1.5647
0.1441
0.2665
-0.1742
0.4792
-5.4693
2.08216
1.57321
3.3426
3.6592
-1.3727
0.3078
1.06572
-3.9708
0.4695
-1.9
1.43387
-1.1935
-2.1351
-2.829
-1.6699
-2.0545
-4.03725
-3.76035
2.30052
0.12725
0.9635
-0.4131
2.3623
2.4114
-7.17917
4.267
-2.35954
0.78037
2.24883
0.1733
-0.249
-2.47139
0.74991
1.46391
0.30751
2.235
1.8446
0.59214
1.99706
-1.8401
-1.07472
-0.648
0.35576
0.4465
-3.2651
-0.4818
-2.0158
2.0192
-1.7976
-0.674
1.518
1.1231
0.1736
3.9924
0.8392
0.9357
-0.8197
0.1277
2.7767
2.4852
1.5054
-4.0997
1.1304
0.3586
-2.2487
0.4407
0.2578
-0.429
-2.3578
2.0651
4.172
-1.0657
-1.0331
-0.1031
0.4775
1.2033
-4.2875
2.4525
1.3937
-0.2895
-1.8878
0.91965
1.6699
2.6466
-1.53644
-6.3178
4.1414
-2.46492
-0.17295
0.22227
2.51658
-1.81225
0.41018
0.94591
0.28646
0.42216
-0.64131
-1.3775
0.46369
0.27352
0.986
-0.3593
1.69968
4.082
-4.13145
5.4601
0.2602
-0.5332
-0.0584
0.8244
-0.2022
-0.9245
0.0907
0.2001
-1.1237
1.36954
3.3205
-0.74348
-0.89523
0.7865
-3.6123
-0.76349
-1.4556
-0.3219
-1.447
-2.01826
-1.6394
0.09983
-3.56101
-0.6622
-0.0284
0.3554
1.8888
-2.2494
-0.779
-2.27908
0.0092
0.54631
0.2178
-1.12865
0.0882
-2.8226
0.63766
-1.36523
1.20994
-2.25973
2.69691
0.67912
-0.13748
-1.68093
-1.6094
-0.39173
-0.6767
2.1937
-0.41467
0.6181
-0.38549
-0.32129
2.30598
0.45574
-3.04693
1.63548
1.7049
3.7213
1.26294
1.1199
-0.289
0.504
-1.75293
-4.31871
2.9248
0.81223
1.25
1.00047
0.2523
-1.0705
0.56662
0.64618
0.63272
-2.6801
6.4531
-1.8125
2.07381
3.6933
-2.6344
0.44576
0.06169
-1.75055
3.7417
1.98607
1.3738
-1.34497
0.75652
-6.31806
8.28897
1.9872
6.14854
-0.08684
4.7705
0.29351
-8.06441
-6.42884
2.5135
-1.80197
-3.29855
-0.1412
-0.72519
1.38703
-0.6308
-0.02535
4.41858
2.1191
0.5757
-0.198
-5.8019
-1.2421
0.5462
-0.5557
2.1333
-0.9065
0.1612
0.5435
-1.66105
-0.4334
1.02644
2.0973
4.3207
0.33623
0.3603
0.77471
-0.8561
1.0122
-3.7405
0.8674
0.6121
-1.2935
-10.7625
-5.0503
-0.1698
1.2376
-4.5656
-1.533
2.21134
1.58961
-0.31864
-0.8076
1.2255
-0.4968
0.0348
-1.06652
-0.198
-0.90587
1.6885
-1.119
1.5071
0.6994
-1.571
3.9693
-1.0891
0.1548
-2.79383
-1.0377
0.1406
-3.2496
0.6378
4.52006
2.7308
-1.15467
-1.3551
-0.26721
0.078
1.602
-0.6323
1.4603
-1.948
-3.6402
-0.5815
-0.9411
-1.949
-2.8741
-1.3493
1.1649
-0.5631
2.9471
-0.42421
-1.3182
-0.4147
1.0147
7.0348
2.12147
0.79599
-0.3597
-1.2731
-1.6724
0.9543
1.2372
0.7106
0.0667
-2.5591
4.0189
0.2484
0.7944
0.3101
-2.5947
-3.495
-1.7642
-0.44851
-1.23254
-1.4612
2.005
-0.13682
-0.51789
-0.07649
-0.14995
-0.53741
7.83896
-0.23325
-5.7923
1.4285
0.70837
1.1303
-0.0553
0.0558
0.90733
1.7202
-6.1029
1.3217
-0.63201
4.4619
3.48939
0.7247
1.22261
-1.2101
-0.4188
0.74187
1.69009
1.45471
-0.41626
-2.14369
2.03247
2.2236
-1.5832
-1.36672
0.6545
0.6288
-1.4372
0.91527
0.99903
-1.2382
-1.2123
-1.2344
0.74985
1.5726
-2.06655
-5.48494
-0.1169
-0.57576
2.3639
0.7843
1.12895
-1.5022
0.25471
1.4827
-0.7789
-2.63706
-1.4722
2.46607
-0.4589
-2.9686
1.6981
-1.58639
-1.2548
-0.2993
2.1849
2.0796
-0.5054
1.14722
-1.199
-0.5302
0.9449
-2.7321
0.6165
0.83418
-1.29733
-2.2365
-2.4823
-0.63948
0.6977
1.0232
-0.0312
0.6914
-1.8069
-3.37977
-1.2953
1.402
-1.11507
-0.94572
1.39211
-0.0314
-0.03623
0.5883
0.62541
0.29853
1.7787
0.8461
1.4072
-1.227
0.8624
1.8794
-1.11258
0.74704
-0.40526
1.217
-1.25475
-0.4858
0.076
0.518
1.5045
1.2723
-2.9447
-0.9004
4.5431
0.81061
-1.00398
3.21413
9.62437
-0.6278
1.9383
-3.71765
-2.98163
-3.14127
-3.94168
-1.067
-4.5865
-0.4594
-0.6447
1.7934
9.701
-0.55479
1.1482
-2.3159
-1.9405
-0.9421
1.5488
1.2081
-2.1012
-2.15534
-0.282
1.60469
2.6046
-2.0028
-1.83723
-1.7091
-1.395
-0.4427
-0.21262
-0.18348
-1.9642
1.31064
2.1419
-3.2524
-1.7221
-8.8454
2.5715
-2.5722
-3.21136
-1.02135
3.6988
1.33433
-2.263
-0.6597
-1.1372
-1.4896
1.4267
0.1291
1.4416
2.3101
-0.1503
-1.4804
-1.6798
-1.5312
-0.4386
1.3612
-0.888
-0.7899
1.45629
-2.5589
-0.0316
-1.02951
1.5218
-1.0995
-0.4589
-0.08924
2.5815
0.1848
1.0136
0.6531
-0.21178
-1.0945
-2.8266
-1.48642
-0.19642
1.23439
-6.1843
-3.0121
-0.484
2.22869
1.26873
0.36016
-1.36286
0.9363
-0.3511
-1.85751
0.48446
0.28809
-3.4196
-2.60449
-4.46895
-0.2029
-2.7246
0.9505
0.3223
-1.3133
9.6084
0.76477
0.2585
4.2447
-0.5439
0.5073
0.4321
0.4553
1.2979
0.9864
-12.12652
4.309
-1.2311
-0.52577
NA
1.4433
-0.8125
0.6778
0.7375
0.1446
0.1536
0.8711
2.67052
0.1317
-0.8929
3.5369
NA
-1.071
-0.4136
6.8141
3.7516
0.524
0.2246
0.5506
1.72519
1.9278
1.1217
5.8686
7.0268
-0.734
-0.8142
-1.28378
-1.22688
-1.5573
3.40678
4.65896
0.97771
0.0623
-2.672
0.99794
-2.15995
-2.7669
-4.9877
-1.81618
4.35182
1.17691
-0.69844
4.11083
1.432
0.9582
-4.16097
1.9353
1.3869
-0.6986
2.5139
-0.7966
-1.75436
4.38844
-9.6107
-2.0019
-1.2981
1.6716
-0.4131
1.5445
-2.30969
0.1662
-0.2416
1.58072
-0.3862
0.19487
0.3559
-1.8627
1.38145
1.7138
2.05386
-5.665
-0.3808
-0.5015
-1.8582
2.1849
2.56023
-0.09926
-0.1653
-1.8219
-8.6703
1.3991
-2.37935
0.4916
-2.7734
-0.1715
-0.50606
-0.04332
0.70215
0.1739
-0.3583
0.84913
-1.0302
-2.966
-0.9684
2.85261
2.0108
0.27438
-2.7128
6.7838
-2.4495
-1.07996
-0.37434
-1.3702
2.05866
-1.89175
-5.04601
-2.8819
-3.1465
2.8275
0.2207
0.6495
-1.0438
-0.26004
0.2873
-3.85167
-3.47556
-1.10969
1.5787
1.3196
-1.9557
-2.1995
-2.4262
-1.87266
5.6631
1.27116
0.66459
1.07855
-1.1767
-2.01404
-0.48118
-1.02468
-5.1625
-1.02715
-7.16931
2.45208
1.9284
0.11158
1.0336
0.0205
0.29552
-0.2827
1.92485
-4.61035
NA
3.2403
0.6155
1.2836
3.0961
2.1103
0.5725
0.4119
1.20863
0.4022
-1.6468
-0.66628
1.6597
-0.5775
0.02462
0.10342
1.38518
-1.6413
1.0065
4.5993
-0.4899
-0.2503
0.7574
-0.4736
0.69651
-0.3037
0.9511
1.83274
3.9002
-1.5602
2.5287
-1.4034
1.8446
0.52638
1.726
2.46674
1.19179
0.87009
0.6135
-1.5445
0.0956
0.78596
1.50074
-0.45387
4.9211
2.3541
-1.6188
-1.2343
-0.65608
0.1808
-3.55908
0.3571
-0.63936
-0.8595
3.7743
0.5557
2.4258
-0.3723
-6.52763
2.0164
-0.1894
0.29656
-2.4809
-0.6477
2.1135
-2.7079
1.1832
1.6342
0.6934
-2.4251
-2.1328
0.8427
-2.3822
0.09909
2.548
0.00207
-0.8319
-2.3815
-2.32088
-0.2092
-0.2733
-0.57781
-0.85354
-2.5019
2.78167
1.2721
-1.16455
-3.2116
2.573
-0.0832
-1.3653
-1.05806
3.0322
0.2324
-0.5898
NA
0.4364
-2.4596
-1.90274
2.0295
1.317
1.4997
0.8748
-0.80088
-0.3911
-0.752
3.76599
2.55394
-0.68828
-0.819
1.211
-0.0067
0.78815
-0.10978
1.0327
-0.8898
-0.731
2.37788
-7.96967
-8.45
1.9131
-0.15782
5.7827
1.0788
0.13758
-10.6472
1.04641
-0.45511
0.8694
2.0376
-2.2993
-1.11441
0.1872
-0.8196
-0.42051
6.46144
-0.8231
-9.8207
-0.9322
0.75912
0.706
0.43014
0.06385
-1.21694
-0.27527
5.54926
-0.59383
-3.0905
4.78264
-3.31914
-2.1618
-3.87615
-0.27928
1.40088
1.3376
-0.51652
1.43484
1.90488
-2.94755
1.698
0.1534
2.0497
0.3206
1.72259
-0.7522
0.15728
-2.7177
1.255
0.39245
-0.9623
-0.652
9.07337
-4.43309
1.22411
0.2898
3.3186
-5.98391
0.6071
-0.87402
-3.1789
3.02608
-1.87801
-0.9437
1.4091
1.9436
0.7457
-0.5873
1.41527
-0.7694
-0.768
-0.8694
-5.0667
-3.40964
-0.35616
1.0787
-4.90655
-2.75806
-2.16436
-0.45622
-1.5079
0.0617
-1.49235
-0.6696
5.5828
-2.5404
-0.26999
0.28297
-2.1905
7.9812
-0.6013
-1.5662
2.53653
-1.328
-1.27326
-0.814
3.0717
-0.51378
-3.8989
-1.0377
0.2418
-1.09949
-0.1566
-0.41526
1.4351
12.90356
2.6793
-0.8576
3.37708
0.5379
0.88123
-4.6837
0.1117
-1.1195
-1.19901
0.7718
-3.52889
-1.0426
-0.4757
0.2554
0.3685
1.67424
-1.0796
-0.582
-0.6372
-0.79471
0.6754
-0.28818
5.9714
-1.9751
-2.691
-0.0703
-1.091
-0.84232
4.7332
0.1252
-0.7555
-0.8878
-0.7913
0.5329
-1.6586
4.9839
-0.58486
-1.0985
2.4776
2.9648
0.0278
-0.2225
-0.61246
1.90785
1.3408
0.6036
0.5195
12.5227
-0.99391
1.6644
0.1351
-13.2812
-1.7332
0.56008
-2.2864
1.8334
-4.10727
1.33475
-1.2642
1.46522
-0.50383
0.46219
-0.5802
2.4314
1.6672
2.6371
6.38172
-2.47696
0.4811
-1.74115
-1.8265
-1.02507
0.73049
15.19589
5.60215
-3.47977
-0.3492
2.0623
-1.29595
1.57398
-2.3856
1.522
2.18931
0.9974
-1.28578
1.23836
1.0936
-3.3318
1.6913
1.0565
-3.42
1.5429
-12.05424
-0.4603
-1.2232
-1.604
-0.3507
2.8431
-2.7535
3.7251
-2.0638
1.6832
1.2698
-1.0904
-3.2026
-1.1107
1.6095
1.7648
-1.8824
0.9202
2.1613
-0.86551
1.3649
0.0398
-1.1932
-0.76173
5.40647
1.9735
2.35288
-1.69279
-0.58597
-0.56203
-0.6914
-1.25277
-0.0331
-0.9214
2.13227
-2.2323
0.3742
-2.95013
2.58737
-3.24369
-0.8256
-2.30192
NA
-2.6386
-1.05207
-2.5314
2.5566
-1.05106
1.10037
-0.90405
2.3027
-0.9978
-0.3217
0.645
0.4545
-3.4024
0.4816
2.3167
-1.4976
-0.37407
1.7432
-2.7418
1.46168
1.1855
1.9751
-2.9317
-10.1073
-0.34317
2.83368
-0.2106
-0.1665
0.3047
-2.9458
-0.55664
-0.54564
1.7284
-4.6938
4.9716
0.2239
1.59183
-1.21048
1.0012
2.94964
1.97401
4.52493
-0.15665
-2.1822
-2.802
0.9596
-1.3592
0.1989
-0.69208
-1.0822
-0.94358
-0.01761
0.96787
2.0881
-0.04075
1.3463
1.73506
-0.0276
2.1643
-1.7061
-9.84828
0.0715
-0.1374
2.2079
-10.1263
2.8581
-0.2602
-1.6251
-1.8898
-1.9942
-2.52792
-1.7896
-1.1661
6.43661
1.49842
-2.7838
-2.89927
0.83938
3.44317
3.58165
2.0513
-0.6916
1.9633
-0.5665
-0.25309
-0.4096
2.7392
-3.8145
-0.82011
-2.09857
-2.1258
2.4298
-1.9928
0.80372
-0.131
1.05972
0.7275
-3.85167
1.7317
-1.44508
-1.0811
2.0622
0.7863
-0.43417
3.1959
-1.70568
4.5279
2.06
1.53816
-1.3694
2.15013
-2.2912
0.74931
5.06139
-0.7159
0.318
0.127
-3.3908
0.1805
1.507
-2.1387
-1.79104
2.5744
0.69419
-1.2301
NA
1.0089
3.6937
1.30795
-1.4987
2.26502
3.30658
1.34864
-4.9092
0.4914
-1.1683
0.0727
-1.1592
-0.2537
-0.1467
2.3854
-1.01175
3.1258
0.4625
-1.9483
-0.2378
1.68575
-0.599
-1.6994
-1.8666
-1.5868
3.4515
-1.7344
0.4805
-0.2527
-1.5348
-2.8235
6.71232
-1.1966
1.186
2.36703
0.85939
1.13704
-3.5646
0.2394
1.7301
0.05678
-1.4797
-1.0533
1.18704
1.6278
-1.8126
-3.3794
-0.5745
-0.05033
-1.38443
0.805
0.883
0.2119
0.20556
0.00579
-0.7816
-0.7259
-0.0857
-8.52789
-4.01416
-9.7874
-0.3999
-0.86
1.2982
-0.87166
0.7236
0.5085
-1.3425
-0.7698
NA
-0.4367
-0.0364
-1.3484
-3.5811
2.73253
5.06623
2.55585
NA
1.3301
-2.08914
0.9842
4.734
-0.78582
5.17704
-0.73872
-3.27266
0.77871
-0.60141
0.2183
-1.0189
-0.4592
2.2315
0.09
-2.28888
0.4214
-1.0607
-0.5514
-0.1727
-0.4699
-4.89238
0.5743
-0.42525
1.7926
-1.61733
-1.5486
3.1222
-0.3494
-3.595
1.60918
1.4983
0.6229
0.3434
0.3999
-0.4446
-1.0236
-1.51945
-1.53743
-4.777
2.66877
-0.4978
-1.9694
0.38839
2.0788
-0.5128
-0.2439
-7.5489
-1.2624
0.504
-7.59054
-2.1842
-0.6308
-1.23624
-2.3971
-0.77526
-3.3124
1.66377
1.6853
0.16226
0.2617
0.5448
0.30502
-0.89907
-1.0203
2.383
-2.0345
-0.49949
1.824
-2.01492
1.96896
1.299
-1.64792
1.8607
1.3932
-1.2382
0.8097
-1.6888
4.3732
1.7799
3.2741
0.0441
-0.3029
-2.4271
1.63283
-0.2007
1.78387
NA
-1.34637
1.59954
-0.8501
-1.051
-0.72408
3.37099
-1.8446
-0.447
-0.1927
-1.6426
2.3504
-0.0828
-3.9201
-0.8258
3.5969
0.766
0.31353
-0.1743
-0.8981
4.3687
1.3343
0.7353
-0.8824
0.0278
-1.4048
0.8653
-1.079
-2.33062
-1.2804
1.11438
0.546
-1.3051
0.3167
2.2278
0.5596
1.15407
2.7093
-3.1834
-0.8077
2.4605
-0.46566
0.413
2.0762
-1.0095
-0.4877
2.0415
3.5589
-1.2195
-0.1098
-2.5117
-0.64177
-0.5047
1.2996
0.0511
0.74388
-0.5978
2.988
1.73449
-0.6107
0.3415
4.64118
-2.51491
-0.4323
2.6771
0.22693
-8.21
1.2837
-1.73148
0.9274
-0.7378
-1.17152
-0.5234
0.19417
-0.3837
-1.78646
1.678
0.36652
-0.1807
-0.7208
-1.3997
0.2729
-0.5095
-1.7823
0.0208
-1.8141
1.1647
-0.47626
1.633
-3.0019
-1.683
-3.9612
-0.5143
3.00243
-3.75994
2.95392
0.9353
0.68764
-3.62089
0.5502
2.9282
-0.0937
-3.02489
1.7448
0.3134
-0.3622
-0.30634
-2.72022
-0.86305
-0.55894
0.1958
2.5522
1.13128
1.0286
-1.024
0.4583
-0.3892
2.6923
0.8679
-3.49906
-1.7613
0.0494
1.2976
1.35781
-4.0911
1.48115
-0.44476
-0.45599
4.5345
0.4583
-2.49953
-9.35332
3.75103
0.56956
-1.065
0.6358
-0.75894
-0.11141
-2.16673
-1.50886
-0.36821
0.8057
0.554
-0.93125
0.3473
2.0195
-0.8171
-1.0101
-0.15803
-1.43218
1.1809
0.40934
-2.3868
2.5988
0.0696
2.5334
-1.31175
1.207
-1.74908
-0.34177
-0.5109
4.7675
0.63695
0.10289
-0.0606
5.7047
1.74963
-0.2095
-1.5316
1.3634
-0.32162
-0.78956
-0.5597
-2.1237
2.8236
1.17396
-3.60067
2.1258
-13.80796
-0.7774
0.7226
1.60988
4.2858
2.04
-0.8244
1.1904
-1.5471
-1.12525
0.0299
3.2295
-2.2706
1.81817
-2.0315
-0.6193
0.52722
0.18286
1.4647
1.2935
2.39844
-2.82476
-0.12372
0.5303
1.6689
-1.5382
-1.5387
1.22576
-0.7342
1.59567
0.475
-0.4613
2.25755
-0.172
2.3318
-0.3232
-0.2137
1.0787
1.2854
-0.6304
-0.86614
-0.43405
-0.88566
0.57292
-0.78926
1.1659
NA
1.3372
-0.4647
0.2568
0.9274
0.38265
1.679
0.21548
-2.3477
-1.5543
1.19286
1.01326
1.4358
1.27824
0.05937
-1.07256
1.0385
-1.9988
0.26819
-1.7597
-1.445
-0.0203
2.16878
1.7415
-11.7792
-2.6271
-1.9549
-1.7161
0.5354
-0.4325
0.0209
0.2449
0.3248
1.4235
-4.4001
-2.3949
0.9051
-0.0159
1.15365
1.5549
-0.39982
-4.628
1.61503
-2.3043
2.56844
-0.49781
-2.90423
0.1116
-0.24173
-3.9293
-3.60928
2.62159
2.2143
3.6764
1.771
2.2674
1.6988
0.5846
0.91511
-0.50292
19.54973
1.47076
0.7957
0.8584
3.9657
-0.00953
0.1963
-1.61062
1.7476
0.0835
1.4358
1.2
-0.66331
-0.30821
-0.2615
1.5679
NA
1.7025
0.184
-0.8406
-2.208
-0.9805
-2.9001
-4.90302
2.426
2.84401
2.2804
-2.5552
-1.1047
1.2328
0.0302
-2.22766
1.68401
-0.3121
-3.85251
0.3294
0.6009
0.34781
2.1622
-2.0108
-0.463
1.4709
2.55407
0.8733
-1.50521
0.4319
-1.2343
-1.8813
1.842
4.8193
-1.1514
-1.8056
-1.542
1.51625
0.06991
-2.60956
1.00292
-2.6563
1.3509
3.62343
0.0435
-0.6447
-1.07363
1.44809
1.15992
0.52164
-0.68776
1.149
-0.3678
-1.3002
0.6291
-3.056
-0.8852
-3.95832
-1.07564
-0.93147
0.38766
-9.84433
-3.8848
0.2645
1.805
-2.0006
0.557
-0.5277
1.8155
1.0541
0.539
-2.4226
0.3838
0.1605
3.41274
-1.05003
3.1904
-1.07174
-1.8518
2.02255
-2.2081
1.13414
-4.556
-1.1245
0.9741
-1.1172
2.1671
2.1446
-1.3649
4.4091
-0.373
0.4066
-0.6426
-1.06682
0.4995
1.0079
-0.58262
-0.97961
-0.47001
2.0913
-1.8333
-0.1313
0.3136
-0.2056
-1.0287
NA
2.47452
-0.48543
-1.8253
-0.08
6.0213
-0.3342
0.24621
-0.4861
1.7402
1.5421
-2.3107
0.51464
1.7441
1.1199
0.74731
0.12639
-2.2459
0.84156
NA
2.1458
1.9267
0.8401
-2.05911
2.889
0.7181
-1.54969
-0.4467
1.11907
1.23843
1.15617
-0.2178
-0.2376
0.8167
1.1381
1.9572
-0.47809
-0.47195
-0.5015
1.9528
-2.5799
2.13309
0.6692
1.1524
-0.9236
2.21989
-5.3037
0.88706
2.5807
-4.00139
-2.01465
1.69229
-3.3512
-2.91578
2.219
-2.43259
-0.526
-0.55798
0.80593
0.275
2.04486
-0.689
0.89302
0.3856
-1.81254
1.12528
0.6909
3.168
-0.95931
NA
0.5221
-1.5248
1.1081
0.6711
NA
-0.3512
-0.299
-0.5118
-0.23059
-0.7098
-2.9019
-1.0431
-1.1397
-1.1811
0.2928
1.24653
-1.9764
0.7242
0.0743
0.6798
-1.81661
-1.45193
0.7067
0.4939
1.7131
-1.626
-3.5788
-0.0058
NA
0.4374
0.9432
1.4892
1.8069
-0.0945
1.2573
0.6241
-0.706
1.618
1.8719
0.76878
1.85288
1.51329
2.5394
1.315
-0.2985
5.00378
NA
1.45601
-0.4322
-1.15477
-1.7324
-0.1909
-1.1241
-18.63036
1.2418
-0.3477
-32.7425
-6.2876
-3.0774
-1.23771
0.75237
-0.6217
-0.6792
0.8359
-2.149
2.0749
-22.2282
1.5059
-0.88047
0.99758
-0.9926
-1.92782
2.5291
-2.50062
-2.3372
2.5649
-1.55307
-1.5421
-2.5404
4.972
2.9783
0.6116
-1.4992
-0.89515
-0.5798
-0.22802
-1.1129
-1.1443
-1.5175
1.7382
1.3053
-0.1385
2.10153
-1.4814
-4.9776
-2.53069
-2.8331
-0.2942
-0.10703
-0.3044
0.04296
0.13807
0.0127
0.9999
0.0366
-1.0467
-0.9753
0.6562
-1.4175
0.49941
-1.8967
2.5445
-0.27864
-0.23215
-2.4469
-0.6698
-0.3072
-0.70296
-0.75553
-0.5668
-2.4933
1.33075
-1.5597
-0.87998
-2.62847
1.8155
-1.714
-0.85144
1.2785
0.32592
-0.7204
0.2655
-2.12146
0.12
-3.6397
1.4116
0.0096
-1.8586
-0.17082
-2.22065
6.67536
0.172
-1.44431
-1.3051
-0.1755
-11.7093
0.1176
-0.2652
1.7534
0.72323
-1.6596
1.3313
0.557
-0.9884
-4.8855
0.3532
1.0557
4.5649
0.1239
NA
-0.06225
0.5109
-1.13678
0.61228
-1.01025
-4.2019
7.46257
-0.2712
-4.37261
0.18997
-1.26135
1.2037
2.72891
-0.5106
-1.2287
-1.7082
1.9065
1.592
1.1086
-0.22505
-2.9148
-1.0801
-4.0988
-0.5064
1.08335
-0.1218
-2.02725
1.38061
5.0009
0.8276
-0.2339
-1.5123
4.97167
-1.30073
-17.7298
0.8669
1.7485
-0.0948
-2.54165
1.3989
2.966
-1.3934
2.6236
-1.0714
-0.5138
2.0462
1.3176
-1.2547
1.904
1.10518
2.1296
-1.2509
0.12719
3.1938
-0.6076
-4.5885
-0.8652
-2.2815
3.06415
0.0685
0.92836
1.0016
0.9441
-0.3042
2.0085
0.6969
-2.1544
5.2569
0.6046
-2.1039
-1.614
-0.1599
1.5698
0.7008
-1.8426
0.66089
0.6395
3.186
5.4642
-0.09248
-0.6207
0.3762
-0.7966
2.7258
-0.8001
2.3425
1.69172
0.8063
0.8676
1.2883
6.5119
0.8673
0.49201
-0.65355
2.35694
3.66275
-2.1876
0.13417
-3.0883
-3.0883
2.9367
-0.90175
1.4389
0.5644
1.11023
0.10757
3.0885
NA
-2.0679
NA
NA
0.6509
NA
NA
NA
NA
NA
0.97927
NA
NA
NA
NA
0.6673
NA
NA
NA
NA
NA
NA
NA
NA
NA
NA
4.7811
NA
NA
NA
NA
NA
NA
NA
NA
NA
NA
3.499
0.94806
-0.0736
NA
0.0754
NA
NA
NA
NA
NA
NA
NA
NA
1.2411
NA
-1.6985
NA
-1.40684
0.3318
-0.919
-1.81746
0.6656
1.34082
10.2204
0.2643
2.10323
-0.43204
-1.91884
-0.25656
0.3846
0.1738
-4.2109
2.98892
-1.1166
-0.51565
1.0703
-0.7862
0.5153
-0.2359
-7.8357
-0.2039
0.126
-0.50909
-1.26612
0.4938
0.1305
1.1328
1.812
-0.60511
0.9901
4.0163
1.044
-3.2833
-0.83433
-1.6824
-0.89598
-1.3523
2.9601
-1.14181
1.613
2.35284
-0.56334
-0.3719
-0.3926
0.00906
-2.4909
-4.25464
-1.0793
-1.23366
-10.0366
-10.2814
-1.5113
-1.57
-0.3762
NA
NA
-0.6249
NA
0.87191
0.8874
0.38086
1.0594
0.1282
-3.5029
-2.88536
0.91688
1.24009
-0.9109
-1.3156
-0.5092
-0.135
-1.6714
0.058
2.1146
0.7274
0.1074
2.6117
3.4947
-1.07769
0.45962
-1.07745
0.4345
1.3758
1.15594
0.68172
0.61434
2.46488
2.53412
1.4834
-1.5149
4.42869
-1.3064
2.5492
-0.9371
0.2647
-0.027
3.77325
-0.6642
2.5292
2.4343
2.0244
2.5744
-0.41274
-3.7835
-0.75991
-1.43604
0.72195
-2.7757
1.3301
2.14278
1.1839
-0.00501
-4.3651
-2.36673
-2.2308
-2.0822
-2.38856
-1.7265
1.938
0.8282
0.7771
4.6882
-1.30025
2.2567
-3.7953
0.06053
-8.95745
NA
2.38423
-1.7025
NA
NA
-1.2796
NA
-2.0693
-0.9488
-0.34502
-1.0818
1.1098
-0.8605
1.5933
0.6344
-0.1544
3.6277
-3.5275
-2.40715
-1.9428
0.9521
-1.18016
-3.1976
-0.72068
0.71355
1.1203
2.9577
2.6298
1.6819
-0.2245
-0.79774
3.49973
5.80576
6.71902
0.3167
0.7592
-11.83086
0.2342
0.42352
1.7839
2.07827
0.3321
-0.8261
0.2032
-0.04069
-5.91504
-1.5495
-1.65855
3.0867
-0.96416
-1.8774
0.2834
-0.2299
-0.57713
1.5796
-0.54172
-0.4302
0.46535
1.2789
-1.48542
NA
NA
0.84144
-2.8278
0.3319
2.5744
-1.4081
-0.5958
-1.04791
1.054
2.0856
0.98471
0.2688
1.9304
-1.759
-1.1151
-2.25482
0.8621
-2.8076
-1.3304
0.93905
-0.8174
-1.9248
0.7573
-4.2081
1.2538
0.6147
1.6672
1.1503
-1.1728
-2.7267
-2.0944
-0.6322
-0.8553
0.2486
-0.8719
-3.3217
-0.3938
1.71555
2.2828
1.21931
-2.005
-1.4449
-1.7167
-0.7107
-1.0143
-2.86972
-0.0353
-3.6394
-1.5576
NA
-2.33684
2.7938
0.1463
0.05519
-1.1527
NA
-2.1742
2.5545
0.06163
1.2798
-0.4067
1.69313
-0.2185
-0.2722
1.51
0.65688
-0.2273
1.1513
-0.705
0.97371
-1.4731
0.7716
-0.8792
0.40175
-2.1146
1.9435
-11.23946
1.49171
2.27263
1.562
NA
2.1272
-1.4623
-0.33479
3.0693
NA
1.2587
1.602
-0.7213
2.4927
0.8943
0.50652
-0.4944
4.95859
-8.0752
-2.20533
-3.954
-1.1253
0.58673
-3.6682
0.58253
NA
-0.3587
1.4323
1.31013
2.44291
-1.40612
-2.057
-0.12267
-0.0468
-2.5877
-1.97545
-0.3514
1.2202
-1.4864
-1.96216
2.2783
0.1826
0.36659
-0.0388
-2.73964
1.15403
0.2964
-0.06966
-0.5187
NA
-1.3535
0.9013
-0.07196
1.36495
0.5709
0.0434
0.5586
NA
0.8148
-0.46921
0.01197
1.3091
0.8541
1.7321
2.014
-2.76273
NA
-1.031
NA
0.0589
-3.2851
-1.83066
-1.2343
0.87389
-0.5657
-0.69644
-0.7247
1.6121
0.4863
4.9897
-0.8555
-1.4743
2.50364
2.6783
2.98505
0.2451
-3.9922
0.7302
-2.19476
0.6313
-1.0431
-3.4432
-1.1587
-0.0806
-0.9322
0.45613
1.6105
1.69249
0.8756
1.93265
-1.4022
-2.4149
-1.20996
0.7484
1.1127
-0.91733
0.6562
0.60313
1.59268
0.53439
0.9968
-0.0941
0.1939
0.71853
-1.00026
-1.34319
-0.3054
-1.245
-1.7244
1.3551
1.1496
0.4793
-2.5066
-0.64374
1.52681
5.18515
-0.7654
-1.7796
2.965
3.7657
0.44839
3.633
NA
0.0705
-1.51598
-0.2647
0.81833
0.82519
-4.41352
0.2659
2.7625
2.999
-18.80936
-3.18647
-0.3905
0.34857
-2.1826
-0.3021
0.9825
-3.8968
0.8703
1.3821
-4.2011
-0.19284
-0.99003
2.81084
0.5792
-1.3766
4.8041
1.2088
0.06904
0.6779
0.61082
-0.20056
0.6568
0.4243
NA
-0.67072
-1.8387
-0.6568
-0.7205
0.3964
1.3348
-0.5418
NA
-0.04023
-0.1392
0.11159
3.8708
-0.70147
0.37019
-0.41832
1.0551
-0.3516
-1.5482
1.2093
-0.5474
-0.2199
0.7441
-0.19475
-0.7412
-0.6831
-0.8516
2.33992
1.5618
1.5109
-2.75369
1.9936
-1.0028
-0.36107
NA
1.3958
-4.5856
0.4127
0.4825
-1.90451
1.44539
NA
3.75761
-1.4145
0.278
0.5188
1.094
-0.6529
-1.65901
1.1705
-1.0123
0.1382
-1.0752
-1.8939
-0.5619
-1.8225
-0.6373
-1.5387
-0.61698
0.2811
-1.25577
NA
1.1816
0.8963
-0.1197
1.6599
-3.65439
NA
-2.3858
-0.1529
-11.67464
-1.108
0.4517
-0.57203
NA
0.92942
-0.5952
0.4566
2.91201
-3.0284
-1.76525
1.6344
-1.68002
1.87044
-0.2992
-2.53505
1.755
-7.0938
NA
-0.0781
0.75604
1.05775
1.8996
0.5988
-2.8899
-2.2562
0.5546
2.36435
1.602
0.69969
1.3094
0.2925
-0.746
1.0034
0.19037
-2.38035
-0.81525
0.8875
-0.6541
-2.5403
-1.31007
0.40822
2.1926
-1.14984
1.2163
1.8453
0.7961
0.7922
NA
0.1979
1.08246
2.79465
1.4934
NA
-1.49854
-1.17236
-2.06764
0.7463
1.4035
-0.2237
-0.9626
1.23422
-2.4585
NA
-0.44511
-0.8686
-0.6528
0.08797
4.19995
-1.7236
-3.9763
-0.4935
-0.3405
-4.0828
1.487
NA
-2.3605
-2.0112
NA
12.5657
2.54913
-1.5183
2.50543
-1.54742
3.16924
-1.00665
0.7419
-2.57196
1.337
1.15495
NA
0.4185
0.1021
-2.8439
-2.8843
-0.99661
NA
-1.2399
1.01971
-5.82704
-2.66572
-0.847
-0.0645
0.26402
1.4592
2.4735
0.26029
1.4608
1.71412
0.58365
-0.7087
2.4429
-3.9042
-1.1039
NA
2.35797
0.4677
-0.8738
-0.1065
NA
1.2219
0.8245
-5.1741
0.7813
0.5894
1.9872
2.98737
1.66142
-1.5039
-6.4107
2.05627
1.69799
0.58302
0.6208
-0.0659
1.3872
NA
3.324
1.6575
0.329
-1.3202
-1.19578
2.48805
-0.2816
-2.4449
-1.08369
2.4739
-2.06214
-11.0629
0.1591
-0.52426
-5.74803
-0.2546
-8.7562
-1.9299
0.7183
2.0688
0.57319
0.5951
-1.9108
3.33146
-0.49459
-1.236
-0.32075
3.5815
-0.6232
-0.4522
-0.0911
-2.48566
-0.01288
0.0935
2.08368
3.0637
0.3446
NA
0.8857
1.7803
1.88
-5.6459
0.037
1.5034
5.7942
0.3968
0.2119
-1.3514
1.7867
-0.7018
-1.4384
0.6934
4.27528
-2.6136
-1.69621
-0.1352
0.5368
3.115
-0.60381
-0.6077
30.375
-2.2487
-2.3772
-2.80294
5.3169
-23.02831
2.6625
2.4252
NA
0.71936
-1.5688
1.31069
0.6732
1.5349
-1.8417
2.81038
-5.1285
0.76601
0.7441
0.9783
-2.352
-0.74897
1.52851
-3.3158
NA
0.7673
-1.1804
1.396
2.0236
-2.0846
NA
0.09348
-1.85326
-1.8102
-1.8827
0.7219
-0.9724
-0.6889
-1.04876
0.1039
0.03971
0.5176
0.4191
-0.0455
-1.1228
0.2672
2.0628
0.70235
0.5984
NA
-1.322
0.56637
2.3501
-2.15341
2.5997
0.2645
-0.3652
-3.3394
0.90238
-0.26
0.00301
-0.5322
1.38667
0.0785
0.7642
-0.9879
1.0711
11.783
-0.57363
-0.4909
-0.81389
9.51081
-0.0536
4.2116
0.6219
0.32313
-0.9931
-0.71379
-1.52475
3.3557
-0.2754
0.6598
1.07904
-0.7729
0.0879
0.9361
-0.2918
0.5327
-0.6127
1.1807
2.2555
-0.658
0.43141
-0.79787
-0.0388
-3.218
-0.6812
-0.7363
1.245
-6.65039
-0.7969
-1.4119
3.9697
0.84346
2.01
-0.1992
-0.27019
-0.21673
1.2778
-5.9994
1.7471
-1.1024
-0.7513
-2.3883
-1.33096
NA
0.6101
2.2504
1.9157
-3.635
NA
1.96942
-0.4315
2.39478
3.6519
0.3361
NA
1.5247
-2.08985
0.8222
0.8317
1.7803
3.20058
-0.9688
1.8065
-0.10634
-1.2012
-1.0844
-0.4701
2.5232
0.3184
-0.1594
-0.28607
0.4432
0.15565
-2.7139
NA
-0.5928
0.39995
2.6052
1.6341
-1.7657
2.91278
-0.82638
-1.7539
-3.06478
5.23846
-1.14403
-4.2272
NA
0.2135
2.89798
-1.2407
0.11139
1.5287
-1.93911
13.57101
-0.0106
0.8328
4.46166
1.7859
-2.0369
-3.372
-0.0065
0.0396
NA
-0.7731
NA
1.61274
0.7226
1.3667
-2.81749
-4.0909
1.35598
1.499
0.30979
-0.22156
-0.97317
-0.55462
1.36392
-0.5262
0.8703
0.6891
1.17061
-0.98838
-2.4291
1.19418
1.4592
0.41555
0.36366
-3.8038
-0.046
-3.9504
-0.3175
-3.39979
-1.11024
NA
-2.0497
2.989
-1.12028
-2.6329
-1.92198
0.26646
3.946
-1.1022
1.87586
0.518
0.9755
1.1162
1.1034
NA
-1.5895
1.667
1.21051
-1.1353
-15.13199
-0.5495
-1.6308
0.7911
2.766
1.5866
-1.4593
-1.46181
-2.8245
-6.4531
-1.3208
-2.744
1.0402
-1.3614
-2.7862
2.24963
0.15129
0.20891
-0.5671
-0.6345
-0.9421
-2.57882
0.8018
0.99788
0.0786
-2.1744
-0.99366
1.12544
1.09457
-1.9357
-2.7476
0.3745
-1.12236
-0.6774
5.6285
1.9798
-1.1191
0.7273
-0.4036
-0.42397
-3.0723
2.4629
0.58084
-1.5299
0.8731
2.1233
0.76376
1.97955
-1.16373
1.6689
1.57908
0.82318
-1.12133
-0.4491
-4.2267
-1.6885
-3.5216
0.62011
1.1407
0.95585
-0.8653
NA
-1.369
-1.31039
-1.50672
1.83214
-0.5472
1.9592
-2.1913
0.4804
0.4011
-1.67775
-0.5118
0.11854
1.6599
1.79981
1.8154
-0.39179
-1.75902
-0.3592
-2.5578
-0.6934
-0.5472
-0.57907
-0.895
-7.83655
-0.1602
-5.4186
0.8578
2.7564
-1.8343
-0.43656
-0.91657
-0.6774
NA
0.34619
0.9146
1.5223
-2.3346
0.1653
0.664
-0.4978
-0.02873
-1.9522
-2.4215
-2.8154
-1.18625
-3.3453
0.8594
-1.0214
2.05015
-2.4803
2.3263
-1.3428
-0.8684
-3.7765
0.85109
-0.8506
3.3522
0.04617
-1.57619
1.3687
-1.7109
1.8394
2.0081
-0.9184
1.06248
-2.34606
2.2875
-0.7702
0.64132
3.3935
1.2874
-0.173
0.2976
-3.65204
1.5029
2.6758
1.05336
-0.9506
0.9599
1.25717
-0.5766
5.0987
0.2457
0.859
-0.2425
2.795
-1.00683
1.0079
0.88736
-2.1972
1.5766
-1.58229
1.2176
3.0513
-0.3231
-5.46056
-3.38102
1.08581
-0.0915
NA
0.377
1.8677
-1.78394
-0.8755
0.0653
-4.7527
0.7923
1.1038
1.803
-1.023
-2.3566
0.1167
2.307
-1.2878
-1.47099
0.1386
0.4275
0.73418
-1.3601
1.74219
-0.6185
-0.66589
-5.9811
3.227
-3.1465
0.2877
-0.85289
2.22865
-3.1212
-5.40289
3.14613
-1.5522
-0.4218
-1.8479
-0.49245
0.63972
-3.52479
1.8307
3.2618
-0.16423
-2.317
0.1508
-2.1812
5.0114
3.3908
2.1926
1.0283
-1.5286
-1.108
-0.6789
0.6325
-0.8573
0.44746
-6.2907
-2.3251
-0.5777
-3.6174
1.586
0.506
0.0424
0.8555
-0.0197
-1.2348
-2.39418
0.86837
-0.3463
-0.6484
-0.1483
1.0745
2.46432
1.2243
0.97676
0.6391
1.2229
0.4854
0.3453
-1.08115
-1.8531
NA
0.1801
-1.4831
1.377
-1.61264
-1.217
1.3305
1.6794
1.07821
1.69397
-2.2525
-0.1147
-1.07978
0.9279
-1.05636
0.5356
-0.92026
0.99364
-0.67795
-6.0872
-0.5664
-1.24
-3.1884
0.6357
4.1291
-2.51755
0.3334
1.4331
0.5153
2.6385
0.7216
-2.4334
0.19852
0.4957
1.6788
0.0684
0.42866
0.09093
0.0939
1.82509
-0.25844
0.27845
-0.15018
0.0521
0.0259
0.584
0.2823
2.5842
-0.5875
1.4548
1.697
-1.438
0.4897
1.698
0.4308
-1.4389
2.1967
-0.1452
0.4411
1.6192
1.32044
-1.4889
0.96478
-1.5897
2.3646
-0.2262
0.39252
-2.1988
-0.67073
-1.2474
-1.2806
-0.7418
-4.0122
0.0824
-2.2078
-2.2529
-1.137
-1.3512
-0.4207
0.813
-0.39213
-1.2184
1.4976
-2.2945
2.3649
-0.5254
-2.8499
-0.94466
7.6127
0.8636
-0.72869
-4.66616
-1.569
0.2124
1.8666
3.62601
0.85186
1.59945
1.08982
-2.4661
0.5218
13.30348
-0.2841
0.3127
1.5531
0.27141
-0.66298
-0.9263
-1.78447
-2.6207
-2.2817
5.9645
2.1534
1.92591
0.8
1.1546
-1.18162
1.53815
1.12077
4.04831
-0.5269
-1.5317
1.79238
2.18777
0.66076
-3.04843
0.20538
0.0753
0.77516
-1.77162
-3.83107
3.1154
1.7594
0.74093
-0.54
-3.2606
0.50929
-0.5464
1.0357
4.94302
1.2115
0.1802
-2.10179
0.5119
1.41886
1.6275
-0.2739
0.82222
-0.84587
NA
-2.5429
-3.5442
1.652
-1.4371
0.93655
0.8323
2.9443
-0.7639
1.06187
0.83098
0.673
-0.83988
-5.14988
-0.6733
-1.6841
8.28701
0.45237
0.74899
2.9339
1.6012
2.178
0.6021
-2.35182
0.673
4.6945
1.73925
2.4248
-1.42538
-0.4444
0.05979
-2.1968
4.41337
0.57091
-2.19622
2.2367
-0.42666
-1.91103
1.3308
1.11703
4.6917
1.6542
-2.55472
-2.86093
3.13027
-6.23544
5.10804
-0.4305
0.5388
-0.05909
-1.3843
1.2229
1.87772
1.36624
-0.12267
3.6924
1.8318
0.1685
1.04973
-1.12566
1.1066
1.50412
0.35511
-2.6354
0.02839
1.781
-5.92601
-0.99145
-0.4445
-0.5799
1.1562
-0.0661
3.01772
4.17066
5.7245
-0.68204
-1.72815
-0.80078
-1.19303
0.0393
-8.94197
-1.43576
0.86056
-0.10918
1.796
0.27408
0.3254
-2.55781
-0.6224
0.14258
4.214
1.1983
0.60664
-0.9362
-0.90322
-2.0943
1.4205
-0.71319
-0.51781
0.9384
1.6886
-2.30939
-0.13778
-1.9963
0.258
1.0356
1.08342
1.3103
0.3987
1.03386
0.8034
0.65869
-4.75911
-2.4318
0.2346
-1.4812
-1.3329
-2.3307
-3.1213
5.2202
0.8582
-0.5861
-0.1118
1.3301
6.4872
0.511
-2.3789
-0.5287
-0.7399
0.6982
2.2715
4.3577
-0.70136
-2.7266
2.1846
0.8688
-0.1257
1.2825
1.0202
2.5743
0.1649
-0.1761
1.0873
-3.0372
1.908
-4.2259
-0.0659
-4.5693
-5.5657
-5.1909
-1.45225
0.20745
-2.6135
-0.4679
-1.6272
1.3488
1.39084
-0.2839
-0.546
2.1185
-3.99224
-10.2586
-2.447
0.89436
2.07312
-2.2406
-3.0218
-5.2167
5.78572
1.9483
4.1675
0.3836
-0.26058
3.54357
1.1992
-3.94487
-0.94151
-1.056
-2.3814
-0.35072
0.56741
5.9567
-1.8349
-0.36641
-2.8324
-1.41295
-0.35073
-0.42229
0.06406
0.7598
2.6339
-0.03674
-1.57394
0.29875
-0.9562
-0.23269
-0.06879
3.84314
-0.1568
0.38419
-4.1336
-2.8014
0.7959
5.4516
0.2621
4.00832
1.36882
-3.5395
-0.7168
0.079
-0.4435
0.1248
-1.27964
0.1223
-0.10998
-2.1408
-1.1286
1.7214
-1.0617
-1.59366
0.7971
-0.00855
-1.1572
-0.9203
0.8498
-2.19095
2.13086
-4.157
0.30014
-0.2914
1.20134
2.5848
0.68512
-0.51997
-0.8438
0.90392
0.0349
1.2715
5.6239
-0.60055
-0.11509
1.06155
0.103
-0.9249
0.4902
-1.2997
NA
0.29854
-1.59494
-1.2487
0.71536
-2.6344
-2.0567
0.7137
-2.1702
1.05341
6.34574
-1.4704
1.0839
1.0992
-0.2777
-1.3659
-2.1427
1.7941
2.47748
-11.30069
-2.98181
-0.661
3.97536
-0.4592
-1.56262
-1.0952
-1.49242
0.6452
0.80488
-2.9296
0.7514
-1.366
-0.38374
-2.5168
-0.28181
3.83638
-0.1209
0.00587
1.87917
2.57852
0.99119
1.2522
17.6416
-3.4964
1.21413
-2.41937
-1.43993
3.4938
-11.67007
-11.91213
-0.75106
-0.4549
0.6874
-10.60381
-0.25923
-0.3236
1.50974
-3.28125
0.00565
-0.86424
0.0273
0.12439
-0.9714
-2.0199
-1.73535
10.59084
-2.5062
0.29942
-1.09452
3.0046
1.89028
2.07183
1.97538
-0.9552
-0.2368
-9.4765
0.02265
-6.3767
-4.0278
0.3581
-1.3422
1.5236
2.46782
0.17426
0.55499
-1.2504
-1.81574
2.551
2.02307
-1.80066
0.1416
-0.6263
-1.69631
-0.3479
0.78345
1.5692
-0.4531
-0.9768
0.5444
-0.08
-0.06229
-0.19471
-0.8665
-1.71267
1.7097
0.89016
1.95907
0.7207
-1.34
0.15407
-0.0169
1.3209
1.8912
-1.8392
-2.36961
1.8153
-0.6752
0.0264
-2.9749
-2.4711
-1.65487
1.0598
-6.3872
0.4686
-2.2187
1.4261
1.0427
-0.1194
-1.35221
2.3567
-0.99029
-1.012
-0.8788
-1.7791
-0.2504
1.5217
-0.86834
1.4415
1.10336
-0.03771
0.3563
1.3564
0.8031
1.8132
-2.1384
6.386
2.0231
3.3399
0.2165
0.997
-0.375
1.2357
0.976
0.1975
-1.1415
-1.4449
1.0268
-4.7131
1.2337
1.0764
1.863
0.8654
0.2703
2.9339
0.7483
2.274
-0.4131
-0.7286
0.9373
3.8308
1.0036
0.7064
-0.5304
3.0322
0.3469
0.5944
-0.0941
-0.41917
4.3886
0.2801
3.98963
-0.1653
0.6579
-2.31265
1.6585
2.3523
-1.6884
2.7572
1.1686
0.7928
1.1296
-2.1452
-0.3759
-2.9412
-0.6327
-1.7533
1.4897
1.5049
1.3443
0.9651
-0.582
3.7674
0.6712
0.2005
-0.9464
-1.875
-1.0865
0.3133
0.4612
1.5224
1.2362
4.0571
-0.2284
0.7843
4.9438
1.0976
0.81843
0.4811
1.2542
0.639
2.38
0.6924
-1.3521
-0.15475
2.4071
0.6629
3.0313
1.6211
0.23629
-1.4119
2.1851
1.7828
4.2119
3.4435
0.0622
-1.4353
-0.4335
1.3469
0.7691
-0.1066
-1.8897
-1.61368
0.6122
-2.5856
0.0685
0.6737
3.02702
3.51442
-5.52429
-0.02684
-3.18689
0.15029
-0.0864
-0.3555
0.6696
-1.25616
0.0638
-3.53293
1.378
-0.47165
0.4222
-0.183
-0.1258
-0.116
-0.88482
1.3623
0.24092
-1.793
2.5981
-0.03587
0.41036
0.30272
0.1964
-1.2176
0.35491
0.67737
0.9327
-0.83802
2.71168
-0.1082
-0.2603
NA
0.8275
-0.6886
4.2158
0.11894
0.73518
1.1902
0.0103
-3.7045
-1.0404
0.78727
2.6677
0.4724
-0.13287
0.2468
2.3623
0.16455
-0.80013
5.7208
0.179
1.51984
1.07281
0.5299
1.58077
-2.7022
-1.97746
-2.2574
NA
0.4344
-2.4865
-2.0858
-0.9002
-0.3286
0.7207
-2.8653
-3.8596
-6.7865
0.345
2.9689
-0.73641
2.0165
1.6713
2.12871
-0.9366
4.4843
0.9207
0.2237
0.4699
-3.0563
-1.2122
-3.2767
2.6724
0.2522
2.063
-0.8243
3.4271
-0.8403
NA
0.2249
0.1881
0.3706
0.944
-5.1348
-0.6563
0.8323
-1.9892
-0.2973
-1.97791
1.63776
1.1588
-0.3349
-0.2283
-0.7265
1.1443
-1.3975
0.7102
0.5197
2.8661
0.8151
NA
-0.9516
-0.3195
NA
0.6263
0.8218
-1.6182
0.9622
NA
-1.69136
1.87822
0.44463
-1.6752
-2.0001
-0.5866
-3.02431
1.90248
2.307
-0.51973
-0.1386
0.0231
-0.15766
1.5192
0.567
1.39123
-0.8186
1.03974
-1.0545
2.70524
-2.46812
-0.58739
2.5308
2.03115
-0.79479
NA
-2.8216
-0.9374
-1.519
5.5309
-3.3961
1.0409
0.2737
0.51915
-0.89206
-4.707
2.89513
2.20949
-0.50121
-3.3307
0.24963
-1.42395
-1.46431
-2.041
-1.683
-4.0919
0.81445
3.65824
1.1013
0.8065
0.6497
0.28207
-0.2702
2.9373
1.9338
2.2828
-0.53947
-1.84718
-1.5706
0.2093
0.32406
1.0232
-1.1795
-0.8247
-0.5644
-0.8619
-0.6883
2.2149
1.9352
-1.72
-0.4564
0.57706
-0.0326
-3.2931
-0.015
-0.1202
-1.32168
5.91919
-0.9696
-0.8253
NA
2.62003
0.6415
10.2831
-2.0004
-1.81911
1.0907
0.5632
0.5625
1.6258
2.605
-0.08764
-0.2603
1.6148
0.90409
0.46677
4.09984
-0.213
5.56653
-1.49191
-4.61763
0.2446
-3.6217
0.4602
-0.6129
0.48257
-0.1799
-0.2558
1.0593
0.2306
2.2651
-1.9467
-0.60994
-0.9275
0.6098
-0.6699
-5.5396
1.7494
-0.4446
-0.99518
0.24111
0.0466
0.05568
-1.823
-0.93916
3.3678
0.70761
-0.50277
NA
-2.94318
-1.6558
0.0848
2.14779
-0.3753
4.0223
2.5744
0.2478
1.2136
0.671
-1.71024
-1.593
0.20669
-4.4503
-0.3897
-2.2982
2.0278
-0.4567
0.556
2.37375
-7.18662
1.3005
0.9359
0.97741
1.31796
1.5171
1.2428
-1.6278
0.73614
2.044
-0.39775
1.70895
0.7684
1.5024
1.0088
-0.613
-0.6841
-0.9129
0.68564
0.9273
2.58997
-1.43038
-4.8944
0.05885
-3.8878
2.4209
-4.04647
-0.33115
2.4625
0.88764
-0.9586
-1.56737
-0.48999
-2.7578
1.11594
-0.2424
1.38028
0.5448
1.58596
0.7695
0.6617
-2.1424
3.69867
1.17193
0.2393
0.8679
0.9259
12.2816
-1.89606
-1.77887
-3.0216
1.60745
0.34423
0.62905
-0.47725
-1.95015
-2.29482
-0.6304
0.0773
0.75174
-1.6286
3.36678
0.1101
-0.973
0.71064
NA
0.80139
-0.5184
4.2806
0.25719
-0.8243
1.00892
-0.51582
-3.5474
-1.62179
0.7325
-0.4152
-0.02115
-1.87639
3.7832
1.1818
-2.6473
1.1568
-2.9581
-1.30113
-0.56055
1.30783
2.69367
-0.0486
0.6651
4.0227
0.7431
0.63943
3.17852
-1.3941
0.9507
0.34761
1.9245
-7.59037
0.59624
3.46165
-0.7555
-1.1989
-1.02358
-0.2758
-7.29382
-0.29151
1.5184
4.1841
2.3909
4.00761
1.2612
5.12652
0.82996
1.7255
0.1944
-3.2888
2.52438
0.0503
-0.71723
1.39518
-2.9442
0.8908
2.0293
2.0986
1.9519
-0.095
-0.82834
-2.1637
5.67905
-3.6632
-0.41823
-2.674
0.6345
-0.6458
0.4577
-0.05508
-0.7622
-1.52372
-0.6612
0.56825
0.96024
0.67001
0.7615
-1.1396
-1.5903
-1.16129
0.7049
2.45045
7.9428
-1.184
0.6968
-1.3355
-0.1162
0.1459
1.1241
0.0896
2.03037
-2.54263
0.46147
-2.85822
2.41489
-3.4349
1.5485
-3.6454
-0.6411
-0.1855
1.5607
-0.0587
-0.51452
-0.4545
-1.9677
-0.7163
-0.84206
-1.2508
-0.3727
1.91133
-2.4219
-0.11931
-1.6471
1.12404
-11.7792
-0.32318
0.3591
2.8441
9.4463
1.51973
-0.7107
2.14632
2.9339
1.2409
-2.18553
0.4481
-0.4535
NA
NA
0.98135
4.92976
0.77229
1.79027
-0.4094
-0.8751
0.2657
-0.1692
2.1743
1.0921
-1.4038
3.14956
-0.2619
1.5165
1.7906
-1.23023
-2.1253
-0.75535
2.03486
-0.61
1.94621
-0.6049
0.4644
-1.20609
1.5804
-0.3562
-3.1055
-2.842
-3.9925
-5.02048
0.71996
0.74603
1.6925
2.14688
2.26319
-1.76238
0.1357
1.02838
1.28253
-0.644
3.2492
NA
1.19339
-1.6676
0.62256
1.0356
-0.9112
-1.0742
1.81837
-0.8932
0.0603
-0.93763
-0.8731
-1.488
0.10178
-2.6194
-0.2453
-0.702
0.9486
-1.01155
-0.8938
0.7517
-1.7335
-2.48118
-1.5762
2.22595
-0.4111
-0.68312
2.61255
-1.1554
-0.4444
0.4978
0.39291
0.221
1.23515
2.0782
0.5546
-1.41025
0.27512
1.9536
