-0.913906
2.1215
0.626075
0.3366
1.87808
3.05523
1.48448
-0.83
-0.1207
-0.3299
-0.32367
2.9037
-2.9
-0.36181
0.4954
3.789334
-1.1184
-5.80863
-0.78999
0.0259
1.35058
0.6365
-0.2665
3.1235
-0.9335
1.85001
-1.4085
1.16181
-3.151
5.1608
0.1537
-1.3928
0.79363
-1.7527
0.0249
-0.5585
2.0836
1.16271
-0.71634
0.44
-1.7386
-1.08304
-0.9044
-0.0721
-0.2345
2.9412
0.1179
-0.7558
-1.355
-1.8237
1.15104
2.37088
0.3253
1.7647
-1.4542
-1.0091
0.48282
0.096
-0.912994
-1.852108
2.1967
-0.45185
-2.5744
7.7046
-3.35912
0.6841
2.112
-1.54464
1.149725
0.3157
1.5305
-7.74777
-2.47313
1.7001
-0.91038
1.562
1.928142
0.99352
-2.922338
-0.2067
-0.95568
3.2075
1.2491
-1.79155
0.03014
-1.5331
-0.4253
-0.0467
0.196
2.39507
-0.11337
-0.0583
2.1327
-2.1795
-2.8294
-1.98285
2.2443
1.14676
-1.6964
1.63423
-0.6427
-0.5193
1.00288
1.314011
-0.9475
-1.19242
-1.02296
-0.855
-1.1628
-0.18391
-0.6702
-1.5477
1.4343
1.26871
2.65755
2.2384
-3.2231
-1.59797
0.0073
0.7025
5.2293
0.533788
-5.0727
0.96657
1.3932
0.3263
0.2188
2.01476
-0.50855
-1.65532
NA
0.0726
-2.0128
1.2454
1.0809
0.7078
-3.47229
-0.3738
-2.183
NA
2.2338
2.191
-0.33146
-0.47795
-1.3285
0.045234
1.8717
0.32524
2.3879
0.1797
-0.8975
0.65
0.0517
0.13371
2.8627
0.1948
-1.79925
-0.8044
0.863
4.0891
2.380702
1.27542
-0.70323
-0.8092
1.7575
-2.2329
2.17715
-0.054
0.1411
1.7683
1.72288
-3.2777
-1.2519
-0.062744
-1.1455
0.5141
5.1956
-1.5848
1.6016
-0.5697
0.808
2.8986
2.1251
0.53559
-3.42301
0.0146
-0.010681
-0.71223
1.53566
-0.41792
1.17614
11.72946
-0.78994
-1.2566
4.13073
1.04437
-0.479
-1.82237
0.6503
1.19485
-1.4041
2.2229
2.88466
1.59518
1.5338
-0.2293
1.931555
1.30083
0.3253
-0.44513
-4.1297
3.0149
-0.8121
0.18097
-3.3445
2.37429
1.5395
0.2336
-1.2174
-1.8795
0.6714
0.9163
7.9905
3.2782
0.6307
-0.4468
-1.3739
-2.8679
-0.3013
2.176459
-0.8395
0.4435
-0.2943
0.572
-0.3579
2.42648
3.4715
-2.811
-2.4746
2.7784
-2.4646
-0.656
-1.005
6.76464
-3.944
-1.35819
0.80557
-3.6757
-1.070956
-1.083081
-1.9461
3.2737
-7.355645
-1.6594
2.0559
-2.28615
-0.5443
1.535
-0.98548
0.05899
0.1901
0.28865
2.30718
-4.453221
-1.6903
0.0754
-1.0875
-0.3544
1.5504
0.63863
1.5071
1.04294
-0.4876
-1.5932
0.8258
-0.90708
-4.18945
-1.7009
1.96346
-0.4187
0.8464
-3.99642
0.2083
1.5867
-0.1007
-2.2149
-3.7492
-3.7982
-0.02129
-0.53419
-0.2086
-0.51568
-1.3253
-0.7328
1.54039
1.16398
-1.59367
0.1361
-1.94079
2.6102
0.0699
-0.785
2.1814
-1.14465
1.1068
-1.733832
-1.7023
0.5308
NA
1.17055
-1.3173
-0.5345
-2.1162
1.448
-0.78588
-2.5284
-1.2359
-1.8112
2.25277
-1.3149
1.375
0.7957
0.67355
2.5105
0.710479
-2.554495
1.04899
1.9197
-3.1854
-0.7062
-1.4257
3.1469
0.7136
-6.66721
-0.7892
-0.0634
0.6825
-0.509
-2.1691
0.7182
1.393
2.598
-1.797475
2.862524
-0.7078
-0.4968
-1.0553
1.0134
0.5999
-1.1567
1.77935
-0.7657
-2.96273
3.606
1.41183
-0.1757
-1.0328
-1.19423
1.531
-2.44137
3.6417
-0.228
-2.37428
2.18781
-1.296647
-0.9734
-0.3084
-1.6181
3.3136
-0.3804
-6.5521
-0.28936
-0.0998
-3.0911
0.6004
-0.5842
0.4034
-0.7091
-1.4194
-0.9432
-0.1115
-0.6046
5.7155
-3.16
0.3488
-2.21022
0.8382
0.70659
-25.4156
3.57273
2.6554
-0.9389
1.04554
2.76939
4.24942
-1.0543
1.5587
-0.0517
0.6735
5.6805
-1.40231
-0.7022
3.00963
3.7604
-0.9986
2.84522
-2.31838
-1.22946
-0.62591
-0.604
0.7325
2.58133
1.1085
0.54849
-0.0272
1.595
-0.7437
1.4272
4.7736
1.3856
0.0998
0.93693
-1.59843
-2.0215
-0.23978
4.8704
-0.3501
-5.25093
-1.0648
1.58897
-2.11987
4.471691
-1.80852
3.8961
-0.81446
2.4597
0.411186
0.5021
-4.4673
4.42767
1.5457
-1.16812
0.11379
-2.3581
0.35449
0.2343
-15.8016
0.6342
-1.50106
-1.985617
-2.2038
-0.14613
1.65613
-2.921
-1.4415
0.66402
-3.1054
-1.6253
-0.3997
-1.7131
2.12986
0.65815
0.54633
2.1172
-1.73849
1.84824
0.328
-0.041155
-1.2294
-1.7949
-0.255
0.73535
-1.2223
3.0999
0.4855
-1.60199
NA
2.6016
1.0984
2.14292
-0.11755
-0.44281
0.16649
-0.7916
3.2
0.4033
-4.6693
-0.546
1.76962
-0.018987
0.1051
0.5917
-2.7977
-3.6407
0.9063
-0.1167
-0.7261
0.1641
4.1883
0.0569
3.5243
1.6847
-2.1833
-1.22422
3.7977
1.03345
2.0058
3.3886
-0.467
5.4293
2.4458
-1.8326
1.4718
0.91294
-1.31024
1.20061
1.9459
-0.05126
-0.3556
1.249892
1.6804
1.1111
-0.12847
-1.864
0.5222
0.7958
0.39163
0.09548
-0.7
0.671
1.252697
-2.5288
-3.13007
2.62485
-0.34585
1.59558
0.4076
-0.9701
-0.824
0.609
-3.1396
0.4616
-0.2079
1.659
-0.0192
2.2756
-3.36809
-2.58395
0.501
0.2099
1.451595
-1.3625
0.67459
-0.06805
1.21365
-1.9024
2.1497
-2.9171
-0.3588
0.8715
2.8794
-1.3847
-0.5736
1.28159
-4.68843
-1.0026
0.5701
-1.8365
-1.6542
-2.83904
0.0434
-0.7616
1.7379
-2.8371
1.4237
1.641
8.6744
-1.3702
1.7156
0.1805
1.0417
1.8302
0.5778
-0.9727
0.00885
-0.5562
-0.0901
12.34524
-0.8019
0.0393
0.96864
-0.0394
-5.3611
-1.31921
-2.79142
-0.7237
0.9018
-0.75731
1.20926
0.3279
5.11248
2.4064
-1.1487
-1.0538
-0.0535
-11.5571
1.8681
5.223761
-1.12741
-1.4914
0.36494
2.40352
-0.089123
0.7519
0.705
1.12297
0.29247
-2.8021
0.4687
1.223627
-0.90051
0.27797
-0.1669
-0.0905
0.6563
-1.30735
-0.3147
-4.8597
0.1571
0.5658
-0.0998
-0.9369
-0.6104
4.96153
0.84791
2.84
-0.3381
-1.1211
-1.6232
-0.457
-0.3999
-1.6076
1.1548
-0.28508
1.4049
1.96131
-1.23787
-0.167762
0.024007
-0.4533
2.21199
1.32099
-3.15875
-0.74246
-2.4409
-0.5411
-0.5525
2.83628
-8.18188
-0.3937
2.71539
2.66029
-0.70793
NA
-0.61152
2.28069
3.1973
0.367513
-5.2601
-1.52063
0.00659
-1.13449
-0.07747
-0.31023
-4.50579
-6.09494
-0.74516
-0.46239
0.4402
7.49799
0.17622
-5.9668
1.235
2.0541
0.708
0.3036
2.0015
0.8279
0.954
4.0476
-2.9015
4.0379
-0.8916
9.8286
1.2421
-7.7553
-2.5283
-0.2085
0.511
0.0649
-0.8737
-1.1782
-3.2117
-2.255
-0.7925
2.395
2.7615
0.1145
-0.9847
4.8409
1.9498
-3.1214
-0.1487
-1.9302
-1.2949
-1.2757
1.3541
-1.5506
-0.8076
-3.8859
0.5275
1.1384
3.2138
-0.8413
-0.2875
-1.5025
-1.4274
2.4894
-1.3222
2.4891
-0.7447
-0.1184
-3.0775
1.7851
-0.3061
-0.5656
1.1092
-1.4873
0.4493
1.3652
-2.5107
2.6715
1.2754
-0.1742
0.296
-0.202
-1.078
1.6797
-3.8771
-3.8617
4.1657
-5.5594
-0.414
0.7555
1.0552
1.8003
-5.6287
-0.3741
0.0958
0.1027
0.1467
-0.7817
1.7577
-0.6041
1.6314
1.2909
-2.4624
6.1893
-2.1034
-0.9119
-1.0968
1.6521
-0.7527
-2.0929
-2.7981
0.38548
0.4519
0.2438
0.1634
-3.0641
0.0919
1.6803
4.3305
-3.3159
0.6774
-0.8381
2.0664
-1.4311
-0.584
0.0173
0.481
0.9358
0.4459
0.5439
-0.9382
1.6029
-0.4122
-1.664
0.4452
-0.6211
2.079
-0.9876
-4.8659
-1.4915
0.1428
1.3265
-0.2189
-3.1302
1.7431
-0.5207
-0.8781
2.591
-0.5636
0.957
1.2447
-0.1393
-0.4745
-3.095
-0.517
-0.9732
-2.5369
0.0741
2.2116
1.6526
-0.0851
-1.6425
2.2048
0.9064
-0.5105
1.088
0.3607
1.9823
0.2882
0.4447
1.6501
0.3355
1.2299
0.171
1.7446
-1.5184
2.4946
3.9577
1.1456
-0.54751
-0.1187
0.4475
1.1117
-1.979
-3.1893
0.5299
-1.1403
1.4399
-1.8722
-0.7049
-4.4824
-1.8204
-0.3435
-1.2769
-0.54637
1.36638
2.32478
3.93657
3.015
-2.39735
-0.04128
-0.19956
1.58698
-3.3198
0.3365
2.69086
-3.03593
0.1078
0.0736
-0.32376
-1.45256
1.76039
1.69922
-0.47547
0.20162
2.2052
-0.48305
4.3478
-0.35974
-2.9705
0.64811
1.06179
0.82202
2.58755
2.83197
0.2201
1.4797
0.1742
0.9456
-0.92706
-0.67586
-3.33115
-0.3051
-1.64588
1.1396
-4.79908
0.1957
-1.99521
1.4469
-5.0193
-2.7319
10.2381
-4.6639
2.7447
-1.7275
-4.0515
2.3348
0.8007
-3.5611
-3.7238
-1.7071
1.219
-1.147
1.64752
1.77362
-1.69657
0.5598
-1.4297
-1.5776
-1.11858
-1.98858
-0.4936
2.39602
1.9432
0.22436
-0.39576
-2.61466
-0.07424
0.97558
-0.1005
-0.63149
-0.00831
-1.16529
3.7851
0.54624
-0.53143
3.05279
0.80837
-1.42265
0.6513
-1.99931
-0.56569
1.29756
1.5399
-3.27869
-0.9536
2.2662
0.5102
0.657
0.84729
1.76164
-5.41146
-0.1024
-0.26694
2.9971
1.30166
-3.17672
-4.84442
-1.83734
0.4955
-3.47288
-0.49682
4.61966
-1.6353
-1.79473
-0.21793
-0.05858
-2.71445
0.9509
-5.52925
-1.3646
-0.5381
0.31388
0.45473
-0.5977
2.1333
3.3875
1.3521
0.66114
0.14701
-0.42032
1.20057
0.5712
-0.4051
-0.38503
-1.56671
-5.28261
3.4017
0.0331
-1.55673
-1.3829
0.81062
-3.2792
-1.0406
-1.10529
1.86962
-0.78595
-0.0969
-2.98622
-1.23396
-0.9122
1.71414
0.3011
1.3208
0.1681
8.4483
-1.0937
2.2709
1.9452
3.2755
3.0486
0.3621
0.2374
0.0591
3.8877
0.6063
-1.2627
-4.1117
-0.9367
-2.1061
0.6625
0.3371
-0.5932
0.5496
1.9577
-0.0385
2.1086
0.8273
0.3288
2.6223
-0.2146
1.5991
-1.9013
1.9857
-1.8214
0.5936
-1.3498
0.7911
-0.7672
1.7158
1.633
0.2326
-0.9027
2.0078
2.3499
0.7136
-1.6911
0.1214
-0.3906
0.5513
-0.3118
0.587
-0.3043
-0.8274
-2.2971
1.4233
-0.0283
-2.05013
-1.19202
-1.8842
0.3222
0.20136
1.9251
-0.5955
-0.6026
3.3997
5.17761
-2.59621
1.14951
3.6417
0.53437
2.68176
-1.3213
0.60527
3.03384
-2.7018
0.45784
1.38535
1.12366
-3.2302
-1.07174
-1.29489
-0.48798
0.4861
0.11525
-2.1145
-0.7305
-0.8687
-0.55037
-0.4239
-0.6636
-0.394
0.48029
-2.01622
0.37453
-3.47497
-0.01398
1.31145
-0.72377
-0.88352
-0.2015
2.50949
-3.4252
2.94772
0.0719
0.16109
-0.49894
-0.1823
-5.0564
3.3797
-3.2272
10.3215
0.4889
-0.3563
-0.8397
2.8223
-0.0416
1.9427
0.7555
0.0202
-2.6502
-1.2336
-3.0491
-1.0635
-1.2314
2.6232
1.4771
2.3303
2.7615
2.2115
4.1187
3.1616
1.1845
2.0957
-1.9677
-1.08
1.4125
-3.0391
-2.2356
-0.0605
3.842
0.8119
2.1285
-1.9144
0.1694
-0.6427
-0.1992
-0.1481
-0.8568
0.1066
-0.4776
0.4983
2.7412
-3.5217
0.2749
1.8274
-0.5118
-0.9737
-1.2367
0.51069
-1.55541
2.80865
1.079
-2.7091
0.5562
3.16972
1.29793
-0.4457
0.1721
0.15476
-0.52002
-5.8351
2.55659
-0.6977
-0.9577
0.7614
2.1034
-0.39991
-1.17129
-4.3295
-0.35599
2.70073
0.235
1.49914
-1.69994
0.1751
1.1661
-0.36236
0.31914
4.80339
-3.81996
2.03908
-0.92267
-2.181
-1.6381
-0.49114
-3.5423
1.98623
-0.93234
0.50565
-3.1454
0.09304
0.78854
-2.58547
-0.11924
-0.4442
-2.3039
-3.36708
-1.05391
-0.70613
1.56226
2.6371
0.08405
-2.7554
2.0259
0.71435
-0.57563
-0.82434
-0.4308
1.72922
-1.96513
-1.44952
1.19193
1.30087
-0.4719
-3.99744
-0.6461
-0.63026
2.93409
-1.06759
5.7878
-5.3619
0.0922
21.2052
-7.78341
1.41405
-0.40695
-0.0126
-0.24538
0.89386
0.8979
2.9831
-0.8028
-0.593
-0.1469
0.8184
0.57949
-2.72668
-2.30305
1.562
-0.3056
-0.8912
-1.47171
1.6152
-1.2071
-2.0834
4.81687
NA
-1.09911
0.0423
-0.30574
1.5055
-1.53743
-0.609
-1.4482
-0.76786
-2.062
1.17274
1.06606
1.12557
3.0871
-1.51661
-1.716
2.48397
0.38168
-0.1551
0.33857
0.19967
0.4288
0.38465
-1.50612
-0.45071
1.2292
-1.8499
-2.2697
-0.0672
NA
0.0031
1.7406
NA
1.2903
-0.64724
9.7672
NA
4.035
-3.2652
NA
-0.0909
-1.86996
2.8658
6.0858
0.01249
-3.0801
1.377
-3.78812
1.7577
1.9695
-0.4146
0.63079
0.4104
NA
-1.9859
0.2382
-4.0525
1.3677
-0.7596
-4.2462
0.6491
0.4602
0.0211
-1.5059
1.3408
-0.3356
-0.1302
1.2291
0.893
-0.6979
-0.4583
1.0238
0.7208
0.2397
0.216
-0.456
0.0589
-1.1626
4.5228
-0.3417
1.3586
1.7564
1.4648
-1.2703
3.1769
-0.8029
0.8989
-0.4432
0.1257
-0.0273
1.165
-1.1679
-1.16742
3.4586
0.58623
-2.03292
0.50024
-1.86352
-0.57988
0.9842
0.00805
0.21772
-0.42832
-3.2442
-0.55504
1.08832
-5.89362
-0.2933
-2.30213
1.53247
1.0256
-0.20398
2.45974
3.1338
1.52005
-3.21243
1.94085
-0.32937
0.26882
1.39372
-2.78399
1.3883
1.2676
-2.0198
-3.02293
3.507
-4.37468
0.13
14.2445
-1.9262
-4.0931
7.9369
2.3085
-1.8939
1.6112
-0.0905
-1.1259
-0.2714
1.3621
2.7588
3.5693
2.5959
-0.7871
-2.0068
0.94956
1.4663
4.2574
4.4576
-0.1557
-3.5506
0.4049
-0.7478
-0.1278
2.6644
0.3552
-2.9058
0.5751
-3.6639
4.5893
-3.2399
36.515
0.887
-0.3143
0.1544
-2.8822
2.1868
1.9349
-0.0647
-0.5862
3.9042
2.1957
2.0706
-3.4715
2.1023
-2.7081
-3.40033
-0.2134
1.5392
0.7729
-0.2438
-1.3874
-1.0914
0.5603
0.048563
1.42417
-0.36209
2.111324
-2.431609
5.090112
0.663341
-1.075073
3.8507
-1.9905
-0.30365
-0.0767
-0.539437
0.072697
0.8812
-3.6717
-1.789047
-0.441544
-1.7282
1.032255
0.709248
2.337393
-1.5312
-2.514647
-0.030105
0.692404
-1.358947
-1.339859
-0.092512
0.6274
0.350449
0.994933
-2.009942
1.609165
-1.1568
-0.7115
0.2227
-0.033077
1.260126
0.188336
1.318971
0.601528
-1.038661
-0.464937
-1.6958
-0.632776
1.9997
-0.8314
0.289603
-1.5465
-0.458828
-2.1245
1.1237
0.444
-0.864265
5.4062
9.1126
2.592818
-0.6843
0.838581
0.342728
-1.6174
0.660953
-2.443657
1.5868
2.366488
-4.387
-0.713395
-0.2104
3.822067
0.942611
-0.1342
-3.6768
0.5706
-1.1557
0.61885
0.4258
2.931219
4.4448
0.070716
2.0345
-1.08894
0.64542
-0.17386
-0.3119
-0.8711
-0.2474
0.95844
-2.199
-0.09073
-1.2999
-3.64777
0.6083
1.21271
0.616643
2.3924
-0.2583
-0.91597
2.151643
2.6502
1.074
0.1501
0.1177
-0.693
2.6753
-2.3757
-0.5846
0.5846
-2.67561
-1.7246
-1.09972
-2.356602
2.8331
-0.4143
0.88925
0.87069
1.35196
-3.76414
0.87771
0.8771
3.00287
0.50188
-2.35187
-0.13066
-3.8535
1.36307
-3.707
-2.4972
2.7063
-2.1525
0.6677
4.1571
1.1447
-0.9384
0.2486
-2.2731
2.6386
-1.3561
-1.2452
-0.773
-0.9991
-0.5953
-1.3432
-0.5337
0.1793
-0.0387
0.0875
1.1246
0.01212
-0.6423
1.85682
-1.0769
0.58906
0.48645
-1.19815
-0.6189
3.81866
-0.09534
0.5559
-2.8352
-1.0238
-1.05091
6.06813
-1.66403
0.4041
-0.9686
-0.2876
0.5626
1.1034
1.7159
3.3524
-1.0117
2.783613
0.8104
1.2882
0.94612
1.62494
0.5199
-1.6313
-0.89677
-2.8081
2.85649
-0.0982
1.3609
2.0267
0.1903
3.2474
6.9786
0.37917
2.2928
-1.3075
-0.38304
0.89616
1.72419
-3.35309
-1.10397
-0.75515
0.70563
-1.4148
-2.37746
-1.8253
0.4579
-2.71965
0.728397
0.1382
0.9469
0.3933
-3.0863
1.06461
-2.920059
-0.28489
0.7231
-2.5288
-0.767196
-2.0348
1.24979
0.4979
-1.115406
0.7325
-0.520654
-1.3261
5.8075
1.3981
0.3168
-1.4729
3.472043
2.49607
-0.61082
-2.30156
1.07581
2.0742
-3.21507
0.3572
2.366981
-0.553736
-1.146981
-2.254109
-2.676334
-2.5879
0.5636
0.6659
1.0317
-0.0419
0.498
-0.1379
-1.021
-2.7141
-0.3228
-1.83405
0.68507
0.66759
-0.2696
1.2411
-2.57822
-2.25574
-0.08004
-2.5984
-2.3502
1.2916
-3.0008
-0.86251
-2.7225
2.421
4.4889
0.8451
0.9099
3.3248
1.0729
0.94122
0.2748
-6.005
-0.4858
-1.0323
1.6935
0.35883
1.4388
0.0655
0.677115
0.1001
0.754055
-1.88042
-2.03493
2.0708
-1.4279
0.35722
0.5447
-1.9161
1.5423
2.5131
0.2196
0.1089
0.2046
-0.6661
-1.919
-1.687
-0.2943
-0.642
-0.5862
0.2551
1.2261
-0.9951
0.31599
4.8927
3.1571
-0.43425
0.2256
2.34306
1.8253
NA
0.18475
NA
NA
0.65216
-2.38703
2.58859
NA
0.9733
NA
-2.70714
-0.2116
-2.11447
-0.4791
-1.65002
0.2145
-0.12476
1.06604
-2.3071
0.612
0.92974
-1.2788
-0.8287
0.86493
-2.16811
-1.2698
-2.3155
0.4014
1.5986
-5.3369
-0.87468
1.4602
1.80423
0.8606
-1.6635
1.6275
-0.8754
-1.3022
-2.7497
-0.0895
-0.5007
1.4799
-0.8456
0.2161
-0.6804
1.7728
2.08079
-1.26681
-0.11826
-0.83221
-4.12153
-0.92414
2.26894
-1.1444
10.7738
0.9925
0.0421
0.9806
-2.0032
0.2064
0.2045
-1.5151
2.5512
1.4867
0.4195
0.3968
1.0246
1.2809
1.10377
5.1387
-0.4664
0.6756
0.897794
3.3345
-0.2746
0.0955
2.1517
0.0467
-0.21837
-2.08493
0.77951
-0.5839
3.8764
-3.6783
0.8107
-0.8319
-4.8679
1.6271
-1.4245
-0.2882
0.9413
2.5713
3.147073
-0.1649
2.6824
1.17243
-0.4291
-0.2236
1.12901
-0.47794
0.32422
2.75301
-1.0179
-1.6103
2.8257
0.9601
-1.16878
-0.134555
0.555779
-2.171328
-7.25583
0.1826
2.99061
1.70049
3.23578
0.8655
0.4757
-8.3134
5.5008
-1.5225
-1.0197
-0.93805
-1.95836
0.387
0.7989
3.9251
-0.2741
-1.2422
2.0212
8.1657
1.4531
-1.3837
0.7211
0.5491
1.0492
1.4978
-1.914
-0.1453
-1.0299
-0.2962
0.4925
-0.1311
1.685
-2.0867
-0.555
-0.3458
-0.03825
-1.0411
-1.4033
-1.9069
-0.4215
1.3482
-1.1729
1.3766
2.6095
-4.8387
-0.8757
-2.2841
-4.8387
1.1564
-0.8913
2.736
1.8488
-0.01149
-1.96788
-0.03134
-1.0704
0.0406
-2.4924
-5.0789
0.37731
2.92967
0.2623
3.7978
0.8003
-0.2727
-1.5896
-3.966
-1.7568
-0.7832
-0.7559
-0.0225
-0.9872
-1.7918
-0.9583
2.9931
0.4105
3.56524
0.9736
2.33145
2.23467
2.74245
1.6215
-2.15172
0.12921
0.0478
1.63243
-3.5834
0.1989
2.61216
-2.57245
1.90854
0.13157
-0.4703
-0.13618
1.5048
1.25106
1.29358
0.9047
0.00843
2.76343
-0.788
-3.21021
-0.2629
2.8917
1.5231
-1.0939
-0.34516
2.32904
-1.37286
0.7013
-0.2183
-0.28179
-0.365
-0.0162
-1.0669
-1.5186
2.099267
1.6593
-1.433
3.22128
1.82584
-1.40937
0.204281
0.8506
-0.26663
-0.28396
-0.4464
-6.9683
3.9023
-2.23915
4.6893
-1.6211
-3.7822
-1.0735
1.7005
-2.73106
-1.03647
4.6265
-2.0809
-0.76227
2.4433
-1.04453
1.1026
-2.29616
-3.8324
1.0141
-0.6308
-0.8381
1.3498
12.0767
1.147
-2.916307
0.117706
-1.12249
-0.1027
0.6158
-0.423
0.978053
1.328
-0.3401
-0.2965
-0.60267
1.0608
1.31182
-1.88984
2.5089
-1.4184
0.28601
1.98545
-2.1629
-2.1629
0.414
-0.4427
-1.59833
0.6791
1.01757
-1.03695
0.564
0.1593
-1.8601
-0.2291
-1.0009
0.9317
-2.2388
0.3409
0.5981
-0.2753
-3.3222
-2.285
-4.0002
1.5348
-3.9741
2.0246
-0.8353
0.5698
-1.4529
-0.21502
-1.63456
-1.2214
1.9508
-0.1079
-1.6524
0.6464
2.7379
-2.002426
1.0088
-1.4713
-0.68694
-2.0407
-3.0976
0.7828
0.2432
0.540844
-5.114277
2.4218
0.8206
-0.7477
1.3319
-0.0307
1.1447
-0.2487
-0.724776
-0.54168
-0.17556
0.740369
6.5093
1.5787
-0.7555
1.6829
-1.9215
-2.65792
-1.92123
-4.9649
0.3008
-0.7779
1.3678
0.9229
2.1141
0.7747
-2.7468
-1.5836
1.9095
0.7933
0.1133
-0.2854
0.71234
-2.1957
0.12
-1.80528
0.84235
-0.40894
-0.0066
2.83441
1.2934
-0.8181
2.1861
0.1248
-0.0196
-0.465
-1.31052
1.39878
-0.05741
1.55567
0.8835
-0.0713
0.973931
-1.517961
-0.894379
-0.988526
-0.4943
0.816522
-1.8069
-0.1018
-2.7433
3.5997
-3.69809
1.64118
0.0688
1.1431
1.01851
2.1768
-1.462366
0.6361
-2.198
0.3315
-1.37228
-0.40705
-0.01788
-1.0429
1.18161
0.60271
-1.20907
0.434312
-1.400867
-1.211281
-0.6476
-1.5118
-0.04543
-1.15226
-8.29777
-11.2644
0.23944
-0.2626
3.34004
1.2282
2.7974
-1.5296
-0.8303
-1.1467
1.70755
-14.829
-2.55451
0.8058
0.39255
1.0826
-1.14202
-3.83947
1.473
0.6849
1.2156
1.1108
0.4223
-2.2057
1.73249
-1.4697
-0.21555
1.04758
1.2728
-0.32869
0.5581
3.8969
1.0767
-0.88383
-0.62796
-1.01935
-0.85502
0.27018
-1.35068
-0.4305
-3.91624
-1.05769
2.36212
6.69384
0.03048
0.6709
2.40376
0.85283
-0.5864
0.83645
1.103418
0.044602
0.9665
-0.015363
2.352901
3.835654
-0.314037
-1.50124
4.1863
-2.4275
0.8121
-1.5105
-0.0168
2.471
2.8408
-0.8553
-6.8971
18.2316
0.9563
2.5412
0.068
-0.11714
1.10617
0.659
1.57971
-0.16805
0.6705
0.4732
-1.3353
-1.4305
-1.0359
1.2684
0.3427
-0.6428
-0.6511
-3.5513
1.2388
-0.4876
0.1642
2.2769
-0.5278
-1.6851
1.1999
0.9091
-1.2955
-0.1996
3.584
5.5235
-4.8502
-0.0276
4.226
0.6805
-4.8873
-1.6266
2.1687
-1.3078
-0.6928
3.293
-0.7672
-1.7032
-2.0832
0.92639
-1.7412
-1.5661
2.83879
-1.50929
-1.190318
1.7655
0.1978
-0.7149
0.1301
0.91365
-0.42611
-0.13465
-1.96739
2.84771
3.0657
3.4268
0.3089
-0.9641
3.6858
-2.06055
-1.68661
-0.90381
2.0669
-2.03372
-0.2799
1.1408
1.72121
0.46025
0.86739
-1.86712
3.16901
-0.31949
-0.9449
-0.62174
-0.8067
-1.0458
-1.28819
-1.198
-4.04572
-3.34755
-0.5323
-0.39114
2.33694
1.07866
0.3688
1.73972
-0.48641
-4.3746
0.071
NA
NA
NA
NA
-1.03909
NA
NA
-0.867
0.63995
-4.09371
0.8542
-3.0731
1.0521
1.92888
-0.87628
-1.7329
-2.0261
0.99195
-1.08031
1.31336
-0.46484
-0.9419
-0.29326
3.03645
0.35142
1.9418
4.1449
1.0549
-1.6885
5.1383
-2.4126
0.6677
-0.124
2.3494
-1.5065
-5.577
-2.5171
-0.19
5.1055
0.5875
-2.7975
-2.2866
-1.8909
-0.1878
-5.061
1.0818
0.135166
-0.889568
-0.576416
-2.946893
2.6889
-2.923266
2.1448
1.4871
4.7378
1.2482
-0.0281
3.8597
-5.6397
2.6398
-1.1512
2.4356
-2.4425
1.259
-0.4392
-1.1579
3.7901
0.1603
-2.50469
-0.2979
0.89936
-2.50172
-1.0391
2.09582
0.4036
-0.7155
-0.10026
2.00895
-0.6438
-1.47559
-3.25343
-0.8755
-0.0281
-2.142
-0.7243
4.8137
-1.0743
1.7383
0.6775
-1.1932
0.8214
-0.5018
2.9852
-4.3442
-7.26083
2.75373
-4.1666
0.5413
0.2736
-0.1747
1.19164
0.82536
-1.91668
1.8123
-1.0032
-0.7086
-3.43529
1.7462
0.43513
-0.9978
-3.10065
0.03557
-0.60477
0.84178
-2.5755
1.52039
-0.35259
-1.99715
-1.84074
-0.62151
-0.40111
1.38444
-1.40243
-1.1246
-0.1996
0.3608
-0.7263
-2.1354
-1.54457
2.36186
1.1843
-0.29845
2.78529
2.4627
-2.76342
2.21432
2.3406
2.80301
0.11707
0.8283
-5.6206
0.44086
1.42982
1.61154
-5.30226
-1.5435
4.29809
-1.85389
3.8219
-1.2407
10.9192
-3.7587
0.7217
-1.36649
-2.0408
0.88545
-1.40173
-0.2172
0.1078
-3.1304
5.338
-1.2844
-0.302
-0.1346
-0.3461
-0.8686
0.7903
0.9254
4.1526
3.5571
0.3282
0.6228
-1.5343
-1.5252
0.2978
1.3786
-4.9472
-0.0411
0.615
-0.8079
-1.7026
0.5018
-0.0889
0.7032
3.2142
0.4896
0.0201
-4.5171
1.0405
-1.781
-0.3458
-1.4621
-0.5299
-1.0664
-1.2773
1.9943
1.0429
0.0058
-1.465
-0.492
-1.7319
0.8896
-1.2373
2.883
-0.0592
4.2713
-0.0091
1.0382
0.1814
0.3394
-0.2405
-2.6726
0.06664
-0.01704
-1.06595
0.40125
-0.6938
0.1974
1.37939
-1.72141
0.00218
1.0778
0.67579
0.48112
-1.0306
0.3831
-1.7129
3.59428
-0.74249
-0.97659
-1.1237
-0.4989
3.1409
0.721
4.2462
-0.4238
-1.057
3.0006
-1.1607
5.61
0.4306
2.2626
2.4957
-0.4859
1.7245
0.9108
-0.5485
0.6199
-11.1975
0.541
0.885
-1.6468
2.7542
-3.117
-0.5368
-5.2582
-2.8209
-1.5086
0.579
2.227
0.5901
-3.5819
-3.7115
7.0318
0.4755
-4.5881
-4.0413
-4.5133
2.9965
-2.0513
0.06706
1.1098
2.3183
-1.7499
4.08776
-1.9961
-2.99311
-0.63474
0.49053
-1.79477
1.4865
-0.0293
1.032
2.1799
3.7078
-2.827
-0.4493
-2.30719
2.20975
1.0717
3.8145
-1.42735
-0.52
2.59281
0.95786
-1.974067
4.496
2.539105
-1.075899
1.1739
-5.7504
-1.616696
2.407024
2.0841
0.755841
-1.537021
-2.218
0.069463
-0.56301
3.2146
3.7591
-0.4487
0.382474
0.726835
1.1403
2.391272
0.254861
-0.568193
-1.072477
-0.136
1.258313
-0.596418
1.689546
0.9529
-1.574638
-0.534191
0.424618
1.524032
-0.2964
-0.898832
0.204346
-1.4331
1.4785
-2.558184
-1.574336
2.099299
-7.486945
-0.2868
-5.09413
-3.0756
-3.438042
4.3814
4.2217
7.981242
-0.1561
5.784364
0.20908
-8.1725
-2.5148
2.545098
2.945593
-0.753242
-0.8944
-3.710906
-2.661564
1.604157
1.066949
2.3511
0.115
-1.1912
0.150971
-2.2702
2.6019
0.149359
3.381614
-1.2055
0.0211
-0.741464
2.040699
2.1157
-2.8151
-2.2716
0.6167
-0.0849
1.2328
-1.8982
0.3104
2.0959
-1.896
1.567
-1.6918
0.3572
1.4705
1.2995
-1.2478
-10.323
-2.4882
2.2175
-1.8237
-1.142
0.8875
-1.6701
0.1689
0.3069
1.4873
-2.1006
-1.7561
1.416
4.627
-2.3158
-1.22098
-2.0956
2.6218
1.2268
1.837
1.39256
-3.1747
-0.27838
1.50094
1.3336
1.20892
1.0695
0.54765
0.4468
0.8631
1.89005
-2.45558
0.09851
1.53028
-0.8345
-0.30377
-0.27665
0.2932
0.1843
-6.3077
-6.45157
-9.81847
0.61038
-0.74501
-0.63763
2.4813
1.7077
1.12091
3.26864
2.05065
-7.01838
1.84604
0.97354
-1.55838
-1.38646
-3.19284
3.42661
0.0405
-0.5287
-2.3081
0.04731
1.732
2.2824
-1.5625
-2.2095
0.7432
-1.4712
-1.6094
0.8753
0.5915
-1.0369
-0.6674
0.233
16.617
-0.3623
-0.0459
2.7132
1.0634
2.2253
2.5803
-0.3293
0.2305
-1.528
NA
0.48484
-2.40513
NA
1.8319
0.4531
1.0739
0.8151
-2.11092
NA
NA
0.50468
-2.16488
-0.14825
2.0814
-3.1446
1.37691
0.4471
0.5991
-0.98107
0.50245
0.394
-0.77788
-1.0091
-3.28892
-1.2998
0.0246
-0.87526
1.00906
0.5743
1.9665
0.80364
-0.3114
-2.05016
-2.3945
-1.3249
-1.2615
-0.4945
-0.3127
0.6397
-0.9528
0.67
2.4574
-0.1878
-1.0035
0.7073
1.1469
3.4469
-2.8092
-0.488
-1.2152
0.01171
0.5642
-0.40516
2.33205
2.20984
0.0278
0.14947
-0.53954
-1.77451
-0.24096
-1.0061
0.9137
0.24386
0.03471
1.48496
-2.80582
-2.85405
-0.81704
-0.37582
0.69692
-0.0482
-0.3676
0.47275
0.4181
-0.26829
1.11803
3.01421
-1.92487
0.63986
-3.2631
-0.36813
1.60221
0.24332
1.2983
1.5212
1.97479
-1.98205
2.3831
-0.45422
6.9131
-1.36226
-0.5896
0.7544
0.365
1.35934
-1.89773
1.2294
-0.6933
-0.82884
-1.25525
0.01034
-1.64865
-0.35753
-1.8354
1.97284
-0.27232
-0.99263
1.86399
0.9805
-0.3356
-0.92039
2.12946
4.06578
-0.0456
-1.2876
-0.27432
-0.68777
-1.74291
-10.06155
10.79793
0.00136
1.6985
1.8966
-1.7125
-1.35549
-2.2258
10.4404
-0.7559
-2.6208
3.08901
0.19289
-1.3054
2.99318
0.34425
0.49493
-0.0685
2.291
2.6671
1.8015
1.5413
-1.38146
-11.24129
11.3411
-0.6886
1.32583
0.38952
0.01684
2.1375
2.3165
-1.1285
-0.1359
-0.7237
2.22082
2.4863
3.2531
-0.26979
-1.715
2.23395
-1.7661
5.63511
-1.29813
-1.4805
-1.4896
-1.3389
0.68699
1.4717
0.5801
-1.1749
-0.1764
-0.4094
1.74518
-5.363756
-1.5725
5.4567
1.82598
1.56084
1.0904
0.64144
1.0987
-0.32458
3.69965
0.95549
0.10799
-1.5572
-0.3797
-0.4843
1.0686
0.2515
-3.7431
-1.831
1.04008
-0.6416
0.48093
-0.5555
1.4757
0.9862
1.4447
0.6672
-3.2505
-0.66913
4.5306
-0.6074
0.0125
-0.017986
-0.3086
1.2947
-2.4857
0.8163
1.0658
-1.10823
1.7617
2.9099
0.8787
-2.9304
-0.2062
-0.2891
2.9686
0.6817
0.689
0.794
1.56328
1.2979
-0.55162
6.5881
-3.2278
-0.9937
-1.30968
-0.6271
0.33561
-0.4499
-1.0898
1.0761
-1.4481
0.181208
-1.509293
-3.05115
1.04365
-0.36917
-0.1527
-0.6449
-1.43142
-0.2082
-0.98406
-2.90711
-1.2458
1.8083
-0.4406
-0.7431
1.0944
5.1514
-0.26862
-1.0721
-2.11591
1.81707
1.2465
1.496965
0.2012
-5.52003
0.1586
-0.37718
-2.6345
0.53398
2.23338
-0.9142
1.1068
3.7733
-0.229
0.5498
-1.5819
-1.341456
-0.7925
-1.1487
0.42992
-1.3571
0.0387
-0.70639
-2.55262
-1.599896
-0.0568
13.2655
1.4593
0.3201
-1.134802
0.86708
0.02269
1.2809
4.301415
0.07192
-1.9819
-2.6238
0.2026
-1.5984
2.13984
-0.1168
0.833
0.4435
-0.8749
3.2155
0.4176
-0.5963
-4.6693
1.6967
-1.71297
-1.5835
-0.2785
2.7966
-0.0956
-0.7334
-0.5862
-0.0547
0.2424
-4.84848
2.27006
-0.14081
-1.0032
-2.37052
-0.62626
-0.6706
0.6328
-0.21518
0.8547
-0.1396
-1.625645
0.3605
0.3828
-2.4924
0.4416
1.2575
-2.1125
0.54784
-5.8682
-0.9725
1.9469
-0.7692
-0.78707
2.17
-0.27512
0.4772
-2.92678
0.34545
1.78713
-1.6552
3.1402
-1.72987
-0.06514
-3.36114
-2.5713
0.64137
2.27778
3.3313
-1.94726
1.4644
-0.958
-0.0686
1.2498
0.02943
-3.8801
0.2113
-1.314
-0.2758
0.38448
-0.07238
-3.5428
-5.37479
2.52038
-1.5416
0.7969
-0.02064
0.90433
0.1854
-0.0628
-0.99163
0.03798
0.12708
0.649901
0.44157
-5.389
-3.2776
-3.2776
1.483723
1.8639
-0.1032
-2.3471
-0.3992
4.2495
4.40258
-2.0981
-0.83228
-2.2619
0.94447
2.3116
1.0324
2.711
-0.8577
2.6781
0.5431
1.2276
-3.1213
3.67422
1.37511
3.257
-2.0635
-0.9158
7.8163
3.5562
3.413505
6.06443
0.134799
-0.7442
2.3203
-1.504047
-0.4913
2.8305
-3.0862
0.7087
1.13422
-0.9364
-1.7801
0.91462
-1.8239
0.326
-1.6621
-4.4384
-3.4391
1.5717
-0.6217
-0.6291
4.0555
NA
-2.8132
0.296339
1.068054
3.211666
0.963688
0.516805
0.09763
1.8669
1.29553
1.591455
1.8949
5.1589
3.05103
-13.2188
16.5077
0.7809
0.0888
0.053773
-3.8015
5.7914
-0.6282
-0.1827
-0.1077
0.6404
-1.8446
1.4981
0.3961
-0.878612
-0.262695
0.2621
1.2371
1.4086
-0.9917
-3.3686
-0.01382
3.0197
-0.2867
1.7667
-2.2528
1.54018
1.96435
3.24783
-2.6506
2.4756
-0.4416
0.27543
1.36932
-6.4937
0.2901
-0.2303
1.5346
0.3341
4.7622
2.9741
-0.3658
-0.2604
-2.0092
-2.5154
2.4289
-0.9397
0.1556
-2.3838
1.8987
-0.9659
2.5434
2.0851
0.1407
-0.0445
-1.2377
-0.81863
4.36798
0.79423
1.69048
2.59429
-2.67698
7.88469
4.239
-1.44929
-0.9048
1.5577
0.947621
5.1668
1.5376
0.4188
-1.4457
0.8742
-0.9237
-3.74512
1.834179
1.089
-0.0989
-2.1919
2.47028
0.0195
-3.49452
-1.232
2.1673
2.3024
-0.8545
0.0801
-0.3962
-4.8729
-1.4452
1.59856
-1.17835
3.265
0.77792
1.7358
-0.6177
-0.1063
-3.00696
-2.2321
-0.96219
-1.9232
5.256
-0.1801
-0.104
-4.8341
2.37731
-2.66006
1.84911
NA
NA
10.1733
2.03373
-2.8127
-0.9677
NA
1.20301
2.6372
1.60796
-1.61011
0.57739
2.94606
-3.1251
-1.8606
0.563
-1.3397
1.397821
-2.917549
-2.1812
-1.1382
-1.348076
1.795609
-0.937864
0.7882
-0.0855
0.283076
3.6543
-1.3392
0.7655
0.76989
-0.595851
1.857233
0.202736
1.939713
2.345434
1.600149
0.693219
2.776541
2.326526
-2.7475
0.3586
-0.721802
-0.877375
-0.867827
2.369748
-0.341236
-1.9279
1.64326
-0.907
-1.0331
-0.9528
-0.315151
-2.8229
1.042895
-0.1729
0.687997
1.059787
-0.4009
-2.041393
0.3646
1.777158
1.3384
-0.0888
1.646309
-3.723801
-3.7711
3.088698
0.9927
-3.2053
2.5638
-1.225
-2.5519
2.8909
-0.6337
-1.4495
1.0538
-0.4838
-0.2106
0.986
0.3671
0.9489
-3.1068
2.49265
3.100595
3.016588
0.29653
-1.001272
-0.2329
1.3582
-2.2368
-1.8633
-1.1514
0.0389
-1.1237
0.2521
1.78707
-3.00704
-0.71684
-1.533857
-1.388074
0.099
-0.3219
1.5254
-2.60029
0.176084
1.47611
-1.0093
0.325854
1.630314
-1.0854
-0.3176
0.1889
-0.54697
0.888385
-1.74789
0.4331
-1.582353
-3.136847
0.58883
-4.4723
2.206
-0.35723
1.58531
-0.00425
1.46
-0.36034
2.19938
1.95634
-0.31913
-0.723
-1.16527
1.93763
-1.10485
-0.38191
0.2339
-1.74485
0.32391
3.3907
-2.0057
-3.019
1.1391
1.0909
-0.3012
-2.8006
-1.46983
-1.83102
2.49297
1.26446
-0.785761
-0.026485
12.75505
1.5487
0.7674
2.0114
6.26475
-6.27308
-4.48633
4.12137
1.01841
2.19547
0.13421
5.21667
-1.80285
3.6172
-0.6725
-0.080489
1.0752
0.5357
2.50347
-1.26421
-1.9021
0.6698
0.6095
5.0392
1.12228
-1.2862
5.52921
-9.9581
-7.7316
8.9689
0.1263
2.99389
-3.4594
2.4788
-2.828
1.32619
-0.5675
-0.00453
-2.4733
-3.0891
-1.8033
1.2389
-7.384
-1.6871
-0.7059
0.2311
0.2
0.5961
0.4457
-0.0387
0.1098
-0.7515
-0.3019
-0.933
-0.0142
1.46862
-0.4958
-4.3157
-1.7497
2.688
0.81295
0.925
NA
-1.0506
-4.8794
-0.29397
-0.3861
-0.1407
-0.784
-0.4162
-0.4434
-4.6263
-0.2324
0.533
-0.2541
1.7363
0.8773
-0.3424
-1.4628
-0.2556
-1.4738
0.9216
0.2474
-2.78167
1.44759
-0.9041
-1.6031
0.40884
-3.6398
-1.8223
-0.31997
1.6349
-0.1497
-0.6984
1.9928
-2.1836
-5.0439
-0.9185
-0.1676
0.86391
1.89024
-0.04668
0.92284
1.161
-4.46299
-0.7303
1.05036
0.1325
-0.42035
-0.8523
1.27899
-2.90445
-0.2677
-0.84771
-1.7602
-1.091
1.3741
-0.94247
0.3678
-0.12832
1.2902
0.1055
-2.0963
0.36686
-2.57042
0.4084
2.00099
3.71792
1.80469
-3.42887
0.1664
-1.59665
0.413
-2.2006
-0.15192
-1.2727
-0.86961
-0.57091
-0.1991
0.2008
0.459
-5.8388
1.64357
-1.9029
2.0495
1.1303
-0.31195
0.0558
1.8242
-0.56685
1.91084
1.01725
-6.1029
1.6161
4.4619
-2.1427
0.89432
0.7566
-0.15466
0.0385
0.42913
0.97685
-5.746
2.4811
1.66303
-0.2952
2.078
1.51257
0.3689
3.0062
0.0128
0.8072
-1.4901
0.02922
-1.4372
1.2649
0.26703
1.2172
-0.6102
-0.2911
1.65052
0.7242
0.29952
-4.2259
0.2064
-3.1708
-5.82
-0.796
3.8418
-2.1058
0.5345
0.1685
0.5656
-3.6037
2.2893
0.22867
0.4089
1.89443
-1.98307
0.16755
-1.2548
0.7168
-2.3966
-0.5619
-0.69238
0.42235
0.31988
0.9449
-2.83655
-0.3899
0.07667
3.1401
-1.383
-1.1214
-0.2247
1.0335
-1.9238
-2.47097
-1.706
1.29201
0.9708
2.77012
1.46934
0.9453
0.4541
3.072
-0.5809
0.82839
2.11685
-2.6693
-0.0576
-4.5198
-1.99416
-0.39791
2.99102
0.076
0.8584
1.6958
2.2062
0.7237
0.5729
-5.7221
0.15996
0.30803
-0.6278
0.48147
0.6802
-2.7335
-2.01824
-4.0213
-1.2992
-0.9444
-0.9476
-8.8175
0.3428
2.2039
-0.63455
-2.35217
0.82153
-2.10605
-2.9648
0.3792
-0.3707
3.6288
-1.46
1.2259
-1.0571
-0.04263
-1.92947
-1.7147
-2.32262
-0.45598
0.797
3.85358
-1.71639
-0.95197
-1.4991
3.937
1.12925
1.7614
-0.9316
-2.48986
0.35988
-2.31397
1.1945
-1.54985
1.3581
0.46768
2.2814
-2.31825
0.52134
1.3252
0.52451
-1.33985
-1.24969
-0.11527
1.5439
0.4883
-0.26733
-1.1592
-1.0059
-0.6773
2.85606
1.35368
0.2711
1.04812
1.50258
1.4881
-2.023
-1.71341
-1.80271
-0.4898
1.1657
1.2731
0.2764
0.8839
0.6301
-0.7515
-3.2932
0.0176
-4.3748
0.2194
1.07484
-1.5731
0.837
1.5126
0.7199
-3.2095
1.94574
-2.6835
0.31874
0.94298
3.1448
0.64621
2.68764
-0.4716
0.78006
0.85777
-4.7068
-0.9406
1.2335
-2.1376
1.445106
-1.25049
1.4308
2.88649
-0.0373
4.8326
0.66692
-0.661449
1.0803
-0.5906
-2.048
1.07412
1.03913
0.0289
-0.366
2.47586
-11.782
-3.7602
NA
4.309
0.4092
NA
1.77648
1.5412
0.0555
-2.2669
-0.3055
-1.74295
-0.417442
0.25732
-0.22148
0.87506
2.7935
1.1096
0.022
-1.547303
6.8263
-1.22569
-1.3385
-0.7126
0.04174
-0.2724
1.522337
-2.21739
-0.2966
0.4473
3.5784
2.3656
2.3547
-0.62678
1.72258
0.6136
-0.783
-1.3363
4.1027
1.4398
-1.08973
3.31362
-0.1586
-1.5655
-0.36061
-0.19079
-0.46594
0.696
0.14557
2.2736
-1.017709
-9.4463
6.4165
-2.8365
-2.3333
2.85728
-1.2498
0.0592
-1.6498
0.518
-0.11265
-0.37982
-0.0604
0.6642
-1.65766
-1.8582
2.6293
2.129
-8.6703
0.966196
1.3984
-2.7734
0.667
-0.1678
-6.3636
0.0835
-2.6476
-0.3185
-0.2134
-0.3583
-1.4301
-0.63266
-1.9668
0.6541
1.674
2.39
2.02963
-0.4281
0.6026
-1.6399
2.4443
1.1404
-0.406215
8.53943
-0.83346
-0.0604
-0.99241
0.7398
-0.68587
-1.9905
-2.3257
-2.7261
-1.5648
0.8148
2.9275
0.2207
0.20723
2.0773
-0.6422
0.49552
0.00803
-2.4903
-2.9485
-0.2495
-2.67804
0.41009
5.4186
0.4808
-2.12264
-0.231
1.27596
-1.2136
2.06096
-1.58486
0.0099
-0.2266
1.9595
2.9487
-0.3093
0.435
-2.9119
1.1107
3.1273
1.0195
0.5099
2.80273
1.7574
0.6899
2.63087
3.6848
0.4136
1.9132
-2.032
0.48512
0.6248
-0.75586
0.45855
4.49182
-0.5268
0.8061
-0.71675
1.65763
3.83705
-0.67227
1.1426
2.6019
-0.611
1.80083
2.04839
-1.6969
2.36557
-0.2006
-0.00804
-2.0529
-0.2357
2.57041
0.8875
-0.73262
0.7308
2.13541
-1.1876
1.12943
0.1096
2.1517
1.10434
1.6114
-0.6055
-0.9818
0.31157
1.4057
0.508076
-1.347395
0.0931
1.4442
-0.3723
-1.74239
1.15786
0.5264
-1.38661
-2.2698
3.1516
-4.6091
2.542
-1.3573
2.9883
1.1824
-0.4811
-2.205393
3.039665
-5.84581
-2.0726
-2.1328
-1.169964
0.177
0.6163
-2.381539
-1.3669
0.9161
-0.02429
-2.1233
0.3863
-0.0125
-2.4842
-0.8013
-3.2116
1.1692
-3.0092
-0.0832
-1.3845
1.4311
-0.5633
3.0322
-0.3217
-1.00891
0.9794
6.3971
NA
1.0092
4.65912
-0.6289
-1.55766
0.8107
-0.5242
-0.6928
-0.4108
4.46692
1.256055
0.10732
0.3626
2.14622
-1.7923
-0.7198
-1.24295
-1.28362
0.02466
10.5786
8.4902
3.1463
0.0557
2.6385
1.16205
-0.58035
-2.3602
2.16277
0.87385
-1.76709
-7.91486
1.4149
3.86124
-0.80431
-1.036
-2.545
-8.80127
0.5553
0.67884
6.2625
-1.35852
-1.5874
-3.2269
2.89024
-1.8268
-2.77225
1.7844
-4.2603
1.08595
3.3032
31.8911
-0.30371
1.11295
-1.39108
4.10896
0.6796
-0.9383
-1.9898
-1.68222
-0.957304
-0.1186
0.79487
-2.4131
0.4834
-1.18383
1.20368
-8.5194
-1.166231
-1.38618
-7.07427
1.590263
-0.1884
-5.08171
-3.1789
0.4896
1.08762
-0.9437
-0.6565
-0.0181
1.60996
2.6614
2.57691
-1.8948
-1.485819
-5.0667
1.41419
0.28676
-2.889
1.6961
1.93484
-1.2721
-0.633
-1.11927
-1.323
1.4206
2.17321
-0.4269
0.6719
-7.4449
1.89746
-2.855407
-0.972
0.0471
5.83004
1.2866
-2.9659
-1.07981
0.3952
-0.91723
-2.0325
-1.0958
1.6501
-0.8999
2.8493
1.71495
-1.01364
-0.1437
-1.4103
17.3576
0.588838
3.1404
1.4791
1.27689
-1.169697
1.4524
-1.05137
-0.60272
1.7433
-1.6704
0.12716
-1.63263
3.7146
-2.1485
2.3826
-1.0796
2.37489
-3.70784
0.37855
1.24261
0.31555
0.146
0.1379
-0.9244
-2.6355
0.5788
-0.0763
0.1382
-2.7404
2.10271
9.01466
1.51701
2.8389
1.8699
-1.5524
1.6349
-0.16798
-1.1044
1.3408
0.28961
0.9732
-2.6864
0.1494
12.2606
2.3558
0.60776
-1.7573
3.0083
-2.29469
-0.7162
-0.4888
2.4521
-0.95916
0.7471
1.49215
6.91069
-3.28896
-0.00375
-0.27775
4.43848
1.1168
-0.7241
1.55317
3.4992
-0.31915
-4.9405
5.4489
4.5943
-1.0026
-2.04662
3.5504
-0.2855
-2.01336
1.3673
-3.696
1.503
-1.6998
-2.318447
-2.2836
1.0118
-0.4317
-4.4509
-0.2007
2.05231
3.51243
3.5543
-0.8532
0.98447
0.9153
-3.7384
2.57481
0.26769
-9.468
1.05728
-0.5557
-2.4216
-2.35816
3.4023
-1.02406
1.4568
-0.9707
2.3372
1.7648
-1.40958
1.46366
-1.26663
0.23136
3.6616
-3.17288
-0.3886
-0.4201
-4.5366
0.90636
3.9166
-0.4832
-2.31029
-0.5412
-0.0652
-0.9711
2.0714
4.2545
-0.9951
-0.1096
1.4163
-0.0281
2.8635
NA
-0.19716
-2.0346
1.49433
0.231
-3
-2.05638
-0.3153
-2.80214
4.9596
0.0779
-1.1135
0.9789
-1.6205
-2.26216
-1.0535
0.1634
0.033555
-1.3218
-0.587
0.5048
2.3549
-1.2212
1.6337
0.5741
-0.649
1.4895
-1.2028
-6.3456
-2.9655
0.8046
-1.39389
2.772993
-6.64888
-2.7828
1.178
-1.1153
-1.12657
3.1727
-4.19497
-0.5227
1.6574
-0.74446
-0.703
-4.3679
-1.64108
-0.1034
-0.5049
-0.485
0.5677
-0.21327
0.9239
-0.33954
-1.83487
1.83006
-0.47973
-10.0499
1.03545
-0.71278
-0.9791
-0.0201
-9.9847
0.68054
1.4403
-1.9723
-2.6524
-2.6408
-1.4372
0.30407
9.53668
1.4736
0.01818
-2.3914
-0.9487
3.0996
0.0967
1.7862
3.30773
1.852
-9.9847
-4.1815
-1.6972
0.2761
-0.9249
1.514
-0.3286
1.4004
2.0036
2.7249
1.6209
0.23179
2.69171
1.53167
0.8041
1.2712
-3.2136
2.5031
-0.235
-1.31334
2.3883
-2.42942
-5.1459
-1.8965
-0.1698
-0.66723
0.5973
NA
3.2242
0.3065
-0.9197
-0.5899
-0.0881
-0.3083
-1.4987
-0.90319
1.6912
0.4246
-1.665259
-3.50514
1.00538
-1.0102
-3.8406
0.79144
-3.371
-0.51114
1.3595
-1.6049
-1.5868
-4.1601
-2.7778
0.34914
-0.2527
-1.5458
1.44324
0.17208
-0.226
1.186
-1.155235
0.5157
-0.4141
-0.05279
0.3605
2.48879
-2.1888
-1.4866
8.92223
-0.13057
-2.8048
0.74065
-1.60665
NA
-3.76918
-0.6067
-0.2664
1.708
-0.44277
-0.03025
-0.41193
1.54569
-0.17715
0.3005
-0.1018
0.89702
-1.1941
-14.2033
-1.5957
-2.05515
-11.0977
-0.5081
-0.86
0.394
2.73563
0.7113
-0.0215
-3.2559
0.479
1.2347
NA
-1.4352
0.2499
-3.5811
3.2311
NA
0.41856
-0.3542
-0.4246
2.6449
1.39836
-1.0552
0.9862
0.6691
-0.1982
-1.74904
-1.4061
0.2207
1.884108
-0.9259
-0.88969
-5.4011
1.39197
2.6724
-0.69176
1.7926
-1.72866
2.35639
1.25458
-0.40208
0.2623
5.09474
0.4907
0.7651
0.996848
2.652
-1.04594
-0.098905
0.56926
1.39277
-0.60821
-5.8735
-0.7498
-0.4757
0.0776
-1.5617
0.587
-0.173
-0.50837
-3.0911
-1.40266
-2.4327
-0.22004
-1.2749
1.2917
-1.224
-1.38108
-1.3734
1.09663
0.1942
11.2618
-0.3568
0.31366
-0.3987
-0.99306
-0.5143
3.4525
-0.67622
-1.8466
2.8216
-1.52641
1.7578
1.5618
0.00113
-0.2311
3.6611
-0.3301
0.70178
-1.2956
0.20414
0.8504
2.2522
1.80224
0.1143
-1.477
1.3049
4.9046
0.10363
-0.65872
0.5409
-0.08162
-0.0679
-3.4264
-0.9463
-0.7371
-1.3549
0.9284
0.23196
2.9399
1.75412
3.1987
0.6238
0.5354
-1.4591
-5.37012
-0.57468
7.3905
-2.0879
-2.2477
-2.08531
3.07034
-0.7157
-3.06497
-0.479978
-2.2854
-1.60536
-2.6439
-1.2356
-0.287
0.7117
-3.1108
-0.733
-2.2832
-0.3662
-6.2696
0.413
2.0762
0.74968
0.4651
-1.78876
-0.1212
-0.2946
-3.1815
-0.6068
2.6214
1.1445
1.3817
3.37044
1.7186
0.37309
4.3536
-0.909562
-2.44626
-0.7485
2.5958
0.5496
2.3563
1.5687
1.71523
2.3504
2.77822
-0.0627
-0.8566
2.63967
-1.1095
-1.1635
-5.826
0.21426
2.3995
-1.4672
-2.2633
2.2418
1.1478
-1.476177
0.3305
3.4456
0.7149
2.8442
-5.0282
1.7878
-3.18718
0.8132
0.42945
2.005
-0.9886
-2.3463
-1.7611
-2.21617
-0.25983
-2.3517
2.24054
2.09679
1.5517
1.48641
-3.7915
1.3448
0.7201
0.9669
1.1409
-1.0585
0.08897
-0.01735
-2.5081
-3.05879
-0.4311
0.35683
1.5039
2.0265
-2.5716
4.5651
1.215
-1.0102
1.884
-1.9229
-0.2109
0.7151
0.1371
-1.0676
1.0976
4.51232
-5.0009
3.63535
0.4583
-1.0618
-8.42601
1.25603
-3.0438
0.6254
0.0645
0.7355
0.0434
-1.7493
-0.63026
1.6148
-1.0635
0.4553
2.1465
1.1505
1.894
1.2737
0.610113
4.49
-1.3814
-0.1969
-0.83204
-0.554
-0.769473
-0.1017
-0.3557
-0.1872
-1.5202
-0.2428
-1.1866
-4.5458
0.28757
-1.0897
-0.3449
0.4962
-0.14126
-1.65217
-1.0983
0.44
1.3998
1.4086
-9.83245
2.4148
-6.2852
1.1487
0.172544
3.8759
-0.4457
0.14706
0.6373
0.6598
7.51335
1.5701
1.1093
0.60326
-1.3975
2.78997
0.2895
-0.3553
2.2101
1.7715
-1.0545
-0.7198
-2.46766
-2.3439
-0.1188
-0.6125
-0.99083
-0.7814
0.25181
-0.28906
2.1823
1.60851
-1.159297
3.165795
0.1078
0.619232
-0.6165
1.2135
0.7443
0.6602
NA
0.3146
2.123
-1.9404
-1.106229
-0.3314
1.1764
-1.0279
0.80265
-0.2158
3.5875
-0.9363
0.4907
0.3994
-1.9657
-1.427712
-2.0533
0.738
-0.54886
1.07942
-3.196127
-2.6133
-2.1422
0.7879
-0.69563
8.1375
1.42645
7.0553
2.0528
-1.3848
-1.617321
0.9458
0.2297
0.97
0.69727
-1.4407
-5.07813
0.6499
-0.9642
-0.65265
1.7438
2.60949
3.13193
-0.84143
1.6686
2.2094
1.0584
-2.2552
-4.20163
0.36445
-0.376918
0.03093
1.522012
1.344
1.1368
-0.627818
1.8057
-2.0981
0.201457
5.2
-2.17689
0.5597
1.47023
1.5294
-0.2573
-0.67252
-3.60123
0.03408
0.35081
-4.0987
-1.41197
0.444383
-1.2551
-0.37266
1.08778
-2.218
-0.64335
-0.1118
0.0818
NA
0.184
-1.5593
-0.4569
-1.118868
-0.9905
-2.7198
1.0728
0.984832
0.69268
1.62032
-2.1918
-1.726
-0.37218
1.2899
-0.63961
0.43972
-1.0112
3.17863
-2.0411
1.63389
1.4709
-0.9763
-2.16238
1.6922
-1.97554
3.5683
0.4319
-1.8444
0.97459
-1.0381
-3.0224
4.5651
-0.2236
-1.79819
1.18967
0.1772
-0.9698
0.92316
0.711
-0.245375
-0.1437
-1.6559
-1.0861
1.2256
-0.8322
4.14682
0.3721
-0.73426
-0.2239
2.4914
0.7951
-4.32008
-4.7222
-4.8366
1.86371
-0.51629
-1.0687
1.8155
-2.5655
2.1909
0.9286
-2.9613
-2.2081
0.04904
-2.4996
1.723
-1.04796
0.963816
-2.52821
1.9968
-1.0107
-3.0224
-0.6495
2.2386
NA
-0.3138
4.3481
-0.170539
-2.8011
-0.547
-1.77341
-0.2112
-0.74928
-0.0548
-0.3763
NA
-0.574
0.7723
-1.9609
-0.35057
-1.4633
-0.1194
0.3161
1.1212
0.585968
-1.00206
-1.3873
-1.1898
0.6105
-0.72088
-4.50368
-2.2459
1.0113
1.93136
0.5476
-1.1517
1.078
0.7649
-1.9511
-1.612
0.6401
0.2624
-0.02759
4.2096
1.4262
1.40267
2.3796
-0.15249
-4.7414
-1.67749
1.1381
1.75656
-2.3492
1.4964
1.97
0.36424
1.1524
0.3996
0.8
0.97653
7.25865
1.5727
2.5807
-1.05685
-0.4068
1.80124
-2.1526
-0.905
-0.02363
-2.2717
1.28087
-0.63079
3.0494
0.0273
-2.35323
0.6778
0.6606
1.61655
0.1357
-1.43486
NA
-2.0462
1.2185
1.19122
-0.25
-2.11442
0.2898
0.891
-3.73298
0.1008
-0.47281
-1.4262
0.55859
-0.28812
-0.0337
-4.3256
-2.10396
0.466
-2.32063
-0.68493
0.1917
-0.5246
-0.51647
0.92227
-1.7723
1.4397
NA
-0.0836
0.7305
1.57991
1.26753
-1.04921
4.78067
-1.082
2.162597
-1.60516
-1.2928
1.649
1.1561
-2.7428
-2.7027
1.0709
1.534605
4.8373
0.77852
-2.88238
1.68646
NA
-0.05315
0.28183
-1.6715
2.03929
0.24024
-2.178
-14.6397
0.9741
-25.3117
-0.4037
-0.9562
-0.9291
-2.9234
-1.4106
1.83416
-13.9958
2.0395
2.3241
-1.7347
1.70888
-2.8447
2.452428
-3.17559
1.44051
-2.2693
2.29393
-1.5421
2.25896
4.6455
-3.28157
4.9693
8.3045
-9.01993
-1.6868
0.09659
-1.34078
2.89003
-0.046855
-1.49807
-3.8131
-1.2116
0.9954
0.4239
-0.21378
0.3155
0.479
0.05063
-0.01892
0.28836
-0.7756
NA
-3.6889
0.4431
-0.66552
0.24464
1.9672
-0.89675
0.80454
-0.077
-1.291
1.3961
-2.7879
2.5445
1.8066
-3.24621
0.51366
-1.2982
-3.0138
0.5192
-0.0519
-0.48372
-1.06567
-2.53648
0.2078
-1.2206
-2.052
1.840695
-2.772125
-0.48492
-0.71065
1.7736
-1.2077
-0.67449
1.4116
0.75308
0.0084
-2.5342
7.89692
-1.5655
1.0981
-0.2912
-1.87543
0.1399
-11.53852
1.8358
0.8577
-4.7503
1.8251
1.0983
-0.479
2.88093
0.41767
-2.67725
2.5991
-4.784218
0.186508
4.4302
0.16236
NA
1.7097
1.4983
-2.2207
-1.331
0.6086
-1.4936
2.3138
NA
-0.0861
0.10168
1.7558
-0.59104
-1.83799
3.21832
1.4902
-0.30946
-0.5124
2.459
2.8088
2.532033
-4.0081
-0.1566
0.2894
0.2654
-1.865444
-1.3788
-1.0008
2.5092
-0.8644
1.559903
0.88528
0.664
-0.70039
1.7448
1.2852
1.1677
1.1713
0.5308
0.1864
-2.0832
1.912
-0.1126
3.0904
-1.3934
2.4833
-1.0714
-0.572863
0.0031
1.01235
0.96116
1.904
0.9332
NA
2.17232
0.03901
-0.55163
3.7625
-0.0465
-1.14105
-0.47904
0.4424
0.895974
-0.248284
-0.753984
0.6331
-0.802633
-1.2834
-1.409429
1.5466
0.41085
1.366285
0.77036
0.46535
0.6754
0.3153
-0.0398
-0.58908
1.64497
0.25938
-2.50824
0.3762
2.6124
3.6597
-1.0242
-0.2266
-0.251131
5.26171
1.167
0.9942
-0.9237
3.7422
3.53956
-0.36347
-0.17339
-1.41195
1.32696
0.75292
-1.1205
-1.9763
2.0906
NA
1.0983
NA
NA
-1.14457
NA
NA
NA
2.0205
-0.0302
NA
NA
NA
NA
NA
2.30952
NA
NA
NA
NA
NA
NA
NA
NA
NA
1.7151
NA
NA
NA
NA
-0.7175
NA
NA
-2.9453
0.8762
NA
2.47693
NA
NA
NA
NA
-3.3249
NA
NA
-11.783
NA
NA
-0.7028
0.134
NA
-0.62672
-1.4108
NA
-0.9021
4.3094
2.09653
1.8389
2.9352
0.4609
3.02086
-2.50301
1.2213
7.0931
4.5775
1.15909
1.6597
-0.1959
-0.7468
0.9983
-0.81209
0.558
-2.8351
-0.9215
0.8365
0.01894
1.3227
0.26691
0.5258
0.50386
-2.9774
-0.49085
-1.25777
0.6907
-0.74148
0.5148
-0.2535
-0.6793
-3.5216
-3.81125
-3.4165
-2.0575
-0.2482
0.1679
2.36141
0.2018
0.1546
2.875
1.1019
2.9099
-3.4852
-1.2363
-0.5306
-0.3926
1.875
0.1965
-0.1171
0.3874
-1.57
-0.3762
NA
NA
NA
NA
-0.07029
0.78895
0.9022
-0.78918
1.0594
-0.24408
-2.43649
-0.5688
0.3796
-0.8188
-0.1414
0.1029
-1.3843
-0.10253
0.4889
5.27693
-0.6372
1.19968
2.4648
4.824714
-0.57006
-1.426063
0.9266
3.877
2.3551
1.47445
-1.15532
-0.4457
-5.096
0.7032
-5.1673
-0.2625
-1.49908
-0.0471
-0.172463
1.3433
-3.7542
1.5982
-1.33486
-2.3648
-0.996597
2.0942
-0.32
-2.9351
2.6082
0.0681
-2.41453
-9.2043
NA
1.8293
0.4743
NA
-1.2905
1.34524
NA
NA
-2.75315
0.73225
0.91911
-0.5074
0.1131
-1.2754
0.9722
-0.63343
4.2495
6.4131
-2.155
-1.2034
-2.6285
-5.14966
-2.17056
-3.1496
-0.3691
-1.0623
-1.005
-1.86572
0.93725
2.685
1.417
-1.22965
2.6905
1.20264
0.6601
0.5881
-0.26403
3.897
-0.04884
3.4354
-0.6077
-0.47557
-0.9017
-11.4671
1.7698
11.783
1.83725
2.3968
-0.0584
-0.90044
-0.51956
-1.7751
-1.1339
0.33496
-1.1152
-1.07626
-0.3278
-1.4766
-1.6566
0.1154
-1.7921
NA
-1.2136
0.5453
0.5558
-2.722
1.71737
-1.14114
0.99563
0.7468
0.76808
-0.4276
-0.6749
0.84293
-1.0773
-1.2792
4.553
0.479
0.4419
0.4153
-3.0253
0.929
0.8871
1.4116
-3.2009
-1.3927
0.6674
2.3814
-1.629225
-1.7705
0.020365
-0.6322
-1.758489
-1.357658
-1.630442
-1.37768
NA
2.79289
1.8435
0.9088
1.18052
2.32541
-1.8322
1.23469
0.4454
0.32112
-0.3887
2.41796
-0.80324
0.255782
-3.7148
0.7287
NA
0.0132
-2.119277
-0.7461
-2.72474
-0.48394
-1.53719
-0.1084
-1.40751
-2.1637
-2.9817
0.85174
0.3762
4.4938
1.07408
0.2451
2.427
0.10074
-0.705
2.0411
-0.48785
-1.1438
-0.65229
2.4734
1.0392
-1.07
-0.0063
0.6337
2.4766
0.0385
-1.1572
-1.112423
-12.3363
-0.1829
-1.09788
0.0882
-0.71597
1.1811
1.562
0.65877
-0.389468
NA
-0.4787
-1.3474
0.43373
-0.6423
0.6237
1.75032
-1.1104
-1.2854
-0.036
1.8838
-9.321666
-2.41907
-1.6577
-3.7075
NA
0.6464
-2.6358
0.1954
-1.1805
-1.685
0.1379
-0.6843
0.1892
0.5906
1.796576
4.36093
0.5463
1.2285
-0.5038
0.1295
1.7904
NA
3.09681
-0.8112
1.8969
-0.3917
1.5575
3.14238
0.5709
-2.49492
0.4953
-0.657493
NA
-0.42793
1.657649
1.4102
1.2745
0.1927
-3.0005
1.3141
0.7887
-1.52005
1.8107
NA
NA
0.3968
-2.2993
1.875
1.4151
-0.6037
0.801794
-1.3134
-2.32153
0.561
-2.228103
-0.6493
3.0033
0.1008
-0.8555
-1.1175
2.41604
1.6842
0.3191
-3.2053
1.5956
1.0704
1.6897
0.4601
-7.29624
-0.0806
-1.0566
0.31297
-0.447306
-0.62
-2.2856
0.9939
0.5784
0.82006
1.9765
0.987
NA
0.1939
-0.1273
-1.0805
-0.9888
-1.4037
-0.828
-2.3027
-1.810665
1.488482
-0.5724
2.6168
-1.565609
1.49299
-2.5066
-0.89538
-2.0414
4.9378
0.00466
1.3746
-0.1459
NA
-0.6255
0.0137
0.6253
0.72101
-1.0209
-1.6255
-1.7638
1.08339
1.91514
-0.9831
-0.8112
-0.85609
1.8451
-6.65864
-1.0341
-1.6313
-1.1931
-0.5877
-0.8973
3.0662
-3.8968
0.46549
-2.0513
1.4314
-4.3073
0.999
-0.3804
-2.282
3.940276
0.6832
-1.05612
-0.9161
1.4187
1.748057
-0.7432
NA
-0.2616
-1.3734
-0.2917
1.9459
0.183615
-1.4567
-0.7869
NA
-0.1141
0.21155
1.8904
2.1037
-1.3182
1.9207
-2.14308
0.418047
0.0894
0.49938
-1.8009
1.38103
-1.549297
1.9395
-1.217
-0.239266
-0.71549
-2.01322
-0.0474
0.164109
-0.3669
-0.7296
1.5668
NA
1.2526
0.6459
-0.822
-0.412205
-0.75901
0.1006
NA
1.488725
-4.453728
2.0836
-0.994441
-0.94821
NA
-0.360807
-0.91751
3.46217
-1.5039
0.06263
0.5482
1.02109
-0.0132
0.3267
3.455528
1.9123
1.72244
0.6351
-1.0567
-0.23214
0.686917
-0.34636
-0.7545
2.90776
1.572744
0.0405
-0.5633
-1.2313
-0.0099
-0.847
3.9895
1.1816
-0.6076
-0.30089
2.1322
-2.4107
NA
-0.72919
-0.6289
-0.630771
-0.3606
1.3054
-0.4556
0.0681
NA
0.86819
3.4391
-4.2785
-0.9073
1.2646
-1.64753
-1.7674
-7.7256
NA
1.1407
2.7189
0.309
-1.50042
0.812986
-2.2046
1.411096
0.74849
0.11794
-1.11251
-1.3283
0.5557
0.8094
1.81281
1.46614
-7.58878
0.27629
1.8387
-1.8068
0.5374
-0.8048
2.004
2.3754
-0.7906
-1.2835
2.9352
-2.3283
3.21976
NA
-0.134245
0.019
1.329
NA
-1.6943
-0.11695
-6.2522
-0.034
-0.6621
1.0928
-3.9869
NA
-0.8952
-0.5074
0.09732
0.17602
-0.5819
-1.3282
NA
-3.68311
-1.9503
13.80481
-1.4668
1.020422
1.9129
2.5881
1.90258
1.0826
-3.30584
1.013658
1.3955
0.4281
NA
0.8582
-0.1836
NA
-0.282734
-1.2328
0.6277
-0.378442
1.7723
1.4014
2.45824
0.4174
1.5418
0.91632
0.355
-1.11149
NA
2.67594
-4.4174
NA
0.4601
0.0733
-0.23642
0.3702
NA
1.71478
-0.2757
2.91352
0.2503
1.80801
1.6549
0.3574
0.31435
-1.3681
1.44924
2.3754
1.6117
NA
3.324
-2.1299
2.136
-0.54802
-1.2577
3.3019
-2.4166
-1.7647
-1.3026
-0.1262
0.1738
17.4018
0.0476
0.9225
-0.2557
-0.7748
-9.2786
-0.89199
2.1232
-0.1454
1.67644
0.0332
-0.044079
0.77974
2.1908
2.5703
-2.2081
6.08922
-0.9823
-0.3621
4.051
-0.000296
3.411964
2.2546
-1.1678
0.9582
-3.057
-1.0102
1.77336
-1.916807
-1.04118
-0.0621
-2.17966
-1.6358
5.7942
0.02433
0.43895
0.1231
-0.2498
NA
-0.79484
0.8982
-1.5536
-0.0915
0.2457
1.1964
-3.89551
NA
1.2443
-1.6841
-2.6252
-0.365098
-3.0763
-1.4063
-1.29
2.8093
0.3663
-0.1129
-1.2661
-0.26264
-1.4511
-4.1554
-2.35565
-1.5793
0.08155
2.48573
NA
2.618352
-2.02744
1.66877
-0.48245
-0.74629
-1.93945
-2.14555
1.5739
-3.3158
0.3462
-10.1009
NA
0.6728
-0.75881
-0.4206
-2.3721
-1.936643
NA
3.2143
-1.155266
1.2836
-1.5756
-1.5175
-0.18068
8.0989
-0.4969
-0.278
-2.1304
0.065184
-0.5804
0.6674
0.12096
2.879321
-0.49427
0.12884
-2.4728
2.984754
0.6333
NA
NA
0.1815
-2.2929
0.3337
1.2534
-0.0718
-0.49022
2.7994
0.3937
1.0374
-0.20396
1.287
0.9521
-1.2769
1.0833
NA
-0.04391
-0.38691
-2.85086
-0.8704
-0.0434
-0.5716
0.61872
-0.93165
4.2343
1.0937
0.678
-0.87883
0.34548
2.9886
-0.41089
1.9988
-0.9957
1.6722
3.33486
-3.1966
-2.654699
4.07402
0.56303
-0.85873
-0.59209
-0.33931
1.4326
3.17971
1.9116
0.0426
-2.0338
-0.880828
0.44072
-1.4499
-2.815
-0.2769
0.58367
-0.93142
-4.9911
0.80437
NA
-0.475962
10.2977
-0.0583
NA
1.5729
2.906881
1.7107
1.8123
-3.635
NA
0.2924
0.17752
1.988
-1.6839
0.98144
2.49997
9.0716
0.2753
0.93478
0.06433
2.838625
2.8781
-0.341
0.0138
-0.835015
0.112056
-2.53971
-2.0634
1.5632
-0.8127
-4.26494
0.342152
3.423983
0.8191
-4.4766
-1.2012
-1.654453
-2.9473
-2.01966
0.2001
0.530648
-2.5057
NA
-1.40736
0.66251
-0.8385
-0.6534
1.2935
3.3434
0.4833
1.7109
2.8304
-1.7435
-0.8937
-1.4362
0.5269
0.2196
-4.2272
-0.2932
-0.3854
-0.6218
-1.0379
-5.6941
0.1267
1.6167
1.18949
-0.189705
-5.0407
1.54342
-2.0369
-0.4622
0.161289
NA
NA
0.64724
-0.4865
-0.57888
1.42976
0.3681
-0.5758
-0.9455
-1.86818
-2.3361
-0.4944
0.3272
3.57417
0.2146
-1.3829
-1.85073
2.940109
-1.4912
-0.2979
0.55601
-0.5332
-3.5523
-0.29288
0.95045
-1.55739
NA
2.989
-1.60495
-2.68884
0.0183
0.35835
-1.0862
1.0006
NA
-0.3214
-0.39533
NA
0.36886
0.0019
0.62364
-0.4073
-0.4777
-0.7374
0.4047
-3.1216
1.3511
-2.4939
-3.1022
0.0455
-0.2024
-6.2516
-0.60023
-0.779466
0.3613
1.3378
-1.784403
0.6509
1.0009
-2.5288
-0.326021
-0.784
0.8018
0.0786
-0.71508
-0.543
-0.74683
-2.27046
0.2849
0.1317
-4.7919
0.17346
0.8608
0.3944
-1.571
2.8235
0.2088
-1.3083
0.3173
1.1715
1.7327
0.62545
-2.3315
-0.4622
1.03832
-0.00199
0.658
-3.403
0.3128
-4.106
-3.1766
NA
0.3996
-0.4186
1.0458
0.8726
-0.5686
0.152966
0.3857
NA
0.517
-1.20029
-0.5616
2.1527
2.47502
-0.480166
2.3717
1.41533
NA
-0.5118
-4.5416
-1.7074
1.96724
1.81735
-1.176
-2.5578
0.5378
NA
0.4394
-1.9716
-3.73662
0.216
-2.5438
0.47797
-0.8837
-7.2757
-2.61804
2.736
0.911
0.6843
2.1178
1.798087
-2.4889
0.04849
1.5191
-0.6774
NA
-0.83755
2.9722
1.9462
1.948
1.22831
-1.2677
1.53074
0.6029
0.782
-0.93803
-0.36658
-2.57284
-3.1588
2.4596
0.5434
0.58365
3.482
-0.0654
5.54263
1.7896
-0.5784
-1.57178
5.5365
-0.61374
0.0437
-0.18844
-1.00207
0.2018
-1.7109
0.7366
-1.26022
-2.6927
0.56851
0.0798
-0.52244
-0.42496
-1.4656
2.2414
-0.2491
-0.34889
-1.2914
0.583
-1.87792
-0.60565
2.40485
0.91592
0.0295
-1.398
5.1623
0.2523
2.776
-0.7032
-0.914
0.03045
0.63036
-0.0049
-1.4873
2.1533
-0.05022
-0.99804
-2.4281
2.76698
-0.0261
2.5123
NA
1.1862
-1.78164
2.0844
-2.18338
-0.8755
-0.1433
-0.556574
-5.7514
0.7923
1.0076
2.7885
0.3793
4.9811
-1.30623
-3.0996
-1.5559
1.4791
0.6148
-0.9351
-0.53835
0.1552
-0.70676
-0.7559
-1.7248
-0.71174
-0.746
0.273
4.755408
0.0888
0.2877
1.21965
-1.128
-1.2412
-0.6655
-0.7327
-0.4662
-1.9522
-1.7881
0.9846
0.386
1.387
3.0918
-0.266
0.70616
1.5182
-1.6221
1.23458
0.93897
0.4523
4.5088
3.3908
-1.93341
-0.16206
0.7601
0.3255
1.67059
-0.0575
-0.92766
-0.3499
3.1689
-0.40093
-0.5777
-3.6952
-1.1668
0.5553
0.9075
0.0424
1.76191
-1.1715
-1.1909
-0.4206
-1.1211
1.0746
-0.86887
1.03613
1.203
1.68235
-1.2499
0.805
-0.366
-1.1062
0.1883
-2.3807
-0.4762
NA
1.3709
-2.6193
2.10014
2.1432
1.2611
0.4732
-0.1147
-0.1383
1.466
2.5012
-0.5352
3.7908
1.0948
-2.4011
1.5578
0.68822
0.91124
-6.11299
-0.42244
-1.92541
0.30345
-2.95306
0.0403
2.7473
-2.44537
-0.07005
-0.92242
0.89608
2.09652
-3.11441
-0.3223
1.0609
-0.08675
-0.58443
-0.73973
0.95588
-0.49386
1.134
0.49086
1.97
0.01526
1.0896
1.6568
0.56602
-0.9177
-1.33471
1.4341
0.805
-5.37733
3.250719
0.98857
-1.44469
0.4728
-3.0854
3.3908
0.7931
0.4235
1.02779
-1.13198
0.65975
0.7133
1.4565
-2.29106
0.97274
0.2603
-0.0965
-0.2262
-0.8793
-1.0898
-1.1277
0.652
0.9017
1.0632
0.6241
-0.4711
-0.3639
0.35905
0.3131
-1.41904
-1.40477
-4.037
12.5777
-3.56239
-1.16084
1.59358
1.4791
0.889
-5.5956
0.0403
1.4346
-1.3182
0.0063
-2.9314
-0.49245
-2.24912
-7.29465
-0.06284
0.1641
-1.19434
-1.15231
1.3543
-1.97736
-6.4229
11.57249
-2.2619
-0.09996
0.3586
-2.3004
-2.9684
0.42491
-7.72218
0.1649
0.57349
0.17502
8.14103
2.2431
1.00174
0.51701
0.02795
6.64408
-2.4103
-1.8467
-0.8431
1.07292
-3.70892
-0.5165
-3.2606
-0.1689
0.8482
1.7259
0.1397
0.47904
-1.0592
-1.81208
0.67531
0.40054
-3.2606
-1.28147
-1.92578
2.7541
-1.06808
1.65392
-0.30045
-0.2995
-0.7547
1.5912
-0.28037
-0.4042
1.25281
-0.23294
0.28168
0.0282
-2.2167
0.85652
-0.92035
0.5143
-1.1546
3.40866
1.41378
-0.4358
-0.7784
1.45245
-0.3327
0.4106
2.46768
1.2744
-1.3042
1.5804
0.6021
0.369
-1.3042
1.31176
-0.6021
0.25974
-0.42958
-0.42832
2.56292
-2.32283
-0.99522
4.73851
-0.5412
4.4632
0.7235
-0.5557
0.6931
-1.77762
-1.63992
-0.5303
-1.68928
-0.9426
-1.72035
0.2772
1.67648
-2.43035
0.74661
-3.3353
-0.38127
1.16318
-1.03585
-2.25202
1.0564
-0.1635
-2.5296
0.8033
-0.3003
-1.568051
-1.3605
1.4083
0.07401
-1.61916
3.8273
4.1185
-1.4177
-1.1378
2.5959
1.39735
0.50308
-1.58628
-0.6467
-2.58428
-2.8869
1.8589
-1.31629
-0.8209
-0.6665
4.1924
5.6206
-1.98877
-1.4307
-2.4335
-1.91497
-0.8217
-0.2416
-0.5656
0.2088
0.0777
-0.1642
-0.5893
-2.6156
-0.6465
5.6779
0.4594
4.2495
-1.3009
0.0152
1.6163
-2.1112
1.0906
0.48355
-1.61613
1.7722
-1.808
1.1651
-0.2192
1.0043
-1.128
2.094
-2.0548
-3.7437
-0.8123
-0.5057
0.8826
-0.3457
0.4682
-1.2626
1.3167
0.5493
-3.301
6.7283
-4.0829
2.2048
-1.4132
-1.2765
2.7144
2.1492
-1.3018
0.471
-1.013
0.1633
4.2495
2.3577
-1.731
-0.9048
-2.2214
0.6452
0.9625
2.8399
-2.9578
-1.6846
2.1909
3.0104
0.3391
3.3925
-1.3888
1.4663
-1.3745
-2.0604
-1.5181
-0.0842
-1.9882
-3.4877
-1.4666
0.7155
-4.9184
2.2819
3.2368
0.0385
0.7727
1.3027
-5.1909
-2.17584
-1.77116
-0.13823
-2.6135
0.16875
-0.5677
-1.764449
-0.6778
0.51617
1.3488
0.3874
-2.75092
0.18506
-10.2586
-1.56841
-0.40271
1.55297
-2.5384
-1.8428
2.7982
-1.02361
-3.2265
-0.1079
3.920222
5.0068
-2.3827
-0.6308
-1.3119
-0.2945
-0.04074
-1.46432
3.36252
0.19743
1.2899
1.7936
-2.5414
-0.96251
-0.52958
-1.69132
6.26952
-1.5592
-0.46405
-2.42749
0.41831
-5.5224
1.67419
1.8789
-0.15096
-5.20116
0.46776
-0.6274
2.9284
0.60255
-1.5279
3.14661
-0.37262
0.6481
-1.26693
-2.1812
-2.80237
0.0739
-0.7186
0.6179
-1.24239
3.84297
0.0216
-1.0762
-0.8305
-0.4435
0.3689
-1.03551
3.1688
2.87058
-0.0846
-0.40223
-0.2071
-2.0117
-1.15861
0.8663
-1.2204
-0.16444
0.36036
2.2951
-0.5065
-0.2958
-0.66026
0.02812
0.3345
1.9459
1.9161
2.41847
-1.60188
0.7257
0.576
0.3471
1.1089
1.5505
0.67047
5.623
0.05964
2.04677
-0.9747
-0.1744
1.0792
-0.4776
-3.3296
2.7011
4.76236
0.41066
-1.0601
-0.58189
-2.6204
1.718586
-0.4274
-2.25438
6.836
-1.037
1.4563
-0.4684
1.0839
0.4521
-2.49397
2.34507
-1.78296
1.562
-11.7146
3.09426
3.89711
0.3366
-1.5874
0.2236
4.43335
-1.23395
-0.7451
-0.0777
-3.196651
-5.2956
-0.83906
0.21068
-0.2509
-2.5205
3.63314
-0.32855
NA
1.72304
6.7525
1.00827
-2.07762
1.166
-0.1992
-0.13954
0.4065
0.2424
-1.542
5.21289
-0.98805
-1.5362
-1.20292
2.25408
-11.7654
-0.2328
-1.95186
0.798
2.16151
1.9656
4.0448
0.4688
0.66968
-1.2396
-1.1969
-2.0199
-2.4861
-0.5532
-3.1695
2.18192
-1.22672
0.254
0.2588
-1.0618
-3.5423
-11.7903
1.3085
0.4029
0.9057
1.1732
-1.9461
-0.8484
0.349798
NA
-1.9557
1.26376
1.2434
-1.8368
3.0657
-0.4944
-4.703
-0.4813
0.24185
1.0441
-4.1329
1.5131
0.9285
0.7207
0.3891
-1.4007
1.3434
0.480289
0.0614
-1.8021
1.02943
1.961543
1.1596
1.5812
0.57927
1.3227
1.1018
1.1309
-1.9919
0.7942
-3.66758
1.41894
0.1428
2.7607
1.0965
-2.8672
2.1093
0.37511
-0.1328
1.1978
-1.5563
3.1371
0.6361
0.7362
2.4136
-0.4132
-1.4173
3.0637
1.7555
-0.0789
1.1631
2.2094
1.75391
-1.6486
-0.2482
-1.73255
-2.6339
-2.4823
-0.167
0.7059
-0.1572
-0.3093
2.6028
1.7299
0.98058
-0.61697
0.14542
0.5909
1.12238
0.1213
2.1611
0.5297
-0.29708
0.75621
-1.3716
2.8648
0.70342
0.6723
0.26686
3.27741
3.0322
4.4151
-0.5595
0.6381
5.9044
2.3523
-1.79134
3.265
0.73804
1.91004
-4.82543
-1.69081
1.30278
-1.23291
1.7341
2.72213
1.1407
2.70273
0.5476
4.93779
0.5375
-0.1837
-1.733
1.28436
0.40326
1.0486
1.53279
1.15365
1.50831
2.0537
0.7436
0.8676
2.76559
-1.10018
0.54654
-0.4257
0.4799
0.14213
1.3499
-2.44223
2.4852
0.87394
0.58865
-0.20202
2.27446
1.9738
-1.54403
0.2736
-1.9151
-0.69441
1.6211
1.60365
4.2119
0.0622
0.94641
1.30881
-0.72853
-0.390346
1.3469
1.8737
0.53399
-0.68611
-0.08418
-5.7159
-3.1789
0.9282
0.74977
-1.02517
-1.96162
-0.682
-0.959419
1.74087
2.6038
-5.72888
2.3296
3.3345
-3.0632
0.9646
0.9384
-0.1727
-1.17456
0.0295
-1.4255
-3.6952
-1.95848
0.4544
-1.4469
1.7165
0.2452
5.0191
0.5628
0.2671
0.7663
-0.08313
-2.72229
0.3731
-0.4895
0.5592
5.9012
0.7656
0.2328
-9.13082
-1.201261
-1.0009
-0.1407
-1.4526
NA
0.7663
4.2158
-0.42036
0.63363
0.1278
3.24549
-3.1789
-0.8836
-3.11781
2.8146
-1.0528
1.5895
-0.0544
-0.4549
1.5593
0.9853
-5.5601
0.0296
2.01463
-0.155
2.9154
-0.384973
1.2058
-0.1296
-0.4802
-1.0144
0.4146
-1.38399
0.5299
0.0227
-4.40512
0.81051
-2.0083
0.8025
0.4344
-1.8384
0.17219
0.629728
-2.0164
0.62164
-1.7334
-1.8398
-0.3902
-1.9383
-2.786787
1.2198
0.19285
3.4119
0.44333
-0.6131
1.76812
1.0915
1.5467
-0.39115
-1.1846
-0.42384
3.100658
0.0229
0.6317
-1.36495
-1.8248
0.0857
-1.961
-0.4209
2.5219
-4.64042
-0.7733
2.0023
1.6176
2.5012
NA
NA
1.03376
0.7986
3.48811
-0.7012
0.3706
0.73458
-1.167
-0.5119
NA
-1.21138
1.8763
-0.1888
-2.05494
-0.2973
1.3696
-4.2484
2.73615
-0.5736
-0.10159
-1.65485
-3.2092
8.2037
-0.60431
0.46052
7.4978
0.8249
NA
-0.8273
0.03155
-0.639508
NA
-0.53436
-7.666929
-1.820833
0.28822
-1.5898
-5.3047
2.04854
2.21744
-0.9982
3.0847
-0.7359
-0.8788
2.307
-2.2486
-2.3102
0.507976
0.9311
0.9703
-0.659
2.5825
0.2012
0.5242
-0.469
-1.010694
0.344757
2.20771
-0.1763
-2.83098
0.9042
1.2589
NA
0.2346
-1.6755
3.631441
-0.8619
4.41382
2.4597
0.05251
-2.5985
1.402592
-0.14281
-1.6137
0.5558
0.8137
-1.9763
1.474
-2.9658
-0.0771
0.5322
-1.28031
-0.3673
-1.333693
2.35248
-1.83
4.1755
2.8385
1.0627
-1.12127
1.5266
-4.1911
-2.3689
-1.65365
-0.91816
2.5601
-1.7014
1.299
2.9569
3.559
-1.8536
-0.8619
-0.5064
-1.4993
-0.55889
-0.1043
-0.08802
-3.6011
1.6442
0.9767
-0.798
NA
-5.7938
3.1378
0.1244
1.64959
1.025578
0.57156
0.2661
-0.89169
0.24
0.86853
1.6148
2.4828
0.93877
-2.03333
-1.5171
-0.3187
-2.6615
0.8179
4.09637
-0.6483
-0.65555
0.7524
-2.9314
-0.7216
-0.5583
0.1098
-0.1787
0.63584
1.0593
3.4143
0.451
-0.6322
-0.762044
5.4659
0.42373
0.4267
1.3166
-1.8737
-0.341
-0.0203
-0.86821
-0.2865
0.34
0.5038
3.93157
-1.360718
-2.2649
-0.5448
NA
-0.4378
-0.0644
-1.659
1.58603
0.0369
-1.1207
0.04407
-0.9187
0.38109
6.3653
2.2121
-1.2256
-0.8394
1.19207
1.3005
0.7664
0.25593
-0.2115
1.43376
6.27152
-1.6278
-1.946
2.3667
-2.4717
0.58528
-1.10098
0.5445
2.3677
1.7915
3.94547
0.2418
-4.37462
0.5391
-2.7578
2.5035
0.9954
0.2808
0.95741
-0.8937
-2.727
0.6787
0.2415
1.4186
0.7695
1.20344
0.4778
1.6363
1.43892
-1.6482
1.5717
-0.17402
0.9901
0.26857
-0.31244
-1.3123
-0.303
1.3369
-1.1382
-1.433
-2.281644
0.68876
0.8043
1.0911
0.9207
-3.0945
2.6282
2.9867
-0.00261
0.1101
-1.944
NA
2.5626
-1.043171
4.3077
-0.3246
-1.92733
-0.53953
1.1528
-0.7557
-3.4649
-0.9115
1.1982
2.27195
0.412
-0.45631
2.6141
0.36758
0.5569
3.13331
-0.65521
2.1619
-1.31818
0.1199
-2.3343
-1.7795
-0.053
1.8087
-0.61162
1.52338
0.0575
0.2069
-6.186
-0.25505
-0.30464
0.9765
-2.3246
0.6118
-0.3186
-0.185
2.2916
6.7582
-0.7228
-6.2651
2.1978
1.10431
3.54545
1.41545
0.8375
0.371
1.3594
1.42769
0.2464
-2.8875
-1.373835
-1.92399
-0.7904
-0.46567
2.3661
-1.0686
-0.70788
1.3868
3.11373
0.7824
-1.0002
-6.8659
3.2053
1.967
1.0404
-2.1637
-1.0226
-2.6465
0.891
0.3307
-2.674
0.6345
-1.626
0.0991
0.8177
-1.1271
-3.03847
0.89894
0.70137
0.4638
-1.1396
-1.27127
-0.0846
0.45548
1.5566
0.6484
-1.28034
1.9141
1.50821
-0.1969
0.7823
-0.8082
0.1187
-0.68392
-2.5373
2.0627
-0.1183
-1.82963
-0.08631
0.7519
0.19193
-0.5586
-3.3041
2.3944
-1.8077
2.6609
-3.18854
0.3071
0.20106
-1.34733
-0.4694
-0.2068
-0.4923
-0.5323
-0.7163
-2.1633
-1.30135
-1.2508
-0.8535
-0.94735
-0.0693
-0.15065
0.3745
-11.7792
9.9866
-0.37588
2.6107
-0.6238
-1.7607
NA
-1.6574
NA
-2.27456
2.6841
1.9077
5.59135
-0.8849
-1.4863
-1.0691
-0.39257
0.1115
0.76564
-0.3551
-0.00964
-1.4011
3.1637
-0.91669
-1.54618
0.3546
-0.26651
1.5165
0.66993
-0.03156
-0.79168
-1.0276
2.00049
0.328
0.12284
NA
2.3638
0.72775
-0.90986
0.1094
-2.814888
-3.8149
-1.7025
0.6142
8.1676
1.1761
0.6004
2.06855
0.1432
-1.8266
0.52177
1.0556
1.61255
-2.9622
-0.159763
-1.2291
NA
1.1407
-1.55083
1.3503
0.84438
-0.86458
-1.5507
0.1641
4.8693
-0.5187
-0.8731
-0.3514
0.82101
-0.55982
0.7841
2.8
-0.47608
-0.2453
0.5741
-0.3363
0.68445
1.0396
-1.65537
-2.73201
-2.3219
-1.4785
-0.1042
-0.051
-0.20361
0.0322
0.347127
1.451
