-0.72967
-1.3962
1.4844
-2.8325
1.47206
1.42598
-1.54932
0.07
-1.2921
-0.10025
2.46934
1.6687
3.0141
-0.4998
-0.7019
2.6604
6.6881
-0.36836
-1.3764
1.6019
4.90134
2.6504
-0.21371
-6.1938
-0.7466
-1.5242
-3.151
-1.4816
1.07164
3.48816
-1.8333
1.8369
-1.6329
-0.9652
-2.15213
-0.71086
1.99597
-1.30858
2.04968
7.53995
-0.71581
0.731
-0.27996
-0.5304
-1.2101
1.0864
0.3253
1.7647
0.98537
-0.0862
-1.68383
1.3176
-5.6747
0.02188
-0.91305
-0.54687
-1.09404
0.70854
0.15272
0.0165
-0.7528
-3.2071
-1.0244
0.20904
3.80842
-3.3111
3.49699
-4.79972
2.7284
-0.1985
-1.9775
1.562
-0.23459
-3.5173
-0.1815
-4.246
1.1271
0.4291
-1.466
2.0882
-0.0558
1.39757
-0.9881
-0.47834
0.6579
-2.2472
-6.1475
0.8968
-0.18321
2.9213
-1.2521
-0.26135
-0.2765
-2.1258
1.1339
2.8912
1.88794
1.14251
-2.86041
0.30934
0.3603
3.0763
5.4454
-0.122
1.61846
1.32052
-0.8472
0.13083
-1.5647
-0.4018
-0.2605
2.8358
0.2756
-0.7639
1.8283
-0.576
0.0783
2.5212
1.4343
-0.1686
-1.53549
0.28955
1.2367
-0.49732
-0.5935
0.5308
0.56604
-0.01051
-2.55396
-0.4069
0.9658
1.3468
-1.1668
-0.06984
NA
0.1279
0.95982
-0.3745
0.25385
1.4047
-0.55944
-5.7741
NA
2.7171
0.74086
0.16558
1.30655
-2.9359
0.8034
-0.09427
0.298
1.8717
-1.1287
0.08083
-0.7605
-0.8815
2.7554
-2.0781
0.36386
-0.2963
-1.64986
2.97996
1.1958
-0.53234
-0.5383
-0.9158
0.94118
1.05188
-0.5302
1.6211
2.0506
-2.9167
1.42692
0.27231
0.36044
-0.7723
-1.4619
5.14334
-0.79712
-0.4231
-0.7817
-2.6602
1.5596
-0.82181
0.34058
-0.08429
0.47688
-2.2135
9.5297
1.24522
-0.21874
-1.64327
-0.32794
-1.12656
2.74042
-1.3244
0.0268
1.2986
-0.2955
-3.5239
0.7496
1.6056
-0.8121
-1.131
-0.71914
1.22191
-0.44814
2.2604
-1.2174
0.8308
-1.987
2.67913
2.19092
3.6026
-2.3044
-3.35525
-1.68017
0.1335
-0.3013
-0.11399
0.2093
-1.68651
1.9179
-1.3606
-6.41013
1.54827
2.68627
-1.99111
-1.23337
1.06939
6.83173
2.0943
-3.9166
-1.0533
-0.0401
3.0139
-0.24432
-0.0308
-1.9461
-11.90002
-1.8674
-0.0806
1.66785
-0.27577
1.535
-3.15302
-1.80147
-0.2533
4.2255
0.8255
-5.5146
0.14233
0.9378
-0.16435
-0.55008
1.4397
0.07
1.2978
1.6959
-1.6367
-2.8714
2.5285
-2.9314
3.0798
-0.4537
0.5714
1.5037
0.2647
6.4937
1.4492
2.193
-3.341
1.7605
0.70405
-1.5633
0.04876
-2.53086
-0.20799
-0.179
1.51547
0.31752
1.2589
0.25756
-1.4664
-2.6102
0.4362
0.57185
-1.3384
-0.9708
-3.3104
-2.37567
-3.8715
1.6601
-1.13457
1.01905
0.88075
NA
-0.7218
-0.1609
-0.30844
1.06057
3.4976
-2.6225
2.51019
-0.98772
-2.90793
2.12744
-2.33338
-1.36084
0.8234
-4.0318
0.25322
-1.68664
4.96473
-1.8695
2.6578
-0.99473
-3.90381
1.22059
-1.7197
7.66035
1.83523
-1.1837
2.315
0.8652
-1.56145
-1.19163
-0.9989
-1.2843
-1.3389
1.6381
-0.67
-0.2824
-2.16516
0.3792
0.8783
-0.9501
0.8397
-2.5936
-1.5514
0.72742
0.4032
-3.7419
-0.4688
-2.72786
-1.05631
0.2508
-0.24913
2.0138
-0.4392
-0.3545
-1.02174
-3.6184
-1.16477
0.3373
-0.5797
3.4883
-3.7213
-2.39619
1.7372
0.63709
2.4185
-1.9014
-0.3048
1.7684
0.5413
-12.73202
-1.4163
-1.1937
-6.90272
-0.27158
0.06761
-3.1581
1.4756
-2.7949
1.0155
0.7792
1.66384
1.4602
2.2314
1.30675
-6.0007
10.4342
1.14872
2.2348
-0.34386
-0.6269
-1.443
10.5992
1.66674
2.7657
-1.9626
-0.32312
0.38313
1.6551
0.32255
2.30467
0.7954
-0.0322
0.45223
-1.52296
1.91463
-1.56234
-3.65856
-0.2708
4.9043
-5.4747
-0.0895
3.7835
-0.10533
-0.6988
-5.8201
1.81125
-11.8832
-2.1008
2.50581
0.1861
2.04606
-2.4702
-1.33792
1.72826
-1.0247
2.82297
3.25687
-4.63645
1.0081
0.4716
5.7696
-4.5023
1.6107
-0.6473
-0.9104
-2.30564
-0.66838
-15.8016
-2.4389
-1.8889
1.8156
0.8515
1.4336
-1.5041
1.60641
-0.8374
-2.4041
-0.4965
-1.7184
0.90833
1.6027
1.1195
0.31794
2.06789
-2.2247
-1.161
2.93085
-0.05079
2.15448
1.4361
-0.2852
0.40431
-0.97895
-0.6856
0.4855
-1.1677
-0.34292
NA
1.9886
2.0173
-0.59305
-0.2545
1.1645
-0.6578
-2.4794
-4.7517
0.63277
-0.3998
3.80993
-1.48541
0.43037
-0.19764
0.3975
0.0901
0.6819
-1.90694
-1.99757
-0.492
-0.28769
-1.4243
3.6024
0.14785
5.65777
1.14101
-0.29463
2.02366
2.6324
-0.96317
2.7037
-0.6885
-1.7821
0.9197
1.7994
1.4574
0.7434
-1.7262
0.9773
-0.69793
-0.4179
0.7845
3.23523
-0.65201
0.52531
-1.17417
0.69428
2.96253
0.01645
-1.19139
-2.7354
0.3755
0.25461
1.63616
1.3596
0.8118
1.23604
0.4869
2.46172
-2.0199
-1.10218
-1.4386
2.814
0.4762
-0.9701
0.68
2.13389
-0.47634
1.52087
-5.4062
-0.10462
0.6926
-0.40801
-0.9366
1.03794
-0.0752
0.9111
-4.4473
-0.5631
0.96028
-1.44368
-0.369
-2.2468
2.2944
-0.8632
2.09231
2.77157
-3.2
0.454
-3.73281
1.1722
-1.0549
2.6874
-3.0862
4.0465
1.6951
-1.3052
0.6101
-0.9276
1.5521
-3.724
-2.7543
2.9555
1.0467
-4.60303
2.36532
-1.2567
-4.1683
0.635
-1.7029
-3.9082
-0.7664
2.2482
3.2724
0.6092
-0.7283
0.822
5.15431
-0.6006
0.4765
-0.3481
0.2047
-6.4126
-1.20065
-0.8645
0.4209
-2.16623
3.0882
0.8876
1.3075
4.9192
-1.1746
-1.8889
0.8474
0.9317
-2.04012
-0.1945
-11.5571
0.03612
1.49453
-1.10611
-1.5532
2.05691
-0.6846
0.99601
1.1036
1.35587
-1.00003
-2.8021
-0.1665
0.9462
-0.6536
-0.8137
1.63517
0.6563
-0.42925
0.9321
-0.2025
-0.49062
0.72879
0.13697
-3.89227
4.2755
0.45493
-0.55726
-1.5351
-0.842
3.6975
5.1509
-0.5204
-1.5304
0.9157
1.098
0.5502
-2.8416
-1.4186
-1.84778
-1.50629
1.39263
-0.62362
-0.84119
-0.9003
-0.9349
-4.0874
-1.1316
-0.9092
-2.4409
-1.4184
0.8278
-0.0902
-1.1581
-0.5866
3.9861
3.2269
4.15897
-2.8734
NA
1.075
2.11952
6.08274
3.2076
-1.7936
-1.1694
1.6835
-0.3462
-1.4867
-1.2841
-0.1008
1.2709
1.4236
3.7101
1.7753
-1.8178
2.3514
-0.2346
0.4442
8.2848
0.6988
5.3246
1.2959
1.0906
-0.6744
0.5505
3.1379
1.2128
-4.3464
3.9624
-2.4493
4.0276
-2.0965
1.9532
4.7225
1.0781
-2.5833
0.7313
1.3702
-0.9408
-0.3657
1.1483
-0.3162
-1.2697
1.8315
-1.4186
-0.6027
2.3207
-0.5988
-2.484
0.6255
-1.4028
1.5822
1.5461
0.02
1.0047
-0.2049
3.9222
1.8372
-4.1812
-1.4825
-1.3541
1.8753
-1.7272
-0.366
-4.3983
-0.3972
1.6824
-2.1917
1.946
1.5095
-0.6937
0.0955
-2.1794
0.3904
3.3982
-0.6627
1.0745
-3.2783
1.3732
-2.7283
-2.3119
1.312
-0.2989
-2.0708
0.3126
-1.3791
-2.0456
-7.396
-0.0975
-7.396
5.6113
7.6648
8.1057
4.2713
0.6645
-3.1988
0.8974
0.6491
0.328
-0.0988
0.9644
-0.1346
-0.7163
1.7478
-0.4852
0.6717
-4.81
4.6651
-4.8348
-2.0722
2.8929
1.4606
-0.2084
5.2726
-3.0602
-0.1841
-0.567
1.0203
-3.0616
1.1233
0.6356
0.8729
-1.6322
-2.4411
0.2558
5.2486
0.1196
0.3936
4.236
4.0829
-2.6999
0.1282
-1.8432
-1.9208
0.1493
2.7221
-1.3078
0.1367
0.5128
2.4351
2.0545
-2.2595
1.7648
1.9808
0.9568
0.1391
-0.4032
1.6398
1.8287
-0.0279
-1.3359
1.036
-0.3531
0.8268
-1.1122
-0.7242
0.4616
-0.2017
0.546
-0.5361
-2.7547
0.3608
-0.039
0.3777
-1.1402
0.122
0.4407
1.6477
1.8677
1.2494
-1.2915
-1.5404
0.9997
1.7124
0.9508
1.3479
-0.4554
-0.0777
-0.6261
2.3964
-1.1793
3.1275
0.7808
2.3418
-0.3403
0.1998
-1.5722
-0.8396
0.669
-2.6132
-0.6015
-0.7467
0.8374
-3.0621
-0.9731
1.1557
-1.4648
2.0477
0.0651
-3.785
-2.767
0.1116
-1.8714
1.1089
-0.6721
0.6656
0.2932
1.2742
-0.5228
3.3496
0.1728
0.0736
-1.3434
-1.9811
-1.6606
1.0534
2.4189
1.4815
1.6423
2.2052
3.9269
-0.7932
-4.2409
4.1665
0.4999
0.6344
0.4287
3.1049
2.8149
0.8618
-0.1681
-0.1079
-0.0268
-1.1336
-3.9969
2.5379
-1.3997
1.2004
-4.0455
-2.5009
-4.4962
-5.0411
-0.6367
-0.3351
1.4469
-2.3555
-2.5957
8.23103
-0.94149
-1.45281
-3.35963
-0.1064
0.3912
1.64704
-0.6108
2.3539
3.33644
4.031
-0.74007
1.81876
-3.7821
-2.58988
-0.6017
-0.9103
0.70683
-1.22924
3.42587
-1.4096
0.78305
3.0408
0.40844
0.5066
-0.3317
2.15478
2.0097
1.4665
-1.83284
-0.0572
0.25857
-0.30557
-1.15706
-0.24163
-1.02302
-1.9069
0.70953
-0.09529
0.3756
2.58481
1.7824
4.8304
1.3547
7.3693
-0.1716
-0.4144
-1.8661
2.5882
2.5514
1.1455
-5.7586
-2.7846
0.9325
-1.3339
-2.5532
-1.064
0.5127
-2.723
0.3642
0.43
-1.5514
-1.3922
-4.9036
1.383
-1.7113
-0.1594
1.9394
-0.1981
1.9447
1.5474
2.3885
-0.7035
0.186
0.28471
1.8015
0.5206
-0.0635
-0.1158
-0.1846
5.3025
1.0818
-0.4666
0.4218
0.9666
0.9513
-0.3201
-0.6075
-5.0844
0.4061
-1.8189
2.1691
0.3012
-0.1912
-0.7122
-0.9239
-0.6133
-1.3977
2.6918
1.1705
1.7837
1.3682
0.9611
0.3373
-1.4646
-1.03728
-0.37758
2.74307
2.2239
0.03091
-1.1305
-2.01058
-2.7768
1.7386
2.91679
0.02775
0.75454
-0.78628
-1.68345
2.15225
-1.20443
-0.99288
0.2141
2.6385
1.03518
-1.6137
-1.10731
-1.11302
-2.59796
1.0943
-4.60919
-0.25962
-0.39005
1.34845
1.5466
0.31009
-0.5881
0.16545
2.81113
-0.44656
0.54999
-4.4501
-1.29942
-2.05799
-1.919
0.3989
2.1879
0.73827
-2.2078
0.61359
0.10409
1.13798
-0.5187
-2.2971
2.22041
-1.66142
1.0431
0.0459
-0.7106
0.5519
-1.2877
-3.4426
-0.0062
1.7799
0.5294
2.3978
2.101
-0.6026
4.1483
1.1521
0.4416
-0.9923
-0.5625
0.1184
-0.4245
0.8461
1.6796
1.0153
0.357
-0.1276
3.3204
1.8387
0.1797
1.0912
-0.6454
-0.5865
0.592
-1.0327
-3.8456
-2.9242
1.6872
2.5774
-1.2374
-1.3071
-0.5391
-0.0296
0.0685
-0.613
-4.0709
2.288
0.0719
1.0102
0.7275
1.0775
-1.12842
-0.7467
-3.5308
2.8951
-1.81554
-2.8672
-2.81795
3.4847
1.20252
1.7154
-1.47704
-1.1548
0.66619
2.8663
-0.9979
-1.3075
1.56734
2.16241
1.2398
-1.61367
-0.5752
-0.8982
-3.0427
3.1894
0.18487
5.02218
-4.5503
4.0727
-2.1285
2.02406
0.4989
4.3886
-2.2434
1.3838
-0.14343
-2.86171
2.35348
-1.0138
1.5202
-0.66497
-4.0735
-0.9642
-0.9926
-1.0442
-1.4328
-2.7926
0.6652
1.78987
-4.3795
0.55662
0.6839
-0.64673
1.1549
2.1616
0.5307
-1.57046
2.7322
-1.2668
-1.32118
-3.35425
0.39332
0.1042
3.5442
5.9045
3.5231
1.5886
-0.5885
-0.8558
-0.7717
5.3057
-3.5647
-0.0254
0.1295
-0.9544
0.0929
0.7116
-0.6196
-2.1558
0.1693
-3.0937
0.4278
-0.6419
0.7629
-2.6662
3.8015
-0.8358
-0.8641
3.015
-2.4525
0.1604
3.7619
0.2726
1.9712
-3.7996
-3.3513
1.2187
-1.0281
-0.1112
-1.234
-2.0467
1.4718
-2.42939
-2.7787
0.15901
0.50529
-0.97245
-5.535
-0.8474
5.1821
0.0922
38.74242
-0.83348
-7.76914
7.98187
0.39137
1.1132
-0.648
1.94935
-1.36964
2.1215
-1.58849
0.49169
3.96337
-1.5454
0.0818
0.28542
0.2778
0.8184
-2.61244
-2.27948
1.562
-1.562
0.67941
-1.0241
-2.0848
-1.60524
-0.84776
NA
-1.32281
0.81264
-0.0423
1.65601
1.48481
-3.2339
-0.9815
2.84914
0.0906
1.97986
3.24378
-2.48188
0.65956
-1.85136
-4.5985
1.3856
2.0937
1.6628
-0.53973
-0.17449
-1.01879
0.5266
-5.6556
1.15445
0.08474
-2.2395
0.73523
NA
NA
1.1987
NA
NA
1.4502
3.3914
NA
4.035
-0.94023
-0.7181
1.21358
1.6943
0.25846
1.05594
NA
-0.40634
3.1427
5.7008
3.221
1.377
2.0297
-0.3628
-2.52985
-1.20665
NA
1.1952
0.21598
-0.81716
0.1589
-0.0308
NA
-0.13069
-2.8183
-0.13202
-2.75435
1.3967
-5.50376
-2.32339
0.67656
-1.14229
0.7625
-0.92555
-1.4464
-1.3187
1.63982
0.893
0.75614
-1.7482
-1.53808
2.1288
-1.30276
0.74418
-0.49525
-0.1534
0.44427
-1.03973
0.3085
3.21573
0.52755
0.04978
3.1085
-24.18653
2.64528
11.08629
1.33049
1.6536
-2.0123
1.6825
1.76111
1.35174
3.70374
0.9379
1.9325
1.5869
0.89376
0.49224
0.9609
0.9432
-2.0253
-2.16531
-0.6831
0.59183
-1.95711
-0.9634
-0.75074
-1.95726
-0.5037
0.48401
0.5737
3.3969
-0.0469
-1.82526
-3.4127
0.4825
-2.36244
0.17105
0.7452
1.7246
-1.72045
-2.97157
-1.11163
0.22477
1.67401
-1.27585
-0.59652
-0.04434
8.00629
-0.61626
-1.3233
0.9521
1.18013
1.7409
3.507
-4.13082
-0.77644
1.62958
13.3136
0.5426
0.29571
5.75604
0.07399
-2.2625
-0.8933
-0.55142
-0.0832
-0.73681
1.61305
2.56217
0.0219
2.25605
-1.34333
1.46589
2.3537
1.4919
1.7602
-3.4271
0.4106
1.2022
-0.67351
1.4246
0.0748
0.03938
3.75155
0.71544
-0.45064
-0.2327
-3.09741
1.2168
3.1714
-0.81651
4.45169
-3.9033
-3.01371
-3.18855
1.04414
5.0753
15.0478
25.5383
34.0808
-0.0423
-0.79258
2.75039
-3.75303
0.47614
-2.9716
2.0503
-0.82335
1.60514
-1.51518
3.80131
1.09326
-2.28377
4.39503
3.3908
-1.35655
-3.2618
0.27592
-0.22687
2.5996
-1.50086
-0.96951
-1.1443
0.78954
0.61419
-5.3307
1.8961
0.4024
2.03613
0.3424
-1.72791
0.0091
4.55976
1.04565
0.73348
2.45079
1.52481
0.7654
-0.3009
0.02459
1.0031
-0.57823
-3.6717
-7.63053
-1.90685
2.76335
2.44656
1.37163
0.8763
-1.6464
-1.05093
0.41885
0.2073
0.96087
-1.30409
1.20274
-0.20593
1.152
-0.67912
2.5135
-1.0719
0.81755
0.31325
-1.33286
-0.71845
1.37638
0.59271
-1.9414
-1.08645
-0.6927
-0.70796
-1.73407
-1.2072
-1.2023
1.23264
1.21028
0.55862
-2.23898
5.35483
0.6396
-3.171
-1.3876
0.743
2.45215
4.30865
0.1006
1.8594
5.25568
1.3429
0.16013
0.81547
-3.694
0.46824
-0.70282
3.0188
-0.6928
-2.08258
4.0005
0.10212
0.70731
0.32992
-2.4936
1.91478
0.27453
0.01559
-3.2025
0.1655
-1.27686
0.37784
-2.1491
0.01555
1.6615
0.78907
0.06945
1.92932
-0.5034
2.6502
-0.15216
0.1177
-2.55228
-5.3475
-2.04691
-0.1437
-0.10877
0.01339
0.73799
-2.93236
-3.6279
0.2699
-1.6589
-0.2322
-1.2047
-0.6473
-1.4921
-0.0444
0.7536
1.5837
-0.1055
-1.1448
0.8063
1.1918
-0.3943
1.8505
-0.7047
-1.9062
1.4505
-0.5426
1.496
0.9464
-0.5473
0.1256
-0.8337
-1.2988
0.27519
0.58583
-1.2508
0.8654
0.17979
1.0992
-0.5547
-0.7634
3.3012
0.8814
0.0091
-2.6238
-7.08955
-3.84968
1.7098
-1.10194
-1.0238
2.02975
0.9983
-0.86488
-0.89226
-1.0438
1.0386
-0.34456
1.2491
-0.8524
0.9886
1.9348
-0.47362
3.14894
1.1065
2.0133
3.1381
6.9843
1.86903
-0.536
-1.5826
0.5631
1.5649
-1.44882
0.11913
0.9686
-1.3978
-0.5281
-0.6865
-0.2954
-1.62111
-0.916
0.17162
2.2692
-2.7568
-0.37279
-5.4832
-0.83599
-1.4213
0.0441
2.12277
2.68073
1.56736
1.2278
2.36031
0.0422
-3.1885
-0.5301
-1.15918
0.2438
-1.1198
3.1013
-0.6014
-0.2875
-1.601
-1.3889
-0.3388
-0.711
-4.5295
0.2525
2.0839
-1.0013
-0.31916
0.79409
1.09791
0.3605
1.26741
-1.3242
1.2052
1.0512
-4.5099
1.1058
-4.707
-4.33261
2.9958
-1.04011
-1.82156
-0.23442
0.29968
-0.7213
-1.8305
4.033
1.1222
0.3486
1.427
0.8891
0.8646
3.2418
-0.42604
1.87785
0.4066
0.2473
9.91241
0.13874
-1.47431
1.6935
0.14314
0.57154
0.4046
0.1133
-0.0089
4.1777
1.2559
1.5288
-0.13156
-1.1479
-0.0625
1.0502
3.7674
-1.7192
-2.8199
-0.0221
-3.6146
-1.3192
-2.1376
0.2308
1.8346
-1.0072
-0.3971
-2.925
-1.6719
1.279
1.4867
0.3417
-1.0004
0.3913
5.55245
-0.95948
0.9043
-2.0118
NA
0.02114
NA
NA
1.0311
NA
2.68036
NA
0.85873
NA
-4.27188
0.63418
6.8852
2.60188
-0.4791
0.07821
1.42559
0.10183
-0.87227
-1.9081
-2.13079
0.00697
1.78065
-0.28464
-0.4745
1.14279
1.9642
0.7258
0.294
0.683
-2.0434
-0.7061
2.6929
-1.6689
-1.3437
1.3428
1.79836
1.349
-1.6635
1.45932
1.60617
-0.86226
-0.7555
-0.4899
-2.9883
-1.32514
0.77776
0.0405
0.0946
2.55613
0.3929
-0.084
-0.8074
0.344
-1.1444
11.6492
-1.003
0.5788
-0.5315
-0.2798
-0.5997
-1.9872
-1.0807
-5.4497
1.8086
3.1895
0.6657
0.7602
2.6772
1.4286
-1.9419
0.5268
1.2614
0.3071
5.81775
-0.268
-0.3038
0.2495
-0.3993
-2.3732
1.4893
1.1268
3.8653
0.2653
3.564
-0.17448
-2.9228
0.46369
-3.9882
1.446
0.3867
2.1838
0.4027
5.035
-1.59932
-0.01425
-2.4738
-0.8228
-1.8726
-1.7036
7.1647
-2.7673
-2.4785
-1.18679
2.5229
3.08829
-2.8661
3.8107
-0.0816
-0.4444
0.187
0.94142
-0.07747
1.41624
2.2856
2.3942
-1.08645
3.85831
-1.4296
-0.1085
-0.48263
-0.27865
-1.09078
1.5491
1.3384
0.341
0.105
2.9472
3.4299
-1.046
0.55625
-5.5636
-1.3105
-2.6204
2.9865
-2.09729
-6.1302
6.33112
-0.24455
-0.2207
-0.02655
0.8553
-0.3675
-0.4724
2.9816
-0.7503
6.2398
-0.3422
-0.1919
0.2163
-0.8056
0.8036
1.6072
1.8322
-1.3503
0.8028
-0.262
0.51
-1.74728
0.45901
1.2753
-2.02467
-0.77376
0.4167
-0.3831
-0.15495
0.12332
1.0337
-5.02724
1.57455
1.18828
-1.1729
-0.8757
-1.7545
-4.82141
0.2115
2.17402
-0.9761
0.84119
-0.2034
0.069
-0.3463
0.24764
-0.28184
0.4216
-2.7716
-0.35888
1.59774
0.10384
-0.48509
1.008
-0.7733
-1.3451
-0.085
-1.3073
0.9057
-0.8703
-0.5005
-0.1275
0.0365
-0.3141
-3.6057
0.2331
-0.8023
-0.4126
-1.47957
0.46567
3.33864
-3.5102
1.535
2.57503
0.9815
-0.4621
-4.2543
-0.08999
1.859
-3.2974
1.6576
-0.9004
-0.2377
-3.1415
-1.2951
0.0444
-0.343
0.2624
1.4707
-0.3754
0.6962
2.2623
1.87335
-0.9022
-1.67341
-0.2058
-1.4339
1.38457
0.9918
1.7121
-1.0939
-0.4354
1.4091
-2.4905
-0.2515
0.0415
0.6447
-1.6918
-0.8992
-0.8253
0.1864
-2.1284
-1.7793
-0.2711
3.4287
0.2052
-1.4497
-1.4343
3.3013
1.7406
-5.65
-1.612
-3.3894
-2.3021
3.22692
-2.7136
3.0373
-2.0052
0.3286
-3.6188
5.4857
3.14638
2.37022
-3.4004
0.0035
-2.126
-0.3392
-0.39404
3.8926
-0.9698
1.1026
-2.9481
31.59215
15.4009
-0.46792
-0.38805
-1.412
-0.203
2.1206
0.75752
0.9992
-3.69183
0.9425
0.62295
0.6851
0.9566
1.3252
-1.5799
-2.5189
-0.29402
0.6417
0.4049
-3.7184
6.9699
-0.214
-3.1599
-1.89655
-1.1515
1.79091
1.1513
-0.0403
2.48547
-1.72827
0.01086
-2.25529
-0.18564
-2.414
0.94275
-5.52832
3.92168
0.4618
-4.31607
-0.07129
0.8728
-0.7551
1.26918
6.9461
-2.1039
-0.4774
-1.6043
-0.7524
1.9784
0.0243
-0.4361
-1.88368
-0.99002
-1.3068
-0.2791
0.8382
0.91825
-1.30882
-0.1714
0.365
-1.6569
1.0344
0.79172
-1.1758
-3.7963
-1.0528
3.4401
-1.4652
-0.03122
-0.7866
0.3267
2.2466
-2.3099
0.3079
0.3169
0.3989
0.60745
0.74175
-0.5846
-0.34517
0.1597
-2.1743
0.6378
-0.766
-1.5749
1.7905
-1.2614
1.2465
-0.0483
0.6136
-0.3202
-1.2715
-0.18366
-1.7401
2.7388
-1.72376
-0.6768
2.26325
-2.00213
-1.2846
-0.92286
-0.99035
0.90631
-0.15468
-0.64331
-2.1182
-0.8371
-2.1867
-0.00176
3.6015
1.09425
1.81762
1.1431
-1.74
-0.1146
-1.7118
-2.1318
-1.5022
0.2446
-6.5982
1.8792
0.0889
-3.2209
-0.3754
-0.7627
-1.5545
-1.5764
0.1214
3.2
-1.8549
-1.3363
2.3835
-7.201
-0.40236
1.3873
-0.5377
-1.1404
-0.912
1.5474
-16.6827
-1.9837
-1.4817
0.2211
-0.1844
0.8051
-1.3491
-0.09
0.3069
-0.9931
0.28235
-4.24545
0.07314
-2.2054
1.0994
-1.64638
-0.54196
-1.8417
1.12869
-0.083
0.01994
0.66901
-4.5078
-2.5162
1.61096
-0.5659
-0.1248
0.5587
3.3923
-1.06353
-0.05358
-5.16648
6.25823
2.55182
0.81668
0.0577
-0.23757
-0.24027
0.25429
1.2449
-1.1005
0.6709
0.9805
1.3673
1.9363
0.8899
2.7058
0.97752
0.55053
1.0103
0.21062
3.17236
0.52059
0.25304
-1.4915
2.9671
-1.38682
-1.31923
1.85997
2.40981
2.5412
0.68966
0.32474
3.3873
0.5435
1.03452
-0.71921
-1.5986
1.1692
-1.8963
-0.9612
-1.4879
-0.514
-2.4795
1.9229
1.5454
1.6363
-0.43987
0.67805
-0.45766
-3.20886
-0.95513
0.44245
-0.06388
3.12236
-1.3837
0.82085
-0.6181
-4.85912
-0.69571
-1.63678
-0.57937
0.4828
-3.6244
-2.54784
0.915
1.3054
1.9443
3.1062
0.08881
-1.33207
2.11143
1.08597
-2.3117
0.27
-0.77627
-0.4798
2.8794
1.7261
-0.0849
3.045
-2.4816
-3.4354
-0.4712
-0.6634
0.5739
0.563
-2.4677
2.505
-2.8719
2.8708
2.3272
-0.051
2.6679
0.8269
2.6995
-2.5261
-0.5597
14.4906
-2.8171
-1.2243
-0.2563
0.4507
-0.5323
-0.1473
1.4282
1.0562
1.40327
0.58293
NA
1.8405
NA
-0.071
-0.9263
-0.28391
0.071
NA
NA
NA
NA
NA
1.25358
NA
-0.20373
2.60533
-0.7809
2.5459
-1.7004
1.19635
-0.2032
0.146
0.6051
-0.0513
-0.8755
-5.8116
-1.0922
-1.1596
0.4224
4.4892
-1.42449
3.01262
0.2581
-2.9746
4.06207
-1.4356
-2.18695
-1.4774
3.18992
-0.20008
-1.82933
0.656
2.49011
0.42871
-1.5027
-5.37903
-0.8292
0.40084
-0.8292
-2.21941
1.7999
-0.1366
2.37447
-2.4501
0.93788
-0.449
3.9548
2.3335
-2.4197
1.0932
0.4639
3.7523
1.1294
1.1302
0.7423
2.5422
1.3677
-0.683
-0.1019
-1.367
-3.4168
-0.7196
-0.30644
1.06329
-2.2141
-0.6542
4.71448
-1.4711
-2.03508
-1.25127
-5.1033
0.24973
-7.90492
-1.98824
2.18
2.4064
-0.80593
3.95933
-0.8717
-2.71196
-0.91987
-0.1623
-0.86862
0.49843
0.89029
2.316
1.29405
-0.89327
0.46053
2.3765
-0.18265
-1.81004
-1.8174
-1.58949
0.4362
0.88133
0.11211
1.55
-0.1123
-1.7317
1.0809
-0.49606
0.3026
-1.49705
0.4977
-1.56702
1.06674
0.65871
-0.11057
0.41777
2.42247
2.53161
4.0202
-0.0542
-0.36908
0.1572
0.71945
-1.3528
1.10763
1.1608
-0.7597
0.0203
-1.77094
-4.22729
-2.81566
0.717
-6.7423
3.14777
1.4362
-1.68823
-0.2966
-2.0038
-1.9085
-0.1474
-2.02363
-5.59
0.7781
-1.0431
-1.3411
0.9533
1.0621
0.2087
-2.478
0.5399
3.535
3.1304
-1.8975
1.5759
-1.0978
-0.4569
1.95512
-0.8664
-0.3894
-4.89594
-1.2803
-1.041
0.48861
-1.73126
-1.57871
0.01499
0.01036
-0.0439
-3.0362
0.4896
4.6153
-2.08851
-1.78763
0.988
-0.61778
0.01367
-0.82498
2.0538
-0.22697
-0.3345
-0.92283
0.593
-1.8194
-0.62088
-2.10247
-2.34104
0.35814
-1.30497
0.7674
-2.46467
-1.667
-3.1742
-2.3917
-0.9461
-3.4809
-1.5931
0.1323
-1.4602
-2.6998
4.5353
1.2721
-0.4053
-0.6729
1.0391
0.8417
-0.9218
2.4289
-1.3711
2.5163
0.61786
4.3876
3.0327
2.3276
3.5145
-0.2717
3.60631
2.29373
-6.31767
-2.2831
-2.34417
2.30633
0.39577
1.8226
-1.1249
-0.8693
1.96
-0.4305
-0.3276
0.3308
-0.4907
2.75686
4.3235
-1.50046
-1.4723
-1.96821
-0.39658
0.11921
-1.97106
-0.11103
0.6866
0.78072
-3.62881
-1.8316
-1.5086
0.58913
-0.88989
-0.9823
-4.425
-0.00032
3.53394
-0.81552
-1.1248
-1.4486
-0.4639
-0.3497
0.69437
2.8079
0.7011
-0.7012
-2.9697
-0.4802
1.1617
4.2112
-1.2867
-0.42911
-0.00602
3.59101
-0.38438
-0.13694
1.6787
0.0643
-1.30189
2.78598
2.0646
-5.33792
-0.2163
-1.096
-0.9595
0.9492
-2.2176
-11.0723
-0.0587
-1.83203
-0.99406
-2.1837
1.1043
2.2582
3.01461
-0.41399
-0.3897
2.5926
-0.25866
-1.40758
-2.218
-0.2266
-0.20298
-1.25651
3.17464
3.7249
-0.21191
-3.60323
1.3976
0.70849
-0.35913
-0.34442
1.55245
0.78104
2.2589
-2.49316
2.1007
-0.5383
-1.46073
-1.75022
2.61381
1.07074
-1.8841
0.228
1.09625
-8.8477
-4.10408
0.3227
-8.65335
-2.3207
5.24436
-0.1561
-1.57304
-0.4069
4.72906
8.8242
8.78119
-5.51283
-0.9962
-1.85967
-0.749
0.33846
-0.8343
2.23964
0.89297
-1.46825
2.32118
-2.54837
-0.5217
1.07404
-1.31821
0.11758
0.5316
-1.69536
-2.7353
0.90871
1.32268
1.1735
-1.6844
0.59637
-0.15588
-0.2739
0.37733
1.87639
-0.4477
-0.29224
-0.70801
-0.4899
1.82019
0.11623
-0.7202
-1.4024
-0.3439
1.08747
1.65925
-1.3064
-11.71066
-1.96342
-4.94852
1.17608
-0.1626
-1.44241
-0.15563
-2.9776
-0.58876
3.6404
1.84804
1.967
4.5159
-1.67296
2.2879
-0.14951
1.47415
2.61634
1.22347
-1.10301
0.05339
-0.1611
3.04014
-0.0233
-2.3798
-0.1071
0.6193
1.40307
2.2908
-1.80444
0.58155
-1.0383
1.90636
-4.7729
-1.6843
0.0638
-1.88592
-0.39957
-2.36068
-1.24784
-0.22973
0.00424
4.4694
-1.71945
-7.72614
-8.5621
-5.6927
-0.76376
0.88114
2.84002
-0.7512
2.91958
1.2955
-0.1635
0.66261
-0.22323
-1.71753
1.0195
3.8279
0.68243
0.03527
-0.89481
-1.81532
1.57923
3.54987
-0.87013
-0.07304
3.0283
-0.56475
3.24261
-3.06651
16.617
-1.9597
2.61079
-3.65552
-0.7942
1.33782
-0.83947
NA
0.62455
2.086
-0.22778
3.93238
NA
-1.03385
0.8151
-0.15045
1.05777
-1.35055
3.47011
3.78754
-0.52422
-1.0451
-2.45542
-3.01107
1.65816
-1.41327
1.11837
0.32198
0.394
-0.96312
-0.97607
1.36373
-0.0204
0.29089
-0.88116
0.15484
0.8659
0.96174
-2.69194
-0.34199
-0.46009
2.41168
0.84752
1.28511
-0.65843
0.27319
0.73878
-2.07706
-1.1978
0.7543
-0.28107
0.1959
1.25513
-0.71707
-1.1495
1.74639
3.47815
-3.82345
-1.889
0.25765
0.59971
-2.36529
-0.2801
-0.708
0.58651
2.36211
-0.67343
-0.42062
1.32886
-1.82496
0.3828
3.7029
2.2579
0.2675
0.368
2.22
-1.4264
0.4428
0.7551
0.2361
-0.6715
1.2983
0.214
-0.0347
-0.7709
-2.1068
-1.7285
-0.5227
2.1046
-0.367
0.5158
-1.2148
0.7544
0.365
-0.9177
-1.3104
-0.2445
-0.2249
2.8188
0.6795
-1.7335
-0.1602
-0.2143
1.3216
2.841
-0.6419
0.5828
-0.8709
0.8823
-0.0998
-3.0709
-1.4979
1.0359
-0.3928
-2.6197
1.0179
-0.8893
-0.4643
-0.5801
1.2447
-3.1251
1.4427
-2.6208
-0.3678
4.3755
-0.9302
3.1443
-0.0965
0.1769
1.566
2.6671
-0.1441
0.6035
0.6235
0.2219
2.8323
4.2908
1.3568
-7.4212
5.0537
11.2945
0.9972
-0.4062
0.3431
2.0064
2.07414
0.3232
-0.6474
-1.0481
-1.30948
-0.8473
-0.44035
-1.2113
-1.6581
2.2731
1.3648
5.37646
-2.25475
-0.0394
-0.4025
-1.31814
0.3433
1.3597
-0.28618
0.8179
1.7152
0.6206
0.5898
-1.6909
1.347
6.0015
0.1612
-1.2928
0.4054
-0.43417
0.4467
-0.9825
-1.5198
1.1204
0.26381
-1.11749
1.4383
0.9944
-1.066
-1.3997
-0.6374
-0.6787
1.96558
1.47178
-1.90667
0.4716
1.59264
0.9731
-0.8298
1.20523
-0.9065
-0.4263
-0.5769
-4.4175
-2.4197
-0.05883
-2.1214
-1.15776
0.3791
-0.12304
1.21743
-0.36137
-0.17482
-0.27105
-2.4198
2.0534
2.1759
1.6477
0.8787
5.197
1.03273
3.36842
0.1591
-0.2185
0.7831
1.3133
-1.259
0.7901
1.2979
-1.08087
-1.8429
-1.2349
0.4306
1.93781
-1.2879
-0.25182
5.29689
0.25982
2.9077
-2.04124
1.0761
2.34739
-1.6567
-2.2698
-1.3183
-1.3761
-2.8887
0.8326
-0.79761
-0.91569
-0.38724
1.022
-0.1057
-0.64479
-0.03009
3.81627
1.6624
-1.58448
-2.83192
0.1651
-0.63165
2.14988
-0.1559
-0.9536
1.2823
-1.3424
-6.2412
2.0627
-0.64574
-2.1546
3.32456
0.764
-0.9142
1.0681
2.941
1.19048
0.3034
-0.44008
0.2473
-1.38302
1.9022
3.01451
0.23756
-0.33546
-1.2626
-1.4375
-0.1392
-0.4859
-2.01277
-2.316
1.2731
0.6886
-0.71174
-0.31412
-0.66118
-0.98273
-1.61814
-0.7542
1.03167
1.9443
-0.77247
1.06483
-2.1268
0.61085
3.22
-0.73784
-2.35651
3.28383
4.0531
0.9265
1.6967
-4.1378
-0.5351
1.564
-1.32392
-1.289
0.16981
-1.2241
1.95072
-5.30799
-1.91819
2.8068
0.5544
-1.6056
0.0491
-2.21274
-1.70112
0.4616
-1.65249
-2.4618
-1.2845
0.09397
-2.3271
0.9493
-5.9121
1.3812
-1.27585
1.36872
0.07023
-0.0918
-1.3254
-1.84606
1.19503
1.24861
0.4901
-1.8319
1.456
2.65239
1.41263
-2.7467
-0.27318
0.05025
-1.97797
-2.35511
1.2845
-1.0673
1.2845
-1.67031
-2.21172
-0.1487
-0.78592
1.4416
0.1898
-1.0268
0.2302
0.2108
1.64595
-4.7391
-0.83508
-0.8842
4.17952
-1.49572
-0.34331
2.2101
0.4958
0.83514
-1.30647
1.4603
-4.3356
3.2267
-6.86806
0.16638
0.7478
-1.2137
-1.17509
6.47387
-0.3342
2.8221
0.8305
0.54465
-1.0724
2.0836
0.4883
-5.97307
-0.72277
0.0587
-0.49228
3.96456
-2.17146
5.98689
1.18761
-1.18252
-0.577
0.12644
-1.38978
3.33179
2.78853
-0.73906
-0.2462
-3.16036
0.8907
0.5771
-0.54282
1.6072
1.6363
-2.5886
0.3641
0.6583
-0.94119
-2.4216
-1.62347
-0.9215
-3.4058
-2.589
-4.5158
-1.2589
0.4614
1.1706
0.9805
-2.3466
-0.42161
0.89689
-0.5838
1.83301
-0.6372
-0.43331
-1.86426
1.21993
-1.41452
-0.87566
1.30084
1.9247
-3.22251
2.74202
18.76756
-0.888
-0.85786
3.81641
7.64624
-0.6705
-1.33849
-0.1338
1.37463
-3.43715
0.36398
-1.1506
-1.30887
1.0495
1.05138
-0.5179
1.933
-4.18926
-0.3576
0.25056
4.7419
-1.0325
2.99773
-0.0662
-0.341
1.4648
-0.2838
1.47038
-2.47312
-1.02858
4.649
-3.56973
-0.8388
-2.2021
4.02077
2.153
0.321
-3.3732
-1.5267
4.641
1.6158
-2.68553
-0.2587
0.3049
1.9724
-3.0799
-0.24301
1.45988
-0.0881
4.625
1.58453
-0.1359
-1.76882
-1.8164
0.8781
-1.87406
1.725
-3.6429
-0.75121
-1.40779
0.32251
1.4764
-0.22466
1.51206
2.11908
0.2944
2.5994
1.4973
-1.1269
0.302
-1.7299
3.2776
-1.8404
-0.5048
-0.8715
2.4653
1.5467
-2.0948
-2.583
-3.58373
2.3711
-0.67816
2.2309
-0.0989
2.1779
1.40885
-2.7016
-1.0289
-0.32322
2.6989
0.2665
1.4454
-4.4207
1.63399
1.5022
4.0722
3.5781
-0.3894
5.3029
0.8315
-2.16963
-2.31374
-1.995
1.292
0.4803
-0.1459
-1.0036
-2.2174
-1.9232
-2.80958
-1.9232
-1.62659
3.35284
3.0818
2.12158
0.33631
-5.3514
1.2648
NA
NA
1.83021
-3.83989
-2.8127
-1.0859
-0.61946
-0.6706
0.2804
2.2234
0.1733
-0.293
-1.8546
0.5627
-0.7598
4.1379
-3.1251
1.8564
-2.4056
-0.9924
-4.3911
-0.648
0.4345
-1.2752
-0.26512
0.0355
0.28515
-0.3614
1.33439
-0.7234
-1.8108
-5.04253
0.9357
0.10127
1.821
0.97355
-1.6528
2.3595
2.21506
0.0286
1.9003
0.80819
-0.3422
-1.4194
0.2578
-0.91755
-2.15331
-1.9997
0.0086
-1.33036
-1.0331
-0.97807
-1.2359
2.0369
-0.87556
1.14355
3.4003
2.15864
-0.11485
-0.63415
0.6719
-0.62112
-0.69162
-1.14596
2.598
0.56089
-6.62902
-0.61205
-2.18902
1.30873
2.78096
-1.781
-1.0497
1.76329
-2.54041
-0.4838
-0.3612
0.1819
0.986
-2.93196
-1.84373
0.81038
1.46793
0.67483
1.79326
0.42555
3.9763
8.43945
-0.32164
-6.83966
-6.08624
-0.11507
-0.4942
1.2828
-0.9622
2.3914
0.0389
-1.1237
-0.58787
-0.6769
-2.30435
-0.65644
0.38136
-3.19243
-2.10132
1.14035
-1.9561
-2.58273
-0.0322
-1.0093
5.2247
-2.6211
-2.27836
0.49384
-0.64351
-0.263
1.11459
0.0365
0.17706
0.1027
2.43418
-2.881
0.6512
-4.67242
1.1571
-1.12848
0.0595
-1.36337
-1.01012
2.20922
0.95169
1.73955
0.8133
0.28019
-0.13922
1.68864
2.4371
1.68471
4.20167
-1.0572
1.19419
4.25188
1.4999
-0.82475
1.0561
-4.80347
-2.5665
0.71199
1.69303
4.9994
-1.9262
-0.61771
9.6109
1.05839
0.7674
-2.6801
6.4531
-2.88915
-1.8125
1.70758
1.81937
0.55517
0.07587
3.33488
1.09262
-1.0718
1.85103
-0.30686
2.2308
-1.62259
0.6698
0.29227
-1.784
-6.73389
-0.9874
1.9935
0.98121
0.1121
3.22975
3.03542
-0.05097
-9.2135
0.1263
2.40193
-2.6213
-2.82601
-0.6794
-0.40973
1.3934
1.9943
-1.7978
1.17379
-0.42693
0.30527
0.75008
0.2983
-0.64094
1.55355
1.14877
4.23409
0.8936
-0.876
0.11786
0.22108
0.46289
0.93331
-2.79291
1.0473
-17.8642
5.1866
-4.8794
-0.04772
0.0366
1.74549
-0.0679
-1.17221
-0.35282
-0.33583
0.1937
-0.3424
-0.3609
3.40684
-0.2862
2.50195
5.49791
0.0044
-1.0676
-1.05447
3.1911
1.4441
0.93252
0.6837
2.43166
1.50943
-4.16026
-0.15642
-1.01129
-0.46248
1.5268
-0.18315
0.1264
-2.98873
0.80634
0.92526
-0.8178
4.34544
1.9694
-0.1273
-1.5817
1.3936
-1.7155
0.7684
-1.3789
-3.05651
-0.0632
2.34177
0.324
0.46227
1.9252
-2.0675
0.32961
-2.976
1.2751
-1.5119
-1.3609
-2.1598
0.2025
-3.0992
2.1026
-2.1576
-2.3442
-2.29165
-3.7883
-0.9382
1.1678
1.498
0.7862
-1.0369
-0.423
-0.4694
-5.6292
-0.7421
0.12
1.9368
0.1903
-0.6364
1.4605
0.0558
1.2013
3.5945
0.3596
-5.0184
-5.3139
0.6697
-0.8596
4.4619
1.4684
4.4523
0.5568
-0.1599
-0.97213
-2.1439
0.7603
1.8451
-0.4406
-0.7808
-0.5503
0.2085
-0.25
-0.73633
-0.6492
-1.0328
-1.2256
2.8467
-3.307
-1.0562
1.9961
0.6112
-3.7658
-0.6648
-0.822
-1.0735
0.0161
-1.611
-0.0672
1.035
-1.1489
0.42301
-0.1846
-0.586
1.506
-1.4568
-0.14229
-1.9913
-4.4941
2.2179
2.4869
1.3877
1.0968
0.8369
-2.05845
0.5435
-0.5999
0.5868
-2.2867
-2.8358
2.7643
-0.56133
1.7475
-1.0342
-2.1489
-9.3804
-0.0604
-0.6429
0.323
-0.2709
1.4663
0.2969
-1.688
-1.7608
1.46086
0.9449
-3.0339
3.4454
-2.2914
2.6168
0.1114
-0.2247
0.2037
-1.8333
-1.5456
2.3718
-0.74151
-0.71842
1.4028
-0.5293
-0.3417
-1.34787
-0.4241
0.8423
-0.882
-0.31281
1.56254
-0.87104
1.7255
1.2564
-0.4557
-1.9063
-0.7952
-0.1771
1.1212
3.96255
0.5345
-2.02889
3.69665
-0.6278
1.9383
-4.0189
-3.8615
-0.67092
5.68977
-0.4594
-1.4213
0.1854
8.0816
0.2209
0.4066
0.5649
-0.3036
1.0691
-0.6886
0.0045
0.6041
-0.646
-1.7193
-1.3384
0.1984
-1.75625
-1.0236
0.683
-0.5724
1.331
-5.7073
0.7797
2.6521
-0.3695
1.2437
-9.4255
-0.5416
-1.20057
3.1626
1.59276
0.4311
-2.263
1.93863
-0.685
-0.1302
-0.754
0.1521
2.1638
1.2361
0.866
-1.6297
-0.7243
-1.5312
-0.4972
-1.6474
-1.1624
-0.0082
0.22444
-0.01311
-0.9445
1.0244
0.85025
2.3253
-1.049
0.7472
0.5642
1.4159
0.2677
-1.8249
0.1178
-2.56842
-1.09084
0.8907
0.0621
-1.56758
2.3292
-0.7636
0.7773
0.3962
-0.6614
-0.6293
-0.1425
2.481
0.54958
0.37902
-5.3419
-3.5123
2.4881
-4.7281
-1.22557
8.031
0.3869
-2.6708
-0.27416
-3.839
-0.5442
0.5075
-2.0943
-3.2308
0.9864
-2.67834
-0.43225
2.34124
-1.8629
2.9504
-12.47522
4.309
0.6819
NA
2.0995
1.836
1.3558
9.4488
-0.195
-0.2861
1.80003
-0.2205
0.1534
-1.0417
-0.4701
-4.68958
-0.2731
2.0983
-0.00443
0.54337
0.35542
2.21806
2.52719
3.60431
-1.4776
0.324
-0.9401
-1.5573
3.8276
2.39252
-5.43975
-0.2446
-0.0313
-3.14722
0.6136
0.2594
-1.3609
1.509
-3.10779
-1.2959
-2.9459
-1.16858
1.42368
-0.391
1.3417
-0.9167
-17.09586
6.3772
4.1601
-9.94261
-2.31432
-1.3799
-2.1391
0.1662
-1.90634
-1.12133
-1.6904
-0.00763
1.8359
-1.71286
0.6331
-1.99217
-0.5118
-1.8582
-0.1668
0.1328
1.68618
-8.6703
1.44745
-1.5531
0.07264
-3.32496
-0.75014
-9.00157
0.02261
-0.2254
-0.3299
-0.3583
-0.9023
2.38729
0.9172
0.2132
1.35954
-0.8951
2.6007
-0.5059
-1.85126
-2.21779
3.5193
-2.2793
0.41027
-2.78805
0.4018
-6.63901
-2.8886
-2.8766
-0.8512
1.183
2.9275
0.09478
0.9848
2.3927
-0.4664
-4.4375
3.9321
-0.58166
3.6183
-1.49416
1.81457
-2.4262
6.64656
-2.58023
17.57309
-4.19855
4.73931
1.32266
-2.3291
-0.96379
-0.8154
2.4127
0.66096
-0.39837
-0.39741
0.66976
0.3071
0.62
0.465
-1.07496
0.65346
1.01178
-0.83949
7.15754
-0.85621
2.9694
-0.6233
0.07179
-2.8932
3.20806
-0.049
0.1532
3.1324
-1.93314
-1.372
0.501
1.34403
0.6248
2.0114
4.7812
-2.1073
-2.0487
0.49497
-0.7346
1.3647
-2.3203
3.09392
1.9574
2.0733
-4.51712
2.4062
-0.6424
0.4538
0.00814
-1.4479
2.08496
1.721
-0.52621
-0.7063
-1.9242
2.59153
0.56873
-0.7659
0.49252
-0.1985
0.4694
2.33473
-2.9513
4.1336
1.0316
-1.9638
-0.71248
0.2481
0.6866
-0.63413
-1.37103
-0.2144
1.4057
-4.51849
-1.6229
0.75736
-0.87108
-0.7421
0.759
0.08155
-0.156
-1.2546
-1.6833
-2.7974
1.10652
-0.00917
1.3866
2.1423
-0.969
1.6252
0.16016
2.2927
-1.96206
2.00755
0.2072
0.5379
3.1923
0.6163
-1.32263
0.85159
-1.40494
-0.1269
-2.96198
-2.95836
4.23043
2.2449
-3.2438
-0.16845
1.3086
-0.5633
1.65496
1.0375
NA
-0.2814
-4.46185
-2.6937
2.0977
1.4852
-0.7382
4.4632
1.58774
-0.16228
-1.24664
1.0467
0.316
0.19398
-1.5801
-1.5164
2.0855
2.59289
2.3137
8.4902
0.87744
0.0557
4.95645
1.65463
-0.1728
0.9292
0.5328
2.15771
1.033
-2.1221
-0.4571
0.1762
2.552
6.7393
1.7185
-0.8201
3.52
-9.8207
0.5202
-0.6117
2.38274
0.1109
-0.1803
6.0423
-0.3021
0.96699
-3.32537
2.9409
-0.0681
-3.6316
0.56506
-1.0354
-2.20918
-3.82773
0.7351
-2.21315
-0.49173
-3.775
5.83063
1.4207
0.64231
-0.9383
-3.88065
-1.6032
0.53135
-1.79121
0.16282
1.51577
-2.0129
-0.206
2.194
0.38237
-1.68085
-1.0188
-6.0762
-1.5134
-12.08741
0.43
-1.5387
0.38141
-0.2473
4.2362
1.71925
-0.69639
-0.9437
1.42623
2.79462
1.6771
0.8806
1.43257
2.2351
4.1411
0.8654
-0.1854
-1.6289
-2.2271
-5.0667
4.0751
-1.82996
1.6287
3.4617
1.5567
1.52776
3.469
0.5956
-2.697
-1.43804
-1.22124
-1.34823
-7.66449
-2.5404
-1.3911
0.0471
0.51947
2.13477
5.70549
-1.0778
2.596
-0.73804
-0.74953
-2.0638
-0.31634
-2.46656
-0.90852
0.0049
-1.8588
0.5111
1.1183
-2.1476
-17.7298
-0.2538
0.15879
0.10058
0.10022
0.3862
-1.2474
4.2248
2.7004
-1.20601
2.2989
-1.2756
-0.5629
0.67366
0.7898
-0.3264
0.6908
-1.1521
-0.0496
0.2277
0.3758
1.1709
4.2562
-0.43353
1.2153
-1.22585
-4.0584
-0.96619
-0.88862
-2.43932
-0.7994
5.58815
-1.3761
-0.32675
-2.0749
-1.1478
0.5471
-1.9835
1.5105
-0.6818
1.5528
-2.8769
3.0859
0.7543
-1.393
-1.23529
1.3408
-0.7115
-7.2996
-2.1387
0.4449
12.3897
-3.0636
0.6383
-7.8962
1.5071
-2.0021
1.49715
-2.85175
-2.1173
-1.4229
0.7688
3.2464
-2.35498
0.5966
-2.8557
-0.7086
1.9728
1.6518
2.8067
5.1321
-3.09473
3.693
3.9684
-0.9197
-0.74615
1.49428
10.17523
-5.7345
4.1469
-0.1229
4.56138
-2.35082
-1.9723
-0.7151
1.18
0.0352
0.8251
0.6262
-0.48573
0.6045
0.9328
2.76442
2.41209
0.1035
0.9366
-3.16098
1.5429
-1.4685
3.6215
-0.8591
-0.5563
-2.7407
4.72646
-1.5269
0.5475
1.6296
0.6639
-1.6678
2.1656
1.22702
1.0685
-0.07814
-2.5766
-0.5216
-3.26926
3.43676
-1.0718
-0.25247
-1.2892
-1.4872
-0.4032
2.14366
1.67296
3.00541
-5.11061
1.4163
0.5866
-1.8528
0.0403
-0.22497
2.2392
-1.5702
NA
-3.43439
-0.8448
-0.73219
-2.1147
-0.664
3.19235
-2.1645
-0.2018
0.1702
-3.7444
0.61917
1.96024
-4.524
0.39517
7.38946
1.54242
0.52429
-1.64337
0.4638
-1.63784
0.93
-0.8759
-10.1088
-0.5792
0.52001
-6.3456
-2.9458
0.7773
0.67958
3.54961
2.2862
-1.0458
2.9871
0.5551
0.77925
-1.9348
1.3972
-1.32208
-3.8656
-1.77005
1.70393
-1.34803
0.0265
-0.5049
-0.7457
0.94235
2.2088
-1.7055
-9.23334
-0.2799
-5.6831
-0.3369
-0.21863
-0.9792
0.00632
-1.43782
-0.7668
1.77869
1.161
-2.8063
-1.62997
-1.97759
-0.9086
-0.4941
0.3062
2.76846
0.04595
-2.7107
-2.6654
-0.3468
-1.0737
-0.6902
3.3912
2.50043
2.0234
0.22032
1.18304
1.36566
1.1114
-2.82858
1.38766
0.23481
-3.86051
3.03952
-1.1039
-0.7315
-2.0403
2.8418
-0.2305
2.27987
-0.74161
0.2042
1.6887
-0.0514
6.5156
2.21534
3.166
1.7356
1.96371
2.16234
2.2846
0.1085
2.3613
-2.7905
0.75508
1.0061
2.0245
-2.96407
-2.17864
-2.8136
-0.5099
3.4428
-5.1459
1.97482
-1.35166
NA
3.097
-1.87758
-2.33929
-1.4987
4.0677
-0.21391
-0.48601
0.40802
-1.36447
2.33647
-0.9496
3.9162
2.63191
0.2129
-1.2719
1.2932
0.3879
1.56345
-1.2555
-2.2305
1.4566
-1.5919
-4.1601
0.01959
-0.2527
3.5036
-1.5603
-1.73416
-0.9488
1.186
3.8497
0.04097
-0.052
-0.6284
0.49154
-1.3889
-0.8992
-1.62026
6.57704
0.6108
3.9165
2.444
-0.15876
-1.07088
-0.53076
-1.3399
1.5553
-0.6505
-0.1362
-1.6822
0.7201
4.49911
0.90911
1.0654
-1.67597
3.93603
0.9659
0.7377
-0.7889
-0.4153
1.0876
1.45604
0.25313
-14.2033
1.278
-6.6596
-0.3999
-0.75593
2.0316
0.41801
0.479
-0.86205
NA
1.8238
1.30413
-1.1107
0.14724
-3.4662
3.3037
4.791
-0.83055
NA
-1.27165
-1.4498
4.734
7.49207
-0.0852
-1.4364
-1.09668
3.0768
-0.88355
0.40852
-0.27835
-1.51876
0.2601
0.9282
0.9048
-9.2584
1.2742
-0.11601
1.5005
-1.9403
0.5069
0.86466
-3.6912
1.2191
0.04082
0.50141
-0.86883
1.25644
0.2556
0.5435
0.1431
2.07312
0.00834
0.30088
-4.9238
-7.19219
0.102
0.93641
-0.16279
-2.3081
-0.499
2.3563
-0.6817
-0.2113
-1.67328
-0.33409
0.10195
1.60512
-0.16697
-1.26441
1.1774
-0.5385
2.6592
0.74626
-1.3403
-2.7968
-0.7459
-1.8466
-0.6887
-3.0194
1.18132
-2.2942
-0.7426
1.75273
1.5325
-0.7806
5.7879
-1.3328
4.7042
0.5186
-2.50913
0.6181
-0.69468
0.1534
-0.1467
4.8689
0.2334
-0.31745
-2.3576
0.09433
-0.6474
-0.88411
-0.05635
2.2142
0.76239
-0.1556
4.1514
-2.2279
3.5969
0.6238
0.3785
-0.60786
-3.32679
2.8895
-3.2648
0.5655
0.40074
-6.3772
-0.7111
-1.3645
-0.03497
-2.0916
-1.09209
-3.3622
-1.93468
1.2635
1.2931
-0.51955
2.10477
0.683
-0.7638
3.2703
-3.0378
-6.2696
0.413
2.0762
1.2103
0.08094
3.126
-0.05175
0.47713
0.947
-2.38475
-1.1938
-0.8468
0.52377
1.2996
-0.7285
-3.0619
2.59944
-1.2957
3.1572
0.2019
-1.29783
4.4057
-0.6692
-2.1226
1.2318
2.74583
-0.03023
-1.5453
-0.3563
-2.4014
-2.7001
0.3644
1.55431
-1.41766
1.82482
-0.3427
-1.07402
-5.99139
-0.5865
2.21815
1.58644
-0.5568
-1.7635
0.2729
-1.6875
-0.2352
2.39094
-0.76024
-0.3959
1.6209
-3.00068
-1.87435
-0.8649
-1.86057
0.51305
-0.0286
-1.0547
-1.69592
1.11855
0.692
-2.9184
1.2317
-2.09
1.50732
1.1436
-0.1011
9.4817
0.216
-2.8593
-2.78363
-2.2414
-0.3712
-0.9156
-1.7556
1.04589
0.3714
-1.3239
-1.11208
1.8246
5.48653
1.5949
-1.21311
-0.3224
2.7093
0.78163
-0.1276
-2.61265
-1.32983
5.32854
1.151
3.1443
-2.2327
1.0976
-1.4556
1.701
0.4446
2.80549
-1.9023
-5.4401
0.4856
-1.98758
-0.177
3.16174
0.72859
-0.16094
-2.13718
-0.5377
6.7775
1.3829
0.24806
3.4242
-1.4198
-1.328
-1.45942
-0.07295
-0.8171
-1.55284
-0.2902
-0.19482
-1.91819
-2.307
-0.42687
1.9712
-0.2428
-0.41466
-1.859
-4.9856
0.02251
2.99334
-0.2175
-0.05946
-1.82372
0.89716
-1.01357
-2.3889
-0.11594
-7.69379
-0.0675
1.4766
0.62074
-0.226
5.11077
1.09502
-0.2007
-0.9367
-2.22535
-1.3198
-5.496
2.5738
3.6758
-1.5833
-1.09035
1.1526
-4.6597
-3.3926
-0.6836
0.928
-0.6766
1.26
-0.5282
1.70932
-0.826
-1.34578
2.73136
0.98831
1.31275
0.879
-1.96736
2.77885
-0.106
0.93506
0.37228
-0.82767
-0.92372
1.65297
NA
-1.1382
1.5104
0.121
2.5305
-0.83825
NA
-1.6726
1.629
-1.274
4.266
-0.92608
-1.10228
-1.06174
-1.5533
-0.515
1.27451
-2.6133
-2.5022
-0.4449
-0.4296
-3.2839
1.9146
-11.7792
0.2723
-0.00782
-1.3906
-0.1887
0.4462
-4.2911
-0.23342
0.1503
2.95132
-2.52893
1.9841
1.5405
-0.2411
-2.1031
-3.6445
1.833
-1.1061
3.2545
1.1058
-0.7376
1.1222
0.3578
0.8837
2.2094
-0.96278
1.52542
7.518
-3.7709
-5.09128
9e-04
0.7028
1.3314
1.6988
0.8305
-4.2447
7.4824
2.1605
-1.214
-0.68687
0.30179
1.515
1.6892
0.40718
-0.06406
0.3612
-1.66872
0.8072
-0.62639
0.30816
3.02222
0.0161
NA
-0.113
0.2993
-2.29218
-1.00067
-1.32019
-0.2216
-3.38368
-0.40695
1.9321
1.0728
1.0345
-1.02976
-1.2741
-1.25012
-2.53126
1.1846
-3.5127
0.4223
0.5249
2.7443
1.26549
-4.981
-0.6958
1.5162
-1.4872
-1.4247
-6.59727
0.1188
3.5683
0.8392
2.4317
-1.8444
4.14246
4.2936
-0.3693
-0.63957
-1.4836
0.6793
-0.2312
-0.0354
0.48996
0.0204
0.06147
-0.88068
-1.11808
0.1297
-1.6559
-0.9019
1.4696
2.40036
0.50957
0.5689
-1.51641
-1.2277
1.3191
0.83539
-2.68266
-3.14787
2.0171
-2.87959
-1.4076
-5.1817
-0.95593
2.9316
1.92379
-0.5378
0.3947
0.4319
1.8488
-0.21
-2.5719
-1.372
-3.0658
-0.03306
1.0841
-0.6017
0.2735
-0.025
2.34523
-3.0328
1.5048
-2.51105
-4.6006
-0.32739
0.69597
-1.1496
1.25507
1.13819
-1.3734
-1.11959
-0.5554
NA
-2.4026
-0.27529
-2.406
0.03521
-1.78273
-1.4289
0.32333
-0.37569
-0.6111
-1.2601
NA
-0.1697
2.54556
-1.82134
-0.0871
0.0812
0.8033
1.82585
-1.8727
0.39969
2.2629
0.92648
-1.164
-2.2459
0.9119
2.1726
1.3144
-2.08287
0.87379
-1.92315
NA
-0.0103
-0.5795
0.99772
-2.70824
2.495
2.42448
-0.2376
-0.7051
-0.9927
2.3598
-6.21252
-0.1671
-0.7615
1.1524
0.8493
1.02278
-2.58674
-1.0777
-1.0149
0.5349
-0.59176
-2.8293
2.53343
2.0882
-6.992
-0.1951
1.5328
-1.0848
-0.905
-1.9464
-0.0474
2.16189
-0.689
2.82733
-1.758
0.1616
0.00754
-0.6777
1.4264
-0.1827
-1.56181
-0.8371
2.691
-2.9088
NA
-0.6848
-2.29656
1.1781
-1.1241
-0.07747
-0.9796
-0.71462
0.2706
1.4653
-2.0305
3.5771
-5.1321
-2.81619
-0.54511
-1.30838
-4.0617
1.2318
-1.20814
-1.4517
0.91101
1.2016
-1.9074
1.6135
-1.1906
NA
0.3352
0.63622
-1.4725
1.5286
-0.2658
2.646
-1.5928
-0.1132
2.63652
1.05721
0.6847
-0.99955
1.7497
1.3184
-4.23863
2.0063
4.8842
-0.4095
-1.2628
-1.7324
-9.50401
0.5419
33.04325
-0.9114
-5.453
-0.86926
-0.8579
-2.0275
0.1075
0.8128
2.5883
0.7843
-0.35008
-1.764
-0.2693
-2.3994
-0.62361
2.36368
1.2714
-3.427
-2.4345
-0.28523
2.667
-1.892
7.40464
-0.0228
4.0568
-3.2002
0.6808
5.67761
7.2557
1.95355
-0.97624
-0.6757
-1.253
-0.1015
-1.2498
-1.4764
0.51289
-0.1813
1.6918
-0.77303
-4.90963
4.2603
-0.50455
-1.2462
0.07007
0.10084
0.46822
-0.3044
NA
0.5091
-0.4504
0.2923
1.98414
0.88749
1.052
-1.28922
0.0843
-2.4484
2.76488
1.6721
-0.94934
0.8481
-0.1802
-1.7818
0.6313
5.1409
-0.9979
-2.297
1.8155
-0.88174
-1.501
0.5838
-0.48624
-0.32418
-1.2206
1.6163
1.4116
0.11557
0.17626
0.29815
2.6349
6.53622
-2.51557
-0.68651
1.3795
0.1176
-0.3796
0.77783
-1.00373
0.0159
1.4278
3.1384
2.1104
-4.91333
1.4202
0.33346
4.35541
NA
-2.40071
2.2991
0.5109
-1.5369
8.5826
0.26434
-0.2288
-0.7443
-0.8328
4.39032
-1.15616
-0.5106
1.4942
0.1432
-1.15766
-2.07579
1.0594
-3.44963
-0.2247
-3.63397
-0.1968
-0.3405
-1.47276
-1.2494
-1.38997
-4.7729
1.3517
0.8529
-0.73082
-2.5257
4.78316
-0.1259
1.1058
1.7203
-2.01589
-1.52494
-14.88066
-0.0053
1.69813
-1.85893
1.71835
2.56154
-1.7022
-1.3934
-1.0714
1.12601
2.0462
1.38068
4.0544
1.65233
-3.0267
-1.77299
0.3554
4.3983
-0.54443
-0.9917
-2.43046
-0.1078
-0.2819
0.5313
0.90739
0.42292
1.72481
-0.67389
-0.11009
-1.2834
-0.38431
0.1926
2.25204
-0.59592
0.13075
2.1111
0.54686
1.4362
1.03636
0.7652
1.9386
1.45807
-0.8052
0.11242
-6.15158
0.3762
0.7085
3.8494
1.248
-0.6848
-0.0494
0.4567
-0.1498
3.91287
2.85713
0.73565
0.0847
-1.979
0.9784
1.7165
-0.2982
0.9723
0.2785
-2.6535
0.56674
0.75886
NA
-1.9977
NA
NA
NA
NA
NA
NA
NA
4.9108
-2.50893
NA
NA
NA
NA
-0.65264
NA
NA
NA
NA
NA
0.98585
NA
NA
4.7138
NA
NA
NA
NA
2.4001
NA
NA
NA
NA
NA
NA
NA
-2.37388
NA
NA
NA
NA
NA
NA
1.1901
NA
NA
NA
-1.8994
0.24394
1.6597
NA
0.3589
1.69244
-1.13702
-1.93548
-1.7193
3.6466
0.63695
3.4874
-3.3464
1.1388
0.2598
9.9773
0.03077
-0.20399
1.0022
-0.5262
-1.1232
2.08631
-4.0578
-2.6155
-0.9215
-0.78019
-2.2006
3.8751
-4.0841
0.48763
0.8551
-1.23623
-0.07573
-0.1114
-1.22829
-2.3355
-2.2169
5.6629
-3.0044
-0.074
0.38744
0.69281
0.24937
-1.9942
-1.5777
0.2457
4.1432
2.8904
-3.5239
-1.3329
-1.13791
0.54276
1.3153
4.8162
-1.4761
-0.2228
0.4239
-2.6502
-4.1336
-0.54641
-2.9989
-0.81522
-1.5669
-1.29174
-0.3762
NA
NA
NA
-1.0617
-0.20563
1.251
0.82406
1.0594
0.32739
-1.54507
-2.17321
1.47029
-2.8944
0.2492
1.17236
1.47904
1.5229
2.55009
2.6758
1.4834
0.9929
-0.8992
-5.59
-1.3042
-3.1866
-0.9371
0.9933
-2.495
-1.3291
1.1373
3.511
-1.77375
0.8937
-3.9748
-0.41312
2.11154
2.92672
-3.5453
6.38289
-0.45426
-4.8922
0.49265
-5.3069
-0.9836
-1.4161
-4.37755
-6.1819
2.9886
2.53075
-1.4457
1.04483
-2.70343
0.4742
-2.1265
-1.5309
-0.35192
-0.60709
1.22475
1.9094
1.15171
-2.3966
0.12529
1.73932
2.43779
0.20585
1.158
4.25997
-0.27555
-8.9836
NA
0.82151
-2.3358
-0.6429
0.3065
NA
-1.0957
NA
-2.6907
-0.9488
0.4741
-0.757
-0.9847
-1.10193
0.58121
-0.3068
0.9786
1.1721
1.2444
-0.64145
0.8331
2.8631
3.7983
3.5722
-2.27488
3.20695
-2.6285
-1.1925
-0.1494
-1.0578
-3.19
-1.04864
1.04498
0.8185
2.6238
0.0907
4.99041
-0.47959
-3.5782
0.4152
1.2212
3.8867
2.9378
7.08797
-0.4409
-3.2466
-0.6189
0.0961
2.05753
0.056
11.00064
1.5586
-1.76935
1.5849
2.0553
-3.352
1.6612
-2.27436
-0.8984
-2.4704
-10.1842
-3.83581
3.0867
-0.35166
-0.09169
-1.43093
2.87844
-0.3476
0.9089
0.75622
-0.054
1.15114
-1.6292
NA
-0.79476
NA
0.97688
0.94486
-1.5044
-0.56598
-1.13151
-0.24877
1.7744
1.15867
1.1871
1.6021
-0.31481
0.57765
-0.06381
0.6908
0.6962
0.36639
-1.56163
-2.0981
0.51858
-2.3179
-1.07014
1.342
-0.3315
0.8902
-1.4073
0.5374
0.6674
1.6672
2.24198
-2.69937
-3.17209
-2.35625
-0.65822
-1.0966
4.4326
-2.98044
2.1039
-7.3562
1.8734
1.04461
-0.6688
-0.5162
-1.4449
1.811
-2.39655
-0.7102
NA
0.62105
-0.0353
-3.6951
1.67914
-1.40582
-1.32666
0.0655
-0.616
-2.72572
-0.90781
-0.1084
-2.1637
1.9033
-0.2312
-0.3996
5.6079
-1.8372
-0.6128
-0.0652
1.1406
2.9049
-0.7378
-0.9798
0.4783
1.7147
-0.1749
0.89036
0.96068
-2.5595
-1.8493
-12.07115
-2.03344
1.9046
0.55328
-0.06904
NA
2.79181
12.9263
-1.19474
0.74288
-0.9388
2.52553
-9.1126
-1.6797
3.9012
-0.37362
-0.2692
1.0016
1.7746
-0.82198
-0.92482
-0.9541
-0.30341
-3.48707
1.08296
-0.0253
0.1306
4.85294
0.44716
0.8454
2.8384
-2.2054
8.94281
-0.4251
0.70535
0.28387
0.1054
14.1621
-2.58213
0.76026
0.2964
-0.5752
0.135
NA
-0.6223
9.2439
1.5234
-0.48023
0.8093
-1.43168
NA
-0.0388
0.0937
0.8399
1.3005
4.17227
1.13371
1.0762
-3.0544
-0.77256
-0.52158
0.05906
-2.36237
NA
1.838
-0.2823
NA
0.0152
-1.78496
0.76355
2.4999
-0.07858
0.25682
1.9463
0.40453
6.20462
-1.97149
-1.18368
-0.94785
-2.4404
2.27995
1.72184
2.30526
0.2451
-3.8143
0.93216
1.4152
-0.0516
-2.5492
-0.0806
0.03086
-0.8788
-0.3311
-0.19442
-1.3837
0.387
2.6625
-0.08678
1.2104
0.2732
-0.1971
0.5026
-1.4732
2.4981
0.02239
2.4167
1.337
NA
-1.4228
0.1939
-0.65353
-3.3158
0.30259
-3.14749
-2.1636
-4.3651
-0.0163
-0.0976
-0.49186
-1.245
-2.0678
-1.93308
1.58458
2.6168
1.4227
-0.84814
1.4577
5.4123
1.7599
2.17014
2.99
3.22375
-0.08421
NA
-0.6255
0.1543
0.7515
0.6981
-0.3838
-2.0825
1.0512
0.3955
-0.162
1.7795
0.7874
1.11176
0.18
-1.7856
0.1535
0.98556
-1.8109
-3.444
0.8814
-1.0047
1.4215
-4.4579
-1.2995
0.4457
-0.8017
-2.44835
-0.1405
-1.0214
-1.5062
1.4398
1.3624
-0.527
-0.71643
-0.214
NA
-0.929
-0.5706
-1.00325
-0.29
0.1314
-0.5372
NA
-0.3434
-0.01168
3.1234
0.7653
-0.89808
-0.6024
-0.4126
-3.48477
-1.1016
-0.55106
0.0361
-0.385
-0.09956
0.21888
0.1721
NA
0.15992
-0.67366
-0.2937
-0.3864
2.1981
1.38339
0.44904
-1.43123
NA
-1.13738
1.7102
-1.0341
-2.8021
-0.6421
NA
-2.00117
-1.7451
NA
1.22577
-1.5309
-0.1789
-0.31549
0.5553
0.4048
3.34096
2.18425
-0.1374
-1.0001
-0.38041
0.27032
1.8697
2.60729
-2.56086
-0.2364
0.62699
2.5744
0.3062
-1.2585
0.7518
0.10583
1.45169
-0.48275
-0.83924
-1.79732
1.41605
-0.19649
-0.9955
-8.5949
1.1946
-0.8393
1.52539
-1.14433
NA
-0.6289
0.3612
-0.5979
1.0975
-1.43296
0.5826
1.7318
1.7019
2.11708
-0.8581
NA
0.01934
-0.3534
0.4899
0.87355
2.79567
1.4191
0.7206
-2.36143
-0.95469
-0.2315
-0.10338
1.99373
0.40582
0.7476
2.3976
NA
-0.06269
1.1407
-1.2611
-0.90306
15.3177
-2.9062
2.02798
-2.1691
1.3974
0.68807
-1.51447
1.4903
1.71285
0.75459
-1.6398
-1.65529
2.2081
-3.0681
1.8716
1.0101
-0.2223
-2.59271
-1.1051
0.50609
-0.6031
-2.2331
-0.0335
0.2352
-1.5079
-1.8068
1.02163
-0.28812
-0.6331
-2.21915
2.2639
-0.3664
-0.84223
-4.3788
-2.1455
-1.5253
-0.7545
4.99283
2.6746
-1.97707
-0.65329
0.3635
-0.9815
-0.63431
0.4366
1.285
NA
2.3982
-2.7883
-1.86186
-1.26593
-1.1275
1.12731
-4.75075
NA
-2.17692
-0.5935
0.6746
-1.3862
-4.0029
-0.5602
1.1243
1.849
0.5322
-0.83019
NA
-2.04112
NA
0.7596
25.60662
-0.69726
1.50059
-1.574
NA
-1.99096
2.54688
-0.4283
6.52192
1.21206
2.4164
1.2604
NA
-0.70354
0.8935
0.07884
-3.06589
-2.1845
-0.3487
NA
0.64508
-0.07189
-3.835
0.84816
-1.40327
0.309
-0.5192
1.7007
-0.6916
1.4592
0.4379
2.50506
1.37775
-0.9334
0.27941
1.5888
3.85033
NA
-2.5992
2.84007
-3.9042
NA
0.8458
-0.78019
-6.4159
2.5137
-5.56802
2.4809
-0.0224
1.9944
-2.942
-0.69267
-0.0688
0.29956
-1.11581
0.7669
1.36917
0.5484
1.5593
-1.74729
NA
1.33744
0.2805
2.0937
-7.0328
-4.1338
-5.8731
-0.11291
-2.09772
1.0293
-0.0498
-11.0505
0.4029
15.8457
3.34477
-0.4028
1.10985
-0.2381
17.78841
0.40972
-1.9858
-0.6148
-0.12328
-2.11462
-0.2369
2.13145
3.64969
0.32888
0.8869
-1.6628
0.6662
-1.89019
2.76672
0.47189
-1.245
3.54602
-3.0471
0.38055
2.98793
1.9497
0.76299
2.88881
-0.4473
-0.64602
1.49641
3.03692
-1.7803
1.00881
-3.7297
2.55854
-2.7657
3.26885
0.3014
-0.3005
NA
-0.7018
0.0877
1.0359
1.34523
-0.4831
-0.62197
0.33045
-3.39211
-1.85548
-2.05492
-1.93631
-0.6794
-0.37172
0.0284
-0.72138
-3.3184
-1.46206
-2.0284
-1.2998
-1.41228
2.4524
-0.8832
-1.8337
-0.97034
0.51207
-3.8593
-25.86394
2.6625
-2.8691
-6.18044
2.4252
NA
3.36968
-1.9625
1.7743
0.4365
-2.2293
-0.76014
-1.90185
1.27894
-1.9109
-1.85256
-0.1047
-5.3801
0.11546
-0.36067
0.1952
-0.23211
-1.0223
3.85704
0.1062
-3.3158
-7.6947
NA
1.0977
1.14647
-0.6385
2.1303
-1.79997
2.41148
4.56116
-0.8833
NA
0.5603
-0.3561
6.16482
0.80082
-1.3983
-0.6466
-0.0542
-0.533
0.2464
2.61016
0.47768
0.6039
1.8889
0.3603
-1.17165
0.06092
2.0598
1.45357
1.17589
0.80995
NA
4.5286
-1.3633
-0.45945
0.83632
-0.24089
0.0392
7.43862
1.51754
1.8847
-3.39273
0.99918
0.6676
-0.5045
-1.0601
-0.4725
-1.47932
-0.61792
-2.92249
0.8984
-0.7093
-0.8659
-4.4653
0.56851
0.67077
-0.3692
-2.05429
-0.0998
11.6821
0.2695
-0.94427
-2.4704
0.0879
-0.06864
-1.67489
-1.9103
3.22116
-0.6641
-0.32164
0.42564
0.8097
-2.1542
2.98065
-0.0108
1.57701
1.4343
-1.9211
-0.4198
-2.0338
-2.9677
-0.23676
0.193
0.89602
-0.57705
-0.16388
-0.366
-0.2081
-6.0278
0.7162
0.51579
0.02114
0.6991
NA
0.8284
3.72243
1.9131
0.30448
-3.635
0.3042
NA
-2.2012
-9.86991
-0.6674
4.9031
1.1327
-5.69696
NA
2.6646
-0.61662
3.01287
-0.29054
-0.6243
-0.19521
0.1405
3.71331
-8.61667
-1.25907
-2.28866
-1.22357
0.5858
-0.0979
-0.3878
0.0873
0.91591
-1.0785
NA
-0.14674
0.9069
4.2711
3.04844
1.23659
-1.38614
3.79954
-2.94197
-3.76831
0.40718
-0.32458
2.9596
1.55781
-0.28922
3.0114
-3.91624
11.2484
0.78354
1.2782
-2.0369
-0.11846
NA
NA
1.6423
1.3667
-2.14574
-0.0916
-1.52526
-3.15547
1.46166
1.3793
-1.408
0.30582
-0.67718
1.98493
-2.76755
-1.38477
0.4925
0.3608
0.11987
0.03411
-0.6559
0.3237
-0.22831
-2.16579
-0.75031
1.4592
0.00929
0.30264
-4.0009
-0.64163
-0.7073
-0.6153
NA
2.24613
-0.6745
-2.6329
-1.00927
-0.4579
0.1886
-0.4453
-0.9914
0.2204
1.90732
0.72998
1.4817
NA
2.83819
-1.6715
2.72623
-3.3014
0.2447
3.3111
-0.25507
0.80342
-0.5306
-2.6769
-3.05621
-0.34518
-6.4647
0.4089
0.346
-0.2688
-1.1439
2.32678
1.28065
-0.49714
-0.7225
-0.8731
0.8018
2.2816
0.1838
-2.2332
-1.1824
1.2669
0.3636
-2.2918
-2.7962
0.3363
0.2711
2.44158
-0.3062
0.4626
2.8739
-10.8335
-1.7318
-2.88571
-0.5395
1.3362
0.99999
0.81625
-1.06206
-2.21004
-0.35212
0.6439
0.7693
-0.5879
-0.27133
-1.30862
-3.53897
0.29843
-0.6404
-2.12771
0.78644
0.21774
-1.04249
-0.81957
NA
-0.69991
-0.9728
0.5355
0.63995
-0.45548
-0.14408
1.5719
0.64216
2.4058
-0.2256
-1.57414
1.36963
-2.34963
3.0998
0.9268
-2.0743
-0.9081
1.20362
-0.2622
-1.7709
-0.87391
-0.24046
-2.9687
2.1466
-0.4442
-1.06385
2.015
-0.92875
1.83123
-8.41777
-4.41872
-0.9527
-0.32301
2.67576
-0.33097
0.3009
-0.7204
NA
0.5981
2.1677
2.3539
-1.7759
2.76052
-0.55945
-0.4024
0.03306
3.0017
-2.8445
1.82842
0.4947
-1.0214
1.2414
4.5701
1.16188
-1.2519
5.5365
-0.72596
-1.3147
0.1967
0.38366
1.6204
1.8163
0.7521
-1.85792
1.5195
-1.0229
0.49478
3.9762
0.8433
1.2609
0.583
0.0228
1.30463
2.6758
1.7126
0.0214
1.6337
-5.0592
5.01162
0.12938
-1.54599
2.81956
0.20571
-1.95262
-0.644
-0.0049
-2.46992
-0.4018
2.82868
-0.5987
0.02063
0.5574
-3.581
-2.4281
4.2547
2.54685
-0.14879
NA
-0.01411
-3.20254
-1.30407
1.7471
-1.1634
0.5831
-0.6794
0.04609
4.49967
-7.24522
0.39725
0.04223
-0.84606
1.15603
-2.41746
0.14722
0.63677
-3.1276
1.98391
2.3688
0.60051
3.2634
0.05497
-1.3055
-1.7126
-0.81332
-1.4779
-0.92774
0.33498
5.68207
-3.5815
0.2877
6.09216
-0.4368
4.18748
-1.4173
-1.66995
-0.1066
-1.2412
-0.5526
-0.6135
2.05505
0.22235
-0.6536
-1.2324
3.29012
-1.7881
-2.9577
-0.5987
0.5434
3.2938
0.31296
-0.16852
-0.74906
3.51541
0.0704
-3.00784
-0.5483
-2.15047
3.45277
0.24862
6.70431
0.4197
-0.38598
-0.8573
-0.55192
2.86118
-6.2543
-3.6279
-0.4725
1.1057
1.28559
-0.52162
-1.13538
-2.5378
-0.91313
1.2033
0.72283
1.66479
-1.3226
-0.6981
1.0745
0.95687
-0.73214
0.58132
0.59386
-1.63809
1.2229
0.805
-2.49694
-2.7107
-2.052
0.35856
-1.45408
NA
1.80751
0.9912
-1.87881
1.14869
-11.5571
-2.1459
1.7846
1.32234
0.5839
-1.2745
0.1016
-0.15221
-0.7799
2.1521
0.5117
NA
0.3235
-0.22605
0.30236
0.58183
0.5003
0.48095
-1.43154
-1.0649
-1.557
0.95461
3.3715
-0.6268
0.0589
1.5328
-1.41442
1.24904
-0.01955
0.27549
-1.5692
-0.70843
0.3111
0.0684
-0.38173
0.26411
-1.02055
0.95575
0.45368
1.6138
-0.50091
1.04977
-1.1051
0.11986
0.81872
0.584
0.06399
1.2625
0.08716
-4.9313
0.39081
-0.45529
1.08507
0.79938
0.4308
-0.84185
1.4696
-0.59758
3.3205
0.58803
1.3706
1.13857
-1.593
1.51266
-0.67022
-0.59366
0.43074
-0.45352
0.46688
-0.7998
1.5863
0.30785
-0.32198
1.28301
0.4953
-0.7429
-4.5619
-3.07101
-0.81108
-3.44225
-1.49608
-1.9761
0.94404
-0.70133
-4.4728
0.889
0.3913
-0.81525
1.4346
0.07469
-0.2207
-2.9314
-0.9676
-0.82448
1.7
-3.4116
6.7014
0.6384
0.3113
-1.569
0.2528
1.8666
-2.5709
2.1454
-0.0631
10.729
-4.6766
0.0298
-0.00243
2.06123
0.3292
0.699
-2.2803
-2.9684
0.1649
-0.5478
-0.6524
1.0672
-2.684
1.7342
5.3442
2.1469
1.8524
-0.6147
-1.3473
2.0777
12.613
2.12801
-1.9467
-0.4881
0.2946
-1.7125
0.1398
1.2938
-0.0493
0.29417
-2.57581
1.6702
-3.2606
-0.25131
-1.3756
-1.6161
0.5096
2.4852
-2.4668
-2.6322
0.0139
-0.7045
1.0442
-2.748
-1.9708
-0.11382
7.8848
-4.2529
0.5303
0.82508
-1.64822
1.24702
0.48086
-2.5797
0.9496
0.83425
-1.3947
1.0954
-0.9003
-2.0988
0.2029
-1.16452
1.07065
3.2182
-0.99222
0.58916
3.56885
-0.7639
1.26975
0.61779
-1.66531
-6.2762
1.1869
-1.5421
4.14088
-1.6566
-2.12057
-0.00322
0.82011
3.038
1.7787
1.7716
-0.28617
-2.6391
0.673
2.54403
2.4248
1.6715
2.6758
-0.94158
-1.8921
0.0279
-2.2616
-3.10846
-2.0919
-1.3898
-2.26669
-0.86477
7.9321
2.78084
3.0917
1.54188
1.41444
-2.02508
-2.05387
5.0747
-0.4305
-2.01162
-0.4469
0.7259
-2.3991
-0.21671
0.77732
-1.5011
0.079
2.6643
0.0084
5.964
4.3128
-0.66303
4.93922
0.28077
-2.9621
-1.29642
-1.00828
2.4898
3.49374
-0.2898
-0.93943
-2.60801
-0.20173
-2.9285
-1.14571
1.8589
1.6728
1.2123
-4.56868
4.1924
3.03195
0.98722
3.7513
1.7309
0.4942
0.0975
-1.965
-1.3384
0.5525
-2.3904
-1.0943
0.74426
-2.6004
1.0731
-1.5248
-5.5004
0.37032
4.2495
-2.2771
-0.6388
0.386
0.7715
0.6744
1.4707
-0.8911
-0.407
0.6746
1.4385
1.0313
0.5212
-2.7017
-0.2323
-0.2148
-2.1268
-2.9811
0.5611
-1.85366
-1.2357
1.1125
0.21928
-0.19341
0.92961
-0.4632
-4.7503
6.8151
-3.1213
4.6701
-1.81714
0.4601
-1.60648
4.598
1.4725
2.48823
2.09081
0.48271
-0.2894
2.3577
-0.81017
0.1116
-0.42439
0.42633
1.0549
3.47252
-2.78814
1.98691
1.6354
-1.00074
-0.1257
-1.45311
0.89653
-1.4666
0.9991
1.83949
-2.3998
-0.51855
3.69983
-3.91923
-2.03294
2.16593
1.54484
-4.16015
-1.2805
5.10233
-4.7509
-3.1844
-2.271
-0.1329
-3.10991
0.05676
-0.88135
-1.25119
1.4376
0.3874
-1.83754
1.1941
-0.6258
-1.0546
-1.0988
1.65409
1.246
3.3038
-3.0747
-5.4702
6.08299
0.36685
4.1881
-1.65696
-0.10692
-0.5116
0.6343
3.7793
0.9944
-4.0759
-2.3814
1.01418
-0.5959
5.69272
-2.00638
0.357
-4.0656
0.35272
-0.1367
-1.5179
0.7598
1.7682
2.5032
-0.0973
1.1144
-1.0434
0.3681
1.3149
3.4853
0.4549
-0.7986
1.2108
-1.2537
0.3629
-1.5542
-3.1397
4.7084
-0.1965
4.0444
0.0488
-1.49932
0.6444
-6.74427
-2.1883
-0.41622
-0.4435
-0.4902
-0.7396
3.13301
3.3255
-0.0846
-1.3614
-2.9753
1.4749
-2.19569
-0.1158
-0.0277
-0.6449
-0.6137
0.7063
-1.54857
2.1911
-4.2447
-1.82616
1.8347
-0.80051
0.10309
1.04495
-2.4056
0.651
3.2199
0.64468
1.0144
-5.6339
-0.1431
-3.42461
-0.4002
-0.65744
2.6105
0.3089
-0.1018
-7.0782
-1.4696
-5.2929
0.82635
1.16623
0.32978
NA
-2.1702
6.353
0.6198
-0.43845
1.59053
-1.7434
1.0839
0.28584
1.39568
0.23352
-1.3659
0.5816
-0.6332
-2.0274
1.9913
NA
NA
0.1561
3.8268
0.2789
-1.5908
-1.0952
-1.7815
-1.18404
1.6433
-1.3838
-0.0777
-2.0084
0.4095
-0.046
1.1437
-0.3587
-0.09721
-0.0671
3.4767
-0.17393
1.9759
-0.22437
1.09148
0.2584
-1.9775
2.5661
-0.4549
0.85037
0.98061
-3.06718
4.9924
0.74902
-11.84677
-11.65388
-0.49143
-0.4549
-9.4622
0.61699
-1.6193
-1.7337
0.7889
0.1152
2.3432
-2.52552
-0.94122
1.56742
1.6184
0.31576
-0.1095
-0.0341
-1.29953
-1.2768
-0.602
-1.86908
-2.0598
-0.824
7.63162
-1.65527
-1.2894
-0.3476
-0.50002
0.1078
2.34307
-0.9552
1.74506
-1.2724
-11.7635
-5.81126
-2.95597
3.3171
0.3581
0.6138
1.304
-1.5341
1.5621
-2.3106
-0.46884
0.47037
NA
1.3329
-0.2441
0.1798
0.66721
3.44474
1.88246
0.3116
-1.2446
0.1575
0.0416
-0.35066
3.6067
-0.758
1.2216
-1.9839
0.77353
1.304
-1.2711
-0.1679
0.6618
-2.25584
2.9907
-0.1149
-5.4386
1.2971
-1.7604
0.7142
-3.2948
7.7146
2.84877
-0.0584
-1.92631
-1.63321
-0.6067
1.23332
-6.9412
-5.1003
1.5062
-3.66603
2.78801
0.1371
0.34919
-0.9328
-0.9609
0.4514
0.8128
-0.7652
1.1978
-0.3853
1.24955
1.39266
-0.3217
2.7918
0.715
1.8132
-0.033
-4.06038
1.1958
-4.2334
-4.4599
1.8482
-1.017
1.0995
-0.195
1.2357
-0.2167
0.65002
-2.9772
1.19127
-0.0192
-1.97886
1.90003
0.5992
-2.75237
1.0385
-0.7542
-2.3854
2.5958
1.0882
2.4711
-3.1227
-0.5851
-4.85576
-0.4582
1.1184
-1.1958
4.28817
0.0292
1.0415
-0.5304
-5.4255
-0.7917
0.5796
1.9037
0.6381
4.4151
0.3029
-0.626
1.29596
-0.7954
-4.10811
-2.5729
-0.7685
1.0754
-1.731
1.3571
3.4316
3.2624
0.8248
-1.2451
-1.903
-2.152
-0.2505
0.3766
-3.4129
-1.7677
-0.145
1.5049
1.0504
0.5109
-0.7728
3.9478
0.234
-1.875
0.0745
0.8121
0.4109
1.5895
-0.101
0.7829
2.1039
1.4529
0.5109
4.3002
-0.5278
0.8676
-1.1381
0.0459
-0.48858
0.3913
2.4852
0.4606
-1.0445
0.971
1.3765
1.6211
0.8677
-0.6225
0.2399
1.4418
4.273
0.97087
0.0622
-0.1086
-2.2965
-0.4864
-0.42966
-1.6057
1.20654
1.4708
0.4637
-1.2385
1.7955
-1.1207
0.85418
0.77662
-0.06
-0.1483
-0.976
0.2222
3.9477
2.5211
-3.03213
0.2654
-0.4357
-2.82596
0.31996
0.7654
0.9384
1.05346
-0.9179
0.0295
0.1066
1.28454
1.2274
-0.90462
-2.6156
-1.04633
-0.61384
-1.6555
-0.48752
0.34976
-0.2783
-2.0566
2.1663
-1.0911
-0.7267
0.04907
-1.3334
-0.66951
-0.4643
-0.12911
5.7758
-2.5883
0.2621
0.33155
-0.2603
0.8469
NA
0.2681
4.2158
-0.2299
0.17039
0.0322
0.12698
7.92981
-3.748
6.7984
-0.6896
2.8146
1.31678
0.5476
0.51565
-0.19305
-5.4855
2.4262
-0.3899
1.0456
0.0063
-0.92726
-0.11013
0.04029
NA
-0.69209
-2.14263
2.11223
2.03374
-2.48661
1.3447
0.43037
-0.1685
-0.38534
-2.0211
NA
0.4344
-1.5941
0.27831
0.6617
0.99901
-2.0164
0.67153
0.95651
0.5846
-0.0824
-2.3815
0.39432
-2.5032
0.0209
-1.4185
-1.70107
NA
2.0217
0.5098
2.11604
1.67835
-1.7149
-0.9366
-0.11361
-2.2607
0.28633
1.86045
-2.9817
1.08026
-0.91845
-0.90757
1.2014
1.67461
-0.73613
1.8779
1.43039
NA
-0.0384
-1.4335
-0.22276
-0.9841
0.3706
0.40971
-0.2932
0.2353
-0.62697
-0.1888
-2.00531
-0.08034
0.828
1.03931
-4.2484
-1.74865
-2.2915
1.1241
-0.32399
-1.42624
-3.58774
0.6154
0.69533
NA
-0.9516
-0.5197
-0.53457
NA
-1.43198
-0.57984
0.56545
-0.5518
-0.35432
-0.96154
-1.1684
-2.27678
2.0558
-0.7797
-0.92381
-1.8785
-0.37787
-2.9505
2.1297
1.73864
2.307
0.03652
2.0635
0.07591
0.68106
0.8254
1.14449
2.2951
-0.13725
-0.2244
-1.0545
0.14371
0.56338
-0.5353
0.9042
0.93411
-1.84821
NA
2.7362
3.26546
0.14789
0.9852
-5.59
1.14983
0.0545
-0.61373
-4.01036
-0.14546
1.62009
-3.4934
0.44272
0.7162
-1.67439
-0.9131
-1.6583
2.7529
1.16566
4.10081
1.2496
-0.297
-1.0444
2.46145
-0.2702
-3.87948
-1.35578
0.9573
1.87734
-1.751
-3.22806
1.1835
3.58971
0.2502
-0.8993
-0.6072
-1.62481
-1.4417
-0.17176
-0.08837
-4.2647
-0.4053
-0.684
8.1897
NA
-0.94684
-0.1712
6.23007
0.02965
1.3914
-1.4335
0.26436
-0.02081
0.8641
1.5523
0.29057
-0.5289
-1.9939
-4.1342
-1.5171
0.23513
0.10441
1.3041
1.7382
-0.6158
-2.83962
-0.1787
0.9134
12.3095
0.6923
-0.2217
-2.116
3.4143
-0.6322
5.4659
-1.6167
-0.5838
0.50067
1.05955
1.1397
-0.06418
0.2806
0.3039
-0.6027
3.6541
0.31107
1.7263
-0.04987
NA
1.5218
-1.27498
-1.2134
-0.3147
0.1611
-1.5179
1.2719
2.15297
-0.3402
-1.3862
-1.10796
4.4374
-3.08712
-0.6663
-0.0508
2.1049
0.2234
0.666
0.21599
0.8242
-0.9152
0.93837
1.28106
-0.5202
1.6542
-0.0525
0.37622
-1.3125
1.70962
2.21109
-1.4167
-0.28545
1.5466
0.93959
-1.42907
1.0453
1.6958
-2.287
0.49735
3.7166
4.56567
-0.3989
0.38931
2.4554
-2.4761
0.85628
1.0934
-1.71256
-2.69834
0.1872
0.2831
1.0139
0.54932
0.2432
0.7695
0.6617
-1.9375
0.48346
1.17409
-2.3134
12.2816
-1.6368
0.3955
-1.6497
2.338
0.6868
-2.0449
0.6402
-1.7733
-6.196
-1.3349
-0.4485
1.39725
-0.28581
1.45488
2.30907
-0.0484
6.8744
-1.8816
NA
-0.50206
3.79503
0.0357
0.4781
-0.3021
-0.6045
-3.694
-1.43528
-1.3914
1.0569
-2.66123
-0.57512
-2.9657
0.02739
2.81566
-0.7657
1.8232
-2.348
-2.6009
0.9266
1.3608
2.88765
0.49692
1.1743
2.346
-1.18305
0.3328
-0.2427
1.0857
1.1871
-6.0815
1.1565
-0.1116
-2.10791
1.56757
-4.02091
0.01143
5.97846
0.94042
-0.9178
-2.0799
-0.2758
-5.05153
0.25867
-0.1816
0.9449
0.3599
-0.5238
-2.5956
0.0718
-1.87588
0.34324
2.0578
0.04382
0.4733
-0.1675
-3.68472
-1.04854
-0.8809
-0.4981
2.07926
-0.99115
-2.2003
-0.0067
0.8146
0.9214
-1.1184
0.35795
2.0478
2.3543
-2.1136
1.2001
0.60444
-2.36061
-1.16483
-2.674
0.6659
-0.14848
0.7056
-0.24223
-1.1271
0.54271
-0.0363
2.22107
0.8429
-1.124
-0.6354
-0.7756
0.8559
-0.3724
1.9132
1.4361
-0.1969
0.6968
2.33397
-0.68737
0.351
-0.72591
0.1459
1.0544
2.7129
-2.85044
2.0855
-0.7986
-2.94
1.0043
4.9379
-2.6254
-0.7154
1.1004
-1.1638
-0.6633
-0.4545
-0.2068
-0.4923
-3.16924
-1.41462
-0.785
2.6675
-0.16123
-1.5079
-0.1389
-11.7792
2.5574
12.33133
-0.3484
-0.66
1.82212
-0.8131
2.7133
2.22765
-2.2964
NA
-1.60774
NA
2.6207
2.1598
-0.8751
3.10549
0.69859
-0.0835
0.63767
1.6441
1.0328
-0.6046
-1.0951
-0.5464
-4.0914
-0.219
-0.43123
-0.5646
1.59542
2.017
2.1216
0.3652
-3.05305
1.3612
-2.7941
1.0834
-3.7977
1.0766
0.79384
-0.6875
-1.5986
1.76027
-1.88202
-2.2434
1.3233
0.17743
-2.7929
1.31062
-0.7853
-1.2667
0.7427
NA
1.1407
0.6682
1.3635
0.55786
1.7977
-0.9378
-5.39884
0.2571
-0.1214
0.45457
-0.31944
1.94585
-0.6224
-2.59083
-0.2453
3.23973
-1.896
0.31034
0.71883
0.91628
-1.7335
0.2697
-2.61676
0.965
-0.48926
2.13162
0.11032
1.0047
-0.3044
-1.7902
-1.5488
0.7302
0.87515
-0.41767
-0.90832
0.1377
-2.76481
0.6914
0.21314
