1.27
-4.25
-0.2135
1.66429
1.86
3.52
-1.19913
0.06076
-3.79987
-4.80437
0.1223
1.71807
-0.72677
-0.09279
-1.08
2.14
0.69117
-0.23634
-1.61545
2.14942
-0.9257
-1.23
6.69015
1.49
2.5585
1.68051
1.34872
-1.10927
-2.37
0.2938
3.269
3.58262
-0.95567
0.0849
4.71353
1.01961
-0.5844
-0.53601
-1.82
1.48447
-2.1582
-0.95352
0.90059
-1.9238
0.497
-0.1846
1.33377
4.0968
0.981
-1.87
-1.14
-3.73612
0.95716
0.89448
-1.06
0.8148
-1.552
4.1399
-1.19758
-0.74799
1.59921
-0.42055
0.392
-1.22
-1.44313
4.98
-0.683
0.2075
1.76
0.308
-1.45
0.33
1.9106
0.87287
-0.71439
1.49
-0.96456
0.11844
-1.58279
0.645
-1.98
-1.98408
1.91933
-0.89617
-1.24
1.12
0.2433
-0.5961
1.3605
0.1011
-2.62597
1.01346
-2.67
3.0956
-3.4546
3.36616
2.61
-2.9503
0.28591
1.18329
2.40896
-2.34
-1.7625
-2.08484
-1.2273
-5.33079
1.7553
1.78752
-1.67012
1.6643
0.3451
1.562
-2.95
0.744
0.187
0.1977
-0.68746
-0.119
-1.1
1.18319
2.2258
-0.29152
0.789
2.6935
0.4751
5.0897
-1.04291
0.6709
0.721
4.72549
0.7633
-0.68942
0.7312
1.5286
-0.1389
-0.3293
-0.483
3.7341
-1.02805
0.67955
-0.0215
1.0747
0.8998
0.5269
-0.03582
-1.47694
-0.68328
2.3606
-3.0067
0.82111
-1.2
0.6173
-0.3494
0.65516
-1.64743
1.07
5.2328
-0.94605
-2.53163
-1.48771
0.859
-0.3458
-1.0275
2.73866
1.14052
0.3675
-1.1074
-1.23519
4.60859
-1.37076
-1.7008
-0.82373
-1.0275
-0.92665
NA
-0.5703
-1.51848
-0.7279
2.7097
1.4008
-0.1686
2.8692
1.4463
-1.69578
2.06737
-0.34061
0.33617
1.10611
4.83632
-1.63
-0.245
0.7304
-0.82109
2.87749
1.95
1.52
4.1273
-2.6013
2.64406
-0.44079
2.88603
1.11
-1.88673
2.32138
0.61472
NA
0.24898
-0.3785
1.25
2.63
1.14973
-0.1971
0.892
-0.04832
0.18876
-0.3741
0.9476
0.4016
0.826
0.35508
NA
0.183
1.31849
-0.49353
0.9609
0.12776
-0.4551
1.4315
1.81873
-0.51955
-4.38
1.8
0.115
-0.36985
0.84935
-1.4665
1.14
-2.59053
-0.059
0.5017
-1.21
-2.9887
2.59114
-1.42512
-0.1153
-0.4985
4.94
1.57
2.23
2.96
1.2869
-0.53728
-0.17209
0.84119
0.04252
1.47
0.00933
-7.74769
-1.3536
-2.18263
-5.08
0.188
4.66932
0.603
-0.507
1.4307
-3.50205
-0.4646
0.643
-1.04
-3.5983
-2.5302
0.19517
3.3262
5.31995
-0.928
-0.5688
0.06847
0.2281
0.42534
-0.2631
-2.13075
0.67434
-1.64
-0.42062
2.4532
1.39257
1.745
-2.45748
-0.561
0.79564
-1.05
0.2481
1.31658
3.91999
0.17071
-2.2768
-1.94889
1.65128
1.18162
0.1601
4.52276
3.63158
-2.76869
2.13
-0.49078
1.2165
0.5994
4.93
-1.53
-0.634
0.965
-2.3449
-0.322
1.73072
-1.12283
0.367
1.1814
0.479
0.157
-1.00213
0.305
2.44432
0.75535
-0.012
1.50892
2.6468
4.19438
-0.01429
-0.45
-0.71867
-0.539
0.772
-1.2979
-1.02486
-1.30513
0.375
-0.469
2.6081
-5.76644
-2.65
-0.227
0.0757
0.982
-0.26413
0.4983
-1.2956
-2.34202
1.37531
1.28176
-1.3476
1.996
-0.58143
-0.974
4.06
-1.82122
-1.59755
-0.656
-3.97805
-0.96083
7.70398
0.19208
0.11105
4.0916
2.0233
-1.04466
1.86792
0.831
-2.15
-1.73308
2.50986
0.7027
0.58429
-1.20287
1.39
0.40574
0.4458
-1.87
0.52516
-0.408
-0.781
1.535
1.67805
-0.48912
-0.339
-0.445
-0.26119
-2.1258
-1.52248
0.4098
0.67298
0.3546
-5.22
-0.947
-0.4989
-1.3805
-0.2612
1.51
-0.278
3.54539
0.40201
-1.4038
3.10522
0.1659
0.584
0.1763
1.2994
2.5081
-0.125
0.64024
0.7021
-0.8618
1.92701
-0.88928
-0.2924
-0.4323
-3.19773
0.83655
-1.0633
0.02326
5.0336
1.09669
-0.989
0.498
-0.78036
-2.6004
1.5338
-0.0672
0.55
0.23582
-0.7673
1.71053
0.44329
-3.05
7.6463
1.83977
0.22662
0.1535
2.01498
-0.50615
-1.03868
-0.11
1.01866
0.0308
0.53225
-0.4676
4.79237
0.53738
1.1724
-1.6328
1.58371
1.25
0.09465
2.64
2.24232
2.42683
0.02418
0.13291
-0.1616
-2.31949
0.962
1.71
-1.41
-0.895
-0.444
-1.91
NA
-0.05935
-6.1566
1.2923
1.9177
-1.39484
0.1149
-1.08112
-1.3
2.12387
-2.28038
0.839
0.11508
4.08999
1.62
4.58
-1.41209
-0.5727
-3.67393
-2.09268
2.95777
-1.17301
2.29
3.96
1.87331
0.15392
-2.28689
0.73289
1.76475
-7.50956
-0.88503
3.54952
-1.07703
-1.9466
-2.99924
-0.801
2.6
-0.573
-1.66082
0.6877
-1.35697
-0.453
0.12578
0.03489
-1.85422
1.1216
1.87365
-0.97636
-2.0418
5.82559
-2.133
1.9557
0.399
0.75124
0.3682
-0.86401
-2.73971
-1.29
-0.166
0.7824
0.574
2.01854
-0.7878
1.38
-1.5709
-1.18
-0.338
0.72597
2.64
2.7891
3.3713
-1.53231
-0.77746
1.42
0.41539
-1.7986
-0.10969
-1.04694
-2.4433
1.299
-1.15
-0.3048
-1.64822
-1.16
0.9522
-6.15
0.8247
-0.88462
-1.51037
0.598
3.3951
-30.1
-4.00301
-7.13287
-1.74
0.833
-1.31574
0.545
0.52543
0.94947
-2.64784
0.9808
0.9429
2.2403
-1.39019
1.42744
2.20074
0.0633
0.0406
1.49
10.8
3
2.96513
0.37605
-1.45961
10.7
0.61147
0.0178
-0.09962
1.19999
-3.4772
2.56383
0.223
-0.84
-0.69228
-0.00244
-1.76966
-1.66917
-0.9584
2.41456
0.21407
4.7568
-1.4
2.53
0.9627
1.2
-0.36327
2.15947
2.86
-2.46
-0.36173
-1.49663
1.24449
1.35935
-2.07267
-4.29
-1.433
1.17683
-3.4454
2.40712
1.03
-0.617
-1.1986
-0.30757
-1.76993
0.3376
-1.96434
-0.22962
3.21704
2.76875
-0.12429
-0.2693
-2.1666
0.29815
0.438
4.752
1.7526
-1.823
1.6208
1.64151
-0.05519
0.5569
-0.477
0.1723
0.0961
0.3767
-0.11299
1.55138
0.42804
0.438
-0.0896
-0.0721
-1.2364
-0.89118
-14.7432
-0.23238
3.30896
-1.8311
-1.05
-1.5659
0.4717
2.1266
1.0996
-0.97387
1.32864
0.38037
-1.8259
1.09838
0.79447
-0.26963
-4.04371
1.33162
-0.2715
2.3362
1.2596
-1.0585
0.9661
-2.03828
-1.65901
-0.285
1.8561
-0.368
0.52803
2.05907
1.61
0.45901
0.397
0.3748
-0.7734
0.26779
1.53108
2.69943
1.41
1.7517
-1.40473
-0.2998
5.5705
NA
NA
1.86
2.2229
0.84709
-1.3373
-0.43298
-0.24957
2.8977
0.74246
2.78244
-0.46438
0.47616
-2.9632
0.3939
-0.50366
-0.16788
-3.7261
1.27081
0.6112
-1.15
-0.06811
-0.906
0.55963
-0.307
0.29849
0.8588
3.20732
-1.9059
-2.8432
-0.258
6.37418
-0.5425
-0.64
-2.1352
0.384
-1.05
0.588
-0.42
-0.728
4.0785
-0.0376
-1.36116
0.68167
-0.44412
-0.787
-0.353
3.60675
-0.75096
-0.8736
2.16243
0.619
1.25
-1.06
2.2131
-0.0359
-1.22664
0.4574
3.1909
2.2311
0.75217
-0.08555
-2.11095
-0.4113
0.0401
-6.23
1.85
1.4
4.02668
1.23392
-1.43
1.3518
3.3498
4.6994
-1.3681
1.0197
0.85838
-0.418
2.1111
3.50074
1.21469
-0.5258
3.49
0.689
-2.43
0.5704
-2.4055
-0.67514
2.42989
2.05042
0.205
-0.568
0.45756
0.0795
-0.93146
-0.79
3.09074
2.21834
0.65361
-2.682
0.4393
2.33117
-1.51553
0.7367
-0.97
-1.81
-1.27393
0.16444
3.24
-5.22
-0.877
0.9122
0.34
0.527
-3.11978
1.18373
-0.169
-0.74185
1.90047
3.40404
0.19039
-2.6199
0.662
0.1969
0.0723
-2.34649
1.62693
-0.62301
2.08147
-1.18477
1.24914
1.08978
1.69
5.05
-2.57
1.93
2.73
-0.72433
6.40562
-0.38503
-1.5622
0.3307
-3.1612
0.98012
0.68645
0.1342
2.6115
1.75034
-0.5383
-0.2245
1.53548
2.0419
0.334
-0.7219
-0.18071
0.28635
-1.4268
1.06314
1.79439
0.199
-1.3012
-10.7797
-1.2169
-0.8109
1.27739
0.2585
1.70963
-0.89655
-1.69028
2.85991
1.79198
-0.50107
0.0587
-1.41815
6.6445
-0.8907
-0.984
1.55823
0.4765
-0.26105
1.2577
-0.14741
0.13329
-5.7162
-2.1879
-1.6605
-1.6506
-0.55504
0.77235
-0.8388
-2.54896
0.9974
-5.24355
1.35097
-1.09228
1.1626
3.44
-0.9052
2.3997
1.2376
1.9919
0.5353
-1.4006
-0.3103
-0.867
-11.5571
2.14954
-2.15613
4.37
-0.26529
1.2038
1.349
0.26
-0.4461
-0.66126
0.68206
-1.0761
1.3192
-0.8487
0.3241
-0.0499
-1.1614
0.516
-0.88028
-1.562
-1.11597
-0.7776
1.2419
-2.002
-1.86204
2.18277
0.64705
1.79837
-0.21596
-2.43157
-2.11223
-0.0101
0.471
0.37873
1.16366
0.6059
-0.83908
0.305
0.17
-0.0608
2.56
1.04
0.2897
-1.96885
-2.85102
1.33
8.8397
3.6271
5.0972
5.9844
2.1695
-0.4212
1.1147
-0.402
-1.4842
-0.1176
0.5602
-1.518
-1.0072
0.414
1.71649
4.24711
-0.32488
-0.53406
-0.281
-0.709
-1.3998
-1.0817
-0.59602
2.55963
-0.22054
2.22078
0.38163
1.97
1.94
-0.4264
0.391
-0.461
-0.125
-0.5582
1.7209
-0.8133
3.1227
0.7433
1.3627
-2.2668
1.83694
0.21436
0.14917
-1.44861
-0.74084
-3.9456
-3.8414
0.90465
2.26318
-1.3467
-0.51004
-8.00829
-0.86515
-1.97348
-2.88256
NA
NA
0.9437
1.4071
2.87
3.61
-2.12252
-2.1026
1.54189
-1.46756
0.43517
-0.29301
-1.0586
0.4924
3.81085
0.54987
-5.85604
-0.9123
-2.03789
1.5181
2.0105
-2.2231
-0.1749
-1.202
6.2065
0.0934
-1.0882
-1.9377
0.99941
0.9357
4.06688
-2.66329
3.20333
-0.54423
-0.8051
-0.48183
1.47753
0.66211
0.76275
1.50968
7.89038
-3.89957
-3.78153
1.59199
2.16432
-2.48971
0.28779
-3.51253
4.9752
1.15055
-8.03707
1.5882
0.45546
0.90922
-0.05974
0.75503
1.13382
2.78108
-1.47948
-9.06489
1.86656
-0.02123
-0.08153
-2.76383
0.64553
0.1121
0.2832
1.13652
-1.1686
0.94939
0.4495
-3.24137
-3.38911
-0.09432
3.44929
3.11414
1.04593
0.00934
1.23612
0.48028
0.9706
-0.4839
-0.74911
2.1726
-0.55116
0.17047
2.39622
-3.71911
-0.15675
0.71065
-4.42321
-1.46363
3.08467
2.67157
1.67917
-0.54668
0.59423
-0.28498
0.84002
-1.4244
0.1792
-0.71187
-1.19538
3.09635
0.34163
-1.70544
-3.80094
-0.14311
2.07756
0.7067
0.22443
1.63832
0.81233
-0.26421
0.7985
1.13786
2.10188
-2.36156
3.36811
-0.16052
-3.76131
-2.82001
-0.17407
-0.63126
0.11618
7.38259
6.59008
-0.83335
7.99483
-8.22043
-7.9415
4.31299
0.12897
0.8892
1.29814
-2.26099
1.02199
0.1459
0.8344
-0.2887
0.277
-5.4089
-0.5511
1.349
-0.0988
-1.372
0.1835
0.7426
-1.2574
-0.1283
-0.7983
0.9269
1.7668
-0.9347
-2.8554
-4.81
4.0602
1.7936
-1.6114
-1.2846
-0.962
0.8347
2.7519
-1.9925
0.5985
5.2578
-0.8023
0.726
-0.3582
1.0814
-2.6117
0.78604
1.1303
-0.7012
0.6349
0.599
-1.1844
2.5389
-1.1064
0.1637
0.863
-2.1265
0.4745
-4.1385
1.6742
-1.2525
-1.9135
0.504
-2.3373
-0.7461
0.2122
0.1347
0.7286
1.99997
1.01673
-1.02743
1.33323
-3.81184
-2.81898
1.72013
1.98709
-0.66164
0.88475
3.76332
-1.37972
0.34572
0.30205
3.30344
0.76209
-1.35969
-0.5837
1.68971
-0.24154
-1.25806
0.11228
-0.04621
2.91629
1.0393
-0.10961
2.1611
0.62545
3.84902
0.41915
0.43034
2.0259
-0.45899
-1.8974
-1.36228
-1.5631
2.77493
1.94429
0.92316
-1.02142
0.96217
-2.83124
-0.77958
-0.47374
0.10492
-1.34379
4.9774
-2.31911
-1.78548
1.94407
-0.93888
0.08142
0.0127
-1.85749
0.36763
2.42553
-1.51036
0.73332
0.54847
1.31262
-1.19288
-1.37869
-0.13752
1.6719
-0.29387
2.69867
-0.52045
-0.44495
-0.17579
-1.657
0.9922
-0.0857
-0.5826
0.8443
-1.311
0.3052
1.1926
-0.6729
-0.8666
-0.5086
1.6669
-2.2887
-1.6501
0.1318
0.0208
5.5786
0.7782
-7.1175
-0.6807
-0.33859
-1.99298
-0.38084
0.50534
-1.12258
-0.7531
0.4985
2.26702
-2.17264
1.90405
-0.54669
2.41711
2.49734
-0.66062
0.41553
4.01409
-3.1282
-1.37474
0.71075
1.01264
0.72112
1.3648
6.1883
5.77375
1.06898
3.6663
5.36696
0.81148
4.44671
-2.78694
1.1254
3.26354
-0.90306
0.6953
-0.40329
0.46734
-1.67608
-1.53843
3.30824
1.98295
4.46928
-0.04324
-3.94066
-2.0169
-0.00295
-3.16038
0.14375
1.63986
0.0736
-4.16477
3.51973
1.32113
-0.76835
0.10865
-1.99149
4.3478
0.95354
-1.31677
-2.5906
-1.24818
-0.1447
0.4449
-2.14413
1.4608
0.366
0.90942
3.30135
0.25881
-1.05723
-1.7767
-2.44913
-0.15334
1.7975
-4.8397
-0.89683
1.14128
-0.92422
-0.27954
-0.04611
-2.5555
-5.51579
1.68827
-4.43713
-0.31526
0.92223
-5.20692
-2.6866
0.17609
-4.6639
-1.16684
-0.31203
1.59604
3.1195
0.55234
-1.16905
1.01924
-3.69259
0.7687
-0.8722
1.9226
-2.37831
0.39622
-2.03267
1.28828
-5.55021
0.37425
1.69113
1.61248
-3.49905
0.21161
1.22675
-2.8931
-0.15507
1.13437
5.11046
1.24435
-0.31681
-0.6096
1.2201
-2.0257
-1.4439
0.4245
0.0627
2.3331
-0.4683
-1.5416
-1.4389
-0.0557
0.3399
-0.4896
0.0214
0.8956
2.6474
0.2364
-0.4965
-0.1728
-1.9184
0.1146
0.8038
-0.0621
0.5928
0.1191
0.7159
-0.9632
2.075
-0.5096
0.8774
2.0014
3.5249
2.0259
-0.8184
-1.0756
-1.5073
-0.5042
0.81151
3.8308
2.925
0.8828
1.1386
-1.9211
1.5048
-0.8811
-2.5552
-5.4699
2.1173
-0.1265
3.5835
1.5185
0.5634
0.5662
0.3093
-2.2272
2.1654
-0.9375
1.0979
-0.5668
1.4288
0.1998
-2.5829
-0.0409
0.6815
-0.9496
-1.0657
0.753
-4.8809
-1.1161
-0.371
1.806
-1.6671
0.7685
0.2423
-0.8805
-3.427
0.5732
-0.4725
-0.4197
-1.1239
4.5076
2.3534
-0.0957
4.2688
1.3324
1.3912
0.8779
0.0154
3.2998
0.2061
6.2854
1.3276
-1.389
0.4692
0.7497
1.5713
-0.072
0.5042
1.3858
1.9684
0.048
0.1378
-2.8719
1.2748
2.189
-0.3695
-0.1009
-0.6725
-1.5332
-0.1297
-4.0327
0.5329
-1.8175
-2.7688
-0.787
-1.7263
-1.9292
-2.5218
-0.3957
1.0296
-0.2557
-1.5855
-0.1135
3.8467
3.1735
0.5138
-0.0431
-0.0934
3.0653
3.5109
0.0893
4.4885
-2.6833
7.3486
-3.1396
4.8132
-2.2882
0.7832
0.2858
0.98766
0.11261
0.91955
-0.58578
-1.14034
6.08956
1.33957
-3.27465
3.05372
1.0074
0.68456
2.86507
-0.1831
5.3888
3.52221
2.20625
1.15757
-1.73436
0.90415
0.11613
0.07456
-0.65082
2.01282
-0.39384
0.0702
0.92725
0.53256
1.36086
-1.60207
-0.40469
0.59002
3.19474
1.09753
-0.7631
-2.47443
1.14098
-0.36522
-0.8117
0.25585
0.55833
0.58144
-0.64199
0.08577
0.17906
-0.1178
-1.23673
0.18428
1.08493
0.4992
1.00969
2.25937
-0.80636
-2.22119
-2.57978
-0.48414
-0.39601
2.27114
-1.74199
1.90924
-1.4544
-0.53386
-1.94429
1.29274
0.5495
-1.83572
-1.3993
0.0459
1.4607
0.4067
1.0274
1.9373
-3.1446
0.4253
1.5065
0.917
-0.6144
1.3791
-0.1492
1.0484
-0.7125
-1.9219
-2.6765
-0.2736
3.1513
0.1018
1.1466
-0.0463
0.3938
0.0799
-0.6223
0.7846
-2.9021
1.3328
0.3049
-0.6912
2.4724
-0.8676
-2.4436
-3.39053
-1.03088
0.4581
-1.38343
1.116
-1.69639
-1.46667
3.18728
-0.9331
0.45451
-1.23612
0.03231
0.70209
-0.96396
1.65363
-1.38279
-0.37402
-0.12698
2.08688
1.8468
-1.011
-1.90221
-0.89393
2.72139
1.05989
1.08205
1.77858
1.34315
0.65301
0.52457
2.45669
3.02125
0.95983
-3.35764
0.55148
-1.15738
-0.40574
-3.35767
-2.19525
1.59125
0.85096
5.21362
-3.54419
0.4312
2.80674
-0.96368
1.586
0.99693
-0.95164
-0.0267
-0.36019
0.92189
1.21
0.342
1.85
2.22
0.689
-4.74
9.29
1.89
-2.94
0.651
1.78
-2.52
2.19
-0.36
3.53
0.0557
1.84
-2.84
-2.54
-3.09
0.532
3.16
-0.754
-3.13
0.0861
-0.758
0.0289
-1.97
0.58
0.0694
-1.02
3.12
-0.861
1.47
0.0489
-0.978
-0.872
1.64
0.381
-2.95
4.6
4.75
-2.12
-1.93
0.635
-1.69
-4.53
2.47
-2.39
3.1
4.05
-2.78
-2.14
0.796
-0.544
-2.61
-2.68
-0.485
0.25
-4.4
-1.34
-0.702
-1.37
-1.9
3.21
0.984
0.748
-2.19
-1.11
-2.01
0.00867
-0.0258
-0.21531
-1.08069
0.08968
-1.24268
1.56036
-2.94997
-0.56736
-1.75906
0.19216
-1.64903
0.17765
-0.03715
-4.45275
-0.07472
1.96116
0.42991
0.52881
1.54348
-0.13762
-1.28706
1.43534
0.42268
-1.71545
0.01354
2.0672
-0.05568
1.55468
-0.4562
-1.0097
-15.95433
9.15859
-0.3501
1.12876
-0.83594
0.235
1.98855
3.3334
2.2841
-0.04671
2.35285
-1.5209
0.76954
0.25167
-4.51274
1.66036
-3.64841
-0.4484
5.49842
-1.77164
-3.88152
-2.79635
-2.34333
1.01523
0.06514
-0.71721
-1.40466
-3.0996
-0.25831
-1.34452
-3.03083
0.81899
0.80699
0.6518
1.37937
-0.28906
0.01999
-1.00386
1.72046
2.08791
0.39433
-3.7006
-3.62119
-3.36043
0.0044
-3.30681
0.03017
-1.3293
0.80918
0.85011
0.2008
-1.20526
0.64543
1.17138
4.53817
-3.8727
2.1237
0.7004
-1.3709
-0.0732
-1.3385
-0.1729
-1.33
-0.6321
0.0195
2.9692
3.3644
-5.0727
2.0202
2.2218
0.8059
0.027
1.0262
-0.7957
-0.4934
0.257
-0.2585
2.6972
-1.0178
-0.9659
0.5114
3.8563
-5.4498
-0.7572
-17.4294
0.0922
-0.4753
-3.0642
21.6603
-11.2288
1.1799
-6.8681
2.637
0.7327
-0.7633
1.0332
-1.5382
0.603
0.4738
-1.5389
-2.0179
1.604
-0.5434
1.9956
0.8351
-0.4281
-3.0156
2.0788
-0.6848
1.562
-3.1063
1.8303
0.6898
1.5977
0.649
-0.2517
-1.2921
-4.568
-0.97301
NA
NA
-1.35158
-1.58284
-0.66642
0.12938
-0.05041
1.51576
-1.25496
3.87981
-2.9009
0.10711
1.42175
-0.13798
2.36091
0.58199
-0.8953
-0.06409
-1.77343
-1.19888
-1.36797
-0.50055
0.29194
-0.43751
-0.67344
-1.4582
-1.55497
1.48166
-11.49585
0.1989
-1.297
2.48
0.72545
-0.19717
0.00951
2.23883
0.37966
1.61954
NA
-0.4972
NA
0.41421
NA
-0.49462
0.70213
3.6505
NA
0.87149
1.17813
0.54099
NA
-0.71817
NA
-0.173
1.32077
0.06971
2.5248
-1.38028
2.61029
-0.37801
-0.16696
1.15243
3.29332
2.02787
-1.96433
2.0297
-1.71231
-1.41911
0.58175
NA
0.89903
0.34824
-0.46835
1.47845
0.4132
NA
-0.82853
-1.4271
0.9024
0.90422
NA
1.4481
0.897
-1.78
1.1
1.39
-1.33
-1.28
-1.85
-0.914
2.05
-4.11
0.319
2.2
0.581
-0.715
-0.833
0.784
2.6
-0.1
-0.661
-0.938
0.0636
1.7
-1.17
0.484
-1.46
1.03
2.15
2.42
0.38
-3.15
-0.676
-0.74
-0.372
0.391
1.45
21.2
5.86
0.574
-1.44
-1.27
-1.26
4.6
2.23
-1.01
1.12
-0.504
0.801
-0.21
1.68
-1.14
-0.44
-0.9453
2.0233
-0.982
0.25105
-0.0383
-1.13532
1.01754
-1.9346
-2.96596
-2.77895
-0.61003
1.05023
0.75795
1.5926
-0.31877
0.32966
-1.4138
0.66988
0.73935
0.74428
-1.16602
0.11971
-6.33982
-0.59767
-0.04365
-3.13885
-1.36909
-3.66726
-0.45342
1.24374
1.06278
-3.52802
0.29817
-0.74369
NA
1.41436
-0.18019
-0.53071
3.2406
8.51222
-2.4402
8.80211
3.90556
-0.5087
-0.00421
-0.1522
0.08337
4.5983
1.36162
0.88734
-0.88401
-0.18512
-0.61072
2.2417
-0.19259
-4.91382
-0.82103
0.49336
0.16708
-2.55045
-1.81045
1.2278
6.16593
2.31423
-2.2625
-0.24643
0.68211
-0.43301
1.03848
-2.07611
0.78531
-2.79302
-1.757
0.0427
0.32719
2.9421
-4.87274
1.0903
-1.4886
0.8274
0.37863
3.35177
1.0299
-0.5085
0.49603
3.14867
2.92243
2.94293
-1.96987
-0.88072
-1.78438
-0.0435
0.36494
0.55968
1.99949
0.22709
-0.16868
0.06357
2.30087
0.62357
0.533
-4.38688
2.06481
1.7229
-3.68509
0.4793
-1.49125
1.27662
-2.90045
0.57366
-0.4501
-9.72913
-9.6797
1.00088
0.4478
-0.99051
-4.74805
-0.83252
-0.8214
1.7943
-1.96138
-0.8288
-0.05191
2.1316
0.16756
0.07411
0.99718
1.55605
0.62683
-0.99489
-0.74248
0.07933
2.56248
0.32442
3.588
-0.22325
0.8268
-6.23906
-1.49378
-2.57439
-0.27659
-1.2163
-1.53523
0.1572
-3.7007
-1.49429
1.79574
-0.849
2.42
1.68
-1.02
0.543
-1.07
2.33
1.79
0.285
0.804
-1.46
0.53
-3.61
0.886
1.63
-0.806
-1.35
-1.11
2.21
-0.354
0.0278
-0.995
-4.28
0.663
0.928
-0.795
1.12
-0.69
2.44
1.04
1.93
2.1
0.76
-0.163
2.21
0.167
0.949
-1.13
2.71
0.00681
0.651
0.271
1.44
-1.37
2.06
-1.41
1.22
-0.815
2.62
-1.1
1.12
-0.999
-0.418
-0.371
-1.21
-0.264
-1.42
-0.752
0.547
0.379
-1.39
-0.384
1.63
-0.781
0.213
-0.741
-0.925
1.78
1.08
2.25
-1.32
-1.7
0.924
-2.32
-3.65
-3.79
2.72
-0.0568
2.36
-3.23
-1.18
-1.54
2.89
-1.27
2.7
-9.47
9.13
-0.0658
-2.1
0.966
4.24
0.679
0.527
-1.34
-3.01
-1.89
2.12
-0.91
4
-2.46
-6.45
3.38
0.543
0.384
-1.15405
-1.712
2.8058
0.14495
-0.83129
2.2614
2.62084
-1.79083
0.3234
-0.27122
-4.48
0.629
-3.85
3.88
0.348
-0.2307
-0.47192
0.8585
3.03
-2.81
1.27
-0.08723
-0.98978
0.52296
0.38795
0.352
5.05639
1.24283
0.60823
1.96679
-0.29714
2.5564
-0.569
-0.4239
-0.244
0.40867
-1.2071
-0.48
-0.572
1.10727
-2.39985
0.1187
0.789
3.20677
-1.3663
-1.27194
0.11575
-1.3342
-6.55402
-0.59435
1.4866
-0.11732
1.82263
-2.84058
-1.68577
0.8593
0.12
-2.3393
-1.0528
0.2766
1.0776
-1.5172
-0.8083
-0.5538
-1.3696
-3.4817
1.6686
-1.5619
-1.2038
1.0191
1.4174
0.2247
0.9395
-2.8975
-0.0603
4.8794
-3.3197
0.5309
-2.7534
0.3578
2.8646
-0.6829
0.8359
-1.4906
-0.3861
2.6622
0.0345
0.9285
0.6603
2.7297
-1.2439
-0.3715
0.5921
-0.03
0.1106
-2.6561
-0.2204
-0.8164
-0.5699
1.2041
-1.25585
0.23209
1.51722
1.69776
-0.26056
0.51472
1.27679
2.27719
-0.92381
1.36619
-0.25495
0.22079
1.58915
-4.61021
-0.39322
-0.7333
0.67124
-0.31138
1.46825
0.1379
-1.0055
-10.7
0.457
0.454
1.5578
-5.638
-1.3723
0.4025
3.9302
-1.2741
2.54483
0.14621
1.25378
0.237
-0.905
1.02
3.39
3.11
1.98
-0.323
1.29
-0.0198
2.51
0.15057
1.27806
-1.02898
-0.3061
1.77673
0.60689
-2.5588
2.7803
-0.0312
-0.738
1.22372
2.03102
6.49216
-1.27791
-0.03013
-1.12509
-0.991
5.47
1.01
-0.505
2.23985
-1.3363
-2.0171
-1.1293
-0.6028
0.6528
0.5414
-0.503
-1.301
-0.2306
6.0649
-3.0538
-1.2759
-2.9276
1.6668
0.2628
0.1537
-0.3871
-4.19
-1.5
0.586
1.12
0.1728
-0.7134
1.14
-0.2108
-1.2107
-0.3324
-1.30136
-0.8501
1.6637
-3.033
-0.27964
-1.90639
-0.54145
-0.55798
-1.48827
2.33
2.4
0.259
-0.522
0.513
-1.25558
0.95789
-0.12149
-1.17
-1.16
0.517
4.51616
5.49529
-0.49
1.51
-3.1885
0.853
1.53523
-2.86559
0.37114
2.1005
-1.25493
1.0102
-0.6006
-1.18
2.37
-0.481
0.04245
-0.58828
-1.22785
0.30767
0.44564
0.0353
-1.16
-0.379
-1.2
-9.52
0.0327
0.10472
0.12522
6.08454
2.39516
-0.01086
3.07145
0.21663
-1.52467
0.24553
1.14399
1.28784
-0.4072
2.4565
1.1523
-2.0209
0.8968
1.3552
0.1846
2.43283
-0.20924
2.8147
-1.97781
3.40122
-0.6124
-2.9172
-0.931
-0.9684
-0.8757
-0.7061
-0.853
0.93634
3.48034
0.59503
-1.0692
2.05629
0.627
0.889
0.36754
0.4777
1.5188
-0.4316
1.5288
0.5158
2.4691
6.3973
7.9599
-1.1355
-0.0398
-1.1657
-1.1939
4.14
1.05444
0.586
0.43945
0.87469
1.25809
-0.4674
1.7
1.3
1.54
-2.2493
3.2129
2.31
4.79
-1.3338
1.07956
-0.02768
-0.6303
-0.85163
2.63605
2.50876
-0.88361
-0.74096
0.14833
1.25327
-2.34214
-1.33166
2.71362
0.4744
-1.11277
0.06922
-2.89622
2.7283
-0.35964
-1.47244
-2.00882
-1.1061
-2.15006
0.46113
-0.0181
-0.609
-1.1789
-0.2249
-3.48457
2.59024
2.16298
0.40849
-0.64181
-0.472
-3.4595
0.581
-0.6664
1.1574
-1.51365
1.70801
NA
-0.616
NA
NA
NA
-0.11082
NA
-1.0727
2.34689
1.7852
NA
0.47962
-1.25652
NA
3.04027
NA
0.32895
-0.53619
3.15003
-1.35692
0.087
0.22344
-3.42
-0.69018
-0.21024
0.47166
1.02854
-6.59134
-0.89605
-1.48951
-0.39865
1.23204
0.44607
1.63358
1.22763
-5.1156
-0.807
0.42344
-1.2046
-0.4696
1.8114
-0.602
0.885
-3.34
-1.8
1.79
1.55
-2.19
-2.6145
0.2971
-3.9012
-0.90459
0.86763
-1.2073
-0.87066
0.0946
-0.92091
3.4992
0.1378
2.7809
1.97
0.3326
-9.6779
-1.7759
0.0698
0.4278
10.7738
-2.57879
1.961
1.8181
-1.23353
-2.40343
-1.61484
-1.28271
0.8528
-2.6122
2.91884
1.20353
-1.311
-1.6278
-2.66196
-0.12746
0.56891
-2.13602
2.48416
0.28254
4.6768
-0.2194
0.71648
0.30715
-0.3428
0.5458
-1.7954
-3.19
6.2067
1.6968
0.92326
-2.0722
3.56756
1.07836
2.30833
0.6756
0.0538
-0.676
-1.4616
-2.8679
0.41338
-2.63056
3.3092
0.3003
-0.6799
2.4597
-1.4899
-0.245
0.70855
-0.9399
-0.7013
0.0978
-1.63086
-0.678
-2.4658
-0.505
4.2644
-0.5751
8.3762
-0.6968
-2.4005
-2.9513
-0.3663
1.8429
0.542
-0.17689
1.727
-3.2935
2.86
-2.46
1.0708
0.8653
-1.1408
-5.9
0.241
0.90016
1.0478
-1.5224
2.3854
1.88778
0.47394
-1.18653
-2.28814
-3.19475
-0.37038
-0.172
-0.448
-0.241
-1.11
0.0106
0.0274
-0.6055
-3.5576
-2.36583
-0.9366
2.95208
-1.08397
-0.0724
4.0897
3.13
0.02522
0.4748
1.98871
1.5332
1.78888
-1.19209
-0.4761
-1.7205
-6.1302
-9.41571
6.77239
0.3221
5.09738
0.57635
-0.15361
3.58949
0.51675
2.3626
0.29507
-2.62037
0.25017
0.15918
-0.66042
-0.48923
9.7343
-0.16656
-0.95018
-2.04487
-0.87862
-1.1181
-7.47854
0.12999
0.66733
1.82071
0.05526
-0.0165
2.00507
0.20341
0.312
0.734
0.19783
0.32215
-1.35753
-2.3902
-0.27965
2.4774
0.22336
-0.52052
-0.35007
0.63841
0.92493
2.56792
0.8848
0.21297
1.9015
0.17051
1.43177
-0.63962
-0.33286
-1.58672
-0.555
-0.5715
1.49271
0.95067
0.72744
-0.36635
3.85377
1.67292
1.535
-0.97755
-2.78148
1.27527
-1.16038
4.7325
-1.32561
0.50961
-3.19814
0.08669
-1.23417
0.58035
2.08305
-0.72183
-1.58085
-0.62739
-0.05541
0.08314
-0.1951
-2.4846
-0.93756
1.71
1.49
-0.973
0.444
0.0613
-3.1996
-1.172
-0.1351
0.6923
-0.696
-0.8854
0.9382
0.8918
1.3727
1.1621
-0.014
1.0543
-1.0632
-0.3357
0.0435
-1.7851
0.367
-0.4442
3.4
2.26
1.02
0.26
-1.7924
3.35744
-2.1205
-3.47313
0.2102
-1.1488
1.8858
-3.1705
-0.5523
4.43351
-6.4754
4.50481
-1.1555
0.5501
-0.649
1.7085
-0.7642
-3.95642
-2.6224
-0.2323
1.4345
-1.4571
-0.2984
-2.05548
0.5071
0.292
0.268
1.0293
1.1521
-1.32275
-0.69647
0.02252
2.4664
0.28761
-1.8205
-1.86078
0.32383
-4.74535
0.97
-2.5899
-0.3263
-1.00267
-2.0589
0.466
1.0167
9.995
0.0935
-0.4973
-2.6843
-1.16046
-0.9203
2.531
0.1936
1.1422
-3.08863
-3.0118
-0.1231
-0.67837
1.4315
1.32988
-2.4907
-1.58018
-1.44188
4.95
1.28459
-1.42324
-1.3772
-0.357
2.1795
-2.1896
0.7639
2.58022
-3.1439
-3.203
-2.76
2.48
1.03
-7.64
-0.2936
0.2937
-0.3008
-0.5435
0.7476
-0.2628
1.0604
0.3376
-1.73
1.65852
2.6319
-0.04379
-0.34557
0.48432
1.25553
2.24861
-0.4456
1.5477
-4.46114
-1.58637
0.60118
0.05364
1.36
1.55
2.85834
-2.4967
-1.6189
0.4951
-0.156
-0.939
1.7339
-2.0997
-0.25345
-0.90863
-0.9698
0.13046
-1.38526
-1.0497
-2.5649
-34.1
-25.2
-1.32
-4.55
4.48
4.42
-1.52
-0.21
0.52767
3.13
0.977
-1.26691
0.09118
-1.94354
1.1033
1.54
1.05
0.455
0.112
-3.24
1.2964
-0.282
-0.228
-0.11152
1.05
-1.4859
-2.404
0.14658
0.034
0.718
-1.6393
-2.1286
0.4077
1.3253
-0.9238
-7.8269
-0.0883
-1.5607
-0.2184
-2.1956
0.70984
0.987
-0.721
10.45156
1.75179
-0.572
0.9597
0.6343
-4.47542
-0.00504
-0.03518
-0.77301
-2.91589
-0.25406
-1.26748
-1.00803
1.60954
3.25032
-0.781
-2.16
-0.208
-1.13
1.5
-0.741
1.93944
0.67086
0.14685
-0.68104
-5.0607
-2.35604
-0.773
2.64
1.74
-4.18
1.08
0.246
0.987
-0.645
-2.95
-8.34445
-2.7075
-0.75344
-4.07164
-0.31773
-0.1878
-1.81076
0.02438
-1.23
-1.7
-0.172
-1.05
-1.27152
-1.45321
2.43127
-2.2
0.82
1.43
0.15282
-3.17057
-0.59749
2.25832
-1.15363
-0.979
-1.89
-2.59
-1.2
2.2
1.31013
-2.37435
0.864
-0.19619
-1.2933
1.33454
-0.2556
-0.0245
-1.96
0.252
0.583
-0.404
-2.15
0.0537
0.73365
-2.58532
-0.02935
-0.11159
-0.694
1.6709
0.7725
-4.9247
0.317
0.0606
0.631
-1.4863
2.5443
-0.42022
1.9715
-0.05038
-0.645
0.134
-0.23762
-0.93508
-3.72226
-0.53255
-1.01671
-0.00127
0.96253
-0.06432
-2.47478
2.12436
-2.17622
-0.09637
1.3631
-0.6321
0.178
-3.45
-0.9389
0.5847
0.3947
-0.06737
-0.7255
0.30747
-2.97835
0.83556
3.96668
-1.7235
1.3315
-0.58792
2.27567
-2.4224
-0.7042
-0.7376
0.438
-0.7117
1.5672
1.4494
0.6222
-0.7753
-0.7366
-0.3393
0.36
-1.16
-1.79658
2.75116
2.43419
-2.27334
-2.23511
0.9541
1.89672
0.79078
2.03
-1.84
-2.02
-1.28
-0.198
-0.0393
-3.33
0.288
-0.0761
1
2.25
-1.17
-0.23
0.732
1.32
1.04
-0.9433
1.7348
-0.8957
-0.974
-0.2552
-0.16774
-1.31321
-0.79589
1.1431
2.06942
-0.1135
-3.84
-0.797
2.57
1.4091
-0.49012
-1.90532
0.2564
-0.3872
-1.02
-1.87
0.5122
1.0507
-2.2373
0.0394
-1.8471
1.04389
-2.26
-0.851
-0.23
1.62
0.409
-1.41
-0.1242
1.5893
-2.8595
1.1522
1.4489
1.10421
-1.5717
1.17601
-0.0616
11.65968
0.97865
-0.70651
0.85883
-0.33727
0.92793
2.27904
1.09684
1.89761
-2.45
-6.54
1.984
-1.458
-1.2148
2.5987
0.1123
-1.0271
-1.1518
0.1527
-1.5554
-0.3368
0.6472
0.4603
-1.1201
-2.202
-0.5913
2.9692
-0.56102
-1.34271
-1.69885
-2.21722
-0.87863
-0.6579
-0.68942
2.42285
3.06273
0.0945
-1.37898
1.28235
4.0368
-0.2206
-0.6195
2.0559
0.5517
1.9665
-0.4223
-0.7892
2.1573
1.0378
1.7303
0.6755
-5.42112
-6.04612
2.66268
0.21696
-2.58404
-0.77635
0.06757
-5.8033
-0.62059
-0.90269
-0.45837
-3.4937
-1.0979
1.38609
1.97915
1.15016
-0.55039
3.27898
0.31245
-0.21
0.544
-0.808
0.439
1.19
-0.205
2.02
1.41
-1.15
1.58
3.18
-3.56685
1.2127
2.29435
1.08042
-2.58506
-3.67882
0.33252
4.3426
-1.1186
1.49561
12.06404
1.97707
2.6582
0.77516
-0.31473
-0.2938
0.6891
3.1561
0.3563
-0.9693
-1.0639
-0.6937
-0.3923
0.35078
-2.04011
1.16616
-1.79098
-0.09193
-0.58628
-0.96316
-1.7287
1.75895
-0.77996
2.39244
1.2175
-3.79365
0.91098
-2.37234
-0.69226
0.07176
0.24206
1.0919
0.19512
-3.67266
0.46841
-0.83598
0.32925
-0.06821
6.62524
2.09413
-0.49494
-1.29937
-5.41513
0.16606
0.3375
-2.8001
-8.59305
0.8919
-0.60831
-2.68994
1.5176
-1.71719
-2.2
1.02
3.89
-0.601
0.421
1.28
-0.266
1.71
-1.51505
-0.93583
-0.33304
-1.16768
-0.5603
1.96
2.27
-1.37713
4.61331
0.2722
-1.0831
0.60977
0.24505
2.40432
1.0867
1.75532
5.00536
1.7689
-2.4573
1.6663
-1.9711
-0.7469
-0.3528
0.4717
-1.4067
3.0708
2.0661
0.4086
-0.523
0.0636
-2.1199
-0.5699
2.249
1.9693
1.1773
-0.0787
2.2613
-3.0074
-0.9596
-0.4552
-2.8026
0.2374
-0.8655
-2.0504
-5.8918
-1.9803
3.9327
3.0472
1.4534
1.2108
-0.5725
5.5579
3.4279
-1.4153
2.0197
-1.0255
-1.3059
-0.9579
-4.1463
-1.9754
-1.4138
0.3552
-0.5323
-0.4386
-2.8856
1.6296
0.2878
0.8593
2.0525
0.98058
1.1274
-0.45537
NA
-1.14372
-1.43547
0.84414
-0.03607
0.68777
-1.59212
-0.071
-4.22312
-0.68214
NA
NA
NA
NA
NA
NA
0.50941
0.07088
NA
0.09309
0.53746
3.39853
0.19784
-1.82451
-0.43686
0.38068
1.33749
-3.0037
-0.76479
0.02026
1.30306
-1.60185
-1.7551
-0.96855
-1.2533
1.3051
-1.2821
0.25734
0.32357
-0.12567
-1.6555
1.49986
0.82218
-0.80917
-4.02722
-1.21613
2.51898
7.51919
0.25095
-0.38134
-3.89988
5.09004
-5.86139
-1.92198
4.22716
0.25318
0.34792
4.97471
-0.80448
0.45793
-0.28017
1.30001
-2.94275
-2.3405
2.57929
-2.12458
-1.52097
-4.44528
0.181
0.141
-3.06
-1.23
0.74
-0.571
1.2
-0.25
-0.61
0.633
-1.57
-1.5888
-0.66242
0.76042
-1.16385
0.69605
-0.7399
-0.32403
2.09536
-1.36383
-1.89391
-1.66551
-2.44372
0.27808
0.66617
4.1291
1.3287
-0.84892
0.0414
-0.18392
-1.46163
-1.56788
-0.24398
2.62838
7.67383
0.38536
4.65979
2.92424
-0.12165
-0.38493
-0.57266
-1.59169
2.56182
-3.53209
-1.31621
0.98741
1.26383
0.23324
0.23189
-1.47814
-0.84405
-3.55389
-1.3264
0.50228
-0.56481
NA
-4.29488
-0.5552
0.4106
0.62344
-6.44076
1.3049
-0.66836
0.50213
-2.17434
-1.49346
2.74158
-1.69948
-4.50274
0.29042
-1.41076
-0.54397
0.28198
0.83474
-1.34062
1.78268
-0.173
-1.20067
-3.32866
-1.04107
1.12214
1.29805
-0.49241
1.05321
-1.43107
-1.26488
0.86849
-2.02889
1.88159
1.85798
-0.18723
0.50499
-0.7038
-0.1046
-0.033
-0.77626
0.0921
-1.1444
-1.9837
-0.3384
-1.6749
-3.97304
2.02478
0.8717
1.6462
2.2515
-0.1936
0.0121
-0.6018
3.5392
-0.4359
0.8752
-1.562
0.3296
1.7251
3.41
-1.2486
1.7339
0.8964
0.4522
5.3664
2.1616
0.5359
-1.3745
-2.6057
1.2922
-2.3389
-0.2012
-0.382
-6.3011
3.393
0.6947
-0.9563
-2.1159
0.65149
-1.10568
-10.9826
4.2389
-0.5372
1.1438
2.2032
2.3846
0.74932
-1.6309
1.6949
-0.3802
0.7167
1.2647
-1.8148
-2.94852
0.43386
-1.4382
-6.0529
-0.0418
2.3437
-0.4984
0.5755
2.0873
-3.2466
-0.44241
0.11373
2.0109
-2.66148
0.28004
3.23767
3.43401
2.2032
-0.3113
-0.7909
-0.6377
-0.4039
0.7207
0.3091
5.646
0.5548
0.8388
1.9369
1.4994
1.8508
-1.5176
1.225
-0.2832
0.4281
1.30111
0.0895
-0.94958
-3.1701
-0.1554
-2.47056
2.5156
0.2476
-0.2206
1.4318
-0.19762
1.71273
0.11165
-0.89498
-1.28296
1.26596
0.02204
4.64304
-4.56594
-1.99712
0.22785
-2.02072
0.20095
-1.02881
-0.51043
3.393
0.47096
4.29885
0.93315
0.02942
-0.7752
-1.55188
-2.71492
0.27745
1.4504
-2.38012
0.9723
7.3554
-1.45028
3.36371
-2.03583
0.14579
-0.87233
2.2746
1.09863
-0.3437
2.92277
-2.73986
0.4064
-0.0494
-1.86327
1.80033
0.03245
-0.15429
2.13825
-1.9187
1.4658
1.41395
2.28009
-0.06479
0.69869
3.63821
2.29019
-1.86817
-0.69819
0.29309
0.94784
-0.36328
-0.3354
0.363
1.68
3.77542
1.98426
-1.4909
4.23
1.57
-0.44
-1.64
3.87
1.37
1.26
-6.66
2.68
-3.29
-0.508
-2.78
0.772
3.35
6.29
2.3519
-0.3726
0.2949
3.456
-2.4072
-0.4568
0.8954
0.5514
-3.6864
1.1812
0.6938
0.8951
1.69
-1.11
1.68
4.64
4.27
0.691
-1.91
-0.102
1.26
1.45
2.13
-0.415
2.86
2.18
1.84
1.62
-0.471
0.61
-5.72
-0.926
-0.781
0.8076
0.2739
0.1346
5.8596
-0.0575
-1.4924
-2.5589
-1.92
-1.13
-3.16
-4.36
0.0152
-0.52
1.9692
1.365
0.3782
2.1966
-0.5877
1.8222
-3.3077
1.7815
-1.7499
0.5541
-0.3097
-2.8702
-0.0911
-0.978
0.01129
0.43504
-0.7302
1.8123
0.082
3.5792
3.54877
3.7428
3.571
-1.1045
1.4313
1.6645
2.1784
0.9979
-0.9145
-0.8739
1.3608
-0.841
-0.9736
-0.2664
0.028
-3.3
0.257
0.924
1.84
-2.22
5.3
-3.6
2.26
-2.22
-1.78
1.47
1.49
-5.26
-0.791
-0.00409
-0.979
0.16
-1.47
-3.19
0.229
-1.64
-0.563
1.36
-0.182
-2.42
-1.54
-1.59
0.149
1.24
1.95
-0.789
-1.73
0.483
2.05
-0.687
1.87
-0.183
-2.03
0.601
-1.81
-1.19
-2.45
-1.56
0.47
0.257
-1.71
1.53
-1.5
-1.07
1.24
0.619
-1.35
3.01
1.57
-0.772
2.12
1.94
-3.66
-1.67
0.986
-4.9
0.239
-10.9
-1.08
7.02
-4.95
-4.07
3.99
6.24
-3.74
4.22
8.64
-0.813
-1.02
10.2
-0.539
-1.55
-0.296
2.09
-5.7
0.458
-0.267
-0.533
1.14
-0.446
-1.53
1.25
-2.55
1.44
0.286
3.3
-0.409
-1.83
-1.47
1.21
-3.77
1.49
-0.361
-1.25
0.289
-0.107
-1.74
3.42
-1.63
-0.653
-0.253
2.21
2.32454
1.11
-1.95
2.64
-1.16
2.01
2.52
-0.37569
-0.827
-1.87
1.29
-1.27
1.07
-1.84
0.194
0.334
0.55172
-1.79202
2.09956
1.07825
0.27041
4.75397
18.0905
1.7482
-0.45307
-1.32052
-0.29029
0.14892
2.00757
0.12489
0.84373
-0.00906
-1.31475
0.36716
-0.43542
1.77931
-1.3064
-1.90161
0.78479
-2.89139
-1.75834
-3.86108
-2.50988
2.2616
0.17506
-0.3001
2.50751
2.05386
3.19415
0.6418
1.38819
-2.9776
3.28853
0.48104
1.62686
1.41946
2.09269
1.837
1.6605
-0.31353
1.06917
2.5539
-0.3695
0.10127
1.51696
0.31328
0.4394
-1.34923
-0.78082
2.05596
0.2979
-0.89791
0.64009
-0.49023
0.46639
-0.93292
-0.26867
2.2776
-0.3991
-0.41499
1.8743
1.00133
-0.53932
-0.46905
0.62265
0.48638
0.70669
-0.74301
-1.16873
-0.2735
0.00608
-0.25962
-0.13474
1.21141
-6.25001
-0.21291
-8.18316
0.85843
1.5229
-2.76265
0.46579
-0.49818
-3.08558
2.78474
0.5777
-0.39609
1.39869
0.98155
-0.52686
-0.05285
-0.78059
0.59268
-0.2292
0.37396
0.1624
-0.32559
-0.50854
1.75462
-3.4412
-0.11414
-0.26369
0.841
-0.444
1.3
3.8
-1.33
1.47
0.649
-2.33
-1.39
1.22
-0.761
-1.76
2.42
-0.65
1.14
-4.08
17
0.774
-3.42
-0.508
2.08
-0.325
-0.227
-0.88
-4.68
-1.26
-0.418
3.86
-0.764
2.09
-1.74
-0.972
-1.46
0.905
-2.84
0.97
-1.69056
NA
1.48689
0.09247
2.16
-0.903
-0.735
NA
1.65
-0.18
0.814
-0.87222
0.18028
0.39675
-0.451
NA
0.19792
-2.68778
-1.61724
1.62559
3.41017
-2.28198
-3.1526
0.54464
-0.0575
1.45724
0.76302
1.34409
-0.01096
-1.2467
2.12942
1.5048
-0.54742
0.81249
-1.21263
-2.70635
-0.89128
0.00987
-1.76205
1.57225
-0.75007
-1.70689
2.75698
0.68672
-0.45354
-0.64412
-0.7917
-0.34551
2.72331
-1.46649
1.66161
-1.2303
3.14358
NA
0.96646
0.77867
0.80371
1.62054
-1.21119
-2.33914
-0.30567
-3.69547
-0.36251
0.60566
-1.27296
1.36707
0.1954
-1.1838
-0.2955
1.5629
-1.5657
0.7387
0.9012
-2.6772
-1.5716
-0.8025
0.1546
-0.4628
-3.4536
-1.2192
0.7158
-0.9817
1.6176
-0.2995
3.8256
-1.9559
0.2612
0.1396
-0.9758
-0.5661
0.918
5.6024
-0.7647
-1.6128
-3.2458
-1.1316
-6.5346
1.6755
0.35
-1.8889
-0.7412
-1.5702
0.0774
-2.4124
0.3761
0.0078
-2.0378
-0.3525
-0.3527
0.8648
0.9089
-2.2545
-0.874
-2.4887
0.452
-1.2717
-0.434
0.8702
-1.568
0.772
0.5163
-3.4936
0.0347
-0.034
0.5877
2.9032
-0.1447
0.616
-2.4189
-7.756
3.8767
-0.1021
-0.029
1.88619
-0.94669
-0.51409
-1.71702
-0.37157
-1.38632
8.26868
1.95649
-0.5153
1.05061
-1.74526
1.19876
-7.37608
-0.20462
1.81876
2.32633
-0.8118
-1.44025
1.82825
0.68342
-1.10042
2.32089
-1.20555
-3.77739
-1.01583
-2.07092
-1.26258
-1.69716
-0.15206
-2.59181
0.739
-3.6837
-0.6244
1.04391
1.79081
-0.45824
-4.27599
-2.83676
2.11415
2.34725
-4.24336
-1.46488
-2.36214
-0.89747
0.08049
0.00176
1.13881
-0.04689
0.11019
-0.70283
-2.6694
-10.52891
-0.41785
0.45831
1.26496
-1.66444
-2.37078
-0.60053
11.6147
-2.08705
2.93468
-2.55196
0.952
-0.83579
-9.04968
-2.78172
-1.31228
1.09347
-0.71569
0.0241
1.5622
1.56653
-4.6527
-0.12931
0.05287
0.1164
-2.89989
0.35646
-1.05629
-1.4364
0.22699
0.6369
-1.94744
-6.8929
-3.38104
-0.82979
-3.5053
-9.15311
-0.03143
-0.38833
-1.9088
-1.09344
0.12529
0.72773
-0.89859
-0.95755
0.68103
-0.1073
2.45994
0.64
-1.96492
1.2873
-0.29864
0.95891
0.16192
1.12072
0.28026
-1.4032
0.0618
0.604
-1.49038
-1.4
-1.51807
-1.4769
-2.13165
-0.87035
0.0892
-15.27806
1.4201
1.39629
-6.0813
-0.82857
0.8432
-0.5293
-0.38046
-0.08599
-1.73171
-0.1859
-1.6936
-0.13504
4.6281
-0.3792
-0.13109
-1.5638
0.8422
0.1693
1.6981
0.474
0.74843
0.827
0.4125
2.5109
-0.8154
0.339
-0.39217
0.3082
-0.2742
-1.0517
-2.52858
-1.67197
-5.44
1.56
-0.998
1.13351
-1.4285
0.21969
1.39609
-1.22381
-0.7175
0.78819
0.0439
-1.03356
0.8884
0.55241
-0.09973
0.96964
0.10866
-0.46689
-1.84417
-3.02383
-0.36663
-0.15484
0.11708
-1.0804
-0.16308
-2.29007
0.30728
-0.28123
1.847
0.0844
0.23578
0.54146
0.3805
-1.0816
-1.25256
-1.5318
2.03174
0.7715
-0.39727
0.25971
-2.88
-0.97674
-1.73322
-0.69873
-0.25478
0.423
0.01901
-0.548
0.436
-0.33331
-0.42049
0.7953
1.49198
0.7037
1.36046
2.0486
-2.5999
2.5871
-1.43953
1.3961
0.48811
1.13171
1.20027
3.17
0.163
0.426
1.29
-0.55909
0.45539
-0.374
-1.12
0.755
-0.2858
-0.0558
-0.37775
-1.08272
1.26538
1.2464
-2.0625
1.4511
0.01767
-5.53
-0.1174
-1.84279
-1.4091
1.09621
6.46
-0.91229
-1.81932
2.48
-1.37626
-0.5977
1.06891
0.363
0.19589
-2.25
-1.10441
-2.91767
-1.6234
-0.5441
1.34222
-0.05065
-1.49849
-0.472
-1.1037
-1.21
-1.1176
-0.09094
NA
1.27709
-2.04
-0.434
-0.44928
-0.33519
-0.29929
2.03871
-2.14
-3.91987
0.33476
-0.0815
-2.02891
-2.21063
-0.24123
-1.0149
-0.5621
-2.1348
-0.45794
-0.55435
1.01
0.8307
0.0743
2.571
0.752
-5.13754
-5.33391
1.01278
-1.10773
2.53183
0.58905
-0.15735
0.42865
-2.96344
2.67557
1.9144
-1.45254
-1.1781
-0.34346
-1.53667
1.8474
3.761
0.59238
-1.9386
-1.71
-0.7345
-1.8227
2.04
-0.792
-2.53075
-0.23584
0.17
-1.77
-1.4806
1.3387
1.79325
0.46465
0.13525
-1.1
0.04448
0.53337
-1.15
-1.61
-0.48348
1.64801
2.2827
2.07
-0.149
1.38079
2.44
-1.32
1.33
0.733
1.19
1.07121
0.60059
0.18433
-1.39
-0.952
-0.5004
-1.5947
1.0276
-0.1184
-1.82
-0.42451
1.3748
0.30756
1.60585
2.67
0.25113
0.24861
-0.66014
1.4338
-0.195
1.3763
1.026
-0.6893
0.50418
3.329
0.3127
3.21159
1.54
-0.18522
0.9698
1.7
-3.43916
4.12121
-1.3711
-0.5417
-0.5099
2.57
-0.868
0.21
-0.5216
1.47146
1.37582
-0.809
-0.732
0.706
0.17793
0.00754
0.79417
-5.9726
-0.6049
0.8538
-1.70373
1.36509
0.06958
-1.81938
-2.41045
-0.1108
-0.612
-0.817
-2.07
-3.3
-3.42635
-7.57102
-0.38699
-0.8095
2.8714
0.58872
1.37
2.2228
1.8967
2.2653
-0.0709
0.9291
-0.5587
0.5842
3.3946
-0.0745
-0.082
-0.4104
0.6822
-0.6225
2.2804
-0.86609
-0.4863
-1.05847
0.1703
-0.0762
-0.754
-0.9887
2.10667
-2.31559
1.1726
-5.9884
-2.41
1.0389
-1.73553
3.0912
-0.5515
-0.47547
-1.39147
-3.7655
-4.4335
1.5337
0.2292
4.1795
-0.254
4.1472
-0.63555
1.382
-1.3097
-2.09236
1.26512
1.35643
-0.06767
-2.52844
-1.3265
-3.75125
-1.06689
0.5336
0.01614
1.0378
-1.8429
-2.0393
2.26
-1.87601
1.86632
0.4314
0.08231
0.5525
-2.38112
0.28163
-1.13268
1.71902
2.86075
-0.26698
-1.19659
-4.15619
2.16334
4.5
3.1334
1.63
-2.96065
2.2022
-0.0261
-2.77
0.344
-0.916
-0.75691
-0.13373
-2.28353
0.06514
7.0708
-0.6549
0.2149
2.8207
0.99301
3.12653
-0.3788
-0.4304
-2.73961
1.49824
-1.71903
-1.25
-3.0346
4.9837
0.65667
-0.1441
0.54468
-2.50851
-1.11
-0.5232
-3.0322
-2.4953
1.66769
-0.96033
0.9756
4.13817
3.88955
-2.26022
0.00247
7.7702
-1.18294
-0.91279
-0.462
-6.84
1.73667
1.2572
-0.077
4.54
-4.32
-0.46
-2.71242
3.06
2.18
1.28983
-3.5
-1.3836
-5.65616
-5.52
-0.48296
-0.3627
0.58272
0.64994
0.6766
-3.2712
0.50592
14.03991
0.323
1.1174
-0.9227
-4.47
1.66745
1.05887
1.42718
0.0537
0.37
-0.61779
NA
-0.634
1.13018
0.25669
0.63399
0.5932
-0.19188
-0.04689
-0.3069
-3.4391
-0.89611
-0.5518
1.00053
-0.59977
0.00693
1.11
0.49257
1.2552
2.784
-1
0.98
0.07912
-0.153
3.22
-1.26087
-1.2071
-1.4839
-0.898
4.48
0.7803
0.837
-1.44176
3.9779
0.283
-0.38382
-0.4228
-2.8289
-0.6555
2.04
2.4869
-3.6022
1.14
1.45
0.461
0.781
-1.1004
-3.55
-0.4486
0.878
-1.5043
-0.1263
0.6368
-2.01766
-0.2064
1.2576
-1.4205
-1.4117
1.02657
-3.97
-0.25012
-0.42942
6.46
1.08
-1.35656
-0.29782
-0.384
-0.3024
1.13
1.3246
0.24211
-1.19
-2.2632
-0.963
1.67
-2.00865
2.19032
-3.56371
-0.9797
-0.95667
-0.44267
1.7251
-0.15034
3.77162
0.6491
-0.93879
0.0802
-1.7761
1.8381
-0.6601
-2.6887
0.1286
-0.8104
3.50321
3.2595
-1.82
-0.978
-2.54
2.32
-1.07
-2.54
-1.12
-3.4732
3.5947
-1.6428
-1.0674
-1.1572
1.5058
-4.8343
-4.5255
3.1691
3.2563
-0.4636
-0.2239
0.4688
-3.7984
-0.5669
-1.1233
-0.5404
-1.4772
1.135
-0.8031
-2.3579
-4.7867
0.2163
2.5499
0.1197
2.3353
-2.4256
-1.2131
0.5292
6.9247
0.7304
0.3398
-3.9321
2.7345
1.8759
-2.4295
1.3433
-2.1796
0.8099
-1.4472
-7.6151
0.0449
-0.0573
1.94
-1.23
-2.54081
2.39
0.0674
0.886
3.35
3.79
1.79
0.88719
-1.54
1.57
1.3
0.2456
-0.0938
1.0467
-2.1107
2.8707
-1.8512
-0.8675
0.6143
-3.6361
-0.3756
3.31
0.623
-1.2296
0.28346
-1.81565
-3.01
-1.9738
4.37378
-5.76749
-1.32965
-0.28951
-2.7285
3.2454
3.5375
-0.2298
1.56757
-1.19
5.25
-2.28
2.15
-0.112
-0.651
4.4
2.9842
-1.5757
-2.5715
-2.2736
1.6229
-1.9313
2.19
-3.35
1.6
-3.7
-0.268
-0.3833
1.0894
4.4822
1.4251
-0.1369
NA
7.47
3.16138
9.44
-1.08
-3.87
0.337
1.81
0.91987
1.88753
0.4517
-2.5906
-1.86613
0.12056
-1.3184
2.24982
0.98465
-2.75755
1.40618
0.8251
-5.23788
-0.03669
1.36195
-0.01121
-2.5123
2.43837
0.36439
2.46069
-1.05376
-1.96
1.26
-1.55
2.23
-1.99
0.136
-0.583
-1.51
-1.41
-0.73
-0.8
0.663
-1.2
-6.46
2.3
0.778
-0.717
-0.74
2.25
3.06
-0.853
-0.86
1.31
-3.32
0.973
-3.31
1.68
-0.0439
-1.57
-2.82
-0.681
0.192
-2.12
-0.732
0.113
0.737
-1.93
-0.642
-0.376
1.23
0.435
-0.367
-1.67
0.798
-0.392
-1.03
0.288
-1.67
-1.47
-3.76
-0.343
0.347
-2.17
-3.88
-2.21
1.77
-1.58
1.03593
-1.03
-0.29
-1.65
-1.76
0.818
0.64131
2.22
-1.15
2.251
1.08568
0.9133
5.57
0.701
0.742
-1.69
-1.2708
2.76085
3.83907
-0.515
2.57855
0.617
1.8157
-0.38196
-2.48564
-0.73777
0.42401
1.45602
-1.32162
-1.76435
1.17051
-0.65417
1.53643
-1.0208
-1.62693
-0.42554
-2.71904
-0.1819
0.59584
-0.87121
0.661
1.49216
-2.03
0.64034
3.124
2.31348
-0.15619
1.68268
-0.18547
1.12673
-0.64423
0.6173
0.94188
3.74
8.79
-0.16607
-4.21
-4.64
3.52
-8.59
-0.37514
2.98445
2.37376
1.74
0.8993
-0.122
-2.88
0.3589
-0.266
1.0582
-1.22605
0.54326
0.82721
-1.0116
0.65235
-0.8053
0.6249
0.8908
-0.2832
-1.47
-4.9
-4.95
0.22509
-1.62
-1.5446
1.51166
-1.06221
-0.88533
-0.0284
1.06632
-1.77
-2.6709
-0.472
-0.817
1.0147
0.472
0.20249
1.25752
0.49922
-1.31797
1.76112
0.79158
1.88
1.59875
0.64387
0.3486
0.4042
-1.06789
-1.93141
-2.47
3.65549
1.77437
-1.35495
0.77022
-2.18342
0.19256
1.53984
-0.34795
0.16954
1.0825
-1.40882
0.40294
1.23083
3.44472
-1.00068
2.1937
-0.05622
-1.11829
0.99815
-0.11642
2.06199
-1.49439
-0.30481
0.93846
0.33226
4.68249
-2.4055
-3.7883
-2.27442
0.79706
-0.06129
-3.5779
-0.83828
0.32274
-1.39845
0.38514
1.81
2.18
-2.60916
-1.73527
0.0451
-0.275
2.33
-2.54946
1.81368
21.96597
2.66
-0.90565
0.7674
0.94231
5.30864
5.97367
3.53821
4.98743
3.89588
-3.10149
-3.43352
0.36389
-1.64746
-0.97353
5.16273
3.37582
-0.50362
-1.83
-0.346
1.59
0.1128
0.06476
1.01913
0.29402
1.57693
3.16395
1.30061
0.66654
0.65158
7.0778
3.7265
1.86159
2.0376
-4.98169
-0.0263
6.21595
-2.28168
-7.91616
-3.76602
4.07627
-0.23722
0.30589
2.20735
0.36633
-0.36732
1.92316
-1.0008
-3.574
0.87429
-0.62489
-0.22324
-1.7657
0.75445
-0.97371
1.2242
-1.87332
-0.983
0.57095
1.24752
0.181
0.096
-0.625
0.129
-0.34
0.816
-0.98
0.24
6.51
-5.24
1.02
-0.34
0.571
0.537
-0.278
-0.445
3.11
-0.55
0.563
-0.2946
1.7856
0.483
-4.39
0.39766
2.34
0.939
2.44
-1.16272
1.02
1.04
-1.16
NA
-0.44776
-20.5
-6.93
4.32
-13.4
-3.17
2.78146
-2.05
-1.6776
1.73649
4.89988
-2.13854
-0.3905
-0.67431
-0.08133
0.347
0.36512
1.87311
0.44277
5.22
-0.24951
2.87
-0.275
1.66181
1.33285
-0.74194
-0.5276
1.29203
-0.75737
1.32936
-0.8483
0.8341
-0.19351
-3.50906
1.4491
-3.07439
-0.34791
0.0762
0.2851
-1.2067
-0.2699
0.3509
-1.3523
-3.24785
2.4653
-0.2473
3.33548
-0.58242
1.72057
3.25186
0.1068
-3.54795
3.48135
-0.90576
0.729
1.1823
0.2964
0.4924
-1.2789
-1.4553
0.1477
-1.9236
0.9672
-1.396
0.8118
0.1674
-1.3957
-1.5088
-1.041
-0.5484
-0.47
-2.1956
-1.1997
10.5031
-1.26973
1.3242
-1.428
-1.5699
2.3047
7.0606
-1.3419
-3.468
0.7832
1.5563
2.22409
0.40193
-1.662
1.1367
-0.5626
-2.2951
-2.2608
0.9187
0.4401
1.4663
-1.8867
-2.3565
-1.1328
-0.47984
1.3036
3.39217
1.49496
0.08767
2.35852
0.14608
-1.91095
0.00752
0.06739
-1.53194
0.30734
-0.0472
-0.1939
-0.0639
-0.89126
-2.514
4.25505
-0.5637
1.7135
1.681
-2.6235
0.77548
0.88924
1.8398
0.99364
-1.50588
2.51841
-0.0752
1.54147
-1.56453
-4.9566
0.6708
-0.45672
2.47
1.54264
2.5186
0.5207
-2.6933
-1.5677
-1.3899
1.5686
-1.3847
4.4619
0.22136
-2.08536
-2.11121
0.61867
1.47222
0.0583
-0.22977
2.6333
1.1161
-0.6732
-2.47297
-0.3482
-2.92909
-5.64725
0.0447
2.4526
-1.5467
1.7674
-1.92992
-0.117
0.10985
-1.39898
1.6995
-1.24279
1.8994
-3.24534
-1.56269
1.15887
-0.5001
-2.85872
-0.97124
2.78396
3.7938
-0.19132
1.6718
-1.19329
-1.14513
-4.02392
-2.66571
0.4819
-0.7946
2.80629
2.2194
-2.70963
1.37606
-0.4299
0.61068
-1.7283
-0.47809
-3.57
0.60812
-2.85
1.5548
-0.0161
-0.0546
1.67482
NA
-1.44685
2.85118
-1.9753
2.2502
-0.5333
-1.61564
2.87151
-0.5859
-0.54405
1.4474
-0.3402
0.58855
-0.3531
0.3869
-1.46414
-0.74191
-1.15805
-0.07965
0.94762
0.9025
-0.61854
-3.32634
-0.27362
-0.01633
-1.63869
-0.30959
-2.04092
0.8752
-0.52904
2.91
-1.3283
-2.02212
-0.763
3.86571
0.966
-5.50453
-3.07339
-1.6782
-0.47193
0.05417
1.94988
-0.8945
1.0153
-2.5416
2.02607
-0.64199
-0.32735
-1.92543
0.1844
1.94363
-0.382
0.9111
-0.28
-0.1031
-0.6012
-2.03672
1.10938
0.2824
-0.43257
1.72258
-0.30898
2.39595
-0.77938
-0.96244
-7.346
-2.53129
-0.3177
0.26495
0.616
0.5807
-2.7326
4.01011
-0.12082
-1.93288
1.88
0.8668
1.59
2.4732
-2.256
-2.0014
-2.6172
0.1542
2.3103
-2.523
3.0386
-2.57
3.47439
0.327
-7.68674
0.27102
-1.44526
-0.37833
-0.4698
-1.0316
-0.8772
0.34827
2.7873
1.61071
-0.868
-1.16
-0.1052
-0.40126
-0.52661
2.06473
2.1862
0.70709
1.42703
-1.6443
1.3816
6.65734
-1.72534
-8.6326
-0.8379
-0.8483
0.32765
-1.58877
0.0335
-1.03
0.0302
-0.4478
-2.06
2.61
2.31
0.3918
-1.9015
-0.5948
-0.4531
1.7646
3.2725
0.7704
-2.3206
0.594
-2.9836
1.673
0.9136
-3.2675
0.2486
-0.5619
0.8488
-1.5537
-0.278
1.1983
0.845
1.87
-0.152
0.2711
-0.9947
-1.34
0.353
-1.62
-0.952
-1.36
-1.31
0.1972
-0.3732
0.8382
0.243
0.6533
0.6237
-0.8586
-1.02357
1.54
-0.0805
0.48
0.969
-0.541
0.4306
2.28
-3.07
-0.41561
-1.26356
1.62897
1.87927
-2.9262
2.34929
-0.11924
-1.2176
7.73752
1.79362
-1.11411
1.71627
1.38678
2.70303
0.0939
0.58978
-4.36773
-5.14133
1.5642
2.80425
0.83363
-2.11774
-1.2
4.29338
5.31902
-0.858
-5.75516
1.60217
-0.5529
-1.85216
1.7227
2.35235
0.931
-0.09288
-1.3043
2.8189
2.45674
0.14379
0.6679
-0.17579
0.92362
-1.3226
1.48617
0.05419
-12.22544
-9.15199
NA
4.4865
1.69189
-0.6838
NA
2.46981
-0.91941
2.0194
0.58504
0.24079
-0.14702
2.561
1.4269
0.3426
-1.9231
-0.84743
-0.8741
0.1708
-1.2642
1.03
-3.1
-2.29538
0.775
0.3261
-0.5326
1.87
0.4924
1.26
-1.02
1.14306
-0.6375
-0.81473
-1.28
2.5689
1.26248
-0.902
2.323
-2.90883
1.0307
2.2
0.15604
2.9072
5.36384
-2.21367
0.3031
-0.96381
-1.12983
0.1456
-10.54478
-1.8541
-0.57131
0.51263
1.91403
0.88204
1.4304
-0.37095
-1.39974
0.23509
-2.5852
1.04
2.1835
1.85372
0.07732
0.38084
3.93
-1.4391
-2.45865
-0.938
2.8031
0.10974
-1.33
-2.76737
3.60648
1.9158
1.0468
0.58297
-0.1563
0.8821
0.486
0.69064
4.86805
1.55196
0.63
-9.29
-0.483
-0.569
-2.04919
-2.65
1.52545
-0.03701
0.607
-3.93768
-1.48504
-0.76149
-0.05502
-0.7913
-3.70458
-0.8895
1.0746
-5.16
1.73
-0.0874
-1.22221
3.59
-0.184
-2.3033
0.43475
-0.0649
1.652
2.56618
-1.9782
18.4
1.12
8.71361
1.71
-0.88771
-0.4089
1.18113
2.24226
7.14745
-0.30785
-6.82
0.561
-1.285
-2.37039
-0.2004
-0.358
-0.7606
0.156
0.4381
-1.19
-0.193
-0.63291
-0.528
-1.7528
1.69406
-2.38117
-1.00466
2.73372
0.52982
-0.77462
-0.11821
-0.22527
-3.05615
-1.7784
-0.95
-1.63
-1.29878
-3.50196
7.9405
-0.38463
-4.75599
-6.1535
-2
0.14243
-0.444
1.96
0.10216
1.37444
0.92359
-4.76082
-2.97
-3.17
-0.185
2.93
0.418
-1.36242
-2.76247
0.1795
0.332
-3.09
1.05
0.24145
-1.5
2.78628
2.43594
5.2636
-0.64785
-3.34651
-2.30535
1.38102
0.3863
6.72
-2.67796
0.142
-1.50971
1.50128
-0.3054
0.6346
0.97084
-0.60878
0.5014
-1.2
0.6574
-0.0176
0.395
-1.10356
0.1367
-0.506
0.486
-0.8808
1.53
1.7887
-0.36818
-1.87412
1.18997
-1.02141
-0.7071
-2.0094
1.37
-0.00172
0.2704
3.16
2.67
0.3754
1.59
3.1812
1.75398
0.5372
1.7979
-4.091
-1.69961
1.86631
-2.7753
-0.229
1.4599
-0.19107
-0.0471
5.0259
-0.0479
-0.57619
1.6597
0.3983
-2.83442
0.1143
0.49815
1.50082
-1.12579
3.7895
1.1088
0.6649
-2.2517
2.88457
-6.40314
2.30115
1.28
0.4866
2.3302
0.02127
6.91
2.5483
2.9922
1.50558
1.5464
-0.06039
1.42892
0.3387
3.24559
0.06899
1.45006
0.92248
0.9337
3.27396
0.37573
-2.4447
0.38302
-0.77843
-0.78474
-2.24179
5.9009
1.708
-1.14369
-0.0533
2.6928
2.5552
-0.489
0.538
-0.77753
1.247
0.4743
1.39813
0.204
2.01
-0.859
-0.1845
1.22199
-0.2341
-1.3366
-0.5349
1.39
0.665
1.08165
0.207
-0.74788
-1.24
-2.42
-1.70651
-0.7003
-1.0702
1.19728
-5.77
-4.44
1.68
8.91
2.7447
2.38
-1.39678
-3.12001
-0.86945
1.14141
-0.0207
-0.5219
-1.57
3.4254
-7.62472
0.95
-2.21067
-2.15214
-1.3775
2.61
-1.69
2.46
0.67906
-0.05446
0.157
0.559
-0.02431
-2.84
-2.43
-2.26358
0.36058
1.21896
1.45506
-1.4637
0.2242
-2.24819
0.516
-2.78
-1.11
-5.36
-0.3786
4.04603
-3.0702
-1.19625
-2.8336
0.87081
-1.807
-0.522
-5.59
-0.0832
4.21866
0.4504
6.17171
-0.9528
1.0142
4.12
0.52226
0.62399
-4.03
-2.77195
-0.721
-0.98265
-0.2793
0.0658
0.6007
2.556
-2.39431
0.12504
-1.49446
-2.86182
0.3859
2.53405
-0.1413
-0.91891
0.3859
0.61389
-2.16342
-1.54
-1.88731
-0.20831
1.20366
1.01736
2.59176
-2.25958
1.04063
-0.477
1.35457
-1.37
-0.62242
-2.3286
-0.81942
13.17026
3.32895
-2.64808
-0.2762
-1.53
-0.4271
-3.7278
3.66764
-3.1372
-0.3946
-10.29604
-1.80084
0.97333
6.63638
-0.3506
-1.39
3.46
-9.78502
10.42194
3.0351
0.76601
-0.98041
0.33584
-0.00508
-2.4801
-0.00434
5.28107
-1.26064
0.93258
-0.82873
-1.5874
-2.89049
-1.93602
-3.2
0.77552
-0.32449
-0.93928
2.24255
3.4109
-0.22625
0.96052
-1.39951
1.01197
1.4
-0.69451
-1.27998
-1.7915
-0.516
-0.68
-1.84343
0.0466
1.47855
2.33058
-0.636
-2.0634
0.192
0.0674
0.22431
3.1965
-0.8915
0.0537
-8.22656
0.1157
3.73018
0.4716
-4.7351
-0.37311
0.355
1.83293
4.49161
-0.88917
-1.165
-0.49809
-5.75971
-2.2076
0.4093
-0.84253
-4.01249
0.27834
-1.37729
-0.9437
-0.2361
-3.6149
3.48122
-0.9845
3.61
-0.29376
-0.551
0.746
1.06877
0.50538
0.692
1.83
10.3129
0.932
-0.215
-0.399
1.27156
0.2049
-1.65606
0.2082
0.7731
-1.73
0.0257
0.81372
-0.40171
-2.72
4.47186
7.62906
-1.28
4.6613
0.3961
0.7719
-8.43222
0.14
3.95
-2.34522
-0.0136
1.12
-2.2633
-5.30654
-2.43242
0.5536
2.33157
-2.986
-0.137
0.7802
-1.37
-0.603
-1.37
-1.6532
-1.17894
-0.36928
0.40806
2.3257
-0.07601
2.426
-1.6714
-3.2102
-2.5843
-0.055
-1.71
-1.49
1.8966
0.22
-3.34373
1.03
0.136
-0.6568
0.81713
-2.077
-1.26
-2.26174
1.69851
1.8365
-1.0446
1.41327
1.454
-3.60238
-0.584
-2.2789
0.66316
1.45224
2.36783
-0.92197
0.53779
-0.134
0.16848
-3.0105
0.27455
-0.30274
0.98549
0.5219
0.74303
3.27137
-0.78557
3.29
-1.1578
1.14525
0.447
1.16
1.37012
-0.86989
-1.48045
-2.05431
-0.40724
-1.01791
-4.06
0.96089
0.07059
-0.662
0.537
2.56
0.92999
2.1352
2.50413
0.64897
0.5987
-0.7181
-0.9821
-0.08907
11.84224
-0.0143
1.1044
-0.19492
-1.05
-0.455
-2.75968
-0.62
-1.08327
-3.72198
-1.0882
0.1445
0.642
-1.1844
-0.69451
3.00104
-1.10787
1.5071
2.02683
1.9
0.953
-3.72312
3.5598
-0.778
0.09335
0.90833
-3.69558
-2.3643
2.9472
-0.0805
-0.68581
-0.73436
0.64983
0.4218
1.32452
-9.74834
4.54
-2.79408
0.412
-0.469
-2.43865
-0.125
-0.996
0.9411
0.0629
1.69926
-1.7986
-2.2722
-0.5244
-0.59
-3.25
-0.95304
-3.32448
-0.2077
-0.1546
4.47
-1.27283
1.48582
-0.9931
-1.28
-3.1629
-1.81
0.9716
NA
1.77196
-0.984
-0.3827
5.64
-0.6913
-2.06489
-0.8827
-0.71844
-1.71465
3.1748
-2.36
3.52289
-1.4621
-0.6427
-3.4807
-1.3432
1.39947
-9.41847
-0.13284
-0.5557
2.1036
-2.69163
-4.2593
1.0685
-2.9749
1.61826
3.91
0.626
-2.0252
2.0479
10.9441
1.2163
-3.31011
-0.1363
1.3718
-0.86141
1.54016
1.0142
1.7648
1.37562
0.5051
-1.962
-0.1753
0.9347
1.4801
-1.38855
-2.9662
0.5942
1.72
1.16646
-8.97
3.62054
1.87569
-0.87917
0.15647
-0.94659
0.43159
-1.04
0.8603
2.1689
-0.52413
1.57353
0.784
-2.4098
1.2026
-0.10521
-0.9242
0.3772
3.5359
0.307
1.11
-2.10638
-1.8018
0.70458
2.57
1.9074
2.0913
NA
-3
3.0024
-0.0483
-0.55401
-0.538
2.44983
-0.37661
-0.77281
-1.08887
0.7835
0.0464
0.32
-0.4811
-0.42719
4.8612
2.4477
-1.1452
0.55396
0.23829
-0.50328
1.2137
3.66
4.07409
-0.0669
-1.1105
8.13771
2.512
1.77
0.564
-1.2232
2.04467
0.9422
2.0263
-9.08823
-0.58819
1.05
-0.64236
-1.6967
-1.2138
-2.97803
-3.5097
0.28
-1.09
0.1259
5.89193
-0.89022
1.6681
2.40176
2.8047
1.50984
3.10485
-0.28375
-0.3277
-0.701
2.56
-1.05
-0.63141
2.61
3.79287
3.4535
2.08285
-1.77
-4.08489
-2.4169
-0.438
0.64191
1.4
1.49848
0.117
0.38927
0.5683
NA
2.05754
0.5691
-1.54955
-8.1881
0.7392
-0.5867
1.6842
-9.0243
0.2814
-0.0839
-1.18
0.9362
1.44
-2.6365
-0.91541
1.1599
-1.8508
-2.46269
-3.0172
-2.28443
3.05386
9.93077
0.75258
-2.2344
0.25803
-0.00098
0.587
1.21106
3.0074
-0.8775
2.00719
-2.42515
-0.40087
-0.2588
0.5377
0.7133
2.1397
-5.606
4.2657
-0.60685
-1.10336
-0.713
-2.0859
-1.05268
1.83334
-2.5497
0.9425
-2.4875
1.68
0.80737
3.2
-1.11651
1.304
-1.73047
-1.04
-0.32879
0.46687
3.46
1.5026
-2.5644
-1.17
-2.5961
-0.94465
2.6283
1.49
9.7036
3.17
-0.65481
-1.5131
0.25055
4.7345
-1.11
-0.5345
-0.38447
1.87422
3.1047
-2.2638
1.10896
1.0947
1.7051
-1.32
-1.0729
0.15371
-0.248
-0.29617
NA
3.09925
-0.51642
-0.647
-1.24333
-2.19
0.33162
-1.97114
0.8495
-0.5757
-4.44
0.87586
1.9628
0.531
0.08781
2.6411
0.92786
2.88
-1.4449
2.55
0.1354
-0.86838
-2.30824
3.4854
4.1769
-1.7721
-2.85
-1.0995
3.99409
-3.12
3.52225
1.04537
-1.38796
-0.6244
1.5588
0.1588
3.25111
0.692
0.6573
0.49804
-1.3088
0.6705
1.71448
-1.259
0.773
-10.42433
-1.76
0.0575
-0.5075
0.72199
1.51091
0.0656
3.15278
-0.15186
-1.00337
-0.67916
-0.9551
-2.4092
3.4813
1.186
-0.583
-1.46
-5.72831
-0.3005
-1.85303
1.68647
-0.70064
0.67418
2.6479
-1.338
-1.3035
-0.1953
3.3441
-1.8716
2.6941
-0.73349
-0.57561
NA
-1.60386
-0.55229
1.0819
1.09
0.718
-0.709
-1.59
-0.21133
2.15239
0.26118
0.09581
-0.94284
-0.61782
-0.00338
1.1263
-0.53647
-0.2907
-1.16
-0.138
-0.2767
0.5475
-2.249
-14.34747
0.44116
-1.2196
1.2431
-6.15423
-2.99702
-0.35669
-0.842
0.4564
-6.04456
0.4203
0.38241
2.21877
2.9153
-0.8273
-1.96
2.17
-0.467
-3.28294
-0.15941
0.7023
1.18
NA
0.9415
0.7311
0.002
0.173
0.2279
2.0037
-3.578
1.4495
1.03
NA
-3.46227
0.54199
-2.44
0.2339
2.79
0.663
0.37962
-0.51331
2.77
6.16
0.2
-0.88311
0.4591
-2.8535
0.1124
-1.1242
1.7679
-1.55692
2.3
2.9631
0.646
-0.989
1.0466
1.4932
-0.75536
2.27888
-3.2724
0.722
-1.0022
2.7993
1.5121
-0.6665
-0.09214
2.54
0.5321
3.0621
4.6483
-0.7467
-0.261
-1.84
0.0752
0.484
-0.77499
-2.4171
-0.1643
0.1472
0.117
0.69192
1.1326
0.6045
-0.98651
-1.361
0.723
1.3702
-1.94659
-1.80919
0.63541
1.58697
-0.8188
-3.0805
-1.55112
0.73852
-0.5196
0.3212
-1.7925
1.79904
0.33852
-0.5754
-0.0632
-0.07841
-1.4116
-1.01947
-0.7133
-0.1434
0.000863
-0.207
-0.5172
0.43
0.2082
-1.64621
-1.36
-2.26
1.33053
-0.3389
2.0448
-2.73874
-2.49477
-0.583
-0.829
1.36638
0.603
-1.99326
-0.09655
2.8541
-1.45
-1.45
0.31705
-0.612
0.11738
0.65051
-0.7311
-0.2539
1.03
4.66003
1.8074
0.1576
-1.27757
-1.75845
0.234
0.15208
-0.665
3.15
0.05834
-0.61721
-0.74159
4.84
1.4742
2.57
0.66402
1.07443
-0.31268
0.4947
-2.43611
0.806
1.95989
-0.447
0.92884
-0.361
-0.821
-0.82054
-2.8089
-0.3772
-2.2471
-0.45632
-1.67318
-1.2254
-1.04174
3.6479
0.37203
-0.11582
-1.024
2.64999
5.91
4.64599
-0.8559
-6.72
0.164
-1.91409
0.00195
-1.4379
0.5494
1.3509
-1.61407
-3.24988
-3.04
-1.26911
-0.12349
2.28739
0.80791
-0.59801
1.931
-1.6277
4.8612
0.0458
1.66374
-1.82726
0.168
0.239
-0.4549
-4.84989
1.96204
-1.9217
-0.51452
0.96327
0.13973
0.495
-3.21944
2.19096
0.413
2.38
2.0762
-0.54378
0.8229
-0.97244
-3.3288
-0.326
-3.3
0.89
1.77357
-0.28075
-0.74799
2.97323
-0.765
-2.7945
-3.26052
-0.8687
1.7292
4.77994
-1.1286
0.66046
4.2149
1.36361
0.0705
2.40879
2.6771
-0.3278
-4.8126
-1.09421
-1.56
-0.886
0.454
0.6521
2.99266
2.6
-0.33702
-1.92767
0.175
-0.26
2.09343
-1.14017
1.7427
-1.2605
2.0749
2.5095
0.79275
-1.3952
0.2275
0.5453
-1.30944
0.59624
-0.946
-0.64185
-2.4085
3.46
-0.6968
1.92
-1.66302
-1.75
0.941
0.75676
2.7738
-3.97
-0.12498
1.0834
0.2582
0.1523
0.4356
0.0549
-4.60125
1.36287
-1.82583
3.1474
-1.37422
-2.9495
4.85833
-0.37335
-1.0741
-3.05
-0.392
0.8801
-0.21506
0.416
1.3827
1.16
0.7358
3.00074
1.7162
-5.92
1.91711
1.73134
0.70937
1.63657
-0.6627
-0.6926
1.32
-2.3156
-0.93539
2.63
2.85
0.62804
2.0602
1.56339
-2.00565
-1.7207
1.99706
-0.69653
4.42
1.1216
-0.1286
-0.31938
-1.83908
-2.12
0.5606
-1.05282
-0.6899
1.5326
-1.04794
0.0327
1.36359
0.16635
-1.26984
-1.81249
2.91
1.01108
0.89299
-0.532
-0.5504
-1.0618
-0.5428
5.93818
-1.38238
0.443
2.53
-0.1241
-0.36344
NA
-1.52
0.80971
0.04451
-1.11389
20.89053
-0.58017
-0.0101
-0.53989
4.356
0.9321
2.10412
-6.08494
-0.90524
-0.85623
-1.97
4.311
0.3404
-2.2791
-1.4183
2.0449
-1.7812
1.46675
0.4957
0.0138
0.78105
-0.902
0.727
-2.52002
1.476
-2.27
-1.01833
-1.99
-1.50407
0.0269
-1.7695
-1.4037
-0.2912
-0.2523
-1.49936
0.2052
5.02256
-0.84952
-0.13882
-2.01783
1.95
-0.48819
-3.2285
2.05323
-0.1558
-0.21297
1.10443
-1.4712
3.8949
0.27195
-2.81176
-1.5469
0.82164
-3.0677
-2.8963
2.26181
-10.2
-0.58111
2.0834
2.19
0.467
-3.4411
1.50557
0.53116
-3.05684
1.45964
0.8565
0.86122
6.97243
2.0152
0.30075
-1.90835
0.6995
-2.79
-0.8438
-2.19086
1.35
0.667
2.906
-4.822
1.65426
1.07
-0.43428
-0.8642
0.19791
0.7953
0.3542
-0.2222
2.14
1.99797
-2.48259
-1.04721
0.0252
-3.1
-0.708
-0.7613
0.38689
0.97675
1.6968
-1.18
1.7729
1.33
0.21941
-0.4119
-1.15
0.88085
-0.0791
1.54
0.67867
-1.16672
-0.15369
0.15766
3.59619
1.17
1.0087
NA
1.13157
0.266
1.18592
-0.4587
-0.028
-1.18
-1.3606
-1.5187
-0.83
2.93764
-1.47672
-0.521
-3.09683
-0.9802
-0.74677
-3.08583
-3.03981
-0.0253
-2.00164
-0.41969
-0.031
-1.7113
4.07
-2.6133
2.7677
1.4239
-3.93
-0.291
-1.93
0.2242
-3.50874
11.2
-3.6
0.09043
4.20502
1.3528
2.26
-1.30508
-0.7928
1.75395
0.136
-1.4843
-1.06
-1.33618
0.30193
0.635
0.1177
-4.146
0.50373
1.61047
-0.30963
-0.9477
0.596
1.9394
0.9005
1.43805
0.3746
2.1143
6.83542
1.12124
3.68
-0.52935
-1.48875
-3.4721
-3.01364
-13.2315
0.41066
-9.86625
-1.12133
-0.91
0.835
3.32
1.7
NA
0.1193
-0.361
3.11
-3.9211
5.3552
0.66492
-2.35
-1.21
3.7012
0.37379
-0.67569
1.46027
2.9665
0.61413
1.85213
0.6777
-2.3035
0.5441
-0.2009
-0.1728
2.52826
-0.2173
2.99
2.61
1.03
1.49
3.7291
0.0944
2.86
1.0522
0.7683
-0.0199
-0.826
-1.20136
-0.1523
0.6923
-0.81
0.7898
NA
-1.8973
0.2477
-2.6
-0.33
2.20102
-0.00722
-0.9843
-4.42075
-9.5704
-2.9967
0.888
-1.39195
-2.80144
-1.23118
-0.42957
1.52647
1.0878
1.46
-1.33
-0.1066
0.72863
1.95651
3.32062
0.84214
4.72614
-4.725
0.69563
0.345
0.77401
-0.28433
-0.4529
-2.04
-0.3527
1.9225
1.5875
4.42767
1.4968
0.23272
0.313
-0.1707
0.42349
3.60891
0.05773
1.36176
-1.08655
-0.41229
2.4317
-1.0787
-1.87333
0.6143
-1.0297
4.0509
5.04
0.258
-2.00101
-4.03541
3.13
-0.99042
-0.868
-0.57154
1.4567
-1.83101
-1.03
-0.6988
-0.03585
-1.93
-0.727
1.67476
0.93328
-1.63674
-1.15942
2.73453
0.67639
0.24098
1.5368
-1.08
-0.767
3.67409
-3.57
-1.5459
-3.6
-5.91
-3.51935
4.52
-0.0591
-0.30988
-5.29
-4.34
0.47922
1.1792
1.8872
-1.5489
-0.537
-1.09097
1.8488
0.0706
2.48204
5.37024
-10.55962
-1.61299
-2.17808
-2.36
0.8292
2
-2.11
-0.17267
0.22808
0.86682
-0.9923
-2.25286
-0.6277
-0.634
-0.17449
-2.20404
2.41601
-1.6891
0.02679
1.14
6.52
-0.2
2.0266
-1.794
1.45497
2.77083
-1.0107
-0.27432
NA
-3.78136
-4.11436
-0.34802
1.96
0.355
2.61
0.09259
2.13395
-1.97461
1.03
-3.21
1.11
-0.45412
1.65
0.175
-0.22787
1.82521
-0.41586
-1.6712
-5.24642
1.3967
-1.304
4.78917
2.4622
7.36041
7.6687
NA
1.3455
0.59177
-1.5294
-1.76657
-3.40176
0.77812
-3.1578
4.12344
-0.8965
-0.86029
2.51
-0.912
0.27
-1.4073
1.31164
0.80791
0.45217
0.56745
-2.31377
1.4675
-0.3333
0.8079
-0.84128
0.67226
0.52993
-1.48122
0.71113
-1.7105
-0.1936
0.39324
-1.29237
0.2624
-0.67862
0.314
0.7496
0.972
-2.3145
1.3258
1.11522
-1.1779
1.2692
-0.3028
1.0895
0.8849
0.916
-3.81
-0.6031
-1.0923
1.16
-4.33068
0.09972
0.96145
-0.5975
1.71205
-3.89407
-0.73813
0.762
-1.6663
-0.823
-5.4865
1.3131
-2.88456
2.8607
1.97666
-2.2231
1.51707
0.0982
0.12216
-0.92104
2.26604
-3.2351
0.77651
0.0703
0.86119
0.7973
0.06123
0.77742
-0.65586
-1.294
0.53669
-1.4082
1.00239
0.4545
-0.109
1.07199
0.307
1.13414
-0.4241
-3.11
1.2409
1.49
3.69814
1.0228
NA
-0.9765
2.2
-0.43
1.09714
1.2745
1.69284
2.35646
1.1605
-1.25249
-0.34951
1.05457
0.38182
-0.784
-0.7664
1.3512
1.47
-2.95921
-1.29977
-3.38121
-0.1186
-0.8258
-3.42868
-1.10285
0.6627
-0.06725
0.9448
-0.1198
-2.0751
-2.40606
-1.7207
1.0109
-0.7308
-0.2317
0.0268
0.1751
5.7417
-1.1906
NA
-0.1372
0.624
1.52
2.3602
1.68894
1.0425
-3.92606
0.0472
2.84831
1.761
1.931
-1.5712
11.27541
-1.0487
0.48272
0.773
-0.80783
1.58094
0.76448
-0.04862
-2.7428
1.86954
-1.2426
17.8
-1.26301
-1.0343
-0.0291
-0.193
0.0319
0.14552
2.6246
4.04
-4.04712
0.79982
0.453
-1.91
1.72
0.7983
-1.7324
4.206
-1.70639
-18.85542
0.483
-3.1771
25.8
-1.1222
0.18118
-6.2872
2.1544
-1.404
2.3002
-1.41
-3.6603
-0.14487
1.01462
1.1535
-1.44297
-5.84239
2.22535
-1.35
-0.28887
-1.13
-1.23244
1.8762
0.3301
3.74276
-1.5022
-0.804
2.33
-4.58465
-1.7969
-1.81998
2.67965
0.967
-0.245
-0.8247
4.9804
-3.75
3.43252
-0.55028
9.15652
-1.8225
-8.7923
-5.4831
1.98
-3.57868
-0.106
-1.8003
-0.76758
0.3065
0.343
-1.4
-1.78652
0.3347
-0.2037
1.24008
0.075
0.27012
-0.1955
1.63083
-1.4077
-2.8087
-2.5675
-0.38244
0.295
0.55395
-1.22764
-3.78106
2.8732
1.92922
-3.29236
1.19177
-1.23443
1.9245
2.08
NA
0.89055
-2.3175
1.26
0.5858
-0.117
2.2367
-1.3287
-0.93754
0.0843
-1.2399
-1.29395
-0.0432
-0.32613
1.8462
-0.7827
1.1644
-9.46948
-2.35535
0.3178
4.28916
-0.3528
-1.45803
-2.7899
0.145
-0.41582
1.4837
-1.7543
-2.69954
2.91
0.167
-1.22455
-1.1935
1.19945
-2.6783
-0.26516
-1.59
-0.00187
1.9692
1.59
8.79749
1.99
-0.1038
-1.1179
1.03
-16.889
-1.05514
-0.78001
NA
23.4396
-0.9944
0.1719
NA
-0.352
-1.0455
0.62979
-0.43937
-0.20147
3.06
-0.36266
3.9557
-2.5715
-4.68
0.88281
4.27
0.00894
NA
-0.39252
0.717
-0.181
-3.43742
-0.9322
-0.6855
-2.5465
0.2267
-3.20854
NA
-2.3956
0.90179
0.61789
-1.14915
-4.8612
1.1998
0.1255
-1.39
-0.2071
-1.7637
0.86811
1.4
-1.19385
2.0761
-1.40135
0.7687
-0.743
-1.0605
-1.79714
-0.957
-1.52428
0.46489
2.6728
3.69
1.8122
-1.1
-4.35309
1.94
-1.0747
1.9191
-0.4013
0.45616
-4.63
0.414
0.0779
0.66
0.2769
-5.92
-0.48695
-0.88578
-1.2672
-0.391
-4.56407
0.897
0.67016
-0.96839
-2.67
0.9104
6.08
0.732
-1.24
-0.8825
0.22714
0.9556
-1.14839
-20.25825
-1.0939
-1.9
1.17
4.1653
1.33803
0.68451
-1.99
-7.25345
1.02
-1.91413
-1.38756
-3.419
0.73328
-0.783
-0.75405
-0.242
-1.1585
-3.06
2.3577
0.435
4.04532
0.62009
1.25459
-3.47
-2.29935
-1.30215
-0.23944
-0.96584
-1.41605
-5.16
2.0376
-1.0957
0.0461
-0.427
2.91243
-0.72
1.37203
0.51697
-0.97
1.4212
2.1484
-7.04
-1.7932
-1.0044
-1.09
1.088
0.04462
-1.59924
2.5893
-1.4007
0.4776
1.31746
0.146
-0.771
-0.239
-0.663
-2.39
-0.745
4.4
2.55261
1.25374
0.424
0.457
-4.03
-1.55709
0.7611
0.19333
2.56873
-0.28805
-0.87179
-6.25
0.2378
2.58
-1.31471
-1.32627
0.36753
2.38775
1.33348
-0.01021
0.67236
-1.45909
0.212
2.00556
0.28
0.382
-0.31175
2.5252
0.85355
-1.69137
-0.5167
0.5089
0.8676
-0.48
-2.12
1.321
1.56438
-1.79643
1.25682
0.63265
2.3464
4.47
-1.17524
1.64739
-1.65228
-0.44146
0.7684
-0.58873
-1.05
-0.31025
2.93
NA
NA
NA
-2
NA
NA
NA
NA
-0.0753
NA
2.69
-0.104
1.0161
NA
NA
NA
NA
5.21
1.1
1.05513
NA
NA
NA
NA
NA
4.75666
NA
NA
NA
NA
-0.91416
-0.2784
NA
NA
NA
NA
3.1987
NA
-0.3032
NA
NA
NA
NA
NA
NA
NA
-1.54754
NA
NA
-1.86
1.55747
-1.0285
-0.2806
NA
NA
NA
NA
1.02
NA
0.08674
NA
-10.3
0.6263
-1.45
NA
-2.54394
-0.7
NA
-0.84143
0.994
-1.1492
-0.75466
-2.1715
6.5718
1.65
0.0868
0.8305
1.807
2.53227
0.155
1.62305
-0.7806
0.76042
-2.7807
1.14863
2.6278
-0.6996
-3.69755
5.35082
1.49276
-0.532
-0.08261
-0.375
1.08
9.08e-05
0.4
0.826
1.33606
-1.7598
-0.814
-1.02853
1.60112
7.09078
-1.0717
-2.79368
0.82468
-1.54024
-2.0252
0.40085
0.46477
-0.88728
-0.0534
-0.18984
0.92734
0.455
1.34
-5.74586
-1.1773
3.30363
-2.44635
-0.4871
0.562
0.22714
0.7804
0.2091
1.96056
0.2066
-1.17
0.32659
-2.74
1.7091
-2.82957
-0.73
2.2954
-0.63277
-3.41101
-0.98027
0.33054
1.7344
-2.0023
-1.08328
-3.22256
-2.44
0.582
-1.63
-2.55887
0.9936
-1.5565
0.5951
-0.02958
-0.7241
1.6895
0.81519
0.256
-0.99366
0.5605
-0.7484
-0.95613
1.18638
-4.25015
0.5358
-3.37675
0.45929
-1.3571
0.7254
2.4671
0.39132
0.65855
-1.56
-1.10532
0.32808
0.42118
-0.35259
0.20072
NA
NA
NA
-2.79119
-0.0956
NA
-0.54325
0.94689
-1.28834
-0.86325
0.307
1.6506
-2.40251
-0.12038
1.66
-0.2279
-2.27189
0.3132
3.3961
1.93049
0.82438
-0.4786
2.9497
2.43109
-1.46301
0.72995
-3.06327
5.56
-0.34
-1.15
-1.2256
1.77382
-1.9284
0.72884
-0.9683
-0.95073
1.91054
-2.9987
-0.6684
0.74938
-0.31532
-1.1853
1.2285
0.9669
0.9669
0.1498
0.8492
0.6369
-0.6079
2.9052
0.738
1.3283
-1.5296
-1.73
-0.487
5.5073
-1.1134
2.4322
1.81
-1.9297
-5.09
0.752
-0.658
2.78
1.73559
1.23031
1.44
0.361
-0.6761
0.51618
-2.043
2.0656
3.11
-0.75102
1.90223
-0.83086
0.66592
1.7581
-3.2
-3.4693
0.15581
0.55391
-1.85
-5.27
-5.21459
-1.4299
1.43089
-1.86
1.52563
-5.496
2.30495
1.97
-0.99643
-5.7146
-5.36116
0.10444
-2.25335
-1.47394
0.94644
-1
1.4
0.863
-4.41419
-0.3758
2.5709
-0.68978
0.55917
-0.0832
-1
0.85894
-0.187
0.95568
-0.77124
-0.7729
0.2946
1.85
0.71344
3.08079
-0.9254
0.30756
-1.98771
2.28253
-2.58
0.7272
0.51459
1.83341
-1.60258
NA
-3.38
-9.14259
2.00942
1.36616
0.68047
NA
-0.3807
-1.94052
-0.2592
NA
-1.9467
NA
-3.82582
2.5531
1.0896
-2.2373
0.267
0.70682
0.88614
1.41
-2.44107
-1.901
0.6308
-0.0594
-1.4441
-0.5223
-2.5176
0.08325
-0.24133
0.8721
-1.4838
0.383
-0.3127
0.537
-0.7898
-3.1222
3.5722
0.06015
-1.23457
-2.6285
1.41054
3.50813
3.5066
-3.91191
-0.794
-1.0622
0.00135
-0.9461
-0.90786
2.67724
1.24
-0.226
2.63
-2.7687
2.61
-0.45828
1.8841
-0.9078
0.349
0.49564
0.25335
NA
-0.93889
1.6054
6.34408
-1.07798
-0.39178
1.79309
8.27757
-1.2
0.32501
0.5935
-11.6
-1.3121
0.8827
8.53
-3.11842
0.16178
2.21539
-1.7512
-1.54
0.60279
1.40798
-2.14
1.67957
-1.65441
0.15
3.32458
-4.21324
-1.39058
-0.59096
3.0867
2.77827
-1.41094
1.6672
0.82432
0.131
0.74355
1.64733
NA
2.51184
-1.53384
0.9095
NA
-0.4685
NA
1.21
-0.55
-1.6983
1.88961
-1.64728
-3.82
1.17329
0.68905
2.5152
-0.56215
0.78986
-0.167
1.05897
4.62947
-0.0957
0.27259
0.7341
-0.43935
-0.0459
0.8855
0.22488
-0.11052
-1.2091
-0.4559
0.72129
-2.71857
-1.42281
-1.95377
-1.4928
1.3925
-0.92517
-2.0391
-3.2468
-0.8023
-0.71871
-0.88637
0.1854
-0.0989
1.4155
-1.487
0.65
2.3814
0.704
1.89
0.635
-2.80798
-0.17
2.46
0.377
-0.632
-0.591
0.13
0.827
-3.93
-0.561
-2.85
0.18797
2.3732
-1.3812
2.59699
-0.77874
NA
2.22242
NA
9.80259
1.91767
4.2504
NA
-1.73375
-2.09279
-2.27344
-1.47986
-1.75
0.3885
NA
2.6051
-0.41722
0.25543
-0.912
-1.89924
3.1
0.54595
-1.67381
0.485
-0.58952
-1.4245
0.10554
3.86188
-0.647
-2.65
-1.91
4.2743
NA
-0.47467
0.85138
0.22291
0.565
0.33379
-3.55151
-0.09492
-1.2229
-0.7846
-0.72702
0.70362
NA
-1.62
-0.6373
-0.0338
0.63502
-1.67913
2.12
5.52749
1.53353
1.81
0.8517
-0.67259
-1.52895
5.6812
1.1096
-0.30501
1.4158
4.34
-0.1753
-0.6961
-1.9459
2.03
-0.73117
11.22081
-2.28
-0.967
-0.36096
-1.32
-0.80797
1.27823
-5.57893
-2.23026
0.3673
3.5431
-2.09991
1.0489
1.41
0.69364
0.9433
-1.34
-0.415
-2.52
-0.3059
1.562
-0.16555
NA
1.845
0.384
0.114
1.87
NA
0.60202
1.294
3.29733
-4.4854
-1.9703
0.59106
1.32936
0.0068
0.929
-0.1616
-0.66814
0.33121
0.3794
-10
-0.44608
2.93255
0.096
-1.5864
-3.71301
-1.5577
1.1537
-0.53322
-1.2701
1.69266
NA
-0.167
0.58172
0.06442
-3.35109
0.8765
1.88
2.02922
1.6
0.08499
0.9226
-0.0899
-3.5243
-0.3305
3.49561
1.85
-2.6369
-0.62887
-0.18361
-1.27
0.34882
-1.61012
-1.07002
-2.98991
2.77
0.161
-3.77151
-0.9227
-0.61901
-1.71
-2.42472
-2.16
0.43564
-2.24807
0.99081
-0.504
-0.0781
NA
1.98737
-3.3513
-29.7
1.62
-2.18806
-0.61353
0.661
0.72541
-0.96222
0.743
NA
-1.15267
-0.65749
0.35553
1.47
0.2468
1.30019
-1.05
1.2745
1.35829
-2.36024
2.9253
-2.14389
1.0412
-2.30615
-1.52977
1.4981
-2.0252
0.13648
NA
0.1689
0.3438
-0.857
-1.04
3.12517
-0.85103
0.946
-1.1294
1.3877
-2.11236
-0.6
-0.64776
2.0407
1.8519
-0.618
-0.425
0.2292
1.38161
-0.3532
-1.18
0.90278
3.97306
-1.09
-0.807
-1.0213
-0.252
10.6
-0.2465
NA
-1.17907
1.395
2.53629
1.086
-0.92944
-3.84118
-1.93002
-5.24
-0.1104
-0.90136
NA
-3.1359
0.5084
-1.32653
-0.01499
0.535
-0.41965
2.17482
-2.68474
0.094
-1.0784
4.0076
-1.71633
-1.3586
-0.0281
3.246
-0.122
-0.06325
0.2084
1.4511
0.8177
-1.58
-1.33928
-0.1511
-2.25
-1.98
0.60246
5.41717
-1.47
1.37283
0.382
-2.87
-0.2367
-2.11419
0.6389
0.4996
-0.31043
-1.148
0.19556
1.35434
-0.69331
0.617
2.48205
0.82534
-0.42902
0.82625
-1.78
-0.389
-0.659
1.8655
-0.127
0.2808
1.58
0.8085
-3.32
NA
-0.7076
-0.19816
0.22948
-0.0231
-4.40602
2.44242
6.4621
-1.16
1.88
1.30899
-1.47437
-0.10489
3.19127
-0.51734
0.89725
-0.935
-2.65598
-0.77822
1.35
0.227
-4.48723
-1.33428
3.54624
3.13
-0.1671
1.3729
1.59256
-2.1571
-0.45717
NA
-0.02071
3.23965
-0.28155
1.6869
-2.03482
-1.27
-0.96
-0.80837
1.20306
1.3838
1.79
-1.4037
-0.15247
-0.366
1.9837
-0.572
-0.18747
3.15922
-2.18436
1.9247
-24.0666
0.9875
0.201
0.10922
-0.77024
1.9427
2.38
1.14766
-0.3107
-0.5321
1.90158
1.18503
-3.4
-3.8573
0.9555
-0.8623
6.29
1.46102
-4.2725
1.24
0.7664
-0.3081
-1.93
1.30149
-5.6132
-0.2792
-0.26021
-0.49878
-0.38352
-3.68341
1.6
1.9044
1.89028
-1.23
0.7008
0.63222
0.305
2.15126
-0.702
0.0589
0.18365
-1.0756
0.6568
0.4195
NA
3.48
-2.26453
0.38299
-1.1861
-4.46443
2.67527
-0.5706
-2.64367
0.827
0.295
0.47503
-2.4907
0.7298
-1.47302
0.99123
-0.0756
1.08
0.31
-1.58
0.0218
-0.55801
NA
1.58574
2.81642
-0.13978
0.56614
1.37584
0.0314
0.51442
-2.77178
-0.2776
-0.77233
1.0766
0.334
-1.9804
-1.82
0.0366
0.6482
-1.995
1.32286
-0.5173
0.274
-0.21624
2.42366
0.1952
-1.22993
-0.155
-0.16326
0.149
2.39
0.4493
1.46
0.359
-0.70371
-3.176
-0.2805
-0.382
-1.12874
1.24
-0.583
-0.207
-2.00263
-0.0495
-1.10289
-1.03814
-0.15944
1.5136
NA
-7.77
-0.9718
1.93478
-1.11436
1.55
NA
2.3356
-0.93601
0.36374
0.3257
2.39
0.0974
1.0684
2.02854
2.12
1.16
1.75345
-0.58505
-1.14223
NA
2.06
0.26555
-0.83471
3.58326
2.2449
-1.55776
-1.53
0.5665
0.67529
-3.01735
1.0903
-1.54
-4.14908
-1.2282
-0.61443
0.0374
1.11658
NA
3.54671
-1.55093
0.10284
-0.5548
0.178
-0.8495
-1.89311
-0.02594
2.3564
2.51827
1.7444
0.681
2.13322
0.17486
-0.23544
-0.59895
-0.5862
-2.6734
-2.29
1.17015
0.64733
-0.973
0.0223
-3.69
NA
-1.16324
0.3042
1.05398
-0.54103
0.09958
0.3493
0.6458
-1.89581
NA
1.08275
1.0586
-0.2713
0.89921
0.2788
2.36318
1.294
-0.40552
0.77389
-1.34256
-2.95461
-2.9614
1.11
-1.19216
0.54255
-0.5235
0.29327
0.52555
-0.85836
0.15916
1.60623
-2.083
0.696
-0.81
0.68653
-1.19614
-1.0944
0.481
-1.866
NA
-0.0781
-0.17
1.1407
-3.68
1.18817
2.88485
0.96054
-1.03643
1.0276
0.3114
1.23059
-10.2
0.76057
1.61
1.3843
0.79325
-5.0265
-0.0438
-0.9292
-0.535
0.94292
-0.43854
2.73
-1.2
4.58497
-0.81151
2.87604
-1.3283
-0.99864
1.71442
0.11919
3.1138
0.312
3.17717
0.4523
0.605
-0.29324
3.8161
-0.746
1.3554
1.442
-3.39664
0.01955
-0.127
-1.82
-1.65
-0.84377
-1.81
1.89254
1.06538
1.4041
-1.42614
-1.58
2.3145
-0.1849
0.65051
-2.4473
0.1305
-1.4245
-3.17583
-0.1758
-1.47978
-0.1638
NA
-1.4254
-0.83521
2.0515
0.945
-1.21
1.33411
-0.06359
-0.7814
NA
-0.355
-1.00293
2.89295
-0.1357
2.32
0.86284
1.55739
NA
-1.67
4.05
0.99997
-0.774
-3.1414
-0.24493
-3.1554
-1.67392
3.06
-0.172
-0.39638
1.1407
-0.753
6.0025
-1.73423
-2.0464
-0.887
-1.6071
0.61625
-2.65627
NA
-1.79659
1.7496
0.09839
0.01209
-2.38119
-0.0365
-0.643
-0.19321
-0.0493
-0.02762
-1.48
-1.10726
2.95671
-0.52563
12.5
1.87
1.26591
1.57789
2.0019
0.6957
-0.6309
-0.177
0.452
NA
-2.3549
1.5554
0.4425
0.22704
0.01939
-0.38
NA
0.34991
21.5319
-1.3069
0.56889
-2.30659
0.55908
0.3342
-0.2053
5.41088
-1.88807
0.04235
2.68
2.1212
0.7964
0.01748
-5.54293
0.73728
0.63055
1.3377
1.41
NA
-1.1035
NA
-0.109
-1.17
0.11387
-0.38103
0.0659
-1.35
1.65443
-1.81763
-2.34305
0.242
-0.2322
NA
-1.0496
NA
0.3336
-1.7109
-1.21
-3.00532
-0.0485
-0.88815
1.02
-1.63
-0.5482
-0.0884
0.94574
-0.0358
5.45308
1.79637
-0.14723
2.87148
-0.809
1.78
1.51103
1.46815
1.08954
0.0325
-0.36392
1.7703
0.18181
-1.25177
1.5129
NA
-0.30564
2.7036
0.1881
-0.69439
2.2903
2.1319
-1.39
-0.617
-1.7287
2.62936
-1.01
-0.856
0.28909
0.294
2.4896
-0.6252
-2.01049
-5.83
-0.87782
-2.2866
2.54635
2.2026
-5.02924
-1.674
0.95052
0.146
0.09239
1.56871
0.335
-0.32
-10.7
-2.22478
-0.24361
-1.26046
-4.03161
-3.1597
-2.07093
2.01925
-2.56
1.07
-0.913
-0.339
-4.39912
0.0976
-0.713
0.2039
1.56
-0.000545
0.778
NA
2.6893
0.09973
-1.14377
1.21814
-6.45807
-0.0846
2.0329
-5.32514
-3.98218
-1.16722
-1.18887
-0.41
0.568
3.2671
-3.3424
1.93124
-1.76
0.293
0.60749
-1.59013
0.0551
0.53264
1.4465
0.38528
-0.98857
-5.47
-0.63987
7.77365
-0.34492
-1.59
3.99583
-0.43296
-0.48374
-8.81
-1.1344
-1.3517
0.1391
2.6934
-0.981
0.9596
-0.272
0.73893
0.009
0.65
-0.7928
-0.651
0.79635
-0.20218
2.15
0.1881
-8.73
2.85
-0.26651
0.825
-0.6855
0.356
-1.75142
-1.34869
NA
-2.00918
1.75376
3.51606
0.31773
2.94
-0.839
0.43838
3.18266
-0.64395
0.89057
-0.0104
-0.79579
-0.6013
-0.168
-0.437
-0.37524
1.4483
-3.32992
-0.28739
-0.2239
3.06
1.88462
-0.896
0.2379
0.992
-0.1288
0.3224
-1.11798
-1.21
1.2263
-1.71435
0.432
-1.21
-4.6644
-0.56543
-2.37408
-1.18547
-0.0621
-1.70045
0.71128
-2.23488
0.189
-1.1469
5.9147
1.7109
0.3043
-0.2586
-1.36659
-1.16105
NA
-0.256
-1.20766
-1.04181
-0.2407
1.1713
-0.7018
-0.44
0.66798
-1.49007
-0.7537
0.926
-0.93409
-2.37307
2.50567
0.76645
-1.016
1.1875
-2.85224
0.86571
-1.35443
-0.6553
NA
1.03113
-1.40621
-0.83376
-1.03204
3.14196
2.61345
-0.0708
0.60385
0.198
2.0805
-1.48808
23.6
-0.5855
0.5769
-1.27
-0.754
-2.18642
-4.50827
-2.77123
-0.43175
0.8398
3.89068
-3.17859
-1.86999
1.0083
-2.8508
0.40716
0.38718
-2.1086
-3.96
-1.43457
-0.218
-1.18015
-1.4511
-2.2181
-1.14698
-0.87496
13.6219
-0.1573
1.30005
-1.6881
-0.64834
-1.1653
-1.64211
-1.60777
0.49667
0.84683
2.4252
NA
2.7482
-15.3
0.0701
-0.69395
-0.43261
2.35
0.84017
-1.88198
-5.5865
-0.294
-1.81
0.6238
-0.475
0.8454
5.8735
-0.0703
0.3016
-1.02398
-1.95899
0.43243
0.543
0.508
-3.05
0.34916
2.8429
NA
1.17297
2.4095
1.2851
1.9976
0.6049
-1.00398
-1.0652
-6.39627
-0.317
-0.05067
2.69075
-2.27112
1.4546
-0.91216
NA
2.93
-0.56897
-1.6123
1.59448
4.57427
-2.75
-1.32398
-0.4506
-0.9652
-1.4523
4.2227
0.21193
0.37939
-5.5034
-0.5132
-0.8631
-0.35067
4.67145
-0.5437
0.314
0.80929
2.55305
-1.52
-0.323
1.151
0.52854
NA
-1.86
-1.12683
0.5975
0.2023
0.19047
NA
1.54
2.2957
1.14194
-2.455
1.52
0.89446
2.57
0.76919
0.7769
-0.46063
1.34
0.2495
2.39216
NA
-0.53065
-1.2708
-2.39438
1.6948
1.2755
-1.31074
-2.85129
0.31214
0.554
-0.9846
5.3503
-2.34
0.65214
0.93062
2.37572
3.86807
0.69979
0.8667
-0.48616
2.62
3.85315
0.02496
-0.0967
-0.2307
3.91767
-0.369
NA
1.81691
0.2753
-0.31774
-1.05492
NA
-0.11699
-0.44634
-1.07092
0.6876
-0.825
0.14
-1.04
4.47
1.37516
-3.0098
0.59764
-0.909
10.83148
2.4
-2.1062
-0.51949
-1.9931
-3.95
-1.37229
-1.767
2.5213
-0.0383
-1.2047
1.3871
-0.71212
3.64912
-2.2531
0.0225
2.048
-0.2229
2.09895
0.8092
-0.61612
-0.892
-0.22031
-1.6
5.03132
0.882
0.93069
-1.13514
-0.33836
-6.47
-2.01446
3.6229
-0.84225
-1.1948
-0.5349
-0.86233
-1.38055
0.4586
-0.4927
-1.4908
0.35924
-0.175
-0.7389
3.1227
-0.2843
-0.77883
0.96123
3.188
-0.05596
NA
-2.69588
-2.39
1.2448
1.85978
0.5284
-0.35049
0.43007
-0.6804
-3.0369
-0.2616
-0.841
4.6
-1.21155
-0.4194
-4.64173
-0.7825
-3.36
-0.27147
-0.57572
-0.68304
-0.9149
-0.7719
2.14
0.8194
0.30855
1.84935
-2.0059
-0.0922
NA
-0.4164
-2.40247
4.6436
1.2127
-2.1762
-4.67
-5.123
1.16
-0.1742
0.6494
1.40992
0.27649
-1.2517
NA
0.9592
1.3
-0.3171
0.697
-0.73676
1.91731
NA
-3.7939
1.45377
0.30358
-1.6745
NA
-1.487
8.45708
1.12921
-4.57499
0.29222
-0.29681
2.4602
-2.2012
0.524
1.18714
-0.9379
0.4415
-0.36767
2.15999
1.84385
-2.36
-0.82473
-0.51607
1.5771
1.7
2.08206
0.733
0.353
2.64403
3.6044
-1.6843
-0.27782
-0.0847
0.57494
-1.2639
-1.2063
-0.272
-2.54655
-2.8021
0.359
-2.86869
-10.8
2.00905
-1.8757
0.50964
-0.36197
0.837
-1.0779
-5.671
-0.878
-0.29664
3.9203
-0.71523
-0.0979
-0.876
-1.5244
0.29126
0.456
-2.28
-0.50674
-0.753
-3.1522
-0.0454
-1.1934
NA
0.7681
-4.9134
NA
-1.88973
2.04291
-0.64867
3.6498
0.4866
1.261
1.0886
-0.20053
0.717
-1.0018
2.8304
-1.0931
0.82632
2.03761
-2.33375
0.4413
-1.97998
-1.33
-1.285
2.01395
1.48336
1.55638
2.06394
4.43515
-0.65404
0.172
-4.1796
-1.42
-21
-0.2932
0.28672
2.0708
-1.24
-3.31
-0.975
-0.49459
1.29358
1.13809
-0.93988
9.64657
-0.312
-0.3657
-0.38218
0.50384
2.75356
-2.0372
-1.34017
1.33836
1.49156
0.659
0.36062
NA
-2.93042
1.1584
0.273
2.86
-1.47042
1.0307
3.77
0.7937
0.07014
-2.74
5.22764
0.87961
0.522
0.26345
-0.98901
-1.0816
-0.7237
0.80447
-1.14445
0.77862
-1.7623
-0.0503
-0.43297
-0.7753
-1.3829
-0.6185
-0.5539
0.281
-4.7693
-2.15892
-0.13662
15.27833
-1.04
-0.98102
0.18449
1.4052
-0.744
-0.4599
1.1848
-0.06897
-1.78673
NA
0.1446
-1.37282
-0.69448
0.3018
-0.56709
-2.6329
2.7
-1.13402
-1.19317
-0.53537
-2.00723
-0.55665
0.28475
0.51329
NA
1.28409
-2.63757
-2.3646
-0.83188
0.7319
1.76049
0.98024
1.5209
NA
4.99
-1.04738
-1.92158
-2.99642
1.23765
-2.10061
0.877
-2.14429
2.58225
-0.8894
-3.07962
1.6636
2.0352
3.00429
-1.84545
2.35858
0.0142
-2.62618
-3.15205
3.73365
-0.0572
5.51094
-0.7627
0.35478
-0.48099
-0.4979
0.43525
-0.292
-1.20734
5.74068
-3.0984
-1.48
0.3868
-1.08453
0.68566
0.8045
0.85664
4.81843
2.3299
-3.4489
-1.27566
-4.70605
0.962
1.16484
0.65097
-0.3204
-0.382
-0.8731
-1.36846
1.34
-1.50729
9.95179
1.2469
-0.04223
-0.51426
1.5226
-2.2745
-2.91702
2.48229
-0.74764
-0.3369
0.0287
-2.98047
-1.58594
4.88395
-0.961
-9.329
-1.00852
2.0091
-0.91396
1.42994
-0.4885
0.8731
0.925
-2.01737
-0.71001
2.45931
2.36185
-1.26168
0.379
0.34277
0.9864
0.70076
-1.76669
-1.55537
-4.76002
3.84947
2.6133
-1.65061
4.28008
-2.74162
-0.71163
-2.2806
-4.8314
0.24431
0.6974
1.22
1.13848
-0.76057
-0.66906
0.495
-2.85
-2.8443
-1.67123
-0.59636
-1.13812
1.84698
-1.73
-0.7086
-2.21529
-2.05
0.53826
NA
0.247
-0.156
4.65083
0.94783
2.5107
2.2089
-2.11043
-3.5651
-2.25429
6.32535
1.76167
-1.40974
-4.17108
-1.02462
-0.73762
-2.22983
-4.146
-1.26265
-1.05392
4.97499
0.94195
-3.11008
-2.6537
1.40598
-0.45713
-1.0282
-0.65135
NA
0.24218
2.34304
-0.241
-0.45029
0.353
-2.085
2.11321
0.812
-1.4457
1.6613
0.5363
-1.51
-0.4067
1.3607
-0.32316
-0.5148
-2.3845
-3.53952
-2.16587
-1.44
1.0884
-3.2642
-0.914
-0.1004
2.1446
0.6071
-2.65
-4.21824
-1.4831
1.25
-0.13776
-0.10033
1.55074
1.00676
1.41545
1.6108
0.408
0.29279
-1.1482
-1.5586
2.36742
1.62989
-2.86
1.4114
0.7063
-0.18065
-1.32501
-1.01
-0.3862
-0.97
1.2894
1.6872
2.24
-0.72784
0.48303
1.2874
-0.63847
3.80931
4.3918
-1.1258
1.9041
0.50132
0.468
2.6473
-5.39
1.68126
-0.8909
-0.8762
-0.50674
-0.436
0.453
-5.0197
0.15
1.98451
-0.2722
2.73
-1.67854
2.22335
0.8957
-0.71684
-0.758
1.41
2.3682
0.3175
-1.0719
-0.32125
-0.0049
-1.9477
2.2239
-2.10364
2.90243
0.8301
-3.76
0.0636
-0.05459
-0.704
0.05146
0.845
1.2858
-2.29649
-0.1468
0.58245
-2.65316
-2.7675
0.0127
6.59
NA
-1.63
-1.1
2.74
-1.13478
1.19
-0.01405
-0.72943
-0.37127
-0.225
0.92
-2.4
0.7923
1.65
1.0999
0.412
-0.12853
-1.27
1.22
3.12
-0.764
-1.91
2.07104
-0.109
1.34
-2.18255
1.91
0.005
-1.9208
-0.03499
-0.4433
-2.05855
0.176
2.48
-1.91347
1.51991
-0.00128
-5.31007
-6.58
0.84494
0.54
-3.08
0.00304
1.2
-2.08
-0.254
0.42543
4.776
1.81241
-1.15
0.75
-0.263
0.37652
-0.645
-1.04
-0.807
-1.61618
-0.3924
1.89
0.33043
2.01456
-0.37171
1.1296
-2.76
-1.76
0.59091
-1.17
-0.70715
-2.36132
-0.6918
-0.87406
-0.18802
0.519
2.51179
2.91
5.39787
-0.22744
0.592
-0.349
-0.05582
0.42405
-1.34
-2.34283
-1.99
3.019
1.26
-1.0536
0.1441
0.0558
0.8106
-0.2111
-0.827
-1.33
-0.06474
1.2799
-1.89
-1.1
-3.4737
-0.874
-0.72059
-1.77913
-1.2397
-2.7856
0.316
-0.78452
-1.01
2.17
-0.66161
0.553
0.0419
-0.252
1.41
1.76
0.7373
0.3393
1.36403
3.24278
1.29377
1.29
-1.3056
-0.31597
-0.20439
0.3901
-2.23
0.72044
-0.24883
2.04
-2.2102
-0.754
-1.99
0.67163
-1.11
-0.785
-0.185
0.596
-1.68
-3.72302
-0.10201
-0.37755
0.575
-2.93
-1.31111
-0.6186
0.16704
0.98799
NA
-0.394
1.2386
0.5873
0.381
-0.8242
1.1511
-0.47265
-1.2367
2.16863
1.11
-1.699
0.0982
-0.0798
0.4782
0.3
-0.6209
-0.688
-0.98
-0.565
-0.368
0.4331
-0.12907
0.579
1.66
-1.9952
-1.59174
-1.2
-2.37379
1.11939
1.89052
-0.1762
-0.61968
-6.05674
-0.467
-2.6305
-1.38198
0.77
1.6537
0.116
0.38747
0.643
0.48162
-1.35
1.64
-0.40004
-1.6547
0.66141
-0.319
1.7596
0.565
-0.06631
-1.4302
-1.6001
0.4648
2.18548
2.41356
-0.1276
-0.0194
1.76
-2.45305
-0.0165
-0.23944
-1.14
0.515
1.2242
0.0504
-1.95387
1.4
2.01
-1.41
1.12
-0.21
0.20806
0.34432
0.86026
-0.0954
-0.3539
-1.18
-2.3612
2.04931
1.33
0.378
-0.307
-0.02526
1.634
0.4767
-0.2901
0.758
-0.0404
-1.94
-0.5623
-1.1361
-1.44
2.32
-0.7109
1.4128
-0.244
-3.2378
0.977
-0.6689
0.751
0.6305
-1.28
0.0555
1.606
1.86
-6.5491
-0.7308
-1.8702
-0.0118
3.14
0.4062
-1.50175
0.9245
2.474
0.5158
-0.9869
-0.8871
-0.1452
0.6804
1.39
-1.2306
0.7196
0.64898
-1.536
0.4211
-2.13
-0.381
-1.2617
0.2048
0.142
-0.489
-1.31654
1.01
-6.4513
3.2999
-1.5019
0.1182
-0.383
-1.0135
-4.4029
-0.8423
-0.3711
3.66
0.741
0.1635
1.24
-0.077
0.7815
1.98
-0.0645
-0.9782
5.4812
2.7881
-0.6257
-1.1952
-3.6272
0.353
-0.1459
-1.55
-2.3047
-4.4817
2.4388
-0.4598
-0.5741
0.5348
0.0412
1.3728
-4.1578
-0.161
1.24077
1.11
2.08
0.7755
-0.447
-1.6404
0.2904
-1.6248
0.1017
-0.2828
1.478
1.39
-0.0532
1.5577
0.74
-2.2321
-2.56609
-1.6656
-1.255
0.81963
-1.412
0.46257
-0.14064
-8.0801
1.43436
-1.00192
-0.96671
-2.05853
2.55732
-11.25186
0.6146
-0.67266
0.91004
-0.5841
0.70027
-1.0294
-0.1164
-1.64577
0.04009
-0.42263
0.0186
-0.412
0.55638
0.67428
-0.7505
-2.5709
0.1924
2.02257
2.73315
-0.8387
-0.72337
1.44294
-0.26832
-0.844
-2.53779
-0.78075
2.96782
1.24305
0.30513
-4.937
2.28003
0.73318
-0.55543
-0.43762
3.19048
1.77906
0.5883
-0.0764
-0.66627
-0.224
-0.0501
0.89511
0.26743
-2.38893
-2.50917
2.68492
-0.88383
-1.8666
-0.25681
0.203
-0.4669
1.40155
1.52184
-0.9088
1.7936
-2.6618
1.4929
2.18399
-0.84867
-3.21032
-0.3563
0.30035
-0.3026
-0.1898
-0.6354
-6.28245
-1.10993
-2.55938
0.5397
-1.57054
-3.3038
-1.78896
0.7917
-3.2606
-0.23294
-0.3484
2.12059
-0.1425
-2.45817
-0.5429
-0.09837
-1.0444
-1.38657
0.4361
-0.04903
-0.73217
-0.84
-1.13356
-2.12543
1.32962
1.2975
0.9841
-0.1252
-0.2926
0.94296
-3.73976
-1.49495
-0.41884
-1.16486
0.81407
0.4235
-2.04088
-0.8638
-0.7216
-0.12765
-1.6518
0.0969
-0.18627
-0.55926
-0.5898
-0.7915
-2.7042
-1.16126
2.2381
-0.7482
-0.8195
-2.32981
2.5422
2.3173
1.6202
2.0626
2.9666
0.6181
0.0096
-0.428
-4.8273
0.983
0.8886
5.445
2.19661
1.5603
1.5291
0.48571
-0.9016
-0.125
0.6372
1.3041
1.89533
0.1808
-4.64552
-2.6722
-3.5341
-1.304
0.3573
-0.52112
-3.8074
5.30839
0.34919
1.86944
0.06825
-1.1929
2.1044
-0.2557
-0.27646
-0.2479
0.6754
1.3755
-0.9687
0.0277
5.00758
2.6614
0.523
1.9634
-4.19028
NA
0.536
-0.808
-0.742
-0.20721
-0.0565
0.57317
-0.26073
-0.32527
-2.4662
1.8478
0.777
2.3487
-0.21373
-0.08913
0.78145
-1.4251
-0.07133
-0.0272
-3.7839
2.04898
-0.0289
1.6583
1.454
-0.3347
-1.3788
-0.7428
1.426
0.0201
0.9092
-1.6277
0.9837
3.0907
-2.0602
-2.9963
-0.2629
0.4875
2.1678
-0.9805
-1.6089
-0.2892
0.9092
-3.0623
-0.1274
-0.8797
-4.315
-2.2358
-0.1713
-8.7837
2.4507
4.5712
0.1112
0.133
-4.3428
0.0605
1.569
0.2704
-2.2547
0.1057
-0.69784
-3.0465
2.9094
-1.9389
-0.1757
-0.661
0.311
0.495
0.4513
1.1788
3.0066
-2.89
0.7192
-1.0135
1.9135
1.5527
-4.0916
-2.1186
-0.353
0.883
1.2342
1.28982
1.2433
0.1437
4.1922
5.55933
-0.8234
3.7744
-0.2119
-0.782
-1.3419
-1.6928
0.9509
1.117
-2.739
-0.7306
-2.0688
-0.97
0.90073
-0.4241
3.3139
-0.252
0.7625
-1.5463
2.2134
-0.7713
-0.5068
-0.5282
0.66575
1.225
-0.189
-1.8355
0.3252
0.6915
-1.08734
0.5356
0.1286
0.9896
0.90406
-0.2511
-0.6838
-0.7928
-0.6838
0.1191
0.9409
0.4925
-3.2521
-2.09661
5.287
-0.5145
-2.4442
-0.4162
1.0331
1.9338
-1.2873
-0.2635
-2.0287
-0.1279
0.775
-1.8284
-1.5518
3.1725
-1.1557
-0.9831
-5.9107
0.76607
-2.0317
1.4826
1.3436
1.30447
-0.0822
-1.7979
-0.79478
-2.10712
-0.35899
5.57
0.5807
1.1659
0.38788
-4.43632
0.25252
-0.58437
-1.09799
0.90369
0.14707
-1.79591
2.79086
1.36724
0.3502
-3.0723
-1.24965
-1.09799
1.57108
-0.30247
2.99173
-0.6454
-1.05558
-3.82259
-1.3086
0.43803
0.82748
0.20193
-1.75629
-0.97784
-1.72105
2.33883
0.7912
0.11112
-0.2346
1.25484
-0.16511
0.79418
0.61358
1.18292
-0.81844
5.5217
-2.88642
1.5134
2.84237
-0.48284
3.21801
-1.56844
1.29801
1.72705
0.94055
-3.18158
1.10731
-0.29659
-0.10475
-5.28697
3.56046
2.17293
-0.14295
0.78749
1.8543
-0.00257
-0.73709
-4.32044
-4.20243
-0.65172
-2.25167
-1.43605
-0.8825
1.20362
0.5016
-1.00202
7.21516
2.89066
-1.2902
-2.5185
1.56
1.41504
0.77055
1.29649
-0.194
-3.9145
-1.274
-0.2284
1.35937
0.14469
-0.3257
-1.0631
-1.40253
1.03069
-0.58571
-0.809
-0.39164
1.23988
0.69004
1.8391
-3.99931
0.47167
-2.55954
1.14
-0.2199
1.03566
0.85107
1.9549
2.55
-2.34233
-0.41974
1.34726
-3.0218
3.0858
-4.58003
-2.01966
3.54
1.656
-1.5997
0.4291
3.96
1.24899
1.34174
-6.74637
-1.5017
-2.09923
-0.15813
2.28582
-1.0549
-1.32138
0.6471
-4.35089
0.06117
-0.7608
-0.0787
1.91182
-0.4347
-2.0735
-3.49563
5.05663
-0.31497
-0.4698
0.76994
-0.53547
1.2689
7.23654
0.82756
-0.94663
0.54397
-0.14415
2.3508
0.07792
-0.07016
0.71766
-0.08364
-2.10507
-0.5282
0.52875
1.95031
-0.1016
0.77084
1.73136
0.72786
0.6923
1.16014
0.4187
3.2754
-1.4089
1.02895
-0.6119
0.67036
-3.34097
-1.12395
1.91575
3.96238
0.4845
-3.13672
1.0191
0.5433
-0.73583
0.9783
0.823
-4.17349
3.4146
0.5133
-0.174
3.1805
0.8982
1.06027
0.20775
0.80253
-1.42162
1.91539
0.4609
3.9914
-1.14757
-0.86352
1.27806
0.67255
-0.473
2.05564
1.41677
0.59506
-1.79609
1.5731
-0.24722
1.5206
-1.7528
2.26
1.07636
-0.4435
2.14826
-1.3415
-2.50824
0.45035
0.761
-0.65226
-2.80508
3.31904
0.72
-0.18373
-0.6031
-1.08034
4.12547
0.157
-0.11027
-0.6387
1.61
-0.38762
2.42655
0.61374
-1.23791
0.979
0.652
-0.9478
1.25
0.56991
-1.22217
0.43842
-1.23997
-4.24
-2.06247
-2.21366
-0.344
-0.801
0.30886
3.46889
0.49886
1.5073
-2.9573
-0.66863
4.1011
1.3848
-1.56
-0.72351
0.7482
-10.33445
-4.1
-0.97742
0.81335
0.90732
3.02494
0.1129
2.65771
-4.19334
2
0.09735
-1.38
0.0363
-2.11194
0.9456
-0.05027
-1.1756
3.45586
-1.7445
4.20331
-2.62993
-1.81195
3.7815
0.536
0.4782
-1.08736
1.72089
-2.76807
-0.30153
-1.17709
5.90019
-2.44559
-0.0171
-4.40096
-0.3246
-1.48628
-0.55
-1.35
-0.3988
3.46176
-0.9195
1.09081
-2.44693
-0.9277
-0.38231
1.23967
0.22456
NA
0.28134
-1.28354
-3.23591
-1.6688
-1.3423
-0.76017
-0.9062
-1.14237
1.562
-2.7232
-11.8
0.67367
0.7242
1.2173
0.1561
-1.51071
-2.83
-0.67709
0.8212
3.49311
-1.1196
-1.54602
-2.1572
0.7687
0.74503
1.0285
-0.44577
4.17088
1.87556
-1.2081
0.1162
1.9539
-1.30173
0.3192
0.3988
1.6865
1.56563
-0.1355
-1.8728
0.274
-5.23448
0.31035
-1.2711
-0.58617
1.00527
2.0481
-2.3212
0.71413
1.55862
3.27858
-1.3729
2.45615
0.659
-1.4
-1.96
-2.03
-1.40666
-0.227
1.09
1.18
1.11
-0.566
-0.441
-1.22234
0.4065
1.25
1.12593
2.44
3.36657
-2.87
4.84738
-0.48949
0.15959
0.543
11.3
1.69
1.14
-1.44951
-1.2369
-11.7
2.19158
-2.20601
-11.8
-0.434
-1.97
-2.40305
0.47723
-3.25
4.08365
-1.9499
-2.09
1.35726
-2.35459
0.596
-0.148
1.87
3.96
-4.19
1.14144
2.77
-1.05
-2.1147
-2.4318
-1.438
-3.84009
-0.354
4.77973
-4.07
-2.0199
10.7
-2.67
1.92688
-2.58
1.63
-8.423
-0.826
2.14256
0.247
1.53506
-4.44
0.34208
-0.93625
-0.9552
-1.68
0.0921
NA
2.2
-11.8
-0.75
3.62
3.24
-0.539
2.29
0.3581
-0.228
-1.63
-0.1396
-0.1886
0.9645
-1.87
0.0692
-0.814
0.464
-1.8151
1.67
0.285
NA
0.726
1.63
0.32279
0.0947
0.68
2.09
0.254
-0.488
-1.138
3.05
-0.928
0.682
-0.2853
1.81
0.451
-2.29
-1.1026
-1.173
-0.543
0.589
-5.04
-1.3735
-0.023
-1.59
-1.1348
0.5539
0.42
3.21
0.721
-0.726
-0.226
2.4972
1.62
0.5954
-0.175
-1.99161
-1.5456
2.53
-1.0198
-0.778
-3.53
-1.79
-2.38
-1.57719
-0.18474
-2.92
-0.259
-0.323
-1.1091
-1.21747
-1.67
-2.98
-0.964
-3.67
1.89
-2.28
2.78
0.571
1.84
0.55007
-1.2271
-1.5689
0.8983
0.0768
0.935
-0.1637
0.3982
-0.937
-5.44
1.01
-0.5249
-0.18221
1.0635
1.6
0.793
-2.85
0.544
-0.64
-5.0207
1.1882
1.3884
-0.5771
-6.4945
-0.384
2.2988
-0.7952
1.36
-0.2262
-0.6177
3.0642
-2.0975
-0.905
0.0808
4.39
-0.1033
-8.08
1.4781
0.3211
1.0276
0.1894
-0.7255
3.77
-0.401
1.67585
2.81638
0.487
1.288
-4.2801
0.5232
3.42
-0.5779
-1.4413
2.3344
0.4073
-0.612
0.5396
0.3454
0.5162
-3.5814
-2.3346
0.1902
0.8076
-2.961
1.5417
0.3326
-1.43
2.8207
0.8508
2.394
-0.1807
1.3909
1.0025
-3.19
-1.2831
1.2357
2.2153
1.3654
0.351
-0.0462
-0.3354
0.1082
-1.08
-4.1253
-1.34
-1.1609
-2.87
2.3725
0.823
-0.4853
1.2041
-4.65
-1.0209
NA
2.3096
1.65
2.5801
0.0441
4.7655
-1.4256
-2.0718
0.7505
-2.1387
0.575
1.15
-0.5414
1.8071
-3.39
-0.6221
0.6951
-2.85
-0.5343
1.6347
-1.7234
0.811
-0.695
0.5149
0.0263
-1.02
1.3245
-0.7132
0.6017
-2.8169
-0.5339
1.3601
2.26
-0.7941
-0.373
-0.1087
8.03
4.36
1.2787
1.5329
4.57
-2.2615
0.254
-2.53
2.43
-1.819
-0.6106
-4.5131
-1.24855
3.25531
0.4574
-1.0819
2.54
0.6464
0.9465
-2.3782
1.5365
-0.2671
0.5913
-0.7416
0.9139
0.0235
0.0959
3.3596
-0.09586
-3.1328
-1.6907
-1.57258
-1.6359
-1.8201
-0.3688
0.6441
-0.1756
-0.9151
0.5665
-2.4654
1.1401
0.489
-1.4511
2.1927
0.51647
4.84
0.2922
-0.9319
0.5723
0.337
-2.5826
1.0582
-1.8262
-1.04593
-1.4091
0.465
1.5101
0.953
1.3895
0.4987
1.0195
-1.5823
0.5366
0.6725
1.2671
1.88159
0.19713
3.9848
0.3913
-2.0352
-0.5702
-0.6854
4.8457
0.6292
1.1377
-1.0223
0.208
0.4261
-0.1866
1.3517
0.13457
-1.40099
-0.259
-1.823
-0.5416
0.0506
-0.7994
-1.5111
2.5062
-1.2605
0.0274
1.1334
-0.8769
0.27722
1.138
-2.6
1.5098
1.6254
-0.0998
0.325
-1.9046
NA
-0.1323
-1.7008
-4.2473
1.381
-0.0312
-0.22963
-0.869
0.1594
-2.9866
0.6664
0.4013
-0.4484
-1.2647
4.343
-0.622
0.0069
0.3386
2.49101
0.1414
-3.4335
-0.29328
0.5145
-1.0196
-0.621
-1.34
3.23
0.7376
1.53776
-0.4356
1.4208
-2.8716
0.5569
1.3941
0.885
0.18233
2.1246
-1.22
0.9983
-2.06891
0.0704
-0.299
-1.4513
-0.53366
1.26823
-2.3731
-6.0519
-2.87788
1.3805
2
3.4111
-1.11464
1.01
0.2646
2.75505
-8.72967
1.46603
0.8106
0.53139
-0.50763
0.8773
0.50502
0.18807
-0.45731
-0.82
-4.28781
-2.9442
1.05
1.4689
-3.54
0.81988
-1.1192
3.12817
-0.934
0.30046
2.11
-1.22
1.0827
3.3343
0.7994
0.206
-5.5789
1.8719
0.7886
0.74105
1.6493
0.4563
-0.24266
-0.93659
-0.67779
-0.727
1.924
0.06782
-2.3101
0.3731
2.67964
-1.11458
0.306
1.0002
6.5
1.50476
NA
3.5904
0.384
-2.4248
-2.88
1.28
0.45342
-6.68256
-1.73
0.17971
-2.149
-1.53711
0.3553
-0.27316
-0.39767
-0.239
-1.4965
NA
2.19
-0.78911
1.3955
0.728
0.6507
11.35259
0.21582
2.2235
-5.75091
-0.97
0.10128
6.44095
-3.2169
2.68
0.13312
-2.51152
0.9619
0.9141
-1.40908
0.766
2.12561
-2.09
-1.60112
-3.64605
-2.06979
2.25813
2.53044
2.11
0.47577
-0.5769
-2.51
0.80735
0.51843
2.662
0.63775
1.97
0.42112
-5.4855
0.613
-1.2954
-1.80833
-0.60908
0.4788
-0.251
-1.84662
-1.20169
0.1651
2.74519
1.49311
-1.5624
2.9815
1.82
0.0824
-0.978
-1.8753
-0.449
3.47
0.0502
0.68615
0.492
0.2317
-0.804
NA
1.7814
0.611
2.4671
0.2383
-0.3362
-2.07597
1.66637
-4.83959
-1.3235
-1.4319
-7.59623
0.438
0.407
0.0091
-1.79149
2.1465
NA
-0.38555
0.69497
0.6008
-2.09
-1.59
1.3
-0.0204
-2.08927
-1.68902
1.94
-2.17
1.2237
2.5813
0.655
-2.18403
0.587
2.1983
-3.68735
-2.43
1.01
-0.73729
1.46792
0.0438
-2.59091
2.91198
0.02243
-0.761
-0.27907
-0.475
-0.61886
2.93569
NA
2.2365
0.62262
1.56
-0.339
-0.50225
-1.46288
0.677
-0.0815
1.4029
-0.92406
-2.65
-0.04284
0.654
-0.904
0.339
0.848
0.7224
0.7804
-1.66
0.211
2.94355
-0.6729
1.54
-1.1746
-0.8187
1.3199
0.53044
-0.49073
-1.7827
-0.225
-0.61085
NA
1.11
1.25
1.3066
-3.5311
-0.91344
0.73973
1.98
0.08741
0.36217
0.29386
-3.2748
1.54406
0.98962
0.72958
-0.8102
-0.173
0.731
-2.0542
NA
-3.1908
0.69329
4.3089
1.2796
-0.98173
-0.793
1.83204
1.0997
0.37005
NA
0.584
-0.821
-0.03977
0.4744
-5.06
NA
1.35179
-0.98202
-2.3305
-0.162
NA
0.2913
-1.38
-3.22094
2.36
0.6823
-0.79221
-0.9638
-0.63185
-0.28198
2.2464
-0.70355
2.56
1.8
0.84286
2.13639
1.97077
-1.73827
1.78273
-1.20842
NA
2.19609
-0.08891
-0.405
1.55
-1.05265
2.7783
0.68743
1.70403
-3.3715
0.752
2.14
1.00264
1.05998
-1.91369
-0.26199
-1.83573
-2.09349
1.9003
1.75642
0.36631
-1.49565
0.41282
-1.08
0.28448
1.69301
-0.99604
-4.19091
0.6054
1.16195
-1.35705
0.4989
-0.42048
NA
-0.5064
1.12
-0.378
0.1974
0.331
-0.31611
0.94034
-5.14695
-1.8052
3.21427
4.8627
-2.1886
-0.0686
0.849
0.1153
1.78
-0.62913
-1.45674
-2.5039
0.67003
-2.22
1.96592
-0.55571
-0.04693
-0.34921
1.65
3.31329
0.33462
0.72318
-1.09746
-3.2582
-2.03126
2.71989
0.82337
0.2463
-0.09415
-2.32002
1.77546
-0.476
-0.75663
-1.58377
1.6007
2.36
3.83604
-1.10902
0.2189
1.0757
1.40851
-1.7162
2.94
-1.16194
-1.94655
0.75988
-1.6851
-1.2684
1.122
2.08976
2.71678
-1.9272
-1.32
0.5079
-0.44859
-1.53237
-2.94797
1.61168
-0.52125
-1.7669
-0.40914
-0.85106
-1.00551
1.38316
0.329
-1.68255
2.33561
-0.52161
1.12568
-0.52736
8.61937
-0.23007
1.17378
2.92714
-0.3148
0.49097
-1.52
-1.218
-1.34374
3.19757
-0.459
-2.05815
-1.0562
-2.68045
-0.4953
-1.45326
-1.6445
-1.46368
-1.21037
-0.30331
1.80852
1.06498
-3.83206
-1.35603
-0.67974
10.57535
1.92188
-0.87276
3.56915
9.98814
NA
-1.37823
-1.1698
3.8903
2.38229
-0.837
0.2179
1.90407
-0.44506
-6.5893
0.684
-1.64
-0.44679
-0.9983
0.2921
0.10452
0.26999
-0.91133
1.40732
-0.25282
-1.53165
1.123
-2.66185
1.16591
0.71898
-1.14
-1.01
-3.21098
-1.27
0.18027
-2.0014
-3.47669
0.44607
-0.356
-1.98
-0.7762
-3.9998
-1.122
1.8
-0.1731
-1.52228
0.39148
1.88148
0.03345
2.7582
0.466
0.552
1.7952
2.8974
-0.08413
-2.5883
-1.15091
1.53593
0.4756
-0.2842
0.93795
2.4351
1.08599
-0.0729
0.156
-1.8892
0.29242
-1.8996
-2.6581
1.02
2.76
-0.6912
-0.47644
-0.0602
-0.7005
1.08785
-0.632
5.92607
5.4911
0.2686
0.84002
2.6008
-0.171
0.78763
1.67
-1.11763
0.992
1.5557
2.1535
1.4124
-1.05453
2.06068
-0.584
-1.5011
0.23686
-1.20167
-0.9073
0.0604
-2.03979
0.47621
0.3
-2.7097
-7.81
0.9723
0.6698
3.2741
-1.24
-1.303
0.8403
-7.0781
-0.957
-2.25
1.40498
-0.67724
0.38376
NA
-2.59
1.672
1.0399
1.88
-0.95155
-1.9467
0.328
1.33238
-0.5627
-1.4126
-0.1155
-1.28789
-0.7303
-0.20106
-0.03536
2.23
-0.701
-0.67
1.88188
2.80041
-3.7192
-0.919
-0.27189
4.31944
1.0989
-2.4133
-0.7365
-2.28527
1.9624
-0.0125
3.69547
-0.2099
2.54
1.2929
0.76271
0.2751
-0.00957
4.80008
2.4143
-0.0999
0.1335
1.29389
1.3598
-0.367
1.00974
-1.07548
-1.01384
1.50576
1.6564
-1.6278
0.50435
-0.555
0.67686
1.13014
0.74314
-0.53305
1.13436
0.226
2.3577
2.54
-0.8647
0.5582
-0.8085
-0.3068
0.987
1.3946
0.824
-0.0746
NA
-8.72328
0.254
1.37
3.00545
-0.0639
-3.42427
-2.7725
-1.81208
0.79
-1.2204
-3.85
1.4894
2.57029
-2.75
0.77703
2.4568
3.0747
0.1444
-1.0858
-0.4648
NA
2.8179
-2.68
0.32216
3.1
-0.1177
-0.8297
-1.0964
-3.8
1.13924
-0.51401
-1.2665
-1.09
-1.0691
0.6939
0.88204
0.8623
0.11859
1.03003
2.36
1.35677
-1.3257
-0.34489
-1.12477
2.2133
0.1953
0.71284
1.79
-0.25827
0.72114
-0.55837
-1.06926
1.61887
2.28
12.2816
0.30384
-1.796
0.496
-1.32
-1.43185
-3.55808
-0.84925
-2.32235
-0.61098
-1.56723
0.0716
1.6161
-1.92588
-1.94529
-0.20287
-0.2624
-1.1318
-0.1658
-1.6096
0.0197
1.53248
-1.63073
1.05192
1.99
-0.76965
0.7552
-0.386
0.04648
0.73605
9.30848
-2.95
1.79
-0.8156
1.0423
0.03086
-1.8816
-3.4029
NA
-0.44
10.4
-2.0045
1.1069
3.6005
1.1091
-0.22647
0.463
-0.7603
-1.9355
-0.09492
-1.65216
2.28886
0.8937
-0.3836
-0.6361
-0.244
1.46
-1.72717
0.7298
0.0125
-0.60287
-3.5606
0.0541
4.77
0.7204
-1.32272
1.0567
1.37084
0.66218
-0.1854
0.3407
-0.36213
-2.2507
3.61
-0.057
-2.4989
-0.86208
0.9041
-1.7765
2.1473
2.7401
-0.683
1.84
-0.01283
0.53991
0.96149
4.78
0.2633
1.403
5.10967
2.16585
1.8032
0.37187
-0.44433
-2.34
-0.3451
-1.31132
2.0306
2.1579
-1.96
0.8038
0.6266
1.91107
-0.8702
-1.91366
-3.17616
1.2492
-1.7035
-0.5197
-1.62
-1.142
1.87233
-2.20406
1.08
0.55199
1.14087
-7.02
-0.9776
4.17
-0.695
0.9188
-1.9879
-1.03
0.62575
-2.72322
-6.26
-0.344
1.0928
-0.167
-0.194
1.18
-1.47
0.5747
1.0602
-0.55913
0.8811
1.7271
-0.492
0.9243
0.0718
1.40588
2.76769
3.3643
0.264
1.21226
-1.10078
0.395
3.6
-0.7622
1.2242
-0.1659
0.0082
-0.29756
-4.13862
-3.41
-1.26685
3.7094
NA
0.30104
-0.1949
1.7646
0.681
0.50313
-0.04568
-3.38
0.03014
2.16
0.2749
0.26786
-0.1016
-1.49
-1.22292
1.1044
2.2745
-0.55562
-0.5821
-0.0653
0.31074
-0.1442
2.74
-1.86339
0.24229
3.27156
-0.5838
4.14696
0.41595
-1.92668
0.317
1.30908
1.82
4.16
1.0925
1.19
0.4307
0.8746
-2.674
0.7481
-0.3477
-1.5694
0.44761
1.09
-0.2574
-0.44779
-0.00829
0.05394
-2.3703
-2.02616
0.0923
-0.33242
-1.0186
-0.18116
1.16479
1.7957
1.45141
2.78388
0.9152
1.47316
1.5275
1.4747
-1.04526
0.526
-2.48984
-0.3459
4.03
0.534
-1.46
-1.087
-0.52361
-0.6232
2.04222
-0.81175
-2.86078
2.5524
0.5868
-0.73113
-0.69321
1.96057
-2.2815
2.04451
-0.4484
0.1324
0.1381
-1.1993
0.46858
-1.34825
-0.35928
-0.8148
3.35
-0.1598
0.6599
-0.8129
-0.418
0.2852
0.3912
-3.76107
0.719
-0.1516
2.5454
-1.62569
-0.479
-0.542
-3.26372
-11.6
-7.86642
2.52586
0.1172
-1.0635
0.3948
-1.2991
-1.99825
-0.772
2.4699
1.38
-1.2373
0.27197
-0.603
-0.85501
0.432
-1.13
-1.85675
-1.58419
-1.35213
2.22926
-0.5414
1.80631
-0.7163
-2.41304
-0.42881
-2.35599
4.2474
2.19073
2.33728
-1.2508
-0.72418
-1.06494
0.394
-0.566
2.05831
3.2744
0.608
-0.6806
2.7695
-0.53327
-0.65566
-1.49837
-1.6256
0.15796
-0.7875
-0.72271
2.22
-3.78315
-0.88116
11.3
-3.3709
-0.0689
1.3757
-0.36979
-0.77895
-8.05509
2.45
-0.4126
-2.20315
0.9683
0.0684
NA
2.38244
-0.0188
NA
0.04751
0.80023
0.954
2.79993
0.9828
-1.64
-0.0477
-0.905
0.133
0.8408
-1.2481
-0.0469
2.0856
0.1176
0.422
-0.24783
0.48929
0.73819
1.552
0.265
-2.97
2.49614
2.43613
2.0836
-0.8691
-2.3698
1.75
1.40619
1.4709
0.45397
-0.55305
2.07581
-3.5813
2.27524
1.62778
-0.18904
-6.74022
NA
-0.48928
-0.1313
-8.6614
-0.852
-3.1138
-1.25684
-1.96133
-2.8
-0.8717
-3.98986
0.3985
-1.7297
0.91696
1.48547
-3.87
0.59842
-0.03805
1.18829
-1.14526
-2.04127
-2.22767
-1.38993
-1.9425
0.30266
0.3793
0.311
-0.75052
0.03641
-1.50029
-0.772
0.663
3.35053
1.1059
1.2791
0.16827
0.604
-2.1618
NA
-0.17387
0.6129
0.59647
2.05228
NA
1.1407
-0.5623
-1.85
0.25514
-0.7413
-1.15386
2.3578
-0.22184
0.93989
4.87866
-0.83575
-1.77
-1.02934
1.57885
0.66936
-1.7328
NA
2.725
-0.29
-1.16177
-0.885
-0.64812
1.4991
1.42715
0.52771
-1.26622
-0.2453
-0.607
-0.899
1.0184
-0.57129
-0.0692
-1.15686
0.978
-0.21253
-0.70929
0.81418
-2.13991
-1.09043
1.29224
-0.16621
NA
1.10182
0.7635
0.77126
-4.934
1.5501
-0.327
0.91
0.6278
-2.111
-0.213
6.58476
-0.62577
0.09816
2.6267
1.21901
-0.5589
-0.0526
-0.16964
2.24091
-0.87353
1.44022
-1.88632
2.29629
-1.16
-0.13603
