-0.4891
-4.297
-1.914
2.0529
0.3195
1.1669
-4.16097
1.44
-1.7279
0.58311
2.4265
0.546
-0.02297
1.66735
3.02
-1.42
1.2919
-0.4758
3.2049
-0.09237
-6.3983
0.432
-0.46855
2.23
-1.4864
0.63906
-0.6216
-0.7651
-2.55351
-1.41
1.7522
-1.7028
-2.0492
0.166
-1.9238
2.0278
-1.0258
0.8397
0.43
-1.08
0.9815
0.3975
-1.538
-0.8894
0.40692
8.28
1.30908
-0.3744
0.33253
-1.3177
1.3147
2.40601
2.89
-1.6
1.7189
-2.7121
-1.1835
-1.46002
-2.9278
-0.7388
-0.0716
0.0606
1.0849
1.0734
1.76
-2.4664
0.9745
3.7791
-3.53103
-2.54717
-1.9126
-1.4851
-0.367
0.44305
-0.2067
2.32
-0.5635
1.6701
-0.932
-1.5027
1.56
NA
2.1505
-2.3823
-2.4001
-0.25
1.45405
-1.5038
-1.6323
-0.0467
-3.77
-1.53
-0.425
0.241
-3.1625
0.196
1.45615
0.7434
-0.50882
-0.313
4.99
-0.0938
-0.68392
2.3668
-4.43716
-1.2692
-1.1456
-2.1258
1.01
-0.246
-0.27953
3.02243
2.2443
1.6151
1.9169
2.33
-6.887641
0.6975
-1.11515
1.47161
0.16496
0.621
0.391
-1.87
-0.75343
1.12497
-0.984
1.79774
3.46
-0.169
3.1405
0.146
0.495
-0.1559
5.44584
1.42146
1.84
-0.42376
0.6357
1.7712
-9.0619
-0.282
2.78
3.02067
0.731035
-0.59412
7.62328
-0.2995
NA
-2.2717
0.597
-0.885
1.2853
0.6027
0.23481
0.3429
NA
1.6797
2.2338
1.031
0.1944
-0.9405
-0.9235
1.98361
-1.72303
-0.50314
-0.28663
-0.1573
-0.03774
-2.5655
-0.735
-3.46129
-1.2922
1.0757
1.13794
0.1632
-0.16868
5.5036
2.5997
2.889
1.2
-1.18
-0.535
0.33628
0.5885
-0.6605
1.54
-3.58631
-1.2519
0.1236
-1.1327
0.2134
2.88783
-3.1908
1.6235
-0.39169
-1.64726
-2.242
-2.34
1.1
0.0376
0.8751
1.7941
-0.5456
8.79936
-0.136
1.1682
-0.0452
0.9
0.1781
-0.9386
-0.61949
-0.92309
0.562
3.5835
-2.99352
0.0984
0.0268
3.6187
1.2986
0.9351
-0.2955
-0.4261
3.30276
-0.28234
-3.98
4.87
-2.7064
0.1865
2.64103
-1.2509
0.6714
-0.7784
0.9163
6.86
2.97466
-2.4099
-0.332
-1.29303
-1.3739
-0.448
-1.3742
-1.3582
-0.4689
0.2063
0.4042
-0.5382
0.27048
-2.787
2.6385
-1.2889
-0.656
-1.80787
7.33969
-0.533008
-0.1591
-0.43471
1.8807
0.8302
-0.61
-1.4085
0.6114
-2.0643
-0.6829
1.6612
-1.8773
1.95947
1.77956
-0.47
0.28384
-5.6083
1.717
0.545
-0.861
-3.56375
0.79528
-0.343
-1.52037
2.12
-0.942
-0.42512
-4.8898
1.27
-2
-2.9489
1.0962
2.7256
-4.23062
0.2798
-0.283
6.49
1.53
2.10815
-3.12
0.32
-4.0653
0.553
-0.9637
-4.3979
-0.719
-1.03
1.12676
-1.8125
1.4697
0.0394
0.462
0.5461
-1.64173
-1.629
-1.1993
-4.9818
3.4348
-1.403
-0.9917
1.37
NA
-1.02651
-1.20395
-0.58242
-0.58187
-2.5284
2.59114
0.35455
-0.773
-2.2255
0.6211
1.23313
-0.6232
1.82641
0.8234
0.592
-0.24833
-6.1702
4.36
-0.34516
1.06
-1.69
0.908
-0.4471
-0.166
-1.4966
-0.58664
-1.4356
-1.3845
7.6202
2.6083
-0.75922
2.8408
-1.1703
1.43674
0.715
-3.815793
0.541507
-3.32
-0.5091
-0.8665
0.5596
-0.983855
-2.5684
1.0517
-1.07676
0.26296
-0.6723
1.84783
-1.45219
-1.91
3.31
0.856
-0.86734
2.57
-2.50687
-1
0.0344
-0.5149
1.6159
-1.9014
-1.35
-1.1119
0.838
-22.5097
-4.7255
-5.4011
1.0829
2.1418
-0.4346
0.1974
-0.9789
0.981
1.37
4.0283
-0.171922
1.296138
1.5587
1.4209
3.34132
-0.6631
1.1888
12.3382
-2.04
0.1168
0.6714
3.8019
-0.0169
3.21753
-1.3266
-0.04095
1.9574
-3.7001
-0.7836
0.711
0.461
0.81432
1.44997
3.5248
1.4272
2.29
-1.4545
-0.119
0.44604
-0.305
0.2259
-2.21634
6.68512
1.18011
-1.5863
2.02
-2.81669
4.63
0.39096
1.17471
1.66
-1.19
-2.3581
-2.16
0.658
-7.70273
-0.4223
-2.13
-1.9144
-1.9283
2.0483
-0.6631
1.91906
-1.88
-1.4194
0.7092
1.1891
0.0715
-1.7184
2.52714
-1.11
0.3769
-0.1793
2.31074
-1.8243
-2.10238
-3.8185
1.8334
0.3982
-1.79
0.259
-0.852
0.07295
-0.329
-1.2223
-0.69
-1.23687
NA
NA
1.9473
-0.7689
-0.1695
-0.7656
-0.7916
2.8102
-0.5522
-0.409
-5.873
1.6244
-1.70428
-1.1181
-6.03212
0.2034
-0.47175
0.7085
-0.13794
1.2604
-4.12339
3.38
-0.0995
-2.87
0.2049
-2.0729
-0.8174
-2.52047
1.67909
5.77553
0.1033
3.52
-0.2534
0.0258
-0.7121
0.51202
-0.63617
1.74855
2.74
2.0058
2.9823
1.0317
-2.8283
-0.588
-1.01182
-0.9833
4.79
1.15
-1.12974
-0.67096
0.6258
0.1153
1.2146
5.26
1.6804
3.51053
1.94421
-0.49
-1.67
0.505
0.37
1.88
2.63
1.80667
-3.6707
1.3596
1.0841
-0.9121
2.16286
1.96373
-0.4261
2.56668
5.0964
0.7367
-0.6838
-1.6729
0.835
-3.1545
0.1031
-3.8686
-2.05
-0.0606
2.60433
0.33008
0.74571
1.93472
-3.3959
0.0179
0.177
0.0842
-0.0777
-2.07
1.26556
0.15689
-1.4003
0.9855
1.9977
-3.7491
0.5424
-0.74712
-1.0549
0.6945
-1.04
-3.31869
2.3
-1.2086
1.6062
-2.943
2.8508
-3.2152
-0.1518
1.24756
0.50216
-0.37292
-0.69589
-0.80964
-0.0901
-1.91
-2.37575
0.4034
1.00648
-1.37
2.84
-1.28957
0.421
1.31
-1.68
6.04844
3.4105
-1.1746
0.647
2.28
1.99
-0.24777
4.24
1.9
0.546
0.42708
1.5534
-11.5571
-0.4561
-1.5868
-1.02538
-0.858
2.39
-0.4043
-2.05936
0.7817
-2.39229
0.56847
-0.396
2.28
-2.8021
0.469
-0.3715
-0.79519
0.206
2.189
0.987
-0.38506
1.34462
-1.0649
0.33362
0.114
0.0277
-0.867
-0.5219
1.46019
1.036
0.4425
-1.2551
0.0231
0.5428
7.67653
3.25903
-0.3114
5.1509
-0.71073
-1.5304
0.1907
-0.6638
0.4632
1.1066
1.591
-0.5776
0.9452
2.65901
0.915401
2.1798
3.19506
-2.02
-0.2649
-0.2373
-0.577
1.67
-0.4871
0.0988
1.614
-2.8818
-2.07922
3.32169
1.51296
2.94493
-0.1829
NA
-0.118
0.9005
1.69
3.1571
-4.5955
-2.641
-0.39543
-1.18
-1.29
-0.607
-2.92
-1.13
-0.5982
-2.59184
1.63
0.3889
0.4903
7.26
0.892
0.787
1.656211
-1.51816
0.91667
1.215531
2.853
0.592179
-0.674961
0.34998
-0.2861
2.270093
1.094459
4.454156
-3.952507
4.215557
2.236878
1.0371
6.196099
4.210718
1.386973
-7.7553
-2.067538
-2.3987
-1.1517
-1.1376
0.139773
-0.3657
-2.675052
-0.82154
-0.333028
-1.822129
2.6211
-0.4724
4.263701
-0.788007
-0.085477
-0.68266
-0.9301
-1.092573
1.6911
0.055651
0.293344
1.2889
2.4531
1.476715
-1.3541
0.030784
0.857046
2.139
-0.358135
2.75121
-0.4605
0.046175
-2.298018
0.005458
2.485957
3.239027
-1.577428
1.7702
0.33721
-0.576022
-2.244814
-0.162
3.108277
-0.06927
0.15529
-0.0678
1.4523
-0.294319
4.3405
2.816316
-1.356002
0.546253
-0.47762
1.10388
1.3658
-3.58864
-1.77495
0.7013
-0.16285
0.41026
0.67718
-0.92563
1.7478
0.26956
0.5399
-4.81
4.72978
-6.1893
11.2008
1.76907
-0.61957
5.39301
-2.7875
0.74291
0.4127
0.3344
-2.6527
-0.513
1.15869
-2.89321
-1.84412
-1.9939
1.5436
0.1164
0.00685
-1.0852
0.9676
0.67483
2.4001
-3.0476
1.46324
0.7971
2.51831
-3.57407
1.40902
-1.5814
-0.16496
-0.8673
1.64148
1.4221
1.14984
1.10032
0.33111
0.41713
3.2264
-2.38361
2.17997
-0.1521
-2.3553
-0.57671
1.0418
0.633
0.70795
0.46995
-0.53807
-0.26047
0.44732
0.04875
-0.43506
-2.38529
2.50482
2.0685
6.3906
-0.5361
-3.656
2.72704
3.02084
-1.16488
-2.48597
1.99092
-1.55617
0.79494
1.2046
0.37369
1.9999
1.37228
1.28235
1.20383
-0.86465
-0.00976
0.66649
1.6108
2.77287
-0.86281
4.82653
0.0994
-1.26437
-0.114
-4.32872
0.573
0.1861
-0.06913
-2.10607
-1.8493
-0.8454
2.59964
-0.45055
1.08283
-0.8072
0.60465
5.6673
-5.58379
7.8076
4.4088
-2.44088
-1.41769
0.71245
1.24126
2.66303
1.99196
2.0732
-6.03205
7.9887
-2.39284
-0.60727
0.66587
0.12798
1.20042
2.1828
0.94372
-0.77808
-0.75243
0.77727
2.2052
4.314
0.23173
-3.0747
4.46352
0.75184
0.50052
1.94593
0.253
-3.80832
-0.1903
0.1742
-0.94556
2.01479
-1.48048
-5.3493
-0.74253
1.124
1.36529
-4.80104
1.47277
0.7843
-0.24969
-2.6614
-5.96212
3.37987
-4.6639
-1.2275
-1.92052
1.12617
-2.1514
-2.75495
-0.4141
0.37497
-7.0248
0.46796
-3.39264
-1.4543
0.21582
-0.56032
1.43953
-1.52345
-0.29347
-0.53114
-0.58176
-0.46538
-0.76396
-1.07718
1.47699
3.2225
-0.7153
0.2593
1.99955
-0.04881
-2.5818
-0.15493
0.7505
-0.58575
-1.15056
-3.27857
-1.12353
2.06808
-1.65376
-0.29005
2.51012
1.76
1.45
4.55
0.722
-1.9
-0.453
-1.84
2.27
1.04
0.723
0.657
4.25
-1.03
0.854
4.99
-0.649
-8.08
-0.395
3
-1.41
1.32
-3.38
-0.228
-4.82
2.5
1.88
0.255
-3.45
0.305
-2.73
-0.466
-1.04
-1.64
1.18
0.13
-0.356
-3.74
0.951
0.25309
-0.351
0.26
0.521
2.4
1.2
1.46
3.89
0.145
0.376
-0.0678
0.559
0.00396
-0.613
-4.31
0.528
-5.26
-0.00112
2.23
0.154
-0.9
0.168
-1.38
-0.988
0.235
-2.37
0.196
-0.912
-0.504
3.22
-0.0487
0.915
-0.236
-0.11593
0.87133
0.6899
1.77523
-1.7782
-1.96233
0.32987
0.62583
1.34889
1.77857
1.50502
-0.57012
-1.66792
-0.01662
-0.25703
-1.53779
-2.0675
0.00511
0.83992
2.60038
-0.54172
0.39914
4.16291
0.40967
0.2141
2.36033
-0.2146
0.95944
-0.9582
-0.18152
-1.0627
0.2484
0.98571
-0.27512
0.42992
-0.34533
-0.59341
-0.93692
-0.42051
-1.19883
-1.1756
0.635
0.24786
1.67658
-0.58981
-1.11117
-1.11975
-0.25558
-0.1404
1.2653
-0.74386
-2.29783
1.21881
1.44946
-0.22695
-0.4087
-1.2172
-0.2339
3.0527
0.1877
-2.2228
0.1242
1.5631
0.93
0.5568
4.4463
2.0547
-0.6026
1.1521
0.0407
2.6474
3.6417
2.6519
1.9742
0.4491
0.8183
2.812
0.7774
0.6288
0.0944
-1.85584
1.4402
0.86938
-0.55717
0.53835
0.04044
-0.7902
0.56684
-0.25158
-0.0772
-1.9464
-0.5945
-0.4239
-0.66185
3.1602
0.2479
-0.30474
2.8152
2.3481
-0.54973
-1.56859
0.7354
-0.00202
-0.332
-3.38799
0.58595
0.703
0.0719
1.0102
0.4315
2.5294
-2.9416
0.1633
10.3215
2.4326
2.7855
-1.6537
1.8266
4.3356
3.7658
0.7529
0.7555
0.4072
-2.5195
-0.8366
-3.0491
0.6828
2.8663
-2.6876
-3.2684
1.4764
-1.7128
0.4263
0.7589
3.1466
1.2121
3.0177
1.4125
0.804
0.3366
-2.6761
3.1649
-0.0694
4.5962
4.2925
4.1731
1.5019
-2.1285
0.0449
4.2936
4.4302
0.1936
-2.7307
0.2724
-4.2752
-0.2569
0.58
-1.0309
-0.7617
2.1956
1.8049
0.3977
-0.041
-2.3036
2.26463
1.57374
-2.9536
0.9158
-0.29183
1.34606
1.508
0.25485
-1.15296
-5.8351
1.74496
-0.38643
0.42178
0.61965
2.70734
-0.05596
-1.14913
-1.20231
-10.92035
-5.31489
-0.65751
2.2953
0.56925
2.25352
-0.28896
-1.5613
-1.43138
1.23758
-2.7883
-0.5675
0.93432
-0.75084
1.8182
-4.36285
-0.52006
-2.2746
-1.0193
-1.47338
0.4218
1.45967
-0.61707
-1.3498
-1.60495
-1.2578
-0.5544
-1.0212
2.1165
0.33517
-3.3792
0.17008
1.91559
-3.95534
-5.08656
1.31454
4.4578
-2.14197
-2.6343
0.1911
0.65414
-1.80757
4.4688
2.96062
-2.74946
2.38947
1.69
2.2
-1.32
-1.41
-0.969
-2.05
-0.579
-4.25
3.92
-6.32
1.23
0.0912
-0.957
-0.81
1.24
2.77
2.65
-0.799
-1.89
0.0922
2.69
35.3
-10.1
-6.93
8.01
-8.17
0.486
0.766
1.85
1.11
2.98
-0.556
0.824
-0.504
-2.19
0.955
-0.432
-2.82
-3.35
-2.16
1.56
0.29
-0.947
-0.0255
2.12
-0.823
-1.39
NA
NA
1.041
1.9953
-3.4429
-0.0423
1.2102
-2.5068
1.3558
1.2543
0.0679
3.1989
0.6404
NA
-3.3993
-1.7236
2.5924
-0.4365
2.1456
0.7874
-0.3891
-0.3791
1.1826
-1.7462
0.2251
0.8645
NA
0.0301
0.6757
NA
-1.4117
NA
1.2903
NA
0.7097
-4.8862
NA
4.035
-5.4683
1.138
-0.6317
-0.4754
0.3655
1.6691
-0.1201
1.3371
3.1718
3.5835
0.3222
2.0297
-0.099
-1.3753
NA
4.71
1.266
-0.0812
NA
-2.0796
-2.1399
-0.0132
-1.2744
-0.217
-0.637
0.4457
-3.2696
-6.1233
2.0476
0.5859
-0.2277
0.7673
1.7346
-0.9123
-1.554
-1.5245
-0.0911
-0.0451
-3.6467
1.1711
-1.3388
-2.7402
0.5126
1.0961
2.0143
-0.558
-1.025
-0.1929
0.167
1.9181
4.3577
-0.1114
-2.1644
1.2141
-1.7023
1.3762
1.6923
-0.1773
2.2088
-0.933
-0.5195
2.1117
0.64411
-4.94806
1.8952
-1.0533
-1.55147
-3.0006
-1.84519
1.26629
-0.82123
-0.6083
2.2107
0.1485
-2.8318
-3.39585
-0.65175
2.1881
-0.3195
-2.05293
7.77192
-1.47486
2.86932
0.37967
0.20028
0.30093
1.58416
-0.5047
1.47949
-0.36208
0.80746
8.68908
2.11272
3.1448
-0.1522
0.232
0.9716
-0.5619
1.57622
-0.1942
-1.80599
3.507
-3.93057
9.08
-0.309
-0.347
6.81
2.31
1.58
0.95
-0.139
1.33
0.879
0.82
3.05
2.79
2.47
2.68
0.334
3.51
2.46
0.0403
3.27
2.31
-2.03
0.491
0.728
-0.128
2.71
2.17
0.117
-0.844
-0.803
-2.68
-2.02
3.21
-4.07
-2.27
2.27
-2.72
-1.03
-0.447
-1.86
0.444
-0.347
1.22
0.783
1.29
-2.97
3.35
2.14
1.99
5.79
1.19
4.75
-2.3
-0.427
-0.946
-2.32
-1.35
-4.28
-0.264
-3.78
0.157
1.07
0.197
0.247
-0.00109
-1.36
1.4435
-1.0914
0.38
-0.00078
0.8154
0.8244
-1.6584
-0.4701
1.3275
-1.2601
-2.5896
-1.2567
0.0272
0.6905
-0.32
-1.4636
-1.7486
-1.3276
-1.8027
-1.9852
-1.7282
2.1636
-9.2479
1.149
3.434
-0.8592
0.4387
-0.1456
1.3378
-0.7233
1.1244
-1.0505
0.3325
0.9232
0.8505
0.9598
-2.1055
1.6605
1.2374
-0.7115
2.5135
-1.0685
1.0537
-0.1057
0.5524
1.1432
-0.1104
-1.2503
-1.5659
-1.1347
-0.6375
-0.7493
2.1043
-0.9811
0.6558
-6.4574
0.5109
1.8999
1.3974
1.1237
-1.4176
3.4908
10.0765
-1.005
-1.2998
3.4982
0.6396
-1.3928
-3.0458
3.3069
2.4728
-0.7486
1.8594
-4.1184
0.4451
-0.2274
-1.71
0.302
-0.77226
0.1564
0.08067
-4.2914
3.3161
0.817
1.22
-2.25
0.311
0.5401
0.6448
-1.4003
-0.7167
0.8237
2.299
-1.443
-1.335
0.4879
-0.1545
1.2969
-0.00595
1.66076
1.05584
-1.0711
0.114
-5.94
0.5474
0.33
0.87
0.585
-3.18284
-1.7246
-0.7464
4.227
-0.4594
0.0778
-0.2687
-3.6752
3.8223
3.6587
0.9011
0.0688
-1.0494
-3.8535
1.2979
2.3073
-1.53945
5.46842
0.67105
-1.46001
-1.82813
0.6761
-0.9384
0.35048
-2.53561
0.90153
4.10721
-1.75302
0.26428
-1.3432
0.77949
0.849
-0.48
0.179
-2.82
-1.36
1.56
1.07
1.8
1.1813
0.0858
0.32238
0.70908
4.27743
-0.0373
1.0753
-0.30429
-9.7253
0.7463
-11.783
1.1794
-1.4125
2.7415
0.08549
-2.4646
0.4041
-0.7838
-0.5468
1.1034
1.7159
0.334
-0.8961
5.3031
2.1833
0.4907
1.40478
-0.6243
1.8374
-0.252
2.79
-2.1921
-1.7696
1.38409
2.0133
0.15807
-0.35046
2.59087
2.7334
-0.2826
3.8222
-0.186
-0.196
-1.41
-1.81
0.862
1.72
0.0107
0.79206
-1.6827
-1.77823
-0.97556
-4.0064
5.008
-0.5306
0.696
-2.2808
2.65
-0.31
2.4
-3.66
-0.38609
-0.198
1.12189
-2.6761
0.14979
-2.46122
0.409
-1.7694
-2.3333
0.1191
-0.21535
-3.06829
-4.07948
-1.06154
-0.7584
-0.1478
5.54
-1.2287
-3.1435
-1.56
-0.0592
-0.9248
0.4718
0.002
0.0189
-1.04977
-0.39027
-0.94335
1.9474
-5.45792
1.0115
-0.4157
1.7444
0.0147
-0.6536
-0.02266
1.17349
0.38166
0.3148
-0.40725
2.49121
-1.5266
-0.64718
0.39062
2.737
1.0392
0.6497
1.8835
2.208
-3.85926
-1.3052
-0.8724
2.127
-2.8049
-1.8785
3.4258
-0.317
-2.48
2.25
-1.75
0.823
-0.37228
-2.59
3.16332
0.6004
0.75662
0.9953
1.27
1.08
0.892
0.288
-1.16
0.6951
0.7059
0.5897
-1.6568
0.162
-1.24
-0.184
-1.0015
-0.4386
0.7038
-2.30888
-1.0129
-2.2485
-0.6303
-0.335
-0.05292
-1.93563
1.52505
-0.7077
-0.0128
-0.99526
-1.26843
-0.21015
-2.75672
2.08976
-1.0714
-1.52283
0.6058
-1.54
2.05
-5.74
-0.317
0.648
-1.3092
0.2232
NA
-0.616
NA
NA
1.0469
NA
1.8061
NA
1.1659
NA
-0.3525
0.387
2.7545
-0.4791
0.0939
-0.3278
0.7388
4.0806
-0.5465
1.9656
0.3819
-1.41421
0.21046
-6.1531
0.41913
0.13452
-1.37364
-1.89646
-0.33687
1.352
1.67359
0.7797
-1.7918
1.551
-0.8754
-1.3213
0.383
-2.69
-3.1469
-0.501
1.26
0.896
-0.0219
1.11
1.32
3.09
-1.83
-1.6129
-1.23
0.0925
0.71575
0.36302
1.30462
-1.91823
-0.43051
-5.4497
-0.9999
-1.57484
-1.4493
0.26718
1.04714
1.37273
0.59984
2.64611
0.21295
1.3208
1.68
4.8456
-0.1387
0.6756
0.8605
-0.5097
5.35725
0.50663
-0.25591
0.0955
-2.87169
-1.1
0.521
-0.79
1.4284
-0.422
0.894
-2.31664
0.505
-0.5839
7.94069
-2.8503
-2.27133
1.61407
2.2802
-0.41766
0.2801
1.7377
0.071
-0.3781
2.5871
1.23
-0.85734
0.0513
0.878
-1.34
2.64
1.4177
0.91932
-1.4342
1.80823
-0.3222
-1.243
-0.4249
-1.7435
-1.1123
-0.8606
-0.48
-2.36
2.88086
1.6204
-5.49
-0.1101
1.63591
-0.77614
-8.11659
5.85481
0.63541
0.33031
-0.06551
-0.45062
0.505277
0.7498
2.411564
-7.318
-0.423365
-0.4021
-0.483903
0.207559
2.080434
0.154591
1.3617
0.67521
0.5829
-1.5242
0.9086
2.4992
2.03195
0.1765
2.56
1.28
-2.46
-0.9573
-0.41464
1.8002
-0.15906
-1.7004
1.369
3.81619
1.39676
-1.14877
-0.30324
2.07361
-0.76464
-0.00673
0.0462
-0.7631
0.2254
0.0693
0.03857
-0.366
-2.94
-1.86086
-1.39928
-0.2447
-0.32988
-0.23946
-0.5493
-0.7323
-0.06699
-0.4126
-1.7234
-0.8164
1.0158
2.4062
-0.542
-5.2097
-5.2097
2.08869
-1.64079
0.547
1.0573
0.843
-0.291
2.0839
4.4826
-0.536
-0.3553
-4.71979
0.028
-0.85
-2.24
2.61
0.00144
1.22
1.48
0.963
-4.2376
-0.788
-3.6349
2.32
0.4619
-1.43223
1.52
1.84
-1.09
1.11
4.52
1.76
-2.47
0.5738
-0.890264
0.9366
0.123
1.65
-1.14762
-1.6328
2.24788
1.0504
0.944
2.23177
-3.51
0.2502
0.8834
-5.5541
-0.137
-1.03
0.9179
8.21
5.794795
-2.0202
2.6259
2.49734
-2.83883
-2.79591
-0.3965
3.860756
-0.87282
-1.1752
-0.0986
-3.54
-1.86162
1.15
-2.49
-4.7972
-3.641
1.0604
1.3395
-0.068
-1.2412
0.7172
-0.423
0.8594
0.416
-0.2023
-0.0705
-0.2965
0.42617
1.338
-1.42
-2.25
-0.1313
1.60767
-1.39
0.423
0.4049
-1.21084
0.132
0.146
0.959
0.32898
-0.0155
0.9468
10.6832
0.27342
-0.9155
0.5963
-0.42371
-0.653
-0.377
4.33
-1.62
0.4502
1.9074
2.4873
1.157
-1.1208
-3.3222
-0.548
-4.01502
-0.2361
-5.1231
1.6452
3.1555
-2.87676
-0.48158
-1.26195
-1.31096
0.9759
-1.0093
2.25421
-1.1797
-2.0135
1.2816
-3.45646
0.68049
-0.8677
-0.0784
-0.8213
-0.11
-4.6961
2.3876
1.30511
0.57617
-0.2276
0.07845
0.1137
-1.2171
-0.9336
-0.7315
-2.1325
7.9207
-2.55579
-2.1
-4.96
-1.67
-0.23973
-2.0763
0.816
0.989099
-1.5836
-3.717956
1.03842
6.21967
0.1116
1.19557
-1.81
0.1778
-3.0336
-2.0667
1.06875
-0.53232
0.84228
-1.1408
4.74616
1.6521
-0.8895
1.49165
-0.2178
-0.48855
-0.23953
-2.55124
0.63088
-2.9894
2.74202
3.1516
-1.371
-1.27942
1.2857
1.3515
-3.1117
-0.7728
-1.0351
-1.1854
1.5553
0.9936
-1.8069
-0.70872
-3.0205
3.08
3.75
-0.718
2.61
1.14
-1.743
0.6361
-1.51789
2.14222
-0.35597
-0.43986
-0.8127
-0.244
2.28
-2.0326
0.8847
0.0258
-1.5415
-1.4136
-0.1599
-0.0167
1.07783
0.58237
0.38249
-1.13052
-0.813
-6.3167
-9.57139
0.93701
1.26993
-1.73705
-0.68939
-2.69775
0.1881
-1.71953
-1.69785
0.187
0.835
-13.451
0.5465
-1.0729
0.9696
0.8058
0.8071
0.1589
0.647
-0.913
-0.0401
-3.06
2.13063
-0.49771
0.41135
-1.873
-1.4819
-1.5885
-2.8534
1.1948
-0.125
0.558
-1.56
1.77
0.569
-0.973
-0.433
-1.96
1.7717
1.7016
-0.4305
-2.4638
0.959
5.2765
-0.9814
-0.337
0.0533
0.6709
0.72528
2.13562
1.0684
1.08323
3.4558
0.9947
-1.868
-0.702
0.1785
0.0194
-1.5229
-0.0541
0.2799
0.9763
-2.0357
-3.62
-4.15
2.39
3.19
-0.342
-1.37
2.67
2.54
-0.135
0.59
0.342
2.54
0.775
1.86
0.221
0.395
0.02703
-1.3353
-0.81542
1.2605
-1.30381
-1.1993
0.06088
-1.26777
0.122
0.16723
1.20467
-2.40231
-0.44467
-0.2649
-0.46681
-1.16672
0.44959
1.33253
-0.29769
5.25324
3.45263
-5.34038
-0.57528
-0.1322
-5.80195
0.898
-0.7583
0.4828
4.6608
-0.7425
0.423
-1.9857
1.1135
-0.7436
1.50255
2.8373
2.2713
0.0953
1.37
-0.0564
0.118
0.00297
-0.405
0.80802
1.4376
1.4737
-2.9708
1.4731
2.6326
-1.3871
-2.7827
0.6675
-1.3028
2.0669
-1.1453
-0.2799
-0.5833
-3.1477
2.9038
0.7027
-1.7011
-1.6803
-0.4118
3.2579
-1.1668
-0.817
-0.7103
-0.2313
-2.0655
-0.5597
-0.6058
-1.3648
-0.4965
-3.8074
0.0398
-0.2216
2.7234
1.9324
0.9958
0.8819
1.4185
NA
2.2796
-0.071
0.3914
NA
NA
NA
NA
-0.6326
3.4727
NA
NA
-1.1623
1.67439
2.09634
-0.50329
1.62966
0.4652
0.9195
-1.02524
-0.35158
-1.7551
1.35444
-0.69955
-1.2847
2.3437
-0.33715
2.15984
-0.42614
-4.046
4.1449
3.98474
-5.04851
-0.41279
2.21156
-5.16869
-1.6076
-0.2438
-2.9746
5.135
2.9332
-2.15359
4.22221
-1.4987
-0.0624
0.0076
-0.983
-2.6864
-0.541
0.197
0.697
-3.21
2.13
-1.97
-2.37
0.984
-1.47
3.9046
-2.56994
-1.3544
1.40539
-1.87466
-2.74396
3.13334
1.03499
0.32119
2.4992
-1.77459
-3.46912
-1.32
1.45
-0.401
-2.34
4.64
-1.14
0.417
-2.68
-1.19
1.23
-1.28
-1.35
1.22
-1.85
-4.2447
-6.64466
-1.25192
0.8945
-1.2519
1.11434
-1.07968
-3.8942
-0.85949
-0.55654
0.6214
-5.0887
0.69609
-1.38917
2.316
-6.2115
-1.674
0.6909
0.61362
1.05342
-3.33402
1.71821
0.11249
0.21428
-1.70084
-1.5928
1.04224
-0.32223
1.24381
0.72131
1.01387
-2.34737
-0.38519
0.2319
1.378
0.44115
-0.8139
5.527389
1.507424
-0.256454
-0.292
0.75
-0.291
2.33
3.47
1.08
-1.17
2.29
1.4
0.834
0.343
0.659
1.22
-2.41
-1.61
-1.94
3.95
-1.8568
0.717
-10.7
-3.02
0.41033
-1.22
-2.13
0.832
-0.78
-1.88286
0.28563
0.1372
-0.0034
-3.3
3.76
0.9552
-0.26336
0.561
-1.09668
2.94358
0.91698
1.56785
-1.31409
1.1608
0.5183
6.3939
-2.03186
-0.27314
2.03042
-1.5252
-0.707
-1.88543
-0.55558
-1.67028
-6.40315
-2.19357
-2.32326
0.66799
0.572
-1.74126
-1.84857
4.96319
-5.28667
1.12544
-1.78208
2.6754
-2.25179
0.60289
-2.59806
0.09119
-0.818
-0.6327
-1.51193
1.8578
1.34564
-0.13137
-2.95103
2.7356
-0.38749
-1.5218
3.2689
-3.67833
1.97507
-0.08391
1.3192
1.13798
0.10514
-0.1073
0.32214
0.03201
0.54805
0.40377
0.85371
4.5107
-1.5382
3.53599
-0.47229
-0.31671
0.3425
-1.3389
-3.2979
4.57037
2.98564
-0.8894
1.9591
-0.5603
-0.4434
3.405
-5.1644
-2.6112
-2.06
0.143
1.0855
2.3469
-1.0945
2.3529
-0.0853
0.0431
-0.431
0.7608
-4.1196
0.25377
-0.73957
4.9959
0.283
-2.0635
1.137
0.5944
0.4459
1.87
-2.8739
-0.4545
-3.9531
-1.8316
0.6979
0.0831
0.6617
1.3003
-0.7478
-0.5349
-1.59635
-1.03442
-0.14437
0.08052
-4.3726
-1.58596
1.06
1.34
-2.62
0.7202
0.2423
3.23
-2.39
-2.96
-0.784
-0.981
-0.07641
-2.99831
1.2055
0.4591
-2.981
3.6591
-0.8763
-1.0303
1.37
-0.995
1.25
-1.42
-5.7
-0.6531
-0.96
-2.227
0.0685
0.2648
2.0755
1.274
-5.4278
-4.0419
2.8423
1.9302
1.0255
4.472
-0.5786
-2.218
-1.2117
1.8535
-0.8966
-3.8806
0.7688
-0.4184
-0.5921
-0.3966
0.2198
-0.443
2.6326
-0.7924
-0.7852
0.9073
2.2589
-2.2673
0.4822
-2.0095
0.1816
0.8954
-2.4857
2.4761
-0.1739
-0.0433
-1.8761
1.1242
2.4779
1.9923
2.1438
1.2311
-2.4828
7.9134
0.7355
-0.2868
-6.5446
-3.0756
5.5663
-0.156
4.3821
-10.7981
0.4511
8.8675
5.3741
-0.5271
-2.5148
-1.0201
0.1807
2.3511
2.0818
-2.6121
-1.6599
-0.7006
-4.6237
-2.4746
0.0871
0.8559
-0.8266
-1.1885
-2.1793
-2.7353
2.5766
-1.2055
-1.26
0.6936
2.42
-3.13
-3.12
0.874
0.951
-0.0849
-1.77
-2.08
-0.468
-0.312
1.45
0.579
1.08
-1.82
-0.344
-0.9
-0.000831
0.812
-1.3
1.1
0.845
-0.532
-0.00411
0.334
-2.52
1.74
2.84
-1.32
1.03
0.518
-2.09
2.97
2.72
-1.09462
2.39
1.99
1.18
0.935
1.46181
-0.93158
2.0614
2.96785
-1.35232
1.93078
0.4468
2.2908
-1.0872
-1.0383
1.89682
1.29795
-4.5591
-0.57133
-1.02948
1.79843
-0.2735
1.50646
-6.8049
-5.5152
-6.9737
-0.0781
1.05588
-1.69385
2.70844
2.71401
-3.8058
-2.1573
-1.6398
0.31972
-1.5754
0.7951
-0.88349
2.87928
1.4447
0.35524
0.69993
-0.71923
-0.23246
7.3111
1.3495
2.5601
-1.0867
-1.18
-0.5909
-1.6458
-1.4428
1.0601
-0.2905
0.7613
-0.6674
-4.2402
-0.1675
1.1242
0.0014
2.1823
0.0102
-0.0929
-0.1861
-0.6468
-0.3226
NA
2.9018
0.8608
-0.8271
1.2405
-1.1193
-1.2182
0.8151
-0.1912
2.4762
NA
0.841
1.4
-1.1425
-3.3643
-3.155
-0.418
0.4527
0.447
-0.4612
0.8965
-0.4279
-1.0348
-0.9098
0.4548
0.3009
0.2859
-0.1258
1.6941
1.2468
1.4685
-0.0903
-2.4827
0.46862
-0.72769
-0.26
-0.18224
-0.67425
1.05662
NA
-0.03567
-4.35011
-1.19577
1.35821
-0.1439
-0.05298
0.20238
-1.47208
1.26477
0.6838
-0.96466
0.9191
0.37388
-0.6862
1.55397
-0.23035
0.88169
-0.2955
3.8899
0.3282
-3.61731
-1.0581
0.4547
0.5277
-0.4303
2.2253
0.2138
2.0934
0.452
-0.9527
0.5898
2.2614
-2.2483
-1.0273
-0.5269
-0.9114
-0.8639
1.2983
1.3222
0.214
-1.15638
1.2928
0.24067
-0.5836
-2.10931
-0.28107
2.25521
0.0941
-4.07999
-0.40572
-0.35568
0.7544
0.9938
0.45919
-2.17395
-1.89986
1.0784
-1.11606
-1.3878
0.42997
-1.48327
-0.26764
-0.58105
-2.34088
-0.3356
-0.8709
-0.95489
3.85738
-0.0456
0.18664
1.4738
-1.58391
12.2696
1.1159
-1.16172
-0.07167
-1.57368
1.00933
10.12054
1.4427
-2.7078
2.6208
1.66773
-1.06513
-3.1251
0.87414
-0.93864
-1.30435
0.59232
2.09755
0.00371
1.607
-0.09312
0.81749
-2.1198
3.69286
-11.07002
-4.1764
9.23259
1.825
-0.44461
3.8055
0.8157
-0.87772
0.0914
-1.40203
-0.36065
-1.0984
-0.32718
-0.9013
-1.14
-0.7607
5.6278
-0.2895
0.02238
-0.93975
-8.15
1.0751
0.4983
0.373
-1.35
2.72887
-0.171
1.04
-1.1
0.6524
-2.93
-1.4
0.27436
0.77504
1.81
3.08575
0.44689
-0.741
-2.12041
2.6529
-0.50448
-0.61952
-1.7707
1.0854
1.1189
1.3516
1.88531
1.11288
0.461
1.0992
0.04911
1.15475
-0.2221
-0.3392
1.0365
-2.37614
-1.21
1.29
0.129
-0.155
-1.831
0.973
-0.75635
-0.44296
-1.81821
0.35654
1.4447
-2.6893
0.5126
-0.23635
-3.7187
0.287
-0.619
-0.4445
0.6972
0.9952
-0.37
2.32
-0.628
-0.06523
3.08735
1.11458
2.08168
1.15679
4.86763
1.06
-1.24
2.6424
1.2395
0.64129
1.76
0.825
1.07502
-0.60495
-4.5748
-0.161
1.9301
-0.18573
-0.2311
0.939
1.3495
2.2647
-0.797
-0.486
-1.176
-2.3922
-3.34573
-1.35429
-0.16235
-1.67166
-0.8592
-0.5401
0.242
0.99684
-0.11332
1.07238
-0.49572
2.4991
-0.865
-1.0207
2.66968
0.0304
2.6504
0.154
2.23
-0.3161
1.0585
0.25187
1.2908
-1.10352
0.817
-5.19545
-0.52574
0.1464
-3.51451
-1.2288
-0.8851
0.80575
2.15024
1.22
-0.539
-1.52
-1.62
-0.1045
1.29
1.4616
-0.3146
1.4327
2.39086
0.8117
1.14898
-0.30698
0.9048
0.6306
-1.0528
-0.0568
-1.2173
1.09141
14.2
0.6974
-0.111
0.9657
-1.4387
-0.50117
0.93
-0.8838
0.23267
-1.16
0.6916
0.526
-1.4763
-0.0065
3.3335
1.19593
-1.3657
0.9698
1.6967
-7.0177
-0.21433
3.7729
-0.97644
-0.1313
1.3124
-0.22944
0.76959
-0.9538
0.2955
4.79
-3.54
-0.7915
1.7148
-1.9933
-0.66927
-0.52687
0.2959
-0.8485
-0.5121
-1.3784
-0.0946
-2.54388
0.1403
1.4095
0.46467
-2.0486
-1.20748
1
2.57
0.9267
-2.2759
1.23
-0.2908
-0.444
1.8739
0.83684
-2.06173
-0.52545
-2.12869
-0.7066
-6.2208
-2.5386
-0.60351
-0.96854
0.85168
1.889
-3.8483
3.0034
-0.9278
-0.0481
-3.8801
0.1626
1.382
-0.1762
-0.7283
-0.2669
-4.57086
-0.25846
-0.38273
2.82108
2.5774
-0.0387
-1.67354
4.57241
1.6697
1.35855
0.238
-1.07361
-1.57319
0.0076
-4.3356
0.6203
-4.8422
-0.65377
-5.64483
1.0761
-1.2295
0.3375
-0.88361
-0.44876
-0.97105
0.9008
2.27892
6.01646
-1.49243
-1.41791
2.48928
1.61929
-0.60689
-0.4488
-0.92734
-1.1236
-0.5089
-0.128
0.218
0.93628
1.2052
-0.96283
2.96958
-2.1327
0.844
-5.65
1.8404
6.07
0.7063
1.14111
0.4365
2.29
-5.7791
-3.0712
-1.5666
-3.09
0.7406
1.21544
-1.67481
-2.49953
-0.18104
-0.30679
0.8656
-0.508
2.07
-0.47292
-0.0613
-3.4391
-0.30507
1.05351
-0.65611
-0.41155
-0.56412
2.93632
1.085
0.7223
-2.7864
-0.2971
-1.5438
1.854
-0.49586
-1.5026
0.575
2.30176
1.77776
0.1855
-1.8975
4.6773
3.3343
-3.5191
21.9904
-0.8812
0.563
3.2623
0.4898
1.9159
0.8085
-8.0803
-3.7476
1.0608
-1.7832
1.2353
0.1132
0.2701
1.6436
-2.0294
0.0477
2.15445
-0.13824
1.6097
-0.66746
-1.0485
-0.4838
-0.18736
2.97842
2.8737
-4.0638
-0.9917
-2.41226
-1.34706
0.64583
-0.3688
1.92
-4.16
-2.9
1.1842
-1.11
1.0301
-2.8301
2.7727
0.189
-1.92
0.0575
0.4336
-0.2399
0.394
1.5089
0.3618
3.1497
-0.0459
-2.8605
-2.4717
0.688
-3.5518
-0.9507
-2.1555
1.1947
0.6604
1.1917
2.0612
0.1752
-0.17
1.8848
-1.5205
-0.7269
-1.23
3.9839
2.0432
0.494
-0.34
1.6632
3.18
-0.77
-3.0779
-2.61
-2.7269
-1.8585
-1.96946
-1.9333
1.6097
0.6752
5.656
0.95
0.1267
0.8677
-0.4705
-3.5907
-0.294
3.76308
-3.1713
-1.2756
2.05559
-5.5379
0.06313
-1.12232
2.4562
0.84732
-3.26
-1.1981
-3.76
-1.7664
-0.50476
3.2909
-0.87252
0.2665
-1.19
4.892556
-5.7342
-1.87451
-1.95961
1.47032
0.767
3.47
0.402
1.53
1.6968
-1.7573
0.4695
-1.0672
-0.6596
0.368
-0.205
-0.7943
-2.22
-2.08
-0.656
-2.03
-2.315
-0.4064
-0.0349
-6.2168
2.27
NA
NA
9.708
2.5508
2.1408
0.69182
2.6664
-0.40846
0.92311
-3.1251
1.7453
0.52604
0.8301
-0.6411
-4.4001
2.4278
-2.1353
-0.9788
-0.9911
0.1548
2.2637
0.0565
0.7175
2.1272
-0.8531
-2.0276
2.3595
1.8436
0.7677
2.6612
-1.871
1.8841
-2.2487
-0.4212
-2.0638
0.6191
0.6116
-0.0455
0.8406
-1.7753
1.5049
-0.8048
0.7375
0.0018
-0.9344
-1.1483
-0.6727
3.5265
1.0817
0.809
-3.683
-0.0565
0.0319
-0.4601
-1.7793
2.1325
-1.07
0.432
0.4286
4.5814
-0.921
-2.7197
-3.46
-0.1649
-0.3054
-0.442
-2.64
3.57
-1.31
-0.883
1.15
1.31
-0.698
0.6648
-1.4855
0.419
0.07038
4.1309
6.2564
0.2916
0.39272
0.304
1.39
-1.2
0.0659
-1.40224
-0.17662
-1.4641
-2.9326
-0.8053
-4.5395
2.08292
-0.3023
1.5254
-2.96293
-0.3276
-0.62567
0.3286
-4.1088
-0.8212
-0.0284
-0.71111
1.2794
0.21014
0.0092
0.8155
-1.77314
-2.17
-1.6164
-2.823
0.6512
-1.22
1.05903
-1.0299
-0.88246
-0.71822
0.1884
2.1937
0.26635
-0.13769
-1.52166
-0.5255
1.8042
-2.40492
-3.83263
1.21751
1.66861
2.8496
-0.71145
3.85886
-1.7866
1.99
0.39734
-0.75766
-5.44455
-0.00696
-5.40624
-0.5699
-0.7025
-0.98596
1.8878
-4.8693
-1.074
-1.535
12.20613
-0.39095
0.73235
6.60736
-0.984
4.28157
1.47266
3.6933
-0.25038
-1.54689
1.0975
1.56364
3.30813
-1.287
-0.3629
1.6267
-0.6836
-0.79405
1.09123
1.67378
-1.21581
-1.9021
0.6698
0.6969
-1.3004
1.78237
-4.9856
-1.2862
-1.43282
0.48743
-10.2586
-8.80712
-8.49715
0.55777
-1.6265
1.87108
1.0921
-0.60065
1.0903
1.36677
-1.383
-1.04008
0.57857
0.01745
0.47656
0.27211
-1.9414
-1.2102
1.3495
-0.7199
1.2592
-2.3403
-0.8608
-1.1429
0.3184
-0.123
1.3179
0.1612
0.5993
-1.31173
1.4481
-3.7024
-0.7133
-0.7307
2.4431
0.60102
0.38418
0.9711
0.2512
1.004
-21.5009
-3.879
5.4412
-0.4625
0.4767
-0.2671
4.5663
-0.2541
-0.3691
-0.3249
-0.3609
0.4982
4.3609
-0.1451
0.7365
-0.8872
1.2321
1.226
1.56056
-0.7545
-0.15056
0.3059
3.5646
1.66582
-1.02037
2.8906
-0.05838
0.614
-0.29334
-1.09987
1.25672
1.96244
-0.51618
-1.30416
-4.60578
3.93788
-1.85005
0.1196
0.1199
1.3526
0.7754
-1.1787
1.15721
-2.46463
-1.806
-1.6746
0.9165
1.5497
-1.06826
0.3455
-1.1565
-1.1391
-0.55663
-1.3565
-0.80313
1.1751
-0.72572
-2.8871
0.94393
0.59141
0.0176
0.5833
0.4915
0.4428
2.1389
1.7199
3.8252
4.6228
1.19188
-1.45478
0.61639
-1.5899
-2.2413
1.97378
-0.8461
1.36348
-1.44492
-0.6889
-0.9222
-0.07516
-0.49773
1.64191
-5.85236
0.24672
0.6714
0.34765
1.5313
1.1226
-0.29257
0.2817
0.0558
1.8242
0.721
0.4364
-0.142
-9.2879
-1.1549
-0.545
4.4619
-0.41158
1.14881
1.18115
-2.2982
-1.2101
-0.4188
-1.28039
-0.38885
-0.52281
2.05
-0.9226
3.5026
3.557
-0.21527
3.00092
-3.50236
-0.959
0.83431
-1.4372
-0.6992
-0.87639
0.5239
-1.28991
-0.957
1.30155
2.30374
1.81
1.57741
-4.031
-2.7241
1.6835
-3.31825
1.53071
-2.3494
-1.44359
-0.4639
-1.06
1.75
-2.2867
1.0129
2.33273
1.854
-0.6688
1.6981
-1.73158
0.61869
-2.01004
-2.1918
0.35149
1.55
-1.5755
0.9739
0.9449
-3.29693
-1.30823
-2.00405
-0.968
-0.2247
-2.15794
0.9521
0.76752
-0.4187
-0.3583
2.30179
3.21242
0.0315
0.06108
-0.000303
-0.6908
2.9105
-1.72679
1.1201
1.8978
-1.18
1.51601
-0.42393
1.85219
-0.2362
-3.54696
-6.0682
-1.49
-0.4858
-2.56141
0.076
-0.72007
0.8584
-0.4935
2.1775
-0.79906
0.4047
0.6646
-4.44
0.125
3.67
-0.628
-0.4463
1.06404
0.0734
-4.64654
-4.32181
-1.40725
-5.2523
-1.30993
1.124
1.46417
1.81072
-3.46127
-1.286568
1.098634
-8.0617
1.2389
1.8768
-0.8053
-2.1019
0.6062
0.22183
1.3941
0.502
0.2433
-1.1983
-1.16523
1.18353
3.92493
1.02376
-1.2573
-0.52401
-1.52975
-0.78215
-2.684
-1.304
0.49279
0.221
1.39
-2.5662
-2.55482
-2.35282
-0.6724
0.381
-2.67
-6.7
-0.948
-0.9258
3.937
0.796
0.431
-1.3679
-0.4395
-0.558
0.932
1.16
1.18
1.82
0.78
-0.675
0.141
-1.32
-1.7
-1.06
-1.65
-1.458
0.4883
1.39333
-0.0201
-0.0281
0.8889
-0.9445
-0.6751
0.3426
2.49
1.22
-4.49
-5.68
2.03
1.91
-0.193
0.4304
-1.4608
-3.08
0.2993
0.3396
0.1302
-1.0103
0.11963
2.29454
-5.1401
-6.1121
-2.221
0.35716
1.5126
0.31344
3.4554
1.02346
0.50111
0.23079
-1.58449
2.01258
-0.67362
3.2352
-0.4405
-2.74581
4.4297
-1.49573
-4.74098
-0.04744
2.9984
-3.2976
-2.2898
-1.51793
2.5263
-1.89344
-0.19976
-2.24307
1.8762
-2.6708
2.88958
3.5965
0.2711
-4.02529
-0.4067
-3.8702
2.47826
0.9864
0.0325
-11.6
-4.49
NA
4.94
1.77
0.5758
NA
1.37571
1.44
-3.3647
1.98669
0.0555
-2.2669
0.46
-1.379
0.087
-0.4782
NA
0.1534
-1.3483
-0.47
-0.2731
0.844
-0.0168
1.27805
-0.426
-0.194
1.97681
0.714
-1.564
2.43159
2.9294
-1.9375
2.48
-1.5573
2.25828
-0.7854
-0.15251
-2.8294
-1.0728
-5.49129
-1.4
3.5425
1.78379
0.0786
2.8031
0.9203
-1.8274
-3.86336
1.8917
1.1221
-0.0859
0.0403
1.00758
-9.3429
4.5166
-0.3715
-1.0951
1.339
-2.0256
-0.47418
0.5417
-0.1955
-0.15837
0.39214
0.11026
-0.75346
1.8359
0.3624
-1.83027
6.2577
-1.86
2.63
1.91817
6.2723
0.9726
3.0745
8.7855
0.6406
-1.6
0.41776
0.116
-0.439
-5.8998
0.1421
-2.7001
-0.2169
-0.8455
-0.3583
-0.6161
0.50931
-0.5271
-0.244
0.819
-0.82968
-0.25738
-1.03836
2.4028
-1.6558
-0.20545
-1.5078
-0.411
0.1683
1.12
-0.872
-1.24
-4.2152
-1.3872
-0.7702
-2.2919
3.1415
0.2207
2.02162
-1.6362
-1.05491
1.6135
0.43131
1.0097
-2.13597
4.7982
0.913
-1.34623
-0.0371
0.3662
-1.77718
-1.1223
-0.07814
-1.2136
2.57574
-0.4677
0.3724
0.0118
-1.6972
-0.356
1.55154
1.77192
NA
-2.15
3.906
3.6865
1.053
2.97
1.73672
0.984
-1.554352
2.72392
1.2273
0.456
0.1529
1.66
0.72
-1.38335
0.62571
3.37827
-0.26484
3.85
-3.26
0.908
2.2966
1.9611
-0.677
2.65
1.90382
2.2613
2.13347
-0.446
-0.19992
-1.14678
2.6234
-2.14
1.9
2.30244
0.31392
-1.00658
1.1388
0.3799
1.6218
0.80948
0.45961
1.46
0.29616
3.0541
-0.7436
-0.5941
2.9772
-0.3984
0.0395
-0.443
1.44891
1.7994
-1.57468
0.24422
0.5164
-2.02
0.716
-4.7953
-0.3845
2.57616
2.54
-3.1469
0.55711
1.3025
0.42262
-2.809
-2.3401
2.87
-3.7468
-2.14828
0.366
0.194
2.3392
0.37196
0.8348
-2.4236
0.414
-0.31
-4.1721
0.86549
-0.201
-1.23836
0.5981
-1.2911
5.0961
-0.713
1.38071
-3.29
1.1692
-3.01
8.9398
-0.1369
-1.35639
1.18
-0.5633
2.2659
1.6032
2.9695
6.3971
-1.2485
-2.6753
1.799985
0.5736
-0.14455
-0.524
-0.7209
4.46
-0.00902
1.692724
-0.0786
-2.23869
-1.5977
0.06332
-1.7777
0.94335
-1.4228
2.77918
-1.2107
2.6998
8.95122
-8.57533
4.01
0.0557
2.6385
-1.83161
-0.18646
-6.20538
3.72195
2.46042
-2.62906
0.805
2.07764
-3.13196
-1.55387
-10.5794
2.46317
6.7171
-2.0397
-3.0368
-11.37945
-1.9222
0.473
-0.46906
6.2625
-1.3738
1.5712
-2.16867
-2.29
4.52901
-1.0354
-2.5917
-2.3144
0.99192
2.2195
-3.76702
1.3668
-0.59727
4.98386
0.6796
-0.20976
-0.0331
-0.6418
-0.5921
1.08531
2.1169
-4.5591
-0.0739
0.83315
-9.00529
-0.0059
7.6026
1.9511
-2.59
-2.9223
-0.3682
-6.9845
-5.1228
-3.18
0.2689
-0.53593
-4.51942
-1.45662
5.56249
-0.92863
-1.87459
1.62
-1.78
-1.24
-2.9284
-0.32556
-2.3911
-5.0667
-1.91203
-4.7223
0.76413
-0.2792
-1.4937
-2.05867
-1.5079
0.85513
3.1582
2.20972
-0.88454
-0.22032
-0.167
-8.05359
0.2127
-1.19779
-1.8087
0.7261
0.3952
-5.4684
-1.7506
-0.5119
-1.41583
2.8493
1.15021
2.39666
-2.1
1.0023
11.3
2.09195
0.68
-1.3036
-1.78241
0.53753
-1.03
-0.5679
-1.3257
-3.86497
-0.2856
-2.01
-0.2879
-0.5025
-2.1485
2.3826
-1.30162
1.53069
2.23673
1.9899
1.1
-1.60563
0.6914
1.32205
-7.96231
2.39902
1.2365
0.9504
-0.6805
0.223
-0.9244
0.9594
2.8179
0.74054
0.16898
-0.823
0.62686
2.76418
0.29586
2.14805
1.4134
-0.2739
-2.48971
0.3624
11.81399
-0.07318
12.85093
-2.91526
-1.61611
0.0995
-13.2812
0.11404
-1.95255
0.8337
-1.2182
-3.01082
-1.21
-0.162
1.53553
-1.265
-0.2461
-1.73804
0.1007
-0.09823
-2.05947
1.3336
3.5369
-7.06508
-0.53792
5.229
0.05388
-3.90677
4.0378
3.0217
2.7234
1.1806
-0.4671
2.15
-5.475
-0.1855
-5.7789
-0.1537
-1.51832
-3.73
1.503
-1.7847
-0.0052
-1.835
1.1079
-0.3354
-0.60067
-0.29194
-0.40249
0.28497
3.4418
-2.7806
-3.36965
1.74
-11.57924
-0.5563
-0.322
-2.1063
-1.6881
1.7
1.92682
-0.993
2.00768
-2.0315
1.45767
2.33
-1.96
-1.36
-2.01973
7.4755
3.9412
-3.7684
-0.275
-2.54466
-0.737
-1.4334
1.26
0.2904
0.23811
2.83
0.6656
1.3
-0.8076
-1.3094
2.0321
0.11363
-2.4602
1.0898
-3
-1.7
-1.1135
-2.081
-2.4248
4.9596
0.197
-4.0714
-0.42024
-1.1135
0.9789
-0.456
3.3346
-0.2887
-1.9472
0.866
-0.89012
-3.6894
0.1634
0.6077
-0.1857
4.44919
1.5268
-1.22
-0.6594
-0.461
0.93599
-0.9778
-1.3428
-0.842
1.79
-0.2692
-5.13372
-2.8997
0.58116
-2.16
1.6178
0.97224
1.36198
1.135688
-0.08324
-3.08155
0.54189
-2.13657
2.87539
-0.7242
1.9297
-1.38125
-2.52653
0.1721
-1.1489
-3.7977
-0.00964
0.53288
0.528
-2.2955
1.60755
-2.807
-8.3706
0.393
0.737
-0.731
5.17
1.1238
0.74979
-8.26461
-0.4483
1.4403
-2.4334
-0.895
-2.5076
-0.85324
-1.09847
1.8771
10.0499
1.45
-1.55
1.954
2.39723
2.33
0.9374
3.6645
3.60976
-9.41766
-4.33
0.91829
1.30476
-1.514
0.8598
-2.49333
-0.76299
1.21634
-1.4212
0.61293
1.6223
0.435
0.32009
0.0896
0.3345
0.7452
1.95779
-2.33
-0.322
-1.3749
-0.449
1.39834
1.8603
0.5522
-0.5655
4.20481
1.7368
2.66
-2.28965
-1.9862
0.4063
1.33
-0.70843
2.04
1.5506
-1.1006
NA
-15.90656
3.12046
-0.2357
-1.22829
-2.61657
-0.23065
-0.9265
3.31
-0.05444
-0.1343
-1.5978
-4.9092
0.9586
1.5897
-2.37618
3.49
-1.6886
0.398
-0.636
1.41
2.00347
-0.38643
-1.13954
-1.4
-8.75619
-2.0226
0.1978
-0.0524
0.563
-1.57676
-0.01097
1.8325
-1.2381
-0.949
-0.798
1.12
-0.20304
-2.72134
0.15477
0.23505
1.63179
-2.78739
-2.17494
-1.02
-0.8559
-0.227
2.4824
3.4141
-0.25617
-1.8024
-3.5737
0.01039
-0.2178
1.64739
0.3026
0.36021
0.51127
0.7377
-0.05507
-0.4
0.201
0.1014
-12.4
-3.75775
-9.33595
-0.3999
-0.842
-4.15783
0.394
1.84
1.12
1.6773
-0.0201
-6.45814
0.02102
0.479
-0.0476
NA
-0.2641
1.0237
1.08
-3.19
1.57977
3.64485
NA
0.83732
0.8312
0.24482
-1.2896
0.5858
-2.14831
2.3564
-0.4058
0.3396
1.3738
-1.1
-1.49824
0.0964
-0.13866
-1.5308
3.6139
5.4366
0.58989
2.0971
-2.92
0.4468
-0.125
3.51
0.5797
-0.0131
2.69867
-1.3535
-0.7871
-0.179
1.13703
0.7242
-0.9692
-1.2325
-3.97451
-0.5679
0.16946
-1.5205
-0.1946
-0.499
0.88152
-0.6228
-0.3087
-1.7116
-0.14496
1.37
-0.6805
1.52884
-0.8187
-0.193
-0.94802
-2.34164
1.1551
9.0649
-0.58844
1.00737
0.0368
3.2516
-2.30354
-1.7662
-1.91015
0.17193
1.5861
6.719
0.4594
4.104568
-0.646
-0.21234
-1.7735
-2.0623
2.756739
0.0441
2.76667
2.58064
0.07351
0.9203
4.86
1.61
-1.4829
-0.47404
-1.1846
-0.4979
0.7328
0.3121
-2.20788
-3.4264
0.718
-0.1774
2.785839
-0.576
3.48
0.80433
1.21223
-2.0929
0.2023
-1.12
-2.28881
-2.4335
-1.3144
-0.0924
-0.2405
-1.91673
1.2108
-1.99
-2.46121
-2.91184
-1.741
0.39013
-0.20915
0.0647
1.7547
-3.6678
4.2392
-2.4413
0.03694
-0.7638
3.040712
-3.1349
-0.87688
0.75905
0.413
2.08
0.33457
-0.3349
-0.86696
3.60781
-0.0469
-2.93
-0.5856
1.902
-0.8383
0.91447
1.0939
-0.9759
3.26
2.32859
0.00805
-1.5952
3.47779
-1.37262
-1.5313
-0.2877
-2.1226
2.9
0.523
0.8515
3.8448
-0.3008
2.35249
-0.60313
-2.07
-0.073211
1.1674
-0.3427
-1.74709
-6.84
0.00452
1.03374
-1.4672
-1.09557
0.79622
-0.917
-1.19
-0.4636
-0.9175
-1.009
-4.7845
-1.580261
-3.9654
-0.05032
0.58666
-1.2593
-2.9393
1.491252
-2.88087
1.1633
-3.23097
1.0033
-2.3669
-0.09769
2.25178
-2.85497
2.7096
3.2927
0.34713
-0.1733
1.722514
1.4379
-0.18111
0.02073
-3.49278
-0.7803
-0.34778
0.78384
1.5039
-1.43
2.112159
4.0428
1.44988
-1.2727
0.5725
-0.0251
3.3696
0.87231
1.38
0.7317
-2.2327
1.0976
1.0571
3.422
-3.819357
0.445
1.2029
-1.0618
-12.8874
2.1263
-0.346
1.32467
0.19815
-1.9977
-0.92062
1.996398
-2.226237
0.506
1.8915
-1.839669
-2.76
3.46
-1.15412
0.119
2.2466
-0.4062
-0.83865
-0.42013
1.0215
1.37803
-1.7154
0.843
1.83574
-1.26327
-1.70078
-0.0498
0.00946
-0.85641
-0.338175
-0.52697
0.36469
0.0202
2.05056
5.1256
0.975
-2.84334
-0.46
-1.5124
0.831
-0.03598
2.2101
-10.6
2.616
2.4119
-8.7488
-1.599522
0.7577
-0.25724
-0.3072
0.62606
8.2283
-1.63508
7.0093
0.4085
-2.2802
1.1134
-1.3198
-0.3685
4.07
3.06
0.6709
1.06571
-0.263
1.63122
1.1435
-0.5157
2.5547
-1.17
-0.383
-0.384
10.8
-0.3755
-0.5977
-1.0589
-1.7601
-0.6294
0.8947
-0.9061
-1.0268
-0.168
1.4294
NA
-0.1956
0.9274
0.0782
1.1764
-1.24
-2.62784
1.2619
0.99862
-0.79823
0.132
1.63946
-0.8748
-1.837249
0.32163
-1.40183
-1.84355
1.60424
-0.198
2.218
0.14
1.497
-0.654325
-1.1862
2.0228
1.2692
1.35179
-0.334
-0.22105
-0.2132
-4.9017
0.42
1.02103
-0.8205
2.51
-2.12471
-2.5704
-0.60387
-4.56965
1.9176
-3.99636
1.8768
0.37119
1.9153
1.6935
1.6988
NA
-2.23897
-0.1438
1.771
-1.22638
-2.30324
-1.214
1.495
1.5294
-0.25
-0.69379
1.1984
-3.8143
0.681
0.4086
-1.0761
-1.4191
-1.69
-1.07
-0.99568
1.0308
0.3614
-0.148
NA
0.22
-2.1917
-0.5172
-2.6792
-0.891
-4.42103
-0.991
-2.7198
1.327526
-0.8672
-1.8428
-0.278
0.32171
-0.38338
-3.47637
2.02
-0.5432
-2.0411
1.9801
0.34384
1.47
-1.2465
0.017
2.72778
0.1151
1.2259
2.43
-1.646453
4.4151
-0.601
-1.1524
-1.42642
0.1772
-0.5926
1.9171
-0.1974
0.61046
-2.1285
-0.7648
0.937805
-1.27221
1.4342
-0.9768
0.651
-1.15
-0.7436
2.58289
-3.26
-2.4929
1.0507
-0.16471
-1.4806
-5.2656
-1.4419
0.51
-0.4148
-2.9675
1.8488
-0.17691
-2.4639
4.73
3.8402
-3.3622
0.6858
0.39569
-2.55548
-0.64616
1.9426
2.85864
-1.55
-2.0582
1.43
-1.0107
-0.401171
NA
-0.672299
-0.0214
-3.232
-0.2995
-0.126
-1.24171
-0.1695
-1.9238
-0.207
-0.83962
-0.97265
-0.798
NA
0.77761
-1.8
-0.1194
-1.02564
-0.19456
-0.3449
1.5797
1.8886
-0.0793
-2.43876
-0.0839
3.39654
-1.22887
3.71
-2.2459
0.96876
-1.67
-0.769
-1.57675
3.4712
-0.5332
0.64652
-1.81211
0.2624
-3.4273
0.272
-0.342
1.11106
3.59
-1.04
2.062
-1.0268
1.97
-3.5822
-4.55494
0.805
1.1524
0.1393
1.41
-1.29
2.78312
0.1884
-1.98811
1.3535
-0.526
0.3674
0.454
0.18
2.12
2.0053
0.28044
1.29489
-3.38392
-1.8872
-0.35108
-1.8032
0.443
-0.00981
1.1648
0.806
2.0856
-0.689
1.24674
0.455
0.234
0.89548
0.5228
-0.389
1.39352
1.53
-0.224
NA
-0.2628
1.05724
0.96227
-0.3512
-1.7198
-0.09623
-1.4568
-0.9963
-3.27
-0.518
-2.468
-2.54
0.34329
-2.4
-0.6509
-4.67
0.1255
1.2
-5.75
0.466
-1.09089
-1.63515
0.6974
-0.525
1.39
1.4
11.77275
-2.41102
-1.7569
-1.89
0.3522
NA
0.4404
-2.627827
0.0887
1.1699
1.09631
0.90789
0.955
1.31
-0.309
3.70809
2.4285
1.7231
6.95491
1.649
-2.09848
0.01148
-2.66
1.7074
0.4926
4.45722
1.39
1.66463
NA
1.16681
-0.2825
-1.18464
-1.7324
2.9721
-0.61
0.1685
-18.69506
0.6549
-9.9251
-1.22155
-0.9605
-2.1929
0.71192
-0.8579
3.20116
-0.09434
-0.7468
-2.0873
-1.39
2.8411
-1.0214
0.5577
18.9543
2.29545
-2.4352
0.128
-4.59924
-0.95412
-2.4347
2.5422
-3.1593
-0.03013
-2.19012
-2.5786
2.18352
-1.54
0.206
-3.5453
4.7601
-1.07
4.9596
-0.3594
-1.6461
3.9
0.01913
-1.3694
-1.4992
1.4
1.3279
-0.3049
-1.31
4.8502
-0.5738
0.8986
-0.3069
-0.296
1.4012
4.9776
0.844
-1.52093
0.8088
-0.202
NA
0.5319
-0.0967
0.2558
1.5478
0.5467
-1.46896
-0.4283
4.7382
-2.8503
2.54
2.05518
-3.01081
0.0248
-1.0919
-1.18
-4.094591
-1.16
-0.41588
-2.19705
-0.566
0.0719
0.00372
-3.0846
-1.27666
-1.0085
-1.33
1.27828
-2.46298
2.0062
-0.0763
-2.35168
-0.1422
9.1116
-1.425
-0.9859
-0.1085
-14.2
-0.2652
0.922
3.95
-1.05
-0.64571
-3.47
0.578
-0.746
-0.3369
-4.6381
-0.628
-1.0519
4.4338
0.99899
NA
2.39997
2.8392
-2.9043
0.30135
1.38
-3.64669
0.173
-0.396
-0.8192
0.5043
-1.524
-1.23
-0.4879
0.5465
-2.0846
-0.66688
3.3756
-4.3316
-1.7525
-0.394
-0.05757
0.2654
-1.46308
-0.2979
-1.0008
-1.1026
5.0313
1.0504
-0.9916
-3.0753
-2.6052
0.01
-20.9
-0.1779
-1.1988
0.3699
0.273
-2.0042
1.912
2.93249
-1.4203
-0.5038
2.1438
1.60286
-4.002
4.0544
-0.30966
-0.0609
NA
-1.46
-0.21049
0.87922
-1.1745
1.1469
0.668
2.98
-0.30411
0.0602
-0.9518
4.3815
-1.2834
3.407
-0.9805
1.3171
0.3034
1.3332
1.0272
-1.0552
0.2761
5.7681
-3.3274
-0.7068
-6.1251
0.3762
3.07434
4.5764
1.0588
1.7608
-2.3006
0.9621
5.3791
2.78
-3.17
2.35
3.7692
1.592
4.4774
0.31426
-3.0883
1.18266
1.5212
0.9723
-1.1243
-1.7
-3.35
-0.2763
NA
-1.1898
NA
NA
NA
NA
NA
NA
NA
-0.0248
NA
NA
NA
NA
-0.97284
-0.72475
NA
NA
NA
NA
NA
NA
NA
NA
3.65
NA
NA
NA
NA
NA
NA
NA
NA
-2.3605
NA
NA
-1.91
2.6194
NA
1.91
NA
NA
NA
NA
NA
NA
NA
-11.783
0.622
NA
NA
0.6095
1.826
-0.0353
NA
1.18013
NA
-0.846
0.4611
-1.69
7.71
0.4969
0.838
3.6284
1.23
-1.09633
1.31987
-1.61636
10.2204
-1.2173
1.6597
-0.82594
-0.1284
1.99538
-0.73
-0.62139
-1.03079
-0.34688
1.226
-0.7095
-3.99
3.81211
-0.9215
1.13227
-1.5492
-0.66758
0.8695
0.3112
-0.459
0.414
0.37042
-0.628
-1.1655
-1.7019
1.97671
0.546
0.4851
1.080143
-3.414308
-0.05385
-3.610949
-1.20335
0.07301
-1.31
-3.513748
0.997
2.8663
1.57
2.41224
-0.614851
-1.28752
0.3469
2.2683
0.1965
-3.4393
-1.2856
0.05508
2.0517
1.7873
-1.28216
-0.3762
1.2866
NA
NA
NA
-0.5821
NA
-0.20263
1.13795
1.0594
-2.39841
0.123652
-1.3112
-0.769
-0.769
-3.5186
1.3842
1.43568
-1.353
-0.565
2.76
2.42
1.36
2.49872
-5.54
-0.3628
-0.51438
1.58
-0.515
-1.0931
-0.52
1.6646
3.3754
-0.391
2.3551
-0.24391
1.29
1.43
3.16396
5.30011
-1.5715
-0.4457
-4.4094
0.325
1.8826
-5.5997
-0.8366
-1.42
-1.6369
0.4606
-1.0529
-0.7399
-4.9686
1.2937
-5.43889
-3.14741
-0.96028
-2.3066
-1.2557
-2.2308
-0.96187
-0.6395
-1.57989
-0.7366
-0.39602
0.6174
-1.1725
-0.5002
-1.5889
2.51
0.18161
-6.2728
-2.7001
-8.79253
NA
1.99162
-2.3358
-3.46802
0.0107
NA
-0.0228
-3.25
-0.4344
-1.1155
-0.23146
1.05
-1.41
-0.5676
0.8381
-0.9366
0.787
0.0501
0.675
1.1
-0.00737
3.72
-0.75274
-1.224
-2.69412
-1.64
-2.5832
1.2475
-3.27492
-0.381
-1.06
0.48865
0.5674
2.38028
2.1257
1.2459
2.6298
2.0841
-0.4577
-4.87391
-0.2245
-0.65717
-3.40071
-3.8852
0.20646
-11.783
0.05071
9.2733
-1.3882
1.89752
-1.89786
1.583591
1.14401
0.91173
-0.76236
-1.41
-1.7322
1.171
3.83741
0.0223
-1.75453
-0.9421
0.49155
1.8583
-1.7921
NA
1.3618
0.81624
-2.6266
0.9233
-0.17
6.1391
-0.3269
1.49524
1.07021
3.98106
0.501
-1.0391
0.7416
0.00668
-0.88161
0.5016
0.9308
1.57529
0.8846
1.0236
0.4317
0.6674
2.3814
-2.1066
-1.92156
-0.7517
1.5104
-0.1493
-3.984
-0.8171
-2.4236
1.32
-0.2055
NA
-2.5266
1.8435
0.9088
-6.3563
-1.2708
-0.1104
-2.54323
-1.8
-0.8756
-0.26919
-0.0353
-3.572393
-0.18
1.5
1.1725
NA
-0.454
-0.45533
2.1757
-0.354
-1.15
-2.1637
1.7833
NA
-1.91
0.5103
0.8531
4.49
2.427
-0.0652
-0.65486
1.6701
-0.738
2.5294
2.7498
-0.7491
1.3609
-1.01
-0.0063
0.915
-0.501
-0.23434
-1.8493
-10.8
-0.3776
0.6956
1.562
-2.07262
1.30742
-0.24865
NA
0.4552
2.8
2.4927
1.1419
0.5486
-0.810298
1.59336
-0.32607
-9.6262
-1.34
-2.59718
3.70576
-0.19605
NA
0.16002
1.0016
-0.999
-0.00128
0.643
1.16811
0.2599
2.19749
0.0921
-3.63
-0.025
3.34
3.61143
0.085624
9.7344
1.18812
14.2
-0.762
-1.56364
-0.5038
1.55
-0.357
-1.29244
-0.935
1.5575
0.6956
-0.7122
0.6645
NA
-2.27152
0.08635
0.3903
2.20601
1.27128
1.59647
-2.7479
-1.49
-2.14059
0.9507
NA
-0.84228
NA
-0.4299
0.4784
1.0589
-0.3646
-0.1096
0.1667
-0.1591
-0.8589
4.09829
-0.8555
-0.5826
-9.4765
-0.1043
-1.1175
0.398
2.4453
2.45
-0.1673
-3.893613
0.3375
-0.668
-6.9845
-0.447848
-0.0806
-1.06
0.94092
0.882881
0.09024
-0.639
-0.95608
0.0673
-0.1784
0.10582
0.66421
0.2305
0.6776
-0.9622
1.4016
2.4972
-0.186297
0.86272
-2.2187
0.194
-0.1273
1.07
-3.3158
-2.0652
0.84932
-1.19741
-0.0525
0.082
-1.28432
-0.3335
-0.9186
1.1184
-1.8065
-0.489
1.37
0.564
0.4793
-0.9879
-1.37
4.9378
-0.0624
2.39
0.70718
0.1942
-0.62325
1.0792
-0.321
0.1851
-0.3838
-0.732
-0.24373
1.1563
-0.85594
1.3733
-0.3806
-1.3446
-4.347112
-11.9
1.02
-2.6
0.18
0.25042
2.32283
-2.32
-3.91
1.36
-0.0638
-1.78369
0.845
-4.5197
-0.519
-1.3713
-5.7
0.0047
-1.0372
-0.23656
-5.9591
-1.6038
1.85989
0.406
2.2771
-0.53874
1.3575
0.82015
0.6568
NA
-0.1031
2.0437
-1.8826
1.2
-2.22403
-0.14091
0.9029
-2.02154
-1.048
-1.19701
NA
0.11403
-0.9768
0.305
1.5611
2.1037
-1.49318
-1.3182
-1.44412
-0.5485
0.2257
0.8936
-1.2834
-0.2579
-1.5044
0.0322
-0.1801
-0.86253
-0.72267
1.03911
0.69828
-0.0141
1.3581
-2.93257
1.8127
NA
-2.7435
-0.7778
1.81349
-0.914192
0.342
-0.86515
NA
1.6287
-0.9485
0.0911
1.22705
1.5252
1.11099
NA
2.4529
-0.68165
3.6153
-1.52042
2.3745
0.555
-0.4623
-0.0682
0.9246
0.07535
-0.7296
0.0533
-0.38981
0.26655
-1
0.01092
0.7473
-0.361
1.5856
4.3263
0.65876
-1.655
-1.62788
-0.0099
-1.38672
-0.4034
-1.36629
-0.2867
-4.571207
-1.46316
-2.6746
NA
0.1807
3.1128
-0.0976
-0.964
4.31
-0.24784
0.4464
-0.46903
NA
1.472
0.9238
-1.9501
3.03655
-3.03
0.18901
-0.18778
-0.784
0.00909
-2.1395
-0.86174
-0.2315
-3.14
0.7768
-1.43978
NA
-0.3095
-1.45625
-7.1985
NA
NA
0.6657
-0.3796
-1.2371
-9.62272
-1.3716
-2.9062
0.10718
0.08651
0.9661
1.8013
-2
-4.7784
2.8467
0.9098
-0.9316
-1.038189
-0.3448
0.6829
2.87
-0.746
1.2604
0.32067
-0.51486
-0.15601
-0.92796
-0.81135
0.97543
-0.3664
0.03422
-0.683
0.677
2.3754
-0.70804
-1.106398
-0.9888
1.25992
-2.28494
1.0669
NA
1.0571
0.82274
-5.3317
-0.06295
-0.17087
2.85939
1.43617
NA
-0.06374
0.8969
-0.25632
0.496
-1.5
3.65
-1.01204
1.54
-1.189464
1.1407
-3.98
NA
-0.869
-0.6674
-0.00309
-1.4133
-0.4896
-0.2314
-7.543
1.396
NA
-2.2157
16.40624
-1.5788
-1.4668
1.7768
1.9129
2.68
-5.6204
0.899
1.337
-0.516
NA
2.099
0.75423
-0.99925
-3.8602
NA
-0.1815
-1.3801
-1.509
-2.7068
1.18
-0.173
-0.3054
-1.98
-2.6986
-1.272574
1.4592
1.6049
2.6221
0.4174
1.3661
0.94899
0.1789
-0.46454
-0.42033
NA
2.0216
-1.09236
2.78
-3.9
0.231
NA
-1.7941
0.46
2.01862
-2.5628
0.8417
3.5771
1.22884
-0.7482
2.41
0.3631
-6.46085
1.6549
-0.4635
-11.9295
-2.5016
1.94721
0.9611
0.36745
0.2177
1.5593
1.9925
NA
3.324
-0.275
2.28342
0.376
-5.98624
-1.34175
1.487
-1.7647
0.191
-0.9553
0.421
6.4434
-11.0723
-0.355482
17.4
-0.77574
3.81739
0.43628
-1.17496
-0.3773
25.1669
-0.7842
0.32591
0.9898
0.258
1.67
0.90813
0.7943
-1.773
7.1669
2.34
-2.81
-2.38196
3.3482
-0.5824
-0.02395
-0.65406
-0.9496
-1.77
-0.2986
0.37751
-0.47959
0.0215
-5
-0.203
3.2291
-1.7453
9.83
0.1428
-0.212
0.1231
-0.29241
-0.66622
NA
-0.702
-2.1821
1.46023
1.0085
2.49
-2.6136
0.3057
0.1915
-1.95
-3.0552
-1.749
-4.13916
-0.06861
-0.136
-1.763867
31.3
-1.71303
-0.48142
-0.11344
1.16684
0.646
-1.2055
1.347
0.489
-1.0619
-1.4511
0.3584
-3.7236
-1.971
-2.3
-1.48
2.4252
-0.9159
NA
2.1902
-2.81595
0.6645
-1.8965
-5.75
-0.1865
-3.76
0.369
0.9877
-0.6233
-0.151
1.967
-4.8662
-9.8086
NA
0.37755
6.1399
0.1945
-3.0855
-2.12255
-1.03546
-0.05303
NA
0.6106
-0.3361
4.84
-2.1065
-3.02507
-0.1304
0.3453
-0.6466
1.89
-0.42791
-0.82211
-0.02866
-0.1567
0.38581
0.5176
0.31
1.10241
0.4868
1.2791
2.8243
0.129
-2.0222
-0.422
1.7198
0.33
0.5984
NA
NA
0.921
-1.30452
0.2567
-0.9905
2.0464
1.8236
-0.3652
2.37011
1.02121
-0.143735
-0.1732
-0.532
1.0713
NA
0.7833
0.7176
-0.799
-0.11
-0.5264
4.4761
0.273
-0.1152
-1.63915
0.8065
2.7544
3.050707
-0.1357
0.27
2.41574
-0.30233
-0.0355
0.0419
-2.4733
-0.15632
0.249
-2.1127
-0.137
3.05342
0.65966
-0.036
1.1775
-0.5659
1.4326
2.01241
3.1675
-1.72022
-0.62107
-2.0338
0.0422
-0.387
5.4789
-0.3725
-0.626836
-3.0025
0.23658
1.89722
4.3131
-0.09966
-0.78727
-5.565013
0.583
6.13
-2.65
NA
0.3394
-1.1322
1.78
2.8094
0.553
-3.36
-3.571944
NA
-1.0215
2.0932
2.02
0.0877
0.94702
1.90038
-0.818
0.218
1.9097
2.75
-1.5276
3.7836
0.5889
-0.9556
2.52
-2.37681
-1.88755
0.4835
3.7011
-10.4598
-1.2
-0.8862
-1.10945
-2.8129
0.2801
-1.3234
0.3128
-1.0087
0.5005
-1.5232
0.07644
NA
0.7461
-1.19
3.34
0.5919
1.7688
2.41021
-0.342
1.37856
-0.1554
1.32762
4.37305
3.84
NA
3.12896
-1.2407
-3.3505
0.857
2.083474
-0.69054
-0.86133
9.8971
-0.3671
1.1551
1.58
1.73
-2.0372
NA
NA
1.19
0.97017
-1.37766
-0.73583
-4.014
-3.1174
0.27491
1.7445
-1.3027
0.334
0.118
-0.453
-2.3361
0.7628
1.0981
-0.177
2.2276
-1.20899
0.87435
1.10923
-1.1164
0.40609
-1.40065
-2.4105
-2.70212
0.3164
-3.800385
0.0198
2.6766
-1.7937
NA
2.9168
-1.28972
-2.6329
-1.27163
-0.4579
-0.54463
-0.2939
1.35837
NA
NA
1.08855
0.63107
0.276
NA
0.18854
0.22963
-0.08533
-0.3104
-2.584
-2.3621
0.4047
0.9568
-2.5829
1.1451
0.94628
-0.2712
-3.96758
-0.77832
-0.4994
0.3109
-1.5832
-4.0289
-0.6903
0.7299
-2.38222
0.1471
-0.873
0.2473
2.24632
-0.0681
-1.3033
1.48753
0.21912
-2.2918
-0.929
-2.8031
1.341
0.2849
-1.09309
0.295
-0.83666
-2.41083
1.01
-0.852834
0.54802
0.2088
-2.11
0.873
0.7825
0.81316
2.98555
1.31501
0.517
0.3767
-2.2826
0.7105
0.97971
4.14514
-0.1942
-3.6668
-0.961
0.2127
-0.47347
0.31272
0.48418
0.8098
0.3857
-0.6971
NA
-1.76011
-2.28579
0.294738
1.88
0.36499
1.64493
-0.456
-1.8433
1.333
-0.9259
7.70537
-4.8619
0.596
2.04008
1.34329
3.19577
2.15
0.48572
-2.9783
-0.4409
-0.87239
-2.83718
-3.15
-0.3298
-0.895
-9.25338
-6.10494
3.03
-2.24949
2.5578
-0.4457
-0.8101
1.38329
-0.4521
NA
0.84463
2.682328
-2.09563
-0.1823
-0.15267
2.6517
1.60177
0.51307
-0.5084
-4.437
0.2471
3.2635
5.48
2.3263
0.64128
4.7612
2.6101
-0.8725
-0.74145
-0.01884
-0.1197
1.28104
-1.7109
-1.7335
-0.26329
-2.43
0.74788
0.5424
0.2864
-1.61234
0.50003
-1.02
-0.9881
-1.0376
-1.37
0.8763
0.2715
0.27812
0.583
-0.0382
1.06984
2.9529
2.45
0.82517
-1.14924
0.9599
-1.3023
-1.4
5.05857
-0.0853
1.2676
-2.0207
-0.7032
-2.8254
0.517
0.867
-1.2913
0.791
1.5044
0.2975
-0.328
0.60079
3.26983
-0.34869
1.21601
-4.0403
1.22
-0.2335
6.814
NA
-0.69825
2.8321
-1.4187
1.79
1.67589
-0.91567
-0.3301
0.6222
1.2857
-0.61742
2.5301
0.9966
-0.7826
0.6929
-1.8925
-0.458
0.6148
0.66508
-0.0886
1.6372
-1.0881
-0.53553
0.0894
-0.746
0.0495
4.4409
-0.9881
0.3378
-3.63925
13.57752
1.1948
-0.896
-0.1949
-0.733
-0.4846
0.3773
1.951
-1.8358
-0.4296
-1.37922
-1.56394
0.5434
1.6961
3.315
0.1814
0.01252
1.5182
-2.1167
-1.23296
0.0423
0.9101
2.9662
3.26681
0.73305
2.5167
-0.0894
-1.157516
0.55424
-0.0584
4.1693
0.3885
-0.101
-1.01396
-3.7
-0.4725
-1.01362
0.679
-0.1786
0.0424
-3.6866
0.9735
-1.3056
1.213
0.08992
-0.5219
0.5304
1.203
-0.56494
-0.366
0.290194
0.3927
-2.1828
-3.23187
NA
1.03
0.65429
1.26586
-0.916
-2.2298
1.7846
0.7163
0.175
0.0586
0.0518
-2.617
-0.66081
-2.0798
-0.93635
1.3531
0.62139
1.11701
2.56024
-1.251
-6.0872
-2.10436
-2.2153
0.42268
3.58676
-2.38204
0.333
2.40741
0.1799
3.5429
-1.78063
-2.6653
-1.25026
-0.78299
1.63031
0.0684
-3.20736
-0.124
0.096
-0.18639
3.35206
-1.9631
-0.36583
-0.38711
-0.46857
0.7563
-0.9821
1.134
1.49599
0.63474
1.2625
-0.6981
0.55034
-0.6295
2.70749
-0.19057
-3.48209
-1.63
-1.29989
-0.40734
0.33309
1.5021
1.512
0.6241
1.2397
1.07047
1.4565
-1.97054
0.601
-2.1285
0.9637
-0.0989
-0.01024
-1.57718
-2.5015
-0.7786
-3.5037
0.652
1.156
-0.00114
-0.0789
0.4673
-0.8872
-1.24353
-4.04
-2.44263
-2.7641
-1.05116
1.6204
-0.0583
0.47084
-0.8817
1.431
0.18415
1.67943
-0.2207
-2.6193
-3.28
-0.64326
2.73092
0.0225
-2.9581
6.75177
-3.04347
-1.4147
-3.53503
-0.58496
-0.91
0.2492
-1.90172
-0.89457
1.3543
-2.60837
-0.3227
13.13863
-3.39422
0.49834
-0.2841
0.3586
0.1649
0.28597
1.19908
2.85597
-0.87886
7.54656
-3.19
2.2443
1.74182
-0.4547
2.07
8.73214
1.15391
-2.3845
0.37025
1.09215
-0.55469
-0.5269
-3.65246
1.11748
-3.0782
-0.818
1.95262
1.03715
0.1135
5.06432
-0.96419
-2.6047
-1.2024
-2.77649
0.1911
0.2973
2.94214
-1.2563
-0.46548
1.05
1.12178
0.206
1.073
-0.987
-3.19539
0.17615
0.29367
-4.046
-2.0123
-0.259
0.42714
-1.21237
2.68
-0.7639
-1.2893
-7.47964
-0.40343
1.45
1
0.897
-2.14
0.96
1.31
1.5804
0.991
1.31
-0.331
-0.989
4.11
1.5908
2.07
0.21999
-0.444
1.5405
0.05103
7.8422
4.46
0.744
1.29
1.1399
0.918
1.38643
2.606
-1.53989
1.71
-2.89
0.37
0.798
0.919
0.391
-0.79
1.73
0.2552
-1
-0.447
-0.595
-0.325
-2.12
2.4086
2.06
0.268
0.59301
0.718
4.31
-1.15
2.49
-0.0621
-2.987
1.86
1.82
4.1924
5.62
-3.51
-1.51709
-2.77459
0.195
-1.71698
1.55306
-0.5272
-0.2416
-0.7188
-0.498
0.2088
-1.311
0.1553
1.36159
-1.73062
0.859
-1.3457
-3.044
5.3875
-1.1788
3.52373
-0.3314
2.51438
-1.42947
0.1497
-2.65
-0.9362
2.8793
1.36461
-1.0557
0.07527
-0.34327
-0.5534
0.9001
-0.14652
-1.08667
1.30606
1.00544
-0.30385
-2.34155
-0.8696
-4.11486
1.43443
0.30391
0.34256
-2.0237
0.8608
-0.071
-2.7388
-1.6099
-5.13513
6.49095
-0.92958
-1.40396
0.54178
-4.4902
1.44822
0.73471
-0.1749
-2.945
-0.38436
-0.01686
2.3218
0.02729
1.1256
0.2588
0.75912
1.2014
0.92221
2.22835
-2.80677
-1.77224
1.06121
-1.03424
-6.57194
3.4293
0.2114
-4.98492
1.6132
-1.63936
0.9991
-0.05799
-0.82206
-0.98788
-5.9593
0.2401
-2.5036
-1.00667
2.40013
1.2836
0.68199
2.35895
-5.51541
-1.2234
-1.94925
-0.40199
-2.31249
-0.13594
-1.337
1.98662
1.4032
0.77676
0.454
-1.62698
1.67576
0.662
-0.5075
4.4249
3.762
-10.2586
-1.44345
-0.76777
0.28267
-3.0218
-5.3356
8.0801
1.19
4.0796
3.17145
-0.6308
-4.09633
-0.36605
-2.2047
0.58943
1.02932
3.5393
-3.85901
-0.9378
-4.31568
2.7582
-4.2779
-0.06014
-0.54612
4.8815
-1.82621
0.6524
-1.356
-2.3981
0.66903
-5.5224
-0.5059
-0.25175
-0.292
-0.2055
-0.31162
0.289
-0.0973
1.407
-1.33718
-1.4372
NA
-1.43666
0.1472
5.64253
-1.72934
0.36565
-2.80121
-1.8747
-4.1311
-0.3762
1.144226
-1.98231
3.9914
-1.3305
0.4873
-1.8389
-2.6483
-0.01993
1.1618
-0.4435
-0.51693
-1.88734
2.65516
2.73237
-0.0846
-1.3631
-0.1809
0.14502
0.74024
-0.5982
-2.1114
-0.7754
-0.7311
0.42982
1.9257
0.2497
3.03496
-0.9003
-0.5961
-3.2744
0.2384
1.08965
0.2669
2.7543
1.31607
1.37085
-1.91751
-0.0613
1.27923
-2.3378
1.66676
2.02706
-4.82832
-6.04
0.103
-5.22348
1.2982
0.02504
1.35214
-1.6911
-2.66
-1.6228
NA
1.3555
-1.92209
1.2838
6.8049
-0.7231
-0.973
0.90831
1.0839
1.2419
-0.31555
-1.70935
1.562
-0.78731
NA
-11.783
4.08953
-1.29495
-2.15116
0.9736
0.29869
-1.88727
3.99284
1.3511
-1.4598
-0.55205
1.45105
-0.09685
0.12227
-2.9075
-5.2956
-0.419
-0.64012
-0.89729
-2.6
-2.088
1.42225
0.959
-1.59
4.0006
2.814
2.0716
0.1264
-2.5015
-2.1687
1.96852
0.2197
1.4579
4.0052
-0.1992
-0.4549
2.4615
4.47722
-1.8122
4.93137
0.13199
-0.1057
0.7359
-3.1705
-11.7354
2.08851
-11.8481
-0.4591
-2.92133
-0.50833
-2.6375
0.57097
1.1437
-2.6235
1.0832
-0.919
-0.6629
-1.39569
-1.1969
0.2851
-2.11047
-2.4861
2.2894
6.31995
1.7671
-2.5146
-0.4549
1.4309
-0.9552
-0.1189
-1.7971
-11.7792
-1.6974
-4.0278
4.0278
0.3581
1.07874
1.2635
-2.0047
-11.783
-1.9321
-1.7461
0.29278
0.7173
2.06165
-1.6728
2.3542
-0.40447
3.0818
0.5031
-4.9653
3.6067
1.63328
-11.8529
0.7743
0.1892
0.99687
3.6557
0.7207
0.33097
-1.53645
0.32618
1.1628
0.6424
-1.21968
0.26382
1.3108
-1.4352
-0.76285
0.6228
-1.99664
-0.7632
6.3115
1.7791
-2.1369
-0.9663
-4.98
1.85
-0.656
2.4866
2.98
-0.574
-0.3977
-0.267
-0.694
-0.401
-0.263
-0.8668
0.7267
0.1955
1.17465
0.3563
0.635
-1.22
0.813
3.0322
0.556
0.65
1.99492
-0.5285
-0.4194
-0.274
3.5748
2.61878
-1.14
1.5
0.76
-0.76842
1.61756
-0.195
0.0375
1.8086
-1.3978
-0.647
-0.0192
-4.0551
3.2
1.40998
-0.8283
0.61576
0.742
-2.9548
1.43026
0.738
-0.241
1.04
2.35
0.7064
1.65
-2.314
-0.53
2.43676
3.0322
0.0154
0.521
-2.35
0.452
-1.3092
0.846
-0.2659
-1.15
4.4153
-0.43295
0.1709
4.7602
1.66
3.55
-1.82
0.998
-1.91
-1.41
0.146
-2.79
-3.25
-1.77
0.937
1.5
-0.779
1.14
0.0274
0.264
4.83
-0.000651
-1.88
2.22612
1.05
1.67
0.221
1.83
1.18
2.1849
2.6513
-1.02
0.57
0.426
-1.2
4.55
0.8676
1.09
0.017
2.72
-0.59956
-0.88703
1.04
-1.97
-1.36
0.9759
-0.53
0.493
-3.23
-1.22
2.67
-1.2
-0.935
1
-0.827
1.16
0.0774
-1.22
4.27
3.44
0.166
1.22202
-0.925
-0.4346
1.3469
2.09
0.585
0.392
-0.426
2.13
-3.18
1.2524
2.96
-1.65077
-0.7367
-0.54369
-3.1592
-1.30511
1.79427
3.86538
-6.17375
4.59063
0.9458
-2.97
0.8005
1.34465
0.4656
1.1402
-1.09716
0.125
0.77772
-2.89
0.631
-0.764
1.36793
-0.386
-2.701846
-1.2205
0.6881
0.4766
-0.57903
0.569
-0.7267
-0.243
0.31154
-1.6324
1.31041
0.165
-1.217
0.7201
-3.367
0.34
0.7656
0.0992
-9.3237
-1.21
-0.4957
NA
0.8202
0.5721
-0.2484
-0.2279
-0.08361
0.207
-1.9713
2.3066
-3.18
-2.9
1.3789
-2.8802
2.02009
-1.12
0.272
0.4517
-1.00986
-5.4855
1.8752
1.37627
0.4818
-0.01665
0.26583
0.9269
0.1336
0.167
-0.4802
0.5966
0.675
-0.9629
0.52988
0.79347
-2.40877
0.51
0.4288
-1.9637
NA
0.59948
-2.6121
0.5516
1.2751
-2.0164
-1.7442
0.5369
-1.5971
1.1422
-0.74857
-3.86
-4.5141
-0.143
0.06193
2.9689
0.0286
-1.1734
-4.8594
0.99464
1.8783
-0.6416
-1.3414
-0.905
0.1663
-0.5247
-0.9366
1.18031
-0.85574
0.174
-1.0962
0.7558
-0.4363
-1.1475
1.453
0.9123
3.58
NA
1.7581
0.91
4.54
-0.8911
NA
1.6258
1.69169
1.3156
0.309
0.4077
1.594
-0.773
-0.6743
-2.43238
0.1505
-2.1221
1.6937
-0.2233
4.3
-1.73
0.5424
1.06618
-1.0617
-0.3221
-0.9236
8.4226
-1.47152
-5.6388
0.8151
NA
-0.9516
-0.09905
-0.2043
0.49687
NA
-0.7493
-1.3416
0.2932
-1.03187
2.2464
-1.129227
1.1981
0.27632
2.29742
1.9562
1.9742
2.7628
-0.75359
-0.06517
-0.0981
0.688
0.45199
0.45736
1.94616
-0.459
1.76144
-0.714298
2.034
-1.0545
-0.258
0.054
0.10586
-3.1362
-1.92776
0.9042
2.22
4.2707
-2.197729
-1.519
4.55
1.457351
1.1525
0.0143
-0.46779
1.40192
0.20445
-2.2032
-2.79015
-0.00296
-2.18312
2.24087
-2.899476
0.20687
-0.35002
0.79781
2.3037
1.9436
2.56111
-2.64048
3.787
-2.0988
1.163479
-0.0265
1.5266
-0.3072
5.409
-0.000855
-3.67
0.5517
1.2381
-1.1594
-0.754041
2.21976
-1.751
-0.62289
-0.25003
0.9672
-0.4184
-4.054833
1.48
5.1661
-1.0562
0.57
2.16125
1.925294
0.0158
-3.534922
6.88
-0.872714
0.14838
0.5604
NA
2.6921
-9.3898
0.882
1.4076
-5.889207
-0.18622
0.0179
-0.54525
-0.25629
1.14
3.6553
-0.42993
-1.9923
-1.76156
-1.04551
-2.0849
1.40406
-2.2615
-0.438
-0.77183
-0.67573
-0.24535
-1.12
-4.52
-0.6428
0.73622
-0.2558
-0.0145
0.38615
1.1296
0.8215
-0.26763
-1.7475
-0.6322
1.74682
14.6
5.4
-0.3218
1.4586
2.61273
-0.865
-1.18737
-1.77539
-0.97542
0.0466
0.1664
-0.8712
3.83797
-2.9743
-2.76
-0.5448
NA
-3.0935
-3.6352
2.69746
0.47454
0.34096
0.06631
-0.9187
5.37399
-0.4438
0.60745
0.588
2.1049
0.9199
2.22786
1.3005
0.627
0.11322
1.3818
1.42
1.1851
-1.6278
2.43835
-2.65702
-0.2595
1.914
1.27
-1.62
0.6729
3.126
3.35912
-4.71902
1.1671
0.455
2.5035
0.93348
-0.8904
1.72351
-2.8091
1.3369
3.5263
0.931
0.5448
1.02
0.881
0.2372
0.1228
0.751
-0.56252
1.54444
-0.6868
12.2816
-2.20353
-1.36
1.5506
1.20742
2.21781
-2.1254
-2.11563
1.2842
1.39742
NA
-1.0779
-0.19632
0.35813
1.12622
-1.84264
4.09324
0.236
2.1595
-0.94735
3.231
1.27
0.0202
-1.8816
2.35318
0.3531
NA
-0.177
-0.7282
8.8074
3.03887
-1.37
-1.06701
1.6615
-0.361
0.83189
-0.6045
-2.80078
-1.0307
-2.36348
2.56
1.0567
-0.27701
-1.8562
-0.52903
1.3402
3.8996
5.8341
-1.0335
-0.1474
5.5473
1.53598
1.8635
0.546
1.22199
2.41574
0.28913
0.7533
0.262
-1.8235
1.7542
-6.0815
1.03
-0.18489
-0.5915
2.1316
0.6118
10.334
0.585
6.4431
-1.9873
-0.08637
-1.80832
NA
-6.4376
0.9449
3.0071
4.98
4.7016
0.03563
0.454878
1.89
1.7255
0.63548
0.9704
-1.29158
-1.30354
-0.4534
1.5914
-0.0743
1.62113
-0.04101
4.45
0.94
-0.69816
-2.8737
1.6449
4.1311
0.17227
-2.1637
-1.0452
-2.54
-1
0.3315
0.857
0.09229
-0.9683
-0.8475
0.4638
0.565
2.0418
-1.03484
-1.124
0.12425
-2.63286
-0.942
2.0481
0.74926
3.49542
2.70763
-0.1969
0.659
0.1187
-1.67
-0.118
-0.848
0.90483
0.7472
0.00532
0.02398
-2.4936
-1.34
0.47151
-1.73962
1.2756
2.43931
-3.13713
0.7201
0.42433
-0.9283
-0.3529
0.878
-1.9014
0.669812
-0.3467
-6.48
-2.1854
-1.2508
-0.3727
0.1013
-0.790527
0.0141
-1.1488
1.18
0.89147
NA
1.2498
2.9611
11.3765
-0.7102
-2.853
-0.5432
1.79
-1.75
NA
7.96
NA
2.68238
2.10393
-0.4409
-0.2396
1.82515
2.07463
-1.75632
-0.4668
-0.2347
1.07551
-0.85607
0.1176
-0.42
-1.554
2.91448
-0.68382
3.00612
1.52
-0.25745
-0.5409
1.55
1.443191
1.99532
0.7219
3.74432
2.12908
0.70808
-1.0419
-1.52
-2.8617
-3.68023
0.4278
-1.63083
0.50305
0.72666
-1.5413
1.0501
1.2444
-1.8266
-0.389
-0.14255
-0.6585
1.43911
-3.8697
2.3708
NA
1.15866
-0.8015
-2.5816
0.93288
-0.6151
1.51
-2.97572
-0.778
0.603
0.2019
0.2981
1.09974
0.34658
0.66528
-3.78
0.2478
-0.33533
-1.10013
-1.33
1.1144
0.9297
-1.69397
-2.32365
0.2018
-0.4636
0.3604
-0.148665
0.48859
1.43404
-0.4849
-1.53416
0.353
1.3914
0.43599
0.567
0.5546
-0.83856
-0.7848
1.08
