-0.64668
-4.70794
-5.07331
0.5505
2.0529
2.88318
-0.88892
-1.25891
1.4446
-0.175634
2.88
1.07531
-1.81
-0.4783
0.517
-0.265
0.44707
0.75219
3.57702
-1.162898
-6.68293
-1.47611
1.59005
0.0236
-0.71431
-0.0203
-1.100403
-0.777
-0.09473
5.1427
1.3238
-0.3247
-1.38636
2.71741
0.131
0.263
1.81
-2.9713
0.16215
2.00434
0.2934
-0.362
1.1605
0.86358
-0.7495
0.5804
-3.23448
1.43666
-1.5946
-1.04455
-0.05374
1.98
-1.21
-0.168
1.8313
0.824
8.35
0.5088
0.0827
-1.2101
1.39
0.67828
2.46797
0.8675
-1.387
0.12991
0.99046
-1.397
1.92191
-2.46655
-2.56983
0.42334
2.31649
-0.7268
1.66e-06
-1.93351
-8.41245
13.48108
0.09038
2.2956
8.16045
1.14
3.50752
-3.989
-5.32723
-0.20138
1.09769
-2.48
0.24712
0.62714
0.71743
7.57627
-1.34794
-0.16793
5.05077
-0.829
-1.60221
1.562
NA
-1.562
0.94081
-3.24054
0.08523
0.75723
0.80646
-3.33094
0.46877
0.9168
1.69344
-7.20091
-1.61531
-0.80351
-1.39975
0.53345
-0.0601
0.54637
-4.5579
-2.40945
0.2069
1.6173
-2.12
2.51871
-2.17
1.45259
-0.33839
-1.77529
-1.908024
-0.3356
-1.4584
2.08501
0.697773
1.95858
0.59453
2.86022
-2.3328
0.01596
0.5988
-0.872
2.6783
0.778859
0.98
0.634
0.651
0.207
-2.09729
0.0341
-0.7639
0.91858
-0.26637
-1.52
-0.75691
2.68
0.1686
0.5088
-0.40825
0.60902
0.722
-2.48706
-0.7107
-0.0446
3.88275
-2.46246
-5.75956
-3.89943
0.12877
1.28627
0.13494
-1.40079
2.37645
1.51248
6.3451
1.60313
NA
-0.10259
-0.48615
0.416
0.75
0.71929
-0.18354
-0.72761
0.3231
1.40652
-5.55772
NA
-0.49294
0.55845
0.02922
2.1189
0.283
1.22838
4.59206
0.192945
-0.27513
1.829
1.27847
-0.1694
-0.87
1.1085
-2.57
1.75
-3.2947
NA
-2.4725
-1.131554
-3.39359
0.4212
0.01507
0.40697
-4.90406
0.336
2.25
2.54795
1.3091
0.64724
-0.541308
1.137812
11.3029
0.8433
-0.187
-5.3697
-0.225
-3.168
-1.25
0.18242
-0.87558
2.42
0.7461
0.14818
1.51178
0.60543
-2.8398
-1.50483
-2.27358
2.87
-0.493
0.4632
0.698
1.69
0.21257
1.8846
0.82603
1.6956
-0.5119
1.0677
0.265
-2.9996
-0.32877
0.94199
0.16271
-1.15
-0.210859
-1.1959
-0.9067
-0.2779
0.24443
2.92069
0.59428
-2.65156
-0.8006
-0.581
4.81483
0.381
0.71073
-0.24633
4.5189
-0.5504
2.52
2.31696
-0.877
-0.961
1.26
-2.16726
-1.8423
-0.08114
-0.60002
-2.71
-0.886
-1.2174
-0.24201
0.6714
1.61
1.20116
2.00033
-2.59472
1.85349
-1.3961
-1.387323
3.40876
0.695
0.26404
-1.93991
0.98955
0.79324
-1.6122
-0.5793
2.58
-0.35983
-0.88627
6.82444
0.55159
-0.4498
0.73215
0.51989
-0.33188
-1.78262
-0.19515
-1.9759
1.14476
1.94474
-6.15981
-0.59729
1.6612
-5.25271
-1.81492
0.0065
-1.12
-0.57023
1.535
0.046184
-1.42285
0.76717
-5.68685
0.45879
-0.06292
2.27526
-2.29
-0.22049
-4.5391
0.38395
0.2361
1.60615
0.294
-0.334
-1.4571
-5.189516
0.516
-2.57006
1.17558
2.49576
-0.6961
-4.70452
0.5403
-1.7006
-0.52335
-4.61644
0.4354
-1.08
-0.11699
-0.2326
0.01008
-0.07375
1.07406
-2.40529
0.2256
-0.63295
0.17154
0.44817
0.7597
-0.666
-2
0.893
0.39282
2.11928
-2.11006
-2.73784
-0.372
-1.41
0.417
-0.812
1.34
-1.73678
1.78757
-1.25072
-1.89
4.50176
1.10636
NA
-1.19761
-0.57454
-0.2927
2.19
0.21016
0.9016
1.95
-0.181
-0.106
-1.81595
1.1643
-0.3355
-0.309
0.57483
-0.9313
1.7951
0.371
-0.356395
1.44585
-1.83475
4.1074
4.83
1.03
-1.84
-1.91
-0.91
-0.85424
1.30881
1.438
-0.9904
2.00951
-1.1765
-0.6569
1.5547
-1.7492
-0.95921
2.91441
-2.14607
0.18996
-0.97228
1.42841
-2.5684
1.20155
-1.50498
0.534
-1.19
-0.6429
-1.11578
3.526
-0.2031
-1.94883
0.264
-1.64586
0.10945
4.11
4.87
-4.27
0.29556
1.91363
-2.4165
0.269
1.3562
0.2132
-1.579
0.57795
-1.89
0.93447
0.55721
0.42008
-25.2
-4.996
1.3899
-0.329889
1.722388
-0.837
-1.02775
0.9808
0.9218
-1.76423
-0.98753
-0.164933
2.04186
6.34839
10.83929
-1.0435
1.52283
0.05143
-1.26549
-3.07133
2.31991
-1.577023
0.722
-0.02715
3.2333
-2.6642
0.6601
0.76229
4.3822
0.844
1.04988
2.1849
-0.48
2.76239
1.18331
-0.579
1.43797
-1.95
-0.276
0.0406
0.1369
2.90271
0.19949
-0.537
0.31844
2.324762
2.62
-1.05
-2.8198
3.36278
-0.469
-1.7305
-0.0196
-0.55088
-0.729
-1.3063
2.54395
0.3287
1.4504
2.6076
5.2731
0.98814
1.64716
-0.4492
1.9332
2.1214
-0.92667
3.05
4.27287
-0.464
1.89224
2.37
-0.204
-1.30165
-0.44747
-0.82342
2.05368
3.31366
-1.66
0.0072
0.87886
1.4189
0.2113
1.321181
-1.3284
2.17306
1.31062
-1.26068
1.76
0.909
-0.594
1.6493
-0.77993
-1.30249
0.76813
0.3445
-1.92
-3.46
-1.2273
0.45636
1.71648
-1.3728
NA
NA
1.52735
-0.05601
-1.33653
-1.38929
-0.45428
2.07975
2.7239
-1.91398
-0.262
-0.202
0.8091
-1.00103
0.02747
3.61419
-0.54826
0.70944
6.78989
-1.7924
-1.96
-0.02657
-0.95197
-1.41325
0.201
-2.88
-0.5348
0.798
-0.28445
1.58
-0.0524
3.58
1.4398
0.42231
0.4985
0.76851
0.105
-1.01643
1.58745
-0.4545
0.10871
-0.157325
2.01185
5.85112
-0.44335
-1.0548
-0.9564
1.62775
1.57473
1.4817
4.7877
-2.63218
-0.041266
-0.16252
-0.38225
2.183704
4.58839
1.32744
-1.91392
-2.53049
-0.0445
-0.641
-0.38212
2.27251
2.03161
0.13349
2.15516
0.77226
-1.13879
-2.01905
2.33
-3.9731
0.0759
2.72005
0.795
0.7383
-1.36298
0.233
-2.9398
0.177
-1.58206
1.91
0.163
-0.6706
2.69009
1.51
0.0842
-0.0374
-0.236767
-2.11816
0.729
-1.72529
-1.83728
0.501
-1.98047
3.07286
-0.699
-0.3729
-0.6582
-0.99987
-0.191
0.66562
-0.11801
1.24881
-1.78716
2.15448
0.69302
-0.226
-2.8506
-1.18858
0.04959
1.96419
-3.16114
-5.29268
7.243
0.6927
-2.48666
1.66853
-2.24851
1.071
0.99272
-0.40093
-0.12558
-0.12525
1.82417
-0.094101
-0.0901
10.68998
-1.12245
0.46
1.00005
-2.11736
-2.05148
2.1442
-0.88042
1.1777
5.5646
4.12002
-0.9139
-2.69634
2.20234
-3.4366
-4.23896
-0.53156
1.66031
-11.7298
1.29
1.38
-0.676156
-0.87243
2.77399
0.20308
0.9781
1.29813
-1.22147
0.23065
-3.24257
-0.12494
5.7227
-1.9535
-1.1483
0.18334
-0.6001
1.29
0.0821
0.83694
-1.33
-3.21
0.086028
1.57533
1.92214
-0.0998
-1.39327
-1.12232
3.06361
0.6138
3.12
1.77
-2.47268
5.16614
-0.2416
-1.58978
-0.65083
1.3338
-0.4486
-1.20338
0.6541
1.95034
-0.49547
-0.17803
1.37831
1.00962
2.08877
4.02105
2.354
1.77076
-0.523
0.828
-1.29631
-1.25122
-0.48154
-2.4409
-0.6994
2.1321
-2.0217
3.0227
-1.05839
-1.99208
0.97704
NA
1.26928
2.24552
0.83339
-2.2331
0.0669
-1.5098
-0.52744
-1.0426
-0.87516
-0.86154
1.66137
-0.07135
-0.6055
2.9327
2.0155
1.63094
-2.6603
1.4891
1.97027
0.3007
0.50728
5.94294
3.0032
0.73453
NA
-0.1607
1.25758
-1.40596
1.24109
-0.5965
0.4719
-1.3257
2.44201
0.42986
3.78382
-2.87244
5.10565
2.4601
2.47008
-2.3999
1.29095
-0.00338
-0.51802
-1.1517
-1.50479
-0.52743
-0.86027
1.0746
-0.73657
-0.37059
1.40624
-1.06775
1.81187
0.37809
0.5792
0.38537
-1.6433
-1.91205
-1.2134
2.32632
0.96566
-0.02413
0.01468
2.57708
1.13536
2.1898
-1.45719
0.47593
0.40102
-1.50186
0.65885
-0.57832
-2.20726
0.61829
3.62027
1.56502
-1.23601
-1.70127
-4.77214
2.75806
2.51719
-4.1583
0.28812
2.90015
-0.40074
0.73267
-2.38322
3.36957
2.20527
-0.1742
-0.19613
0.34817
0.84204
9.39817
4.91163
-3.47133
0.15693
-2.89613
-0.16977
0.87205
2.21691
-5.43717
0.03079
0.22425
0.16489
-0.2385
-1.37593
0.028
1.41068
-0.93064
1.43287
0.27408
1.6883
0.1509
-5.45404
0.13143
3.92506
-6.18759
-3.82847
11.55893
-0.36991
4.90458
-1.30991
0.24772
-0.40108
-2.53002
1.1204
0.55726
1.04631
-0.16722
-0.60774
-0.73145
-2.92128
-1.20589
-0.20445
2.2446
1.93755
4.59121
0.17262
5.84377
1.56917
-1.6536
0.3155
0.84102
0.05308
-0.93279
-1.14406
0.61372
-0.80117
2.20733
-1.00894
-1.3128
1.04965
-0.16535
-2.03986
1.43439
1.3335
1.7666
0.35385
1.4307
0.38505
-0.32369
0.63012
-0.97061
-2.30076
3.768
-1.17671
-3.65789
-0.49547
0.59709
-1.38355
1.36157
-1.50571
0.74923
-0.34284
-3.93409
4.41705
-4.20839
0.18398
-2.10617
0.65766
-0.73552
-2.14379
-2.14168
-1.34559
-2.29989
2.65167
-0.52613
1.65768
0.36115
1.20167
-0.43297
2.02838
1.29161
-0.09329
0.2594
0.6949
0.3076
-1.448
2.4163
-0.5546
1.5995
6.078
-0.72832
-0.29597
0.5732
-0.87123
0.57566
-2.41879
-0.8511
-1.34015
-0.14386
0.42852
-0.11746
-1.3756
0.7611
6.0809
2.2509
-5.8622
0.169
-1.6718
2.7701
3.0645
-2.7673
0.7934
1.4362
1.2708
1.0951
0.7003
1.8469
1.0867
1.2686
-1.3242
-1.1232
0.2512
0.4267
-0.8857
-1.6832
1.308
-0.8008
1.0186
0.3607
4.3392
0.619
-3.2507
1.2364
4.4409
0.4361
3.254
0.9891
-1.3709
-1.2968
-1.6886
0.1714
-1.0843
1.0459
1.7673
-0.2055
-0.4904
0.1054
0.3567
4.5576
1.0798
-2.7925
-4.339
-5.1301
3.0843
-0.1471
1.0213
-5.221
-2.6445
-0.473
-4.6639
-1.2317
1.2736
-1.3752
1.1937
-0.5926
-3.9118
1.2529
-1.7027
1.4744
-2.6876
-1.4867
-0.3379
-0.3454
-1.496
-3.8085
0.2555
0.1622
1.2669
-0.144
0.5635
2.0191
-0.0772
0.5486
2.8003
-1.4303
1.8112
-1.2518
1.2241
2.2154
2.8143
1.301
2.2783
-0.5066
-0.9346
-1.6309
-5.7668
0.1392
-2.5763
-0.084
-0.7513
1.122
0.2822
-1.4191
-1.8364
0.4359
2.4842
-1.4117
-1.4774
NA
1.6944
-1.105
-1.2765
1.1512
0.2473
0.9005
1.6289
-2.224
-0.7527
0.24812
2.63629
-1.40419
-1.33811
4.08977
-0.73097
-0.93566
-0.76888
-0.44189
0.98623
1.32324
-3.43409
0.9421
1.40071
3.53331
-0.0444
0.61246
0.81946
-0.1024
-0.62582
2.99978
0.85532
-0.56912
-0.50156
-4.88415
-1.03241
-0.30614
-1.80594
0.51559
-0.07306
-0.48638
-0.84285
10.06555
-0.51142
0.45658
0.0832
-3.49601
1.0181
-1.74292
0.58386
-2.27584
1.67224
0.17092
-3.18007
3.30321
-1.0381
-0.56628
5.31129
6.35995
0.11384
-0.95062
-1.03217
0.48013
2.1338
0.13599
-2.32386
1.36991
-4.08061
-2.72554
1.8189
1.48806
0.33541
-1.22218
1.0751
-1.82995
-0.82699
-1.3517
-4.00746
3.23541
-0.01452
0.50056
-0.44911
1.4151
1.14251
0.196
-1.20368
7.12338
0.42368
-6.6244
-1.93906
-1.92762
-0.9546
0.94288
0.3424
-1.69
0.713
-0.313
0.497
-1.96
0.326
1.35
-0.129
-0.413
0.187
1.62
1.01
-1.7153
4.45
-0.79
4.11
-2.88
2.36
1.14
0.428
1.54
1.89
-0.0451
0.607
1.64
0.263
-0.145
-0.216
0.776
-0.886
-0.767
2.7
0.237
-1
-1.52
0.208
1.38
-0.54
1.54
1.15
-0.43
-0.23
0.214
-2.1
-0.767
0.551
1.44
-0.544
3.76
-1.48
-0.203
-1.96
0.185
0.428
0.106
1.14
-2.3
0.113
0.55
1.29
-2.34334
-0.3535
-0.0118
-1.42928
0.66268
2.85514
0.39936
1.21074
-1.1903
0.4833
1.00148
0.0159
2.1388
0.67623
-1.73976
-4.96926
-4.02702
0.12954
1.02852
2.02684
1.01091
-2.21757
3.79879
-0.83948
-0.04351
-1.12859
0.42656
-2.48304
2.79884
-2.07207
1.25727
-0.6748
-0.0611
3.2311
0.3856
-1.209
1.2242
1.27
-0.734
-0.4682
1.1882
0.588
-0.7991
-1.0279
0.3428
0.4773
1.9085
0.2848
0.4898
-0.3709
-0.6094
-2.8646
2.1799
-0.8115
-2.0542
3.4582
1.5701
-3.1595
5.5643
2.5767
0.574
0.7912
-1.0212
-0.8042
-3.369
-0.8592
-0.1863
1.0102
1.7155
-0.76945
-0.90704
-3.19915
-2.29343
10.43522
3.20613
-0.1641
3.23568
-5.13191
1.29542
1.73855
1.67762
2.05631
-1.24413
-1.66555
1.57102
-3.21208
2.84984
0.07792
1.48448
0.69844
-4.23379
-0.159
1.25772
0.27553
-0.46852
2.78744
1.69546
-0.82745
-0.26226
-0.01587
-0.08681
-0.6457
-2.17703
2.90936
-2.55716
-4.18048
4.5962
-3.96678
3.91918
-0.14092
-1.9144
0.6427
-0.19158
-0.73652
-0.26733
0.18354
5.36971
-2.7307
1.045
-0.46955
0.8923
5.19281
-4.10122
-1.43361
-0.90794
1.01904
-0.59866
-1.01399
-1.204711
-0.2547
-2.892755
2.582338
-1.246968
-0.265962
-2.461987
0.456
-2.593069
-0.1251
1.379497
1.396971
-0.5484
0.38367
-1.016479
-0.824554
0.5493
-4.478955
1.865537
-1.289662
0.721896
0.858641
0.201347
-1.141504
-0.631855
0.392167
-1.141676
2.437804
0.523572
1.344507
-1.00236
-8.428111
-1.059972
0.23351
-0.69967
-0.26926
0.7518
-0.96594
0.46466
-1.0021
-6.40604
2.26729
-1.65096
1.46046
-0.51776
-3.8055
-2.80914
-1.16086
0.24276
2.39212
-0.53555
-1.93006
-1.72851
-1.82596
-2.16649
-0.5544
-1.70921
2.12221
0.46849
1.61441
-1.45722
-2.73752
-0.80971
0.19018
-4.37835
2.29183
-1.65712
-1.4971
4.4578
-1.9412
-1.0607
-0.26375
-0.99696
6.31275
-3.7347
-2.33246
-4.31396
-1.81729
0.123
-1.35733
-0.45709
-0.23576
1.7298
-5.03846
2.8139
0.78203
2.5468
-0.35399
-2.29999
0.18968
-2.7957
0.39071
1.22215
-0.48904
0.65609
-1.1328
-0.358
2.49511
-4.51615
23.44118
0.0922
22.73925
-20.43823
-6.79295
8.23998
0.90248
0.62722
2.0869
-0.58262
0.42579
-1.57707
-0.80642
-1.7645
-0.3145
0.8184
0.75491
-2.90815
-2.30423
1.562
-1.54586
0.20933
-0.87916
1.75287
-2.00068
-0.52376
0.1219
1.60967
-3.3153
0.83747
1.37743
-0.13613
3.20081
1.87682
-3.91543
-1.82202
-1.19762
-4.27093
2.24139
-2.16311
1.81678
-0.11149
0.30027
-0.7904
-1.22252
1.14164
1.32493
-0.92091
-2.1339
0.81023
0.9907
NA
NA
-0.26933
0.11993
1.79247
NA
2.20902
NA
-4.0995
4.0249
NA
4.10116
3.08261
1.31193
-0.02549
-1.0909
1.42121
-0.45864
-0.57441
NA
-0.13248
1.7646
-2.4812
0.53684
1.96006
3.06573
5.12634
-0.9013
-2.22019
-2.38139
NA
-3.42345
NA
-0.2697
NA
0.2263
NA
-0.828
-0.0122
-0.252
0.951
1.46
-5.98
-1.48
1.23
-1.17
-1.63
-0.109
-1.43
0.485
-0.294
0.693
0.197
-1.65
0.534
0.703
1.17
-0.325
0.892
-1.5
1.32
-4.26
-0.908
2.18
2.18
2.13
-0.536
1.24
1.53
1.9
-0.873
1.84
-0.246
2.29
0.704
-0.52
1.52
0.90951
-1.08047
1.61848
-1.15355
-0.8171
-2.07407
0.91863
-0.90614
-0.7057
1.35579
-1.24015
-0.5384
-2.12274
-1.32137
0.35051
1.04283
-1.45006
-0.48324
-1.43406
-1.7108
3.26288
-1.50487
0.1721
-5.39992
0.4595
-1.15934
1.28784
-0.44637
4.0272
0.20853
0.40466
-1.52904
-0.12375
1.49472
3.12615
-1.61966
3.0492
3.52713
-3.87437
-1.08
-2.67
6.67
-0.317
-1.9
-3.55
8.26
7.61
2.31
-2.38
1.89
-0.734
-0.276
-0.157
4.02
-0.145
-0.269
-0.944
4.69
3.46
4.85
-2.08472
1.21
1.05365
1.79
3.6
-0.89
2.28
-0.954
-1.89
0.722
2.5
-4.22
-0.194
2.05
2.17
0.407
0.0994
-0.263
-1.25
-5.91
0.816
2.43
0.185
3.2
-2.09
0.0359
-2.69
-3.17
2.32
-2.92
1.31
2.33
2.19
-1.2
-2.98
2.63
1.81
0.781
2.05
1.89
0.365
1.39
-0.367
-1.98
-0.0709
-3.76
-1.06
-1.6
-1.24
-1.99
1.08
-3.14511
-0.957
0.275
3.41
-0.574
1.03522
-1.24403
0.68237
1.30561
-1.2546
1.1977
5.11549
1.28821
0.05163
3.87344
-1.34126
-0.6101
-0.48277
-0.93306
-0.15021
-0.96714
0.08974
-1.01101
3.4933
0.8844
-1.68792
2.11927
-1.43059
-1.2736
0.0394
-0.29817
0.82812
0.3732
2.44828
0.2753
-0.1545
0.03433
-0.51684
-2.33421
1.07987
0.6346
0.79366
-0.15459
0.8561
-2.0841
1.72457
-2.9683
0.41111
1.08866
-0.1469
-0.82514
-1.30235
-0.83944
-0.28585
1.15864
-0.21155
0.60649
-2.04697
1.47782
-0.05287
-0.33973
0.40189
0.56455
-0.03408
-2.15337
0.18823
-1.58871
-0.7493
-1.19753
0.08446
-0.40865
-3.71942
-1.18932
-1.786
-2.94089
-3.84297
0.61925
1.16138
2.07526
1.3502
-1.53656
0.64362
-9.5169
8.06591
-1.21684
-0.23838
1.34989
2.39467
-1.47932
-3.01497
1.4547
-0.9399
0.91728
-0.73125
0.59519
0.37069
3.26506
1.63284
-1.0669
-5.16289
3.86039
1.13501
-0.22606
-0.09688
0.813
1.3497
-1.19819
-1.12
-0.14371
-1.16877
1.58556
2.43285
0.58607
-4.44701
0.66583
1.22
-1.63474
-0.38776
0.543
0.26946
1.09488
0.30522
0.35404
1.56765
0.2891
-1.43098
-0.5088
-1.58975
-3.39
0.15359
1.20482
-1.36404
1.004052
0.05208
3.5824
-0.2952
0.76367
-1.02742
-0.582
0.118
-0.741
-6.69
0.974
-6.15
0.5432
0.255
0.702
-2.82038
-1.7246
-2.33376
-1.45995
2.1837
-1.36628
0.82395
-0.8676
1.27218
0.78319
1.12539
1.41998
1.4499
-0.13219
0.13771
2.48544
-0.57146
0.67468
3.20801
-1.53609
-2.28299
4.93521
1.14871
-2.93905
1.07968
1.13724
-0.74124
-1.37446
-3.53987
-4.01689
-0.85005
-1.64734
1.12657
-1.07588
-1.16805
0.541
0.0527
-4.62
1.6
-0.0216
-3.63
1.03
1.77
0.16126
0.3535
-1.9114
1.4716
0.5739
0.8165
1.0401
3.7493
1.5496
-2.4403
1.4062
-5.3403
-0.91813
-10.55487
0.90489
0.694
1.64973
-0.05753
-2.8746
-1.02876
0.67936
0.675
-2.09
-0.0889
1.16
0.142
-1.77
-0.48149
-0.09849
-1.4731
1.2907
0.42634
1.112
-6.82527
1.5576
1.2783
2.75698
-2.1697
1.10328
2.0133
-0.67638
1.66166
0.12318
-0.249
0.847
2.68
-1.30055
-1.09901
0.56602
-0.4499
-0.45419
1.0586
1.53952
-1.0127
-1.3978
-2.1598
0.7019
2.16143
-0.842
-0.7299
-1.8038
-4.44699
1.262694
1.67542
-0.12242
1.6211
-0.28706
1.2968
2.05392
-3.06394
-0.17835
1.99023
-0.899
-1.50207
-5.32477
-4.13567
-0.4568
-1.24764
-2.24336
-0.9154
2.34
0.62375
-0.20803
0.9787
4.14991
0.053
-2.531307
-0.627
-0.0662
-0.7584
0.36477
0.1567
-3.44
4.3
1.5
0.879
-1.87053
-0.47285
0.83875
-1.27
0.24708
1.2393
-2.2375
-0.8209
-0.9742
-0.4704
-0.4838
2.9197
-1.6741
0.3094
2.12595
-0.93033
-0.32834
-0.3747
-1.1438
-0.0707
-1.68
0.993
1.56
3.07
0.0249
2.43
2.32
-1.54
1.16
1.2
0.483
-0.36794
0.23717
2.0949
0.00406
-0.593
-1.8005
-5.4028
0.2975
0.8878
-2.8084
-0.8025
0.061
0.33674
5.0133
-2.9172
-1.56684
0.73221
-0.20171
-0.83496
0.54662
-3.96799
4.58952
0.6004
1.53062
-2.32
0.7107
-3.27576
0.27167
0.6405
-0.32361
-0.12044
-1.18106
1.77317
1.75992
-0.3862
0.181
0.503
0.768
0.249
-0.443367
1.6746
1.81204
-1.08535
-1.96227
-1.68753
0.0549
-0.6303
0.344
1.61
1.86
3.9191
-0.30533
-1.24903
0.37701
1.67775
-0.0221
-1.61761
-0.14717
-0.72143
-1.92922
-2.67126
-2.63411
1.41515
0.25694
-1.16293
0.79764
-0.83566
-3.10798
1.26
-1.41649
1.11578
-1.16
1.54
1.02
-1.312924
0.26145
-2.24153
NA
-2.24976
NA
0.41655
NA
0.86674
NA
0.08264
2.00366
NA
1.21837
-2.25559
0.53695
NA
2.9758
0.44365
-5.72363
1.85235
-0.4791
0.7112
0.0696
-2.68548
-0.48404
-0.62928
0.59724
2.90076
0.179
0.655
-0.788385
0.2281
-0.3928
-1.8904
2.8128
-6.96362
-2.65588
-1.12915
-2.25292
-0.6906
-0.78011
-0.882
0.5472
1.57513
0.63656
0.65315
0.13821
0.58151
-1.66878
0.99993
1.40982
-0.85489
-1.30953
-2.6117
-3.1469
-0.587
1.91
0.188
0.0887
0.111
1.8
2.62839
4.44046
4.01435
0.07288
-2.2104
1.10559
-0.53053
0.76055
0.8824
-2.0032
2.54694
-0.70651
-0.18356
0.2361
-1.48206
0.31179
0.93602
0.66818
-0.00369
1.4348
-0.00401
0.37934
1.49911
2.48095
5.48551
2.73342
1.40535
-0.74074
-3.12821
-2.21249
0.73872
5.91531
0.78185
0.53001
-1.9063
2.99012
-0.9177
0.1874
0.196
-0.9468
-4.33088
0.5675
-0.9177
-1.72902
0.36463
0.4027
-1.3421
-2.4861
-1.27051
0.98066
0.12791
3.06321
-7.88968
8.4246
1.49628
1.6062
0.74824
-0.157
-3.04195
2.43
-2.19624
-2.02429
1.16702
-0.2245
4.83707
-0.26672
-0.21821
-0.27344
1.18283
0.11382
0.19188
2.18026
2.61871
0.9
-1.97
-1.44
2.078055
-0.146877
-0.6329
0.10342
-1.69288
-1.23566
-1.59195
1.19964
7.14222
-0.7107
2.9533
-1.5886
1.5808
0.75
-0.74644
-3.4271
-4.14
3.84
-3.87
1.93
2.63
0.691
1.55
-2.00803
-0.148619
0.87057
0.77725
-2.32325
1.43363
7.54617
1.54607
0.4872
-0.2741
0.48369
-0.27912
-0.16264
-0.35413
1.5931
-0.76139
-0.53
1.51
2.61
-0.219
-3.07
-2.31
-0.834
1.27
-0.158
0.176
0.441
-1.22
2.32
1.48
2.17
0.9227
-0.9507
-0.9224
2.0545
-0.5766
1.3114
-0.8692
2.0017
0.7256
-1.2863
0.5606
-5.2116
-0.7946
-0.3288
2.03741
-1.6663
-0.97
0.0144
-0.5556
1.2889
0.250111
-0.15206
0.05768
1.0976
-0.18121
-3.1944
-0.51731
-0.65341
0.473
-0.08702
-0.40673
-0.939
-0.299
-1.06
-0.43702
-5.24142
-0.2049
0.1287
-1.30667
-2.1909
0.91719
-3.24508
4.8831
-3.95206
4.45281
-0.4668
0.01142
0.58078
4.14598
-1.4174
-3.61073
-3.91693
0.10141
1.44107
2.11262
0.09346
0.20222
0.40608
1.4707
1.4085
0.57755
-3.34327
-0.788
-3.7104
-0.3899
-0.16419
-1.4339
-1.58228
1.35
2.30805
2.62
-0.87892
0.8802
1.73529
-0.0818
2.16485
3.28484
-1.26807
4.92
-0.77706
-0.42862
-0.0622
-1.6524
0.28112
-0.79556
-0.76606
-3.23533
-0.5029
-0.52737
1.07488
0.4971
2.18068
-0.22929
2.6354
0.67788
-2.83293
2.52651
0.82295
2.22149
1.62637
-0.0616
0.947
-0.3248
-1.68035
5.4857
-1.5988
0.2616
-5.662215
-0.49407
1.79827
-2.95139
4.03381
-3.93236
-0.20574
-0.5113
1.45546
2.87423
3.0422
1.1691
-0.2684
0.4006
4.26
-0.1504
1.36597
-0.42707
-0.05784
2.51103
-2.1732
-0.75235
-3.22804
-2.17853
0.59456
-4.97
0.109
0.28972
4.93669
-1.88495
4.03181
0.125
1.16
0.549
0.5817
0.00225
-1.94793
0.385
0.30274
0.05671
1.03
-0.366
5.72776
-1.11124
-0.1825
-0.6158
1.24
0.6551
-1.82056
-2.81031
-1.71675
0.21685
-0.62778
0.4021
-0.28817
1.95
1.18234
0.65687
-1.11176
1.73289
-1.05221
-1.4179
3.3632
1.45096
0.82329
-0.54445
3.79
-0.325
0.931
-1.48
-4.44
-3.22
0.0421
-3.71
2.21404
0.60792
-14.33682
0.112
-0.96
-0.270597
2.77836
-0.50607
1.01431
-4.39359
-1.24
-4.6748
-1.5821
-0.9717
1.5716
0.4336
1.02974
-0.3071
1.8225
-0.94388
1.2816
-3.14507
-0.09973
-0.0859
-0.383
-0.13218
0.62315
-4.6961
2.41281
0.81749
0.0663
-0.9067
-1.26623
-0.4827
1.21676
-3.41498
-0.71454
-0.92911
8.0643
1.3926
-0.4267
-1.01858
1.18967
3.50214
-0.24861
-1.30903
2.436055
3.83838
0.95028
1.4868
0.489
0.03811
1.48341
-1.63972
-0.11253
0.22473
2.19
-0.74085
0.7085
0.9871
-1.62417
0.164
-1.02
-2.1743
0.524
0.6512
1.3686
1.28532
2.09588
-1.51386
1.88
2.26912
1.473
0.4339
8.979
3.39814
-1.61614
0.05423
0.33919
0.77451
1.20239
0.62349
1.2752
-1.7605
-3.1696
-0.5021
-1.82615
-0.56545
-0.35938
0.1453
0.9441
0.3467
1.66422
-1.06816
-0.31226
-1.23554
-1.6554
-2.58453
1.7295
-2.13858
-0.71727
-2.44841
-0.58648
-0.9141
-2.6208
-0.38297
4.18896
1.01936
-5.24908
0.54022
1.27
1.14
-0.836
-1.75
0.6361
-1.8535
-1.2653
-0.4168
0.8592
0.2702
0.74404
1.07637
-2.04121
-0.88599
-0.75596
1.36811
0.15929
0.46735
-0.63265
-1.41845
0.4082
-3.01363
-1.11461
-1.71507
-6.3167
-0.904739
0.763825
-3.06977
1.6448
-0.76894
1.66852
-13.4
-0.59885
0.3927
0.80503
1.69
-2.23
0.4518
1.0806
-2.56329
0.207
3.6
-0.825
-0.294
0.792
0.831
-0.4
2.26059
-1.83648
-1.3166
-0.68031
-0.85554
-0.5704
-0.8716
-0.84449
2.8458
-0.14101
0.48541
0.43467
0.66697
0.75753
-2.08631
0.02708
0.46656
1.2254
-0.67445
-1.75527
0.95196
3.91201
6.64247
-0.60186
-2.56504
-0.79788
1.43832
5.31483
0.74828
2.696394
-1.15
1.59
-0.08784
0.6701
-0.5999
1.2651
0.8696
-4.0202
3.3182
0.58592
-0.08242
2.0245
1.0103
0.3754
-0.19222
0.6047
-0.88707
-2.06975
3.61
-0.744
0.478
3.43
-1.06
1.21
2.47
0.425
3.47
4.34
3.68
-1.89
2.77
1.23
-0.4
0.93
-0.18184
-0.90858
1.07716
1.78262
0.18195
-1.53954
0.29039
1.1819
-1.76732
-0.75187
-0.57889
-0.4566
1.07827
0.905
-2.51
-0.174
-1.04
-1.63
0.482
1.23
-0.926
0.545
3.67
8.42
-2.6083
-1.9871
-0.7633
-0.29112
-3.56762
-0.7735
-0.90747
0.76289
-0.77238
1.2385
-1.73316
-0.729
-1.068
-1.27744
1.03567
-1.04
0.945
0.332
0.225
-0.357
1.5983
-0.0066
0.33148
-0.2486
-2.43006
2.76678
3.61766
0.10755
-0.02625
1.05949
-4.20529
2.05872
-0.21489
0.44236
2.95373
1.88297
0.5048
-3.29734
1.32328
-0.4475
5.35507
3.41859
1.78405
-0.74294
-0.4985
0.8907
-0.5562
-0.4627
3.94754
-0.2162
-2.44428
0.35842
0.23994
-0.97139
-0.53198
-0.18859
1.83868
-1.44578
-1.23076
-1.6876
0.6924
-0.10005
0.73465
2.5863
1.21532
-0.79451
1.54802
2.9786
-1.30233
-0.67245
NA
NA
NA
NA
0.849561
0.649732
-2.358185
-1.137443
0.50554
-0.7824
-0.03819
0.4658
-0.51233
-0.8947
-1.73321
1.9529
-0.7475
2.5473
-1.376388
-0.27411
-0.44624
3.66528
0.78761
0.326
-4.1246
-1.1063
-2.3058
5.1315
-5.289
-2.0499
-2.2121
1.8476
-3.8469
-2.965
-1.0734
3.978
0.6435
-3.146
1.0791
0.5724
-1.452
1.9784
-0.1783
1.33438
-0.70253
-0.311
0.04336
1.83087
-2.71675
0.965
0.479
1.39
2.16
-1.51
-1.55
-1.5
2.19
3.8955
-1.0262
-4.3591
1.5786
-2.4771
1.8333
0.482
-0.6505
-0.2839
0.0607
1.5659
-0.9909
-0.12226
1.8987
1.2136
0.4547
-1.367
1.6988
-3.1913
-1.35
0.256
-0.501
3.13
0.614
-1.07
0.41
-2.27
0.725
-1.63
-0.606
-4.37499
-6.38125
1.18501
-2.6569
1.3959
3.359
-0.7532
-0.9261
0.168974
0.432902
0.195576
0.344137
-0.545979
-1.371917
0.178097
0.780535
-0.411376
-1.491086
0.233665
-0.948142
1.0287
0.016179
1.919629
0.496595
-0.077768
0.718693
1.563314
-1.585553
0.990321
-0.2188
-0.510439
-2.923054
0.996477
-1.320959
-0.08883
0.425361
1.25
-0.99555
-2.21925
-0.7263
0.44997
-0.1129
0.73315
2.83869
1.21961
2.82592
3.59494
1.19465
-0.66635
2.36583
2.57313
0.68936
0.8338
-0.98817
-3.89926
0.33767
-0.308
-1.67984
-2.41445
1.47469
0.50156
0.21486
2.11624
1.43086
-1.44401
0.98528
-0.60872
-2.71712
1.06882
-0.63739
-2.112
-0.20926
-10.9435
4.18951
0.13411
-0.89219
0.81137
3.99716
-1.54079
-2.07513
-2.13435
1.8886
-2.4728
-2.74392
-0.21625
-7.31446
-3.70667
-0.60631
-0.96685
0.561
-0.84495
0.07872
0.9533
-0.00146
-0.78936
0.03457
0.72258
0.39985
-1.02962
4.32619
0.9624
-1.09173
2.08807
0.54439
-3.5798
-1.3578
2.1294
0.135
-0.4953
0.0482
-4.4158
-3.4563
1.4239
-0.3461
2.5025
-0.6126
-1.4182
0.2141
-0.6174
-0.9904
4.5827
-4.1793
1.5758
-1.9218
-1.7822
1.8008
-0.211
0.443
-1.1624
-0.818
-2.3591
0.929
1.9364
-1.6545
-1.7319
0.3729
-0.6274
-1.8736
-1.6673
3.0944
0.9731
-2.8384
3.3583
0.3914
-2.3941
-0.3816
-0.1716
-0.6636
-0.4885
-3.0551
0.2411
0.3187
1.1517
3.9036
-1.4184
0.607
-0.4075
-1.1
0.1332
1.1659
-1.539
1.9981
0.948
-0.0479
1.78208
0.51744
0.4903
-0.58446
-2.86645
5.1121
1.8567
-0.3802
0.21339
-1.6621
-0.55871
-3.20445
0.4188
-6.59648
1.05212
-2.96238
-2.29651
0.64501
-1.48218
5.70594
2.36
2.0306
0.0752
-0.432
0.2659
-0.5693
-0.2657
-1.10428
-1.13233
4.6766
-2.32546
-1.60822
-0.01012
2.40733
-1.5206
1.32416
0.72525
-3.13426
-0.61849
-0.44493
-5.64936
-1.8309
-1.7602
0.24824
1.39537
-1.09393
1.5733
-1.5567
-1.7225
1.5236
-4.3831
3.20814
2.17359
-2.0184
-0.35219
-0.23356
1.53229
0.62564
-1.74152
1.03523
-2.76127
4.05039
-0.14512
-0.62855
-0.43048
0.83738
0.01336
-3.23867
0.69474
-0.80818
0.92449
1.40056
-1.7463
1.04238
3.8
-5.53741
0.14619
4.72317
-0.80029
-1.32259
-1.19832
2.13742
0.13473
-2.83378
0.2597
-4.43125
1.77723
NA
2.9257
2.0841
1.2041
-1.19934
0.58905
-3.1127
0.45316
-0.22303
0.77328
-0.33521
-2.14901
-4.46123
0.19703
0.49018
0.5225
-1.39281
-0.36064
0.37959
-0.49189
-0.65842
0.27132
-0.1036
-0.22013
-2.02097
-3.15111
-2.0776
-0.37229
-1.35246
-1.21505
-1.50695
0.29778
-1.10645
0.56018
3.09851
-3.43586
0.06343
2.30035
3.00013
-4.8909
-0.27404
-10.3482
-2.71134
2.23282
5.41559
3.01526
-8.38283
-0.156
3.49573
2.4791
6.36218
-1.06525
2.45128
0.88287
-4.35805
-2.33466
1.5397
-0.75931
-1.86451
2.44697
1.1438
2.47609
-0.05811
-1.99453
-0.82722
-2.45313
3.83302
0.92542
2.47296
-0.22892
2.89
-0.59868
1.3422
-1.24189
-0.16218
0.80525
-1.02
1.39
-0.95
-0.443
-1.06
-1.74
1.12
-2.11
0.264
2.29
-1.82
-0.591
-0.591
0.097
2.11
1.07
-1.36
-0.344
0.871
1.2
-1.09
-0.000909
1.23
1.76
-1.31
-0.353
-1.12
1.02
0.395
-1.36
0.813
-0.484
0.292
-2.27
-1.72
-0.77
3.13
0.755
7.92
-1.3827
-0.0557
0.914
1.16
1.84
0.713
1.28541
0.3665
-0.844
-0.0365
-0.2114
-1.2927
0.61437
1.18975
-1.6324
1.15874
0.4658
2.2908
1.0085
1.87709
0.59791
-6.01878
-0.30783
1.18419
3.655
-0.3691
1.79227
0.7675
1.2389
-5.7321
-7.87311
-5.57567
5.54482
1.35023
0.8042
-1.59685
0.075713
0.878733
2.648229
0.31398
-1.898575
-0.991198
3.301995
4.752799
-4.038416
-0.160584
-0.582955
-0.960831
0.438
0.498359
-0.217575
-0.693782
-0.559
3.12
-3.08
0.83
-0.528
-0.348
-1.26
-1.86
1.67
-1.54
0.891
-0.667
2.26
-4.21
-1.37
16.6
1.3
-0.75
0.0151
-0.368
-0.793
0.213
-0.0977
-4.29
1.36
0.597
1.73
0.712
-1.56
0.817
NA
1.72348
-2.08365
-2.8194
2.11
-0.769
-0.312
1.23
-1.28
0.261
1.16
-1.63067
NA
NA
-2.29664
-1.8738
1.40735
-1.95801
1.43
-1.78769
-3.75049
-1.51321
0.56501
0.44076
1.7259
-3.86111
-0.43527
-1.2109
-1.38335
-0.70572
1.4292
-0.7138
-0.05562
0.359
0.8104
2.35967
3.58
-0.377
0.195
0.253
-0.434
-0.214
0.855
0.501
3.07
1.84
-1.97
3.71
0.601
1.39
1.92382
-0.538
-1.797
0.9688
1.2537
1.8547
0.1454
1.0693
-1.889
0.1926
0.7779
-0.1864
-0.9834
-1.1754
-1.1868
1.4541
0.2993
0.9125
0.9316
-0.6216
-0.9941
-3.5297
8.39194
0.08925
-0.37813
0.3043
2.48782
1.90008
0.62901
-0.16424
-1.1835
0.06245
-1.63602
-2.21473
0.57129
-0.86793
-2.74988
-0.26277
0.01941
-0.01941
0.54886
0.12128
1.57873
2.74713
-0.13477
-1.9267
0.6818
-1.8229
-1.7557
3.8694
3.2602
-4.0338
1.5879
-0.1884
0.3925
-1.1149
3.6966
0.7882
-2.774
-0.8559
0.7544
0.7174
1.2781
-2.0392
-2.8655
-1.5039
0.9347
-1.2039
-1.40862
-1.1815
1.72021
-0.05973
-0.13143
1.35782
3.58777
-1.65539
-0.51111
-0.8709
0.96633
2.59082
-0.0456
1.07659
-1.93227
-0.77341
0.45211
9.2982
0.48189
4.41712
-2.53455
-0.03066
11.29294
0.14298
-4.05158
2.42786
0.70814
-1.56779
-1.02771
-0.04481
3.86969
0.3983
-0.07815
-0.65106
4.85627
-7.27593
2.98102
2.58039
1.59307
-0.96488
-2.68879
1.14534
-1.1271
1.68277
-0.13961
-1.86543
-0.39669
0.12304
-10.9736
-11.4701
1.3268
-0.47374
-1.4134
1.8464
0.6312
0.24524
2.3763
1.29947
-0.1073
5.81906
-0.872251
-0.0044
-0.02501
0.13468
-0.885
2.14
-0.57827
1.2133
-1.6
4.85604
-1.05035
-3.6246
0.80707
-0.86443
-1.49075
0.0248
-1.2147
0.5948
1.06376
1.94001
-0.20874
0.74349
-0.408
0.72374
0.41695
4.47
3.29819
0.36279
-0.0539
-0.4923
0.33503
0.2188
-2.32626
-1.270527
0.9739
-0.4326
-0.8273
-0.4723
-1.5029
-1.21
0.811
0.865
-0.0365
1.934007
-0.077753
1.716262
-1.45326
-1.31438
-0.25173
1.118662
0.377147
-1.24214
2.54
0.1687
-0.08021
-4.54177
0.8283
-0.71322
1.61
1.05
-0.295
-0.282
0.02
0.485
-2.3737
2.1698
0.9501
5.6347
0.3365
1.02
-0.391
3.16654
-0.92
1.21
1.46
0.433
0.784
0.5561
0.94785
0.0648
-3.60833
-0.457
-0.5582
0.7967
0.82996
-1.28207
1.17
-1.78
-1.01959
-1.29
-2.46979
3.25
0.157
0.863
1.07
-0.97986
-2.4698
0.00672
-2.9962
4.3836
-2.0203
9.7431
-0.217
-0.9556
-1.58
-1.92
1.24006
0.811
0.14696
0.72958
NA
0.55858
0.447
-1.52194
-0.209
-0.62365
-0.7996
-0.721699
-1.5448
-1.33
-0.853733
1.368169
0.702
-0.4545
2.01359
0.336
0.6851
-0.72
0.2
-0.63505
0.34396
0.4437
2.2406
2.04
1.5
-5.3144
-0.9549
-1.84602
-1.4972
-1.6852
2.7643
-0.7458
1.1597
0.582
1.7479
-0.57375
-4.31
0.83829
0.40328
-1.53
1.61491
-1.4541
1.3398
0.75498
1.23
-0.98435
1.6546
0.0258
2.8124
-1.6905
0.01707
-0.4489
-3.6074
1.0256
-1.39879
-0.31
0.4005
-0.18671
-2.7228
-2.26671
2.1343
0.31373
14.3
-1.28386
-0.35571
-0.4952
1.1833
1.1107
2.21029
-2.3437
-2.92
1.68032
-0.739
1.00869
0.063
0.43059
-3.54113
0.05601
-4.27966
0.9698
1.69558
-1.8745
5.06071
-0.13716
0.52467
-0.7023
-0.55582
1.37404
-0.91115
-1.06
0.0515
-0.2
-2.24
-6.37191
0.0509
-1.7216
0.68402
0.4379
-0.9977
2.5873
-0.016941
-0.20965
-2.16647
0.143
-1.8586
-2.493
0.303
0.634
-2.07
-0.1876
1.3289
6.22
0.036
0.207
0.592
-3.77
2.71
-1.1893
2.0795
-1.1
-1.00868
1.26355
0.28
1.0745
-2.0973
1.01553
-2.0188
0.93251
1.7977
-3.2291
1.95723
-2.061199
-0.115093
3.2459
-5.5812
-2.58048
-0.7899
-0.51041
2.00132
-1.4817
-1.00201
-3.87323
-0.05379
-0.05962
-1.93333
0.35303
-3.8801
1.3616
1.7942
0.2113
1.13676
-0.206
2.1526
-0.108
-0.2036
-1.4283
1.1126
-2.8415
-1.5631
-0.3735
2.46017
-0.113
1.46
-1.692
3.5736
0.53318
6.6797
1.96935
-4.2628
0.8217
0.40164
-0.8606
1.4313
-1.5138
1.36459
1.5806
-4.2889
1.04058
0.12568
-4.22
-5.81354
-1.04123
-2.11559
-0.548
0.654
1.33
3.1
3.7195
5.8692
7.23968
0.3047
-1.53633
-0.833236
-0.384
0.3459
0.82874
-0.84084
0.29076
0.0587
-0.15821
0.93785
-0.19433
0.16034
1.37
-3.39507
3.74
-2.2598
-1.73
-0.76
-7.79853
-0.596
-1.37066
1.28912
0.70433
-1.2
-0.29391
-1.25
3.0905
2.31312
1.2186
4.03905
-2.74172
1.753
2.1904
-2.89151
7.43
0.57467
2.84234
2.39119
-2.98516
-2.4843
0.66308
1.09
-0.5
-2.9
-0.407
-0.7137
-3.4257
-2.27
-0.62
0.00108
1.03
-0.1621
1.07719
-2.7864
0.43206
1.28737
-0.12907
0.1356
-2.59888
-1.5046
-2.13587
-1.9692
1.71523
1.8788
2.15534
1.19225
2.03
19.5
-1.10584
0.10729
-0.09754
0.84592
-0.02001
2.79041
2.55069
-3.5767
1.05347
0.85253
-1.05757
-1.655
-1.56088
1.70245
-1.2484
5.16902
0.435
-0.69508
1.65014
0.2567
-0.0847
1.56371
-3.7264
3.72913
3.8212
4.4521
-1.8438
-0.96523
2.8249
-0.071817
-1.35
-1.79336
0.83643
-1.72966
-3.59558
-0.83815
-0.40896
-2.25677
-2.77219
2.45155
-1.29317
-3.05446
0.57775
0.06251
-0.04933
2.23952
1.5089
1.28051
2.89755
-0.16676
-2.22584
-3.06126
-2.09519
-0.1162
-0.87272
-0.70777
1.04139
2.84663
0.14288
0.59518
-1.02687
-1.87458
-0.15045
0.03991
0.34575
-0.0449
0.42934
1.89161
1.00186
-0.7699
1.70099
-2.51935
0.17629
-3.01988
0.43893
-1.4567
-0.44296
0.20119
-1.19151
-1.0916
-2.80647
1.60852
4.03286
2.29949
0.48596
-1.05545
1.12
-1.71984
-2.85326
-0.02223
0.93959
1.42851
-1.95
2.62186
0.956
-1.1
-0.6253
-0.2262
0.288
-2.1127
0.1747
0.4537
1.4434
-2.77845
-5.11
3.4
-0.8545
1.55
1.41
1.74
0.39194
3.7784
-5.80338
-1.54411
0.3742
-4.57229
0.30986
-2.10534
3.63959
0.88369
-1.0135
1.93857
-0.4695
1.89912
2.41781
-0.1063
1.88849
-1.03787
0.209
-2.58696
-2.2174
0.43699
-0.98923
-1.95605
-0.50253
0.84617
-0.24992
3.04529
-2.368
4.14068
NA
NA
6.93187
1.68735
-0.29872
4.20043
-5.82504
2.2565
1.5739
2.6187
1.6964
-0.2325
-1.2725
0.2688
0.9641
-0.3421
0.85937
0.85029
-0.59059
3.59436
-3.12043
1.29943
0.24229
-0.04531
1.31814
-0.65407
-0.50722
-2.47844
1.26917
-0.89397
-1.22206
0.0774
0.8184
0.32851
1.02235
2.34976
2.22088
1.86211
-0.2838
-1.01995
0.55179
2.44305
0.98317
0.04072
3.10551
-0.36581
-0.14063
0.557
-2.08437
-1.5844
-2.20357
0.8443
-0.12338
0.50108
2.40286
0.11268
0.45439
5.67361
0.26367
0.61866
-1.27916
-0.91932
2.15669
0.30012
-0.32046
-1.24964
0.02321
-1.79624
-0.91245
-0.07723
0.0319
-1.89923
-0.326
0.873
2.13684
2.08
2.89744
0.2256
2.56661
0.69915
-2.45459
-3.21
0.336
-0.46534
0.964
-0.353
1.3
-1.74
0.885
-0.111
3.48
1.89
-0.561
-0.491
1.18
0.273
-0.475
0.96996
2.6248
-1.39
0.13
0.692
-2.316479
22.1
8.6063
-1.169729
0.30259
3.69506
1.1548
-4.85639
0.519
1.36
-1.25
0.04506
-1.19
-3.77
-0.2356
0.504908
1.67
0.907379
1.378331
2.479953
-0.35177
-0.228188
-0.80385
1.33
0.781
0.71857
-4.1323
0.1804
2.1983
-0.45294
1.52439
-1.91805
0.37553
0.58737
-2.49025
0.60179
-1.9414
-0.83729
-0.39649
-3.61892
-0.0901
0.747
-0.4742
-0.757
-0.282
-0.146
-0.411
-0.1725
-1.67706
0.166
2.09002
0.81439
-3.42854
-0.41659
-1.71
0.47578
0.6512
-0.691
-2.40819
3.07099
3.80567
1.95106
1.030425
-1.05434
-2.16647
0.62986
0.6931
-2.149704
0.9727
-1.25478
2.1937
-0.856671
0.24113
1.05256
-0.096909
1.695968
0.14639
-2.9122
-0.0054
2.4035
0.09578
-0.110646
0.560761
-0.165975
2.76556
-0.64212
0.506
-0.752
1.9
3.31
1.11143
1.0956
-1.8
-0.77817
1.87512
-4.00327
-0.68705
-0.4784
-2.14025
0.61872
2.0349
0.78287
1.3435
0.40145
0.93007
-2.2498
4.26603
-1.92036
0.72922
-1.13786
5.80186
6.47225
6.82749
-0.26829
0.788571
0.008308
-1.78915
4.95388
-1.07408
2.50561
1.60577
-0.474074
0.128537
-0.355899
-0.342773
0.86744
0.648
-0.88913
2.03342
-0.9874
2.97348
-4.6904
0.08021
-2.78321
-7.7316
-2.75541
2.1648
-1.40874
2.737859
-2.044817
-4.515005
-0.594591
0.537317
1.182556
-1.784178
-0.912912
0.484986
0.436858
-0.713361
0.501097
-0.628602
-2
-0.94
0.132
4.24
-2.28
-1.82
-2.76
-0.524
0.934
1.91
-0.873
-0.125
6.01
-0.855
-1.61
0.276814
0.662
-4.3
0.214
-0.71063
2.2
2.71
-0.665157
0.997108
0.975
-1.93
18.4
-1.16
7.99
3.77249
0.09286
0.5058
0.13092
0.8856
0.89981
-4.6263
0.66874
0.22
-1.21
2.02
-0.596
-0.197
1.58
-0.36
-1.4
1.62
-0.184
1.28506
-0.808
2.65742
-0.188
0.342
-0.399
-1.13781
1.4494
-3.38
0.872
0.7155
-0.3592
-2.65
-1.4869
-0.9611
0.4736
-0.9091
0.594
3.5805
-0.7201
-1.62
0.1416
1.1232
-3.23
1.63
2.16
-0.919
1.05
1.4113
-1.2622
-1.3062
-1.5611
-0.20674
0.5579
0.0341
-2.6285
2.49737
1.34892
-2.162
0.37051
-1.75682
0.23389
-1.10119
0.90321
1.36315
0.38176
0.633
1.0602
-1.3134
-0.18628
1.7689
0.33451
2.59721
-0.23722
0.672
1.38623
0.56645
-0.39616
-0.87065
0.4084
-0.09341
0.84039
-0.17176
-4.36261
-0.312
0.25869
0.10975
-1.6417
-2.5321
1.94429
-1.7428
0.24428
0.34665
-0.7463
-1.37853
-0.0617
-0.1979
-2.1985
0.73671
-1.45853
-2.472
1.0508
-1.12678
-5.82284
0.6911
-0.10614
1.474
1.2712
0.4715
-0.085
1.8214
0.99032
-1.0052
-0.88261
-7.70596
-0.51244
-1.4602
-1.3367
-0.69309
-0.11318
2.70488
3.9041
-1.5735
0.6913
1.64638
-0.3167
0.05895
-0.131
-1.0157
-2.5283
-0.3933
4.84186
-0.4892
0.2297
-1.4808
-0.85722
0.66974
-1.69404
3.56251
8.1821
0.33431
2.83797
-2.59643
-1.97671
-0.0292
-1.4372
0.1144
0.2069
0.8138
-0.13329
-0.0934
0.2146
-0.93301
-1.58583
-0.9083
0.2799
1.51841
1.6925
-3.9201
-0.3776
-0.9524
3.5238
1.37481
3.8603
1.1926
-1.8476
1.0538
2.89428
-0.24347
-2.13436
-0.3924
-1.9122
3.37901
1.329
NA
-0.99401
-2.1349
-0.56794
-0.35501
-1.58043
1.0215
2.1246
0.60979
-0.00932
0.91326
1.57466
-0.66156
-0.30542
0.6262
0.8766
0.22283
1.06651
-2.87575
-3.7326
1.931
-0.97997
-0.4146
-1.53889
1.6615
-1.0712
1.6239
-1.3325
-0.975
1.3461
1.22
3.1381
0.0144
-1.0632
-0.56398
-0.23815
2.27086
0.9297
-2.1231
0.5007
1.92214
-0.03836
0.78083
-0.1483
2.67981
1.112
-0.87578
1.8856
-2.9332
-1.12652
-0.769
-2.1451
-0.27609
0.07576
0.95296
-0.3088
-0.3614
1.4803
-0.5161
0.06295
3.0234
4.5789
0.6343
-0.7285
-3.2675
-1.7888
-0.6278
-0.4556
-0.19492
3.83579
0.7478
0.2094
0.996
-0.59906
-3.9996
-1.5527
2.1602
-1.2445
0.3653
-1.397
0.173
-1.0347
-0.69235
-0.39851
7.9716
1.61283
0.33136
3.41172
1.8162
-0.34715
-0.8714
-2.51965
1.8526
-2.46779
0.3777
-1.3709
0.9032
-0.9568
2.38083
5.0872
2.83201
0.0938
-1.19912
2.73758
1.58061
2.731
1.33208
-0.2589
5.1476
1.91435
-6.59141
2.88767
0.8717
-1.0194
-1.12842
2.5198
2.0769
-2.69693
-2.28847
-3.71297
-0.47062
-0.62485
0.74436
0.78141
1.30358
2.28661
0.23867
-0.55792
-2.81645
-0.16489
-1.2986
0.37597
-1.5512
-1.0475
-1.1925
-1.51513
1.94164
0.38256
0.0421
0.2113
-0.896
-0.0281
1.00648
-1.15404
0.95614
0.6212
-0.5409
2.57616
0.33541
2.13529
0.84895
0.168
-0.32558
-5.338
1.14999
1.18181
0.36219
-2.2237
-0.36042
0.01643
1.19564
-1.57624
0.063
-1.04947
0.50817
0.50635
0.0808
-4.3611
-3.34847
0.79657
1.3065
1.1844
-1.3278
-1.2799
3.4948
0.9558
6.08281
-1.1886
-4.74634
-2.0017
-8.09238
-1.72597
0.5056
-0.98797
-0.94095
2.9908
-1.02402
3.76763
2.91113
0.44707
2.20896
4.40765
0.69656
-5.10527
1.7933
2.9615
-1.82
-5.7305
-2.85764
1.8346
-0.37284
0.6201
-1.956939
-0.4122
-1.950602
0.2224
2.35014
-1.88
-3.53542
-0.52793
0.24159
1.07
-3.31487
-0.45827
-4.08
1.92874
0.9888
-0.19149
1.466
-3.27162
-13.3
NA
4.27
0.5703
NA
2.1759
1.6
-0.3582
2.18815
0.1833
NA
-1.07
0.6461
-2.6051
-1.5512
-0.165858
-1.051094
-0.7296
-0.4112
-1.0461
-0.18383
-3.4394
-0.61748
-10.5
-0.483
1.42
0.6813
-0.483
0.4849
0.88528
1.9278
-3.6986
4.1585
2.6342
-0.795
2.31697
-1.57396
3.95655
-0.63699
-2.83
2.5
1.915919
0.75
2.57
-1.29
-0.2293
-0.3297
0.66901
0.9455
-2.8294
-5.56827
-0.807
-1.53
3.81946
2.023738
0.0173
-0.737278
-0.19703
2.558751
-1.78
-1.31
-0.909
-4.13139
1.7094
-2.72285
-0.292189
0.6035
-0.391
-0.29374
-1.0438
-9.51
-0.71257
-5.88
1.70987
-0.53496
-0.810703
-1.3
1.86
-0.00999
-1.38442
1.044199
-0.06207
1.4733
0.86093
-0.741
-3.19795
0.1632
-0.59967
-1.238562
-0.423353
6.62938
0.3161
3.6815
-2.06
-0.39692
1.8829
4.85
0.474
-5.6
0.246
8.5241
1.35467
-1.87
0.7802
-0.445
-4.82198
0.44156
-0.542
1.4004
-0.89086
-0.3927
-0.3583
0.89105
-1.36085
-0.72007
-0.06459
-2.71174
-1.23
2.7408
0.949
-0.213
0.4015
-1.5752
0.2956
4.05478
1.75636
-0.585
-1.17308
-2.961572
2.23
1.2845
1.76
-2.0625
0.488
-0.763
2.442
-1.1533
3.56449
0.1882
2.01
-2.8373
2.0601
0.80547
-3.21
-3.14248
5.00163
-0.1224
-1.52093
-1.24
-0.18593
-0.41
0.8703
0.37471
1.36
-1.26323
-6.08175
2.5983
0.31676
-1.11
-1.444283
0.951
-0.73399
1.4
0.173
-0.492318
-1.117
2.0502
3.8021
NA
-0.6909
2.7
-2.02
-2.06093
-0.0867
0.7051
3.13581
0.4691
1.93
2.02
-0.16847
-0.02101
3.54
-2.7354
1.08323
3.10153
2.24
2.8619
-0.1551
1.66
0.0693
-0.202
0.906
-0.7861
-0.67592
0.67684
3.0294
-3.87116
1.02348
1.05856
3.36326
1.335464
-0.91031
-0.66343
1.97918
0.94263
-0.4829
-0.762
1.65135
1.29
-0.8395
-0.47389
-0.122
1.67
-0.85316
2.29484
0.904
-0.45381
-0.96535
1.14
0.982
-0.43842
0.5617
1.409101
-0.53038
0.494
-0.10268
1.0314
-1.29
-0.55633
-0.58853
-2.01
1.59101
3.8
1.12039
-0.61793
-0.316
3.78
-1.06656
-0.613
0.3371
-0.80578
-0.51008
2.055421
-0.198541
0.60091
-2.32055
-0.951
-1.20762
-2.29221
6.14026
2.55158
-3.1469
1.75291
1.26931
-0.541
-0.08
-0.41804
-3.02081
-5.49514
-1.9721
-0.0171
0.62617
-3.13729
-2.41454
-0.14
3.1219
-0.9404
-1.01141
-2.12146
-2.357
3.68267
0.8834
-1.78832
1.148465
-0.169
-0.103
0.14
-1.35543
-0.58846
3.04157
-1.1536
1.08753
-0.15305
-6.3971
NA
-3.87905
2.20964
-2.74224
-0.5157
1.65183
1.81878
-0.335
-1.38988
1.11
4.4632
0.335
-0.04143
-4.34313
-0.13658
-1.6265
0.28807
-0.632536
0.838795
3.61539
1.28168
-1.5871
-0.65138
0.248
-2.51423
2.6781
-11.6891
-2.99766
2.39386
-8.69991
4.35
-0.136
2.65
-1.50935
-0.44754
-10.28766
-0.75323
-3.0006
2.6665
0.86758
-3.53598
-2.1408
-1.5133
-0.42156
-0.29763
1.83
-11.0264
-9.45555
-0.3214
-2.3896
-0.57408
6.33166
-2.6803
-1.8297
1.0664
-3.9
1.079572
-1.1192
-1.4812
-3.23027
-2.45432
0.86268
1.65
-3.14868
-2.11633
-0.62722
0.89161
0.7703
1.7555
1.3553
-6.40116
-0.6675
3.83553
0.66893
-3.25
-2.75673
-0.64304
1.34277
2.0849
-1.83744
1.2404
0.27
-0.7558
-1.269531
-8.5194
-0.0059
0.029551
3.54823
-2.16706
-2.56253
-8.21543
0.98126
0.47112
-5.05196
-0.9704
0.9562
0.64999
-1.0325
-1.02125
5.0642
-0.87777
0.794
-0.15
0.1631
-1.0981
1.33641
-1.08051
0.07335
-0.89141
-1.80449
-0.69565
0.77971
-4.4693
1.80261
0.5336
-1.00258
-3.7904
-1.78077
0.1571
1.9611
-0.1294
-1.53121
-1.7063
0.417
0.50004
-0.975
-0.88395
-2.81091
0.08502
-1.56478
0.0749
-0.76587
-2.019557
0.675
0.803
-0.89439
-4.3852
0.4025
2.27028
1.14065
1.09137
-1.12256
-1.05204
-2.4595
0.22839
-1.00299
-1.88914
0.07256
2.88865
-6.84211
-1.49158
6.92
-3.01866
2.57392
1.12571
6.6966
1.513
-0.555
1.21275
0.65605
-0.5482
-0.98486
-0.4757
-1.28585
-2.24962
0.302
1.075152
4.2944
2.2281
-1.939355
2.70301
1.14687
-1.197861
0.50893
2.5285
1.493657
-0.18968
-1.78775
-0.98058
0.98833
1.6108
-2.07065
0.67146
0.3461
1.61378
-0.98276
-8.3928
3.7985
-4.9734
-0.07679
1.18844
-0.36909
1.27981
-0.8185
-5.02171
-0.93743
-1.1275
-0.0763
-13.56995
0.90082
1.22972
-1.46617
1.92188
5.43896
0.92499
2.66135
0.84582
1.6546
-3.86029
-0.35658
-0.39343
-1.8699
-1.41686
-0.63494
-5.45078
1.1506
1.06
-1.55152
0.1845
-0.0724
12.3768
0.4682
-4.3055
0.3414
0.45906
-12.56659
0.3552
0.2856
-0.906
1.07
1.61316
-3.5522
0.141
2.14182
-0.0963
-0.18884
0.4557
0.38276
6.40585
4.13551
-2.2422
1.71335
3.36254
-8.5091
4.8693
-5.82319
0.09052
-3.32196
4.59802
-1.13716
2.72694
1.64
-0.49391
0.936
-2.76331
-0.4935
-6.45913
1.06329
-1.19528
-1.65
-0.22557
-1.5566
3.36368
-1.774394
-0.3536
-3.69259
0.101
-1.55735
-0.57806
-1.8824
2.91426
-4.86986
1.04
3.41174
-0.3149
6.58123
2.18
1.0936
-1.66111
-0.0211
-3.4261
-0.05321
1.73292
-12.87898
-0.3864
1.8995
-2.28205
3.7276
-15.575
0.30561
1.74076
1.79144
1.4054
1.97031
-4.32634
-2.67441
-2.23668
-2.0573
0.3639
2.23911
10.5118
3.8883
-0.639
0.03129
-2.2
-0.978
-0.57298
0.521
2.0714
-1.58899
0.2919
2.67583
0.2624
0.15132
1.97804
0.5863
0.565
NA
0.84643
2.14
-0.83139
5.18139
3.17254
1.96403
3.47745
-2.81349
-0.80725
-1.11444
-2.5314
-0.55051
4.9617
0.02449
0.63864
-1.09374
-0.53
1.13921
-2.1243
-1.6198
-1.1574
-1.4397
-0.42144
-0.68149
1.97955
1.07351
-0.33115
0.2591
-1.23152
2.88588
0.01271
-1.2212
1.38
2.6829
-2.12
-2.2521
-1.16317
2.17171
1.46
0.9391
-0.70515
-4.62454
-0.59
-0.426
-0.8188
-0.76552
1.12515
-1.31618
2.83547
0.1259
-1.43412
1.1973
1.02
3.38836
0.9144
0.03781
-1.59725
0.683
-0.19309
4.24069
-0.9414
-4.58401
-0.0196
0.02394
1.11274
1.25
-0.37978
-2.29406
2.20456
-0.48309
4.85005
-1.78941
0.9252
-3.07062
2.04
1.44
-1.3111
0.17754
-2.43028
-2.56334
-2.1488
-1.947035
-0.3892
-1.0438
-1.66
0.104
9.63493
1.4
0.74
2.08102
-1.03151
3.6645
1.83875
-1.9513
-9.50537
2.1982
-1.51742
2.2974
-2.38
0.25429
-5.39
-0.18945
-0.0844
-0.89
-1.514
0.96265
1.49878
-0.01377
1.841
1.51863
0.925
0.2461
-0.00566
0.62931
4.13294
0.3803
3.39
-1.63173
-2.61224
-2.76646
-1.09432
0.727664
2.5382
-1.2955
-0.16778
1.75464
-3.32334
0.92423
0.04879
0.84777
-4.38333
-2.99416
1.6221
-1.92695
2.56501
2.20258
-1.04308
1.76272
0.57943
-0.88311
0.45181
-1.684
-1.608612
-0.443
NA
-1.678575
1.3853
0.89387
0.258
-1.54
1.2848
3.27
0.33756
0.0796
-5.20817
-0.43497
-1.56134
-1.9897
-3.53018
-1.5755
-4.7007
-0.68379
-1.25794
-0.5225
0.786
-0.9435
-3.8962
-0.20624
-0.0415
-0.16527
1.5544
3.7489
-1.891371
3.010729
0.3044
-0.7791
-1.4679
-1.67894
-5.8518
-1.6
0.10852
-0.2403
1.4353
-0.0142
5.13322
-0.536
0.654
-2.083276
1.17463
0.43358
0.23736
1.21663
-0.071602
1.94991
4.12365
-0.48203
-2.37743
-1.41
0.25507
0.72975
-0.06445
-0.22119
-1.51122
-1.1445
-1.4924
NA
-0.9127
-1.1821
2.2743
4.08866
-0.672917
1.21642
0.3026
2.32739
-3.70442
-0.1846
0.75953
-2.21676
-1.3072
0.70025
1.57022
0.52275
1.9961
-14.1
-4.175
-1.4097
-0.87713
-8.197
-0.3965
-0.7636
-0.53661
0.956
1.70957
0.7113
-0.58808
-3.2559
0.02317
0.479
-0.254
NA
-1.8187
-0.1733
-1.83741
-2.11354
-3.59604
3.4993
NA
0.53714
0.94017
0.778008
-0.6957
-1.10362
NA
4.75
-0.10376
2.04121
-1.5518
5.95987
0.26639
0.28559
0.90989
1.54963
0.72926
0.77843
0.276
-0.58216
8.12171
-1.76683
-2.66033
-0.463
-0.485
-0.47229
0.3395
-0.16333
-0.59122
1.11808
1.02113
-0.94267
0.32094
3.5384
-0.4455
1.7926
-2.22559
-1.9404
-3.2209
3.74732
0.00141
0.50734
-0.9015
-3.08503
-0.10893
0.44115
0.2277
0.19339
-0.45274
0.477
-0.11412
-3.21316
0.38162
1.7649
0.2877
-0.499
1.18862
-0.01004
0.4507
2.10659
0.693
-6.97546
0.48527
-2.22266
-0.7857
0.684
-0.9443
2.34176
-1.20102
0.36991
-3.9894
0.12573
9.11258
-0.7614
-0.5175
-0.0141
3.54794
-0.8994
-0.05248
-0.24403
0.76818
-1.9821
-2.0345
1.97534
-1.1724
-0.9961
-1.4816
-3.52941
-0.62
0.48593
-0.2002
1.4708
1.5024
-1.8757
1.59
3.68498
-0.63567
-1.8613
-2.13533
-1.28922
0.3316
2.46014
-0.2931
0.01894
-1.71483
NA
-1.34299
-3.73151
4.83859
1.4935
-1.56963
0.34098
-0.42734
-0.7544
1.02937
-0.5941
-2.36259
-0.39365
-0.205
0.67471
-0.123
-1.54631
2.38617
-1.5723
-1.72488
-4.1967
0.1181
3.5969
-0.6345
-1.1617
-0.90666
0.26195
-0.669
0.40296
-0.0525
-0.8652
-0.343
-3.7167
-0.157
0.59256
-2.92932
-1.072034
-2.7624
-1.82495
2.45
-0.4552
2.2921
1.1352
-0.2758
1.98596
0.13418
0.2271
-1.0442
2.05558
2.52559
0.397
-2.05728
0.3863
-0.76327
4.14668
-2.75901
-1.2802
3.32064
4.8817
0.413
2.0762
0.763
-1.14964
-3.44561
-1.7957
1.14297
0.0322
-2.30781
-0.93446
-1.74813
1.3265
-1.5349
2.76244
-0.27064
-0.5552
-3.07894
1.3949
-1.19224
0.96653
3.3582
-1.67639
0.28652
-0.37323
1.63353
-0.64028
1.67564
2.25731
-2.45168
0.04697
1.4939
0.2426
2.62
-0.35925
2.65237
0.93217
1.5733
-0.15888
2.8519
-1.142
0.7212
1.64222
4.18
0.64758
0.96238
0.97201
-0.5037
0.17382
-6.42
-0.34016
-0.02922
1.1582
-1.5028
-2.61244
-4.34148
-0.43857
2.29677
-1.45085
0.2729
1.77384
0.76394
-0.1202
-1.14332
0.320887
-0.66957
-1.05157
1.61
0.92672
2.44292
-4.3414
0.2483
-0.2416
0.0663
-1.31292
1.55898
-1.86815
4.70249
-2.88635
4.10335
-1.01573
-0.512
-4.2402
-0.35164
-1.42513
0.37003
1.59946
1.53602
-2.4991
0.46647
-2.19
1.97445
-2.44543
0.0916
1.59821
2.084
-0.673
-0.66304
1.07481
0.33446
-1.79054
0.74243
-1.77
-0.684
0.6822
-3.08287
-0.232
2.89505
0.2526
0.60794
-2.5806
1.49929
0.20237
4.06615
1.29032
-1.4296
-2.8588
-0.73436
-2.55435
3.38052
-1.15
-0.9189
0.118
-0.1397
-0.3046
1.15992
-1.20883
4.10557
-5.0313
1.27516
-1.56913
-1.02906
2.2314
-10.13496
-1.92788
0.43312
0.76819
0.125
-0.49195
1.41946
0.683
0.328
-1.9977
-0.248
0.59004
-0.09449
-2.14581
-0.12835
0.24
2.33683
-1.21446
-1.273
0.58782
-0.68308
0.86494
-1.0045
-2.307
2.3063
0.03277
1.40158
0.86233
-1.49768
-1.97866
-1.08042
-0.2498
-2.13114
-1.7584
0.500591
-0.25728
-1.63471
0.09057
-0.55971
5.61454
-1.09777
-1.5826
0.73875
1.54625
-0.21504
-1.44861
0.59127
-1.1867
1.17995
-1.54547
-0.63446
-2.50226
-1.7652
-2.92685
0.30012
-7.19655
-0.10583
0.4751
-1.50094
0.5484
-2.10075
1.87493
-0.155
-1.9629
6.3521
7.93782
1.54825
0.80199
2.98031
-1.3242
2.3719
-0.039
-0.68872
-1.32
1.31334
3.46969
1.66036
3.27898
-3.58986
-0.5511
-0.269
-0.5266
-1.32235
1.197
0.88703
1.21483
-0.5412
-1.86038
-0.7695
10.8091
1.39108
0.93119
17.1
0.49208
-9.89892
-0.30282
-0.4664
0.11143
-0.165
0.15381
0.8947
-0.9547
2.58894
0.95122
-0.25
0.451
NA
-1.64
0.452
-1.3331
1.49313
0.8669
-2.3
-0.7338
1.09201
-1.39438
NA
-1.514
-1.23819
0.49868
-0.478
-3.6
0.215
-1.65754
-2.05356
-2.221068
-1.48177
2.6133
3.02286
0.19039
-0.18
-2.0485
1.1857
9.8155
0.273
-4.82
0.26259
-1.35122
-0.33631
-3.43268
0.1191
-0.0434
0.85161
1.93136
1.89515
-1.23847
-0.30804
2.3759
-0.8788
-0.85751
-4.8401
-0.699
0.8299
0.42775
-0.72635
-0.75124
-1.25861
1.48
-1.79
-0.6311
1.896
-4.0435
0.2537
0.04144
0.168
-1.9798
1.85431
2.05591
0.81519
1.6988
NA
-2.0981
0.74093
1.9439
2.7836
-1.36036
-1.214
2.08833
-0.423
1.31
-0.8354
1.171584
0.4672
2.3455
0.95111
5.51531
0.49174
-1.00169
3.7624
0.72139
-2.51772
-2.65279
0.362
-0.46046
0.7021
1.25
-1.6215
0.46227
1.31532
NA
0.17441
-1.51
1.16
0.83899
-3.36193
0.4795
-2.7198
-0.65871
-0.1563
-0.63775
-0.47941
-0.28499
2.09
-0.348
-1.39
-0.6739
1.25032
1.84099
0.2291
0.5873
2.1916
2.8277
-1.54
-1.48098
0.22103
1.86869
1.4709
1.74
13.6
-0.7865
-2.46451
-0.95506
1.03536
2.37145
-1.7953
-0.61538
0.1173
4.24528
-3.44464
-0.00393
-0.2744
2.7281
2.60684
0.1819
-1.8324
0.34699
-0.2497
0.7825
-1.9144
-1.12504
-1.0794
1.45
-1.26
1.03
3.38039
-1.18
1.94302
0.79539
0.87038
0.06584
4.1856
-2.37783
-0.06077
0.590689
2.16663
-5.50405
-3.90199
-2.66027
1.13687
3.10575
1.56389
0.60268
2.15641
-2.37943
0.03045
1.58
5.15
0.29468
-2.9484
-2.2629
-1.0322
-2.3478
-0.931133
0.79363
1.1416
0.942002
-0.42475
1.63
-0.97615
-0.5981
NA
-0.24861
1.087965
2.66
-0.0947
1.56376
-2.87
-1.6
-1.85782
-4.02634
2.6607
0.12664
-0.3621
-1.160975
-1.05925
NA
0.2159
-0.227
-1.81
-0.33206
-2.17137
-2.36965
-1.32221
-0.66376
-1.48821
3.14268
0.04728
-1.25809
-2.3107
0.826
-0.91373
-4.6796
1.49086
-2.2459
2.39
1.10132
-3.0711
-0.698
-3.26669
-1.5
1.0649
0.905
0.192
-0.41575
3.16872
0.44991
-0.35475
2.52374
1.93474
0.661
-0.6417
2.9392
-1.3434
1.97
-0.15506
0.96141
0.6387
-1.87471
0.14
1.22802
4.92
0.48182
-1.34
2.58221
2.1115
-1.47
3.40768
-1.716325
1.85025
-1.4345
0.78142
0.10701
-0.28873
-0.832
-0.04173
-0.353
0.36323
1.2187
-0.67719
5.14039
-6.1938
1.2131
-2.22057
1.54824
4.16077
-0.388
NA
1.10804
3.1305
4.2458
NA
-0.14394
-0.367605
NA
-1.26
-0.0114
-1.6
-0.2662
2.26415
-3.47
-0.59923
-4.3814
0.466
0.195
-1.89821
-2.0467
-0.49146
0.05165
1.0443
6.41
0.338
-4.8007
-1.19325
1.71321
-3.875704
NA
-0.14626
-0.97355
0.0887
0.977
-2.34313
-3.85314
-0.645
1.61632
0.49389
0.24284
-11.25308
-1.0645
0.1825
-1.11662
-0.65
1.6742
1.0575
-1.3737
1.5245
-1.9584
1.2247
-0.857
0.009
0.21599
4.8195
2.76163
-1.1844
-0.2884
1.2905
NA
-2.49313
-0.6613
-0.39052
3.86786
-2.43
-1.77209
4.09691
0.56799
-0.0936
-18.9
-0.1391
20.4
-1.65849
1.475717
-0.501286
-0.90652
1.1273
0.4539
-0.778
0.647576
-1.71
-1.38364
2.69
0.1531
1.2996
-19.1
0.41876
-0.106
-2.0486
-2.0433
2.17604
0.4
-4.15449
-0.45196
-1.84958
3.2341
0.208
-2.59227
0.51495
-11.06004
3.5877
-3.50242
3.0845
4.2352
-1.47377
-1.477626
-0.75249
-9.12898
-0.39353
1.44969
-0.02425
-1.42804
0.49323
-0.79621
0.72934
-1.49394
-4.82575
-0.93359
1.06
-2.080893
-0.1955
-2.35
-2.13762
0.69764
-0.18573
0.0424
0.73762
-5.63879
-1.01
-0.0982
NA
-1.3142
0.86812
-0.38164
0.07995
3.18965
0.3146
0.9582
-0.53097
3.71446
2.61626
2.54554
1.2
-3.8743
-0.4791
-0.14139
7.58
-3.21
9.2765
-1.50815
-1.029587
-0.8235
8.2
3.13232
-0.9854
-1.22
3.27907
-0.36335
1.1403
2.26143
-0.71172
1.4413
-0.86857
1.36763
0.9059
-1.6287
0.0448
2.77559
6.68181
-1.4517
-0.261
-0.62909
-1.09228
0.5012
-11.98393
-0.0587
-0.50367
-0.2652
-0.79613
-0.76332
-0.1825
1.4084
0.35
-1.4116
-0.652
-2.26
0.955
1.87937
0.84196
-0.96892
-5.04976
-3.10184
-0.7598
4.51945
-1.499988
NA
-0.4579
1.750204
-1.59
-2.9287
-0.59846
-1.72227
0.95896
0.289
0.65962
1.1108
-2.537232
1.35258
-0.18653
-0.35444
0.75007
0.26257
0.1146
-0.452
-1.3273
0.18917
-1.2287
-3.74359
-2.12257
2.06014
0.7748
-5.44116
0.2654
-0.9082
0.1537
-1.26168
0.2333
4.0557
0.9989
-1.39
-1.2193
9e-04
0.970916
1.15704
2.54025
-0.77
1.37
-1.15139
-15.5
-0.24372
1.05409
0.4821
0.35307
-0.167
-1.84442
-1.06675
1.8988
-2
-1.71138
-6.43
4.0544
1.19368
3.21
-1.63646
NA
1.98046
-0.45062
-0.1399
-3.70788
-0.48226
0.1372
3.76
1.57216
-0.5156
-2.91
0.6857
-13.4
-1.23816
-0.16193
0.61881
3.32
1.4653
0.4424
0.83308
-0.36928
-0.65079
-0.66841
-1.65219
-1.29066
0.6833
-0.43542
-1.64207
0.78478
-0.13458
-0.4062
-0.75095
3.30123
-0.2238
0.32184
-1.05629
-1.62267
0.3762
3.03626
3.1302
-0.36905
0.11822
-0.2324
-1.7608
0.12608
2.6284
0.87831
0.33672
3.84284
-2.23
0.0738
2.44
3.7554
1.39904
3.43394
-1.4551
1.5068
-3.0883
0.2071
0.04692
-1.6187
0.2038
-0.3572
-1.0112
-2.63
-1.98
NA
-2.38758
1.7994
NA
NA
NA
NA
NA
NA
NA
NA
-1.01
1.53091
NA
NA
NA
NA
NA
2.30609
5.52841
NA
NA
-0.69341
NA
NA
NA
NA
NA
1.01865
NA
NA
NA
NA
-3.33196
NA
-0.33821
NA
NA
NA
NA
NA
NA
-1.21897
NA
NA
-0.12246
-2.938
-0.111
NA
0.83125
NA
NA
NA
NA
NA
NA
NA
-11.60327
1.61769
0.31986
1.74
-0.4633
-0.16294
NA
1.0532
-2.62
0.564
NA
0.24255
-0.887
-1.12419
-2.28
-0.6432
-24.66333
1.66
-1.32276
8.54807
3.03834
0.65008
0.7939
1.61915
-1.37561
0.9
0.748
-2.98
-0.31
-0.582
-0.7
1.87488
0.291
-0.8354
2.9536
1.58
3.9246
-1.4016
-1.62
-1.86726
0.5817
-0.0108
1.07594
-1.46448
2.14257
2.3923
-0.50292
1.28799
4.6697
-0.4872
-0.08517
-0.423
1.2597
2.2825
1.02363
-2.4909
-0.56126
-1.2115
-1.2
-0.701
-2.41
0.4185
0.30668
2.67765
-2.08347
0.08814
0.235
-0.08332
-0.37371
-0.2214
-3.97138
0.3086
2.90155
1.9526
-0.53648
0.64264
3.01773
-1.27105
2.44777
0.0933
-1.61089
2.80998
-1.39031
-0.231144
0.4691
10.902
1.3
-0.3575
0.5348
NA
NA
NA
NA
0.40358
1.07575
0.71709
-1.23707
3.01315
0.178
1.29078
0.00417
0.23502
-1.8845
-1.57647
-0.9466
-1.93389
0.00624
-0.98827
1.53832
0.735
0.43547
-0.769
2.70765
3.42291
0.29273
0.52371
0.93036
0.6278
2.68993
5.88949
1.48
1.10644
0.5003
5.4121
-1.06655
-0.278
-3.3091
-0.2711
3.85945
1.78326
3.15706
3.70112
0.14784
-0.04218
0.65087
-5.85
-2.41185
0.24505
0.3006
-0.76044
-2.44369
-2.02
2.51528
-0.446
-0.84378
0.125
-5.68813
-0.0772
-0.19539
-1.4161
2.99174
3.51138
0.916
2.21
1.6813
-1.7983
2.03697
-1.87
1.1
0.1379
8.06589
0.0986
0.42158
-2.32344
-3.0445
-0.38857
-0.64321
-0.354
6.72941
0.92
1.0424
1.847
-2.53656
1.456989
-2.33
2.12
0.719
0.797
-1.5349
-8.79009
NA
1.986
-2.0507
-1.773
0.2137
2.35
NA
-1.9467
NA
0.31213
2.89247
-0.66648
1.4447
-0.35591
NA
-2.15
-0.8605
-1.1168
-1.27805
2.07165
0.696
0.886
0.664
0.92636
-0.41995
-0.4376
0.69
0.46857
-2.65
-3.14186
-0.38009
-1.08
-1.04
1
0.96532
0.08892
2.51957
-0.53476
2.0841
-0.433
-0.83176
3.24
-0.306
1.32015
-1.17802
4.49
-1.93443
-3.7951
-1.25
0.627
1.04627
-11.59334
-1.7201
1.406
NA
1.8034
0.76208
-0.00988
0.2826
-1.13084
1.3
2.3783
-0.5479
-1.07
-1.58
-1.91985
-4.05751
-1.0046
-2.52
-0.000513
0.72656
5.9
-1.57329
-1.00424
NA
0.7218
2.01
0.389
-2.6206
-1.5228
0.9306
-0.75746
3.98777
-3.01
-2.0249
-0.0798
0.974
-0.192
2.3218
-0.62758
1.18745
-0.896
-1.3739
-2.10788
-1.15846
0.2962
-0.85457
-1.62
0.398532
0.78082
-0.75605
1.83493
-0.66062
0.628
0.95496
-3.5965
0.03195
-0.1323
0.667
-1.01056
-0.99934
1.00728
0.39374
-0.73933
-2.54972
-2.45867
-0.65923
0.64317
1.5189
3.09207
5.66157
-1.35362
1.21015
-1.38262
-1.42
NA
2.16471
1.4475
0.76409
1.11814
0.62659
-1.44
-0.1434
-1.07459
-0.6693
-0.26471
0.3721
-0.81679
-0.0353
-3.63852
-0.80389
0.143
0.74164
0.419
-0.56157
0.0727
NA
-1.61888
0.454
-0.14
-1.59791
-2.17145
NA
-0.08996
-4.99285
-0.51686
-0.55017
-1.59906
1.44013
-0.67076
-1.9044
0.707
-0.34022
0.66821
0.026
2.45766
2.48845
0.522
0.372
2.6108
8.00169
2.55
0.9708
-0.0343
1.16
-0.6202
2.25506
-2.62401
-0.73116
NA
2.04
0.81686
-1.86
0.0452
1.22511
-1.66727
1.27902
-0.5912
0.63118
-0.89692
0.0198
-1.28617
-0.55681
0.2063
1.575
-2.7598
-0.38275
0.12
0.48446
-1.35
1.2664
NA
0.76115
0.116
-2.59
0.79
5.6544
0.501
-2.3134
-0.12669
-0.036
-1.39
-9.7093
-0.4
-2.81081
0.58683
4.00989
1.34
-0.734
NA
0.41904
0.31672
1.28596
-1.63
0.74839
-1.33084
-0.812
-1.86
-0.718
-0.714
-1.89
-0.3066
0.257
1.38989
0.2599
-0.0298
0.129
-2.92
-4.15321
0.828
0.673
-3.71648
0.6952
-6.6431
0.1198
0.9174
2.1
-2.44286
-0.46104
-1.3758
-1.41
-0.76736
-0.579
-0.0885
1.39635
1.26515
0.92367
-0.40705
-0.65121
0.09449
NA
-0.7845
-3.1202
-0.2937
0.90707
1.39033
0.8412
-2.52814
0.60282
0.8402
0.301
-0.629
-0.856
0.57052
1.43432
NA
-1.77116
2.9338
NA
0.25659
0.405
1.42063
-0.4754
-1.1669
-1.36
-1.23659
0.0968
0.38351
1.57458
-2.35798
-1.15
7.8639
0.1239
-0.83434
-0.54497
-3.20128
-3.8231
-3.6
-0.9318
2.66605
1.79
-4.2662
0.18387
-4.1137
0.64496
-0.05607
1.68974
2.1264
-0.6479
0.6492
-1.04
-7.28679
-0.09818
2.04
-1.05
-0.5356
-1.62658
-1.44
-2.09
1.21
0.00172
0.804
0.28
3.46178
1.68384
3.27598
-1.10778
1.4831
-3.12751
0.84782
1.7171
0.31645
0.07891
0.18959
3.2938
1.6475
-0.14423
0.51438
0.483
1.37904
-1.35877
0.16462
-0.14414
0.531
-0.98362
1.0886
-1.33
-1.2153
-1.7375
-0.175
2.6319
-0.74363
-4.44
-0.47136
1.00215
2.14812
0.339
1.34
1.19166
-0.05881
0.6976
3.53001
0.15175
0.2668
2.61
4.9378
0.47204
-0.80334
-1.5667
-1.87
1.48
-0.157
NA
1.45
2.59659
-0.05872
0.94773
0.23672
-2.93
-2.00355
-0.417
-0.0467
1.296
1.12794
-1.64683
-0.6964
0.16932
-1.0642
-2.21
-0.2763
1.55067
0.339
-19.28167
-0.44274
0.73139
-0.26499
-0.869
-2.53
0.19563
1.08
2.5744
-1.44
0.62628
-1.53
-1.80363
-3.90293
0.68064
-2.1505
1.54
-4.50382
-1.6436
-0.09658
-0.374
-5.64
0.26607
-0.6109
-2.26
1.98
1.07505
-0.52835
0.5412
-0.6987
-0.556
-4.94036
-1.51
0.0838
2.2865
1.293043
-0.161
NA
0.42002
-0.70584
0.3
0.12428
-0.0462
-0.84467
1.63
NA
-0.3412
0.48045
2.09526
-1.01
-4.36
-0.48561
-1.57715
0.98755
0.42
-1.53439
1.4379
1.8963
-1.11169
-0.53785
-0.94512
NA
-0.4179
-0.00109
0.59321
-1.95
2.2748
0.7914
-1.953
-1.3182
1.98318
1.73595
NA
-2.38214
-1.14436
-3.4361
3.33
-1.60461
-1.71136
0.0125
-1.257599
-0.2267
-0.46751
-0.817
-1.8949
0.2526
0.88194
1.85899
4.56126
-0.0468
-0.52137
1.49
1.6531
NA
-0.93861
-2.25587
-0.8652
-0.96078
-0.00605
-1.0481
NA
2.00838
-1.50016
1.947
-1.95698
-1.88592
1.55804
-0.41954
2.6452
1.39
-0.1288
-0.5675
0.14986
0.86935
-0.68384
-0.4577
2.6164
1.09725
-1.3541
-1.95896
-0.99062
-0.47987
1.39255
-0.634
0.34004
2.37
1.30112
0.369
-1.1
-0.1906
-1.44441
-0.22856
-0.0454
1.61651
0.96379
1.62974
3.15488
0.93176
-0.37456
-0.849
2.34
0.603
-0.8811
2.74247
1.1816
-0.832
NA
0.0646
-2.1732
-2.62928
-0.543
NA
0.169
1.1945
-0.20856
0.48179
-0.26197
0.29
1.12389
1.51726
1.18
0.558
-0.0584
0.63736
1.44
NA
0.84134
2.86
-3.17
1.078
0.93744
-2.93
-2.03628
-0.74562
-1.06
-0.2315
0.82735
1.74094
NA
-2.22613
0.443
-2.15822
-0.301
-7.6202
NA
NA
-1.09
0.0522
-3.1357
0.34761
0.31644
0.16059
-0.5995
1.65558
2.08
3.32
-1.37
-2.45832
-2.28
1.4913
0.88215
-0.84499
0.56447
-0.75454
-0.249
1.01412
0.99377
-1.97502
-0.9672
0.51242
0.2572
2.24
-1.27403
1.325553
1.39436
0.16654
3.41241
0.2556
-0.2214
NA
-1.72
0.2783
2.1078
0.3641
1.6
-0.75137
1.17644
2.21282
-2.0507
-1.2859
0.339
0.4131
-2.39
-1.78177
-2.8219
-0.537
NA
0.30442
-0.13168
-1.64
1.99294
1.18365
NA
-1.15
3.54663
1.5866
1.0723
-1.47
-0.1763
-1.3
-1.19
-0.31
0.22337
-1.15
-3.97
-2.24
-1.264
-0.358
0.137
-1.18728
NA
-0.993
-0.628
-0.3305
1.60735
0.624
-0.8713
1.6
-1.76057
0.491
-0.355
-0.84933
-0.11409
0.52362
1.4877
1.4326
-1.04
2.76
-0.416
-2.15096
-4.78
0.7871
NA
2.26101
-1.1061
0.49488
0.274
19.91806
-1.47
1.74067
-1.3998
1.1172
1.9129
0.30111
2.3
6.03884
0.16
-0.193
2.1875
1.30015
1.53
NA
0.14205
-1.35596
1.88848
-2.85362
-2.37006
NA
-1.55047
-0.1136
-0.85198
2.38143
2.7937
0.37187
18.2
0.35968
-1.50542
0.9101
1.0962
-0.775
-2.31
0.09541
-0.31389
0.223
-1.52355
-0.5386
1.4765
2.1479
0.45017
0.96912
0.79855
-1.74
-1.21091
-4.02
-4.85
-2.674767
1.4472
NA
-2.26866
2.57369
-1.73587
-0.582
NA
0.489
-0.401
1.65
0.91413
-0.75866
2.06914
0.67982
0.1232
-0.837
2.45
0.70507
-3.17819
1.8342
-1.2752
0.99294
8.46251
1.94555
-1.6925
1.6607
0.40806
2.1527
-0.873
0.49213
-3.99048
0.75701
-1.2543
2.44947
-0.11398
0.02822
-1.33
1.22318
-0.309
0.28817
-0.23536
-3.2708
0.8463
-0.946
1.21
0.8201
-2.1067
1.5
0.02664
1.43442
NA
3.324
-0.063
1.6352
-0.15665
-0.0162
1.51
3.5317
-5.2345
0.74344
-0.86543
-0.79133
1.10921
-1.01072
-1.29832
0.393
0.5669
-2.88857
0.40392
-17.3
-0.2198
-4.4
-2.14
-1.3923
-0.2557
24
-1.31826
-0.0683
0.99854
0.0887
-0.175
0.3405
0.1183
1.87147
3.48
-1.80286
7.17029
-0.664
-1.99
-1.32
4.0213
-0.162
1.11
-2.80479
-1.30695
3.22183
2.6
1.53788
0.782
-2.24294
0.32179
-0.29718
-0.41815
-0.25646
-1.46
-0.78077
-1.39
0.549
0.07328
0.02074
3.64287
-1.9869
-0.93986
5.69
0.26834
-9.3
0.121
NA
0.73085
-1.32
-3.29588
-1.33128
-0.74527
1.03663
1.18
1.2994
-1.63925
-0.9719
NA
NA
1.61
5.04
0.63649
-2.6136
-0.36327
0.07893
0.94495
-0.06886
-2.22
-1.4013
0.81925
1.3722
10.2
-0.78717
-1.95438
-0.88373
-2.04
-0.183
0.04238
30.4
0.26321
-0.527
-0.1295
-0.129
3.08
-0.604
-2.03843
-0.09809
0.34688
-0.82616
3.11785
0.955
-1.02
-0.94526
-0.06321
-0.64338
-2.55187
-2.44132
0.1485
-1.48
2.4252
-0.0885
NA
-2.13447
7.53378
-0.23791
-1.82443
-4.60513
1.93595
2.0925
-0.6304
-2.06546
0.702
-3.34218
-1.5932
-9.79216
NA
1.92303
0.92
9.00676
-4.53
0.94226
-0.521
-2.0267
3.01423
-0.1655
NA
-1.52971
0.404
-0.94247
-2.17693
NA
-0.308
-2.043
7.65
1.49
-0.54672
0.51284
-3.2414
-1.02313
-1.45737
-0.351189
3.09942
-1.23
0.24645
-0.198
-0.263
0.67176
0.86605
0.3828
-0.44756
0.723
0.5519
0.692
NA
1.15
3.86715
-0.10186
-1.28
2.0314
0.055
0.74731
0.59076
-0.95
NA
-1.25923
-2.25738
-0.979172
-0.15929
0.25629
0.5478
-0.25221
-1.67509
0.18755
-1.57
1.78603
1.26408
-0.2372
NA
0.52893
-2.5971
-1.2051
2.35816
4.63961
-0.889
-2.72594
3.44291
0.30126
-0.232
-0.3461
4.0067
0.461
-0.57831
10.9
-3.55
-2.1317
11.6601
-1.43
2.28529
2.25384
1.55396
0.4999
-2.67043
-0.235
0.50282
0.78723
-0.165
5.61033
-2.2143
-1.61439
1.886
-0.391
-2.49909
-2.74094
3.693
-1.87185
0.514
0.4432
0.175
1.93725
-0.73244
-0.304
-2.29664
1.63948
0.2808
3.29995
-0.8165
1.06
0.9708
-0.878839
0.2038
-2.0434
1.48
0.02047
-1.29
-2.97141
-0.4722
-0.866
0.23531
-0.29977
0.4229
0.476
-1.3405
-5.74916
-1.0399
-0.86892
8.48
0.924
-0.38575
NA
-0.4995
0.36074
-2.72958
2.36159
-1.77792
1.53
-3.69
-2.38322
NA
0.5486
-4.35977
0.75171
-1.59992
0.895
-0.107
2.01
-9.72218
1.3951
0.1842
6.9886
-0.551
1.59
-1.33179
-1.96
0.9504
-0.97231
1.64
0.4126
-0.75978
3.7836
2.55
1.39545
-1.6876
0.68167
NA
-3.32437
0.84073
1.56
-2.553
-0.81866
1.29887
1.73921
-7.76377
-1.38012
-1.0597
0.32483
1.40569
2.78705
-0.494
1.49567
-2.1685
-0.22169
-0.45165
-0.33691
0.4928
-2.06147
1.03278
-1.96572
NA
-0.04644
0.88137
4.21
-3.61924
3.3524
1.53
0.9287
1.30668
-2.8304
-0.837
1.20064
-1.34
-4.07411
-0.04793
0.06595
-0.0175
2.82997
-1.61368
-3.82414
NA
0.5367
-1.2407
-1.8866
-4.50161
0.35633
1.09689
-4.8776
2.4334
0.0531
3.72568
-0.61736
1.4748
-3.61411
-2.037069
-0.19479
0.48966
-2.2798
NA
NA
0.314
2.6014
0.9138
-1.40702
-2.25639
-0.484
-3.1632
-2.11614
1.5218
-1.05201
0.744
-1.13
1.87496
0.0753
-1.66122
-1.05897
4.22141
1.70278
-0.34234
-0.1718
0.33878
0.6891
1.33853
-2.6861
-0.67578
1.28669
3.46
-0.6405
-0.38626
-0.90081
-0.00172
0.68148
0.52734
-1.43495
-0.26758
-2.70438
-0.27537
-2.34428
-0.51107
-0.0788
-1.7947
NA
2.99
-1.20589
-2.6329
-1.79
-0.01364
-0.20526
0.1508
2.7544
2.31
-0.91633
NA
-0.804
NA
1.15
0.1439
1.8204
NA
0.12761
-0.07527
-0.921698
-1.17889
-0.266
1.25122
0.9293
-1.03192
0.70032
0.3664
2.7614
4.06667
-0.019244
0.75825
-0.00477
-2.87271
-0.0984
2.22342
1.0713
-0.193
5.96517
-1.50494
-0.221
-0.47178
-1.40394
-1.5333
-4.29671
-0.38829
1.858327
1.78
2.32
-0.56166
1.45529
-3.5039
-0.06716
2.36
-0.895
0.08884
NA
-1.0314
1.0899
-0.647
0.5119
-2.30072
-0.505
-2.787964
-0.349
1.13359
-0.712179
-0.25414
1.34458
0.74454
7.2029
6.25
-4.23056
1.07649
-0.131
3.21348
-0.24401
4.11474
-0.1654
0.89477
-3.0683
0.24554
0.1453
0.873
-0.10757
0.9172
1.14
-1.2
-0.48752
0.174
-0.32512
0.30104
-2.28
-0.84547
1.45
0.4617
-0.36289
-0.272
-0.6853
0.01278
0.093
3.01
-0.5345
0.88596
-0.903
1.68536
0.88961
-1.11
-0.83503
-0.3409
-0.3988
-1.20494
0.3857
-1.9188
-1.31
NA
0.98362
2.0165
-3.75566
-1.73
0.20529
0.664
-0.7755
0.255
0.05606
-1.79
-2.5443
0.960282
1.42889
0.79287
-4.4408
-1.1
-0.818
NA
-1.46273
0.06029
3.0052
2.30194
-0.183
0.00359
-1.92
1.06056
-1.75181
0.0823
-1.81389
1.20776
-0.73451
0.83062
-0.492
-0.947
-0.84141
-0.3298
0.171
-0.87297
-8.34
1.88817
-5.46011
3.77
0.88042
-0.064
2.34974
-0.707
-1.51
-0.67216
NA
NA
1.0639
-0.395
2.2812
1.47
0.33463
2.17
-1.4
0.94436
0.4714
-0.614
0.28885
-0.029423
0.36176
-1.62
0.5797
-0.1203
2.621924
-2.3845
-3.3281
1.06
2.19921
-1.42445
5.41834
2.685072
3.98131
-6.28
-0.83572
0.57667
0.969156
-1.30795
-2.18771
1.59631
0.53145
0.1167
0.60736
0.91596
1.43
-0.0287
0.246757
-0.572
-1.268385
-0.7604
0.77
0.05297
-2.0595
0.86278
0.9079
2.1096
1.9547
0.7232
0.1025
-1.1552
-0.5588
1.37685
2.51032
1.28364
-0.9778
1.345
-0.10084
-1.357
4.3012
0.0643
1.15097
-0.222
1.96
-2.810966
0.8205
-0.726
2.88
-0.05406
1.00911
0.0944
1.02977
-2.86625
0.17687
1.217
1.65
2
-0.0136
1.264791
1.999628
-3.190859
0.127
-0.556977
0.7403
0.108
-6.06685
NA
1.99
1.29
-0.760824
1.810315
-0.784575
0.221
-1.99293
-1.57929
-2.46839
-6.28
0.798
1.33
2.64
-0.134
-0.213456
0.629
2.01
-1.91826
0.481654
0.49466
-1.93202
0.177
2.28
-0.58827
1.31929
-0.51397
0.301
2.859106
-0.585
-1.69
-0.837
0.6812
0.0704
-1.388905
-0.83821
0.317
-1.91
1.44
5.25016
0.8376
-0.933
0.51
0.336
0.288
-4.091787
-0.054198
-2.575596
1.922112
-2.6
0.503641
-0.448279
0.297
0.56662
-0.345
0.327706
1.16
-0.688715
-1.79
-0.621
-0.542197
0.204234
1.413777
1.184406
-0.542
1.671973
3.183208
-1.724797
2.456594
-0.623001
1.571652
-0.09192
-0.882
-0.207
0.223496
0.67001
1.08
0.0876
3.038
3.36719
-1.3
-0.822438
0.2229
-0.95
-0.122
0.588155
-1.53
-0.18092
4.17
1.58518
-4.16
-0.526457
-3.56585
0.25287
0.0978
0.459
-0.6208
-1.30655
1.01443
-1.1578
0.0409
-1.88422
2.905708
-0.0637
1.14304
1.21894
-0.4283
-0.22178
-1.544
1.366169
-0.445223
-3.38235
-1.653256
0.468798
0.622082
-0.895
-2.27975
0.897
-0.124
0.858
-2.47992
0.06191
0.602
-2.3756
-2.1849
NA
-0.31863
0.82
2
1.379905
1.1045
-1.9529
-0.916
-2.221939
1.340665
2.73
1.196432
-1.216635
-0.365
0.29127
0.344
1.34381
-1.524936
0.913
3.78
0.6418
-0.772
6.8561
-3.7995
0.257351
1.51
-0.427726
-1.53329
6.263903
-1.12
-0.1671
0.4689
-2.3033
1.87152
-0.5034
0.8563
-1.5179
0.104824
-2.8643
4.4142
2.64
-2.186325
1.35
-0.8026
-0.781779
0.390455
0.554539
0.0532
-3.42097
-0.6
1.81
0.503
0.117132
1.334043
-1.630402
1.011208
0.8823
-1.59
1.134
0.92
0.2589
3.35376
1.0276
-0.5243
1.05
0.6387
3.4446
-0.71837
1.6426
-1.5554
1.4639
1.16858
0.5348
1.46145
1.2712
-0.5
0.7023
1.7505
-1.52456
-1.16
1.66176
-1.03
0.431
-0.0912
0.1428
2.0228
1.1427
1.006
-0.0943
-0.7733
1.8646
0.6272
-0.4022
1.81756
-1.1546
2.50515
NA
-1.86733
-0.349
-1.5958
0.4958
-0.4755
-1.25383
0.6735
-0.1803
-0.93
-0.3824
1.08
-0.209
0.413
-1.3503
-0.9534
-4.037
2.0809
0.2768
2.5219
-2.9
-3.2576
-3.6079
0.9651
0.5579
-3.1166
1.6263
-0.8353
0.678
0.915
2.0062
2.8639
2.1695
5.4551
0.2266
-1.8232
-1.2877
-2.4598
0.576
0.9856
1.1044
-2.66358
3.41359
6.74626
-4.07385
0.67226
-0.9642
-1.13921
0.5956
-12.3833
-1.0782
0.7211
0.246031
-0.1681
-1.2714
1.80277
0.58258
-2.5709
0.06702
10.2783
-3.1191
0.11193
-1.49144
-0.00526
-0.70978
0.0298
0.34215
-3.10711
0.142
1.17561
3.9941
6.39135
-1.2657
1.89685
0.8131
-1.34682
1.95275
9.55999
0.6634
0.65678
1.31893
0.51805
-2.20994
7.81055
-0.2424
-1.5583
-0.0233
-0.02211
-0.98043
2.71275
1.02975
0.07672
0.1922
-0.6549
1.0045
-2.71509
1.6646
-0.40613
1.87931
0.85759
-3.24523
0.0821
3.13023
-0.987
-2.65772
0.3462
6.08467
0.2108
1.36013
-0.42232
0.8783
-0.633
-0.98613
1.888
-1.65297
0.65131
-2.45661
-0.15645
0.9622
-1.40006
-2.0988
-0.1498
0.29489
-1.82586
-0.33385
0.00434
-0.6861
-0.93596
-1.7211
1.5158
2.69651
-0.7639
-0.4062
6.45265
-3.41199
-1.286744
-1.2786
0.80973
0.192
1.57135
3.65538
0.50472
-0.18591
-0.11774
1.05051
0.148
-1.27216
-1.0081
1.97423
0.6038
-1.32625
-0.8936
1.07923
-1.23979
1.49674
1.73792
-0.96111
1.83088
2.20294
-0.60885
-1.14774
-0.53664
0.264
-1.49421
7.02942
4.46915
-0.8709
-2.87
0.824
-0.22867
2.17468
-1.8417
1.11525
-0.6252
-0.74232
0.551
0.5505
-1.79826
1.66552
-1.72932
-0.95817
1.28933
-0.34221
0.76818
-3.35584
0.57795
-0.05181
-2.51526
0.68114
-1.16969
-0.06266
-5.43254
-1.45769
-0.04406
-0.10583
-3.51699
0.4783
0.32462
-4.00481
0.17751
-0.8437
-2.0613
3.87892
-0.84758
0.38918
0.85973
0.26859
-0.93988
0.03633
-0.73343
3.92
-1.02728
0.1437
-1.43
0.17398
2.42428
-1.0413
0.5459
0.49049
0.22916
-2.8869
1.84071
-1.30209
0.84064
3.03334
-16.24051
0.1084
-2.76041
-2.161
-1.52194
-0.6786
0.616
-0.82193
4.77275
4.01467
4.45192
0.276
2.5727
0.5332
0.19155
-1.35674
-3.31305
-0.42289
-1.3627
0.78363
2.81696
0.85927
1.12494
-0.2416
-0.83221
-1.0755
-0.56515
1.38284
-2.49147
0.2088
-0.1925
0.3963
1.59187
-0.3253
-1.76145
-0.20777
-1.63385
-5.97793
-5.3075
0.40323
-2.3123
1.9222
0.23272
-1.13193
0.47651
-0.40415
-0.9564
0.99969
-0.6372
0.4912
1.61219
-1.99866
1.04626
-0.74418
0.92054
2.59052
-0.56772
-0.5955
1.77059
-0.70632
-2.36285
-1.9089
-0.8696
4.04153
0.4267
0.0666
1.8771
1.31754
0.909
0.9322
-2.29294
1.0748
0.5516
-0.113
1.00402
1.3758
0.8771
-2.9043
1.2188
-0.9396
-1.0663
-0.9823
-3.7718
-0.6989
0.7574
2.3585
-3.5191
3.159
0.0303
2.6816
-3.0294
0.7822
-0.6983
-0.7461
-0.2567
1.1948
-3.84086
0.8182
2.2187
-0.5668
0.7318
0.808
-0.6706
-0.2055
2.437
-4.384
-3.1892
1.9187
0.1931
-0.8905
3.7301
-3.4222
1.0016
-4.3704
1.5234
-0.4347
1.4761
0.6041
0.08184
0.9363
0.878
0.5706
-2.0076
-0.674
-2.6338
-4.1091
0.2462
1.3166
1.2836
-0.1192
-1.7215
3.5795
-1.2875
-2.05307
1.3438
-3.1572
2.74
-1.3849
-1.1184
1.0455
-2.6135
0.856
-0.12391
-3.2878
0.6125
-1.45661
0.7816
0.7353
-0.0383
0.3813
-0.5034
1.72
-2.0558
1.11781
1.15818
-1.13054
4.43773
-4.2625
-10.2586
0.264726
-1.8265
-0.7701
1.7954
-3.0657
-2.1471
1.7371
3.47726
2.0177
-2.8051
6.9125
-0.6632
-0.2905
0.6189
1.1115
3.0293
-3.38594
-1.20829
2.37
-5.27845
2.34514
-2.867988
2.2771
0.61877
6.306
-1.7494
0.8163
1.70777
-0.0321
-3.2333
2.8251
-0.5126
0.5583
-0.52666
0.197
-0.104
-0.1075
-2.0315
-0.94214
2.2793
-0.110478
1.567
6.73253
0.1294
0.6012
-0.9299
1.9197
1.6405
0.6559
0.67777
1.9067
-1.1009
0.1082
-1.1514
-4.3514
0.553
-1.32302
3.1276
0.06165
0.3584
4.04606
-1.354812
0.0364
-2.1118
-0.8222
-0.43384
0.34004
-0.5322
0.36474
-0.8444
2.7775
2.7197
-0.0846
-1.1076
3.77259
0.357
1.3402
0.56337
0.0158
-1.196248
1.45837
-0.3862
1.1297
-9.08901
-2.19175
1.84
-1.13148
0.80965
-0.19
-1.167
-0.36269
0.39296
1.6586
-2.19
-0.2576
-0.5911
0.578
0.90839
10.5456
1.8273
2.2223
1.4289
-0.24308
-0.5921
-0.178
-0.68179
0.2959
0.76539
-1.8577
1.4262
5.75784
0.4318
-3
0.09793
1.34015
-0.5434
2.1755
-5.8842
0.4477
1.0834
-0.0622
-1.08142
0.0954
-1.38
0.55976
-7.45246
-1.40336
-2.65
-3.67948
-0.61783
-2.1702
-0.9476
-0.344
6.7667
-1.48
4.0317
0.6219
1.08
0.4158
1.4648
-2.74981
-0.297262
-0.2037
-0.866
-1.4604
1.5991
1.22079
-11.95864
NA
-0.327
4.1423
-1.9815
-2.14811
1.1245
0.3888
1.8411
-0.0633
-0.5348
0.5645
1.23157
-0.0777
-3.1046
1.62649
-5.5304
-1.34215
3.5404
-0.3328
-0.7758
0.0785
-1.38805
-2.1447
2.2663
-1.5991
1.8517
-0.03096
-2.19611
-0.1214
0.01071
1.28138
1.6025
1.61565
-3.74077
-0.27373
0.80832
0.1612
-0.41896
-0.81792
-2.6119
-2.14488
-1.8649
-11.93046
1.4757
-11.97313
-0.26237
0.11795
-0.00639
2.24289
0.0626
-1.70067
-0.98891
1.8413
0.39477
-1.6014
1.29504
-4.31641
-0.59232
-1.4777
-1.1969
0.3685
-2.2014
1.06991
-0.82352
18.5306
-0.20163
1.7461
-0.32587
2.001359
-0.9552
0.83963
-3.69746
-1.84
-1.40889
-9.4765
1.6405
-7.09025
-3.5515
-1.22029
3.40233
-2.44335
0.3581
0.93
0.9033
1.1483
-1.93002
1.6279
-0.31007
1.61138
1.88348
0.1468
1.2246
-0.758
-0.4545
-3.38839
-2.7134
-0.2904
-1.8541
0.5732
-1.52563
0.586
-1.15781
3.05819
-0.77216
0.1002
-0.1206
-0.29258
-4.68507
-3.7522
3.13659
1.7535
2.03305
1.93705
-3.77857
2.4777
-1.9014
-1.48212
0.7207
-1.099
-1.5175
-1.7159
-0.18689
-0.03976
-1.94639
-0.89227
-0.1384
-1.5628
1.0236
-0.4401
-0.5059
-2.5123
-0.70395
-0.3604
-1.64945
-3.2384
-4.55472
-0.2484
1.4947
0.76887
2.6108
-8.43581
-2.39737
0.82293
0.08035
2.0725
2.63273
-1.15931
-1.89953
3.36973
0.19171
1.81586
-1.18291
-3.62911
2.75
1.7023
-1.661
-0.13625
-2.75598
0.1957
0.64233
-0.15422
0.5984
-0.92508
1.3779
1.0939
-0.39852
0.743
0.95854
2.61342
0.60082
0.3869
2.2472
-4.1626
0.2881
-0.05742
0.52355
0.2124
-1.33702
2.93067
2.5391
0.14471
0.43669
-0.34444
-2.89048
4.98858
1.93832
-0.1769
1.2744
-1.28352
-1.12374
-1.25507
1.07307
-4.15041
3.03694
0.1129
-0.2073
1.344
-1.80776
0.85705
NA
-0.43132
0.56107
0.3164
1.56
0.34325
-0.3093
-2.93776
4.0282
0.7227
-0.64484
-0.4582
1.05048
-0.7197
-1.20879
-1.19367
2.7204
0.57926
-0.8513
0.55561
-0.6261
-5.1891
0.48579
-0.60474
0.8911
3.3569
0.6145
0.9661
0.11001
0.53245
-2.01576
-0.50096
0.81292
-1.07921
-0.29523
1.448
0.60537
4.62296
0.8004
1.0471
7.04492
0.53716
-2.45443
1.55971
-1.7677
-3.5108
2.65005
0.6467
0.2293
-1.181
-1.3169
-2.6861
-1.74403
-0.4277
-1.2923
-1.42377
-0.8475
0.45866
-1.61316
2.31948
0.2639
-0.21672
-1.9861
-0.43064
0.1529
4.84714
-0.117
0.54723
0.96324
-0.7972
0.5697
1.36408
1.88412
-0.80356
2.04903
0.4849
1.41592
-1.9363
2.547
-0.08185
0.5091
0.57402
-0.81386
4.83426
1.28845
0.00636
2.04501
-0.957
-0.4769
-0.9259
2.79029
-1.2586
2.01714
-0.39868
2.3383
1.26206
0.13869
-1.21682
-0.434
-0.92223
-0.84829
2.7162
0.7895
1.8761
-2.4528
-0.994
-2.08012
1.08351
1.97396
0.16745
0.76907
-3.22
5.20136
2.10765
-0.7291
3.81483
0.43745
0.19539
0.336424
0.06584
-0.6746
1.10682
-0.79752
-0.40681
-0.02024
0.4597
-2.08627
-1.81733
-0.41988
1.23662
-1.346406
-0.70785
-0.5857
0.0368
-3.1592
0.4813
0.17711
-5.353011
-1.6928
-5.4062
3.56474
-2.97
-2.7136
-0.8216
-59.65498
1.216
-1.2739
-0.9546
-0.000952
-3.73483
-2.47749
-0.6972
1.1932
-1.18751
1.377
1.88478
-0.19376
-1.20511
1.879
1.32383
-3.4294
0.6756
-2.53618
-0.341
2.636896
0.542
-1.93367
-1.38138
-1.47766
-1.13048
-1.63289
-1.198874
0.21088
1.111292
1.15
-3.367
5.98951
0.19845
0.8428
-1.59443
-1.33
-2.4623
1.28529
1.93277
1.86833
0.6118
0.01774
0.483
-0.2206
NA
1.10804
1.25893
0.32457
-0.0262
-2.13394
0.1208
0.123
-0.8229
-2.447959
-1.95341
-0.72821
-0.5209
1.0408
1.89186
3.13306
-4.45905
0.10634
0.73715
0.18123
-3.40919
0.474
3.16
2.884
-2.56866
0.624
0.0443
-1.42692
0.61197
0.24913
0.2542
0.2247
-0.546
-5.49
-0.52989
-1.05
-2.23402
0.44958
-1.80047
-1.0525
1.77495
-0.1741
0.224
0.656
-0.44116
-0.4429
1.67
-1.69716
-0.0234
2.642468
-0.4802
-0.74355
0.339
3.16974
1.72
-0.24443
-0.63694
0.42801
3.87
-0.5961
-1.6653
-2.8104
0.5483
-6.40933
0.9872
-2.38375
-0.93463
NA
2.82614
-1.3544
0.16511
-2.53
0.48362
1.47
1.53022
-2.020707
0.539
-0.96117
2.99639
-2.7048
0.13
-2.4
-0.56303
6.97
0.0835
-0.6725
1.21592
2.92128
-0.1392
1.3567
-0.55416
-0.639
-0.90036
-0.69861
-5.79504
NA
0.5176
0.673
1.52926
-0.68032
-0.403
-0.0487
-1.37
-0.7112
-2.1
1.04
-0.1829
0.5402
0.453
-0.938
2.48
-1.17152
1.22
0.2497
-1.8751
1.4273
-0.4728
-1.09
-2.77423
4.11
-1.6321
-0.546
1.25445
4.46
-0.92176
NA
NA
-0.1452
1.3605
-0.4973
0.165
-0.89
0.3706
1.22323
-0.7184
0.421
NA
0.5854
-1.15474
0.429
-2.8012
0.00662
NA
-1.07236
-0.19918
-2.43
-1.95717
-3.33902
2.03
0.3052
1.1128
0.2422
0.7692
-0.7458
-1.7272
0.321
9.85603
-0.06746
0.68053
5.70238
-0.4304
-5.58
NA
-1.00002
-2.34433
2.062
0.5503
-0.50249
1.36228
NA
0.6378
-1.40929
-0.46751
0.809
0.32555
-1.53
-1.57658
2.96
-1.39
2.2667
-0.45764
-0.51836
-1.356475
1.69
-0.72
-0.20521
-1.3899
1.6497
0.61065
2.2757
-1.507319
1.02
-0.16368
0.06574
1.96
1.06148
0.06065
4
-0.66352
3
1.43
-0.35242
-3.49
-1.04126
0.36589
2.56923
-2.55
-0.900913
0.9042
0.24316
-1.5836
1.1763
1.08
-0.479
NA
-2.7515
2.40161
-1.33489
-1.60898
5.4901
1.550384
1.2013
0.22819
-1.017171
1.6064
0.326
-0.778
2.17
0.295
-2.03761
-0.7936
-3.22626
1.6921
0.59402
0.559
-0.073
-0.735
0.0536
-3.24114
0.5434
-1.06848
0.00808
0.531
-0.826935
1.70881
1.78
4.24615
0.542
1.08213
-1.68378
0.8148
-1.68
-0.5106
-0.908
-0.254
1.05176
-3.96
1.36652
5.51
-0.645114
-2.30389
2.41434
0.669
0.72642
-2.35244
-1.51
-0.4691
0.000302
1.3505
-6.45702
-1.285
-2.379904
1.40541
0.23362
-1.34658
3
2.43188
-2.94
-1.04605
0.446
1.94
3.93
0.951423
0.02877
-2.45
-3.94393
-0.195
4.22
2.08484
-1.05852
0.217
NA
0.69
-0.3208
-2.3442
0.737
-4.68346
0.880664
0.7475
-1.53957
-0.68062
-3.71008
0.503457
1.1228
-0.11
-0.232971
2.2
2.07
-1.0847
-1.83782
0.8025
-2.75718
1.46933
5.82967
-1.31525
-0.92876
3.37231
0.76586
5.5189
0.2529
0.2796
0.171
0.124
-1.78154
0.11717
1.2119
1.75308
-1.86183
-0.2202
-2.5341
0.0195
0.6207
-0.14
0.6854
0.21297
0.6632
-0.17661
0.44297
2.8874
0.6517
-0.85983
1.3322
1.3738
-0.6322
-0.98131
12.8
5.47322
-0.7445
0.6055
4.1925
0.701
-0.42687
-1.2432
-0.3002
-0.02235
-0.57847
0.9042
-0.7318
0.0466
-0.413
1.14546
-1.06273
-3.5071
-2.94656
0.1942
-4.6372
NA
-1.4825
-4.06488
-0.6418
-1.24445
-1.11928
0.32853
0.1068
-0.4406
-0.3753
-0.7621
0.96827
-1.89405
-0.8593
4.1327
0.93891
-0.9187
-0.9765
-1.6344
-1.73781
2.1049
-0.38008
6.56484
2.9249
2.7093
-0.5578
-0.6261
-1.36657
1.29942
0.24606
-3.15414
-1.43405
1.552754
1.22665
-0.366
1.1446
-0.12452
-1.0309
1.66261
1.53054
-1.6278
0.2406
-0.60919
-2.31673
0.8931
NA
0.39115
0.91277
1.03189
-0.90351
0.351
2.23297
-1.11911
0.231
2.20016
0.1144
0.40982
-2.7454
1.87184
2.51807
-3.0103
1.1025
-1.72822
0.2251
-2.57978
1.14661
-1.0235
-2.03
0.7655
1.08263
0.62654
0.0353
0.15
3.09
-0.41773
1.02
1.38087
1.10935
1.1692
1.7593
-0.8169
-0.3278
11.725
-2.5959
-1.30172
0.496
0.46749
-0.23491
2.28272
-0.8434
0.57641
-2.12355
-1.30066
1.2568
0.728
0.62915
0.7658
1.54
1.62375
1.462
-1.03483
1.49209
0.10972
-1.46816
0.96398
-0.31683
2.56169
1.38682
1.44742
-1.9591
0.39657
NA
2.25627
-0.57084
-1.78382
1.70363
0.53562
6.996
2.774
0.9748
-3.2609
-0.27982
-1.8998
-0.51984
0.3374
-0.628
0.8985
-2.12818
-0.7459
0.49366
-1.29219
-0.57521
-3.5006
0.3393
-1.57309
-0.78096
0.6909
-0.63671
0.452
-0.59475
-0.56284
-2.08
-0.1426
1.3978
3.78709
0.5458
1.6433
0.29619
0.03461
2.07549
5.9356
-4.437
0.51189
-0.68952
-1.27534
0.21324
4.80327
-1.77403
1.5411
1.9941
0.98752
6.72223
0.65512
0.894
0.8854
-2.14689
1.10218
-0.17377
-6.2221
0.90075
-0.8366
-1.8837
-3.90718
2.1073
0.1078
-1.56882
-0.60232
6.86681
0.94528
-0.6426
1.5405
-0.12915
0.03786
-7.38869
-1.02246
0.8617
-0.86185
1.17815
-0.0616
-1.3179
-6.2585
-0.3684
1.15
1.71
3.3718
-1.03
-1.36822
-1.3242
-0.04031
2.359
2.73395
0.3394
-0.46372
-1.377
1.23176
-1.36
-0.6989
2.43255
-2.06541
-0.403
-0.523
-0.8775
-0.426
1.1044
-4.6996
1.9324
-0.28267
1.2383
-1.24512
2.12922
-0.43508
0.9325
1.1614
-2.90372
1.68907
-0.30912
0.608
-2.17163
1.27326
-0.40353
1.87031
0.5498
-1.11
-2.674
1.00194
-0.656
2.1371
1.82118
0.533
1.29503
-0.2349
-0.1026
-0.75364
-0.38088
-0.9209
0.7504
0.0774
-0.7171
0.29297
-0.0642
-0.58214
-0.8539
1.64239
0.8437
0.597
0.24185
1.84632
1.225092
-0.7648
0.80048
-0.375
0.6017
-2.1503
0.226
0.57564
-0.55419
0.25132
-1.0105
1.228
0.1908
-0.12481
-0.7277
-0.482
0.139
-0.812
4.10559
1.24318
-0.914
3.5625
-1.26528
-0.7299
-1.10266
-0.75911
2.14035
1.89378
0.3625
-0.63386
-1.8845
1.93513
0.0107
-3.2559
-1.43827
-2.48701
0.5339
0.80449
-0.93897
-0.65479
0.7127
0.58412
-0.25972
-0.896414
-2.56633
-1.2508
0.43417
-10.13116
-0.435
-1.2705
0.08258
-0.58982
1.09781
-0.5944
1.10059
-0.30701
1.95122
-8.49335
2.6
-0.3484
-0.7123
2.47888
-0.60748
1.74
-1.6684
-1.7607
NA
-0.24182
-1.17
3.59014
NA
-0.606299
2.6841
2.54
1.9989
-1.17
-4.118
-1.79
0.57792
1.68537
-1.49553
0.132
1.6743
0.28674
-0.9021
-0.7484
0.1169
-1.79927
2.52
0.90723
-0.201597
0.4805
3.1918
1.54
-0.77147
-0.75
0.52797
-3.27348
-0.5197
-0.55382
0.573
5.37887
2.15697
1.82052
-0.2191
-3.0278
-9.9585
1.6362
-0.984
-0.82363
1.371834
0.54588
-1.23189
-1.9372
-0.74355
-2.67788
-3.09181
-2.07398
-1.82
-3.04384
1.74048
4.3
-2.77
-1.24
-1.83
1.33987
1.14
1.22872
1.200476
1.0625
-4.08221
-0.81457
1.83961
1.753243
2.1169
NA
-1.59221
-0.0282
2.21015
-1.50468
-1.81
-1.1864
1.2567
-0.35001
4.3862
-0.69946
-1.34888
-0.10737
-1.7484
0.45856
-1.8265
-0.57646
-0.891
0.955
0.10336
-0.59944
NA
-1.2432
0.18475
2.5478
-2.32
0.0115
-1.11
1.2036
1.4047
-1.56482
0.662
-3.13297
NA
-0.81636
2.22
0.4044
0.598
0.7807
-0.95
-0.0748
0.297
0.87507
1.01215
1.4308
1.53907
2.3678
-0.3649
-2.1753
-1.11
-0.5118
1.47392
1.00236
2.4941
0.626
